#Nodes with GAIN events with expectation above 0.5
N2: 0.708185
N3: 0.94045
PGA445: 1.46304
Furcep: 1.91211
FGA331: 1.83079
FGA104: 1.07707
FGA174: 1.89076
CGA312: 0.565505
C3125: 1.35123
C3134: 1.42916
C2208: 0.991086
Riebrev: 2.12655
Total number of gain events: 27.5264
#+++++++++++++++++++++++++++++

#Nodes with LOSS events with expectation above 0.5
PGA445: 0.583444
N13: 0.794888
N14: 0.53496
Rhaspe: 2.21721
Rhamar: 2.12581
Rhatem: 1.26016
FGA379: 1.21452
F3016: 1.06175
F1476: 0.966857
N28: 0.697362
FGA465: 0.929537
N36: 0.586867
FGA489: 1.04405
Calboe: 2.62399
CGA429: 1.70445
N46: 0.578232
C985: 2.34472
CGA382: 1.3501
N49: 1.47085
C404: 1.0803
CGA45: 1.0144
C3121: 0.950992
Chanam: 0.557513
Riebrev: 0.656976
N77: 1.4577
Total number of loss events: 42.1583
#+++++++++++++++++++++++++++++

#Nodes with duplication events with expectation above 0.5
Total number of duplication events: 1.39511e-24
#+++++++++++++++++++++++++++++

#Nodes with demi-duplication events with expectation above 0.5
FGA379: 0.990737
N37: 0.6943
N61: 0.960606
N65: 0.969131
N67: 0.640542
Riebrev: 1.92862
N77: 0.897948
Total number of demi-dulications events: 8.88554
#+++++++++++++++++++++++++++++

#+++++++++++++++++++++++++++++

#Nodes with transitions in base number with expectation above 0.5
Total number of transitions in base number: 0
#+++++++++++++++++++++++++++++

#EVENTS NOT ACCOUNTED FOR IN THE SIMULATIONS: 
NONE
#+++++++++++++++++++++++++++++

#ALL EVENTS EXPECTATIONS PER NODE
NODE	GAIN	LOSS	DUPLICATION	DEMI-DUPLICATION	BASE-NUMBER
N2	0.708185	0.0109115	1.3118e-24	3.13648e-05	0
N3	0.94045	0.062153	1.90495e-30	0.00036611	0
N4	0.0552181	0.0156085	2.59973e-37	1.77137e-05	0
B3088	0.43023	0.399894	0	5.67588e-05	0
N5	0.0479752	0.0266996	9.13115e-37	3.57524e-06	0
BGA709	0.353552	0.344478	0	5.05937e-05	0
BGA309	0.353552	0.344478	0	5.05937e-05	0
N6	0.126133	0.0546402	7.8247e-37	2.47094e-05	0
N7	0.103046	0.0931871	1.40513e-38	7.00653e-07	0
B11696	0.0915765	0.102684	0	1.15053e-07	0
B11609	0.0915765	0.102684	0	1.15053e-07	0
N8	0.0171335	0.0132166	2.78438e-46	7.3444e-07	0
N9	0.00352795	0.00297183	2.11179e-48	1.49279e-08	0
N10	0.0273179	0.0232163	1.49555e-39	3.95298e-09	0
B985	0.125907	0.135731	0	9.09743e-08	0
B199	0.125907	0.135731	0	9.09743e-08	0
N11	0.0515011	0.0481012	5.7065e-40	4.6107e-09	0
BGA89	0.0872609	0.0963832	0	6.22772e-09	0
BGAA2	0.0872609	0.0963832	0	6.22772e-09	0
N12	0.071925	0.0683416	1.9171e-43	1.86712e-08	0
BGA304	0.075735	0.0844838	0	1.42101e-08	0
BGAB1	0.075735	0.0844838	0	1.42101e-08	0
PGA445	1.46304	0.583444	8.03784e-26	0.0113762	0
N13	0.000154071	0.794888	9.78492e-28	7.45319e-09	0
N14	0.00792079	0.53496	5.79409e-32	3.61169e-10	0
Rhaspe	0.309368	2.21721	0	0.00218502	0
N15	0.00641099	0.0865571	6.2997e-29	3.79445e-07	0
Rhamar	0.298592	2.12581	0	0.00208218	0
Rhatem	0.428306	1.26016	0	0.00282552	0
N16	0.00393405	0.119633	8.88298e-38	1.76391e-08	0
N17	0.0304267	0.297269	5.56614e-40	0.000430473	0
N18	0.0278317	0.0618077	7.49563e-35	6.21793e-06	0
FGA379	0.320226	1.21452	0	0.990737	0
N19	0.0613643	0.0493568	1.5057e-29	9.17655e-06	0
N20	0.0506791	0.054886	9.82944e-31	1.00996e-05	0
N21	0.00312376	0.0571005	1.21708e-34	1.0363e-06	0
F3016	0.0951435	1.06175	0	1.40656e-05	0
N22	0.00464091	0.0132433	5.63038e-37	2.11129e-07	0
N23	0.0166465	0.00689814	9.51115e-37	3.66968e-07	0
N24	0.0040096	0.0518089	2.86153e-43	1.0136e-07	0
N25	0.00218912	0.0142518	5.37019e-44	1.46422e-09	0
F1476	0.0589429	0.966857	0	1.82893e-05	0
N26	0.0124378	0.00916313	1.65652e-37	2.97171e-08	0
Furcep	1.91211	0.145809	0	0.0651522	0
N27	0.00225358	0.0461424	1.03793e-40	2.90158e-08	0
Furpol	0.205364	0.0731184	0	0.000127934	0
N28	0.00630199	0.697362	1.47638e-38	2.61857e-08	0
N29	0.00545993	0.150274	1.47637e-38	2.67086e-08	0
F2241	0.0133531	0.0447203	0	2.67936e-09	0
Furang	0.0133531	0.0447203	0	2.67936e-09	0
Fga490	0.031465	0.207646	0	5.3261e-09	0
N30	0.00689561	0.051642	2.38466e-46	4.60069e-08	0
N31	0.0320557	0.00549269	2.90184e-42	2.79473e-08	0
N32	0.0982919	0.00115868	4.81933e-43	7.42079e-07	0
N33	0.00552118	0.00384987	6.38702e-43	7.27489e-08	0
N34	0.00683664	0.0067621	1.54576e-41	3.43995e-08	0
FGA456	0.0115518	0.0121539	0	2.00974e-08	0
FGA516	0.0115518	0.0121539	0	2.00974e-08	0
F12278	0.028449	0.0289765	0	4.56003e-08	0
N35	0.178441	0.00644927	1.84482e-42	3.34555e-06	0
Furant	0.0134225	0.184421	0	1.6221e-05	0
FGA331	1.83079	0.0020107	0	5.66684e-05	0
FGA465	0.0278179	0.929537	0	2.05098e-08	0
N36	0.00681861	0.586867	1.16226e-39	3.46048e-09	0
FGA99	0.0309239	0.326032	0	2.01872e-08	0
FGA15	0.0309239	0.326032	0	2.01872e-08	0
FGA104	1.07707	0.0648631	0	0.00473102	0
FGA489	0.0860476	1.04405	0	1.37683e-05	0
FGA174	1.89076	0.194448	0	0.0546783	0
FurbGB	0.297072	0.326061	0	0.00104965	0
N37	0.00441873	0.0185866	8.02961e-38	0.6943	0
N38	0.0161171	0.0567719	7.35777e-37	0.237812	0
N39	0.059066	0.470526	3.00431e-35	0.0660745	0
CGA312	0.565505	0.143331	0	0.00116104	0
N40	0.00326364	0.220184	2.93744e-40	0.00101778	0
N41	0.00083753	0.49389	1.58104e-47	3.9428e-05	0
N42	0.00563676	0.00950148	2.30142e-46	2.62937e-06	0
CGA642	0.256495	0.119511	0	2.77242e-06	0
N43	0.00269436	0.025573	5.14557e-42	2.83196e-07	0
CGA236	0.261507	0.101647	0	2.77347e-06	0
N44	0.0036876	0.180537	2.33785e-38	6.62702e-08	0
N45	0.0640195	0.147724	2.43666e-35	4.44438e-08	0
Calboe	0.0450332	2.62399	0	2.70162e-08	0
C3125	1.35123	0.0565454	0	0.020284	0
CGA429	0.0414514	1.70445	0	9.95396e-07	0
N46	0.00179552	0.578232	1.56879e-43	4.06824e-07	0
C985	0.0568586	2.34472	0	7.72975e-07	0
CGA382	0.0622204	1.3501	0	2.66311e-06	0
N47	0.28172	0.0397026	7.58342e-43	6.32638e-05	0
N48	0.00486966	0.0652761	5.23837e-42	6.76886e-07	0
C12265	0.499444	0.0415393	0	4.6174e-06	0
N49	0.00371214	1.47085	1.95962e-41	5.36016e-07	0
C404	0.00537612	1.0803	0	2.20384e-08	0
Cl11778	0.0403517	0.115279	0	2.28671e-08	0
C3134	1.42916	0.0319564	0	5.32854e-05	0
N50	0.219947	0.154849	6.07e-37	0.0668852	0
CGA311	0.0913146	0.147002	0	0.000347841	0
N51	0.0100693	0.0042551	1.35315e-38	0.000280129	0
N52	0.0071727	0.0780655	1.44983e-44	6.47118e-05	0
CGA45	0.023773	1.0144	0	1.34367e-06	0
N53	0.0112991	0.0049453	1.68848e-45	1.0194e-06	0
C3043	0.0437822	0.0407631	0	3.24269e-07	0
CGA364	0.0437822	0.0407631	0	3.24269e-07	0
C2208	0.991086	0.0526103	0	6.60695e-05	0
N54	0.265032	0.293997	5.72816e-33	0.301114	0
N55	0.0198136	0.0350354	9.7992e-37	0.00394931	0
CGA453	0.0333098	0.0202476	0	6.82945e-05	0
N56	0.00395999	0.0424889	2.71984e-44	6.64035e-05	0
CGA501	0.0590292	0.00743808	0	1.88961e-06	0
C3121	0.0025831	0.950992	0	1.88912e-06	0
Calparcri	0.0725803	0.0747414	0	0.0040178	0
N57	0.00437743	0.0160822	2.50754e-40	1.17516e-07	0
N58	0.0321586	0.214944	9.08246e-39	0.00166134	0
N59	0.048971	0.134031	1.40652e-31	0.000100481	0
N60	0.0217685	0.038966	1.71951e-32	5.17802e-06	0
N61	0.0291909	0.036809	9.88253e-34	0.960606	0
Triowe	0.108319	0.116407	0	0.0376338	0
N62	0.00976378	0.0100827	4.13355e-36	0.0267086	0
Trijoh	0.0817786	0.0895416	0	0.0109236	0
Trimel	0.0817786	0.0895416	0	0.0109236	0
N63	0.0940221	0.105408	1.78085e-31	1.08104e-05	0
N64	0.00758107	0.00992465	2.76517e-33	1.09735e-06	0
Trihoe	0.0273017	0.0307282	0	2.73726e-07	0
Tribit	0.0273017	0.0307282	0	2.73726e-07	0
Trijac	0.0560496	0.061833	0	4.68487e-06	0
N65	0.0865429	0.109123	2.74468e-32	0.969131	0
Tricri	0.103533	0.115356	0	0.0290918	0
N66	0.0177455	0.0211427	5.51559e-34	0.0248596	0
Triwie	0.0617031	0.0701239	0	0.00423146	0
Triqua	0.0617031	0.0701239	0	0.00423146	0
N67	0.0357732	0.0643522	7.75622e-30	0.640542	0
N68	0.16388	0.226566	5.80784e-29	0.3342	0
Kinboe	0.111547	0.147938	0	0.0232816	0
Kinfis	0.111547	0.147938	0	0.0232816	0
Kinxen	0.378221	0.477728	0	0.35755	0
N69	0.0175204	0.00865317	4.67199e-39	3.79098e-06	0
N70	0.106337	0.245311	6.26064e-35	4.84134e-05	0
N71	0.130297	0.278445	1.80197e-27	0.000144389	0
N72	0.0220461	0.0411804	1.08697e-31	3.29093e-06	0
N73	0.00523625	0.00606701	8.23917e-36	7.01072e-08	0
Chaafr	0.0307271	0.0330289	0	7.8282e-08	0
Chacha	0.0307271	0.0330289	0	7.8282e-08	0
N74	0.00920534	0.0104351	1.26923e-36	6.80327e-08	0
Chacaly	0.0226044	0.0245073	0	9.42451e-08	0
Chazey	0.0226044	0.0245073	0	9.42451e-08	0
N75	0.0108038	0.0148177	2.88988e-30	1.96766e-06	0
Chadil	0.107188	0.125502	0	1.67131e-05	0
Chasen	0.107188	0.125502	0	1.67131e-05	0
Chanam	0.381293	0.557513	0	0.00153603	0
N76	0.0158118	0.00518776	6.06853e-36	0.0633459	0
Riebrev	2.12655	0.656976	0	1.92862	0
N77	0.400377	1.4577	2.65494e-31	0.897948	0
N78	0.00428583	0.0178173	3.8884e-44	0.000519898	0
N79	0.000396442	0.000919362	1.66011e-50	1.94733e-06	0
Braset	0.0281333	0.0287001	0	1.4414e-07	0
N80	0.00140132	0.00168062	3.52211e-48	1.39736e-07	0
N81	0.0117316	0.0119665	1.31177e-52	4.39876e-09	0
Bramel	0.000935328	0.000987891	0	5.0055e-12	0
Bratha	0.000935328	0.000987891	0	5.0055e-12	0
N82	0.00624102	0.0063514	5.97971e-50	4.3692e-09	0
Bradra	0.00511753	0.00529467	0	3.45362e-11	0
Bratra	0.00511753	0.00529467	0	3.45362e-11	0
N83	0.013215	0.0139851	4.10126e-51	2.08013e-06	0
Bragut	0.00566833	0.00598788	0	1.13734e-08	0
Braven	0.00566833	0.00598788	0	1.13734e-08	0
N84	0.0137643	0.0250317	6.19463e-39	0.000510965	0
Brapum	0.0163504	0.0196843	0	1.10348e-05	0
Bradam	0.0163504	0.0196843	0	1.10348e-05	0
#+++++++++++++++++++++++++++++

#Expected number of events from root to leaf
LEAF	GAIN	LOSS	DUPLICATION	DEMI-DUPLICATION	BASE-NUMBER
B3088	2.13408	0.488567	1.31181e-24	0.000471947	0
BGA709	2.10538	0.459851	1.31181e-24	0.000469358	0
BGA309	2.10538	0.459851	1.31181e-24	0.000469358	0
B11696	1.96939	0.323576	1.31181e-24	0.000423	0
B11609	1.96939	0.323576	1.31181e-24	0.000423	0
B985	1.94865	0.302841	1.31181e-24	0.000423029	0
B199	1.94865	0.302841	1.31181e-24	0.000423029	0
BGA89	1.93419	0.288377	1.31181e-24	0.000422945	0
BGAA2	1.93419	0.288377	1.31181e-24	0.000422945	0
BGA304	1.93956	0.293747	1.31181e-24	0.000422952	0
BGAB1	1.93956	0.293747	1.31181e-24	0.000422952	0
PGA445	2.17122	0.594355	1.39218e-24	0.0114076	0
Rhaspe	0.317443	3.54706	9.7855e-28	0.00218502	0
Rhamar	0.313078	3.54222	1.04155e-27	0.00208256	0
Rhatem	0.442792	2.67657	1.04155e-27	0.00282591	0
FGA379	0.382573	2.48812	9.78492e-28	0.991174	0
F3016	0.272657	2.49669	9.94532e-28	0.000471094	0
F1476	0.263943	2.488	9.94532e-28	0.000475999	0
Furcep	2.12955	1.67612	9.94532e-28	0.0656099	0
Furpol	0.425055	1.64957	9.94532e-28	0.000585702	0
F2241	0.244806	2.4688	9.94532e-28	0.000457824	0
Furang	0.244806	2.4688	9.94532e-28	0.000457824	0
Fga490	0.257458	2.48146	9.94532e-28	0.0004578	0
FGA456	0.363964	1.58795	9.94532e-28	0.000458651	0
FGA516	0.363964	1.58795	9.94532e-28	0.000458651	0
F12278	0.374024	1.59801	9.94532e-28	0.000458642	0
Furant	0.531917	1.75605	9.94532e-28	0.000478091	0
FGA331	2.34929	1.57364	9.94532e-28	0.000518538	0
FGA465	0.26958	2.49356	9.94532e-28	0.000457802	0
FGA99	0.247449	2.47143	9.94532e-28	0.000457778	0
FGA15	0.247449	2.47143	9.94532e-28	0.000457778	0
FGA104	1.27587	1.51995	9.94532e-28	0.00518863	0
FGA489	0.268202	2.49224	9.94532e-28	0.000471008	0
FGA174	2.06515	1.57229	9.94532e-28	0.0551343	0
FurbGB	0.420783	1.64902	9.93549e-28	0.00149555	0
CGA312	0.679621	1.90101	9.78492e-28	0.999777	0
CGA642	0.380349	2.60076	9.78492e-28	0.999679	0
CGA236	0.388056	2.60847	9.78492e-28	0.999679	0
Calboe	0.239289	5.45907	9.78492e-28	0.999677	0
C3125	1.54548	2.89163	9.78492e-28	1.01996	0
CGA429	0.171688	4.39181	9.78492e-28	0.999677	0
C985	0.176872	5.3947	9.78492e-28	0.999675	0
CGA382	0.182234	4.40008	9.78492e-28	0.999677	0
C12265	0.903414	2.12438	9.78492e-28	0.999703	0
C404	0.413058	4.63399	9.78492e-28	0.999699	0
Cl11778	0.448033	3.66896	9.78492e-28	0.999699	0
C3134	1.82826	2.04952	9.78492e-28	0.999751	0
CGA311	0.366312	1.589	9.78492e-28	0.999775	0
CGA45	0.316012	2.53872	9.78492e-28	0.999773	0
C3043	0.347321	1.57003	9.78492e-28	0.999773	0
CGA364	0.347321	1.57003	9.78492e-28	0.999773	0
C2208	1.27615	1.49886	9.78492e-28	0.999773	0
CGA453	0.357089	1.57966	9.78497e-28	0.999861	0
CGA501	0.386768	1.60934	9.78497e-28	0.999861	0
C3121	0.330322	2.55289	9.78497e-28	0.999861	0
Calparcri	0.376546	1.59911	9.78497e-28	0.999862	0
Triowe	0.248874	1.47176	9.7865e-28	1.00001	0
Trijoh	0.232097	1.45498	9.7865e-28	1.00001	0
Trimel	0.232097	1.45498	9.7865e-28	1.00001	0
Trihoe	0.240268	1.46461	9.7883e-28	0.00177932	0
Tribit	0.240268	1.46461	9.7883e-28	0.00177932	0
Trijac	0.261435	1.48579	9.78828e-28	0.00178264	0
Tricri	0.279671	1.50406	9.7866e-28	0.999985	0
Triwie	0.255587	1.47997	9.7866e-28	0.999984	0
Triqua	0.255587	1.47997	9.7866e-28	0.999984	0
Kinboe	0.351824	1.5844	1.04433e-27	0.999685	0
Kinfis	0.351824	1.5844	1.04433e-27	0.999685	0
Kinxen	0.454618	1.68763	9.86248e-28	0.999753	0
Chaafr	0.320629	1.54329	2.78058e-27	0.000200175	0
Chacha	0.320629	1.54329	2.78058e-27	0.000200175	0
Chacaly	0.316475	1.53914	2.78058e-27	0.000200189	0
Chazey	0.316475	1.53914	2.78058e-27	0.000200189	0
Chadil	0.380611	1.60333	2.78336e-27	0.000215417	0
Chasen	0.380611	1.60333	2.78336e-27	0.000215417	0
Chanam	0.513615	1.74208	9.78492e-28	0.00158838	0
Riebrev	2.16835	1.60142	9.78492e-28	1.99197	0
Braset	0.47499	2.44958	9.78757e-28	0.96182	0
Bramel	0.460925	2.43551	9.78757e-28	0.96182	0
Bratha	0.460925	2.43551	9.78757e-28	0.96182	0
Bradra	0.459617	2.4342	9.78757e-28	0.96182	0
Bratra	0.459617	2.4342	9.78757e-28	0.96182	0
Bragut	0.465344	2.43993	9.78757e-28	0.96182	0
Braven	0.465344	2.43993	9.78757e-28	0.96182	0
Brapum	0.472289	2.44686	9.78757e-28	0.96182	0
Bradam	0.472289	2.44686	9.78757e-28	0.96182	0
