#Nodes with GAIN events with expectation above 0.5
N3: 0.70703
B3088: 0.848464
N6: 0.719646
BGA309: 0.721248
N26: 1.7109
Rhatem: 0.55772
N33: 1.44869
Furcep: 1.87247
N56: 1.66219
N62: 0.772268
N63: 1.10908
N67: 1.03459
N74: 0.961024
C3125: 1.38159
C12265: 0.637894
N92: 1.5356
N93: 0.972205
C2208: 1.02039
N101: 1.20471
N109: 0.701189
N112: 0.663184
N116: 0.654164
N119: 0.671604
Kinxen: 1.12512
N127: 1.18705
Total number of gain events: 43.7896
#+++++++++++++++++++++++++++++

#Nodes with LOSS events with expectation above 0.5
B3088: 1.13546
N6: 1.01132
BGA309: 1.01292
N26: 1.50606
N27: 0.684925
N28: 1.96138
Rhaspe: 5.24468
Rhamar: 4.94378
Rhatem: 4.05597
N32: 0.806577
N33: 0.76164
N34: 2.16489
N35: 0.930708
N37: 1.95457
N42: 1.33988
N45: 0.712627
FGA465: 1.12128
N58: 0.88026
N60: 0.827475
FGA489: 1.80006
FurbGB: 2.45662
N73: 1.0842
Calboe: 2.69422
N78: 1.83844
N79: 0.760882
N80: 2.22744
N82: 1.05721
N83: 0.796259
N85: 1.18438
N88: 1.43503
C404: 1.06569
N96: 1.08196
N101: 0.513365
N106: 0.918336
N114: 4.59553
Trijac: 0.862559
Kinxen: 0.939985
N121: 2.61743
N122: 1.92275
Chadil: 0.621132
Chasen: 0.621132
Chanam: 2.71369
N127: 0.99095
Total number of loss events: 92.8145
#+++++++++++++++++++++++++++++

#Nodes with duplication events with expectation above 0.5
Total number of duplication events: 4.51173e-37
#+++++++++++++++++++++++++++++

#Nodes with demi-duplication events with expectation above 0.5
Total number of demi-dulications events: 0
#+++++++++++++++++++++++++++++

#+++++++++++++++++++++++++++++

#Nodes with transitions in base number with expectation above 0.5
Total number of transitions in base number: 0
#+++++++++++++++++++++++++++++

#EVENTS NOT ACCOUNTED FOR IN THE SIMULATIONS: 
NONE
#+++++++++++++++++++++++++++++

#ALL EVENTS EXPECTATIONS PER NODE
NODE	GAIN	LOSS	DUPLICATION	DEMI-DUPLICATION	BASE-NUMBER
N2	0.370177	0.0540237	2.58159e-58	0	0
N3	0.70703	0.254621	8.92445e-69	0	0
N4	0.106665	0.0672842	5.68504e-71	0	0
B3088	0.848464	1.13546	0	0	0
N5	0.104963	0.100314	6.92435e-69	0	0
N6	0.719646	1.01132	7.44748e-55	0	0
BGA709	7.02407e-07	2.0943e-06	0	0	0
BGA710	7.02407e-07	2.0943e-06	0	0	0
BGA309	0.721248	1.01292	0	0	0
N7	0.231918	0.259926	5.55822e-73	0	0
N8	0.28759	0.376814	1.15195e-71	0	0
N9	0.259843	0.390198	1.02772e-61	0	0
B11696	6.11604e-07	1.97583e-06	0	0	0
B11697	6.11604e-07	1.97583e-06	0	0	0
N10	0.221637	0.349636	1.35888e-77	0	0
B11609	0.00455944	0.00691661	0	0	0
BGA392	0.00455944	0.00691661	0	0	0
N11	0.0556556	0.0846164	4.80795e-82	0	0
N12	0.014681	0.0239112	7.33765e-88	0	0
N13	0.092426	0.125402	5.21889e-72	0	0
N14	0.348155	0.496573	2.13724e-64	0	0
B985	7.46842e-07	2.28202e-06	0	0	0
B983	7.46842e-07	2.28202e-06	0	0	0
N15	0.203404	0.318557	6.54679e-77	0	0
N16	0.0631572	0.0964238	2.94958e-67	0	0
B199	2.56656e-07	8.65813e-07	0	0	0
BGAA3	2.56656e-07	8.65813e-07	0	0	0
N17	0.062865	0.0961313	2.97426e-67	0	0
B11604	3.63181e-07	1.22589e-06	0	0	0
BGA583	3.63181e-07	1.22589e-06	0	0	0
N18	0.151817	0.22971	3.16818e-77	0	0
N19	0.242201	0.345685	7.53615e-67	0	0
BGA89	7.15781e-06	2.20027e-05	0	0	0
BGA40	7.15781e-06	2.20027e-05	0	0	0
N20	0.0423201	0.0693765	2.18868e-77	0	0
N21	0.165155	0.241596	5.49567e-69	0	0
BGAA2	5.68326e-07	1.81403e-06	0	0	0
BGAA1	5.68326e-07	1.81403e-06	0	0	0
N22	0.148096	0.22416	9.10263e-94	0	0
BGA584	0.00100648	0.00138511	0	0	0
BGA706	0.00100648	0.00138511	0	0	0
N23	0.223058	0.299596	6.96432e-80	0	0
N24	0.213909	0.327833	2.95887e-63	0	0
BGA304	0.00027443	0.000433411	0	0	0
BGA303	0.00027443	0.000433411	0	0	0
N25	0.222277	0.336359	2.50514e-63	0	0
BGAB1	4.2077e-07	1.37051e-06	0	0	0
BGA7	4.2077e-07	1.37051e-06	0	0	0
N26	1.7109	1.50606	2.33713e-49	0	0
PGA445	1.9734e-05	3.70917e-05	0	0	0
PGA363	1.9734e-05	3.70917e-05	0	0	0
N27	0.0442181	0.684925	2.66457e-60	0	0
N28	0.0196711	1.96138	1.59717e-52	0	0
Rhaspe	0.451169	5.24468	0	0	0
N29	0.00812361	0.29921	4.51172e-37	0	0
Rhamar	0.445532	4.94378	0	0	0
Rhatem	0.55772	4.05597	0	0	0
N30	0.10047	0.0156611	7.98068e-75	0	0
N31	0.33367	0.16612	4.85131e-75	0	0
N32	0.0314279	0.806577	7.04709e-62	0	0
N33	1.44869	0.76164	9.71261e-47	0	0
FGA379	2.5796e-06	2.92119e-06	0	0	0
F647	2.5796e-06	2.92119e-06	0	0	0
N34	0.0285048	2.16489	3.13082e-52	0	0
N35	0.034243	0.930708	3.60445e-51	0	0
N36	0.00246782	0.496905	1.1245e-55	0	0
N37	0.197016	1.95457	3.48316e-52	0	0
F3016	3.10954e-07	6.57984e-06	0	0	0
F3015	3.10954e-07	6.57984e-06	0	0	0
N38	0.00392257	0.146982	3.86378e-52	0	0
N39	0.0121194	0.0946162	1.4587e-54	0	0
N40	0.00696965	0.316777	3.20139e-65	0	0
N41	0.00563707	0.025698	6.15539e-66	0	0
N42	0.137767	1.33988	5.06993e-61	0	0
F1476	4.80213e-07	9.88753e-06	0	0	0
FGA81	4.80213e-07	9.88753e-06	0	0	0
N43	0.0230619	0.0189772	2.11587e-57	0	0
Furcep	1.87247	0.0786753	0	0	0
N44	0.00409891	0.129442	3.81087e-58	0	0
Furpol	0.23378	0.314624	0	0	0
N45	0.0132296	0.712627	3.06546e-52	0	0
N46	0.0203821	0.289693	5.03316e-51	0	0
N47	0.0349634	0.147054	2.97807e-54	0	0
F2241	0.000107046	0.000150791	0	0	0
F12266	0.000107046	0.000150791	0	0	0
Furang	0.0378021	0.149936	0	0	0
Fga490	0.0868529	0.468298	0	0	0
N48	0.0127377	0.175246	1.08151e-68	0	0
N49	0.018464	0.0376079	1.01408e-61	0	0
N50	0.0414224	0.0110282	7.91408e-65	0	0
N51	0.00628156	0.0320663	1.20033e-65	0	0
N52	0.0187241	0.0472067	1.32519e-60	0	0
FGA456	0.0334044	0.0500606	0	0	0
N53	0.0331006	0.0497486	5.47291e-58	0	0
FGA516	3.88417e-06	1.20574e-05	0	0	0
FGA513	3.88417e-06	1.20574e-05	0	0	0
N54	0.0777456	0.122883	8.21064e-58	0	0
F12278	4.80179e-07	1.53664e-06	0	0	0
F12279	4.80179e-07	1.53664e-06	0	0	0
N55	0.302353	0.0182923	3.49629e-65	0	0
Furant	0.0361285	0.391143	0	0	0
N56	1.66219	0.0172312	3.37843e-55	0	0
FGA331	2.23895e-05	5.41002e-07	0	0	0
FGA332	2.23895e-05	5.41002e-07	0	0	0
FGA465	0.0807529	1.12128	0	0	0
N57	0.0223124	0.265511	5.49822e-57	0	0
N58	0.0638419	0.88026	1.00557e-53	0	0
FGA99	1.92913e-06	5.7393e-05	0	0	0
F12269	1.92913e-06	5.7393e-05	0	0	0
N59	0.0321414	0.0611664	2.43553e-51	0	0
N60	0.0400357	0.827475	7.53865e-56	0	0
FGA15	2.04941e-07	9.91734e-06	0	0	0
FGA440	2.04941e-07	9.91734e-06	0	0	0
N61	0.266626	0.0540765	3.64084e-54	0	0
FGA581	2.03739e-06	9.42213e-07	0	0	0
FGA582	2.03739e-06	9.42213e-07	0	0	0
N62	0.772268	0.304257	1.09863e-53	0	0
FGA104	3.6951e-06	3.05583e-06	0	0	0
FGA105	3.6951e-06	3.05583e-06	0	0	0
FGA489	0.185574	1.80006	0	0	0
N63	1.10908	0.362133	1.64593e-48	0	0
FGA174	0.000129531	8.91414e-05	0	0	0
FGA175	0.000129531	8.91414e-05	0	0	0
FurbGB	0.307054	2.45662	0	0	0
N64	0.201135	0.00869119	3.1125e-71	0	0
N65	0.225711	0.0507219	1.06441e-66	0	0
N66	0.280394	0.429774	1.02963e-70	0	0
N67	1.03459	0.341612	8.16754e-57	0	0
CGA312	0.000109897	7.68854e-05	0	0	0
CGA963	0.000109897	7.68854e-05	0	0	0
N68	0.0151417	0.154543	1.98022e-77	0	0
N69	0.00271468	0.30362	7.05541e-95	0	0
N70	0.01771	0.009266	1.90683e-84	0	0
N71	0.31869	0.143486	1.37169e-83	0	0
CGA642	0.0961129	0.146159	0	0	0
N72	0.0260799	0.015216	4.24684e-79	0	0
N73	0.0233004	1.0842	5.19679e-68	0	0
CGA763	7.36206e-08	6.6782e-06	0	0	0
CGA764	7.36206e-08	6.6782e-06	0	0	0
N74	0.961024	0.0219371	2.22277e-66	0	0
C601	3.39555e-06	2.06372e-07	0	0	0
C602	3.39555e-06	2.06372e-07	0	0	0
N75	0.00961858	0.0298783	4.51136e-77	0	0
CGA236	0.448897	0.303479	0	0	0
N76	0.0122651	0.142361	1.19303e-69	0	0
N77	0.12865	0.189954	6.9923e-63	0	0
Calboe	0.0310578	2.69422	0	0	0
C3125	1.38159	0.0447648	0	0	0
N78	0.11397	1.83844	5.44361e-65	0	0
CGA429	0	0	0	0	0
CGA430	0	0	0	0	0
N79	0.00180847	0.760882	1.18467e-82	0	0
N80	0.127063	2.22744	4.64951e-65	0	0
C985	0	0	0	0	0
C984	0	0	0	0	0
N81	0.00381476	0.215405	2.14282e-62	0	0
N82	0.17044	1.05721	3.75872e-74	0	0
CGA310	0.000996844	0.00283506	0	0	0
CGA314	0.000996844	0.00283506	0	0	0
N83	0.0396431	0.796259	5.75155e-62	0	0
N84	0.155935	0.287659	7.62507e-81	0	0
CGA382	0.000301649	0.000574918	0	0	0
CGA365	0.000301649	0.000574918	0	0	0
N85	0.0523956	1.18438	4.30454e-60	0	0
CGA494	2.76561e-07	1.24587e-05	0	0	0
CGA495	2.76561e-07	1.24587e-05	0	0	0
N86	0.469233	0.0827929	7.78845e-87	0	0
N87	0.0118822	0.0933342	1.63199e-78	0	0
C12265	0.637894	0.110438	0	0	0
N88	0.00996602	1.43503	7.38478e-76	0	0
C404	0.0182111	1.06569	0	0	0
N89	0.00809129	0.0288054	2.51785e-86	0	0
N90	0.0273209	0.0540827	3.87571e-69	0	0
Cl11778	1.37366e-06	5.50081e-06	0	0	0
Cl11779	1.37366e-06	5.50081e-06	0	0	0
N91	0.0151685	0.0403409	2.40324e-81	0	0
CGA594	0.00326974	0.00486327	0	0	0
CGA48	0.00326974	0.00486327	0	0	0
N92	1.5356	0.0896363	1.15459e-64	0	0
C3134	1.19001e-05	1.26439e-06	0	0	0
C3126	1.19001e-05	1.26439e-06	0	0	0
N93	0.972205	0.30809	5.98423e-72	0	0
CGA311	0.286632	0.407116	0	0	0
N94	0.0297824	0.0127019	2.30293e-75	0	0
N95	0.0305049	0.161638	3.33324e-79	0	0
N96	0.0755319	1.08196	9.69131e-73	0	0
CGA45	2.7284e-07	8.70522e-06	0	0	0
CGA46	2.7284e-07	8.70522e-06	0	0	0
N97	0.0239846	0.0179831	1.09982e-88	0	0
N98	0.0402431	0.0472881	4.48052e-80	0	0
N99	0.0239213	0.0290856	6.67682e-100	0	0
C3043	0.00175322	0.00197716	0	0	0
CGA87	0.00175322	0.00197716	0	0	0
N100	0.0224094	0.0274934	6.12602e-99	0	0
CGA368	0.00204435	0.00234862	0	0	0
CGA557	0.00204435	0.00234862	0	0	0
CGA364	0.1279	0.140333	0	0	0
C2208	1.02039	0.157954	0	0	0
N101	1.20471	0.513365	1.09432e-65	0	0
N102	0.0923493	0.0991809	1.01142e-71	0	0
N103	0.103907	0.0694419	1.13142e-71	0	0
CGA453	4.89132e-05	6.7604e-05	0	0	0
CGA383	4.89132e-05	6.7604e-05	0	0	0
N104	0.0165526	0.0759597	8.22198e-86	0	0
N105	0.119019	0.0251671	5.75181e-76	0	0
CGA501	1.68453e-06	7.50932e-07	0	0	0
C11776	1.68453e-06	7.50932e-07	0	0	0
N106	0.0122112	0.918336	5.54571e-76	0	0
C3121	1.4303e-07	2.22468e-05	0	0	0
C3123	1.4303e-07	2.22468e-05	0	0	0
N107	0.211302	0.182483	6.12735e-77	0	0
Calparcri	0.00623129	0.00743362	0	0	0
C3118	0.00623129	0.00743362	0	0	0
N108	0.0236683	0.0166581	1.57602e-75	0	0
N109	0.701189	0.0667735	1.55502e-72	0	0
N110	0.287673	0.250595	4.3761e-67	0	0
N111	0.0663223	0.353942	1.13847e-60	0	0
N112	0.663184	0.0759179	5.7009e-65	0	0
Triowe	0.448766	0.348234	0	0	0
N113	0.0943479	0.0328884	2.71841e-68	0	0
Trijoh	0.33066	0.291612	0	0	0
Trimel	0.33066	0.291612	0	0	0
N114	0.0805819	4.59553	5.78407e-59	0	0
N115	0.0145406	0.38675	1.10327e-51	0	0
Trihoe	0.0659172	0.455166	0	0	0
Tribit	0.0659172	0.455166	0	0	0
Trijac	0.100964	0.862559	0	0	0
N116	0.654164	0.241543	1.87412e-68	0	0
Tricri	0.366405	0.378486	0	0	0
N117	0.103928	0.0771219	1.69147e-68	0	0
Triwie	0.215616	0.254518	0	0	0
Triqua	0.215616	0.254518	0	0	0
N118	0.336388	0.0839413	2.26462e-64	0	0
N119	0.671604	0.43165	1.24373e-61	0	0
Kinboe	0.363753	0.418573	0	0	0
Kinfis	0.363753	0.418573	0	0	0
Kinxen	1.12512	0.939985	0	0	0
N120	0.0080086	0.116665	1.69703e-60	0	0
N121	0.0726439	2.61743	7.55841e-43	0	0
N122	0.138375	1.92275	1.506e-43	0	0
N123	0.0606095	0.422553	1.67615e-53	0	0
N124	0.0221479	0.0683606	8.09038e-54	0	0
Chaafr	0.0872452	0.166766	0	0	0
Chacha	0.0872452	0.166766	0	0	0
N125	0.0305601	0.0954317	2.02105e-55	0	0
Chacaly	0.0696063	0.130469	0	0	0
Chazey	0.0696063	0.130469	0	0	0
N126	0.0314864	0.130566	1.89265e-45	0	0
Chadil	0.232535	0.621132	0	0	0
Chasen	0.232535	0.621132	0	0	0
Chanam	0.441631	2.71369	0	0	0
N127	1.18705	0.99095	9.59652e-59	0	0
N128	0.016366	0.0259195	3.27674e-82	0	0
N129	0.00154076	0.00252532	1.45715e-94	0	0
Braset	0.0828006	0.0871808	0	0	0
N130	0.00610208	0.00728356	5.77294e-83	0	0
N131	0.0317396	0.0344507	4.67301e-87	0	0
Bramel	0.0029354	0.00342296	0	0	0
Bratha	0.0029354	0.00342296	0	0	0
N132	0.0183383	0.0197825	1.04194e-83	0	0
Bradra	0.0126562	0.0144106	0	0	0
Bratra	0.0126562	0.0144106	0	0	0
N133	0.0391127	0.0417569	2.28156e-94	0	0
Bragut	0.0148281	0.0175485	0	0	0
Braven	0.0148281	0.0175485	0	0	0
N134	0.0453957	0.0487627	8.63289e-74	0	0
Brapum	0.049678	0.0612291	0	0	0
Bradam	0.049678	0.0612291	0	0	0
#+++++++++++++++++++++++++++++

#Expected number of events from root to leaf
LEAF	GAIN	LOSS	DUPLICATION	DEMI-DUPLICATION	BASE-NUMBER
B3088	2.03234	1.51138	2.58159e-58	0	0
BGA709	2.00848	1.48756	7.45006e-55	0	0
BGA710	2.00848	1.48756	7.45006e-55	0	0
BGA309	2.01008	1.48917	2.58159e-58	0	0
B11696	1.85656	1.33558	2.58262e-58	0	0
B11697	1.85656	1.33558	2.58262e-58	0	0
B11609	1.82291	1.30194	2.58159e-58	0	0
BGA392	1.82291	1.30194	2.58159e-58	0	0
B985	1.82004	1.29908	2.58159e-58	0	0
B983	1.82004	1.29908	2.58159e-58	0	0
B199	1.73845	1.21748	2.58159e-58	0	0
BGAA3	1.73845	1.21748	2.58159e-58	0	0
B11604	1.73816	1.21719	2.58159e-58	0	0
BGA583	1.73816	1.21719	2.58159e-58	0	0
BGA89	1.77349	1.25251	2.58159e-58	0	0
BGA40	1.77349	1.25251	2.58159e-58	0	0
BGAA2	1.73875	1.21778	2.58159e-58	0	0
BGAA1	1.73875	1.21778	2.58159e-58	0	0
BGA584	1.7227	1.20173	2.58159e-58	0	0
BGA706	1.7227	1.20173	2.58159e-58	0	0
BGA304	1.80202	1.28105	2.58162e-58	0	0
BGA303	1.80202	1.28105	2.58162e-58	0	0
BGAB1	1.81012	1.28914	2.58162e-58	0	0
BGA7	1.81012	1.28914	2.58162e-58	0	0
PGA445	2.0811	1.56012	2.33713e-49	0	0
PGA363	2.0811	1.56012	2.33713e-49	0	0
Rhaspe	0.515058	7.89098	1.59717e-52	0	0
Rhamar	0.517545	7.8893	4.51172e-37	0	0
Rhatem	0.629733	7.00148	4.51172e-37	0	0
FGA379	1.95848	2.43493	9.71261e-47	0	0
F647	1.95848	2.43493	9.71261e-47	0	0
F3016	0.772018	7.22036	4.26596e-51	0	0
F3015	0.772018	7.22036	4.26596e-51	0	0
F1476	0.741418	7.18975	4.30548e-51	0	0
FGA81	0.741418	7.18975	4.30548e-51	0	0
Furcep	2.49918	5.94751	4.30548e-51	0	0
Furpol	0.864592	6.3129	4.30548e-51	0	0
F2241	0.699493	7.1478	9.64816e-51	0	0
F12266	0.699493	7.1478	9.64816e-51	0	0
Furang	0.702225	7.15053	9.64518e-51	0	0
Fga490	0.730894	7.1792	4.61203e-51	0	0
FGA456	0.729047	6.17738	4.30548e-51	0	0
FGA516	0.728748	6.17708	4.30548e-51	0	0
FGA513	0.728748	6.17708	4.30548e-51	0	0
F12278	0.754665	6.20299	4.30548e-51	0	0
F12279	0.754665	6.20299	4.30548e-51	0	0
Furant	1.00912	6.45748	4.30548e-51	0	0
FGA331	2.63521	6.08357	4.30581e-51	0	0
FGA332	2.63521	6.08357	4.30581e-51	0	0
FGA465	0.709968	7.1583	4.30548e-51	0	0
FGA99	0.696907	7.14524	4.31554e-51	0	0
F12269	0.696907	7.14524	4.31554e-51	0	0
FGA15	0.705241	7.15357	6.74109e-51	0	0
FGA440	0.705241	7.15357	6.74109e-51	0	0
FGA581	0.931833	6.38016	6.74465e-51	0	0
FGA582	0.931833	6.38016	6.74465e-51	0	0
FGA104	1.36332	5.81164	4.31646e-51	0	0
FGA105	1.36332	5.81164	4.31646e-51	0	0
FGA489	0.764498	7.21283	4.30402e-51	0	0
FGA174	1.68174	5.1311	1.64985e-48	0	0
FGA175	1.68174	5.1311	1.64985e-48	0	0
FurbGB	0.845345	6.29479	3.13082e-52	0	0
CGA312	2.2203	1.69758	8.1702e-57	0	0
CGA963	2.2203	1.69758	8.1702e-57	0	0
CGA642	1.63597	2.11297	2.66457e-60	0	0
CGA763	1.58924	3.06624	2.66457e-60	0	0
CGA764	1.58924	3.06624	2.66457e-60	0	0
C601	2.52696	2.00396	2.66458e-60	0	0
C602	2.52696	2.00396	2.66458e-60	0	0
CGA236	1.67968	2.15668	2.66457e-60	0	0
Calboe	1.40276	4.87974	2.67157e-60	0	0
C3125	2.75329	2.23028	2.67157e-60	0	0
CGA429	1.35702	3.834	2.66463e-60	0	0
CGA430	1.35702	3.834	2.66463e-60	0	0
C985	1.33233	4.80237	2.66462e-60	0	0
C984	1.33233	4.80237	2.66462e-60	0	0
CGA310	1.38051	3.85039	2.686e-60	0	0
CGA314	1.38051	3.85039	2.686e-60	0	0
CGA382	1.40496	3.87484	2.74352e-60	0	0
CGA365	1.40496	3.87484	2.74352e-60	0	0
CGA494	1.30112	4.77099	7.04806e-60	0	0
CGA495	1.30112	4.77099	7.04806e-60	0	0
C12265	2.31975	1.797	2.66457e-60	0	0
C404	1.71003	4.18728	2.66457e-60	0	0
Cl11778	1.72723	3.20449	2.66457e-60	0	0
Cl11779	1.72723	3.20449	2.66457e-60	0	0
CGA594	1.71835	3.19561	2.66457e-60	0	0
CGA48	1.71835	3.19561	2.66457e-60	0	0
C3134	3.20558	1.68287	2.66469e-60	0	0
C3126	3.20558	1.68287	2.66469e-60	0	0
CGA311	2.16404	1.64133	2.66457e-60	0	0
CGA45	2.01323	2.49051	2.66457e-60	0	0
CGA46	2.01323	2.49051	2.66457e-60	0	0
C3043	2.0276	1.50488	2.66457e-60	0	0
CGA87	2.0276	1.50488	2.66457e-60	0	0
CGA368	2.02638	1.50366	2.66457e-60	0	0
CGA557	2.02638	1.50366	2.66457e-60	0	0
CGA364	2.08958	1.56687	2.66457e-60	0	0
C2208	2.92758	1.40487	2.66457e-60	0	0
CGA453	2.0805	1.55745	2.66458e-60	0	0
CGA383	2.0805	1.55745	2.66458e-60	0	0
CGA501	2.11212	1.58907	2.66458e-60	0	0
C11776	2.11212	1.58907	2.66458e-60	0	0
C3121	2.00531	2.48226	2.66458e-60	0	0
C3123	2.00531	2.48226	2.66458e-60	0	0
Calparcri	2.10173	1.57868	2.66458e-60	0	0
C3118	2.10173	1.57868	2.66458e-60	0	0
Triowe	2.33549	1.81271	3.8031e-60	0	0
Trijoh	2.31173	1.78897	3.8031e-60	0	0
Trimel	2.31173	1.78897	3.8031e-60	0	0
Trihoe	1.38458	6.826	1.10327e-51	0	0
Tribit	1.38458	6.826	1.10327e-51	0	0
Trijac	1.40509	6.84664	6.16438e-59	0	0
Tricri	2.17779	1.65464	2.66457e-60	0	0
Triwie	2.13093	1.6078	2.66457e-60	0	0
Triqua	2.13093	1.6078	2.66457e-60	0	0
Kinboe	2.24129	1.71818	2.78917e-60	0	0
Kinfis	2.24129	1.71818	2.78917e-60	0	0
Kinxen	2.33105	1.80794	2.6648e-60	0	0
Chaafr	0.557386	6.03178	9.06441e-43	0	0
Chacha	0.557386	6.03178	9.06441e-43	0	0
Chacaly	0.548159	6.02255	9.06441e-43	0	0
Chazey	0.548159	6.02255	9.06441e-43	0	0
Chadil	0.651405	6.1258	9.08334e-43	0	0
Chasen	0.651405	6.1258	9.08334e-43	0	0
Chanam	0.690639	6.16503	7.55841e-43	0	0
Braset	1.46413	1.94048	1.00327e-58	0	0
Bramel	1.4221	1.89846	1.00327e-58	0	0
Bratha	1.4221	1.89846	1.00327e-58	0	0
Bradra	1.41842	1.89478	1.00327e-58	0	0
Bratra	1.41842	1.89478	1.00327e-58	0	0
Bragut	1.43372	1.91008	1.00327e-58	0	0
Braven	1.43372	1.91008	1.00327e-58	0	0
Brapum	1.45849	1.93485	1.00327e-58	0	0
Bradam	1.45849	1.93485	1.00327e-58	0	0
