NODE	1	2	3	4	5	6	7	8	9	10	11	12	13	14	15	16	17	18	19	20	21	22	23	24	25	26	27	28	29	
N1	2.91976e-82	1.09857e-58	5.46342e-53	5.31029e-48	1.79111e-43	2.66631e-39	1.95075e-35	6.89305e-32	8.98673e-29	9.92769e-26	1.74303e-22	1.64344e-19	2.04207e-13	8.65146e-09	5.23917e-05	0.0273469	0.54387	0.412505	0.0161624	6.36845e-05	4.59944e-08	8.92014e-12	4.11954e-18	2.1521e-20	7.64419e-23	1.9334e-25	3.60843e-28	5.11215e-31	6.02467e-34	
N2	5.20286e-84	7.91441e-60	2.01459e-53	1.00036e-47	1.69173e-42	1.22448e-37	4.42008e-33	9.29298e-29	1.34309e-24	1.44835e-20	9.52033e-17	3.32467e-13	5.85717e-10	4.80178e-07	0.000160499	0.0172778	0.355749	0.532618	0.0906033	0.00354191	4.9058e-05	3.08447e-07	1.0292e-09	2.02676e-12	2.54217e-15	2.15079e-18	1.45834e-21	4.35835e-23	7.41829e-24	
N3	6.64627e-90	4.85518e-65	4.60553e-58	7.72957e-52	3.91232e-46	7.15449e-41	4.96254e-36	1.18811e-31	4.81472e-28	1.28363e-25	3.23693e-21	5.37847e-17	4.31616e-13	1.53272e-09	2.10098e-06	0.000890376	0.0790884	0.700762	0.211452	0.0077361	6.92424e-05	2.22181e-07	3.21399e-10	2.4341e-13	1.07084e-16	2.95159e-20	5.39633e-24	6.86737e-28	8.53432e-32	
N4	4.80047e-94	4.65378e-69	7.07098e-62	2.15489e-55	2.24741e-49	9.574e-44	1.75128e-38	1.25132e-33	2.11808e-29	2.85603e-25	7.90601e-21	1.12374e-16	7.63748e-13	2.28024e-09	2.6245e-06	0.000946694	0.0752828	0.673775	0.238727	0.0111348	0.000131045	5.56133e-07	1.05921e-09	1.04697e-12	5.9488e-16	2.09442e-19	4.84065e-23	1.26326e-26	4.10648e-28	
B3088	0	0	0	0	0	0	0	0	0	0	0	0	0	0	0	0	0	1	0	0	0	0	0	0	0	0	0	0	0	
N5	5.25353e-87	6.07457e-63	1.43968e-56	8.32681e-51	2.12623e-45	2.91587e-40	2.26454e-35	1.00097e-30	2.50985e-26	3.5415e-22	2.76132e-18	1.15827e-14	2.5037e-11	2.60517e-08	1.17421e-05	0.00193902	0.0882388	0.639281	0.253748	0.0164586	0.000320888	2.58608e-06	1.04244e-08	2.38217e-11	3.36942e-14	3.14658e-17	2.03887e-20	1.20377e-23	5.28536e-25	
BGA709	0	0	0	0	0	0	0	0	0	0	0	0	0	0	0	0	0	1	0	0	0	0	0	0	0	0	0	0	0	
BGA309	0	0	0	0	0	0	0	0	0	0	0	0	0	0	0	0	0	1	0	0	0	0	0	0	0	0	0	0	0	
N6	5.12324e-93	4.75778e-68	5.78478e-61	1.26357e-54	8.55969e-49	2.21912e-43	2.47375e-38	1.29161e-33	2.88745e-29	2.51834e-27	2.23612e-23	6.10509e-19	8.37124e-15	5.34596e-11	1.41624e-07	0.000128837	0.0287935	0.78732	0.179985	0.00375363	1.87289e-05	3.41273e-08	2.87303e-11	1.29532e-14	3.457e-18	5.86664e-22	6.67629e-26	5.33752e-30	5.50728e-34	
N7	4.07274e-86	5.90504e-62	1.24159e-55	4.76593e-50	5.72735e-45	2.62508e-40	5.09564e-36	4.69871e-32	2.83901e-28	3.12099e-24	4.16401e-20	3.07273e-16	1.19447e-12	2.29334e-09	1.96466e-06	0.000636362	0.0579722	0.783331	0.153372	0.00464306	4.33898e-05	1.73571e-07	3.58644e-10	4.3197e-13	3.29789e-16	1.69661e-19	6.16115e-23	1.64246e-26	4.51129e-30	
B11696	0	0	0	0	0	0	0	0	0	0	0	0	0	0	0	0	0	1	0	0	0	0	0	0	0	0	0	0	0	
B11609	0	0	0	0	0	0	0	0	0	0	0	0	0	0	0	0	0	1	0	0	0	0	0	0	0	0	0	0	0	
N8	1.1142e-104	1.3588e-78	1.89933e-70	4.40918e-63	2.89959e-56	6.82769e-50	6.09466e-44	2.09443e-38	2.13981e-33	2.3179e-31	6.74667e-28	1.17219e-22	9.68006e-18	3.45949e-13	4.65904e-09	1.87072e-05	0.0145359	0.826654	0.157172	0.00161718	2.91294e-06	1.5728e-09	3.42367e-13	3.60943e-17	2.08177e-21	7.14934e-26	1.55418e-30	2.82862e-35	4.01221e-38	
N9	3.2733e-90	1.0318e-66	4.32862e-61	3.46265e-56	8.22834e-52	2.38261e-48	7.34824e-46	7.02576e-42	3.61924e-37	6.31291e-33	1.74494e-27	2.52594e-22	1.73562e-17	5.21875e-13	6.00919e-09	2.11421e-05	0.0149781	0.829038	0.15437	0.00159044	2.98398e-06	1.73397e-09	4.16487e-13	4.9387e-17	3.25217e-21	1.29062e-25	3.34438e-30	9.11247e-33	6.69875e-34	
N10	6.92616e-91	1.62348e-66	5.62173e-60	3.59754e-54	7.48447e-49	6.57471e-44	3.12947e-39	1.11527e-34	3.83358e-30	1.222e-25	2.52677e-21	2.85812e-17	1.69465e-13	4.93386e-10	6.36265e-07	0.000307215	0.0411279	0.795301	0.159394	0.00384306	2.63651e-05	7.45029e-08	1.06356e-10	8.72231e-14	4.48709e-17	1.54306e-20	3.72705e-24	1.12202e-27	2.50877e-29	
B985	0	0	0	0	0	0	0	0	0	0	0	0	0	0	0	0	0	1	0	0	0	0	0	0	0	0	0	0	0	
B199	0	0	0	0	0	0	0	0	0	0	0	0	0	0	0	0	0	1	0	0	0	0	0	0	0	0	0	0	0	
N11	4.35295e-89	9.62536e-65	3.04013e-58	1.75332e-52	3.16742e-47	2.18585e-42	6.4183e-38	9.07333e-34	8.66359e-30	1.4863e-25	2.97203e-21	3.28255e-17	1.90725e-13	5.46114e-10	6.95084e-07	0.000332065	0.043874	0.81416	0.138473	0.00313838	2.08707e-05	5.80659e-08	8.24293e-11	6.77127e-14	3.50915e-17	1.22151e-20	2.99506e-24	5.5713e-28	5.25652e-31	
BGA89	0	0	0	0	0	0	0	0	0	0	0	0	0	0	0	0	0	1	0	0	0	0	0	0	0	0	0	0	0	
BGAA2	0	0	0	0	0	0	0	0	0	0	0	0	0	0	0	0	0	1	0	0	0	0	0	0	0	0	0	0	0	
N12	2.93297e-88	6.34054e-64	1.93922e-57	1.08047e-51	1.87499e-46	1.22418e-41	3.25482e-37	3.64815e-33	1.88184e-29	1.72193e-25	3.3462e-21	3.61964e-17	2.06283e-13	5.80351e-10	7.27232e-07	0.000342843	0.0448083	0.822905	0.129078	0.00284584	1.87728e-05	5.23088e-08	7.47954e-11	6.21247e-14	3.2644e-17	1.15459e-20	2.88101e-24	5.31331e-28	1.59702e-31	
BGA304	0	0	0	0	0	0	0	0	0	0	0	0	0	0	0	0	0	1	0	0	0	0	0	0	0	0	0	0	0	
BGAB1	0	0	0	0	0	0	0	0	0	0	0	0	0	0	0	0	0	1	0	0	0	0	0	0	0	0	0	0	0	
PGA445	0	0	0	0	0	0	0	0	0	0	0	0	0	0	0	0	0	1	0	0	0	0	0	0	0	0	0	0	0	
N13	3.97715e-88	3.63779e-62	3.63593e-54	5.8957e-47	2.65213e-40	3.97219e-34	2.04068e-28	3.06189e-23	6.02907e-20	2.23312e-17	3.60545e-13	1.21189e-09	1.02569e-06	0.000253061	0.018096	0.30449	0.627869	0.0491536	0.000137436	6.87605e-08	1.16426e-11	8.93388e-16	3.64829e-20	8.74869e-25	1.31419e-29	1.29157e-34	8.55564e-40	6.00848e-45	1.37098e-45	
N14	2.24828e-69	1.07652e-44	7.68483e-38	8.99756e-32	2.91034e-26	3.06489e-21	1.08713e-16	1.23819e-12	4.00101e-09	2.97398e-06	0.000397761	0.0115686	0.0995036	0.307099	0.373274	0.178614	0.0288565	0.000681302	1.96777e-06	2.22806e-09	1.30622e-12	4.54287e-16	1.01864e-19	1.5593e-23	1.71882e-27	2.26909e-31	3.09222e-34	3.19315e-35	4.02116e-35	
Rhaspe	0	0	0	0	0	0	0	0	0	1	0	0	0	0	0	0	0	0	0	0	0	0	0	0	0	0	0	0	0	
N15	2.32018e-56	1.22622e-34	1.31067e-30	6.50501e-27	2.54871e-22	4.86235e-18	3.44908e-14	9.0095e-11	8.06889e-08	2.15782e-05	0.00144406	0.0258424	0.154182	0.352328	0.327946	0.122251	0.015646	0.000337948	1.49774e-06	2.96596e-09	3.32378e-12	2.37162e-15	1.15653e-18	4.03926e-22	1.04425e-25	3.01058e-29	6.04068e-32	2.40929e-32	5.19496e-33	
Rhamar	0	0	0	0	0	0	0	0	0	1	0	0	0	0	0	0	0	0	0	0	0	0	0	0	0	0	0	0	0	
Rhatem	0	0	0	0	0	0	0	0	0	0	1	0	0	0	0	0	0	0	0	0	0	0	0	0	0	0	0	0	0	
N16	1.31522e-86	2.84588e-69	8.56263e-63	1.01569e-55	1.21124e-48	4.17464e-42	4.72635e-36	1.07914e-30	2.92991e-27	1.60003e-22	2.46891e-17	1.11547e-12	1.17851e-08	2.37164e-05	0.00732956	0.261393	0.673745	0.0573407	0.000167592	7.03124e-08	8.18066e-12	3.70269e-16	7.87467e-21	8.78858e-26	5.94449e-31	5.76684e-34	9.5927e-38	8.51694e-38	1.26197e-38	
N17	8.70907e-91	4.1014e-65	2.30441e-57	2.29346e-50	7.03992e-44	8.12862e-38	3.72658e-32	6.43093e-27	1.73697e-22	1.96576e-20	3.42383e-16	5.68749e-12	2.64254e-08	2.57314e-05	0.00516896	0.181662	0.672288	0.138827	0.0020228	5.30984e-06	4.29663e-09	1.44075e-12	2.4002e-16	2.24106e-20	1.27591e-24	4.71045e-29	1.24092e-33	2.48322e-37	4.28221e-40	
N18	9.40215e-80	4.35363e-55	3.12433e-48	4.46694e-42	2.19786e-36	4.55596e-31	4.35916e-26	1.99332e-21	4.32332e-17	4.25076e-13	1.70541e-09	2.20295e-06	0.000407542	0.0145993	0.149971	0.459554	0.343918	0.0311603	0.000385986	1.54855e-06	2.79434e-09	2.7075e-12	1.57465e-15	5.93387e-19	1.53172e-22	2.82476e-26	3.87618e-30	1.78525e-33	4.29382e-35	
FGA379	0	0	0	0	0	0	0	0	0	0	0	0	0	0	0	0	1	0	0	0	0	0	0	0	0	0	0	0	0	
N19	3.22301e-73	1.03821e-48	5.1924e-42	5.16867e-36	1.76149e-30	2.47428e-25	1.5364e-20	4.27198e-16	5.07863e-12	2.36769e-08	3.61551e-05	0.0121281	0.199708	0.459405	0.272676	0.0527183	0.00328081	4.64639e-05	1.57781e-07	2.21597e-10	1.62888e-13	7.14513e-17	2.03464e-20	3.98871e-24	5.62152e-28	5.8879e-32	4.7079e-36	3.48092e-40	5.90017e-43	
N20	6.08456e-78	9.60416e-53	1.87302e-45	6.13561e-39	5.808e-33	1.81196e-27	2.28047e-22	2.81206e-17	1.38868e-12	2.4687e-08	0.000123317	0.082517	0.52623	0.362115	0.0285079	0.000504345	2.37742e-06	2.91907e-09	1.2508e-12	2.44282e-16	2.53706e-20	1.53927e-24	6.30714e-29	5.92236e-30	4.06839e-31	1.51181e-33	4.67263e-36	4.58356e-37	1.3013e-37	
N21	1.3447e-75	1.09748e-51	4.92402e-46	1.23442e-40	4.26214e-34	4.359e-28	5.43346e-23	2.18785e-17	2.88018e-12	1.07778e-07	0.000754168	0.261283	0.633141	0.103039	0.00177725	5.63718e-06	4.10371e-09	7.64553e-13	5.05767e-17	1.47357e-21	2.28539e-26	3.3359e-30	4.25465e-33	4.46114e-36	4.02297e-39	5.98824e-40	7.90061e-42	1.31333e-41	1.95042e-42	
F3016	0	0	0	0	0	0	0	0	0	0	1	0	0	0	0	0	0	0	0	0	0	0	0	0	0	0	0	0	0	
N22	1.79429e-75	8.27492e-52	4.79382e-46	1.18381e-40	4.52831e-34	6.12309e-28	8.12091e-23	3.42027e-17	4.55768e-12	1.6545e-07	0.00106646	0.340069	0.611341	0.0472177	0.000305851	3.14062e-07	7.61733e-11	6.17441e-15	2.23444e-19	4.25978e-24	4.66691e-29	3.07255e-34	1.38379e-39	5.04829e-41	4.29868e-41	1.74755e-40	5.67167e-43	9.32746e-43	2.34284e-44	
N23	2.37821e-78	1.72167e-55	5.56598e-48	5.73145e-41	1.61074e-34	1.54762e-28	6.29047e-23	1.89824e-17	2.07879e-12	7.07543e-08	0.000533852	0.395034	0.581082	0.0232842	6.51424e-05	3.30964e-08	5.4538e-12	3.95652e-16	1.50597e-20	3.35042e-25	4.6733e-30	1.27772e-34	1.8468e-38	3.37323e-40	1.63588e-44	1.5528e-46	2.41291e-51	8.15724e-54	2.95777e-58	
N24	3.7118e-89	2.70908e-62	1.66037e-53	1.42724e-45	3.048e-38	1.57121e-31	1.02967e-25	2.73291e-19	2.30333e-13	5.11385e-08	0.00172501	0.707251	0.289622	0.00140201	3.02478e-07	1.29248e-11	1.89683e-16	1.22278e-21	3.93744e-27	6.82705e-33	8.44977e-39	4.58042e-43	1.04946e-45	2.48666e-46	6.71332e-49	1.10113e-49	5.51582e-53	2.82579e-54	2.234e-57	
N25	1.22309e-77	9.17255e-54	8.39567e-48	1.55725e-42	6.36278e-36	2.49207e-29	1.40673e-23	1.46155e-17	4.48539e-12	3.45084e-07	0.00388692	0.721514	0.273363	0.00123593	3.04246e-07	1.83606e-11	4.33616e-16	4.8666e-21	2.83807e-26	9.74035e-32	4.30734e-36	1.55205e-37	2.26748e-41	2.83617e-41	7.13434e-43	2.22289e-42	1.5907e-45	2.21518e-46	2.28158e-49	
F1476	0	0	0	0	0	0	0	0	0	0	1	0	0	0	0	0	0	0	0	0	0	0	0	0	0	0	0	0	0	
N26	5.57561e-83	8.66331e-59	1.50977e-50	4.42342e-43	3.90388e-36	1.13133e-29	2.03575e-23	1.55847e-17	4.22608e-12	3.37202e-07	0.00496713	0.716327	0.276166	0.0025383	1.25911e-06	1.55856e-10	7.48935e-15	1.73404e-19	2.18995e-24	2.32936e-29	4.91568e-33	1.32997e-34	7.26319e-38	1.89085e-35	8.4132e-38	5.18289e-38	6.02418e-41	2.94732e-42	4.36035e-45	
Furcep	0	0	0	0	0	0	0	0	0	0	0	0	0	1	0	0	0	0	0	0	0	0	0	0	0	0	0	0	0	
N27	2.04046e-75	1.24056e-53	3.59764e-46	5.5792e-39	2.4848e-32	3.86803e-26	2.27986e-20	5.03454e-15	3.8579e-10	8.49397e-06	0.033824	0.793698	0.171609	0.000860501	4.53008e-07	7.70144e-11	5.94661e-15	2.4821e-19	6.21195e-24	9.97338e-29	1.14067e-33	4.19154e-36	2.84504e-39	9.0015e-41	5.27423e-45	8.66526e-47	1.22336e-51	2.62733e-54	5.06899e-59	
Furpol	0	0	0	0	0	0	0	0	0	0	0	1	0	0	0	0	0	0	0	0	0	0	0	0	0	0	0	0	0	
N28	3.39521e-74	8.10677e-49	2.45137e-41	1.33172e-34	2.20529e-28	1.32478e-22	3.07848e-17	2.66335e-12	7.69804e-08	0.000579684	0.608185	0.378262	0.0129525	2.109e-05	9.31331e-09	1.71834e-12	1.63742e-16	9.14464e-21	3.25364e-25	7.82142e-30	1.33468e-34	1.09891e-38	3.94193e-42	1.82343e-44	1.19987e-48	2.33689e-51	5.12843e-56	1.05867e-59	2.23917e-64	
N29	1.96373e-74	6.04142e-49	2.26635e-41	1.49286e-34	2.93301e-28	2.0473e-22	5.36496e-17	5.06253e-12	1.51562e-07	0.00107915	0.877532	0.120634	0.000754389	5.43843e-07	1.26909e-10	1.35022e-14	7.82971e-19	2.76112e-23	6.3722e-28	1.03049e-32	2.01793e-37	5.45761e-40	5.09628e-44	1.58517e-46	4.28512e-51	3.29427e-54	5.21702e-59	6.68259e-63	1.00634e-67	
F2241	0	0	0	0	0	0	0	0	0	0	1	0	0	0	0	0	0	0	0	0	0	0	0	0	0	0	0	0	0	
Furang	0	0	0	0	0	0	0	0	0	0	1	0	0	0	0	0	0	0	0	0	0	0	0	0	0	0	0	0	0	
Fga490	0	0	0	0	0	0	0	0	0	0	1	0	0	0	0	0	0	0	0	0	0	0	0	0	0	0	0	0	0	
N30	7.19939e-82	7.07868e-56	7.774e-48	1.41944e-40	7.53419e-34	1.43256e-27	1.22348e-21	5.72887e-16	8.94858e-11	3.70838e-06	0.0236816	0.885034	0.091164	0.000116909	2.59928e-08	1.93359e-12	6.48824e-17	1.16283e-21	1.23861e-26	8.43329e-32	3.97307e-37	7.22813e-41	1.17835e-44	3.26296e-47	7.05664e-52	8.88924e-55	4.86727e-60	4.68971e-64	2.47185e-69	
N31	6.39845e-79	3.9432e-53	2.6112e-45	2.64168e-38	6.79257e-32	4.90739e-26	3.69598e-21	1.26676e-15	1.43451e-10	4.28326e-06	0.0193699	0.909387	0.0711326	0.000106016	2.76028e-08	2.44761e-12	9.97104e-17	2.18862e-21	2.84663e-26	2.8086e-31	2.34419e-35	2.13049e-37	1.03129e-41	1.52596e-43	1.17571e-43	4.33283e-44	5.86683e-47	1.31808e-48	1.99031e-51	
N32	5.46576e-86	1.29703e-59	2.86984e-51	9.06704e-44	7.36816e-37	1.83459e-30	4.52792e-25	6.61108e-19	3.32859e-13	4.7882e-08	0.00126092	0.91419	0.0842767	0.000271951	4.88559e-08	2.31466e-12	4.38821e-17	4.07005e-22	2.07167e-27	3.00561e-32	3.97027e-36	1.77954e-38	1.90186e-43	5.42064e-43	3.53816e-44	1.68844e-45	7.44677e-49	6.06499e-51	2.80285e-54	
N33	6.11942e-81	1.53542e-57	1.54452e-49	2.58193e-42	1.30695e-35	2.63777e-29	2.42157e-23	1.0783e-17	1.73093e-12	8.60126e-08	0.000940815	0.945515	0.0534508	9.36653e-05	2.56951e-08	2.35284e-12	9.81789e-17	2.19858e-21	2.91204e-26	2.49635e-31	6.47312e-36	1.38303e-37	3.01084e-41	4.31814e-43	6.25891e-48	2.4408e-50	1.67119e-55	6.80004e-59	5.11089e-64	
N34	1.07727e-79	2.26456e-54	6.44114e-47	3.86553e-40	8.96863e-34	9.57522e-28	4.72788e-22	1.02929e-16	8.47116e-12	2.27313e-07	0.00145113	0.978129	0.0203934	2.6695e-05	8.88361e-09	1.1812e-12	7.87817e-17	3.01854e-21	7.26122e-26	1.17305e-30	1.75107e-35	4.77273e-38	1.69346e-41	8.45352e-44	2.19244e-48	1.87115e-51	2.83852e-56	3.72827e-60	5.19698e-65	
FGA456	0	0	0	0	0	0	0	0	0	0	0	1	0	0	0	0	0	0	0	0	0	0	0	0	0	0	0	0	0	
FGA516	0	0	0	0	0	0	0	0	0	0	0	1	0	0	0	0	0	0	0	0	0	0	0	0	0	0	0	0	0	
F12278	0	0	0	0	0	0	0	0	0	0	0	1	0	0	0	0	0	0	0	0	0	0	0	0	0	0	0	0	0	
N35	2.12293e-78	3.19941e-53	6.18127e-46	2.19811e-39	2.47983e-33	1.09546e-27	2.24216e-22	2.80248e-17	2.23593e-12	6.4295e-08	0.000522938	0.65869	0.321568	0.0191991	2.00496e-05	6.16103e-09	8.34444e-13	6.04039e-17	2.62069e-21	7.91122e-26	7.96013e-30	1.00902e-31	5.6181e-35	3.89414e-37	1.51027e-41	4.93047e-45	1.06552e-49	1.58595e-53	2.99413e-58	
Furant	0	0	0	0	0	0	0	0	0	0	0	1	0	0	0	0	0	0	0	0	0	0	0	0	0	0	0	0	0	
FGA331	0	0	0	0	0	0	0	0	0	0	0	0	0	1	0	0	0	0	0	0	0	0	0	0	0	0	0	0	0	
FGA465	0	0	0	0	0	0	0	0	0	0	1	0	0	0	0	0	0	0	0	0	0	0	0	0	0	0	0	0	0	
N36	1.6376e-70	1.60223e-45	2.0299e-38	4.60162e-32	3.17823e-26	8.00328e-21	7.75769e-16	2.81779e-11	3.43742e-07	0.00109824	0.495291	0.48855	0.015027	3.30782e-05	2.28843e-08	7.1958e-12	1.23744e-15	1.30294e-19	9.06585e-24	4.40883e-28	1.6463e-32	2.0174e-35	1.95568e-38	2.0272e-40	2.302e-44	7.17629e-47	4.10227e-51	1.42461e-54	7.44305e-59	
FGA99	0	0	0	0	0	0	0	0	0	0	1	0	0	0	0	0	0	0	0	0	0	0	0	0	0	0	0	0	0	
FGA15	0	0	0	0	0	0	0	0	0	0	1	0	0	0	0	0	0	0	0	0	0	0	0	0	0	0	0	0	0	
FGA104	0	0	0	0	0	0	0	0	0	0	0	0	1	0	0	0	0	0	0	0	0	0	0	0	0	0	0	0	0	
FGA489	0	0	0	0	0	0	0	0	0	0	1	0	0	0	0	0	0	0	0	0	0	0	0	0	0	0	0	0	0	
FGA174	0	0	0	0	0	0	0	0	0	0	0	0	0	1	0	0	0	0	0	0	0	0	0	0	0	0	0	0	0	
FurbGB	0	0	0	0	0	0	0	0	0	0	0	1	0	0	0	0	0	0	0	0	0	0	0	0	0	0	0	0	0	
N37	2.14687e-85	2.86271e-62	4.24276e-57	7.29316e-53	4.0599e-47	3.07308e-41	9.60831e-36	1.12348e-30	2.16155e-26	2.35559e-22	9.86508e-18	1.83245e-13	1.30012e-09	2.81029e-06	0.00135669	0.100891	0.656031	0.235139	0.00654494	3.50502e-05	5.93055e-08	4.18995e-11	1.46787e-14	2.85716e-18	3.37808e-22	7.88443e-25	1.78789e-27	2.08328e-28	6.02331e-30	
N38	7.43934e-88	2.18359e-63	9.27635e-57	7.36549e-51	1.98073e-45	2.46584e-40	1.87176e-35	1.0539e-30	4.59135e-26	1.3617e-21	2.17591e-17	1.72078e-13	6.24545e-10	9.21462e-07	0.000450838	0.0502281	0.586945	0.343167	0.0189746	0.000232674	9.9178e-07	1.8967e-09	1.91033e-12	1.12952e-15	4.23739e-19	1.07053e-22	2.51422e-26	5.92254e-28	3.26992e-29	
N39	3.78337e-88	2.2433e-63	1.85053e-56	2.78148e-50	1.35052e-44	2.74091e-39	2.67318e-34	1.15272e-29	2.90607e-27	9.31185e-24	3.14631e-19	5.34633e-15	4.24947e-11	1.41144e-07	0.000161288	0.0431063	0.691403	0.258625	0.00666709	3.69648e-05	7.17165e-08	6.31416e-11	2.95628e-14	8.17793e-18	1.43948e-21	1.70238e-25	1.40977e-29	8.57119e-34	8.82129e-38	
CGA312	0	0	0	0	0	0	0	0	0	0	0	0	0	0	0	0	0	1	0	0	0	0	0	0	0	0	0	0	0	
N40	1.2938e-102	2.23525e-76	4.23476e-68	1.29749e-60	1.1001e-53	3.11069e-47	3.01461e-41	6.76798e-36	5.23158e-34	8.06006e-29	3.56203e-23	7.06395e-18	5.6992e-13	1.57612e-08	0.000105892	0.0612892	0.769007	0.168463	0.00113436	1.01713e-06	2.4389e-10	2.20804e-14	9.19654e-19	1.99313e-23	2.4335e-28	1.76099e-33	2.14967e-38	4.47632e-39	2.28836e-38	
N41	9.56095e-92	1.40906e-72	5.22461e-65	2.37267e-58	2.05607e-52	1.13222e-47	7.41445e-44	1.58409e-38	1.90898e-34	1.03396e-30	3.96654e-24	5.35816e-18	2.08981e-12	1.65767e-07	0.000840471	0.154028	0.816618	0.0284968	1.68524e-05	1.15565e-09	2.11347e-14	1.47364e-19	4.69308e-25	7.54392e-31	6.63782e-37	2.6267e-42	9.24872e-45	2.7731e-43	1.26926e-41	
N42	9.22234e-88	2.77136e-68	8.95929e-62	3.42575e-56	3.81329e-51	1.70471e-46	3.4599e-42	9.90848e-38	2.46493e-34	4.45127e-29	4.67374e-23	1.78246e-17	2.39691e-12	9.42654e-08	0.000644907	0.152814	0.821892	0.0246303	1.87451e-05	2.68871e-09	1.28117e-13	2.5977e-18	2.4615e-23	1.13617e-28	2.52175e-34	1.0356e-38	1.8772e-39	1.35101e-38	5.98186e-38	
CGA642	0	0	0	0	0	0	0	0	0	0	0	0	0	0	0	0	1	0	0	0	0	0	0	0	0	0	0	0	0	
N43	2.19806e-88	1.1475e-64	7.66402e-59	9.56372e-54	4.02184e-49	7.3213e-45	6.08344e-41	1.28283e-37	1.09693e-32	1.11413e-26	4.34656e-21	6.42739e-16	3.31405e-11	4.96818e-07	0.00134472	0.173303	0.804081	0.0212446	2.63494e-05	7.3238e-09	7.3853e-13	3.34451e-17	7.55037e-22	9.0065e-27	5.70098e-32	3.25046e-37	5.2299e-39	6.66763e-39	5.5952e-38	
CGA236	0	0	0	0	0	0	0	0	0	0	0	0	0	0	0	0	1	0	0	0	0	0	0	0	0	0	0	0	0	
N44	8.10216e-83	1.35396e-59	3.39432e-54	1.63725e-49	3.80486e-46	2.08533e-43	1.01736e-37	3.30105e-32	8.35522e-27	1.08958e-21	6.33122e-17	1.51944e-12	1.31054e-08	3.1401e-05	0.0125149	0.289274	0.680746	0.0173925	4.07087e-05	2.61504e-08	6.91816e-12	9.26097e-16	7.07642e-20	3.33402e-24	1.01981e-28	2.14393e-33	3.55683e-36	1.99463e-37	6.81471e-39	
N45	8.99637e-86	5.5925e-61	4.67166e-54	7.407e-48	4.09614e-42	1.02628e-36	1.25694e-31	7.13973e-27	1.39677e-22	4.81076e-19	1.18898e-14	1.38136e-10	6.1076e-07	0.000733169	0.035262	0.344626	0.568849	0.050338	0.000190775	2.14189e-07	1.06286e-10	2.83095e-14	4.54937e-18	4.77088e-22	3.4538e-26	1.80553e-30	1.18778e-34	6.69392e-37	5.34734e-39	
Calboe	0	0	0	0	0	0	0	0	0	0	0	0	0	1	0	0	0	0	0	0	0	0	0	0	0	0	0	0	0	
C3125	0	0	0	0	0	0	0	0	0	0	0	0	0	0	0	0	0	1	0	0	0	0	0	0	0	0	0	0	0	
CGA429	0	0	0	0	0	0	0	0	0	0	0	0	0	0	1	0	0	0	0	0	0	0	0	0	0	0	0	0	0	
N46	5.39896e-76	4.49498e-53	6.48354e-48	2.09518e-43	8.09696e-40	5.39249e-38	1.51127e-34	4.98933e-29	7.40938e-24	4.94856e-19	1.44151e-14	1.69314e-10	6.8413e-07	0.000679079	0.0578462	0.415126	0.513754	0.0125754	1.85929e-05	9.53158e-09	2.36991e-12	3.34428e-16	2.92616e-20	1.67796e-24	6.5372e-29	1.8253e-33	1.43865e-35	2.38736e-36	2.54753e-37	
C985	0	0	0	0	0	0	0	0	0	0	0	0	0	1	0	0	0	0	0	0	0	0	0	0	0	0	0	0	0	
CGA382	0	0	0	0	0	0	0	0	0	0	0	0	0	0	1	0	0	0	0	0	0	0	0	0	0	0	0	0	0	
N47	1.3468e-95	5.28382e-70	2.44091e-62	1.90341e-55	4.3052e-49	3.42525e-43	9.99036e-38	8.76116e-33	3.46567e-30	2.34543e-27	2.67546e-22	1.9088e-17	6.12621e-13	7.7118e-09	2.93271e-05	0.0187186	0.492294	0.467442	0.0214601	5.58264e-05	3.8217e-08	1.04909e-11	1.42615e-15	1.08919e-19	5.07624e-24	1.52901e-28	3.30567e-33	2.00358e-36	9.07026e-36	
N48	1.62745e-86	4.32077e-63	1.52049e-57	9.87066e-53	1.51345e-48	4.04897e-45	4.19522e-42	3.46855e-37	2.56948e-32	1.77533e-27	3.59113e-22	3.50648e-17	1.47828e-12	2.29812e-08	9.50683e-05	0.0342154	0.523765	0.43307	0.00884218	1.26386e-05	4.91914e-09	7.83677e-13	6.29297e-17	2.88908e-21	8.23953e-26	1.54639e-30	2.05144e-35	2.81051e-38	7.59392e-40	
C12265	0	0	0	0	0	0	0	0	0	0	0	0	0	0	0	0	0	1	0	0	0	0	0	0	0	0	0	0	0	
N49	9.0163e-94	2.18431e-68	6.42061e-61	3.25401e-54	4.79819e-48	2.43344e-42	4.21326e-37	1.26673e-32	1.44904e-28	2.99714e-23	3.23044e-18	1.6361e-13	3.49848e-09	2.59772e-05	0.0436197	0.7961	0.155581	0.00466394	9.15848e-06	4.14267e-09	7.5481e-13	7.03341e-17	3.83391e-21	1.33309e-25	3.1406e-30	5.23957e-35	6.42383e-40	1.68083e-44	3.2415e-47	
C404	0	0	0	0	0	0	0	0	0	0	0	0	0	0	1	0	0	0	0	0	0	0	0	0	0	0	0	0	0	
Cl11778	0	0	0	0	0	0	0	0	0	0	0	0	0	0	0	1	0	0	0	0	0	0	0	0	0	0	0	0	0	
C3134	0	0	0	0	0	0	0	0	0	0	0	0	0	0	0	0	0	0	1	0	0	0	0	0	0	0	0	0	0	
N50	9.93176e-92	1.49151e-66	2.91649e-59	9.79561e-53	9.56252e-47	3.49189e-41	5.09613e-36	3.25121e-31	8.76733e-27	1.71595e-25	1.65061e-23	5.78103e-19	1.02194e-14	8.03544e-11	2.46517e-07	0.000236095	0.0469414	0.831149	0.12054	0.00113058	2.63047e-06	2.34772e-09	1.0082e-12	2.39185e-16	3.43461e-20	3.18127e-24	1.99018e-28	8.76026e-33	4.14397e-37	
CGA311	0	0	0	0	0	0	0	0	0	0	0	0	0	0	0	0	0	1	0	0	0	0	0	0	0	0	0	0	0	
N51	8.59631e-91	2.83549e-67	1.25666e-61	1.01291e-56	1.84957e-52	4.4375e-49	2.18557e-44	4.46498e-39	2.00293e-34	9.82977e-32	1.71829e-26	2.18986e-21	1.30182e-16	3.27882e-12	2.99847e-08	7.67439e-05	0.0337912	0.837683	0.127524	0.000923289	1.36365e-06	6.75156e-10	1.45393e-13	1.59829e-17	9.98548e-22	3.82565e-26	9.53176e-31	2.70156e-34	1.30199e-35	
N52	2.89513e-104	3.45957e-78	4.56261e-70	9.79088e-63	5.9248e-56	1.26829e-49	1.04305e-43	3.33514e-38	3.81782e-33	3.89317e-31	2.17288e-27	3.8831e-22	3.31583e-17	1.2382e-12	1.75686e-08	7.35622e-05	0.0536569	0.909305	0.0368742	8.9744e-05	5.05528e-08	1.04914e-11	1.01968e-15	5.35994e-20	1.67328e-24	3.30757e-29	4.33703e-34	7.99149e-39	1.76937e-41	
CGA45	0	0	0	0	0	0	0	0	0	0	0	0	0	0	0	0	1	0	0	0	0	0	0	0	0	0	0	0	0	
N53	2.45698e-88	4.58555e-65	1.1708e-59	5.67411e-55	6.00493e-51	5.62027e-48	3.31858e-45	4.01931e-40	1.16811e-35	2.58831e-32	5.59194e-27	6.91326e-22	4.22117e-17	1.18266e-12	1.34029e-08	4.89333e-05	0.0358489	0.930761	0.0332475	9.33128e-05	6.5874e-08	1.80382e-11	2.40035e-15	1.77674e-19	7.98731e-24	2.31652e-28	6.43199e-33	1.51043e-34	7.09113e-36	
C3043	0	0	0	0	0	0	0	0	0	0	0	0	0	0	0	0	0	1	0	0	0	0	0	0	0	0	0	0	0	
CGA364	0	0	0	0	0	0	0	0	0	0	0	0	0	0	0	0	0	1	0	0	0	0	0	0	0	0	0	0	0	
C2208	0	0	0	0	0	0	0	0	0	0	0	0	0	0	0	0	0	0	1	0	0	0	0	0	0	0	0	0	0	
N54	7.27448e-84	1.52488e-59	4.54643e-53	2.44212e-47	4.02552e-42	2.43938e-37	5.74178e-33	5.01081e-29	1.07001e-25	1.17557e-23	1.52913e-19	1.23442e-15	4.99337e-12	9.34624e-09	7.1503e-06	0.00183204	0.111797	0.836502	0.0492795	0.000579755	2.43728e-06	4.7899e-09	5.14752e-12	3.3527e-15	1.423e-18	4.1527e-22	8.68286e-26	1.34677e-29	1.92981e-33	
N55	7.13881e-99	2.89363e-73	1.42144e-65	1.22674e-58	3.16909e-52	2.93917e-46	1.02317e-40	1.23415e-35	1.67137e-31	3.54516e-31	2.89156e-26	3.36289e-21	1.89985e-16	4.77655e-12	4.63586e-08	0.000135538	0.0718086	0.9152	0.0128317	2.40915e-05	1.32569e-08	3.01869e-12	3.45088e-16	2.2385e-20	8.95803e-25	2.34838e-29	4.21884e-34	6.25337e-39	2.43303e-42	
CGA453	0	0	0	0	0	0	0	0	0	0	0	0	0	0	0	0	0	1	0	0	0	0	0	0	0	0	0	0	0	
N56	1.77359e-105	1.97806e-79	2.5879e-71	5.88225e-64	3.96617e-57	9.51064e-51	8.49026e-45	2.52092e-39	1.12595e-35	1.12616e-33	1.0628e-28	3.26343e-23	4.97692e-18	3.45547e-13	9.50071e-09	8.06752e-05	0.123816	0.872964	0.00313768	1.65761e-06	2.72912e-10	1.94445e-14	7.20426e-19	1.55926e-23	2.13424e-28	1.95558e-33	1.33014e-38	6.7514e-42	3.27041e-44	
CGA501	0	0	0	0	0	0	0	0	0	0	0	0	0	0	0	0	0	1	0	0	0	0	0	0	0	0	0	0	0	
C3121	0	0	0	0	0	0	0	0	0	0	0	0	0	0	0	0	1	0	0	0	0	0	0	0	0	0	0	0	0	
Calparcri	0	0	0	0	0	0	0	0	0	0	0	0	0	0	0	0	0	1	0	0	0	0	0	0	0	0	0	0	0	
N57	2.21251e-89	2.92283e-65	4.5513e-59	1.23601e-53	9.97553e-49	2.79349e-44	1.62559e-39	1.67838e-33	6.58977e-28	1.94052e-22	3.41777e-17	1.68287e-12	1.56628e-08	2.67503e-05	0.00750849	0.259582	0.671228	0.0613998	0.000255338	1.72788e-07	3.37924e-11	2.56641e-15	8.87144e-20	1.53349e-24	1.40318e-29	1.3009e-33	1.36526e-36	2.04073e-37	3.87613e-37	
N58	3.61782e-88	2.18928e-63	1.73013e-56	2.44643e-50	1.07286e-44	1.82265e-39	1.3696e-34	4.74945e-30	7.39794e-26	1.41565e-21	2.56475e-17	2.21862e-13	8.37968e-10	1.2146e-06	0.000546896	0.0524161	0.514117	0.404636	0.0278992	0.000381867	1.66194e-06	3.02964e-09	2.7555e-12	1.40837e-15	4.40573e-19	9.03309e-23	1.72915e-26	1.19838e-28	1.53605e-30	
N59	6.31252e-86	2.37956e-61	1.25465e-54	1.26085e-48	4.31391e-43	6.41363e-38	4.77788e-33	2.07439e-28	5.96813e-24	1.16978e-19	1.20019e-15	5.30314e-12	9.0388e-09	5.4122e-06	0.00102032	0.050462	0.466251	0.453574	0.0283317	0.000353513	1.46452e-06	2.6515e-09	2.48439e-12	1.34915e-15	4.6023e-19	1.04696e-22	1.66374e-26	2.05959e-30	1.72568e-33	
N60	4.06365e-82	2.65812e-57	2.36107e-50	3.86188e-44	1.99305e-38	3.91904e-33	3.13642e-28	9.93865e-24	9.50613e-20	2.99681e-16	2.62196e-12	7.61695e-09	2.56195e-06	0.000270049	0.0103537	0.138504	0.522963	0.319712	0.00815177	4.24759e-05	7.86603e-08	6.7918e-11	3.2063e-14	9.18354e-18	1.71674e-21	2.21035e-25	2.04328e-29	1.60355e-33	3.21082e-36	
N61	7.86107e-88	6.20199e-63	6.39517e-56	1.15161e-49	6.20984e-44	1.23083e-38	1.00762e-33	3.75076e-29	4.98173e-25	3.49999e-23	4.21881e-19	5.09212e-15	2.57301e-11	4.91995e-08	3.13413e-05	0.00551035	0.194928	0.756823	0.0423515	0.0003547	8.83493e-07	9.08633e-10	4.67195e-13	1.36006e-16	2.44475e-20	2.91063e-24	2.65734e-28	2.85327e-31	1.03129e-33	
Triowe	0	0	0	0	0	0	0	0	0	0	0	0	0	0	0	0	0	1	0	0	0	0	0	0	0	0	0	0	0	
N62	5.7689e-92	3.37969e-67	2.6684e-60	3.70199e-54	1.54775e-48	2.37596e-43	1.48936e-38	4.30566e-34	8.03514e-30	2.53733e-25	8.66411e-21	1.50203e-16	1.23042e-12	4.30974e-09	5.52086e-06	0.00201178	0.136618	0.808079	0.0527807	0.000504306	1.43503e-06	1.6986e-09	1.01383e-12	3.45417e-16	7.31995e-20	1.02705e-23	1.03622e-27	3.80688e-30	2.2967e-31	
Trijoh	0	0	0	0	0	0	0	0	0	0	0	0	0	0	0	0	0	1	0	0	0	0	0	0	0	0	0	0	0	
Trimel	0	0	0	0	0	0	0	0	0	0	0	0	0	0	0	0	0	1	0	0	0	0	0	0	0	0	0	0	0	
N63	1.64026e-75	1.24116e-50	1.26425e-43	2.43599e-37	1.59645e-31	4.53656e-26	6.3026e-21	4.59413e-16	1.41336e-11	1.66151e-07	0.000601079	0.388591	0.488777	0.11327	0.00850658	0.000252113	3.07708e-06	1.39872e-08	1.59947e-11	7.59212e-15	1.89233e-18	2.82021e-22	2.72737e-26	1.81009e-30	8.58471e-35	2.99912e-39	7.90017e-44	1.60179e-48	3.16862e-53	
N64	4.86612e-77	7.75292e-52	1.74012e-44	7.60065e-38	1.08747e-31	6.04863e-26	1.38637e-20	1.30217e-15	4.68288e-11	5.61648e-07	0.00168869	0.640677	0.334493	0.0227498	0.000388794	2.17605e-06	4.46298e-09	3.44564e-12	1.01678e-15	1.47408e-19	1.228e-23	6.48979e-28	2.32659e-32	5.9589e-37	1.16664e-41	4.61065e-45	4.30714e-49	2.29871e-51	1.57599e-54	
Trihoe	0	0	0	0	0	0	0	0	0	0	0	1	0	0	0	0	0	0	0	0	0	0	0	0	0	0	0	0	0	
Tribit	0	0	0	0	0	0	0	0	0	0	0	1	0	0	0	0	0	0	0	0	0	0	0	0	0	0	0	0	0	
Trijac	0	0	0	0	0	0	0	0	0	0	0	1	0	0	0	0	0	0	0	0	0	0	0	0	0	0	0	0	0	
N65	1.40801e-86	4.59788e-62	2.08021e-55	1.69611e-49	4.27297e-44	4.06164e-39	1.62358e-34	2.98711e-30	2.21287e-26	4.23767e-24	6.30607e-20	6.38505e-16	3.17678e-12	7.13532e-09	6.34065e-06	0.00180105	0.113257	0.806011	0.0776873	0.00123134	6.12918e-06	1.30632e-08	1.42935e-11	9.03949e-15	3.59034e-18	9.52065e-22	1.76659e-25	2.4379e-29	6.59423e-33	
Tricri	0	0	0	0	0	0	0	0	0	0	0	0	0	0	0	0	0	1	0	0	0	0	0	0	0	0	0	0	0	
N66	4.67062e-92	2.50665e-67	1.81233e-60	2.34663e-54	9.27759e-49	1.34493e-43	7.6173e-39	1.65943e-34	1.20125e-30	1.04277e-26	3.9643e-22	8.11676e-18	8.29864e-14	3.90585e-10	7.44261e-07	0.00046433	0.0644236	0.862404	0.0718722	0.000831839	2.81671e-06	3.93342e-09	2.75654e-12	1.09988e-15	2.72723e-19	4.47965e-23	5.12126e-27	6.3476e-31	5.7956e-33	
Triwie	0	0	0	0	0	0	0	0	0	0	0	0	0	0	0	0	0	1	0	0	0	0	0	0	0	0	0	0	0	
Triqua	0	0	0	0	0	0	0	0	0	0	0	0	0	0	0	0	0	1	0	0	0	0	0	0	0	0	0	0	0	
N67	3.23907e-83	3.45596e-59	6.83668e-53	2.97514e-47	5.09713e-42	4.39943e-37	2.17246e-32	6.39266e-28	1.11048e-23	1.10403e-19	5.9667e-16	1.67827e-12	2.3245e-09	1.45114e-06	0.00035382	0.0262558	0.35786	0.522577	0.089225	0.00367234	5.46165e-05	3.72276e-07	1.35409e-09	2.91713e-12	4.01287e-15	3.72987e-18	2.49343e-21	9.32661e-24	9.46291e-25	
N68	3.30273e-81	2.37564e-57	2.59438e-51	5.1752e-46	3.25132e-41	7.96898e-37	8.87617e-33	5.65244e-29	3.17337e-25	2.48878e-21	1.59293e-17	5.50553e-14	9.77394e-11	8.29806e-08	3.01554e-05	0.00393107	0.136268	0.718769	0.135693	0.00523785	7.0653e-05	4.35563e-07	1.44173e-09	2.85168e-12	3.6364e-15	3.1631e-18	1.96026e-21	8.97466e-25	3.93236e-28	
Kinboe	0	0	0	0	0	0	0	0	0	0	0	0	0	0	0	0	0	1	0	0	0	0	0	0	0	0	0	0	0	
Kinfis	0	0	0	0	0	0	0	0	0	0	0	0	0	0	0	0	0	1	0	0	0	0	0	0	0	0	0	0	0	
Kinxen	0	0	0	0	0	0	0	0	0	0	0	0	0	0	0	0	0	1	0	0	0	0	0	0	0	0	0	0	0	
N69	2.06357e-71	1.01997e-48	8.37216e-44	1.29498e-39	2.45017e-36	2.28028e-34	1.7087e-30	1.97005e-25	9.97415e-21	2.14627e-16	1.7995e-12	4.88665e-09	2.90106e-06	0.000482692	0.0242286	0.317072	0.606648	0.051236	0.000329293	6.18315e-07	5.02703e-10	2.15058e-13	5.42447e-17	8.67183e-21	9.22521e-25	6.82945e-29	3.58233e-31	1.66381e-31	5.24628e-32	
N70	3.36432e-65	2.13895e-41	2.26425e-35	4.57361e-30	3.0438e-25	8.14868e-21	9.54092e-17	4.99409e-13	1.1391e-09	1.04697e-06	0.000330566	0.0257752	0.198787	0.400446	0.286424	0.0799031	0.00812411	0.000206759	1.81512e-06	7.72987e-09	1.89828e-11	2.97895e-14	3.19819e-17	2.4665e-20	1.41757e-23	6.24829e-27	2.16258e-30	6.33147e-34	8.60828e-37	
N71	6.16798e-74	4.53038e-49	4.71942e-42	9.52246e-36	6.38795e-30	1.70209e-24	1.94701e-19	9.61333e-15	1.84586e-10	1.21957e-06	0.00215333	0.551223	0.405442	0.0401517	0.0010207	8.50369e-06	2.58623e-08	3.10447e-11	1.75544e-14	5.38142e-18	9.88365e-22	1.16859e-25	9.3811e-30	5.32463e-34	2.20536e-38	6.8351e-43	1.61974e-47	3.22715e-52	1.69491e-56	
N72	7.1909e-79	1.61214e-53	4.38799e-46	2.19328e-39	3.71394e-33	2.72692e-27	9.74474e-22	1.83543e-16	1.27817e-11	2.8391e-07	0.00148365	0.874844	0.122357	0.00131262	2.70785e-06	1.70444e-09	4.33409e-13	5.35128e-17	3.63715e-21	1.48681e-25	3.89816e-30	6.87971e-35	8.54809e-40	2.08101e-44	8.25535e-49	5.00569e-52	1.18909e-56	2.76158e-60	9.02885e-65	
N73	1.35636e-76	2.23326e-51	5.09441e-44	2.22025e-37	3.1197e-31	1.68316e-25	3.70296e-20	3.30159e-15	1.11227e-10	1.22144e-06	0.00320415	0.916052	0.0802595	0.000482388	6.44011e-07	3.12937e-10	7.16093e-14	9.01366e-18	6.91455e-22	3.47463e-26	1.22962e-30	9.32586e-34	8.12724e-37	1.4148e-38	1.02484e-42	4.49399e-45	1.82668e-49	1.71332e-52	9.26088e-57	
Chaafr	0	0	0	0	0	0	0	0	0	0	0	1	0	0	0	0	0	0	0	0	0	0	0	0	0	0	0	0	0	
Chacha	0	0	0	0	0	0	0	0	0	0	0	1	0	0	0	0	0	0	0	0	0	0	0	0	0	0	0	0	0	
N74	2.72772e-76	3.77327e-51	7.47894e-44	2.94469e-37	3.85991e-31	1.98305e-25	4.20529e-20	3.64429e-15	1.19628e-10	1.28514e-06	0.00331405	0.934148	0.0622315	0.000304868	3.55464e-07	1.57111e-10	3.35498e-14	4.00669e-18	2.94663e-22	1.42751e-26	4.83139e-31	1.10009e-34	7.28164e-38	6.41672e-40	4.69917e-44	1.02401e-46	4.1011e-51	1.94308e-54	8.85784e-59	
Chacaly	0	0	0	0	0	0	0	0	0	0	0	1	0	0	0	0	0	0	0	0	0	0	0	0	0	0	0	0	0	
Chazey	0	0	0	0	0	0	0	0	0	0	0	1	0	0	0	0	0	0	0	0	0	0	0	0	0	0	0	0	0	
N75	3.16243e-71	1.74732e-46	1.33094e-39	1.83984e-33	7.91677e-28	1.28254e-22	8.38936e-18	2.21725e-13	2.22843e-09	7.39826e-06	0.00607295	0.619821	0.351135	0.0226273	0.000334813	1.58419e-06	2.97484e-09	2.63372e-12	1.26321e-15	3.63726e-19	6.7786e-23	8.69342e-27	9.0362e-31	6.37675e-33	2.15052e-36	4.96274e-38	8.4068e-42	7.98234e-44	4.07865e-47	
Chadil	0	0	0	0	0	0	0	0	0	0	0	1	0	0	0	0	0	0	0	0	0	0	0	0	0	0	0	0	0	
Chasen	0	0	0	0	0	0	0	0	0	0	0	1	0	0	0	0	0	0	0	0	0	0	0	0	0	0	0	0	0	
Chanam	0	0	0	0	0	0	0	0	0	0	0	1	0	0	0	0	0	0	0	0	0	0	0	0	0	0	0	0	0	
N76	1.66883e-87	1.38599e-62	1.58081e-55	3.17183e-49	1.90321e-43	4.09385e-38	3.27918e-33	8.27738e-29	2.44712e-27	1.57683e-25	7.08538e-21	1.74835e-16	2.06069e-12	1.05776e-08	2.03265e-05	0.0111853	0.967408	0.0213021	8.38735e-05	1.11383e-07	6.64033e-11	2.09674e-14	3.9038e-18	4.61754e-22	3.66331e-26	2.03026e-30	8.11002e-35	2.39838e-39	6.25694e-44	
N77	8.41202e-106	1.57328e-82	1.10742e-73	1.34883e-65	4.23509e-58	4.78748e-51	1.70503e-44	1.78652e-38	9.67081e-36	2.274e-34	3.53088e-29	3.58295e-23	1.46228e-17	2.20949e-12	1.05103e-07	0.00109155	0.993917	0.00498938	2.15289e-06	2.19597e-10	8.08431e-15	1.32723e-19	1.09237e-24	4.84711e-30	1.99948e-35	4.58028e-39	2.89873e-42	6.26591e-43	2.90111e-43	
N78	9.5742e-95	1.38708e-70	2.3748e-64	7.24512e-59	6.82074e-54	2.43015e-49	3.47506e-45	1.75596e-41	1.1164e-39	2.59643e-36	6.5189e-30	8.18185e-24	4.22835e-18	8.39196e-13	5.44788e-08	0.000794218	0.995192	0.00401271	1.24154e-06	8.9901e-11	2.37988e-15	2.88181e-20	1.79575e-25	6.14424e-31	1.19395e-36	1.90199e-42	2.41799e-44	6.38801e-46	4.02098e-44	
Braset	0	0	0	0	0	0	0	0	0	0	0	0	0	0	0	0	1	0	0	0	0	0	0	0	0	0	0	0	0	
N79	1.09054e-93	1.00023e-69	1.15735e-63	2.49002e-58	5.34328e-55	1.46132e-52	1.45808e-46	8.2711e-41	5.73963e-38	1.11953e-33	9.42421e-28	3.88247e-22	7.37111e-17	5.89208e-12	1.68106e-07	0.00123003	0.995024	0.00374455	1.64106e-06	2.05817e-10	1.0675e-14	2.77438e-19	4.04665e-24	3.55971e-29	1.97771e-34	8.67364e-40	3.06657e-42	3.79073e-44	2.63987e-46	
N80	2.09998e-109	1.71217e-82	1.34484e-73	1.6071e-65	5.0974e-58	5.47338e-51	2.0851e-44	2.6362e-38	2.96407e-36	5.9026e-37	8.61534e-31	1.21051e-24	7.46062e-19	1.8768e-13	1.66985e-08	0.000386362	0.998798	0.000815896	8.74139e-08	2.88156e-12	4.0126e-17	2.75579e-22	1.01776e-27	2.10521e-33	2.46018e-39	1.59307e-45	1.73317e-51	1.09465e-55	2.0499e-60	
Bramel	0	0	0	0	0	0	0	0	0	0	0	0	0	0	0	0	1	0	0	0	0	0	0	0	0	0	0	0	0	
Bratha	0	0	0	0	0	0	0	0	0	0	0	0	0	0	0	0	1	0	0	0	0	0	0	0	0	0	0	0	0	
N81	8.82259e-106	1.61837e-79	3.29436e-71	1.12624e-63	1.11163e-56	3.83038e-50	4.84352e-44	1.95161e-38	3.44353e-36	1.67887e-33	1.22551e-27	4.61585e-22	8.21731e-17	6.28143e-12	1.73785e-07	0.00124547	0.995995	0.00275821	9.91643e-07	1.08529e-10	5.10949e-15	1.24399e-19	1.75126e-24	1.53337e-29	8.77602e-35	3.44827e-40	2.16829e-44	5.46977e-47	7.88422e-50	
Bradra	0	0	0	0	0	0	0	0	0	0	0	0	0	0	0	0	1	0	0	0	0	0	0	0	0	0	0	0	0	
Bratra	0	0	0	0	0	0	0	0	0	0	0	0	0	0	0	0	1	0	0	0	0	0	0	0	0	0	0	0	0	
N82	4.9658e-102	4.23136e-76	4.21464e-68	7.3047e-61	3.77033e-54	6.9767e-48	4.84902e-42	1.09075e-36	1.22986e-34	6.24884e-32	2.68109e-26	5.95302e-21	6.29005e-16	2.86755e-11	4.74802e-07	0.00204456	0.993572	0.00438074	2.55137e-06	4.56217e-10	3.53206e-14	1.42331e-18	3.34121e-23	4.92233e-28	4.79181e-33	3.20525e-38	3.77731e-43	4.33072e-46	4.57835e-49	
Bragut	0	0	0	0	0	0	0	0	0	0	0	0	0	0	0	0	1	0	0	0	0	0	0	0	0	0	0	0	0	
Braven	0	0	0	0	0	0	0	0	0	0	0	0	0	0	0	0	1	0	0	0	0	0	0	0	0	0	0	0	0	
N83	8.95752e-97	1.93451e-71	5.23745e-64	2.53333e-57	3.7263e-51	1.99215e-45	4.036e-40	2.51109e-35	9.9786e-33	5.55778e-28	6.59029e-23	3.98852e-18	1.1535e-13	1.43541e-09	6.43275e-06	0.00742366	0.975823	0.0167091	3.77519e-05	2.57723e-08	7.52284e-12	1.13655e-15	1.00231e-19	5.60146e-24	2.10476e-28	5.56254e-33	1.49466e-37	3.68303e-40	1.87445e-42	
Brapum	0	0	0	0	0	0	0	0	0	0	0	0	0	0	0	0	1	0	0	0	0	0	0	0	0	0	0	0	0	
Bradam	0	0	0	0	0	0	0	0	0	0	0	0	0	0	0	0	1	0	0	0	0	0	0	0	0	0	0	0	0	
