#Nodes with GAIN events with expectation above 0.5
N3: 0.711067
B3088: 0.935494
BGA709: 0.794139
BGA309: 0.794139
PGA445: 1.85739
FGA379: 1.51338
Furcep: 1.83719
FGA331: 1.68036
FGA104: 0.637034
FGA174: 1.0032
CGA312: 1.11652
C3125: 1.42356
C12265: 0.707113
C3134: 1.59947
N50: 1.04644
C2208: 1.06844
N54: 1.28155
N58: 0.701353
N61: 0.743247
Triowe: 0.507031
N65: 0.740435
N68: 0.73922
Kinxen: 1.22487
N76: 1.28317
Total number of gain events: 43.1213
#+++++++++++++++++++++++++++++

#Nodes with LOSS events with expectation above 0.5
B3088: 1.1197
BGA709: 0.989625
BGA309: 0.989625
B985: 0.503898
B199: 0.503898
PGA445: 1.56444
N13: 0.750509
N14: 1.98044
Rhaspe: 5.01914
Rhamar: 4.74221
Rhatem: 3.82212
N18: 0.759405
FGA379: 0.74038
N19: 2.07269
N20: 0.856837
F3016: 1.98271
F1476: 1.36233
N28: 0.74467
FGA465: 1.10787
N36: 0.562774
FGA99: 0.572755
FGA15: 0.572755
FGA489: 1.83194
FurbGB: 2.41364
Calboe: 2.66952
CGA429: 1.81233
C985: 2.59721
CGA382: 1.62752
N49: 1.3119
C404: 1.13932
CGA45: 1.05425
C3121: 0.892188
N63: 4.43071
Trijac: 0.81642
Kinxen: 0.910167
N70: 2.52075
N71: 1.84382
Chadil: 0.575686
Chasen: 0.575686
Chanam: 2.59282
N76: 0.957829
Total number of loss events: 87.6828
#+++++++++++++++++++++++++++++

#Nodes with duplication events with expectation above 0.5
Total number of duplication events: 0
#+++++++++++++++++++++++++++++

#Nodes with demi-duplication events with expectation above 0.5
Total number of demi-dulications events: 0
#+++++++++++++++++++++++++++++

#+++++++++++++++++++++++++++++

#Nodes with transitions in base number with expectation above 0.5
Total number of transitions in base number: 0
#+++++++++++++++++++++++++++++

#EVENTS NOT ACCOUNTED FOR IN THE SIMULATIONS: 
NONE
#+++++++++++++++++++++++++++++

#ALL EVENTS EXPECTATIONS PER NODE
NODE	GAIN	LOSS	DUPLICATION	DEMI-DUPLICATION	BASE-NUMBER
N2	0.353274	0.0638126	0	0	0
N3	0.711067	0.271857	0	0	0
N4	0.109573	0.0716583	0	0	0
B3088	0.935494	1.1197	0	0	0
N5	0.114103	0.102826	0	0	0
BGA709	0.794139	0.989625	0	0	0
BGA309	0.794139	0.989625	0	0	0
N6	0.256614	0.244374	0	0	0
N7	0.313971	0.36893	0	0	0
B11696	0.283969	0.387507	0	0	0
B11609	0.283969	0.387507	0	0	0
N8	0.0658316	0.0784898	0	0	0
N9	0.017607	0.0209091	0	0	0
N10	0.107075	0.124199	0	0	0
B985	0.378483	0.503898	0	0	0
B199	0.378483	0.503898	0	0	0
N11	0.180091	0.222358	0	0	0
BGA89	0.275876	0.376149	0	0	0
BGAA2	0.275876	0.376149	0	0	0
N12	0.23404	0.290551	0	0	0
BGA304	0.241427	0.330757	0	0	0
BGAB1	0.241427	0.330757	0	0	0
PGA445	1.85739	1.56444	0	0	0
N13	0.0409503	0.750509	0	0	0
N14	0.00720134	1.98044	0	0	0
Rhaspe	0.323177	5.01914	0	0	0
N15	0.00768106	0.292965	0	0	0
Rhamar	0.331753	4.74221	0	0	0
Rhatem	0.411661	3.82212	0	0	0
N16	0.0904764	0.0169595	0	0	0
N17	0.337286	0.168031	0	0	0
N18	0.0356479	0.759405	0	0	0
FGA379	1.51338	0.74038	0	0	0
N19	0.0215828	2.07269	0	0	0
N20	0.0308408	0.856837	0	0	0
N21	0.00276551	0.496761	0	0	0
F3016	0.13889	1.98271	0	0	0
N22	0.00311937	0.141226	0	0	0
N23	0.00945606	0.0877718	0	0	0
N24	0.00548177	0.342093	0	0	0
N25	0.00480873	0.0235663	0	0	0
F1476	0.0903828	1.36233	0	0	0
N26	0.0205571	0.0163246	0	0	0
Furcep	1.83719	0.113472	0	0	0
N27	0.00275855	0.13953	0	0	0
Furpol	0.174964	0.314454	0	0	0
N28	0.00883044	0.74467	0	0	0
N29	0.0133993	0.295985	0	0	0
F2241	0.0263322	0.147397	0	0	0
Furang	0.0263322	0.147397	0	0	0
Fga490	0.0579178	0.461568	0	0	0
N30	0.00841957	0.231412	0	0	0
N31	0.020164	0.0359067	0	0	0
N32	0.0419164	0.0103236	0	0	0
N33	0.00427351	0.0351375	0	0	0
N34	0.0152607	0.0489627	0	0	0
FGA456	0.0247335	0.0437286	0	0	0
FGA516	0.0247335	0.0437286	0	0	0
F12278	0.0669543	0.119652	0	0	0
N35	0.291482	0.0155571	0	0	0
Furant	0.0253684	0.384872	0	0	0
FGA331	1.68036	0.0414346	0	0	0
FGA465	0.0559017	1.10787	0	0	0
N36	0.0126701	0.562774	0	0	0
FGA99	0.0551507	0.572755	0	0	0
FGA15	0.0551507	0.572755	0	0	0
FGA104	0.637034	0.264346	0	0	0
FGA489	0.126308	1.83194	0	0	0
FGA174	1.0032	0.341085	0	0	0
FurbGB	0.249567	2.41364	0	0	0
N37	0.202904	0.00920689	0	0	0
N38	0.237521	0.0516738	0	0	0
N39	0.305414	0.407459	0	0	0
CGA312	1.11652	0.345157	0	0	0
N40	0.0171211	0.136514	0	0	0
N41	0.00361256	0.239926	0	0	0
N42	0.0112712	0.0135301	0	0	0
CGA642	0.477275	0.347838	0	0	0
N43	0.00847036	0.0337298	0	0	0
CGA236	0.466421	0.311724	0	0	0
N44	0.011757	0.153985	0	0	0
N45	0.128429	0.198137	0	0	0
Calboe	0.0371095	2.66952	0	0	0
C3125	1.42356	0.0598594	0	0	0
CGA429	0.109255	1.81233	0	0	0
N46	0.00334388	0.3964	0	0	0
C985	0.117458	2.59721	0	0	0
CGA382	0.147764	1.62752	0	0	0
N47	0.477495	0.0949766	0	0	0
N48	0.0136794	0.0890426	0	0	0
C12265	0.707113	0.1235	0	0	0
N49	0.0168081	1.3119	0	0	0
C404	0.0180507	1.13932	0	0	0
Cl11778	0.0769832	0.198248	0	0	0
C3134	1.59947	0.0912232	0	0	0
N50	1.04644	0.301728	0	0	0
CGA311	0.315342	0.390736	0	0	0
N51	0.0324225	0.0123876	0	0	0
N52	0.0390764	0.151257	0	0	0
CGA45	0.0709958	1.05425	0	0	0
N53	0.0312865	0.017049	0	0	0
C3043	0.148903	0.146391	0	0	0
CGA364	0.148903	0.146391	0	0	0
C2208	1.06844	0.16387	0	0	0
N54	1.28155	0.491307	0	0	0
N55	0.11001	0.104173	0	0	0
CGA453	0.132563	0.0733635	0	0	0
N56	0.0197298	0.0813649	0	0	0
CGA501	0.150551	0.0297153	0	0	0
C3121	0.0130238	0.892188	0	0	0
Calparcri	0.288841	0.223804	0	0	0
N57	0.022276	0.0165964	0	0	0
N58	0.701353	0.0806713	0	0	0
N59	0.305146	0.254435	0	0	0
N60	0.0701372	0.352801	0	0	0
N61	0.743247	0.083139	0	0	0
Triowe	0.507031	0.344051	0	0	0
N62	0.109333	0.0332345	0	0	0
Trijoh	0.373297	0.286432	0	0	0
Trimel	0.373297	0.286432	0	0	0
N63	0.0161169	4.43071	0	0	0
N64	0.0117759	0.373453	0	0	0
Trihoe	0.0516312	0.431109	0	0	0
Tribit	0.0516312	0.431109	0	0	0
Trijac	0.0751624	0.81642	0	0	0
N65	0.740435	0.23593	0	0	0
Tricri	0.403596	0.366887	0	0	0
N66	0.121541	0.0766464	0	0	0
Triwie	0.235369	0.243559	0	0	0
Triqua	0.235369	0.243559	0	0	0
N67	0.362422	0.0852049	0	0	0
N68	0.73922	0.422357	0	0	0
Kinboe	0.404462	0.406622	0	0	0
Kinfis	0.404462	0.406622	0	0	0
Kinxen	1.22487	0.910167	0	0	0
N69	0.00782054	0.110094	0	0	0
N70	0.0606872	2.52075	0	0	0
N71	0.110402	1.84382	0	0	0
N72	0.0422139	0.405394	0	0	0
N73	0.0160687	0.0615548	0	0	0
Chaafr	0.0734289	0.151449	0	0	0
Chacha	0.0734289	0.151449	0	0	0
N74	0.0242039	0.0881839	0	0	0
Chacaly	0.0543532	0.113879	0	0	0
Chazey	0.0543532	0.113879	0	0	0
N75	0.0245696	0.119943	0	0	0
Chadil	0.184373	0.575686	0	0	0
Chasen	0.184373	0.575686	0	0	0
Chanam	0.372714	2.59282	0	0	0
N76	1.28317	0.957829	0	0	0
N77	0.0175849	0.0239272	0	0	0
N78	0.00145132	0.00213259	0	0	0
Braset	0.0952851	0.098506	0	0	0
N79	0.00699838	0.00770177	0	0	0
N80	0.0375747	0.0396625	0	0	0
Bramel	0.00419134	0.00462101	0	0	0
Bratha	0.00419134	0.00462101	0	0	0
N81	0.0209351	0.0219382	0	0	0
Bradra	0.0159174	0.0174318	0	0	0
Bratra	0.0159174	0.0174318	0	0	0
N82	0.0433261	0.0448877	0	0	0
Bragut	0.0179969	0.0203373	0	0	0
Braven	0.0179969	0.0203373	0	0	0
N83	0.0522306	0.0531268	0	0	0
Brapum	0.0550719	0.06442	0	0	0
Bradam	0.0550719	0.06442	0	0	0
#+++++++++++++++++++++++++++++

#Expected number of events from root to leaf
LEAF	GAIN	LOSS	DUPLICATION	DEMI-DUPLICATION	BASE-NUMBER
B3088	2.10941	1.52703	0	0	0
BGA709	2.08216	1.49978	0	0	0
BGA309	2.08216	1.49978	0	0	0
B11696	1.91889	1.33648	0	0	0
B11609	1.91889	1.33648	0	0	0
B985	1.88995	1.30754	0	0	0
B199	1.88995	1.30754	0	0	0
BGA89	1.86036	1.27795	0	0	0
BGAA2	1.86036	1.27795	0	0	0
BGA304	1.86225	1.27984	0	0	0
BGAB1	1.86225	1.27984	0	0	0
PGA445	2.21067	1.62825	0	0	0
Rhaspe	0.371329	7.75009	0	0	0
Rhamar	0.387586	7.76613	0	0	0
Rhatem	0.467494	6.84603	0	0	0
FGA379	2.01774	2.43528	0	0	0
F3016	0.69844	7.1039	0	0	0
F1476	0.672799	7.07818	0	0	0
Furcep	2.44017	5.84565	0	0	0
Furpol	0.780696	6.18616	0	0	0
F2241	0.654293	7.05976	0	0	0
Furang	0.654293	7.05976	0	0	0
Fga490	0.67248	7.07794	0	0	0
FGA456	0.692375	6.09776	0	0	0
FGA516	0.692375	6.09776	0	0	0
F12278	0.719335	6.12472	0	0	0
Furant	0.964958	6.37036	0	0	0
FGA331	2.61995	6.02692	0	0	0
FGA465	0.662092	7.06747	0	0	0
FGA99	0.653847	7.05923	0	0	0
FGA15	0.653847	7.05923	0	0	0
FGA104	1.20916	5.61454	0	0	0
FGA489	0.688977	7.09436	0	0	0
FGA174	1.55998	4.96552	0	0	0
FurbGB	0.77551	6.18123	0	0	0
CGA312	2.33107	1.749	0	0	0
CGA642	1.72383	2.14165	0	0	0
CGA236	1.72145	2.13926	0	0	0
Calboe	1.43232	4.84918	0	0	0
C3125	2.81877	2.23952	0	0	0
CGA429	1.37604	3.79385	0	0	0
C985	1.35609	4.77389	0	0	0
CGA382	1.38639	3.8042	0	0	0
C12265	2.42996	1.84787	0	0	0
C404	1.75771	4.17559	0	0	0
Cl11778	1.81664	3.23452	0	0	0
C3134	3.30864	1.72655	0	0	0
CGA311	2.27092	1.68884	0	0	0
CGA45	2.09807	2.516	0	0	0
C3043	2.20726	1.62519	0	0	0
CGA364	2.20726	1.62519	0	0	0
C2208	3.05644	1.47437	0	0	0
CGA453	2.19574	1.61355	0	0	0
CGA501	2.23346	1.65127	0	0	0
C3121	2.09593	2.51374	0	0	0
Calparcri	2.24201	1.65982	0	0	0
Triowe	2.48062	1.89916	0	0	0
Trijoh	2.45622	1.87478	0	0	0
Trimel	2.45622	1.87478	0	0	0
Trihoe	1.30986	6.70725	0	0	0
Tribit	1.30986	6.70725	0	0	0
Trijac	1.32162	6.7191	0	0	0
Tricri	2.30423	1.72199	0	0	0
Triwie	2.25755	1.67531	0	0	0
Triqua	2.25755	1.67531	0	0	0
Kinboe	2.36116	1.77892	0	0	0
Kinfis	2.36116	1.77892	0	0	0
Kinxen	2.44235	1.86011	0	0	0
Chaafr	0.464324	5.87712	0	0	0
Chacha	0.464324	5.87712	0	0	0
Chacaly	0.453383	5.86618	0	0	0
Chazey	0.453383	5.86618	0	0	0
Chadil	0.541555	5.95435	0	0	0
Chasen	0.541555	5.95435	0	0	0
Chanam	0.594924	6.00773	0	0	0
Braset	1.55901	1.97655	0	0	0
Bramel	1.51249	1.93003	0	0	0
Bratha	1.51249	1.93003	0	0	0
Bradra	1.50758	1.92512	0	0	0
Bratra	1.50758	1.92512	0	0	0
Bragut	1.5236	1.94114	0	0	0
Braven	1.5236	1.94114	0	0	0
Brapum	1.55199	1.96954	0	0	0
Bradam	1.55199	1.96954	0	0	0
