NODE	1	2	3	4	5	6	7	8	9	10	11	12	13	14	15	16	17	18	19	20	21	22	23	24	25	26	27	28	29	30	31	32	33	34	35	36	37	38	39	40	41	
N1	1.30855e-32	7.41841e-28	9.72171e-26	6.8287e-22	9.18552e-20	3.16034e-21	3.12759e-19	2.01628e-16	1.70232e-14	2.26017e-14	2.01328e-15	6.9247e-17	4.04417e-17	2.32126e-15	2.25624e-13	7.65439e-12	6.15985e-11	1	4.60629e-11	7.3973e-12	5.39225e-13	2.15168e-14	5.33272e-16	8.96363e-18	1.08913e-19	1.00354e-21	7.2767e-24	4.27588e-26	2.08504e-28	8.60349e-31	3.05333e-33	9.44883e-36	2.57977e-38	6.27716e-41	1.37319e-43	2.72152e-46	4.91957e-49	8.1595e-52	1.2483e-54	1.76999e-57	2.44283e-60	
N2	9.48839e-36	4.0098e-31	4.35871e-28	1.29816e-24	1.56533e-22	1.92207e-22	3.11181e-20	1.77276e-17	4.79477e-15	2.57749e-13	2.35183e-12	8.18503e-12	2.96046e-11	4.05349e-09	2.07391e-06	0.000491632	0.0395528	0.718277	0.22579	0.0154965	0.000386092	4.58161e-06	3.05735e-08	1.29966e-10	6.23013e-13	3.83725e-13	3.59891e-14	3.01075e-14	2.03704e-15	1.01622e-15	5.27582e-17	1.60281e-17	6.57114e-19	1.18895e-19	3.40973e-21	3.18221e-22	9.54995e-25	1.08293e-26	1.90012e-29	1.77086e-31	1.76033e-33	
N3	1.80404e-41	3.76115e-35	1.12146e-31	2.93107e-26	1.43594e-22	2.67052e-23	5.43944e-20	1.34009e-15	5.77298e-12	4.38738e-11	1.17947e-11	9.02062e-13	1.46613e-13	1.58213e-10	2.71622e-07	0.000159083	0.0232372	0.480307	0.446391	0.0485993	0.00129374	1.25975e-05	5.71662e-08	1.44939e-10	2.84474e-13	4.5826e-15	4.91353e-17	1.50659e-18	1.06959e-20	1.82333e-22	8.67869e-25	8.60353e-27	2.7054e-29	1.56726e-31	2.91016e-34	9.31515e-37	7.3221e-40	1.09102e-42	5.42661e-46	5.5901e-49	3.81078e-52	
N4	2.33385e-41	2.14071e-35	1.20873e-31	1.24174e-26	2.15521e-23	5.19174e-23	1.06939e-19	5.17393e-16	2.67154e-13	1.07638e-12	2.94398e-13	1.36539e-13	5.89265e-13	6.27027e-10	7.26234e-07	0.000291417	0.0294448	0.463508	0.447763	0.0570759	0.00189187	2.36543e-05	1.39871e-07	4.54605e-10	9.08704e-13	4.01708e-15	1.10238e-16	3.84498e-17	1.00467e-18	1.99677e-19	3.45756e-21	4.06971e-22	4.1995e-24	3.08025e-25	1.43238e-27	6.80688e-29	8.80325e-32	2.01013e-33	1.50478e-36	1.46048e-38	1.95822e-41	
B3088	0	0	0	0	0	0	0	0	0	0	0	0	0	0	0	0	0	1	0	0	0	0	0	0	0	0	0	0	0	0	0	0	0	0	0	0	0	0	0	0	0	
N5	1.97776e-38	2.46806e-33	9.75465e-30	1.44366e-25	5.11944e-23	6.32589e-22	4.93961e-19	4.25061e-16	5.91285e-14	4.67545e-13	2.33177e-12	6.97982e-12	4.6422e-11	1.35598e-08	5.62217e-06	0.000928938	0.0461619	0.460856	0.425143	0.0639205	0.002926	5.71926e-05	5.8393e-07	3.55233e-09	1.41588e-11	9.69338e-14	4.69774e-15	3.09548e-15	1.79097e-16	7.26606e-17	3.02521e-18	7.67901e-19	2.07691e-20	3.41434e-21	4.63608e-23	5.0932e-24	2.21378e-26	1.30697e-27	3.23558e-30	8.6011e-32	3.85626e-34	
BGA709	0	0	0	0	0	0	0	0	0	0	0	0	0	0	0	0	0	1	0	0	0	0	0	0	0	0	0	0	0	0	0	0	0	0	0	0	0	0	0	0	0	
BGA309	0	0	0	0	0	0	0	0	0	0	0	0	0	0	0	0	0	1	0	0	0	0	0	0	0	0	0	0	0	0	0	0	0	0	0	0	0	0	0	0	0	
N6	2.91719e-41	4.12509e-35	9.21041e-32	1.56242e-26	1.5866e-23	3.05813e-24	9.30636e-21	1.14377e-16	3.7165e-13	9.28179e-13	2.45236e-13	2.67046e-14	9.40181e-15	2.15058e-11	5.84477e-08	5.64971e-05	0.0144258	0.541384	0.416757	0.0269723	0.000402287	2.18835e-06	5.61116e-09	7.9774e-12	7.11981e-15	1.23542e-17	7.3344e-20	2.51267e-21	1.47245e-23	2.95971e-25	1.21993e-27	1.45543e-29	4.06432e-32	2.89561e-34	4.74095e-37	2.00623e-39	1.44399e-42	3.35026e-45	1.41741e-48	1.81643e-51	9.66796e-55	
N7	3.68522e-38	8.74257e-33	1.56129e-29	6.02783e-25	1.43143e-22	3.30459e-22	1.3636e-18	7.49375e-15	8.52912e-12	2.15286e-11	1.24724e-11	3.50712e-12	3.63226e-12	2.45693e-09	1.91782e-06	0.000568971	0.0482988	0.667756	0.266271	0.016765	0.000334994	2.98825e-06	1.4477e-08	4.32929e-11	8.95834e-14	4.71053e-16	6.73071e-18	4.35757e-19	6.04194e-21	2.47473e-22	2.60704e-24	6.78088e-26	5.31614e-28	8.67493e-30	4.48268e-32	4.32467e-34	1.07731e-36	5.91125e-39	8.81592e-42	2.8216e-44	5.16225e-47	
B11696	0	0	0	0	0	0	0	0	0	0	0	0	0	0	0	0	0	1	0	0	0	0	0	0	0	0	0	0	0	0	0	0	0	0	0	0	0	0	0	0	0	
B11609	0	0	0	0	0	0	0	0	0	0	0	0	0	0	0	0	0	1	0	0	0	0	0	0	0	0	0	0	0	0	0	0	0	0	0	0	0	0	0	0	0	
N8	4.79517e-48	5.14736e-41	2.64721e-37	3.75324e-31	2.05004e-27	2.47711e-28	3.17394e-24	2.23143e-19	2.08811e-15	1.95429e-15	1.58747e-16	1.13616e-17	1.18903e-17	2.31712e-13	2.88279e-09	1.08707e-05	0.00838948	0.583536	0.392076	0.0158745	0.000112864	2.42302e-07	2.13799e-10	9.41586e-14	2.36586e-17	7.47223e-21	1.67816e-23	6.25493e-25	1.71529e-27	3.5218e-29	6.11546e-32	7.19104e-34	7.16831e-37	3.82872e-37	1.76933e-38	7.52077e-39	9.82703e-41	2.40264e-41	1.89981e-43	3.78617e-44	2.71148e-44	
N9	1.50093e-49	6.977e-43	8.31207e-39	5.17958e-33	1.90854e-29	4.46427e-29	7.87408e-25	2.54296e-20	8.24667e-17	6.64681e-17	9.96662e-18	6.02488e-18	4.96513e-17	6.11632e-13	5.50812e-09	1.56614e-05	0.0096734	0.593798	0.381393	0.0150107	0.000108302	2.47208e-07	2.4157e-10	1.21905e-13	3.6044e-17	1.3023e-20	9.03362e-23	3.41504e-23	3.30159e-25	7.09504e-26	4.37428e-28	5.67229e-29	1.84448e-31	1.56832e-32	1.72926e-35	1.03464e-36	1.85807e-40	5.38231e-42	4.94867e-46	4.51947e-48	1.03212e-51	
N10	1.33636e-43	4.98483e-38	2.24345e-34	1.35451e-29	8.27377e-27	7.79304e-26	4.93287e-22	4.20868e-18	7.1572e-15	7.29501e-14	1.62936e-13	1.72297e-13	5.88237e-13	5.55688e-10	6.33983e-07	0.000273028	0.0329619	0.624338	0.324187	0.0179563	0.000281519	1.86826e-06	6.52926e-09	1.37744e-11	1.93975e-14	8.93833e-17	2.15413e-18	5.08151e-19	1.13825e-20	1.64356e-21	2.84316e-23	2.54271e-24	3.32614e-26	1.81999e-27	1.4846e-29	4.8203e-31	9.71769e-34	1.55939e-35	1.68521e-38	9.91311e-41	1.53678e-43	
B983	0	0	0	0	0	0	0	0	0	0	0	0	0	0	0	0	0	1	0	0	0	0	0	0	0	0	0	0	0	0	0	0	0	0	0	0	0	0	0	0	0	
B11604	0	0	0	0	0	0	0	0	0	0	0	0	0	0	0	0	0	1	0	0	0	0	0	0	0	0	0	0	0	0	0	0	0	0	0	0	0	0	0	0	0	
N11	5.39412e-41	4.39143e-35	1.49907e-31	1.73278e-26	6.27437e-24	1.15063e-23	9.78073e-20	1.02749e-15	2.29963e-12	3.67756e-12	1.43522e-12	2.76556e-13	2.18435e-13	2.89625e-10	4.19495e-07	0.000227118	0.0341443	0.75849	0.19986	0.0071991	7.91105e-05	3.8244e-07	9.97689e-10	1.6014e-12	1.77877e-15	6.13246e-18	5.67918e-20	2.50555e-21	2.13143e-23	5.89189e-25	3.83355e-27	6.70177e-29	3.28201e-31	3.5721e-33	1.15325e-35	7.26404e-38	1.0328e-40	3.57109e-43	2.94011e-46	5.47133e-49	5.4539e-52	
BGAA1	0	0	0	0	0	0	0	0	0	0	0	0	0	0	0	0	0	1	0	0	0	0	0	0	0	0	0	0	0	0	0	0	0	0	0	0	0	0	0	0	0	
BGA584	0	0	0	0	0	0	0	0	0	0	0	0	0	0	0	0	0	1	0	0	0	0	0	0	0	0	0	0	0	0	0	0	0	0	0	0	0	0	0	0	0	
N12	9.44139e-41	5.31978e-35	1.84724e-31	1.57715e-26	6.06977e-24	1.6645e-23	1.08066e-19	8.84109e-16	1.49443e-12	3.74916e-12	2.20066e-12	6.30719e-13	6.93121e-13	6.92488e-10	7.80054e-07	0.000330258	0.0391416	0.707195	0.241896	0.0112752	0.000160021	9.97713e-07	3.35325e-09	6.92487e-12	9.84252e-15	4.28118e-17	5.43545e-19	3.56193e-20	4.19195e-22	1.71796e-23	1.55135e-25	4.01298e-27	2.74217e-29	4.4037e-31	1.98573e-33	1.83276e-35	3.44504e-38	1.72166e-40	1.8469e-43	4.76605e-46	6.29607e-49	
BGA303	0	0	0	0	0	0	0	0	0	0	0	0	0	0	0	0	0	1	0	0	0	0	0	0	0	0	0	0	0	0	0	0	0	0	0	0	0	0	0	0	0	
BGAB1	0	0	0	0	0	0	0	0	0	0	0	0	0	0	0	0	0	1	0	0	0	0	0	0	0	0	0	0	0	0	0	0	0	0	0	0	0	0	0	0	0	
PGA445	0	0	0	0	0	0	0	0	0	0	0	0	0	0	0	0	0	1	0	0	0	0	0	0	0	0	0	0	0	0	0	0	0	0	0	0	0	0	0	0	0	
N13	4.54442e-40	1.84822e-33	2.37485e-29	2.52403e-25	1.87093e-23	1.31444e-22	1.91223e-19	1.82456e-15	1.01493e-11	1.30899e-10	2.85052e-10	2.21967e-10	8.87452e-08	3.18997e-05	0.00378172	0.125734	0.672131	0.197728	0.000593143	3.83138e-07	9.68025e-11	1.25148e-14	9.64273e-19	4.9696e-23	3.00656e-27	1.5877e-29	1.5627e-32	1.12845e-34	8.11329e-38	3.50384e-40	1.91036e-43	4.93941e-46	1.10699e-47	2.14041e-47	7.01333e-49	6.75749e-50	4.58482e-52	3.29858e-53	2.01574e-54	5.03599e-53	4.15712e-52	
N14	3.23766e-37	1.97956e-31	1.13163e-26	3.78264e-23	4.76868e-19	1.07481e-16	3.6923e-15	2.30995e-12	4.50715e-09	2.75928e-06	0.000318789	0.00854773	0.0736404	0.249074	0.365637	0.236857	0.0615483	0.00435204	2.19865e-05	4.70475e-08	5.72138e-11	4.5314e-14	2.53646e-17	1.12328e-20	1.37093e-23	1.82057e-24	2.38269e-26	2.75865e-27	2.98207e-29	2.32169e-30	9.04837e-32	1.78882e-31	1.15683e-31	1.22574e-30	7.73656e-31	1.76289e-30	6.45334e-32	9.62305e-33	1.51016e-34	1.30394e-35	9.4427e-37	
Rhaspe	0	0	0	0	0	0	0	0	0	1	0	0	0	0	0	0	0	0	0	0	0	0	0	0	0	0	0	0	0	0	0	0	0	0	0	0	0	0	0	0	0	
N15	2.03846e-33	1.77308e-28	2.75659e-24	9.49857e-21	3.42015e-17	8.51935e-15	5.89776e-13	1.51699e-10	8.53804e-08	1.97647e-05	0.00119054	0.0200989	0.121179	0.304004	0.342001	0.173314	0.0359958	0.00217992	1.70177e-05	6.1179e-08	1.32357e-10	1.98387e-13	3.39083e-16	1.32119e-16	3.41297e-18	2.63134e-18	4.28528e-20	2.55197e-20	2.60643e-22	1.22308e-22	7.61596e-25	2.80874e-25	9.96412e-28	2.74159e-28	4.89181e-31	7.7972e-32	7.72899e-35	2.33667e-36	1.94039e-39	3.42995e-41	6.55891e-43	
Rhamar	0	0	0	0	0	0	0	0	0	1	0	0	0	0	0	0	0	0	0	0	0	0	0	0	0	0	0	0	0	0	0	0	0	0	0	0	0	0	0	0	0	
Rhatem	0	0	0	0	0	0	0	0	0	0	1	0	0	0	0	0	0	0	0	0	0	0	0	0	0	0	0	0	0	0	0	0	0	0	0	0	0	0	0	0	0	
N16	1.16004e-46	2.56507e-39	2.16316e-35	8.61172e-29	7.40857e-28	4.8096e-26	3.47005e-20	6.60385e-15	3.14951e-12	9.69612e-13	1.13624e-13	2.20966e-13	2.74146e-10	1.12189e-06	0.000939161	0.0958645	0.693179	0.208755	0.00125981	1.0663e-06	2.60652e-10	1.46548e-13	3.46561e-16	1.80454e-17	1.48586e-20	3.84738e-22	1.19918e-25	1.9649e-27	5.77515e-30	2.28669e-29	2.69395e-31	2.00581e-31	9.50139e-34	4.48785e-34	1.39435e-36	3.53404e-37	7.50091e-40	3.08661e-41	5.14001e-44	1.96882e-45	5.58256e-46	
N17	4.55272e-42	2.72698e-35	4.67081e-31	4.21829e-26	7.77765e-23	1.01e-21	7.75421e-18	1.9604e-14	4.88817e-12	1.2612e-10	4.90402e-10	6.8578e-10	6.77391e-09	6.3845e-06	0.00160465	0.0825915	0.603922	0.299504	0.0122779	9.33584e-05	2.23577e-07	2.29672e-10	1.29305e-13	4.46478e-16	2.31193e-18	5.1639e-20	1.69763e-22	1.89071e-24	3.88462e-27	2.27631e-29	2.73649e-32	8.55533e-35	4.52863e-38	8.88492e-41	1.82595e-43	6.90367e-45	5.16767e-47	1.10726e-48	6.18213e-51	6.01532e-52	1.25102e-51	
N18	5.86055e-35	1.83568e-29	6.14549e-25	1.41784e-22	1.93431e-19	1.78628e-16	1.89006e-14	1.98339e-13	3.14565e-12	4.58642e-10	5.19275e-08	3.58083e-06	0.000274803	0.00975622	0.110037	0.398612	0.403966	0.0752664	0.00206645	1.79431e-05	7.15928e-08	1.59806e-10	2.25257e-13	2.21868e-16	2.51612e-19	1.87077e-20	3.27473e-22	3.81631e-23	5.22934e-25	3.81541e-26	3.99302e-28	1.8105e-29	1.22737e-31	3.41909e-33	8.50765e-36	1.46149e-37	1.46175e-40	9.71033e-43	6.79217e-46	2.30017e-48	3.25701e-51	
FGA379	0	0	0	0	0	0	0	0	0	0	0	0	0	0	0	0	1	0	0	0	0	0	0	0	0	0	0	0	0	0	0	0	0	0	0	0	0	0	0	0	0	
N19	4.89365e-34	1.33411e-28	1.05015e-23	1.46968e-22	1.81251e-18	1.07395e-14	1.26233e-13	1.78967e-13	6.59413e-12	2.31749e-08	3.35502e-05	0.0107579	0.175846	0.43534	0.298844	0.0725624	0.00643857	0.000176703	1.25636e-06	3.76034e-09	6.10387e-12	6.19942e-15	4.31609e-18	2.25307e-21	1.38715e-24	2.89118e-26	2.02809e-28	7.15553e-30	4.01877e-32	9.43598e-34	3.95908e-36	6.20173e-38	1.67008e-40	1.751e-42	2.27591e-45	1.5327e-47	9.78697e-51	3.41551e-53	2.99382e-56	3.12553e-58	1.93649e-60	
N20	5.59083e-36	1.7936e-29	1.20661e-23	1.6387e-22	3.86602e-18	2.32917e-13	1.72686e-12	5.64551e-13	7.41306e-11	4.60361e-08	0.000127738	0.0788051	0.505857	0.377524	0.036775	0.000903945	6.86e-06	1.66814e-08	1.48397e-11	6.40725e-15	1.5967e-18	2.90707e-22	1.09323e-25	9.15534e-28	1.23919e-30	8.39985e-33	6.63541e-36	6.32328e-38	2.3887e-39	1.1857e-36	3.0474e-35	1.01095e-35	2.80408e-37	7.05824e-38	1.03522e-37	3.0794e-36	7.49668e-37	6.78513e-38	8.04149e-40	5.4932e-41	6.65814e-42	
N21	4.06619e-39	5.1157e-32	1.1909e-25	2.10649e-24	6.96885e-19	1.59538e-14	6.59685e-15	2.43582e-15	4.68523e-12	1.19016e-07	0.000766428	0.253353	0.627088	0.116084	0.00269514	1.34347e-05	1.83275e-08	7.76418e-12	1.27341e-15	1.03476e-19	4.85831e-24	4.29831e-28	2.94519e-31	1.75826e-30	3.52657e-30	1.01036e-29	3.61539e-31	6.1055e-31	6.9078e-33	8.5956e-33	4.9651e-35	4.01954e-35	1.55287e-37	6.98959e-38	2.15483e-40	4.64544e-41	1.27519e-43	1.3818e-44	3.55499e-47	4.12577e-48	2.84516e-48	
F3015	0	0	0	0	0	0	0	0	0	0	1	0	0	0	0	0	0	0	0	0	0	0	0	0	0	0	0	0	0	0	0	0	0	0	0	0	0	0	0	0	0	
N22	6.94862e-36	1.93667e-31	4.23862e-27	9.55111e-26	2.17835e-20	4.30459e-16	1.06243e-15	4.3019e-15	4.99716e-12	1.7113e-07	0.00106412	0.331521	0.61134	0.0555559	0.00051786	9.06822e-07	4.26177e-10	7.12914e-14	5.55386e-18	4.69599e-22	5.04094e-25	3.13113e-26	2.14857e-29	8.54241e-31	1.98541e-34	5.32065e-36	4.25406e-40	7.78404e-42	1.67999e-45	3.82933e-43	1.53508e-42	8.00774e-43	1.51037e-45	2.92049e-46	1.59295e-48	4.5082e-47	8.8429e-48	7.94586e-49	7.64016e-51	1.89177e-50	4.0953e-50	
N23	2.21042e-40	2.12886e-33	5.78301e-27	1.09972e-25	2.51679e-20	4.3149e-15	4.42896e-14	2.89949e-14	3.50365e-12	5.95135e-08	0.00046199	0.386403	0.584777	0.0282429	0.000115843	9.44276e-08	2.60871e-11	3.35788e-15	3.91661e-19	1.62062e-20	4.58013e-23	2.35209e-24	1.74663e-27	5.58416e-29	1.12596e-32	2.27867e-34	1.59475e-38	1.68058e-40	5.83798e-45	1.88984e-47	4.92471e-52	5.27927e-55	1.1037e-59	5.4997e-63	8.94212e-68	2.88482e-71	3.62999e-76	2.52036e-79	1.965e-81	2.4621e-83	2.23915e-85	
N24	1.27468e-43	1.24215e-35	3.26495e-28	1.694e-28	6.70634e-22	7.77263e-16	1.77172e-16	6.64289e-18	1.20282e-13	2.62567e-08	0.00093834	0.691935	0.305162	0.00196478	6.51232e-07	4.42385e-11	1.08648e-15	1.28507e-20	1.20263e-25	2.40946e-28	6.04409e-32	1.84443e-34	2.64373e-38	2.44493e-37	1.8002e-38	5.01537e-39	6.57215e-42	6.20908e-43	4.37124e-46	1.06282e-47	6.13645e-51	6.21688e-53	2.89771e-56	1.93341e-58	7.12798e-62	3.90702e-64	1.33388e-67	6.0028e-69	1.22072e-69	2.17307e-70	2.82303e-71	
N25	7.19245e-39	1.0844e-35	1.95494e-29	7.52446e-28	4.21366e-22	1.56136e-17	1.71664e-16	1.30987e-15	5.23604e-12	2.97795e-07	0.00344299	0.707689	0.287184	0.00168378	5.73267e-07	5.05502e-11	1.85566e-15	1.10463e-19	2.3168e-22	3.16939e-23	5.77557e-26	3.74155e-27	3.07273e-30	1.08297e-31	2.76323e-36	4.58316e-38	3.91629e-43	9.0296e-46	1.38801e-49	3.55977e-48	3.92078e-48	2.01502e-49	1.32736e-52	5.09913e-54	2.20433e-56	6.04356e-55	2.75146e-56	2.53756e-55	9.58378e-55	3.06452e-54	7.20578e-54	
F1476	0	0	0	0	0	0	0	0	0	0	1	0	0	0	0	0	0	0	0	0	0	0	0	0	0	0	0	0	0	0	0	0	0	0	0	0	0	0	0	0	0	
N26	3.31451e-42	1.07405e-34	6.43358e-28	1.07126e-25	1.45302e-20	2.48783e-15	9.54038e-14	2.88617e-13	3.97374e-10	5.52248e-07	0.00491553	0.703599	0.288405	0.00307885	1.97695e-06	3.39884e-10	2.47715e-14	8.4299e-17	3.58792e-19	3.63382e-20	8.12363e-23	3.69102e-24	2.07197e-27	5.46144e-29	1.76738e-33	1.43124e-35	2.34948e-40	4.63879e-42	1.96663e-44	1.21806e-42	1.10859e-43	4.0284e-45	3.91516e-48	2.60047e-49	9.41511e-50	1.72176e-47	1.48339e-49	3.57776e-49	4.55012e-49	9.02269e-49	1.30861e-48	
Furcep	0	0	0	0	0	0	0	0	0	0	0	0	0	1	0	0	0	0	0	0	0	0	0	0	0	0	0	0	0	0	0	0	0	0	0	0	0	0	0	0	0	
N27	1.05824e-38	5.41616e-32	5.56683e-26	9.61134e-24	1.50909e-18	5.98042e-15	7.09582e-15	7.70207e-14	4.86591e-10	9.30079e-06	0.0352166	0.785003	0.178711	0.00105978	7.0532e-07	1.62427e-10	1.82333e-14	1.74341e-18	1.97632e-21	2.59077e-22	1.03283e-24	9.44494e-26	2.26851e-28	1.14078e-29	2.67261e-33	8.51933e-35	3.92169e-39	2.79468e-41	9.16809e-46	1.09255e-48	2.75347e-53	1.78231e-56	3.38816e-61	1.67187e-64	2.49532e-69	2.10862e-72	8.30687e-77	1.65572e-78	4.42686e-80	1.07928e-81	1.94995e-83	
Furpol	0	0	0	0	0	0	0	0	0	0	0	1	0	0	0	0	0	0	0	0	0	0	0	0	0	0	0	0	0	0	0	0	0	0	0	0	0	0	0	0	0	
N28	3.70138e-37	1.91233e-30	1.47211e-24	9.86831e-22	2.03472e-16	1.01664e-13	3.68798e-14	3.30742e-12	8.53712e-08	0.000617821	0.618175	0.367993	0.0131895	2.49882e-05	1.36659e-08	3.3485e-12	4.57148e-16	1.11886e-19	2.4098e-22	7.15594e-24	1.61713e-26	2.56657e-28	3.68732e-31	3.02916e-33	7.8557e-37	3.61726e-39	2.78206e-43	2.36092e-46	1.2767e-50	5.01756e-54	1.86649e-58	5.57201e-62	1.50788e-66	3.84705e-70	8.38993e-75	4.93008e-78	1.18928e-81	6.94323e-84	3.09444e-86	1.16146e-88	3.22784e-91	
N29	4.23561e-37	2.76579e-30	2.36084e-24	2.34015e-21	5.81641e-16	1.99528e-13	4.70609e-14	6.03198e-12	1.65887e-07	0.00113872	0.883318	0.114785	0.000756719	6.25093e-07	1.79913e-10	2.55462e-14	2.66315e-18	2.19092e-20	5.19474e-23	9.94785e-25	1.42507e-27	1.37609e-29	4.0342e-33	2.30826e-35	1.91095e-39	4.01482e-42	2.00138e-46	9.6315e-50	3.37004e-54	1.02297e-57	2.59728e-62	6.37861e-66	1.23536e-70	3.20837e-74	3.56953e-78	1.72787e-80	1.08996e-84	4.43198e-87	8.46672e-90	3.08278e-92	7.36033e-95	
F2241	0	0	0	0	0	0	0	0	0	0	1	0	0	0	0	0	0	0	0	0	0	0	0	0	0	0	0	0	0	0	0	0	0	0	0	0	0	0	0	0	0	
Furang	0	0	0	0	0	0	0	0	0	0	1	0	0	0	0	0	0	0	0	0	0	0	0	0	0	0	0	0	0	0	0	0	0	0	0	0	0	0	0	0	0	
FGA490	0	0	0	0	0	0	0	0	0	0	1	0	0	0	0	0	0	0	0	0	0	0	0	0	0	0	0	0	0	0	0	0	0	0	0	0	0	0	0	0	0	
N30	1.49501e-40	3.69411e-33	2.3981e-26	1.14129e-25	1.14191e-19	1.42568e-14	4.54874e-15	1.48262e-15	2.39243e-11	1.11374e-06	0.00827376	0.878771	0.112763	0.000190913	5.50067e-08	5.49092e-12	2.60944e-16	1.69958e-20	1.44958e-23	2.64643e-25	2.3824e-28	2.10279e-30	1.10676e-33	4.75695e-36	3.59537e-40	8.59972e-43	1.39283e-47	4.76163e-51	1.30345e-55	1.70887e-54	5.74544e-55	6.02596e-57	3.9322e-60	3.82652e-62	9.47119e-64	7.29201e-63	9.82464e-64	4.45308e-64	1.31503e-64	3.27263e-65	6.07772e-66	
N31	8.29568e-40	1.1389e-32	3.16696e-26	1.23581e-24	6.72215e-19	1.94605e-14	3.31882e-14	1.0517e-13	6.51383e-11	1.98827e-06	0.0101884	0.903347	0.0863057	0.000156662	5.23685e-08	6.34958e-12	3.92021e-16	1.26982e-18	3.33914e-21	1.28703e-22	1.9785e-25	3.53609e-27	1.45961e-30	1.52585e-32	6.34808e-37	2.25319e-39	4.58568e-44	1.77587e-47	2.8995e-52	3.68704e-52	5.33859e-51	1.5185e-52	1.61193e-55	3.67146e-57	1.42154e-59	8.53186e-57	2.05271e-56	3.50588e-56	2.11386e-56	1.74926e-56	1.04945e-56	
N32	1.14696e-41	6.21631e-34	9.07843e-27	3.68035e-26	2.52521e-20	2.14444e-14	2.60784e-13	2.45667e-14	5.58242e-13	2.85921e-08	0.000767384	0.900825	0.0980365	0.000371293	8.62592e-08	5.71653e-12	2.54182e-16	4.37042e-18	5.38477e-21	9.69751e-23	5.48099e-26	4.39782e-28	2.82107e-32	1.2354e-34	1.2692e-39	9.7723e-43	6.48114e-48	1.63645e-50	1.03359e-53	3.16239e-53	2.45267e-53	2.45161e-55	9.12338e-59	1.19619e-60	3.20642e-62	4.84919e-60	5.45941e-61	1.95894e-61	1.91388e-62	6.34715e-63	1.32492e-63	
N33	4.75522e-39	3.85622e-32	7.74441e-26	4.92979e-25	1.08224e-19	8.08074e-15	5.55677e-15	1.83139e-15	1.47471e-12	7.22963e-08	0.000829957	0.936918	0.0621219	0.000129834	4.4695e-08	5.50106e-12	3.3251e-16	1.06895e-19	3.42176e-22	2.98349e-23	6.90511e-26	2.97617e-27	2.99886e-30	7.39323e-32	3.98807e-36	4.21346e-38	9.83455e-43	1.62524e-45	2.90922e-50	1.21543e-53	1.51954e-58	4.33663e-62	3.87468e-67	9.23585e-71	6.89932e-76	1.26113e-78	5.02119e-83	7.40998e-85	7.69418e-87	8.01661e-89	5.97173e-91	
N34	3.00299e-37	1.65926e-30	2.51724e-24	1.31114e-23	2.74627e-18	2.27508e-13	1.4695e-13	3.16565e-14	9.51511e-12	2.4216e-07	0.00150327	0.975192	0.0232695	3.53755e-05	1.45777e-08	2.57292e-12	2.50207e-16	4.03864e-19	1.16278e-21	3.76479e-23	7.44559e-26	1.22892e-27	1.48831e-30	1.23604e-32	9.91969e-37	2.44941e-39	1.15339e-43	5.6552e-47	1.82566e-51	5.54685e-55	1.26026e-59	3.12947e-63	5.30586e-68	1.17136e-71	2.66246e-76	8.63887e-79	1.28445e-82	8.05275e-85	3.61596e-87	1.49575e-89	4.53022e-92	
FGA456	0	0	0	0	0	0	0	0	0	0	0	1	0	0	0	0	0	0	0	0	0	0	0	0	0	0	0	0	0	0	0	0	0	0	0	0	0	0	0	0	0	
FGA513	0	0	0	0	0	0	0	0	0	0	0	1	0	0	0	0	0	0	0	0	0	0	0	0	0	0	0	0	0	0	0	0	0	0	0	0	0	0	0	0	0	
F12278	0	0	0	0	0	0	0	0	0	0	0	1	0	0	0	0	0	0	0	0	0	0	0	0	0	0	0	0	0	0	0	0	0	0	0	0	0	0	0	0	0	
N35	7.77916e-36	3.55237e-29	3.03425e-23	2.69533e-21	2.41029e-17	2.0721e-12	3.21718e-10	1.34815e-10	9.19339e-10	9.75045e-08	0.000520059	0.647898	0.330303	0.0212515	2.73375e-05	1.11702e-08	2.91419e-12	9.29851e-14	5.14186e-16	2.59763e-17	8.77772e-20	2.11245e-21	4.12624e-24	4.74509e-26	4.82233e-30	5.01567e-33	3.30681e-37	1.79503e-40	7.8151e-45	3.33835e-48	1.0421e-52	3.81343e-56	9.11513e-61	3.82263e-64	8.24381e-68	7.30483e-70	1.6073e-73	1.27322e-75	7.04363e-78	3.71405e-80	1.43202e-82	
Furant	0	0	0	0	0	0	0	0	0	0	0	1	0	0	0	0	0	0	0	0	0	0	0	0	0	0	0	0	0	0	0	0	0	0	0	0	0	0	0	0	0	
FGA331	0	0	0	0	0	0	0	0	0	0	0	0	0	1	0	0	0	0	0	0	0	0	0	0	0	0	0	0	0	0	0	0	0	0	0	0	0	0	0	0	0	
FGA465	0	0	0	0	0	0	0	0	0	0	1	0	0	0	0	0	0	0	0	0	0	0	0	0	0	0	0	0	0	0	0	0	0	0	0	0	0	0	0	0	0	
N36	4.26722e-37	2.95698e-30	3.90312e-24	1.92498e-22	5.30688e-17	3.09382e-13	9.22506e-14	4.39595e-13	9.72972e-09	0.000101873	0.151153	0.829077	0.0196402	2.7665e-05	1.1467e-08	2.13586e-12	2.24772e-16	2.19131e-19	5.54359e-22	1.29565e-23	2.34405e-26	2.81359e-28	3.17003e-31	1.88455e-33	2.2977e-37	5.65748e-40	3.16539e-44	1.2636e-47	4.54436e-52	1.21192e-55	3.02187e-60	6.67303e-64	1.23429e-68	2.40381e-72	5.13375e-77	9.37986e-80	1.821e-83	7.79832e-86	2.43526e-88	6.72992e-91	1.36914e-93	
FGA99	0	0	0	0	0	0	0	0	0	0	1	0	0	0	0	0	0	0	0	0	0	0	0	0	0	0	0	0	0	0	0	0	0	0	0	0	0	0	0	0	0	
N37	2.08776e-36	8.62149e-30	7.06954e-24	8.20375e-22	1.44459e-16	7.37131e-13	6.14264e-13	5.08382e-12	1.33561e-08	0.000123735	0.169596	0.821601	0.00866964	1.05226e-05	4.08618e-09	7.45482e-13	1.24179e-16	4.93667e-18	2.05449e-20	9.86321e-22	2.29431e-24	5.5652e-26	1.80474e-29	2.55487e-31	1.92011e-35	6.15186e-38	3.2272e-42	2.55836e-45	9.63897e-50	4.8081e-53	1.32833e-57	5.32348e-61	1.12884e-65	5.99866e-69	1.97569e-72	2.42667e-74	1.47207e-78	1.30436e-80	3.9506e-83	3.41823e-85	1.86065e-87	
FGA15	0	0	0	0	0	0	0	0	0	0	1	0	0	0	0	0	0	0	0	0	0	0	0	0	0	0	0	0	0	0	0	0	0	0	0	0	0	0	0	0	0	
FGA581	0	0	0	0	0	0	0	0	0	0	0	1	0	0	0	0	0	0	0	0	0	0	0	0	0	0	0	0	0	0	0	0	0	0	0	0	0	0	0	0	0	
FGA104	0	0	0	0	0	0	0	0	0	0	0	0	1	0	0	0	0	0	0	0	0	0	0	0	0	0	0	0	0	0	0	0	0	0	0	0	0	0	0	0	0	
FGA489	0	0	0	0	0	0	0	0	0	0	1	0	0	0	0	0	0	0	0	0	0	0	0	0	0	0	0	0	0	0	0	0	0	0	0	0	0	0	0	0	0	
FGA174	0	0	0	0	0	0	0	0	0	0	0	0	0	1	0	0	0	0	0	0	0	0	0	0	0	0	0	0	0	0	0	0	0	0	0	0	0	0	0	0	0	
FurbGB	0	0	0	0	0	0	0	0	0	0	0	1	0	0	0	0	0	0	0	0	0	0	0	0	0	0	0	0	0	0	0	0	0	0	0	0	0	0	0	0	0	
N38	2.5702e-42	5.19786e-36	4.30522e-32	9.25628e-27	1.10383e-23	2.71722e-23	1.9933e-19	2.83993e-15	7.47158e-12	1.01334e-10	1.49201e-10	7.72548e-11	6.04558e-10	7.31678e-07	0.000410543	0.0431488	0.529241	0.399446	0.0273746	0.000376568	1.69732e-06	3.77025e-09	2.90648e-11	2.24576e-11	5.86828e-13	2.39894e-13	2.62067e-15	5.92245e-16	2.28733e-18	3.18451e-19	4.26635e-22	3.62697e-23	1.87953e-26	7.81895e-28	2.16432e-31	2.68038e-33	5.59331e-37	2.77245e-39	4.62003e-43	1.87876e-45	4.24674e-47	
N39	2.07932e-39	1.10575e-33	5.45076e-30	3.49704e-25	8.44204e-23	7.75555e-22	3.33689e-18	1.39454e-14	5.54107e-12	2.87784e-11	3.36951e-11	2.61498e-11	5.21491e-10	3.3862e-07	0.000173423	0.0231067	0.437451	0.481533	0.0562133	0.00150768	1.46009e-05	6.65142e-08	1.7555e-10	2.72274e-12	9.52761e-14	2.73341e-14	7.62461e-16	1.33346e-16	2.35703e-18	2.36708e-19	2.12429e-21	1.31508e-22	4.29867e-25	1.621e-26	2.02852e-29	3.13754e-31	2.58869e-34	1.67786e-36	1.03888e-39	4.46604e-42	2.51511e-44	
N40	2.9392e-38	2.84788e-32	5.31566e-29	7.40492e-24	2.74148e-23	5.83892e-22	1.27392e-17	1.77215e-13	1.38354e-11	5.23211e-12	5.51442e-13	2.08443e-13	4.79186e-11	9.04039e-08	0.00010116	0.0278576	0.593656	0.360548	0.0176397	0.000197285	8.14088e-07	1.61139e-09	1.80248e-12	1.456e-15	2.01909e-18	3.49427e-20	1.66401e-22	2.30215e-24	7.65407e-27	6.26497e-29	1.42436e-31	6.97983e-34	9.81753e-37	2.85363e-39	2.03862e-42	3.43191e-45	1.38848e-48	1.27019e-51	3.49067e-55	2.27592e-58	1.61205e-61	
CGA312	0	0	0	0	0	0	0	0	0	0	0	0	0	0	0	0	0	1	0	0	0	0	0	0	0	0	0	0	0	0	0	0	0	0	0	0	0	0	0	0	0	
N41	8.50747e-45	1.35611e-37	9.15616e-34	2.00106e-27	6.59276e-27	3.96226e-25	8.19764e-20	5.83549e-15	5.48441e-14	2.22149e-15	1.89879e-17	2.02602e-16	3.66201e-13	9.65882e-09	7.04237e-05	0.0421997	0.702364	0.251617	0.00374131	7.99501e-06	4.86433e-09	1.20099e-12	1.48408e-16	1.07138e-20	5.76732e-25	4.39678e-28	3.37993e-31	3.80553e-33	2.17766e-36	1.51367e-38	4.59266e-42	1.14102e-41	6.73842e-41	3.66971e-41	3.31732e-43	1.20998e-43	4.65569e-46	1.10055e-46	3.26889e-46	1.04789e-44	7.19128e-46	
N42	3.84576e-52	1.49299e-43	6.15965e-39	8.91804e-32	2.18302e-32	5.71975e-28	2.06847e-21	1.76141e-17	1.63948e-17	1.04319e-20	1.44663e-21	5.09706e-19	3.56562e-13	6.45317e-08	0.000711105	0.127946	0.826038	0.0452554	4.93142e-05	5.82056e-09	1.80091e-13	2.1992e-18	1.3271e-23	4.54438e-29	9.82125e-35	8.41469e-39	1.03375e-42	6.35978e-45	3.30905e-45	7.07505e-45	3.25927e-45	1.23495e-40	1.97605e-40	3.68772e-39	8.50511e-40	1.30794e-38	2.84641e-39	4.61408e-36	1.56135e-35	1.80894e-34	2.02461e-35	
N43	9.70591e-41	2.07758e-35	1.87968e-33	3.61929e-29	1.22679e-31	4.81203e-30	2.10101e-24	1.02173e-19	4.85619e-19	4.84472e-19	1.72103e-19	1.01221e-17	6.09676e-13	3.72021e-08	0.000401305	0.1195	0.836997	0.0430404	6.07908e-05	1.52252e-08	1.25142e-12	4.58842e-17	9.49202e-22	1.29463e-23	3.17814e-26	3.17137e-27	4.73873e-30	3.14926e-31	9.0377e-32	6.92579e-31	7.50607e-33	1.60077e-32	4.30161e-35	5.67433e-35	7.09309e-38	3.22044e-38	3.04681e-41	1.87441e-42	1.50256e-45	5.26729e-47	2.00816e-47	
N44	9.81042e-44	1.19886e-36	4.26863e-33	7.0386e-27	6.30986e-27	1.64921e-25	5.33641e-20	5.44974e-15	9.55461e-13	4.73186e-14	8.52546e-16	4.0317e-17	4.29543e-13	7.29629e-09	3.746e-05	0.0350732	0.84819	0.116261	0.000437877	4.07397e-07	1.5282e-10	2.96439e-14	3.97531e-18	6.89068e-21	8.79766e-24	4.42371e-26	3.66639e-29	9.64128e-32	7.11551e-33	6.91043e-33	6.11049e-34	6.97318e-35	1.61069e-36	1.1186e-37	1.10463e-39	2.88564e-41	1.92033e-43	3.549e-45	1.93435e-47	5.46343e-49	3.2024e-50	
CGA642	0	0	0	0	0	0	0	0	0	0	0	0	0	0	0	0	1	0	0	0	0	0	0	0	0	0	0	0	0	0	0	0	0	0	0	0	0	0	0	0	0	
N45	1.08675e-37	5.96525e-33	5.87376e-31	4.75078e-27	5.43692e-27	3.39442e-25	3.20972e-20	1.10439e-15	5.96116e-14	1.83543e-15	3.70446e-17	3.65583e-16	1.15813e-13	2.45786e-09	2.38911e-05	0.0418019	0.823411	0.134404	0.000359095	2.24875e-07	5.5199e-11	6.82822e-15	4.96911e-19	1.28031e-22	4.37486e-25	5.76556e-26	1.69121e-28	1.27868e-29	2.31543e-32	1.08432e-33	9.63864e-37	3.04951e-38	7.67716e-42	1.72453e-43	4.9493e-48	1.89147e-50	4.21562e-55	5.4275e-58	1.00791e-62	7.22216e-66	1.05065e-68	
CGA763	0	0	0	0	0	0	0	0	0	0	0	0	0	0	0	1	0	0	0	0	0	0	0	0	0	0	0	0	0	0	0	0	0	0	0	0	0	0	0	0	0	
C601	0	0	0	0	0	0	0	0	0	0	0	0	0	0	0	0	0	1	0	0	0	0	0	0	0	0	0	0	0	0	0	0	0	0	0	0	0	0	0	0	0	
N46	1.54627e-38	1.08915e-33	1.09582e-31	1.00164e-27	3.69942e-30	3.05388e-30	2.31476e-25	4.39535e-21	2.14467e-19	4.36348e-19	8.29169e-19	9.81862e-16	2.34371e-11	3.38377e-07	0.000911581	0.136908	0.822732	0.039355	9.36547e-05	5.25686e-08	1.13189e-11	1.19846e-15	7.24267e-20	8.57107e-23	4.94331e-25	1.0234e-25	4.05994e-28	4.32788e-29	1.14318e-31	6.53565e-33	6.93198e-36	3.98462e-37	6.07804e-38	1.4708e-37	3.80507e-40	1.84293e-40	3.96476e-43	4.38233e-43	4.93995e-44	4.87164e-44	5.16273e-44	
CGA236	0	0	0	0	0	0	0	0	0	0	0	0	0	0	0	0	1	0	0	0	0	0	0	0	0	0	0	0	0	0	0	0	0	0	0	0	0	0	0	0	0	
N47	7.52041e-45	3.60131e-39	7.65018e-36	1.67914e-31	1.54279e-31	2.36209e-27	1.77013e-22	5.52758e-19	1.64128e-17	4.05309e-17	8.91899e-16	1.90441e-12	1.08805e-08	2.40818e-05	0.00936651	0.243433	0.714349	0.0326898	0.000137364	1.6767e-07	8.96835e-11	2.60128e-14	4.66339e-18	3.12709e-21	2.69646e-23	5.94259e-24	4.4601e-26	5.63973e-27	3.15574e-29	2.33841e-30	8.74062e-33	3.88876e-34	5.02561e-37	1.52372e-38	2.09017e-42	1.44012e-44	1.39668e-48	2.19044e-51	1.58124e-55	1.85479e-58	9.75918e-61	
N48	2.5013e-40	5.32001e-34	2.16428e-29	3.94086e-25	2.15383e-22	7.36485e-20	1.19055e-15	2.46493e-13	1.22811e-11	2.04995e-11	9.10299e-10	2.64263e-08	8.38839e-07	0.000602635	0.0295088	0.308041	0.591011	0.0703822	0.000453011	9.22762e-07	8.85612e-10	4.89893e-13	2.09525e-16	3.19549e-18	2.42856e-20	1.12828e-21	6.18681e-24	1.66205e-25	6.41614e-28	1.01102e-29	2.24133e-32	2.199e-34	2.09616e-37	1.26533e-39	3.89522e-43	5.8292e-46	1.21349e-49	1.08651e-52	1.71254e-56	2.27488e-59	9.22521e-62	
Calboe	0	0	0	0	0	0	0	0	0	0	0	0	0	1	0	0	0	0	0	0	0	0	0	0	0	0	0	0	0	0	0	0	0	0	0	0	0	0	0	0	0	
C3125	0	0	0	0	0	0	0	0	0	0	0	0	0	0	0	0	0	1	0	0	0	0	0	0	0	0	0	0	0	0	0	0	0	0	0	0	0	0	0	0	0	
CGA429	0	0	0	0	0	0	0	0	0	0	0	0	0	0	1	0	0	0	0	0	0	0	0	0	0	0	0	0	0	0	0	0	0	0	0	0	0	0	0	0	0	
N49	2.15212e-49	4.35545e-42	4.17363e-37	6.10043e-32	6.80732e-31	1.79795e-25	1.34608e-20	4.1978e-19	4.9852e-20	1.25297e-20	9.21977e-17	7.16617e-12	1.67068e-07	0.000714708	0.124484	0.555433	0.313314	0.00605089	4.2993e-06	9.02236e-10	8.56608e-14	4.51124e-18	1.48755e-22	3.60494e-27	8.19487e-31	7.36963e-32	1.48373e-34	8.37428e-36	1.29984e-38	4.35519e-40	2.42059e-42	1.68698e-39	3.74047e-40	5.12839e-40	3.07612e-42	2.36538e-42	2.21661e-44	1.89575e-43	1.8484e-44	5.32199e-45	4.00925e-46	
C984	0	0	0	0	0	0	0	0	0	0	0	0	0	1	0	0	0	0	0	0	0	0	0	0	0	0	0	0	0	0	0	0	0	0	0	0	0	0	0	0	0	
N50	4.67121e-48	1.65144e-41	1.12583e-36	6.02849e-32	1.62898e-30	1.08572e-25	5.0363e-21	1.20367e-18	6.04613e-18	1.48318e-17	1.62061e-14	2.76628e-10	1.63708e-06	0.00208276	0.211433	0.585078	0.198733	0.00266864	3.3273e-06	1.51807e-09	3.51526e-13	4.86847e-17	4.56577e-21	4.58258e-23	4.19499e-25	9.80539e-26	6.1301e-28	8.3432e-29	2.49323e-31	2.3083e-32	2.99671e-35	2.03155e-36	9.97052e-40	4.90778e-41	4.5371e-45	6.45681e-47	4.0331e-51	7.45682e-54	3.56144e-58	4.50301e-61	3.335e-63	
CGA310	0	0	0	0	0	0	0	0	0	0	0	0	0	0	1	0	0	0	0	0	0	0	0	0	0	0	0	0	0	0	0	0	0	0	0	0	0	0	0	0	0	
N51	4.08195e-40	7.07736e-34	3.8997e-29	3.5445e-25	1.24958e-23	4.85117e-19	7.95229e-15	1.28926e-13	6.89604e-14	4.53606e-14	2.15033e-11	1.05544e-07	0.000178349	0.0648524	0.697901	0.225842	0.0111596	6.66648e-05	1.35432e-07	1.32901e-10	7.56712e-14	2.8355e-17	1.01152e-20	1.52567e-22	8.67834e-25	2.73998e-26	1.18912e-28	2.28252e-30	7.11915e-33	8.26818e-35	1.44376e-37	1.07633e-39	8.33085e-43	3.80182e-45	1.19078e-48	1.67421e-51	3.59655e-55	2.97483e-58	4.86051e-62	6.09646e-65	2.17113e-67	
CGA365	0	0	0	0	0	0	0	0	0	0	0	0	0	0	1	0	0	0	0	0	0	0	0	0	0	0	0	0	0	0	0	0	0	0	0	0	0	0	0	0	0	
CGA494	0	0	0	0	0	0	0	0	0	0	0	0	0	1	0	0	0	0	0	0	0	0	0	0	0	0	0	0	0	0	0	0	0	0	0	0	0	0	0	0	0	
N52	3.75372e-43	1.71296e-36	5.9873e-33	3.59837e-27	1.55824e-25	1.30042e-24	2.14055e-20	1.73187e-15	9.40989e-13	1.45489e-12	1.35085e-13	3.87026e-14	3.84805e-12	3.54226e-09	1.46068e-05	0.0134004	0.417242	0.532179	0.0369784	0.000185917	2.64475e-07	1.61573e-10	5.43882e-14	1.04573e-16	3.93477e-19	8.07703e-21	2.07691e-23	2.21594e-25	3.80465e-28	2.18616e-30	2.34546e-33	9.22477e-36	6.29877e-35	2.93809e-35	4.61873e-37	2.95141e-38	3.18509e-40	1.16789e-41	1.70917e-43	6.64014e-43	3.4717e-42	
N53	2.14943e-44	1.05636e-37	1.22472e-33	8.63178e-28	2.20584e-26	2.55938e-24	1.77487e-19	4.75101e-15	1.98669e-13	6.27173e-14	2.75203e-15	8.02937e-15	6.76981e-13	6.4592e-09	3.19507e-05	0.0271375	0.460301	0.495699	0.0167832	4.72979e-05	3.86992e-08	1.37892e-11	2.64806e-15	3.90735e-19	1.17709e-22	4.99946e-25	8.67858e-28	5.86748e-29	1.76949e-31	9.34139e-33	1.78091e-35	6.06774e-37	5.23843e-40	1.24215e-41	2.38128e-45	3.69165e-47	2.90975e-51	2.31406e-53	1.02973e-57	1.94342e-60	1.8467e-64	
C12265	0	0	0	0	0	0	0	0	0	0	0	0	0	0	0	0	0	1	0	0	0	0	0	0	0	0	0	0	0	0	0	0	0	0	0	0	0	0	0	0	0	
N54	1.04325e-45	2.78765e-38	1.77988e-34	3.24109e-28	1.17064e-29	6.98872e-26	2.25765e-20	1.50716e-16	3.3729e-18	5.65324e-20	2.993e-20	3.65821e-16	4.03319e-11	1.4527e-06	0.0109425	0.904583	0.0834258	0.00104588	1.04324e-06	2.21164e-10	1.87204e-14	8.1904e-19	2.13403e-23	3.62766e-28	4.64027e-33	1.69848e-36	6.67183e-40	2.06901e-38	7.22394e-38	2.31027e-38	8.88791e-40	1.84724e-40	5.76622e-42	8.01781e-43	1.41033e-44	1.33783e-45	5.99571e-48	2.33104e-49	7.04723e-52	1.08084e-53	5.28949e-56	
C404	0	0	0	0	0	0	0	0	0	0	0	0	0	0	1	0	0	0	0	0	0	0	0	0	0	0	0	0	0	0	0	0	0	0	0	0	0	0	0	0	0	
N55	6.48035e-38	5.10837e-33	4.15707e-31	2.57075e-27	3.19893e-30	9.69635e-28	1.62635e-22	3.01555e-18	4.91758e-19	3.71092e-19	1.61528e-19	1.43316e-16	1.73972e-11	6.78954e-07	0.00512012	0.93925	0.055327	0.000302064	1.46723e-07	1.94387e-11	1.1062e-15	3.38573e-20	6.5475e-25	2.79033e-27	5.54506e-30	4.26405e-31	5.82295e-34	2.5123e-35	1.92398e-38	4.94736e-40	2.79965e-44	4.64013e-46	1.06776e-50	1.03279e-52	1.31706e-57	5.73091e-60	4.92136e-65	3.94527e-68	2.82645e-73	9.45294e-77	9.10801e-80	
Cl11778	0	0	0	0	0	0	0	0	0	0	0	0	0	0	0	1	0	0	0	0	0	0	0	0	0	0	0	0	0	0	0	0	0	0	0	0	0	0	0	0	0	
CGA48	0	0	0	0	0	0	0	0	0	0	0	0	0	0	0	1	0	0	0	0	0	0	0	0	0	0	0	0	0	0	0	0	0	0	0	0	0	0	0	0	0	
C3126	0	0	0	0	0	0	0	0	0	0	0	0	0	0	0	0	0	0	1	0	0	0	0	0	0	0	0	0	0	0	0	0	0	0	0	0	0	0	0	0	0	
N56	2.71474e-40	9.53559e-34	1.87336e-30	9.21165e-25	1.45912e-21	1.15965e-22	8.60372e-19	3.64007e-14	3.31772e-10	2.24973e-10	9.34773e-12	1.65107e-13	1.58918e-14	5.42127e-11	1.61395e-07	0.000154751	0.0329878	0.748468	0.213743	0.00461979	2.58615e-05	5.83128e-08	6.8192e-11	9.72337e-14	2.95227e-16	3.23626e-18	9.66981e-21	5.78675e-23	1.07249e-25	4.9971e-28	3.56554e-28	1.25261e-28	9.72518e-30	1.17263e-30	5.10067e-32	3.85549e-33	1.16082e-34	6.08447e-36	1.43046e-37	7.09205e-39	3.65846e-40	
CGA311	0	0	0	0	0	0	0	0	0	0	0	0	0	0	0	0	0	1	0	0	0	0	0	0	0	0	0	0	0	0	0	0	0	0	0	0	0	0	0	0	0	
N57	5.19645e-40	2.93678e-35	4.62829e-33	5.06599e-28	1.58689e-24	2.08393e-24	1.9914e-20	1.06498e-15	7.46961e-12	6.27528e-12	1.88847e-13	1.98608e-15	1.50833e-15	2.49195e-12	2.00892e-08	5.00679e-05	0.0230499	0.751528	0.221429	0.00392823	1.536e-05	2.15488e-08	1.41886e-11	6.67327e-15	4.48743e-18	2.54368e-20	7.50175e-23	8.90744e-24	2.44913e-26	2.16043e-27	2.84941e-30	1.7061e-31	9.05085e-35	3.80895e-36	6.54991e-40	1.75956e-41	1.08219e-45	1.08251e-47	4.75619e-52	2.06677e-54	2.91481e-58	
N58	6.09433e-46	6.03764e-39	3.02263e-35	3.73259e-29	3.93002e-27	4.52167e-27	3.07267e-22	1.48788e-17	2.26083e-14	1.12534e-15	5.94259e-18	5.61713e-19	3.78312e-17	1.20106e-12	1.58796e-08	6.17769e-05	0.0427276	0.873749	0.0829533	0.000507591	7.34138e-07	4.0545e-10	1.09897e-13	1.70529e-17	1.68824e-21	4.94625e-25	9.59762e-28	2.27086e-29	3.99265e-32	5.45673e-34	6.96664e-37	5.57673e-39	6.56783e-42	1.38362e-40	5.69931e-42	1.59906e-42	1.82393e-44	2.98907e-45	1.75284e-47	1.10043e-48	2.25051e-49	
CGA45	0	0	0	0	0	0	0	0	0	0	0	0	0	0	0	0	1	0	0	0	0	0	0	0	0	0	0	0	0	0	0	0	0	0	0	0	0	0	0	0	0	
N59	3.00456e-47	1.10582e-40	1.14244e-36	5.51349e-31	5.18163e-28	1.4572e-27	3.02461e-23	5.05444e-19	8.56369e-16	6.71431e-17	4.32187e-17	3.59543e-17	1.24547e-16	1.32249e-12	1.35762e-08	4.45052e-05	0.0294781	0.896654	0.0733633	0.000459403	7.42185e-07	4.85153e-10	1.62416e-13	3.22051e-17	4.66223e-21	1.63654e-22	1.36975e-24	2.40974e-25	1.44024e-27	1.47568e-28	6.01463e-31	3.75093e-32	7.89645e-35	3.20498e-36	1.07846e-39	2.76119e-41	3.05123e-45	2.74836e-47	2.07233e-51	4.80205e-54	9.04089e-58	
C3043	0	0	0	0	0	0	0	0	0	0	0	0	0	0	0	0	0	1	0	0	0	0	0	0	0	0	0	0	0	0	0	0	0	0	0	0	0	0	0	0	0	
CGA364	0	0	0	0	0	0	0	0	0	0	0	0	0	0	0	0	0	1	0	0	0	0	0	0	0	0	0	0	0	0	0	0	0	0	0	0	0	0	0	0	0	
C2208	0	0	0	0	0	0	0	0	0	0	0	0	0	0	0	0	0	0	1	0	0	0	0	0	0	0	0	0	0	0	0	0	0	0	0	0	0	0	0	0	0	
N60	1.78689e-35	1.28992e-29	1.80884e-26	1.93113e-21	2.70256e-19	9.4632e-20	7.41231e-16	6.63706e-12	1.19305e-08	3.32109e-09	2.30229e-10	7.8225e-12	3.50735e-12	4.22491e-09	3.68245e-06	0.00110208	0.0827339	0.837148	0.077488	0.0015135	1.11772e-05	4.1324e-08	9.42346e-11	3.5818e-13	2.25587e-15	3.578e-17	2.04642e-19	1.96146e-21	7.61215e-24	4.42624e-26	1.15669e-28	4.14997e-31	6.96825e-34	1.53837e-36	1.57091e-39	2.16247e-42	1.46267e-45	1.39276e-48	7.16615e-52	6.46815e-55	6.19621e-58	
N61	9.97567e-42	6.17952e-35	2.12217e-31	1.6885e-25	2.69373e-23	8.12173e-24	3.8699e-19	1.23013e-14	3.41515e-11	6.54894e-13	3.03629e-15	3.85318e-17	2.18889e-16	3.53607e-12	3.41132e-08	0.000100074	0.0550275	0.920973	0.023811	8.84322e-05	1.02706e-07	5.27263e-11	1.45655e-14	2.51426e-18	3.74637e-22	1.5548e-24	2.88255e-27	3.12113e-29	4.04015e-32	2.59513e-34	2.22789e-37	8.83813e-40	4.47095e-43	1.13237e-45	2.68562e-49	4.26332e-52	3.54633e-56	2.14235e-59	1.22498e-63	4.01377e-67	3.89824e-71	
CGA453	0	0	0	0	0	0	0	0	0	0	0	0	0	0	0	0	0	1	0	0	0	0	0	0	0	0	0	0	0	0	0	0	0	0	0	0	0	0	0	0	0	
N62	8.77511e-46	1.04486e-38	7.05193e-35	1.10849e-28	3.18375e-27	1.71952e-26	2.14523e-21	1.23607e-16	7.58658e-14	2.02174e-16	3.73514e-19	5.7715e-20	8.54947e-18	3.75031e-13	9.63377e-09	7.56587e-05	0.107547	0.886048	0.00632247	6.81726e-06	2.40057e-09	3.86567e-13	3.43809e-17	1.90712e-21	7.70984e-26	2.24344e-28	3.64281e-31	8.2059e-33	9.94704e-36	1.34546e-37	1.22156e-40	1.01244e-42	6.15942e-46	3.20538e-48	8.66808e-52	3.00055e-54	1.03267e-58	7.73291e-62	1.95269e-66	5.94686e-70	3.53945e-74	
CGA501	0	0	0	0	0	0	0	0	0	0	0	0	0	0	0	0	0	1	0	0	0	0	0	0	0	0	0	0	0	0	0	0	0	0	0	0	0	0	0	0	0	
C3121	0	0	0	0	0	0	0	0	0	0	0	0	0	0	0	0	1	0	0	0	0	0	0	0	0	0	0	0	0	0	0	0	0	0	0	0	0	0	0	0	0	
N63	5.26239e-44	1.07766e-36	2.01995e-33	5.27421e-27	8.48468e-25	1.51465e-26	1.84519e-21	1.86827e-16	3.49607e-12	1.10356e-14	5.92511e-17	2.81882e-19	7.52464e-21	4.33163e-16	2.24915e-11	4.09e-07	0.00187176	0.993769	0.00435624	2.90369e-06	6.40072e-10	6.49605e-14	3.63921e-18	1.31238e-22	5.24164e-27	4.18139e-30	1.10202e-33	1.02226e-36	1.75243e-40	8.72881e-44	9.32402e-48	2.44012e-51	1.44049e-55	1.86533e-59	4.73618e-64	2.70466e-68	1.91347e-73	2.88625e-78	7.6392e-84	3.60653e-89	5.04643e-95	
Calparcri	0	0	0	0	0	0	0	0	0	0	0	0	0	0	0	0	0	1	0	0	0	0	0	0	0	0	0	0	0	0	0	0	0	0	0	0	0	0	0	0	0	
C3118	0	0	0	0	0	0	0	0	0	0	0	0	0	0	0	0	0	1	0	0	0	0	0	0	0	0	0	0	0	0	0	0	0	0	0	0	0	0	0	0	0	
N64	1.71745e-40	4.26288e-35	6.28349e-33	1.32658e-28	8.11935e-28	3.5756e-25	4.26767e-20	5.11089e-16	2.98168e-14	6.55732e-14	7.68904e-14	1.05263e-12	2.2795e-10	9.86675e-07	0.000974364	0.0987334	0.692664	0.205981	0.00164507	1.98707e-06	6.89383e-10	1.0721e-13	1.99916e-17	2.92778e-19	1.29453e-21	6.41283e-22	5.89758e-24	1.63482e-24	4.77149e-27	6.41303e-28	5.05753e-31	3.67006e-32	7.13149e-36	8.80349e-37	3.37017e-39	4.04629e-39	2.27881e-41	4.03309e-41	6.52391e-43	1.60121e-43	2.44509e-44	
N65	1.1252e-40	1.80455e-34	8.67145e-31	1.70414e-25	2.25478e-22	3.60741e-22	1.81914e-18	2.66428e-14	3.89775e-11	3.08098e-10	2.60403e-10	9.3677e-11	2.83202e-10	2.46279e-07	0.00013783	0.0191994	0.365069	0.530661	0.0821585	0.00274311	3.07867e-05	1.54237e-07	5.20781e-10	3.89781e-11	1.23478e-12	1.65462e-13	3.09702e-15	2.0408e-16	2.33439e-18	7.97335e-20	4.93845e-22	9.01862e-24	2.01775e-26	1.93413e-28	1.8227e-31	6.01608e-34	3.55913e-37	6.56333e-40	2.76807e-43	7.03472e-46	4.34853e-48	
N66	6.47309e-37	3.98691e-31	2.46841e-27	5.37508e-23	8.25961e-20	3.18959e-19	8.50833e-17	1.51636e-13	6.0912e-11	1.8075e-09	8.43498e-09	1.019e-08	1.41117e-08	2.34005e-06	0.000467843	0.0274684	0.345551	0.549677	0.0746516	0.00215974	2.16957e-05	9.97771e-08	2.50039e-10	4.31962e-13	1.31525e-15	7.13877e-17	8.70194e-19	3.73586e-20	3.12398e-22	7.73268e-24	4.30875e-26	6.25248e-28	2.0183e-30	1.73805e-32	2.51318e-35	1.21574e-37	9.98706e-41	2.53226e-43	1.44259e-46	2.42997e-49	2.52623e-52	
N67	2.10128e-35	1.46321e-29	2.5514e-25	4.61579e-22	1.55048e-18	6.73273e-17	7.42888e-15	5.65598e-13	1.6611e-10	6.95592e-09	1.169e-07	8.57117e-07	2.34209e-06	0.000164371	0.00670854	0.100165	0.457527	0.410119	0.0249915	0.000319511	1.48672e-06	3.34172e-09	4.29096e-12	3.52751e-15	2.16515e-18	1.7713e-20	1.65528e-22	9.6037e-24	6.93252e-26	2.48695e-27	1.27721e-29	2.89327e-31	9.19443e-34	1.34828e-35	1.96926e-38	1.86765e-40	1.16301e-43	5.40696e-46	2.28313e-49	5.67701e-52	3.93057e-55	
N68	3.22033e-38	5.38607e-32	1.64575e-28	4.11808e-23	3.36887e-20	1.58306e-20	1.48197e-16	2.86667e-12	9.69455e-09	1.08144e-08	1.43503e-09	7.41705e-11	3.38873e-11	3.29878e-08	2.10619e-05	0.00390004	0.155183	0.754367	0.0849587	0.00156076	9.11839e-06	3.60807e-08	3.55071e-10	2.4395e-11	2.56022e-13	8.6897e-15	4.34634e-17	7.92365e-19	2.04955e-21	2.20431e-23	3.14601e-26	2.06267e-28	1.71535e-31	6.67304e-34	3.43567e-37	7.28657e-40	2.53574e-43	2.96656e-46	7.79947e-50	1.03226e-52	2.86925e-55	
Triowe	0	0	0	0	0	0	0	0	0	0	0	0	0	0	0	0	0	1	0	0	0	0	0	0	0	0	0	0	0	0	0	0	0	0	0	0	0	0	0	0	0	
N69	1.54269e-38	1.45904e-32	9.49314e-29	1.12412e-23	6.65395e-21	2.99183e-20	1.75181e-16	9.9678e-13	7.47609e-10	5.66273e-10	5.59056e-11	2.90858e-12	2.88766e-12	3.46878e-09	4.22646e-06	0.0015273	0.110328	0.788776	0.097437	0.00191577	1.19559e-05	3.46351e-08	7.36752e-11	6.46793e-13	3.51563e-15	1.47337e-16	1.89136e-18	2.86812e-19	2.64932e-21	2.6057e-22	1.23211e-24	8.13708e-26	1.70425e-28	7.66175e-30	6.57455e-33	1.72931e-34	7.29943e-38	6.77077e-40	2.17227e-43	9.83112e-46	1.00016e-48	
Trijoh	0	0	0	0	0	0	0	0	0	0	0	0	0	0	0	0	0	1	0	0	0	0	0	0	0	0	0	0	0	0	0	0	0	0	0	0	0	0	0	0	0	
Trimel	0	0	0	0	0	0	0	0	0	0	0	0	0	0	0	0	0	1	0	0	0	0	0	0	0	0	0	0	0	0	0	0	0	0	0	0	0	0	0	0	0	
N70	1.2745e-33	1.25693e-27	3.86743e-22	7.3319e-22	4.2225e-17	1.03327e-12	4.77366e-13	6.8659e-14	1.62633e-11	1.76861e-07	0.000614842	0.378012	0.487683	0.122723	0.0105787	0.000381983	6.10818e-06	4.06844e-08	9.05226e-11	8.87758e-14	4.82053e-17	1.66163e-20	3.97019e-24	7.03839e-28	1.04592e-31	8.55135e-35	1.14052e-37	5.80532e-40	7.15908e-43	2.51279e-45	2.51701e-48	5.98847e-51	4.5694e-54	7.14247e-57	3.59283e-60	3.48399e-63	8.66846e-67	4.70202e-70	7.68397e-74	2.71445e-77	5.60959e-81	
N71	8.58323e-35	1.01316e-28	3.05733e-23	2.08027e-22	9.41315e-18	2.08808e-13	3.49512e-13	2.05974e-13	5.57488e-11	6.10034e-07	0.00175425	0.631809	0.339916	0.02597	0.000545777	4.12831e-06	1.26625e-08	1.63732e-11	9.14255e-15	2.71493e-18	5.73436e-22	3.99638e-24	1.1324e-26	2.84167e-28	2.35141e-31	3.90908e-33	1.56547e-36	1.77553e-38	4.27911e-42	3.29668e-44	5.40018e-48	2.74622e-50	3.31143e-54	1.05062e-56	9.87311e-61	1.78277e-63	1.35992e-67	1.26778e-70	8.91393e-75	1.60352e-77	1.03837e-79	
Trihoe	0	0	0	0	0	0	0	0	0	0	0	1	0	0	0	0	0	0	0	0	0	0	0	0	0	0	0	0	0	0	0	0	0	0	0	0	0	0	0	0	0	
Tribit	0	0	0	0	0	0	0	0	0	0	0	1	0	0	0	0	0	0	0	0	0	0	0	0	0	0	0	0	0	0	0	0	0	0	0	0	0	0	0	0	0	
Trijac	0	0	0	0	0	0	0	0	0	0	0	1	0	0	0	0	0	0	0	0	0	0	0	0	0	0	0	0	0	0	0	0	0	0	0	0	0	0	0	0	0	
N72	4.50538e-37	3.05723e-31	5.39254e-28	5.13816e-23	1.62764e-20	7.4319e-21	3.83494e-17	3.50535e-13	6.57485e-10	6.37064e-10	1.07751e-10	8.29069e-12	4.81611e-12	5.23022e-09	4.52879e-06	0.00129608	0.0877706	0.763393	0.14279	0.00469421	5.12062e-05	2.5348e-07	6.96156e-10	2.55635e-12	2.41761e-14	9.87451e-16	9.76481e-18	2.30079e-19	1.48457e-21	2.03309e-23	8.39372e-26	6.88446e-28	1.68816e-30	8.37757e-33	1.11911e-35	3.21785e-38	2.643e-41	4.42017e-44	2.54699e-47	3.40481e-50	4.18828e-53	
Tricri	0	0	0	0	0	0	0	0	0	0	0	0	0	0	0	0	0	1	0	0	0	0	0	0	0	0	0	0	0	0	0	0	0	0	0	0	0	0	0	0	0	
N73	4.79884e-39	4.14484e-33	1.67963e-29	1.83035e-24	6.71175e-22	1.28333e-21	6.91511e-18	3.6061e-14	2.6846e-11	1.09779e-11	1.00867e-12	1.57468e-13	2.12729e-13	3.70582e-10	6.60946e-07	0.000391914	0.0538612	0.814326	0.128346	0.00305232	2.25829e-05	7.31679e-08	1.26542e-10	1.36311e-13	1.30788e-16	4.1413e-18	5.25494e-20	4.52181e-21	4.01397e-23	2.08146e-24	1.18389e-26	3.88264e-28	1.21036e-30	2.62526e-32	3.50798e-35	4.84641e-37	2.68041e-40	1.58695e-42	6.2036e-46	1.924e-48	1.4121e-51	
Triwie	0	0	0	0	0	0	0	0	0	0	0	0	0	0	0	0	0	1	0	0	0	0	0	0	0	0	0	0	0	0	0	0	0	0	0	0	0	0	0	0	0	
Triqua	0	0	0	0	0	0	0	0	0	0	0	0	0	0	0	0	0	1	0	0	0	0	0	0	0	0	0	0	0	0	0	0	0	0	0	0	0	0	0	0	0	
N74	5.95496e-36	7.74299e-31	2.35944e-27	3.58623e-23	1.33265e-20	8.39929e-20	5.95405e-17	6.84038e-14	1.77007e-11	2.29997e-10	7.41512e-10	1.05811e-09	3.42616e-09	6.60024e-07	0.00015773	0.0129781	0.245319	0.55639	0.17097	0.013751	0.000426617	6.45196e-06	5.5549e-08	5.49316e-10	2.87237e-11	1.7741e-11	1.29019e-12	4.55862e-13	2.23721e-14	4.54531e-15	1.38382e-16	1.66692e-17	2.37086e-19	1.76101e-20	9.06349e-23	3.21323e-24	9.98892e-27	1.57573e-28	3.55469e-31	3.72467e-33	3.39367e-35	
N75	2.77709e-34	4.80327e-29	7.73267e-26	2.05615e-21	3.7474e-19	7.28891e-19	1.54983e-15	4.26676e-12	2.35351e-09	4.40698e-09	1.83397e-09	3.61926e-10	2.45289e-10	7.32598e-08	2.50856e-05	0.00316508	0.111183	0.665321	0.205571	0.0143528	0.000376758	4.83669e-06	3.57257e-08	1.94278e-10	1.46416e-12	7.76929e-14	1.68584e-15	8.06418e-17	1.2358e-18	3.62434e-20	3.85525e-22	7.06736e-24	4.94454e-26	5.66427e-28	2.4002e-30	1.72901e-32	4.67224e-35	2.15808e-37	4.21368e-40	1.5423e-42	4.55269e-45	
Kinboe	0	0	0	0	0	0	0	0	0	0	0	0	0	0	0	0	0	1	0	0	0	0	0	0	0	0	0	0	0	0	0	0	0	0	0	0	0	0	0	0	0	
Kinfis	0	0	0	0	0	0	0	0	0	0	0	0	0	0	0	0	0	1	0	0	0	0	0	0	0	0	0	0	0	0	0	0	0	0	0	0	0	0	0	0	0	
Kinxen	0	0	0	0	0	0	0	0	0	0	0	0	0	0	0	0	0	1	0	0	0	0	0	0	0	0	0	0	0	0	0	0	0	0	0	0	0	0	0	0	0	
N76	3.66182e-47	8.86031e-40	1.11896e-34	7.78551e-30	9.60684e-27	3.70665e-23	2.1322e-19	9.43011e-17	5.71271e-15	6.15897e-14	1.4091e-13	4.16717e-11	5.7945e-08	3.81629e-05	0.00592697	0.170848	0.666385	0.155497	0.00130268	2.47765e-06	1.87036e-09	8.06605e-13	4.46232e-16	7.09907e-19	9.17705e-21	3.98405e-20	4.34129e-21	1.0515e-20	6.13066e-22	6.30385e-22	1.5858e-23	7.30506e-24	4.71237e-26	1.13385e-26	9.33387e-30	1.04062e-30	2.28553e-34	3.08644e-36	4.60378e-40	1.86494e-42	2.7167e-45	
N77	1.48394e-30	1.15232e-25	2.70405e-21	1.35348e-19	5.40407e-16	7.81074e-13	8.03465e-12	2.23934e-11	1.34469e-09	9.50871e-07	0.00028793	0.0218048	0.171897	0.374669	0.30854	0.106897	0.0151709	0.000722122	1.07496e-05	7.93499e-08	3.55156e-10	1.07828e-12	2.39406e-15	5.54337e-18	4.32042e-20	3.82942e-21	7.85434e-23	5.40035e-24	9.17891e-26	4.28617e-27	5.80432e-29	1.79464e-30	1.69718e-32	3.27231e-34	1.58069e-36	1.82291e-38	4.75246e-41	2.60171e-43	4.61603e-46	2.0927e-48	9.3327e-51	
N78	8.79405e-32	1.42553e-25	6.56974e-20	6.42454e-20	3.98432e-15	8.84615e-11	2.97938e-11	1.77258e-12	2.19785e-10	1.33178e-06	0.00222715	0.537434	0.412124	0.0467066	0.00148955	1.72035e-05	8.11937e-08	1.70192e-10	1.80413e-13	1.1061e-16	4.38346e-20	1.68216e-23	1.24031e-26	4.71538e-29	6.16834e-32	1.79009e-34	1.60247e-37	3.06146e-40	1.86557e-43	2.41494e-46	1.00146e-49	8.8633e-53	2.50313e-56	1.49519e-59	2.90853e-63	1.14991e-66	1.6076e-70	4.49068e-74	5.28025e-78	1.79747e-81	8.78132e-85	
N79	1.00546e-34	3.94705e-28	4.41228e-22	2.7605e-22	5.48646e-17	4.87784e-12	8.86383e-13	4.21121e-14	1.5387e-11	3.20829e-07	0.00158106	0.869268	0.127518	0.00162893	4.45435e-06	4.06495e-09	1.62128e-12	3.44677e-16	5.67478e-20	1.79982e-22	2.42835e-25	1.41046e-27	1.10497e-30	3.20983e-33	7.49646e-37	1.21059e-39	1.27096e-43	1.05552e-46	6.91179e-51	2.99778e-54	1.39953e-58	3.46025e-62	1.20047e-66	1.91296e-70	4.96717e-75	5.82297e-79	1.30275e-83	3.8963e-87	3.45029e-90	3.43017e-93	2.53358e-96	
N80	3.90435e-34	4.38094e-28	1.20756e-22	8.76663e-22	2.84093e-17	4.0749e-13	7.03832e-13	4.95947e-13	1.36913e-10	1.36147e-06	0.00339557	0.912325	0.0836818	0.000594843	1.0183e-06	6.81592e-10	2.30777e-13	1.40146e-16	7.76566e-19	7.7379e-20	4.08851e-22	2.11103e-23	6.20492e-26	1.72018e-27	3.81581e-31	4.00166e-33	4.94564e-37	1.56317e-39	1.47528e-43	2.05425e-46	1.5113e-50	1.31275e-53	7.48225e-58	5.00805e-61	2.3187e-65	3.31444e-68	6.9952e-72	1.40028e-73	2.12983e-75	3.12273e-77	3.41173e-79	
Chaafr	0	0	0	0	0	0	0	0	0	0	0	1	0	0	0	0	0	0	0	0	0	0	0	0	0	0	0	0	0	0	0	0	0	0	0	0	0	0	0	0	0	
Chacha	0	0	0	0	0	0	0	0	0	0	0	1	0	0	0	0	0	0	0	0	0	0	0	0	0	0	0	0	0	0	0	0	0	0	0	0	0	0	0	0	0	
N81	5.48589e-34	6.24598e-28	1.91388e-22	1.01646e-21	5.62365e-17	1.47064e-12	1.72532e-12	6.68335e-13	1.44754e-10	1.42464e-06	0.00350367	0.931179	0.0649425	0.000372879	5.49744e-07	3.29939e-10	1.03174e-13	8.05498e-17	3.82241e-19	2.13165e-20	8.64336e-23	2.48298e-24	5.96188e-27	8.75647e-29	2.02284e-32	1.11997e-34	1.43915e-38	2.47326e-41	2.34327e-45	1.97194e-48	1.39049e-52	8.02668e-56	4.25486e-60	1.9994e-63	8.86034e-68	1.21867e-70	3.46043e-74	3.72756e-76	2.9789e-78	2.19865e-80	1.2045e-82	
Chacaly	0	0	0	0	0	0	0	0	0	0	0	1	0	0	0	0	0	0	0	0	0	0	0	0	0	0	0	0	0	0	0	0	0	0	0	0	0	0	0	0	0	
Chazey	0	0	0	0	0	0	0	0	0	0	0	1	0	0	0	0	0	0	0	0	0	0	0	0	0	0	0	0	0	0	0	0	0	0	0	0	0	0	0	0	0	
N82	9.44044e-31	2.8722e-25	2.1557e-20	4.83048e-19	3.65421e-15	6.35337e-12	8.64181e-12	1.60595e-11	2.93371e-09	8.23811e-06	0.00636157	0.60858	0.357893	0.0266464	0.000507333	3.42445e-06	1.00562e-08	1.50967e-11	1.43477e-14	3.82541e-16	5.78769e-18	8.88211e-19	7.35127e-21	6.33638e-22	7.38363e-25	3.50109e-26	2.08262e-29	5.30317e-31	2.16998e-34	2.96181e-36	9.48877e-40	7.09621e-42	1.88589e-45	8.15367e-48	1.82642e-51	5.04388e-54	9.52525e-58	2.51667e-60	3.11651e-62	1.39045e-63	4.82593e-65	
Chadil	0	0	0	0	0	0	0	0	0	0	0	1	0	0	0	0	0	0	0	0	0	0	0	0	0	0	0	0	0	0	0	0	0	0	0	0	0	0	0	0	0	
Chasen	0	0	0	0	0	0	0	0	0	0	0	1	0	0	0	0	0	0	0	0	0	0	0	0	0	0	0	0	0	0	0	0	0	0	0	0	0	0	0	0	0	
Chanam	0	0	0	0	0	0	0	0	0	0	0	1	0	0	0	0	0	0	0	0	0	0	0	0	0	0	0	0	0	0	0	0	0	0	0	0	0	0	0	0	0	
N83	3.60092e-32	4.64003e-29	3.9493e-27	6.1924e-25	3.00647e-25	5.50396e-23	1.45071e-19	7.44017e-17	5.47644e-15	8.5135e-14	1.3613e-12	1.63203e-10	1.01612e-07	5.00355e-05	0.00672039	0.176939	0.657648	0.156368	0.00226445	1.03172e-05	2.2768e-08	3.38925e-11	1.01838e-13	1.63381e-12	1.77545e-12	1.00512e-10	4.23625e-11	1.31e-09	1.87262e-10	3.19048e-09	1.40616e-10	1.3196e-09	1.53689e-11	7.66592e-11	2.10804e-13	3.0136e-13	4.4637e-16	5.93866e-17	6.3795e-20	3.63498e-21	8.53074e-22	
Riebrev	0	0	0	0	0	0	0	0	0	0	0	0	0	0	0	0	0	0	0	0	0	0	0	0	0	0	0	0	0	0	1	0	0	0	0	0	0	0	0	0	0	
N84	2.91623e-36	6.85498e-30	6.83176e-27	2.46018e-21	8.99785e-22	5.69994e-21	4.10567e-16	1.04745e-11	5.05178e-10	9.79903e-12	7.37463e-14	8.86635e-16	1.85485e-12	9.64074e-09	1.87968e-05	0.0105669	0.951608	0.0375289	0.00027656	7.20948e-07	8.91429e-10	6.56862e-13	3.93265e-16	6.35907e-19	9.98917e-22	2.33145e-24	2.77776e-27	3.85607e-30	3.09982e-33	2.58681e-36	1.34789e-39	6.84801e-43	2.24468e-46	7.05097e-50	1.44223e-53	2.92277e-57	3.98185e-61	6.0207e-65	7.16985e-69	1.31308e-72	2.80962e-76	
N85	3.14619e-46	1.17327e-38	4.87464e-35	2.61302e-28	1.7889e-28	4.66788e-27	4.38822e-21	9.47865e-16	8.22835e-14	5.345e-17	1.34485e-20	2.09096e-22	1.66028e-17	2.39122e-12	1.09539e-07	0.00109657	0.987216	0.0116755	1.19738e-05	3.00158e-09	2.85244e-13	1.31335e-17	3.44541e-22	9.44339e-27	1.94294e-30	1.36846e-32	4.72112e-36	3.7524e-38	3.39097e-37	1.62118e-35	4.83956e-37	1.86229e-37	2.40399e-39	6.86657e-40	1.57466e-42	1.39002e-43	2.47419e-46	1.02087e-47	1.57033e-50	4.06509e-52	6.50689e-54	
N86	4.2194e-42	7.52695e-37	7.43579e-35	2.27627e-30	1.97096e-31	3.03125e-29	2.42809e-23	4.05945e-18	3.8787e-16	1.26195e-19	6.64033e-23	5.22478e-23	5.64919e-18	1.04101e-12	6.26061e-08	0.000838745	0.989524	0.00963023	7.02926e-06	1.21523e-09	7.95549e-14	2.53492e-18	4.58237e-23	9.61161e-28	9.12746e-31	1.11578e-31	1.53928e-34	1.01152e-35	9.35612e-39	3.47159e-40	1.81085e-43	4.07702e-45	5.25362e-46	6.84355e-45	4.7613e-48	1.19942e-48	7.08715e-52	4.9628e-53	3.2968e-56	2.17049e-55	9.53828e-54	
Braset	0	0	0	0	0	0	0	0	0	0	0	0	0	0	0	0	1	0	0	0	0	0	0	0	0	0	0	0	0	0	0	0	0	0	0	0	0	0	0	0	0	
N87	7.30254e-51	1.1692e-43	1.18753e-39	2.55191e-33	6.84794e-33	5.41285e-31	1.38941e-25	8.62374e-21	5.15325e-19	1.83594e-20	4.53818e-21	2.55835e-21	1.14913e-16	8.42434e-12	2.17614e-07	0.00140884	0.990928	0.00765667	6.59463e-06	1.66631e-09	1.82789e-13	1.07429e-17	3.85428e-22	4.67341e-26	9.08507e-29	5.71318e-30	9.64536e-33	3.4623e-34	4.38695e-37	9.21056e-39	8.89283e-42	1.08172e-43	6.46757e-47	4.5325e-49	1.01119e-53	7.07474e-57	1.17563e-61	2.89584e-65	3.43154e-70	9.72518e-74	2.30795e-76	
N88	6.13601e-54	6.94843e-46	5.42236e-42	8.94007e-35	1.84756e-35	1.99555e-33	6.7193e-27	8.14529e-21	1.66506e-18	3.07335e-20	2.66961e-22	7.06358e-24	1.23111e-18	2.78091e-13	2.22553e-08	0.000450781	0.998242	0.00130664	2.39997e-07	1.44381e-11	4.01568e-16	6.21193e-21	6.05207e-26	3.33606e-30	6.97585e-34	1.41511e-36	2.16685e-40	2.33564e-43	2.40683e-47	1.35895e-50	9.23026e-55	2.55092e-58	9.39729e-63	1.05386e-66	3.08091e-72	3.44849e-77	4.05674e-83	1.68238e-88	6.87494e-95	1.59299e-100	3.63639e-106	
Bramel	0	0	0	0	0	0	0	0	0	0	0	0	0	0	0	0	1	0	0	0	0	0	0	0	0	0	0	0	0	0	0	0	0	0	0	0	0	0	0	0	0	
Bratha	0	0	0	0	0	0	0	0	0	0	0	0	0	0	0	0	1	0	0	0	0	0	0	0	0	0	0	0	0	0	0	0	0	0	0	0	0	0	0	0	0	
N89	6.69071e-53	1.7406e-45	1.65364e-41	7.66387e-35	1.08239e-34	1.72701e-32	1.79569e-26	6.59875e-21	1.92914e-18	2.58386e-19	1.50988e-20	2.57628e-21	1.33594e-16	9.33783e-12	2.31674e-07	0.00145216	0.993962	0.00458259	2.89709e-06	5.90314e-10	5.51476e-14	2.86315e-18	9.36884e-23	1.72648e-26	1.78235e-29	2.66269e-31	2.17415e-34	1.87027e-36	1.13865e-39	5.74886e-42	2.65312e-45	7.69954e-48	2.32292e-51	3.55852e-54	7.60624e-59	1.27091e-62	1.76247e-67	1.64333e-71	1.58632e-76	2.3058e-80	1.48982e-83	
Bradra	0	0	0	0	0	0	0	0	0	0	0	0	0	0	0	0	1	0	0	0	0	0	0	0	0	0	0	0	0	0	0	0	0	0	0	0	0	0	0	0	0	
Bratra	0	0	0	0	0	0	0	0	0	0	0	0	0	0	0	0	1	0	0	0	0	0	0	0	0	0	0	0	0	0	0	0	0	0	0	0	0	0	0	0	0	
N90	9.32836e-47	8.97463e-40	2.93721e-36	3.5398e-30	1.36655e-30	4.64589e-29	8.36669e-24	6.09358e-19	6.97976e-17	6.29956e-18	2.67163e-19	3.30235e-20	1.01605e-15	4.23778e-11	6.29323e-07	0.00237261	0.990487	0.00713241	7.22655e-06	2.38934e-09	3.65045e-13	3.11757e-17	1.69322e-21	4.27702e-25	4.73823e-28	5.18705e-30	4.66217e-33	2.95899e-35	1.98126e-38	7.42567e-41	3.77514e-44	8.15358e-47	2.73678e-50	2.98426e-53	1.10645e-57	1.85382e-61	4.21276e-66	4.27962e-70	6.81288e-75	1.00914e-78	4.60336e-82	
Bragut	0	0	0	0	0	0	0	0	0	0	0	0	0	0	0	0	1	0	0	0	0	0	0	0	0	0	0	0	0	0	0	0	0	0	0	0	0	0	0	0	0	
Braven	0	0	0	0	0	0	0	0	0	0	0	0	0	0	0	0	1	0	0	0	0	0	0	0	0	0	0	0	0	0	0	0	0	0	0	0	0	0	0	0	0	
N91	1.77475e-40	5.07676e-34	1.73209e-30	6.3147e-25	9.12381e-25	3.2555e-23	1.50969e-18	1.72232e-14	3.27598e-13	1.34536e-15	5.47083e-17	1.98493e-17	1.62514e-13	1.89086e-09	7.79915e-06	0.00814797	0.96409	0.0276424	0.000111737	1.45183e-07	8.58915e-11	2.80558e-14	5.74698e-18	3.0262e-21	9.78864e-24	3.48444e-25	1.06175e-27	2.22202e-29	5.00807e-32	6.30714e-34	1.02206e-36	7.76477e-39	7.34128e-42	3.26532e-44	4.4285e-48	4.20763e-51	3.9603e-55	2.05814e-58	1.45613e-62	7.39306e-66	9.44054e-69	
Brapum	0	0	0	0	0	0	0	0	0	0	0	0	0	0	0	0	1	0	0	0	0	0	0	0	0	0	0	0	0	0	0	0	0	0	0	0	0	0	0	0	0	
Bradam	0	0	0	0	0	0	0	0	0	0	0	0	0	0	0	0	1	0	0	0	0	0	0	0	0	0	0	0	0	0	0	0	0	0	0	0	0	0	0	0	0	
