NODE	1	2	3	4	5	6	7	8	9	10	11	12	13	14	15	16	17	18	19	20	21	22	23	24	25	26	27	28	29	
N1	1.02328e-53	3.55257e-50	1.09518e-46	2.77311e-43	5.67349e-40	9.17709e-37	1.14767e-33	1.0947e-30	7.9982e-28	5.47517e-25	3.62966e-22	1.62915e-19	4.51285e-17	6.95156e-15	5.1342e-13	0.0484117	0.367731	0.583858	7.10073e-11	8.97979e-12	4.73905e-13	1.27731e-14	2.01017e-16	2.02599e-18	1.39785e-20	6.94006e-23	2.57666e-25	7.37518e-28	1.73505e-30	
N2	4.46053e-54	5.90986e-50	8.08283e-46	8.83213e-42	7.82059e-38	5.84101e-34	3.85392e-30	2.2451e-26	1.07809e-22	3.92193e-19	9.99974e-16	1.65502e-12	1.65282e-09	8.99236e-07	0.000227199	0.0198051	0.243022	0.596417	0.134191	0.00623936	9.65297e-05	6.49565e-07	2.24537e-09	4.46075e-12	5.51954e-15	4.63987e-18	5.2163e-20	1.68852e-20	3.54793e-21	
N3	9.70264e-61	5.39776e-56	2.48354e-51	8.05611e-47	1.77314e-42	2.52777e-38	2.22128e-34	1.16059e-30	3.10578e-27	2.74061e-24	2.57903e-20	1.80009e-16	7.29019e-13	1.54581e-09	1.48233e-06	0.000515601	0.0458823	0.597495	0.335233	0.0205883	0.000282888	1.29885e-06	2.54196e-09	2.488e-12	1.36167e-15	4.52181e-19	9.71191e-23	1.65451e-26	1.90987e-29	
N4	1.63444e-64	1.57975e-59	1.39192e-54	9.31621e-50	4.58968e-45	1.61256e-40	3.92154e-36	6.40254e-32	6.79078e-28	6.76052e-24	6.2307e-20	3.61045e-16	1.21569e-12	2.15947e-09	1.76568e-06	0.00054226	0.0451165	0.569733	0.357029	0.0270906	0.00048434	2.9574e-06	7.75059e-09	1.01533e-11	7.40507e-15	3.2559e-18	9.25441e-22	1.77295e-24	1.81285e-25	
B3088	0	0	0	0	0	0	0	0	0	0	0	0	0	0	0	0	0	1	0	0	0	0	0	0	0	0	0	0	0	
N5	3.34859e-57	5.6851e-53	1.14149e-48	2.03832e-44	3.0995e-40	3.85996e-36	3.80454e-32	2.87748e-28	1.61987e-24	6.56747e-21	1.84445e-17	3.41991e-14	3.93646e-11	2.59063e-08	8.68893e-06	0.00125234	0.0589351	0.54982	0.355101	0.0339684	0.000905376	9.42712e-06	4.69515e-08	1.2778e-10	2.08673e-13	2.19108e-16	1.56623e-19	3.38134e-22	6.50851e-23	
BGA709	0	0	0	0	0	0	0	0	0	0	0	0	0	0	0	0	0	1	0	0	0	0	0	0	0	0	0	0	0	
BGA309	0	0	0	0	0	0	0	0	0	0	0	0	0	0	0	0	0	1	0	0	0	0	0	0	0	0	0	0	0	
N6	6.92256e-64	4.98483e-59	3.0451e-54	1.38349e-49	4.69783e-45	1.21037e-40	2.36595e-36	3.28311e-32	2.57823e-28	2.01849e-26	9.91853e-23	1.22549e-18	9.21337e-15	3.86137e-11	7.98669e-08	6.76491e-05	0.0171	0.677349	0.295469	0.00994206	7.23335e-05	1.78878e-07	1.9346e-10	1.07234e-13	3.39332e-17	6.6234e-21	8.45349e-25	8.10251e-29	6.95922e-32	
N7	6.41793e-57	7.12373e-53	7.28395e-49	5.50229e-45	3.05107e-41	1.29354e-37	4.89566e-34	2.1708e-30	1.24399e-26	7.52223e-23	3.67354e-19	1.20809e-15	2.51391e-12	3.05404e-09	1.93185e-06	0.00053397	0.0477358	0.73387	0.209323	0.00843675	9.8378e-05	4.68085e-07	1.10744e-09	1.47983e-12	1.22033e-15	6.62766e-19	2.49274e-22	7.13941e-26	8.80147e-29	
B11696	0	0	0	0	0	0	0	0	0	0	0	0	0	0	0	0	0	1	0	0	0	0	0	0	0	0	0	0	0	
B11609	0	0	0	0	0	0	0	0	0	0	0	0	0	0	0	0	0	1	0	0	0	0	0	0	0	0	0	0	0	
N8	8.26511e-76	8.71285e-70	6.44517e-64	3.10832e-58	9.77999e-53	2.02679e-47	2.85565e-42	2.83385e-37	1.67535e-32	1.76602e-30	1.91235e-27	1.50393e-22	6.91767e-18	1.66627e-13	1.82784e-09	7.30473e-06	0.00715748	0.726534	0.261816	0.00447346	1.21212e-05	9.17044e-09	2.64901e-12	3.54807e-16	2.5088e-20	1.02568e-24	2.59732e-29	1.61538e-33	1.05703e-35	
N9	1.79933e-61	4.30836e-58	8.82965e-55	1.38588e-51	1.49967e-48	4.63717e-46	2.40068e-44	3.89433e-41	1.0685e-36	2.13884e-32	2.44609e-27	1.8029e-22	7.7361e-18	1.76295e-13	1.86024e-09	7.29542e-06	0.00717581	0.737942	0.250943	0.00392123	9.79778e-06	6.98105e-09	1.94027e-12	2.54954e-16	1.79976e-20	7.46346e-25	2.15892e-29	3.35532e-31	2.87951e-32	
N10	2.56933e-63	7.36303e-59	1.92879e-54	3.86987e-50	6.12137e-46	8.1341e-42	9.81849e-38	1.17157e-33	1.49128e-29	1.94287e-25	2.09212e-21	1.50782e-17	6.82967e-14	1.79186e-10	2.42304e-07	0.000141018	0.0258098	0.752689	0.215714	0.00560892	3.73235e-05	9.56959e-08	1.17905e-10	8.01521e-14	3.30404e-17	8.84453e-21	1.66091e-24	3.43819e-27	1.51903e-28	
B985	0	0	0	0	0	0	0	0	0	0	0	0	0	0	0	0	0	1	0	0	0	0	0	0	0	0	0	0	0	
N11	6.23284e-64	4.54158e-59	2.71868e-54	1.16145e-49	3.39088e-45	6.38194e-41	7.12892e-37	4.15682e-33	8.97673e-30	1.47264e-28	3.03595e-24	5.87297e-20	7.12944e-16	5.00168e-12	1.80272e-08	2.77804e-05	0.0132218	0.929462	0.0568652	0.000421798	8.66881e-07	7.13381e-10	2.8873e-13	6.54681e-17	9.09375e-21	8.25618e-25	5.14896e-29	2.52114e-33	9.04922e-37	
B199	0	0	0	0	0	0	0	0	0	0	0	0	0	0	0	0	0	1	0	0	0	0	0	0	0	0	0	0	0	
B11604	0	0	0	0	0	0	0	0	0	0	0	0	0	0	0	0	0	1	0	0	0	0	0	0	0	0	0	0	0	
N12	1.63614e-65	1.31451e-60	8.79602e-56	4.22599e-51	1.42751e-46	3.3768e-42	5.82721e-38	7.84651e-34	6.88536e-30	1.35278e-27	2.20946e-23	3.43305e-19	3.28747e-15	1.78111e-11	4.82722e-08	5.40113e-05	0.0178013	0.821805	0.157716	0.00261424	1.02996e-05	1.48301e-08	9.86965e-12	3.51588e-15	7.40757e-19	9.91789e-23	8.93912e-27	1.05521e-30	4.33147e-33	
BGA89	0	0	0	0	0	0	0	0	0	0	0	0	0	0	0	0	0	1	0	0	0	0	0	0	0	0	0	0	0	
N13	2.19865e-67	1.73888e-62	1.13146e-57	5.14975e-53	1.58227e-48	3.15877e-44	4.01507e-40	3.53238e-36	3.07913e-32	5.02427e-28	1.29424e-23	2.21138e-19	2.32817e-15	1.38629e-11	4.12303e-08	5.04158e-05	0.0179493	0.857168	0.123259	0.00156795	4.86813e-06	5.63326e-09	3.05852e-12	8.99672e-16	1.58106e-19	1.78106e-23	1.38922e-27	2.20354e-30	8.02069e-32	
BGAA2	0	0	0	0	0	0	0	0	0	0	0	0	0	0	0	0	0	1	0	0	0	0	0	0	0	0	0	0	0	
BGA584	0	0	0	0	0	0	0	0	0	0	0	0	0	0	0	0	0	1	0	0	0	0	0	0	0	0	0	0	0	
N14	4.9209e-59	8.09923e-55	1.19476e-50	1.28492e-46	9.8382e-43	5.35738e-39	2.25183e-35	9.5391e-32	5.5801e-28	4.33015e-24	3.09083e-20	1.48767e-16	4.52766e-13	8.03409e-10	7.4016e-07	0.000296005	0.0376382	0.776167	0.180632	0.00522373	4.2204e-05	1.37382e-07	2.2119e-10	2.00656e-13	1.12203e-16	4.12941e-20	1.05318e-23	2.44184e-27	9.3407e-30	
BGA304	0	0	0	0	0	0	0	0	0	0	0	0	0	0	0	0	0	1	0	0	0	0	0	0	0	0	0	0	0	
BGAB1	0	0	0	0	0	0	0	0	0	0	0	0	0	0	0	0	0	1	0	0	0	0	0	0	0	0	0	0	0	
PGA445	0	0	0	0	0	0	0	0	0	0	0	0	0	0	0	0	0	1	0	0	0	0	0	0	0	0	0	0	0	
N15	1.52765e-57	8.33709e-52	3.12521e-46	7.39412e-41	1.0664e-35	8.85058e-31	3.86813e-26	7.47254e-22	1.40818e-18	1.79056e-16	9.09673e-13	1.53288e-09	8.63478e-07	0.000169519	0.0111123	0.202563	0.6434	0.142396	0.000358078	1.64093e-07	2.58309e-11	1.85376e-15	7.09467e-20	1.59513e-24	2.24871e-29	2.09805e-34	2.95709e-39	3.65854e-42	3.06195e-44	
N16	1.96504e-37	3.19298e-33	5.16701e-29	5.67457e-25	3.99623e-21	1.70086e-17	4.05687e-14	4.91547e-11	2.66242e-08	5.50683e-06	0.000375757	0.00853413	0.0719679	0.248728	0.371523	0.237634	0.0578222	0.00339522	1.32796e-05	1.95703e-08	1.46216e-11	6.36889e-15	1.76077e-18	3.2758e-22	4.28457e-26	4.15115e-30	1.56768e-33	7.9494e-34	9.36593e-34	
Rhaspe	0	0	0	0	0	0	0	0	0	1	0	0	0	0	0	0	0	0	0	0	0	0	0	0	0	0	0	0	0	
N17	5.09084e-27	2.28577e-25	1.2551e-23	1.87112e-21	3.19509e-18	4.34927e-15	3.53169e-12	1.58271e-09	3.54333e-07	3.50132e-05	0.00134997	0.0197546	0.117367	0.302268	0.348004	0.175226	0.0342494	0.00173502	1.05612e-05	2.672e-08	3.67855e-11	3.13043e-14	1.77654e-17	7.07223e-21	2.04841e-24	1.15659e-27	1.21763e-29	7.57087e-30	2.5075e-30	
Rhamar	0	0	0	0	0	0	0	0	0	1	0	0	0	0	0	0	0	0	0	0	0	0	0	0	0	0	0	0	0	
Rhatem	0	0	0	0	0	0	0	0	0	0	1	0	0	0	0	0	0	0	0	0	0	0	0	0	0	0	0	0	0	
N18	6.64947e-67	1.70408e-61	6.31769e-57	4.44089e-51	2.96587e-45	1.13027e-39	2.40645e-34	2.04405e-29	8.45104e-26	2.79946e-21	1.26034e-16	2.12459e-12	1.09604e-08	1.41935e-05	0.0037538	0.155581	0.675591	0.164141	0.000918644	6.19813e-07	1.04381e-10	6.35678e-15	1.72982e-19	2.4977e-24	5.29377e-29	6.31761e-31	5.88043e-35	3.6128e-36	5.78403e-37	
N19	3.02542e-61	1.31794e-55	4.17962e-50	8.92302e-45	1.25822e-39	1.13276e-34	6.17022e-30	1.84734e-25	1.93493e-21	2.46222e-19	1.54326e-15	1.0374e-11	2.44968e-08	1.61821e-05	0.00281308	0.10895	0.619823	0.26078	0.00758308	3.51183e-05	4.53969e-08	2.25561e-11	5.2496e-15	6.53068e-19	4.76663e-23	2.19627e-27	1.2996e-31	3.5903e-34	1.04311e-36	
N20	4.92024e-49	1.83162e-44	6.37261e-40	1.71103e-35	3.46386e-31	5.14413e-27	5.41526e-23	3.86629e-19	1.76422e-15	4.72788e-12	6.51878e-09	3.61991e-06	0.000418706	0.0124223	0.122536	0.409653	0.390018	0.0636577	0.00128219	7.35702e-06	1.75918e-08	2.14e-11	1.49816e-14	6.56511e-18	1.91407e-21	3.88928e-25	6.24042e-29	3.30019e-31	1.25172e-32	
FGA379	0	0	0	0	0	0	0	0	0	0	0	0	0	0	0	0	1	0	0	0	0	0	0	0	0	0	0	0	0	
N21	5.53909e-43	1.66894e-38	4.63129e-34	9.61395e-30	1.44912e-25	1.5303e-21	1.08164e-17	4.81791e-14	1.24401e-10	1.64673e-07	9.1522e-05	0.014521	0.187039	0.433577	0.290487	0.0684383	0.00570925	0.000135744	7.06172e-07	1.38449e-09	1.33086e-12	7.26494e-16	2.47355e-19	5.60759e-23	8.88293e-27	1.02046e-30	8.83521e-35	2.2319e-38	2.17383e-40	
N22	1.25745e-48	2.1345e-43	2.99446e-38	3.00283e-33	2.09256e-28	9.75194e-24	2.90054e-19	5.18616e-15	5.01823e-11	2.26847e-07	0.000365862	0.105122	0.516882	0.343044	0.0337588	0.000821427	5.80181e-06	1.17412e-08	7.49261e-12	2.02751e-15	2.76852e-19	2.12101e-23	1.03765e-27	2.34467e-29	9.25754e-31	3.00621e-33	1.69709e-35	7.32392e-36	2.4061e-36	
N23	1.20058e-46	5.32818e-43	1.32171e-39	2.74655e-35	6.11874e-30	8.94707e-25	7.777e-20	3.81209e-15	8.68714e-11	7.40473e-07	0.00155841	0.287002	0.600196	0.108616	0.00261407	1.28874e-05	1.59549e-08	5.42242e-12	6.24784e-16	3.17144e-20	8.32667e-25	1.25145e-29	1.25833e-34	1.06997e-36	1.69119e-38	6.52473e-39	1.25036e-40	2.25623e-40	4.86688e-41	
F3016	0	0	0	0	0	0	0	0	0	0	1	0	0	0	0	0	0	0	0	0	0	0	0	0	0	0	0	0	0	
N24	3.86128e-47	5.52709e-44	9.87344e-41	2.56609e-35	6.17847e-30	9.72845e-25	9.21713e-20	4.94623e-15	1.19986e-10	1.04767e-06	0.00213603	0.371428	0.573155	0.0527602	0.000518276	8.93921e-07	3.72442e-10	4.88043e-14	2.634e-18	7.03494e-23	1.04485e-27	9.32687e-33	5.84363e-38	9.14409e-40	4.71796e-40	1.93904e-39	8.51838e-42	1.72536e-41	6.6868e-43	
N25	2.08723e-49	3.02751e-46	8.61167e-41	2.56753e-35	5.21257e-30	6.87051e-25	5.5093e-20	2.48445e-15	5.50772e-11	4.95128e-07	0.00127059	0.43461	0.537035	0.0269647	0.000118759	9.59687e-08	2.364e-11	2.40837e-15	1.22009e-19	3.45554e-24	5.91405e-29	2.10413e-33	5.11091e-37	1.21595e-38	1.0013e-42	1.40805e-44	3.27665e-49	2.27177e-51	1.60247e-55	
N26	7.05502e-61	5.14711e-54	2.26047e-47	6.43969e-41	1.19619e-34	1.37033e-28	9.07865e-23	3.16787e-17	4.79412e-12	2.47436e-07	0.00253557	0.720931	0.274664	0.00186777	6.80384e-07	4.61143e-11	1.00568e-15	9.14211e-21	3.98236e-26	9.03606e-32	1.20052e-37	2.64195e-42	1.11174e-44	2.74428e-45	9.18205e-48	1.60679e-48	9.23703e-52	7.95551e-53	8.51483e-56	
N27	4.24235e-49	2.79691e-45	1.61312e-41	1.01406e-37	4.17129e-32	2.7657e-26	8.89023e-21	1.35592e-15	8.40078e-11	1.71027e-06	0.00668381	0.734265	0.257437	0.00161187	6.20609e-07	5.58761e-11	1.86667e-15	2.84788e-20	2.18851e-25	9.53191e-31	5.59343e-35	2.61646e-36	7.64134e-40	4.09327e-40	6.63215e-42	2.53253e-41	1.49632e-44	5.48858e-45	6.49654e-48	
F1476	0	0	0	0	0	0	0	0	0	0	1	0	0	0	0	0	0	0	0	0	0	0	0	0	0	0	0	0	0	
N28	2.44701e-53	6.10695e-49	8.13699e-43	6.95941e-37	3.7522e-31	1.23546e-25	2.37324e-20	2.45302e-15	1.20092e-10	2.21905e-06	0.00949589	0.727002	0.260509	0.00298945	2.228e-06	3.98688e-10	2.64563e-14	8.1103e-19	1.30673e-23	1.71517e-28	5.69442e-32	1.9923e-33	1.22251e-36	9.39916e-35	3.77734e-37	3.84337e-37	3.56789e-40	4.85696e-41	7.38491e-44	
Furcep	0	0	0	0	0	0	0	0	0	0	0	0	0	1	0	0	0	0	0	0	0	0	0	0	0	0	0	0	0	
N29	3.69935e-45	2.8063e-43	5.38513e-38	1.4196e-32	2.38725e-27	2.46793e-22	1.48261e-17	4.75146e-13	7.10227e-09	3.92789e-05	0.0492	0.78241	0.167218	0.00113132	8.77084e-07	2.10466e-10	2.18895e-14	1.17856e-18	3.66024e-23	7.04914e-28	1.02134e-32	1.03784e-34	1.11032e-37	4.43633e-39	3.90433e-43	9.22262e-45	1.51264e-49	8.69832e-52	2.45615e-56	
Furpol	0	0	0	0	0	0	0	0	0	0	0	1	0	0	0	0	0	0	0	0	0	0	0	0	0	0	0	0	0	
N30	7.90149e-44	1.36156e-38	1.86323e-33	1.79364e-28	1.16356e-23	4.80958e-19	1.17443e-14	1.52047e-10	8.83898e-07	0.00172764	0.595612	0.387883	0.0147414	3.53851e-05	2.23363e-08	5.64173e-12	7.06262e-16	4.99644e-20	2.18324e-24	6.28434e-29	1.27063e-33	2.85284e-37	1.92874e-40	1.23574e-42	1.35253e-46	4.65494e-49	1.32556e-53	9.80594e-57	3.41118e-61	
N31	3.81041e-44	8.24161e-39	1.38585e-33	1.62236e-28	1.26446e-23	6.18536e-19	1.75145e-14	2.55295e-10	1.59401e-06	0.00307327	0.864002	0.131885	0.00103703	1.09172e-06	3.60864e-10	5.20396e-14	3.91703e-18	1.72392e-22	4.79758e-27	9.13463e-32	2.66178e-36	1.15748e-38	1.70467e-42	7.38248e-45	2.51677e-49	3.96766e-52	6.55744e-57	2.62853e-60	5.17088e-65	
F2241	0	0	0	0	0	0	0	0	0	0	1	0	0	0	0	0	0	0	0	0	0	0	0	0	0	0	0	0	0	
Furang	0	0	0	0	0	0	0	0	0	0	1	0	0	0	0	0	0	0	0	0	0	0	0	0	0	0	0	0	0	
FGA490	0	0	0	0	0	0	0	0	0	0	1	0	0	0	0	0	0	0	0	0	0	0	0	0	0	0	0	0	0	
N32	3.00179e-53	3.27622e-47	2.68058e-41	1.52324e-35	5.7781e-30	1.38695e-24	1.96155e-19	1.47958e-14	5.07177e-10	6.08291e-06	0.0148561	0.880655	0.104273	0.000209083	6.74249e-08	6.78668e-12	2.90641e-16	6.32461e-21	7.83419e-26	5.97519e-31	3.20354e-36	1.71062e-39	4.17403e-43	1.38038e-45	4.05787e-50	7.02743e-53	3.99585e-58	1.11968e-61	7.36121e-67	
N33	1.11606e-50	5.18324e-45	1.76151e-39	4.18588e-34	7.37125e-29	9.75094e-24	8.62336e-19	4.59983e-14	1.10624e-09	9.37142e-06	0.0166068	0.901675	0.0815297	0.000178932	6.73171e-08	8.25289e-12	4.44285e-16	1.23602e-20	1.96234e-25	2.09765e-30	1.60057e-34	1.87206e-36	2.76158e-40	3.71657e-42	9.19012e-43	5.49365e-43	5.93643e-46	3.52476e-47	5.3471e-50	
N34	3.85287e-58	1.022e-51	1.88845e-45	2.34377e-39	1.97366e-33	1.10183e-27	3.77257e-22	7.57546e-17	7.03441e-12	2.41587e-07	0.00194591	0.900617	0.0970259	0.000410804	1.1015e-07	7.46941e-12	1.93624e-16	2.35665e-21	1.51951e-26	1.81373e-31	3.24141e-35	1.91855e-37	5.20035e-42	6.59898e-42	1.926e-43	2.14323e-44	8.28991e-48	2.02497e-49	1.10542e-52	
N35	1.30032e-51	5.40923e-48	4.25762e-42	2.21727e-36	7.43148e-31	1.54976e-25	1.91087e-20	1.29301e-15	4.2668e-11	5.67103e-07	0.00211353	0.933037	0.0646863	0.000162359	6.39753e-08	8.0702e-12	4.43816e-16	1.25712e-20	2.0295e-25	2.06709e-30	9.7894e-35	2.87045e-36	1.15255e-39	2.12069e-41	4.34743e-46	3.15935e-48	2.31006e-53	2.88259e-56	2.91308e-61	
N36	1.96161e-50	7.14758e-45	2.06928e-39	4.31422e-34	6.23469e-29	5.95951e-24	3.54775e-19	1.21263e-14	2.11081e-10	1.54896e-06	0.0033928	0.969305	0.0272483	5.23754e-05	2.46066e-08	4.40971e-12	3.79168e-16	1.79768e-20	5.15462e-25	9.6131e-30	1.9658e-34	9.92503e-37	5.61877e-40	3.52802e-42	1.17312e-46	2.19784e-49	3.45102e-54	1.42749e-57	2.56856e-62	
FGA456	0	0	0	0	0	0	0	0	0	0	0	1	0	0	0	0	0	0	0	0	0	0	0	0	0	0	0	0	0	
FGA516	0	0	0	0	0	0	0	0	0	0	0	1	0	0	0	0	0	0	0	0	0	0	0	0	0	0	0	0	0	
F12278	0	0	0	0	0	0	0	0	0	0	0	1	0	0	0	0	0	0	0	0	0	0	0	0	0	0	0	0	0	
N37	9.91183e-50	1.67112e-44	2.4199e-39	2.81019e-34	2.61651e-29	1.86362e-24	9.26923e-20	2.88702e-15	4.99151e-11	4.0283e-07	0.00115566	0.633982	0.341828	0.0229998	3.41964e-05	1.42572e-08	2.50523e-12	2.26363e-16	1.18695e-20	4.20092e-25	6.12147e-29	9.92151e-31	9.23871e-34	8.10714e-36	3.45748e-40	3.40202e-43	7.69613e-48	3.69725e-51	9.05385e-56	
Furant	0	0	0	0	0	0	0	0	0	0	0	1	0	0	0	0	0	0	0	0	0	0	0	0	0	0	0	0	0	
FGA331	0	0	0	0	0	0	0	0	0	0	0	0	0	1	0	0	0	0	0	0	0	0	0	0	0	0	0	0	0	
FGA465	0	0	0	0	0	0	0	0	0	0	1	0	0	0	0	0	0	0	0	0	0	0	0	0	0	0	0	0	0	
N38	6.07372e-46	1.55607e-40	3.11288e-35	4.34368e-30	4.05814e-25	2.40462e-20	8.398e-16	1.55445e-11	1.29443e-07	0.000364975	0.187303	0.7917	0.020594	3.75911e-05	1.81294e-08	3.48566e-12	3.30235e-16	1.75591e-20	5.72107e-25	1.21894e-29	2.01822e-34	2.35253e-37	1.28222e-40	5.65034e-43	2.74386e-47	4.68264e-50	8.54661e-55	2.70276e-58	5.13268e-63	
FGA99	0	0	0	0	0	0	0	0	0	0	1	0	0	0	0	0	0	0	0	0	0	0	0	0	0	0	0	0	0	
N39	1.68652e-45	3.91715e-40	7.08956e-35	8.94907e-30	7.56658e-25	4.06336e-20	1.28875e-15	2.17452e-11	1.66045e-07	0.00043347	0.210647	0.778645	0.0102586	1.59235e-05	7.13142e-09	1.32329e-12	1.23798e-16	6.60094e-21	2.18054e-25	6.43857e-30	2.07559e-33	3.95385e-35	6.46744e-39	7.0704e-41	2.18018e-45	5.64684e-48	9.75322e-53	6.79451e-56	1.46989e-60	
FGA15	0	0	0	0	0	0	0	0	0	0	1	0	0	0	0	0	0	0	0	0	0	0	0	0	0	0	0	0	0	
FGA581	0	0	0	0	0	0	0	0	0	0	0	1	0	0	0	0	0	0	0	0	0	0	0	0	0	0	0	0	0	
FGA104	0	0	0	0	0	0	0	0	0	0	0	0	1	0	0	0	0	0	0	0	0	0	0	0	0	0	0	0	0	
FGA489	0	0	0	0	0	0	0	0	0	0	1	0	0	0	0	0	0	0	0	0	0	0	0	0	0	0	0	0	0	
FGA174	0	0	0	0	0	0	0	0	0	0	0	0	0	1	0	0	0	0	0	0	0	0	0	0	0	0	0	0	0	
FurbGB	0	0	0	0	0	0	0	0	0	0	0	1	0	0	0	0	0	0	0	0	0	0	0	0	0	0	0	0	0	
N40	1.90541e-56	2.57941e-53	2.55934e-50	1.8497e-47	7.94851e-43	4.76501e-38	1.80479e-33	4.00856e-29	4.08e-25	3.87158e-21	5.3783e-17	4.05781e-13	1.42675e-09	1.88934e-06	0.000719883	0.0566156	0.55655	0.367488	0.0184627	0.000161515	4.11788e-07	4.11856e-10	1.9448e-13	4.90691e-17	7.43905e-21	7.06226e-23	3.57919e-25	6.38794e-26	3.1747e-27	
N41	5.84072e-59	1.55986e-54	4.25246e-50	1.03155e-45	2.34718e-41	5.0937e-37	1.00538e-32	1.64784e-28	2.04682e-24	1.7935e-20	1.03131e-16	3.61496e-13	7.05491e-10	6.73658e-07	0.00025808	0.028315	0.467045	0.462642	0.0410031	0.000731706	4.21846e-06	1.03168e-08	1.27051e-11	8.8504e-15	3.79093e-18	1.07317e-21	1.04953e-24	1.09643e-25	7.98667e-27	
N42	2.25238e-59	1.12119e-54	5.1983e-50	1.92448e-45	5.70416e-41	1.29908e-36	2.05922e-32	1.87247e-28	4.30622e-26	1.71811e-22	2.11191e-18	1.59977e-14	6.84183e-11	1.45674e-07	0.000126238	0.0304395	0.606744	0.349457	0.0131338	9.89274e-05	2.46172e-07	2.65298e-10	1.46252e-13	4.60969e-17	8.98834e-21	1.14933e-24	1.01062e-28	8.49121e-33	9.81646e-36	
CGA312	0	0	0	0	0	0	0	0	0	0	0	0	0	0	0	0	0	1	0	0	0	0	0	0	0	0	0	0	0	
N43	1.19735e-73	1.51535e-67	1.32873e-61	7.48835e-56	2.63987e-50	5.5893e-45	6.77663e-40	3.88605e-35	9.55511e-33	1.52656e-27	2.4335e-22	2.15182e-17	9.46826e-13	1.73514e-08	9.31544e-05	0.0461514	0.709029	0.242068	0.00265449	3.49971e-06	1.1486e-09	1.34728e-13	6.95116e-18	1.79599e-22	2.52719e-27	2.04368e-32	1.18186e-37	5.96157e-38	4.2091e-37	
N44	7.22221e-72	3.54525e-66	1.12138e-59	1.30255e-54	5.99278e-50	3.54867e-46	3.64086e-43	2.01189e-38	4.54137e-34	1.32637e-30	2.85503e-24	2.88464e-18	1.09786e-12	1.13715e-07	0.000884886	0.13803	0.823828	0.0372316	2.51642e-05	1.5767e-09	2.33979e-14	1.23071e-19	2.79564e-25	3.04875e-31	1.6933e-37	1.03881e-43	8.19783e-45	1.08275e-42	3.57028e-41	
N45	5.83837e-65	7.56001e-61	7.69059e-57	5.83741e-53	3.38051e-49	1.53859e-45	5.50709e-42	7.14189e-38	3.83061e-34	1.22653e-28	6.6529e-23	1.67858e-17	1.8056e-12	6.76728e-08	0.000520397	0.129273	0.83522	0.0349536	3.20001e-05	4.70573e-09	2.06695e-13	3.6069e-18	2.8382e-23	1.08167e-28	2.03998e-34	2.35258e-37	8.95597e-40	3.40285e-40	9.10664e-39	
N46	1.19079e-67	5.81338e-62	2.04223e-56	4.69602e-51	6.88257e-46	6.17915e-41	3.25196e-36	9.32369e-32	1.18569e-28	1.31562e-26	9.01826e-22	4.10945e-17	9.93679e-13	1.10099e-08	4.34426e-05	0.0363555	0.860166	0.103161	0.000274355	1.61948e-07	3.48408e-11	3.48485e-15	1.87236e-19	5.9387e-24	1.18731e-28	1.5792e-33	3.18677e-38	2.81444e-41	5.54045e-41	
CGA642	0	0	0	0	0	0	0	0	0	0	0	0	0	0	0	0	1	0	0	0	0	0	0	0	0	0	0	0	0	
N47	2.47156e-59	6.55712e-56	1.44623e-52	2.08627e-49	2.46334e-47	1.00044e-45	3.44445e-41	1.81171e-36	6.80273e-32	3.92747e-28	4.83866e-23	4.03788e-18	1.80384e-13	3.71925e-09	2.74889e-05	0.0430569	0.835666	0.121025	0.000224467	8.7405e-08	1.20285e-11	7.54482e-16	2.5101e-20	4.89304e-25	5.99007e-30	6.29804e-35	6.92043e-37	3.97618e-38	1.29432e-39	
CGA763	0	0	0	0	0	0	0	0	0	0	0	0	0	0	0	1	0	0	0	0	0	0	0	0	0	0	0	0	0	
C601	0	0	0	0	0	0	0	0	0	0	0	0	0	0	0	0	0	1	0	0	0	0	0	0	0	0	0	0	0	
N48	5.7429e-60	2.48908e-56	9.98596e-53	2.72798e-49	1.07179e-46	2.5934e-45	1.02924e-40	1.2392e-35	2.01597e-30	3.87366e-25	4.2436e-20	2.41528e-15	6.19621e-11	5.62089e-07	0.0011143	0.146422	0.820611	0.0318002	5.21317e-05	1.80847e-08	2.17564e-12	1.16758e-16	3.24383e-21	5.13561e-26	4.94677e-31	2.42827e-35	1.40889e-36	1.01214e-37	4.10711e-39	
CGA236	0	0	0	0	0	0	0	0	0	0	0	0	0	0	0	0	1	0	0	0	0	0	0	0	0	0	0	0	0	
N49	4.1553e-66	1.27797e-60	3.43063e-55	7.37176e-50	1.27931e-44	1.77392e-39	1.88912e-34	1.45575e-29	7.6677e-25	2.55319e-20	4.93833e-16	4.97869e-12	2.22071e-08	3.34395e-05	0.0103913	0.25238	0.710252	0.0268615	8.14236e-05	6.41813e-08	2.00171e-11	3.071e-15	2.647e-19	1.40127e-23	4.855e-28	1.6346e-32	4.97882e-34	3.75118e-35	1.66311e-36	
N50	1.01986e-56	7.20162e-52	4.55978e-47	2.21832e-42	7.92482e-38	1.97345e-33	3.22944e-29	3.26795e-25	1.93788e-21	9.00995e-18	8.20884e-14	4.14234e-10	9.58672e-07	0.000720025	0.0314565	0.312173	0.590643	0.0647	0.000305746	4.10791e-07	2.35152e-10	6.99613e-14	1.22064e-17	1.35526e-21	1.01594e-25	5.68233e-30	5.12245e-33	8.66635e-35	8.75156e-37	
Calboe	0	0	0	0	0	0	0	0	0	0	0	0	0	1	0	0	0	0	0	0	0	0	0	0	0	0	0	0	0	
C3125	0	0	0	0	0	0	0	0	0	0	0	0	0	0	0	0	0	1	0	0	0	0	0	0	0	0	0	0	0	
CGA429	0	0	0	0	0	0	0	0	0	0	0	0	0	0	1	0	0	0	0	0	0	0	0	0	0	0	0	0	0	
N51	7.24979e-55	6.1528e-51	4.18717e-47	2.07262e-43	3.46086e-40	1.57688e-38	5.95395e-36	2.8032e-31	7.02654e-26	1.07613e-20	8.31088e-16	2.84489e-11	3.42986e-07	0.000911526	0.131584	0.565144	0.297842	0.00451581	2.08299e-06	2.62698e-10	1.36812e-14	3.58332e-19	5.27331e-24	4.67102e-29	2.60525e-34	1.23629e-39	3.74155e-40	6.7726e-39	1.6655e-38	
C985	0	0	0	0	0	0	0	0	0	0	0	0	0	1	0	0	0	0	0	0	0	0	0	0	0	0	0	0	0	
N52	2.68941e-51	4.91967e-48	8.70828e-45	1.12885e-41	2.59455e-39	3.25465e-37	4.09207e-32	3.65532e-27	2.03595e-22	6.64769e-18	1.17044e-13	9.78585e-10	3.15196e-06	0.00264613	0.220853	0.588387	0.186174	0.00193516	1.69413e-06	4.91788e-10	6.57694e-14	4.76398e-18	2.05815e-22	5.65069e-27	1.03096e-31	1.44929e-35	5.69122e-37	6.87878e-38	4.8374e-39	
CGA310	0	0	0	0	0	0	0	0	0	0	0	0	0	0	1	0	0	0	0	0	0	0	0	0	0	0	0	0	0	
N53	5.4124e-55	4.21865e-50	3.20112e-45	2.04137e-40	1.04908e-35	4.15222e-31	1.20794e-26	2.46006e-22	3.33154e-18	2.7942e-14	1.32707e-10	3.12873e-07	0.000295139	0.0723067	0.696186	0.221011	0.0101516	4.89316e-05	7.24624e-08	4.68884e-11	1.59526e-14	3.20345e-18	4.11056e-22	3.57124e-26	2.19553e-30	1.03764e-34	5.24144e-38	6.36712e-40	4.70104e-42	
CGA382	0	0	0	0	0	0	0	0	0	0	0	0	0	0	1	0	0	0	0	0	0	0	0	0	0	0	0	0	0	
CGA494	0	0	0	0	0	0	0	0	0	0	0	0	0	1	0	0	0	0	0	0	0	0	0	0	0	0	0	0	0	
N54	1.04532e-66	3.1986e-61	7.21554e-56	1.08065e-50	1.04687e-45	6.27617e-41	2.18165e-36	3.82887e-32	1.34336e-29	2.06548e-26	1.00393e-21	3.25902e-17	5.84722e-13	5.07354e-09	1.69755e-05	0.0138291	0.421312	0.53261	0.0321259	0.000105231	8.68383e-08	2.77076e-11	4.24543e-15	3.56015e-19	1.78171e-23	5.68821e-28	3.54268e-32	1.2592e-34	8.70225e-35	
N55	5.0256e-58	9.8397e-55	1.64378e-51	2.0455e-48	1.42683e-45	3.30469e-43	8.81365e-41	3.45829e-36	1.56692e-31	1.07728e-26	8.17774e-22	3.66041e-17	8.70479e-13	9.45782e-09	3.60966e-05	0.0274511	0.461405	0.497246	0.0138366	2.45632e-05	1.12712e-08	2.03305e-12	1.7878e-16	8.74167e-21	2.59436e-25	4.97086e-30	9.54482e-35	1.76544e-36	5.80654e-38	
C12265	0	0	0	0	0	0	0	0	0	0	0	0	0	0	0	0	0	1	0	0	0	0	0	0	0	0	0	0	0	
N56	3.9211e-75	2.44836e-68	1.20028e-60	1.91096e-54	1.60461e-48	8.21544e-43	2.63116e-37	4.94382e-32	1.84686e-30	4.47028e-26	1.13564e-20	1.47026e-15	8.81023e-11	2.04254e-06	0.0117957	0.909006	0.0783122	0.000883046	6.47459e-07	8.62342e-11	4.01271e-15	8.31577e-20	8.68656e-25	4.96548e-30	8.90228e-35	4.1902e-38	2.04284e-41	4.1251e-43	6.61485e-44	
C404	0	0	0	0	0	0	0	0	0	0	0	0	0	0	1	0	0	0	0	0	0	0	0	0	0	0	0	0	0	
N57	1.49018e-60	6.35105e-57	2.19036e-53	5.5486e-50	9.80039e-47	1.12368e-43	8.69724e-41	1.26115e-36	2.71212e-32	1.41485e-26	4.06679e-21	5.91881e-16	3.93475e-11	9.8478e-07	0.00566661	0.942968	0.0511243	0.000239939	8.20696e-08	6.80171e-12	2.1811e-16	3.3887e-21	2.85752e-26	1.3949e-31	4.10775e-37	4.04882e-41	8.06162e-44	2.73631e-45	4.38507e-47	
Cl11778	0	0	0	0	0	0	0	0	0	0	0	0	0	0	0	1	0	0	0	0	0	0	0	0	0	0	0	0	0	
CGA594	0	0	0	0	0	0	0	0	0	0	0	0	0	0	0	1	0	0	0	0	0	0	0	0	0	0	0	0	0	
C3134	0	0	0	0	0	0	0	0	0	0	0	0	0	0	0	0	0	0	1	0	0	0	0	0	0	0	0	0	0	
N58	7.33035e-63	9.97851e-58	1.05654e-52	7.49366e-48	3.59512e-43	1.20665e-38	3.02945e-34	5.87246e-30	7.16386e-26	1.40131e-24	7.39462e-23	1.14998e-18	1.10929e-14	5.71573e-11	1.37364e-07	0.000124002	0.0287606	0.795755	0.173079	0.00227379	6.99071e-06	7.86735e-09	4.09805e-12	1.14165e-15	1.87375e-19	1.93993e-23	1.33568e-27	7.46543e-32	2.20565e-35	
CGA311	0	0	0	0	0	0	0	0	0	0	0	0	0	0	0	0	0	1	0	0	0	0	0	0	0	0	0	0	0	
N59	8.79429e-62	2.03866e-58	4.1507e-55	6.30291e-52	5.21809e-49	1.2837e-46	1.78026e-42	7.09713e-38	1.56692e-33	1.43256e-30	9.75781e-26	5.04114e-21	1.4955e-16	2.28866e-12	1.54465e-08	3.5862e-05	0.0183924	0.799938	0.179779	0.00185048	3.71685e-06	2.40783e-09	6.56754e-13	8.90481e-17	6.72118e-21	3.06451e-25	9.1814e-30	2.52112e-32	1.72285e-33	
N60	4.10467e-75	3.4068e-69	2.03031e-63	8.22358e-58	2.32303e-52	4.76103e-47	7.28905e-42	7.95788e-37	5.00683e-32	2.69942e-30	4.80228e-27	4.24548e-22	2.19143e-17	5.94096e-13	7.3187e-09	3.20208e-05	0.0301515	0.921596	0.0480854	0.000135047	8.33665e-08	1.82753e-11	1.82005e-15	9.54633e-20	2.90521e-24	5.48611e-29	6.88212e-34	1.1951e-37	5.22646e-40	
CGA45	0	0	0	0	0	0	0	0	0	0	0	0	0	0	0	0	1	0	0	0	0	0	0	0	0	0	0	0	0	
N61	3.33041e-62	9.99655e-59	2.55098e-55	4.9301e-52	4.977e-49	9.54957e-47	1.77879e-44	7.69104e-40	1.55705e-35	5.79905e-33	5.68326e-28	5.93129e-23	3.65849e-18	1.2186e-13	1.90818e-09	1.10934e-05	0.0149092	0.948347	0.0366477	8.50042e-05	4.45819e-08	8.44032e-12	7.35104e-16	3.40881e-20	9.2624e-25	1.57696e-29	1.0958e-33	5.06276e-35	1.58643e-36	
N62	1.54668e-72	5.03932e-67	1.28623e-61	2.32255e-56	2.84154e-51	2.22146e-46	1.02059e-41	2.41663e-37	2.09867e-33	1.0955e-32	4.93177e-28	3.77086e-23	1.78427e-18	4.78146e-14	6.3906e-10	3.48154e-06	0.00535953	0.978063	0.0165449	2.89584e-05	1.3606e-08	2.53862e-12	2.32537e-16	1.19359e-20	3.75589e-25	7.73283e-30	1.6123e-34	5.19188e-37	2.9784e-39	
C3043	0	0	0	0	0	0	0	0	0	0	0	0	0	0	0	0	0	1	0	0	0	0	0	0	0	0	0	0	0	
CGA368	0	0	0	0	0	0	0	0	0	0	0	0	0	0	0	0	0	1	0	0	0	0	0	0	0	0	0	0	0	
CGA364	0	0	0	0	0	0	0	0	0	0	0	0	0	0	0	0	0	1	0	0	0	0	0	0	0	0	0	0	0	
C2208	0	0	0	0	0	0	0	0	0	0	0	0	0	0	0	0	0	0	1	0	0	0	0	0	0	0	0	0	0	
N63	8.07385e-55	1.29796e-50	1.86867e-46	1.92742e-42	1.37023e-38	6.44293e-35	1.94991e-31	3.92704e-28	5.19455e-25	1.72427e-22	9.18773e-19	3.37293e-15	7.50303e-12	9.22248e-09	5.49151e-06	0.00129597	0.0866156	0.844484	0.0665896	0.00100383	5.18289e-06	1.20469e-08	1.4814e-11	1.07254e-14	4.93301e-18	1.52553e-21	3.31736e-25	5.43555e-29	1.37608e-32	
N64	1.20605e-69	3.55669e-64	8.1137e-59	1.28981e-53	1.37092e-48	9.20507e-44	3.59817e-39	7.15494e-35	3.67973e-31	4.47636e-30	2.38044e-25	1.19565e-20	3.52254e-16	5.50264e-12	3.91728e-08	9.88255e-05	0.0535194	0.928018	0.0183181	4.59751e-05	3.22707e-08	9.00272e-12	1.21774e-15	9.06795e-20	4.05725e-24	1.16211e-28	2.25151e-33	1.33119e-37	3.5676e-40	
CGA453	0	0	0	0	0	0	0	0	0	0	0	0	0	0	0	0	0	1	0	0	0	0	0	0	0	0	0	0	0	
N65	2.2376e-76	1.81145e-70	1.10063e-64	4.61289e-59	1.28124e-53	2.23164e-48	2.25086e-43	1.12997e-38	4.05658e-35	1.30246e-32	1.07765e-27	1.43428e-22	1.13823e-17	4.87014e-13	9.66142e-09	6.88161e-05	0.103053	0.892313	0.00456262	3.1433e-06	6.37524e-10	5.35598e-14	2.25749e-18	5.39273e-23	7.93871e-28	7.65436e-33	1.10521e-37	6.57618e-40	4.11493e-42	
CGA501	0	0	0	0	0	0	0	0	0	0	0	0	0	0	0	0	0	1	0	0	0	0	0	0	0	0	0	0	0	
C3121	0	0	0	0	0	0	0	0	0	0	0	0	0	0	0	0	1	0	0	0	0	0	0	0	0	0	0	0	0	
Calparcri	0	0	0	0	0	0	0	0	0	0	0	0	0	0	0	0	0	1	0	0	0	0	0	0	0	0	0	0	0	
N66	3.51522e-59	2.56862e-55	1.55572e-51	7.21899e-48	2.5077e-44	6.90059e-41	2.07071e-36	4.03634e-31	5.09513e-26	4.24395e-21	1.87054e-16	3.05565e-12	1.39044e-08	1.5709e-05	0.00382698	0.154298	0.6716	0.168847	0.00141002	1.69342e-06	5.41395e-10	6.3454e-14	3.24793e-18	8.06161e-23	1.04113e-27	6.77187e-31	2.15382e-33	1.95432e-34	2.42123e-35	
N67	1.17108e-59	6.27761e-55	2.95942e-50	1.08434e-45	3.08948e-41	6.8374e-37	1.17448e-32	1.57472e-28	1.6629e-24	1.47204e-20	9.47567e-17	3.60765e-13	7.3596e-10	7.03811e-07	0.00025788	0.0259062	0.386804	0.523309	0.0623381	0.00137516	8.99313e-06	2.32039e-08	2.84082e-11	1.87331e-14	7.2925e-18	1.86472e-21	2.16537e-24	7.10596e-26	1.36826e-27	
N68	6.86621e-57	2.68612e-52	9.50956e-48	2.62294e-43	5.69642e-39	1.00576e-34	1.4915e-30	1.82147e-26	1.67602e-22	1.04331e-18	3.93655e-15	8.02761e-12	7.89363e-09	3.36495e-06	0.000551256	0.0289393	0.354162	0.557824	0.0574267	0.0010868	6.35937e-06	1.53559e-08	1.83072e-11	1.21605e-14	4.90674e-18	1.28291e-21	2.30245e-25	7.05347e-29	5.76416e-31	
N69	1.85502e-52	8.91585e-48	3.68448e-43	1.11082e-38	2.35936e-34	3.38396e-30	3.12302e-26	1.78167e-22	6.28095e-19	1.88041e-15	5.99734e-12	7.92937e-09	2.01385e-06	0.000183874	0.00681642	0.0984571	0.457275	0.418512	0.0186025	0.000150228	3.95751e-07	4.56099e-10	2.73363e-13	9.54135e-17	2.10011e-20	3.09189e-24	3.20142e-28	7.48935e-32	1.01798e-33	
N70	6.08878e-59	3.70742e-54	1.89723e-49	6.977e-45	1.85374e-40	3.67615e-36	5.60201e-32	6.11035e-28	3.34275e-24	3.17462e-22	2.02706e-18	1.09027e-14	3.03302e-11	3.90638e-08	2.03087e-05	0.00350608	0.145841	0.783537	0.066306	0.000786946	2.62717e-06	3.45827e-09	2.18916e-12	7.58932e-16	1.5789e-19	2.19455e-23	4.97149e-27	4.43446e-29	2.61186e-31	
Triowe	0	0	0	0	0	0	0	0	0	0	0	0	0	0	0	0	0	1	0	0	0	0	0	0	0	0	0	0	0	
N71	1.39707e-62	5.7659e-58	2.05335e-53	5.22456e-49	9.45432e-45	1.27234e-40	1.49344e-36	1.98675e-32	3.21205e-28	5.08346e-24	6.03589e-20	4.46438e-16	1.89563e-12	4.14357e-09	3.98396e-06	0.00132304	0.101156	0.819716	0.0768073	0.000989889	3.60655e-06	5.23547e-09	3.69582e-12	1.44393e-15	3.41714e-19	5.23692e-23	8.08442e-27	3.549e-28	2.76893e-29	
Trijoh	0	0	0	0	0	0	0	0	0	0	0	0	0	0	0	0	0	1	0	0	0	0	0	0	0	0	0	0	0	
Trimel	0	0	0	0	0	0	0	0	0	0	0	0	0	0	0	0	0	1	0	0	0	0	0	0	0	0	0	0	0	
N72	7.87022e-46	6.64622e-41	4.79898e-36	2.57884e-31	1.00195e-26	2.71299e-22	4.88057e-18	5.4732e-14	3.48415e-10	1.0929e-06	0.00131815	0.349594	0.499462	0.136746	0.0124162	0.000455429	7.08341e-06	4.28625e-08	7.12933e-11	4.58508e-14	1.45904e-17	2.6492e-21	3.00462e-25	2.26523e-29	1.18777e-33	4.48244e-38	1.25094e-42	2.76943e-47	2.26275e-51	
N73	1.14908e-46	1.68245e-41	2.0011e-36	1.71298e-31	1.01953e-26	4.03732e-22	1.00397e-17	1.44863e-13	1.08221e-09	3.50724e-06	0.00361768	0.600432	0.36426	0.030991	0.000691066	5.22209e-06	1.48931e-08	1.62673e-11	6.60441e-15	1.2539e-18	1.30658e-22	8.29976e-27	3.45587e-31	1.00319e-35	2.40465e-40	4.45767e-43	7.68052e-47	6.83515e-49	7.9794e-52	
Trihoe	0	0	0	0	0	0	0	0	0	0	0	1	0	0	0	0	0	0	0	0	0	0	0	0	0	0	0	0	0	
Tribit	0	0	0	0	0	0	0	0	0	0	0	1	0	0	0	0	0	0	0	0	0	0	0	0	0	0	0	0	0	
Trijac	0	0	0	0	0	0	0	0	0	0	0	1	0	0	0	0	0	0	0	0	0	0	0	0	0	0	0	0	0	
N74	1.34429e-57	3.37723e-53	7.51928e-49	1.23123e-44	1.47885e-40	1.33978e-36	9.60491e-33	5.30383e-29	1.68504e-25	5.43688e-23	3.4686e-19	1.5802e-15	4.28998e-12	6.30378e-09	4.37e-06	0.00115815	0.0824166	0.799867	0.114048	0.00249013	1.61306e-05	4.27278e-08	5.59127e-11	4.09255e-14	1.8289e-17	5.32481e-21	1.0678e-24	2.3844e-28	7.32064e-31	
Tricri	0	0	0	0	0	0	0	0	0	0	0	0	0	0	0	0	0	1	0	0	0	0	0	0	0	0	0	0	0	
N75	9.52432e-63	3.69689e-58	1.22834e-53	2.91355e-49	4.76788e-45	5.23512e-41	3.92142e-37	2.3895e-33	1.78695e-29	2.18433e-25	2.98728e-21	2.66094e-17	1.43075e-13	4.22639e-10	5.98676e-07	0.00032887	0.0482503	0.848289	0.101538	0.0015866	6.87897e-06	1.17742e-08	9.74818e-12	4.45253e-15	1.22975e-18	2.19707e-22	2.70913e-26	2.27803e-29	6.93108e-31	
Triwie	0	0	0	0	0	0	0	0	0	0	0	0	0	0	0	0	0	1	0	0	0	0	0	0	0	0	0	0	0	
Triqua	0	0	0	0	0	0	0	0	0	0	0	0	0	0	0	0	0	1	0	0	0	0	0	0	0	0	0	0	0	
N76	1.17906e-53	1.54536e-49	2.24946e-45	2.85992e-41	3.11422e-37	2.81856e-33	2.04226e-29	1.13847e-25	4.69285e-22	1.37402e-18	2.72825e-15	3.47265e-12	2.63702e-09	1.08209e-06	0.000207618	0.0147947	0.25907	0.574017	0.14357	0.00817711	0.000159847	1.37045e-06	6.03832e-09	1.52545e-11	2.39237e-14	2.47516e-17	2.23199e-20	1.09941e-21	1.56859e-22	
N77	3.81406e-52	2.13353e-48	1.15581e-44	4.73587e-41	1.50552e-37	4.0974e-34	1.15569e-30	3.89951e-27	1.42098e-23	4.53345e-20	1.07041e-16	1.67174e-13	1.61872e-10	8.92468e-08	2.4846e-05	0.0029151	0.107074	0.703745	0.177298	0.00879637	0.000146361	1.07241e-06	4.08318e-09	9.02695e-12	1.25445e-14	1.16297e-17	7.53488e-21	3.60942e-24	2.59592e-27	
Kinboe	0	0	0	0	0	0	0	0	0	0	0	0	0	0	0	0	0	1	0	0	0	0	0	0	0	0	0	0	0	
Kinfis	0	0	0	0	0	0	0	0	0	0	0	0	0	0	0	0	0	1	0	0	0	0	0	0	0	0	0	0	0	
Kinxen	0	0	0	0	0	0	0	0	0	0	0	0	0	0	0	0	0	1	0	0	0	0	0	0	0	0	0	0	0	
N78	1.00633e-40	3.58976e-38	1.32124e-35	3.81446e-33	4.56245e-31	4.28507e-30	1.5063e-27	2.60577e-23	2.69718e-19	1.5541e-15	4.48524e-12	5.47187e-09	2.18287e-06	0.000301171	0.0145437	0.214349	0.62905	0.140214	0.00153514	4.19737e-06	4.5922e-09	2.50705e-12	7.75868e-16	1.47593e-19	1.82309e-23	1.60546e-27	7.32958e-29	4.7224e-29	1.90845e-29	
N79	4.62648e-35	2.28744e-31	1.16278e-27	4.48145e-24	1.27011e-20	2.55637e-17	3.49658e-14	3.06905e-11	1.59936e-08	4.42762e-06	0.000548446	0.0225937	0.166321	0.369804	0.313922	0.110565	0.0155353	0.000697863	8.75774e-06	4.88414e-08	1.48711e-10	2.77641e-13	3.42824e-16	2.95448e-19	1.85067e-22	8.69905e-26	3.18058e-29	2.08827e-32	2.9479e-34	
N80	3.09157e-43	2.03164e-38	1.12254e-33	4.45388e-29	1.22657e-24	2.24631e-20	2.58787e-16	1.74028e-12	6.14096e-09	9.67252e-06	0.00514587	0.502405	0.434814	0.0556773	0.00192501	2.281e-05	1.0284e-07	1.86784e-10	1.52645e-13	6.40903e-17	1.5366e-20	2.27625e-24	2.21051e-28	1.47279e-32	6.97734e-37	2.42063e-41	6.4311e-46	3.28331e-50	1.39721e-53	
N81	3.61863e-49	1.08409e-43	2.5464e-38	4.24057e-33	4.82511e-28	3.57579e-23	1.62043e-18	4.12519e-14	5.19846e-10	2.67697e-06	0.00402574	0.840309	0.153271	0.00238348	7.34572e-06	6.84769e-09	2.50337e-12	4.28144e-16	3.88448e-20	2.05011e-24	6.74499e-29	1.46014e-33	2.21239e-38	1.29894e-42	1.17688e-46	1.32775e-49	5.35973e-54	3.17608e-57	1.95819e-61	
N82	4.33088e-46	6.25303e-41	7.3085e-36	6.10794e-31	3.52443e-26	1.34237e-21	3.17943e-17	4.31349e-13	2.97366e-09	8.6244e-06	0.00749458	0.886629	0.104921	0.000944015	1.85164e-06	1.26714e-09	3.9041e-13	6.33972e-17	6.03224e-21	3.62828e-25	1.50468e-29	2.00652e-32	2.61929e-35	5.74839e-37	6.01501e-41	5.38934e-43	2.47471e-47	7.10874e-50	5.50026e-54	
Chaafr	0	0	0	0	0	0	0	0	0	0	0	1	0	0	0	0	0	0	0	0	0	0	0	0	0	0	0	0	0	
Chacha	0	0	0	0	0	0	0	0	0	0	0	1	0	0	0	0	0	0	0	0	0	0	0	0	0	0	0	0	0	
N83	6.19966e-46	8.22534e-41	8.95396e-36	7.07516e-31	3.90901e-26	1.44061e-21	3.33053e-17	4.44309e-13	3.03133e-09	8.75526e-06	0.00762704	0.908746	0.0830094	0.0006074	1.02817e-06	6.31319e-10	1.792e-13	2.73285e-17	2.47906e-21	1.43972e-25	5.74677e-30	2.35197e-33	2.54269e-36	2.94274e-38	3.25648e-42	1.5442e-44	7.50673e-49	1.17136e-51	8.13781e-56	
Chacaly	0	0	0	0	0	0	0	0	0	0	0	1	0	0	0	0	0	0	0	0	0	0	0	0	0	0	0	0	0	
Chazey	0	0	0	0	0	0	0	0	0	0	0	1	0	0	0	0	0	0	0	0	0	0	0	0	0	0	0	0	0	
N84	1.58548e-40	6.10576e-36	2.04107e-31	4.9016e-27	8.16344e-23	9.0173e-19	6.22922e-15	2.48369e-11	5.09332e-08	4.49496e-05	0.0125307	0.570131	0.383447	0.0331463	0.000694801	4.77843e-06	1.3006e-08	1.62151e-11	1.05144e-14	3.92463e-18	9.11711e-22	1.40827e-25	1.82042e-29	2.34063e-31	1.32314e-34	5.14178e-36	1.24522e-39	2.66834e-41	2.33272e-44	
Chadil	0	0	0	0	0	0	0	0	0	0	0	1	0	0	0	0	0	0	0	0	0	0	0	0	0	0	0	0	0	
Chasen	0	0	0	0	0	0	0	0	0	0	0	1	0	0	0	0	0	0	0	0	0	0	0	0	0	0	0	0	0	
Chanam	0	0	0	0	0	0	0	0	0	0	0	1	0	0	0	0	0	0	0	0	0	0	0	0	0	0	0	0	0	
N85	4.49535e-59	2.92133e-54	1.63059e-49	6.36471e-45	1.66482e-40	2.76152e-36	2.6951e-32	1.33734e-28	1.30538e-26	3.18041e-24	5.60396e-20	6.33101e-16	4.13105e-12	1.39994e-08	2.09605e-05	0.0105151	0.958832	0.0304655	0.000166135	2.91752e-07	2.20176e-10	8.46164e-14	1.85202e-17	2.49774e-21	2.19958e-25	1.32177e-29	5.61098e-34	1.74693e-38	5.04913e-43	
N86	3.32926e-82	1.04741e-75	1.65125e-67	5.76103e-61	9.08702e-55	7.28832e-49	2.91426e-43	5.52744e-38	1.11923e-34	3.31807e-33	4.42896e-28	1.85883e-22	3.82314e-17	3.4929e-12	1.19349e-07	0.00105782	0.990395	0.00854131	5.77556e-06	8.6111e-10	4.38597e-14	9.56466e-19	1.0144e-23	5.66443e-29	1.8802e-34	7.29534e-39	1.6389e-41	1.02713e-41	4.72914e-42	
N87	3.38226e-66	3.60998e-62	2.91525e-58	1.68704e-54	6.94052e-51	2.01964e-47	4.24012e-44	6.63312e-41	1.91402e-38	9.22367e-35	8.73908e-29	4.59612e-23	1.20441e-17	1.43929e-12	6.60169e-08	0.000797086	0.992252	0.00694713	3.29346e-06	3.35671e-10	1.17598e-14	1.8045e-19	1.386e-24	5.74931e-30	1.34575e-35	7.85745e-41	3.61572e-42	1.22007e-43	5.63987e-43	
Braset	0	0	0	0	0	0	0	0	0	0	0	0	0	0	0	0	1	0	0	0	0	0	0	0	0	0	0	0	0	
N88	4.53487e-65	2.85736e-61	1.48642e-57	5.81889e-54	7.22432e-52	2.00321e-50	2.5168e-45	2.6524e-40	6.2845e-37	4.51891e-32	1.32678e-26	2.32894e-21	2.27006e-16	1.10155e-11	2.2214e-07	0.00132192	0.992989	0.00568588	3.35874e-06	5.30385e-10	3.30383e-14	9.96013e-19	1.64231e-23	1.60358e-28	9.78096e-34	1.85317e-38	4.04951e-40	7.0106e-42	6.93045e-44	
N89	1.43632e-80	9.46259e-74	3.64723e-67	8.27523e-61	1.11107e-54	8.6586e-49	3.71234e-43	7.75139e-38	1.10419e-35	1.53159e-35	1.28314e-29	7.68538e-24	2.41923e-18	3.66231e-13	2.2782e-08	0.000423133	0.998539	0.00103723	1.35678e-07	5.25917e-12	8.32428e-17	6.30291e-22	2.49692e-27	5.40529e-33	6.46691e-39	4.57835e-45	1.18468e-49	1.3557e-53	3.24353e-58	
Bramel	0	0	0	0	0	0	0	0	0	0	0	0	0	0	0	0	1	0	0	0	0	0	0	0	0	0	0	0	0	
Bratha	0	0	0	0	0	0	0	0	0	0	0	0	0	0	0	0	1	0	0	0	0	0	0	0	0	0	0	0	0	
N90	1.9727e-76	2.10391e-70	1.66105e-64	9.04147e-59	3.27027e-53	7.4596e-48	9.92861e-43	6.50305e-38	1.61122e-35	7.08842e-32	1.82217e-26	2.90826e-21	2.64158e-16	1.21707e-11	2.35954e-07	0.00136002	0.995036	0.00360243	1.6124e-06	2.10443e-10	1.13886e-14	3.09068e-19	4.73019e-24	4.41568e-29	2.65674e-34	1.44634e-39	2.04452e-42	6.9248e-45	1.27755e-47	
Bradra	0	0	0	0	0	0	0	0	0	0	0	0	0	0	0	0	1	0	0	0	0	0	0	0	0	0	0	0	0	
Bratra	0	0	0	0	0	0	0	0	0	0	0	0	0	0	0	0	1	0	0	0	0	0	0	0	0	0	0	0	0	
N91	3.81625e-73	2.39287e-67	1.11967e-61	3.61365e-56	7.75436e-51	1.05026e-45	8.31036e-41	3.23649e-36	5.64791e-34	2.52054e-30	3.86499e-25	3.67788e-20	1.99506e-15	5.5008e-11	6.39934e-07	0.00222306	0.992096	0.00567658	4.10719e-06	8.762e-10	7.80659e-14	3.50598e-18	8.91433e-23	1.3867e-27	1.39354e-32	9.99329e-38	2.29779e-41	5.49386e-44	7.37385e-47	
Bragut	0	0	0	0	0	0	0	0	0	0	0	0	0	0	0	0	1	0	0	0	0	0	0	0	0	0	0	0	0	
Braven	0	0	0	0	0	0	0	0	0	0	0	0	0	0	0	0	1	0	0	0	0	0	0	0	0	0	0	0	0	
N92	5.59813e-68	8.94141e-63	1.14279e-57	1.03813e-52	6.445e-48	2.61059e-43	6.58436e-39	9.70692e-35	4.09513e-31	1.94036e-26	8.17727e-22	2.15094e-17	3.24734e-13	2.49351e-09	8.04556e-06	0.00772169	0.969814	0.0223906	6.52845e-05	5.51342e-08	1.91709e-11	3.3364e-15	3.2899e-19	2.00199e-23	8.00064e-28	2.22826e-32	4.74266e-36	4.77504e-38	3.08307e-40	
Brapum	0	0	0	0	0	0	0	0	0	0	0	0	0	0	0	0	1	0	0	0	0	0	0	0	0	0	0	0	0	
Bradam	0	0	0	0	0	0	0	0	0	0	0	0	0	0	0	0	1	0	0	0	0	0	0	0	0	0	0	0	0	
