NODE	1	2	3	4	5	6	7	8	9	10	11	12	13	14	15	16	17	18	19	20	21	22	23	24	25	26	27	28	29	30	31	32	33	34	35	36	37	38	39	40	41	
N1	3.07794e-33	1.2397e-27	1.04954e-25	1.10415e-21	2.34118e-19	5.24759e-21	3.98953e-19	2.87669e-16	3.39341e-14	5.13933e-14	5.21977e-15	1.77532e-16	7.26191e-17	2.72225e-15	2.34624e-13	7.26183e-12	5.71716e-11	1	5.41635e-11	1.10428e-11	1.07152e-12	5.88867e-14	2.06661e-15	5.03987e-17	9.08246e-19	1.26673e-20	1.41699e-22	1.30769e-24	1.01855e-26	6.82172e-29	3.98989e-31	2.06462e-33	9.55736e-36	3.9955e-38	1.5209e-40	5.30915e-43	1.71024e-45	5.1119e-48	1.42468e-50	3.71867e-53	9.60528e-56	
N2	8.72309e-37	4.16222e-31	4.9304e-28	2.87927e-24	4.4842e-22	2.64003e-22	4.83778e-20	3.1616e-17	6.66813e-15	3.75932e-13	3.93739e-12	1.47367e-11	5.43194e-11	6.25987e-09	2.83349e-06	0.000588318	0.0416454	0.688495	0.247474	0.0210982	0.000684543	1.09522e-05	1.01442e-07	6.12768e-10	4.16138e-12	2.88121e-12	4.5075e-13	4.53204e-13	5.25375e-14	3.21796e-14	2.91905e-15	1.1123e-15	7.97513e-17	1.84108e-17	8.80776e-19	1.05537e-19	5.5831e-22	1.02398e-23	3.2359e-26	4.98467e-28	7.80168e-30	
N3	2.95626e-43	7.38124e-36	2.01473e-32	1.20632e-26	1.13126e-22	1.77792e-23	3.97366e-20	1.20382e-15	5.58618e-12	6.71177e-11	2.38515e-11	2.05821e-12	3.05402e-13	2.58634e-10	3.81374e-07	0.000187783	0.0229926	0.422451	0.47994	0.0716158	0.00277082	4.07719e-05	2.88236e-07	1.16653e-09	3.76887e-12	8.41244e-14	1.61093e-15	6.85565e-17	8.83061e-19	2.14415e-20	1.83903e-22	2.66182e-24	1.48635e-26	1.28912e-28	4.22818e-31	2.09778e-33	3.15291e-36	8.23061e-39	8.06099e-42	1.53962e-44	1.98003e-47	
N4	4.45551e-43	4.86272e-36	2.71502e-32	6.25961e-27	1.46698e-23	3.56042e-23	1.06898e-19	6.1335e-16	3.3582e-13	1.75579e-12	5.39822e-13	2.23521e-13	1.00103e-12	1.03834e-09	1.02816e-06	0.000344248	0.029155	0.410511	0.474693	0.0813712	0.00385159	7.17343e-05	6.53771e-07	3.37354e-09	1.09995e-11	5.11164e-14	1.78584e-15	7.67979e-16	3.60161e-17	9.29475e-18	2.92822e-19	4.5946e-20	8.76079e-22	8.76301e-23	7.86573e-25	5.21606e-26	1.46682e-28	5.31544e-30	8.4198e-33	1.46781e-34	4.05757e-37	
B3088	0	0	0	0	0	0	0	0	0	0	0	0	0	0	0	0	0	1	0	0	0	0	0	0	0	0	0	0	0	0	0	0	0	0	0	0	0	0	0	0	0	
N5	4.31613e-40	6.61605e-34	2.8098e-30	9.20649e-26	4.01777e-23	5.04277e-22	5.92246e-19	6.04698e-16	8.63413e-14	6.13866e-13	2.84608e-12	8.32152e-12	6.61634e-11	2.0887e-08	7.58875e-06	0.00107195	0.0457426	0.414823	0.44575	0.0870244	0.0054286	0.000149461	2.20878e-06	1.99251e-08	1.20262e-10	8.53044e-13	4.53736e-14	3.41563e-14	3.26443e-15	1.58555e-15	1.09992e-16	3.42579e-17	1.55962e-18	3.21436e-19	7.64312e-21	1.07485e-21	9.22085e-24	7.75523e-25	3.70802e-27	1.60207e-28	1.34318e-30	
BGA709	0	0	0	0	0	0	0	0	0	0	0	0	0	0	0	0	0	1	0	0	0	0	0	0	0	0	0	0	0	0	0	0	0	0	0	0	0	0	0	0	0	
BGA309	0	0	0	0	0	0	0	0	0	0	0	0	0	0	0	0	0	1	0	0	0	0	0	0	0	0	0	0	0	0	0	0	0	0	0	0	0	0	0	0	0	
N6	4.84602e-43	8.45083e-36	1.7284e-32	7.05435e-27	1.39258e-23	2.2189e-24	7.71366e-21	1.149e-16	3.83915e-13	1.37231e-12	3.9598e-13	4.37877e-14	1.6039e-14	3.32064e-11	7.90292e-08	6.53923e-05	0.01419	0.470265	0.471275	0.0432505	0.00094574	7.72493e-06	3.03754e-08	6.7529e-11	9.57352e-14	1.99031e-16	1.69215e-18	7.33353e-20	7.48047e-22	1.97564e-23	1.41386e-25	2.27388e-27	1.09237e-29	1.07918e-31	3.08111e-34	1.8661e-36	2.57025e-39	9.27489e-42	7.68633e-45	1.70713e-47	1.70098e-50	
N7	6.77858e-40	1.95076e-33	3.11084e-30	2.74969e-25	7.57172e-23	1.60504e-22	1.02012e-18	6.88007e-15	8.52516e-12	2.2216e-11	1.23775e-11	3.287e-12	4.99742e-12	3.89596e-09	2.69708e-06	0.00069334	0.0506744	0.624426	0.299113	0.0244241	0.000657412	8.13013e-06	5.60019e-08	2.43528e-10	7.43474e-13	4.18617e-15	8.35442e-17	6.62946e-18	1.52371e-19	7.96322e-21	1.39271e-22	4.7531e-24	6.10583e-26	1.34706e-27	1.13664e-29	1.55475e-31	7.02683e-34	5.96561e-36	1.63736e-38	8.91588e-41	2.86661e-43	
B11696	0	0	0	0	0	0	0	0	0	0	0	0	0	0	0	0	0	1	0	0	0	0	0	0	0	0	0	0	0	0	0	0	0	0	0	0	0	0	0	0	0	
B11609	0	0	0	0	0	0	0	0	0	0	0	0	0	0	0	0	0	1	0	0	0	0	0	0	0	0	0	0	0	0	0	0	0	0	0	0	0	0	0	0	0	
N8	8.08868e-50	1.04331e-41	4.61096e-38	1.59435e-31	1.67384e-27	1.61809e-28	2.4127e-24	2.15547e-19	2.25781e-15	3.174e-15	2.7603e-16	1.92194e-17	1.77813e-17	3.29157e-13	3.68532e-09	1.21937e-05	0.00815876	0.508533	0.455762	0.0272373	0.000295622	9.90236e-07	1.39e-09	9.92222e-13	4.11266e-16	1.57992e-19	3.9259e-22	1.768e-23	8.56521e-26	2.24057e-27	6.92689e-30	1.06114e-31	1.89564e-34	6.34848e-36	3.17728e-37	1.39842e-37	2.90764e-39	8.05331e-40	9.95157e-42	2.66224e-42	3.17861e-42	
N9	1.54677e-51	5.23893e-44	5.49511e-40	1.08622e-33	7.92962e-30	1.09117e-29	3.06252e-25	1.61246e-20	7.19361e-17	7.35127e-17	9.56005e-18	4.52343e-18	4.07037e-17	6.13798e-13	5.69356e-09	1.58561e-05	0.00917064	0.519941	0.445142	0.02546	0.000269171	9.00116e-07	1.29104e-09	9.60705e-13	4.21663e-16	1.54766e-19	7.75393e-22	2.98299e-22	4.37823e-24	9.92331e-25	9.30414e-27	1.28895e-27	6.39333e-30	5.88309e-31	1.0208e-33	6.69099e-35	2.17475e-38	7.79526e-40	1.22726e-43	1.65915e-45	6.54588e-49	
N10	1.86887e-45	8.52596e-39	3.66263e-35	5.18157e-30	3.86965e-27	3.52859e-26	3.4966e-22	3.68162e-18	6.827e-15	7.32184e-14	1.61476e-13	1.64179e-13	7.83414e-13	8.49813e-10	8.6376e-07	0.000322948	0.0335694	0.566529	0.371366	0.0276117	0.00059413	5.5265e-06	2.76482e-08	8.52354e-11	1.78392e-13	7.28362e-16	2.35963e-17	6.68048e-18	2.54572e-19	4.54746e-20	1.3581e-21	1.53899e-22	3.47361e-24	2.46479e-25	3.48048e-27	1.48786e-28	6.07544e-31	1.46016e-32	2.99807e-35	3.02306e-37	8.54173e-40	
B985	0	0	0	0	0	0	0	0	0	0	0	0	0	0	0	0	0	1	0	0	0	0	0	0	0	0	0	0	0	0	0	0	0	0	0	0	0	0	0	0	0	
B199	0	0	0	0	0	0	0	0	0	0	0	0	0	0	0	0	0	1	0	0	0	0	0	0	0	0	0	0	0	0	0	0	0	0	0	0	0	0	0	0	0	
N11	8.403e-44	6.35392e-37	2.65473e-33	5.65295e-28	3.36617e-25	1.35523e-24	1.4135e-20	1.47432e-16	2.75177e-13	1.11054e-12	9.53257e-13	3.88567e-13	8.98054e-13	1.02889e-09	1.04037e-06	0.000385188	0.039402	0.632342	0.307546	0.0199258	0.000394487	3.47247e-06	1.67313e-08	5.03119e-11	1.04498e-13	4.5689e-16	9.97985e-18	1.18173e-18	2.86332e-20	2.17501e-21	4.09054e-23	1.99919e-24	2.82273e-26	8.73679e-28	7.9607e-30	1.46419e-31	5.48458e-34	5.87762e-36	1.18855e-38	6.58807e-41	1.63985e-43	
BGA89	0	0	0	0	0	0	0	0	0	0	0	0	0	0	0	0	0	1	0	0	0	0	0	0	0	0	0	0	0	0	0	0	0	0	0	0	0	0	0	0	0	
BGAA2	0	0	0	0	0	0	0	0	0	0	0	0	0	0	0	0	0	1	0	0	0	0	0	0	0	0	0	0	0	0	0	0	0	0	0	0	0	0	0	0	0	
N12	1.42686e-42	9.58321e-36	2.98995e-32	6.1407e-27	2.88437e-24	7.55448e-24	7.76767e-20	7.91822e-16	1.47109e-12	3.80659e-12	2.14201e-12	5.79878e-13	9.56947e-13	1.10768e-09	1.10868e-06	0.000407014	0.0414398	0.662356	0.278412	0.0170531	0.000328494	2.85307e-06	1.3678e-08	4.1177e-11	8.65037e-14	3.81251e-16	6.86939e-18	5.51344e-19	1.08931e-20	5.6679e-22	8.64267e-24	2.91577e-25	3.31962e-27	7.14361e-29	5.29774e-31	6.838e-33	2.40146e-35	1.85078e-37	3.68178e-40	1.6298e-42	3.82818e-45	
BGA304	0	0	0	0	0	0	0	0	0	0	0	0	0	0	0	0	0	1	0	0	0	0	0	0	0	0	0	0	0	0	0	0	0	0	0	0	0	0	0	0	0	
BGAB1	0	0	0	0	0	0	0	0	0	0	0	0	0	0	0	0	0	1	0	0	0	0	0	0	0	0	0	0	0	0	0	0	0	0	0	0	0	0	0	0	0	
PGA445	0	0	0	0	0	0	0	0	0	0	0	0	0	0	0	0	0	1	0	0	0	0	0	0	0	0	0	0	0	0	0	0	0	0	0	0	0	0	0	0	0	
N13	1.97824e-41	9.44155e-34	1.63385e-29	3.71231e-25	4.55315e-23	8.66739e-23	1.31061e-19	2.4023e-15	1.77031e-11	2.4832e-10	4.85632e-10	3.33072e-10	1.1659e-07	3.7579e-05	0.00404574	0.12417	0.650339	0.220454	0.00095294	8.90634e-07	3.30406e-10	6.39392e-14	7.53068e-18	6.045e-22	5.69692e-26	3.74158e-28	6.69754e-31	6.38957e-33	8.59217e-36	5.02712e-38	5.23358e-41	1.88176e-43	3.94561e-46	6.17512e-46	2.77386e-47	2.83291e-48	2.31742e-50	1.29861e-51	8.74988e-53	2.28631e-51	2.04682e-50	
N14	5.56556e-39	4.34197e-32	3.86249e-27	2.27541e-23	4.15182e-19	7.71066e-17	2.89547e-15	2.91947e-12	6.71802e-09	4.09855e-06	0.000427462	0.0101673	0.079389	0.251273	0.357382	0.23269	0.0634995	0.00513312	3.39381e-05	9.84341e-08	1.67707e-10	1.92138e-13	1.60425e-16	1.0668e-19	1.5524e-22	2.28826e-23	5.36269e-25	8.10728e-26	1.62409e-27	1.66449e-28	3.48509e-30	1.84516e-30	1.52784e-30	1.74966e-29	1.55481e-29	3.35536e-29	1.61311e-30	3.00269e-31	6.59867e-33	7.24782e-34	5.86319e-35	
Rhaspe	0	0	0	0	0	0	0	0	0	1	0	0	0	0	0	0	0	0	0	0	0	0	0	0	0	0	0	0	0	0	0	0	0	0	0	0	0	0	0	0	0	
N15	2.81593e-35	3.15722e-29	9.21376e-25	4.86722e-21	2.72975e-17	6.67055e-15	4.88404e-13	1.74318e-10	1.15096e-07	2.68599e-05	0.00150651	0.0231177	0.12825	0.303741	0.332929	0.170412	0.037391	0.00259919	2.56243e-05	1.20323e-07	3.50193e-10	7.21802e-13	1.5338e-15	4.97534e-16	1.94414e-17	1.69385e-17	4.36697e-19	3.00407e-19	5.0712e-21	2.80661e-21	3.00836e-23	1.33798e-23	8.47873e-26	2.90145e-26	9.52237e-29	2.03666e-29	3.55743e-32	1.71429e-33	2.55434e-36	7.40422e-38	1.83581e-39	
Rhamar	0	0	0	0	0	0	0	0	0	1	0	0	0	0	0	0	0	0	0	0	0	0	0	0	0	0	0	0	0	0	0	0	0	0	0	0	0	0	0	0	0	
Rhatem	0	0	0	0	0	0	0	0	0	0	1	0	0	0	0	0	0	0	0	0	0	0	0	0	0	0	0	0	0	0	0	0	0	0	0	0	0	0	0	0	0	
N16	5.67018e-48	1.30109e-39	7.08709e-36	5.21e-29	7.81024e-28	3.40696e-26	3.23715e-20	7.17756e-15	4.55399e-12	1.89651e-12	2.68014e-13	4.76508e-13	4.34873e-10	1.47086e-06	0.00103217	0.0929535	0.667516	0.236356	0.00213827	2.84387e-06	1.11505e-09	9.77509e-13	3.8268e-15	2.62447e-16	3.7556e-19	1.33088e-20	7.82558e-24	1.83331e-25	9.73967e-29	1.79559e-28	3.25057e-30	2.59287e-30	1.81426e-32	9.188e-33	4.19181e-35	1.18652e-35	3.61874e-38	1.92549e-39	4.6929e-42	2.44523e-43	7.82806e-44	
N17	8.37426e-44	5.82983e-36	1.41624e-31	1.7979e-26	6.72585e-23	7.78258e-22	5.59713e-18	1.52808e-14	4.73437e-12	2.19382e-10	1.02696e-09	1.49893e-09	1.05926e-08	8.33271e-06	0.0018177	0.0832004	0.576356	0.320939	0.0174857	0.00019182	6.93564e-07	1.11062e-09	9.91464e-13	3.91402e-15	3.53036e-17	1.08058e-18	6.55273e-21	1.02906e-22	3.89523e-25	3.31165e-27	7.3144e-30	3.42221e-32	3.52467e-35	9.3946e-38	4.34813e-41	3.20234e-43	2.94987e-45	8.34745e-47	6.84728e-49	8.66384e-50	1.80444e-49	
N18	6.53858e-37	2.54815e-30	1.86887e-25	5.52178e-23	1.1257e-19	1.4167e-16	1.59858e-14	1.74864e-13	4.33163e-12	6.46531e-10	6.97583e-08	4.90401e-06	0.000349139	0.0111897	0.11599	0.395222	0.393295	0.0810646	0.00285234	3.29618e-05	1.7997e-07	5.63849e-10	1.14259e-12	1.64123e-15	2.35512e-18	1.4248e-19	4.09279e-21	5.7616e-22	1.32687e-23	1.20119e-24	2.11768e-26	1.22388e-27	1.40519e-29	5.10544e-31	2.38232e-33	5.58371e-35	1.06305e-37	1.14083e-39	1.49967e-42	8.75757e-45	2.07555e-47	
FGA379	0	0	0	0	0	0	0	0	0	0	0	0	0	0	0	0	1	0	0	0	0	0	0	0	0	0	0	0	0	0	0	0	0	0	0	0	0	0	0	0	0	
N19	4.22935e-36	1.48762e-29	4.55476e-24	4.77721e-23	1.0755e-18	8.83531e-15	8.38826e-14	1.07904e-13	7.58869e-12	3.07539e-08	4.48384e-05	0.0136843	0.189382	0.432306	0.287601	0.0702356	0.00653952	0.000203933	1.85433e-06	7.39536e-09	1.64745e-11	2.35736e-14	2.3694e-17	1.80759e-20	1.45316e-23	2.6469e-25	2.99233e-27	1.28628e-28	1.18769e-30	3.49607e-32	2.42559e-34	4.89489e-36	2.22798e-38	3.08488e-40	7.29696e-43	6.78769e-45	8.15261e-48	4.44397e-50	6.73135e-53	1.07708e-54	1.11725e-56	
N20	3.77023e-38	1.49918e-30	3.45166e-24	4.64248e-23	1.71529e-18	1.54935e-13	1.15182e-12	3.78271e-13	7.95335e-11	5.88858e-08	0.000183442	0.0968891	0.516742	0.351775	0.0335529	0.000850508	7.04959e-06	2.02654e-08	2.2918e-11	1.31367e-14	4.4943e-18	1.11277e-21	4.95339e-25	4.41763e-27	9.20476e-30	7.56474e-32	9.44474e-35	6.7626e-37	1.65946e-38	8.45708e-36	3.0145e-34	1.04725e-34	4.09094e-36	1.14482e-36	2.84535e-36	9.04928e-35	2.58276e-35	2.86331e-36	4.88432e-38	4.30886e-39	5.55733e-40	
N21	2.77004e-41	4.3039e-33	3.54249e-26	6.04891e-25	3.77704e-19	1.10798e-14	3.83414e-15	1.58507e-15	6.186e-12	1.72113e-07	0.00107899	0.297436	0.597536	0.101604	0.00233286	1.23244e-05	1.92024e-08	1.01485e-11	2.23251e-15	2.5739e-19	1.8073e-23	1.78012e-27	1.63214e-30	4.45094e-32	4.14363e-35	7.62972e-37	2.98898e-40	2.10112e-41	3.32722e-43	4.35616e-40	1.6797e-39	1.46938e-39	8.18175e-42	4.32385e-42	7.61451e-43	4.17733e-41	3.66875e-42	6.57318e-43	2.48044e-45	3.62018e-46	2.334e-46	
F3016	0	0	0	0	0	0	0	0	0	0	1	0	0	0	0	0	0	0	0	0	0	0	0	0	0	0	0	0	0	0	0	0	0	0	0	0	0	0	0	0	0	
N22	1.51339e-42	1.92067e-34	1.21501e-27	2.85906e-26	1.21075e-20	3.03972e-16	6.2179e-16	2.8916e-15	7.5242e-12	2.62962e-07	0.00151335	0.383475	0.567719	0.0468582	0.000434057	8.23185e-07	4.54168e-10	9.5389e-14	9.76458e-18	9.58292e-22	1.24721e-24	8.62911e-26	8.82974e-29	4.04941e-30	1.46183e-33	4.64161e-35	6.02696e-39	1.299e-40	1.63068e-44	2.35902e-42	1.48208e-41	8.40029e-42	2.19641e-44	5.10916e-45	6.05937e-47	2.0691e-45	3.63788e-46	3.98105e-47	6.06958e-49	1.495e-48	3.22521e-48	
N23	1.33994e-42	1.60009e-34	1.77805e-27	2.84777e-26	1.20021e-20	2.99673e-15	2.90041e-14	1.88119e-14	6.89018e-12	1.30254e-07	0.000860641	0.442097	0.53399	0.0229584	9.3672e-05	8.30896e-08	2.65764e-11	4.145e-15	5.99631e-19	2.60024e-20	1.06978e-22	6.0923e-24	6.50709e-27	2.37694e-28	7.16749e-32	1.70208e-33	1.86831e-37	2.40076e-39	1.35191e-43	5.81859e-46	2.51484e-50	3.91644e-53	1.3941e-57	1.06976e-60	3.05681e-65	1.56075e-68	3.63178e-73	5.28943e-76	6.91132e-78	1.11986e-79	1.33638e-81	
N24	6.48401e-46	7.70446e-37	8.89486e-29	4.78129e-29	3.91638e-22	4.83917e-16	8.97233e-17	5.13438e-18	4.25277e-13	9.4442e-08	0.00292141	0.751996	0.24377	0.00131232	4.30499e-07	3.16831e-11	8.96124e-16	1.28076e-20	1.49224e-25	3.14871e-28	1.18e-31	4.0704e-34	8.43976e-38	5.0583e-37	4.14235e-38	1.11037e-38	1.90411e-41	1.84134e-42	1.73011e-45	4.72724e-47	3.67584e-50	4.4585e-52	2.84581e-55	2.33154e-57	1.19995e-60	8.17457e-63	4.61338e-66	3.73078e-67	8.06276e-68	1.44662e-68	1.90746e-69	
N25	3.85511e-40	2.89595e-36	5.52697e-30	2.07503e-28	2.48308e-22	1.58567e-17	1.90809e-16	1.63255e-15	9.73873e-12	5.77984e-07	0.0058029	0.764632	0.228424	0.00114023	3.97009e-07	3.84403e-11	1.63256e-15	1.94732e-19	7.00341e-22	9.7621e-23	2.58163e-25	1.72563e-26	1.39824e-29	5.684e-31	2.02914e-35	3.85362e-37	5.12195e-42	1.33645e-44	7.07572e-49	1.70674e-47	2.6378e-47	1.53859e-48	1.37211e-51	6.27208e-53	4.08795e-55	2.56768e-53	2.35753e-54	2.16035e-53	7.94546e-53	2.53311e-52	5.95901e-52	
F1476	0	0	0	0	0	0	0	0	0	0	1	0	0	0	0	0	0	0	0	0	0	0	0	0	0	0	0	0	0	0	0	0	0	0	0	0	0	0	0	0	0	
N26	2.77221e-44	1.09955e-35	2.27003e-28	4.20862e-26	8.72948e-21	2.00111e-15	7.96912e-14	2.92842e-13	4.39374e-10	7.42731e-07	0.00719146	0.758279	0.232277	0.00225016	1.47606e-06	2.76854e-10	2.3356e-14	1.28818e-16	7.87828e-19	8.56165e-20	2.77918e-22	1.39521e-23	9.49823e-27	2.89321e-28	1.33242e-32	1.20009e-34	3.074e-39	2.14434e-41	8.1154e-44	6.88776e-42	8.20925e-43	3.50957e-44	4.5959e-47	3.76007e-48	2.66069e-48	5.78879e-46	1.03678e-47	2.73415e-47	4.10425e-47	8.12235e-47	1.18274e-46	
Furcep	0	0	0	0	0	0	0	0	0	0	0	0	0	1	0	0	0	0	0	0	0	0	0	0	0	0	0	0	0	0	0	0	0	0	0	0	0	0	0	0	0	
N27	8.02434e-41	5.1924e-33	2.01537e-26	3.23132e-24	9.66036e-19	4.73966e-15	4.50595e-15	5.75626e-14	5.19797e-10	1.08069e-05	0.0410167	0.816947	0.141258	0.000766971	5.31099e-07	1.34717e-10	1.74545e-14	2.18181e-18	3.83843e-21	4.89925e-22	2.86295e-24	2.86439e-25	1.00053e-27	5.74983e-29	1.77919e-32	6.49946e-34	4.61622e-38	4.04343e-40	2.11667e-44	3.52529e-47	1.46083e-51	1.39242e-54	4.49348e-59	3.37661e-62	8.98601e-67	1.39127e-69	1.56219e-73	5.04174e-75	1.81025e-76	5.72733e-78	1.35895e-79	
Furpol	0	0	0	0	0	0	0	0	0	0	0	1	0	0	0	0	0	0	0	0	0	0	0	0	0	0	0	0	0	0	0	0	0	0	0	0	0	0	0	0	0	
N28	2.10851e-39	1.34843e-31	3.30995e-25	2.4686e-22	9.63782e-17	5.36566e-14	1.65267e-14	2.55049e-12	7.91078e-08	0.000626637	0.6439	0.34564	0.00981497	1.79223e-05	1.01999e-08	2.74905e-12	4.3259e-16	1.21945e-19	3.65826e-22	1.20244e-23	4.03554e-26	7.32916e-28	1.57611e-30	1.51804e-32	5.40365e-36	2.93129e-38	3.54541e-42	4.06674e-45	3.58882e-49	2.12396e-52	1.3569e-56	6.42483e-60	3.14417e-64	1.333e-67	5.59998e-72	5.78544e-75	6.02365e-78	5.35671e-80	3.72975e-82	2.1496e-84	9.51393e-87	
N29	2.47451e-39	1.97645e-31	5.19133e-25	5.56098e-22	2.63313e-16	1.03081e-13	2.06384e-14	4.48318e-12	1.47943e-07	0.0011188	0.895582	0.102741	0.000557526	4.53889e-07	1.37638e-10	2.16556e-14	2.63801e-18	2.40338e-20	8.07657e-23	1.72034e-24	3.56863e-27	3.92309e-29	1.65746e-32	1.11106e-34	1.30774e-38	3.12852e-41	2.37605e-45	1.55255e-48	8.55296e-53	3.7347e-56	1.54744e-60	5.66167e-64	1.85502e-68	7.47756e-72	1.58602e-75	1.00821e-77	1.84462e-81	1.12217e-83	3.85761e-86	1.85409e-88	6.10324e-91	
F2241	0	0	0	0	0	0	0	0	0	0	1	0	0	0	0	0	0	0	0	0	0	0	0	0	0	0	0	0	0	0	0	0	0	0	0	0	0	0	0	0	0	
Furang	0	0	0	0	0	0	0	0	0	0	1	0	0	0	0	0	0	0	0	0	0	0	0	0	0	0	0	0	0	0	0	0	0	0	0	0	0	0	0	0	0	
Fga490	0	0	0	0	0	0	0	0	0	0	1	0	0	0	0	0	0	0	0	0	0	0	0	0	0	0	0	0	0	0	0	0	0	0	0	0	0	0	0	0	0	
N30	6.40025e-43	2.02646e-34	4.45635e-27	8.82868e-26	1.64568e-19	6.71879e-15	1.67028e-15	3.917e-15	1.15684e-10	4.93534e-06	0.0298353	0.899036	0.0710197	0.000103615	3.04731e-08	3.40942e-12	1.94168e-16	1.52362e-20	1.90825e-23	4.09212e-25	5.95307e-28	6.48153e-30	5.64664e-33	3.15895e-35	3.85412e-39	1.25946e-41	3.73528e-46	1.95129e-49	4.22091e-54	8.4849e-58	1.25677e-62	1.94891e-66	2.10464e-71	2.84662e-75	2.44854e-80	6.72031e-84	1.75199e-87	1.6532e-89	5.54302e-91	1.66433e-92	3.19018e-94	
N31	1.2957e-41	2.39072e-33	2.52552e-26	9.02706e-25	9.33612e-19	3.56876e-14	5.25044e-14	1.8861e-13	1.7728e-10	5.50624e-06	0.0242867	0.920506	0.055109	9.28335e-05	3.1772e-08	4.20243e-12	3.29142e-16	3.96166e-18	1.49509e-20	6.04019e-22	1.31497e-24	2.46005e-26	6.65624e-30	7.34975e-32	4.02531e-36	1.43897e-38	4.48213e-43	2.2591e-46	4.99752e-51	1.41562e-51	3.32104e-50	1.08183e-51	1.54687e-54	4.66069e-56	7.81643e-58	6.16041e-55	2.41206e-54	3.93846e-54	2.04241e-54	1.68055e-54	9.69451e-55	
N32	1.44935e-43	9.2889e-35	5.74115e-27	1.7839e-26	2.24488e-20	2.97982e-14	3.34748e-13	2.72098e-14	9.78087e-13	6.61224e-08	0.00168543	0.929239	0.0688373	0.000237665	5.71401e-08	4.20877e-12	3.64096e-16	1.13672e-17	2.00176e-20	3.91674e-22	3.13862e-25	2.82959e-27	1.52414e-31	6.7965e-34	1.00596e-38	7.85225e-42	8.14272e-47	8.22283e-50	5.7562e-53	1.65553e-52	2.15467e-52	2.69625e-54	1.45598e-57	4.07321e-59	3.00563e-60	4.774e-58	1.04958e-58	4.50914e-59	5.5498e-60	2.06793e-60	4.73386e-61	
N33	5.14602e-41	5.18495e-33	4.50649e-26	2.11476e-25	9.04538e-20	1.01463e-14	5.3398e-15	1.36233e-15	2.16439e-12	1.093e-07	0.00113732	0.955147	0.0436306	8.52114e-05	3.06983e-08	4.18936e-12	2.95032e-16	1.99073e-19	9.51975e-22	8.64638e-23	2.92437e-25	1.32024e-26	1.41072e-29	3.97369e-31	2.79894e-35	3.12709e-37	1.12615e-41	2.33682e-44	6.66528e-49	3.96607e-52	8.17667e-57	3.46634e-60	5.2843e-65	1.94051e-68	2.97718e-73	1.35512e-75	1.44938e-79	2.8753e-81	3.96372e-83	5.40116e-85	5.3008e-87	
N34	1.66562e-39	1.09639e-31	7.04486e-25	2.65311e-24	1.08506e-18	1.39947e-13	7.51071e-14	1.39621e-14	8.83308e-12	2.4712e-07	0.00156701	0.981085	0.0173223	2.54619e-05	1.09624e-08	2.13533e-12	2.41149e-16	4.99916e-19	2.0677e-21	7.30643e-23	2.13771e-25	3.96428e-27	6.97941e-30	6.73664e-32	7.39635e-36	1.91682e-38	1.36679e-42	9.0073e-46	4.55524e-50	1.99085e-53	7.36508e-58	2.72345e-61	7.78758e-66	2.64682e-69	1.21244e-73	5.98319e-76	3.49407e-79	2.96155e-81	1.86931e-83	1.01561e-85	4.11922e-88	
FGA456	0	0	0	0	0	0	0	0	0	0	0	1	0	0	0	0	0	0	0	0	0	0	0	0	0	0	0	0	0	0	0	0	0	0	0	0	0	0	0	0	0	
FGA516	0	0	0	0	0	0	0	0	0	0	0	1	0	0	0	0	0	0	0	0	0	0	0	0	0	0	0	0	0	0	0	0	0	0	0	0	0	0	0	0	0	
F12278	0	0	0	0	0	0	0	0	0	0	0	1	0	0	0	0	0	0	0	0	0	0	0	0	0	0	0	0	0	0	0	0	0	0	0	0	0	0	0	0	0	
N35	6.26189e-38	3.36344e-30	9.73588e-24	7.89738e-22	1.05809e-17	1.40812e-12	2.27893e-10	8.17255e-11	7.22915e-10	9.86408e-08	0.000587304	0.674368	0.306552	0.0184686	2.4513e-05	1.09077e-08	3.44227e-12	1.31398e-13	1.0375e-15	5.57909e-17	2.7432e-19	7.18787e-21	1.88008e-23	2.50762e-25	3.71565e-29	4.62791e-32	4.49799e-36	3.35997e-39	2.25783e-43	1.38812e-46	6.971e-51	3.79338e-54	1.52084e-58	1.04927e-61	5.05449e-65	5.76008e-67	4.44135e-70	4.7333e-72	3.67516e-74	2.54599e-76	1.31615e-78	
Furant	0	0	0	0	0	0	0	0	0	0	0	1	0	0	0	0	0	0	0	0	0	0	0	0	0	0	0	0	0	0	0	0	0	0	0	0	0	0	0	0	0	
FGA331	0	0	0	0	0	0	0	0	0	0	0	0	0	1	0	0	0	0	0	0	0	0	0	0	0	0	0	0	0	0	0	0	0	0	0	0	0	0	0	0	0	
FGA465	0	0	0	0	0	0	0	0	0	0	1	0	0	0	0	0	0	0	0	0	0	0	0	0	0	0	0	0	0	0	0	0	0	0	0	0	0	0	0	0	0	
N36	1.24735e-37	3.34709e-30	2.93651e-24	3.34248e-21	5.20811e-16	1.97869e-13	1.38028e-13	2.74776e-11	3.54868e-07	0.00119166	0.527077	0.460256	0.0114468	2.82429e-05	2.50632e-08	1.14108e-11	3.2447e-15	8.24755e-18	7.44914e-20	5.00196e-21	3.55317e-23	1.31812e-24	6.06046e-27	1.17462e-28	5.64561e-32	4.56108e-34	1.13564e-37	1.83974e-40	3.11656e-44	3.64593e-47	4.56035e-51	4.68501e-54	4.61794e-58	4.42501e-61	5.58356e-65	4.83869e-67	1.26307e-69	2.47465e-71	3.72037e-73	4.7612e-75	4.73295e-77	
FGA99	0	0	0	0	0	0	0	0	0	0	1	0	0	0	0	0	0	0	0	0	0	0	0	0	0	0	0	0	0	0	0	0	0	0	0	0	0	0	0	0	0	
FGA15	0	0	0	0	0	0	0	0	0	0	1	0	0	0	0	0	0	0	0	0	0	0	0	0	0	0	0	0	0	0	0	0	0	0	0	0	0	0	0	0	0	
FGA104	0	0	0	0	0	0	0	0	0	0	0	0	1	0	0	0	0	0	0	0	0	0	0	0	0	0	0	0	0	0	0	0	0	0	0	0	0	0	0	0	0	
FGA489	0	0	0	0	0	0	0	0	0	0	1	0	0	0	0	0	0	0	0	0	0	0	0	0	0	0	0	0	0	0	0	0	0	0	0	0	0	0	0	0	0	
FGA174	0	0	0	0	0	0	0	0	0	0	0	0	0	1	0	0	0	0	0	0	0	0	0	0	0	0	0	0	0	0	0	0	0	0	0	0	0	0	0	0	0	
FurbGB	0	0	0	0	0	0	0	0	0	0	0	1	0	0	0	0	0	0	0	0	0	0	0	0	0	0	0	0	0	0	0	0	0	0	0	0	0	0	0	0	0	
N37	4.21157e-44	1.02305e-36	8.01575e-33	3.99579e-27	7.89512e-24	1.67147e-23	1.61575e-19	2.93468e-15	8.65379e-12	1.54798e-10	2.57165e-10	1.35335e-10	9.33949e-10	1.03049e-06	0.000489889	0.0442206	0.500728	0.416883	0.0369629	0.000709728	4.6699e-06	1.51671e-08	1.47044e-10	1.31603e-10	5.6662e-12	2.86097e-12	5.24826e-14	1.50038e-14	1.01195e-16	1.81986e-17	4.48095e-20	5.0621e-21	5.02089e-24	2.96602e-25	1.57653e-28	3.19742e-30	1.28622e-33	1.1091e-35	3.64726e-39	2.61544e-41	8.02062e-43	
N38	3.36223e-41	2.22251e-34	1.06017e-30	1.62089e-25	6.02733e-23	4.7288e-22	2.79698e-18	1.44488e-14	6.81999e-12	3.95717e-11	4.7404e-11	3.55601e-11	6.99164e-10	4.38496e-07	0.00019964	0.0234061	0.406976	0.49443	0.0723669	0.00258626	3.46774e-05	2.25398e-07	8.78096e-10	1.60884e-11	8.57461e-13	2.64891e-13	1.19817e-14	2.52819e-15	7.36874e-17	9.22778e-18	1.38861e-19	1.09475e-20	6.35757e-23	3.15129e-24	7.31275e-27	1.67286e-28	2.54926e-31	2.70469e-33	3.14428e-36	2.30624e-38	1.88703e-40	
N39	3.84559e-40	4.5359e-33	7.45369e-30	2.46083e-24	1.37441e-23	2.21336e-22	6.97446e-18	1.19954e-13	1.6468e-11	6.40612e-12	6.51653e-13	1.74728e-13	4.31248e-11	8.45428e-08	8.71365e-05	0.0223852	0.552964	0.398868	0.0253102	0.000383238	2.20633e-06	6.25081e-09	1.02449e-11	1.20358e-14	2.31737e-17	4.72334e-19	3.70604e-21	6.5636e-23	3.60387e-25	3.88048e-27	1.44362e-29	9.58651e-32	2.21687e-34	9.04627e-37	1.12951e-39	2.82892e-42	2.07035e-45	3.10333e-48	1.5835e-51	1.77954e-54	1.61743e-57	
CGA312	0	0	0	0	0	0	0	0	0	0	0	0	0	0	0	0	0	1	0	0	0	0	0	0	0	0	0	0	0	0	0	0	0	0	0	0	0	0	0	0	0	
N40	9.74295e-47	1.83299e-38	1.01756e-34	5.50181e-28	1.96609e-27	1.3989e-25	4.10291e-20	3.68022e-15	6.06125e-14	2.75831e-15	2.29559e-17	1.79486e-16	3.47987e-13	7.86022e-09	4.76341e-05	0.03103	0.661011	0.301229	0.00665934	2.23456e-05	2.19694e-08	8.96737e-12	1.87134e-15	2.32599e-19	2.21531e-23	1.68465e-26	2.05588e-29	2.83444e-31	2.99813e-34	2.80742e-36	1.61572e-39	1.1264e-40	8.69659e-40	4.9212e-40	6.72692e-42	2.57733e-42	1.55822e-44	7.18392e-45	2.71379e-44	4.99447e-43	6.47136e-44	
N41	6.41022e-54	2.7412e-44	1.41995e-39	3.13764e-32	9.80524e-33	3.67664e-28	1.32595e-21	1.32662e-17	1.75487e-17	3.06442e-20	7.57741e-21	4.00198e-18	1.29346e-12	8.63811e-08	0.000407883	0.090352	0.808217	0.100672	0.00035072	1.42522e-07	1.54061e-11	6.61672e-16	1.41546e-20	1.73837e-25	1.36018e-30	1.66695e-34	7.81941e-38	6.88009e-40	1.59364e-40	4.86222e-40	1.76318e-41	9.43198e-40	1.5896e-39	2.44671e-38	6.7623e-39	8.86307e-38	4.9754e-38	1.37387e-35	1.14642e-35	7.9683e-35	1.06318e-35	
N42	1.24987e-40	1.16895e-34	6.26811e-33	1.72017e-28	6.30273e-31	8.65204e-30	3.47489e-24	1.23513e-19	3.805e-19	3.93056e-19	1.79742e-19	2.55663e-17	1.6424e-12	5.46313e-08	0.00032036	0.0903588	0.817407	0.0915995	0.00031449	1.83296e-07	3.5506e-11	3.14636e-15	1.53465e-19	1.70998e-22	1.03222e-24	1.78741e-25	7.04529e-28	6.14937e-29	1.10663e-31	5.71684e-33	2.11544e-36	1.19525e-37	1.32026e-37	4.87197e-37	1.75065e-39	2.17022e-39	4.70248e-42	1.41415e-42	2.37207e-43	1.58949e-42	2.23702e-42	
CGA642	0	0	0	0	0	0	0	0	0	0	0	0	0	0	0	0	1	0	0	0	0	0	0	0	0	0	0	0	0	0	0	0	0	0	0	0	0	0	0	0	0	
N43	2.48831e-48	6.19009e-41	3.96197e-38	1.42951e-32	3.64933e-34	1.19759e-30	2.48761e-25	4.3958e-21	2.10509e-19	4.05528e-19	7.79503e-19	1.0446e-15	2.55197e-11	3.2636e-07	0.000766185	0.110022	0.809025	0.0798529	0.000333287	3.13053e-07	1.11548e-10	1.96582e-14	2.00986e-18	5.22058e-22	3.95007e-24	9.48936e-25	6.54699e-27	8.4745e-28	3.85675e-30	2.82611e-31	5.76171e-34	2.83154e-35	8.20753e-37	1.99204e-36	9.2138e-39	7.49779e-39	2.37382e-41	5.06466e-41	8.15199e-42	1.01741e-41	4.07237e-42	
CGA236	0	0	0	0	0	0	0	0	0	0	0	0	0	0	0	0	1	0	0	0	0	0	0	0	0	0	0	0	0	0	0	0	0	0	0	0	0	0	0	0	0	
N44	6.17141e-50	2.07282e-43	4.93731e-39	3.07837e-33	4.21924e-32	1.0268e-27	1.03836e-22	3.64782e-19	1.12635e-17	2.72582e-17	7.44448e-16	1.90436e-12	1.1277e-08	2.34184e-05	0.00842452	0.219347	0.711862	0.0599729	0.000369004	6.53433e-07	5.12025e-10	2.20958e-13	5.99309e-17	2.11045e-20	1.74336e-22	4.55505e-23	5.83213e-25	9.02453e-26	8.81591e-28	8.20487e-29	5.499e-31	3.14591e-32	8.48529e-35	3.33114e-36	1.01741e-39	1.47848e-41	2.71511e-45	8.10653e-48	1.14873e-51	2.20227e-54	9.00685e-57	
N45	1.67795e-42	4.41297e-35	2.84945e-30	9.04246e-26	6.01643e-23	2.55926e-20	6.1013e-16	1.36155e-13	6.75438e-12	1.42455e-11	7.16123e-10	2.02243e-08	8.01781e-07	0.000605676	0.028652	0.294507	0.587655	0.0877996	0.000778249	2.19863e-06	2.96664e-09	2.33886e-12	1.32155e-15	1.21327e-17	1.45402e-19	8.15894e-21	7.36447e-23	2.46059e-24	1.57304e-26	3.1795e-28	1.21291e-30	1.55937e-32	2.76859e-35	2.26753e-37	1.30807e-40	3.59265e-43	1.42202e-46	2.17135e-49	6.52054e-53	1.25869e-55	5.80959e-58	
Calboe	0	0	0	0	0	0	0	0	0	0	0	0	0	1	0	0	0	0	0	0	0	0	0	0	0	0	0	0	0	0	0	0	0	0	0	0	0	0	0	0	0	
C3125	0	0	0	0	0	0	0	0	0	0	0	0	0	0	0	0	0	1	0	0	0	0	0	0	0	0	0	0	0	0	0	0	0	0	0	0	0	0	0	0	0	
CGA429	0	0	0	0	0	0	0	0	0	0	0	0	0	0	1	0	0	0	0	0	0	0	0	0	0	0	0	0	0	0	0	0	0	0	0	0	0	0	0	0	0	
N46	4.99144e-47	8.67922e-40	1.20306e-34	2.17574e-30	3.18334e-28	1.05468e-23	8.70253e-20	2.654e-18	2.61455e-18	7.98464e-18	1.61237e-14	1.57897e-10	5.60658e-07	0.000481812	0.0397625	0.339165	0.570765	0.0495975	0.00022677	3.36083e-07	2.4745e-10	1.09917e-13	3.29418e-17	7.5319e-21	1.25525e-23	8.79169e-24	2.17838e-25	1.07062e-25	2.22711e-27	6.96615e-28	1.19328e-29	2.31755e-30	2.29225e-32	2.92585e-33	2.51625e-36	1.85626e-37	5.89609e-41	6.01689e-43	1.55625e-46	6.7476e-49	3.10744e-51	
C985	0	0	0	0	0	0	0	0	0	0	0	0	0	1	0	0	0	0	0	0	0	0	0	0	0	0	0	0	0	0	0	0	0	0	0	0	0	0	0	0	0	
CGA382	0	0	0	0	0	0	0	0	0	0	0	0	0	0	1	0	0	0	0	0	0	0	0	0	0	0	0	0	0	0	0	0	0	0	0	0	0	0	0	0	0	
N47	3.53344e-45	1.94074e-37	5.92687e-34	8.16548e-28	4.7743e-26	4.01619e-25	9.51463e-21	9.21348e-16	6.30333e-13	1.05404e-12	9.89738e-14	7.41042e-14	6.90808e-12	6.44386e-09	2.00829e-05	0.01164	0.380504	0.559773	0.0477245	0.000337673	6.97645e-07	6.33809e-10	3.1917e-13	4.74984e-16	2.71749e-18	7.19181e-20	3.23838e-22	4.60941e-24	1.40067e-26	1.10912e-28	2.11562e-31	9.33286e-34	5.13569e-34	2.50288e-34	5.68012e-36	4.64685e-37	7.14004e-39	3.44213e-40	1.59426e-41	9.14328e-41	1.93106e-40	
N48	5.09975e-46	1.04128e-38	1.07166e-34	1.83236e-28	4.70819e-27	1.13208e-24	1.12973e-19	2.42398e-15	1.07793e-13	3.32073e-14	2.94041e-15	2.19768e-14	2.38079e-12	2.09454e-08	7.27333e-05	0.0244528	0.42648	0.525304	0.0235912	9.94998e-05	1.25887e-07	7.11071e-11	2.21181e-14	4.9677e-18	2.11097e-21	1.07077e-23	2.825e-26	2.05667e-27	1.14683e-29	7.98217e-31	2.91011e-33	1.32919e-34	2.32919e-37	7.4725e-39	3.09771e-42	6.80079e-44	1.12879e-47	1.36708e-49	1.23865e-53	4.25228e-56	8.00861e-60	
C12265	0	0	0	0	0	0	0	0	0	0	0	0	0	0	0	0	0	1	0	0	0	0	0	0	0	0	0	0	0	0	0	0	0	0	0	0	0	0	0	0	0	
N49	3.43127e-44	1.40781e-36	8.48107e-33	4.44367e-27	1.09786e-27	1.01596e-23	6.18459e-19	6.46355e-16	1.05749e-16	1.21391e-17	5.94895e-17	2.46519e-13	4.72709e-09	3.0198e-05	0.0417313	0.75184	0.197178	0.00917588	4.4514e-05	5.17703e-08	2.62228e-11	7.40508e-15	1.33754e-18	1.6904e-22	1.6907e-26	3.1508e-29	9.17885e-32	1.63105e-33	3.98822e-36	4.63062e-38	9.17985e-41	6.92451e-43	1.01546e-45	4.82838e-48	3.82795e-51	1.1658e-53	2.35568e-57	3.20046e-60	3.98586e-64	2.24273e-67	4.09265e-71	
C404	0	0	0	0	0	0	0	0	0	0	0	0	0	0	1	0	0	0	0	0	0	0	0	0	0	0	0	0	0	0	0	0	0	0	0	0	0	0	0	0	0	
Cl11778	0	0	0	0	0	0	0	0	0	0	0	0	0	0	0	1	0	0	0	0	0	0	0	0	0	0	0	0	0	0	0	0	0	0	0	0	0	0	0	0	0	
C3134	0	0	0	0	0	0	0	0	0	0	0	0	0	0	0	0	0	0	1	0	0	0	0	0	0	0	0	0	0	0	0	0	0	0	0	0	0	0	0	0	0	
N50	4.22773e-42	1.72452e-34	2.94047e-31	3.45409e-25	8.47854e-22	5.76055e-23	5.80406e-19	3.04896e-14	3.03761e-10	2.67855e-10	1.12805e-11	1.91354e-13	2.4723e-14	8.82459e-11	2.30031e-07	0.00018923	0.0346512	0.714123	0.243782	0.00719667	5.72192e-05	1.88434e-07	3.29406e-10	6.25895e-13	2.79928e-15	4.01636e-17	2.04098e-19	1.70761e-21	5.52161e-24	2.66927e-26	5.45677e-29	1.56266e-31	1.92414e-34	7.15612e-35	5.14398e-36	4.7588e-37	1.93995e-38	1.30549e-39	4.28214e-41	3.26446e-42	7.08079e-42	
CGA311	0	0	0	0	0	0	0	0	0	0	0	0	0	0	0	0	0	1	0	0	0	0	0	0	0	0	0	0	0	0	0	0	0	0	0	0	0	0	0	0	0	
N51	3.20346e-46	2.13355e-38	1.78223e-34	1.88467e-28	8.64507e-25	1.00927e-24	1.45983e-20	9.84269e-16	7.52791e-12	6.74222e-12	1.96669e-13	2.00455e-15	2.38796e-15	4.39747e-12	3.08377e-08	6.43427e-05	0.0246918	0.71754	0.251457	0.00621068	3.55972e-05	7.59072e-08	7.83733e-11	5.73982e-14	6.34016e-17	3.70227e-19	1.47238e-21	1.74758e-22	8.27802e-25	9.09223e-26	2.13766e-28	1.63551e-29	1.62184e-32	8.96569e-34	3.10828e-37	1.15427e-38	1.48345e-42	2.40813e-44	2.21893e-48	1.74033e-50	5.1466e-54	
N52	1.0113e-47	1.20392e-39	5.16413e-36	1.58292e-29	2.24093e-27	2.53199e-27	2.41867e-22	1.44169e-17	2.42304e-14	1.403e-15	7.17918e-18	7.60212e-19	7.19874e-17	2.1082e-12	2.42298e-08	7.95387e-05	0.0455267	0.85102	0.102474	0.000898567	1.92091e-06	1.60538e-09	6.73016e-13	1.64972e-16	2.63123e-20	8.0822e-24	2.30638e-26	6.85985e-28	2.18115e-30	3.85611e-32	9.00354e-35	9.56015e-37	1.53959e-39	2.26956e-39	1.30931e-40	3.77742e-41	6.62378e-43	1.19378e-43	1.04374e-45	8.78332e-47	2.74881e-47	
CGA45	0	0	0	0	0	0	0	0	0	0	0	0	0	0	0	0	1	0	0	0	0	0	0	0	0	0	0	0	0	0	0	0	0	0	0	0	0	0	0	0	0	
N53	5.12528e-49	2.28411e-41	2.07877e-37	2.49617e-31	2.87097e-28	7.7234e-28	2.58204e-23	5.45628e-19	1.0274e-15	7.56575e-17	4.44667e-17	3.45412e-17	1.90489e-16	2.33778e-12	2.10481e-08	5.86864e-05	0.0323913	0.875443	0.0913115	0.000793691	1.83009e-06	1.74742e-09	8.73474e-13	2.64012e-16	5.68303e-20	1.43223e-21	2.02324e-23	4.23422e-24	4.37739e-26	5.44483e-27	3.88196e-29	2.9972e-30	1.11642e-32	5.70786e-34	3.72451e-37	1.25313e-38	2.70343e-42	3.71966e-44	5.31378e-48	2.16107e-50	7.0396e-54	
C3043	0	0	0	0	0	0	0	0	0	0	0	0	0	0	0	0	0	1	0	0	0	0	0	0	0	0	0	0	0	0	0	0	0	0	0	0	0	0	0	0	0	
CGA364	0	0	0	0	0	0	0	0	0	0	0	0	0	0	0	0	0	1	0	0	0	0	0	0	0	0	0	0	0	0	0	0	0	0	0	0	0	0	0	0	0	
C2208	0	0	0	0	0	0	0	0	0	0	0	0	0	0	0	0	0	0	1	0	0	0	0	0	0	0	0	0	0	0	0	0	0	0	0	0	0	0	0	0	0	
N54	6.13868e-37	4.59522e-30	5.55252e-27	1.22727e-21	2.06839e-19	7.95669e-20	8.32204e-16	7.92425e-12	1.31356e-08	4.41105e-09	3.35762e-10	1.24594e-11	1.04342e-11	1.12719e-08	7.52619e-06	0.00170318	0.0975234	0.797702	0.100192	0.00283984	3.16968e-05	1.82768e-07	6.69403e-10	3.76539e-12	3.97831e-14	9.12428e-16	9.26899e-18	1.33225e-19	9.14219e-22	8.22328e-24	3.78929e-26	2.18256e-28	6.56772e-31	2.45031e-33	4.71807e-36	1.17696e-38	1.56068e-41	2.85036e-44	3.01956e-47	5.34844e-50	9.45582e-53	
N55	1.95924e-43	1.44656e-35	4.1234e-32	8.22327e-26	1.52398e-23	4.56327e-24	3.43755e-19	1.38614e-14	4.32482e-11	8.85264e-13	4.08947e-15	4.81452e-17	4.70351e-16	7.49197e-12	6.05932e-08	0.000144303	0.0631533	0.904943	0.0315903	0.00016834	2.90222e-07	2.27254e-10	9.82031e-14	2.72581e-17	6.51057e-21	2.31865e-23	6.91522e-26	8.95126e-28	1.92167e-30	1.52227e-32	2.15397e-35	1.08406e-37	9.07706e-41	2.99361e-43	1.22923e-46	2.6128e-49	4.2852e-53	4.25984e-56	4.80734e-60	2.81374e-63	5.04433e-67	
CGA453	0	0	0	0	0	0	0	0	0	0	0	0	0	0	0	0	0	1	0	0	0	0	0	0	0	0	0	0	0	0	0	0	0	0	0	0	0	0	0	0	0	
N56	1.64512e-47	2.38806e-39	1.3584e-35	5.46e-29	1.76799e-27	1.03825e-26	1.9866e-21	1.45795e-16	1.03654e-13	2.67904e-16	4.19275e-19	7.03171e-20	1.51384e-17	6.7875e-13	1.51964e-08	0.000100601	0.117007	0.874327	0.00855284	1.29899e-05	6.58703e-09	1.56096e-12	2.08699e-16	1.77595e-20	1.09674e-24	2.55054e-27	6.98052e-30	1.87701e-31	3.95477e-34	6.51577e-36	1.0355e-38	1.06758e-40	1.13017e-43	7.46673e-46	3.54287e-49	1.58205e-51	1.05628e-55	1.31922e-58	6.37013e-63	3.44042e-66	3.42484e-70	
CGA501	0	0	0	0	0	0	0	0	0	0	0	0	0	0	0	0	0	1	0	0	0	0	0	0	0	0	0	0	0	0	0	0	0	0	0	0	0	0	0	0	0	
C3121	0	0	0	0	0	0	0	0	0	0	0	0	0	0	0	0	1	0	0	0	0	0	0	0	0	0	0	0	0	0	0	0	0	0	0	0	0	0	0	0	0	
Calparcri	0	0	0	0	0	0	0	0	0	0	0	0	0	0	0	0	0	1	0	0	0	0	0	0	0	0	0	0	0	0	0	0	0	0	0	0	0	0	0	0	0	
N57	2.60175e-41	4.64245e-35	4.52703e-33	1.35221e-28	9.77396e-28	2.94056e-25	3.93751e-20	5.35702e-16	4.52465e-14	1.72467e-13	1.97396e-13	2.104e-12	3.80609e-10	1.30378e-06	0.00105652	0.0950298	0.666592	0.234525	0.00279023	5.36326e-06	3.08024e-09	8.4562e-13	3.5093e-16	7.15046e-18	3.14709e-20	1.49145e-20	2.37163e-22	8.73519e-23	4.80553e-25	9.02585e-26	1.42458e-28	1.49361e-29	6.07906e-33	3.72104e-34	2.1819e-37	2.43779e-37	1.75031e-39	3.57981e-39	7.55936e-41	2.37539e-41	3.82841e-42	
N58	1.68001e-42	3.18322e-35	1.40977e-31	6.34481e-26	1.32052e-22	2.02233e-22	1.28078e-18	2.21032e-14	3.34957e-11	3.5488e-10	3.81186e-10	1.57113e-10	4.76228e-10	3.51533e-07	0.000169643	0.0202454	0.349496	0.525933	0.0996451	0.00443949	7.01121e-05	5.1197e-07	2.47254e-09	1.89888e-10	1.02443e-11	1.78082e-12	5.82968e-14	5.13554e-15	1.02517e-16	4.82454e-18	5.24974e-20	1.35669e-21	5.78423e-24	8.27855e-26	1.49729e-28	8.57215e-31	9.8221e-34	3.23952e-36	2.74732e-39	1.22013e-41	1.10766e-43	
N59	8.73349e-39	6.70172e-32	5.39637e-28	2.13874e-23	5.5096e-20	2.10597e-19	6.88032e-17	1.40554e-13	6.29055e-11	2.27955e-09	1.1311e-08	1.35498e-08	2.03613e-08	3.30972e-06	0.000582721	0.0300205	0.339317	0.536612	0.0899399	0.0034759	4.8769e-05	3.23709e-07	1.20359e-09	3.05911e-12	1.22508e-14	7.36962e-16	1.50512e-17	8.28977e-19	1.17196e-20	3.83129e-22	3.59247e-24	7.09088e-26	3.91619e-28	4.7175e-30	1.25347e-32	9.05764e-35	1.39545e-37	5.82469e-40	6.32173e-43	1.86482e-45	3.37204e-48	
N60	1.95632e-37	1.70247e-30	5.68242e-26	1.40048e-22	8.54263e-19	4.11964e-17	4.91554e-15	4.06904e-13	1.67616e-10	8.47825e-09	1.47687e-07	1.06886e-06	3.04993e-06	0.000206268	0.00774858	0.106513	0.453289	0.400359	0.0313242	0.000551787	3.66775e-06	1.21035e-08	2.3372e-11	2.9505e-14	2.77302e-17	1.92685e-19	2.88482e-21	2.06375e-22	2.5361e-24	1.15418e-25	1.01266e-27	2.98175e-29	1.64197e-31	3.19704e-33	8.60438e-36	1.11814e-37	1.36289e-40	9.82175e-43	8.07403e-46	3.41901e-48	4.3869e-51	
N61	5.29912e-40	1.0466e-32	2.8015e-29	1.67435e-23	1.96157e-20	8.08493e-21	1.10251e-16	2.60473e-12	9.29823e-09	1.28262e-08	1.75384e-09	8.64951e-11	5.35225e-11	5.34252e-08	2.97521e-05	0.00474668	0.16399	0.727189	0.101529	0.00249588	2.03896e-05	1.08247e-07	1.45005e-09	1.21217e-10	2.01375e-12	8.7343e-14	7.12884e-16	1.70939e-17	7.4709e-20	1.08728e-21	2.71145e-24	2.48612e-26	3.7175e-29	2.11716e-31	2.00384e-34	6.69558e-37	4.35312e-40	8.73492e-43	4.51592e-46	1.06818e-48	4.50608e-51	
Triowe	0	0	0	0	0	0	0	0	0	0	0	0	0	0	0	0	0	1	0	0	0	0	0	0	0	0	0	0	0	0	0	0	0	0	0	0	0	0	0	0	0	
N62	2.4459e-40	2.81424e-33	1.6973e-29	4.8524e-24	3.53498e-21	1.5285e-20	1.41316e-16	9.95845e-13	8.10963e-10	6.15975e-10	5.58059e-11	2.79658e-12	4.41089e-12	6.0432e-09	6.38309e-06	0.00195017	0.119021	0.760518	0.115478	0.0030007	2.58092e-05	1.06302e-07	3.40872e-10	4.17213e-12	3.67853e-14	1.37713e-15	2.58726e-17	4.52889e-18	6.91932e-20	8.30706e-21	6.68268e-23	5.49285e-24	2.03653e-26	1.1654e-27	1.85034e-30	6.51471e-32	5.16673e-35	7.45674e-37	4.49993e-40	3.41021e-42	5.81526e-45	
Trijoh	0	0	0	0	0	0	0	0	0	0	0	0	0	0	0	0	0	1	0	0	0	0	0	0	0	0	0	0	0	0	0	0	0	0	0	0	0	0	0	0	0	
Trimel	0	0	0	0	0	0	0	0	0	0	0	0	0	0	0	0	0	1	0	0	0	0	0	0	0	0	0	0	0	0	0	0	0	0	0	0	0	0	0	0	0	
N63	7.16147e-36	8.73334e-29	1.11428e-22	1.52424e-22	1.67459e-17	6.20598e-13	2.47982e-13	3.20599e-14	1.5141e-11	1.82643e-07	0.000653946	0.393366	0.478431	0.117084	0.0100855	0.000373795	6.32825e-06	4.684e-08	1.30436e-10	1.69009e-13	1.25503e-16	6.08631e-20	2.09879e-23	5.48787e-27	1.2098e-30	1.04414e-33	2.15014e-36	1.37496e-38	2.82788e-41	1.28896e-43	2.14718e-46	6.82885e-49	8.5773e-52	1.85101e-54	1.54522e-57	2.16079e-60	9.82899e-64	8.56977e-67	2.61896e-70	1.60668e-73	5.89584e-77	
N64	4.48127e-37	6.65086e-30	8.50191e-24	4.23175e-23	3.6482e-18	1.21751e-13	1.73396e-13	9.14637e-14	4.99058e-11	6.12548e-07	0.00182589	0.646322	0.326976	0.0243516	0.000519805	4.16934e-06	1.42183e-08	2.16762e-11	1.54222e-14	6.11278e-18	1.75129e-21	1.22149e-23	5.21504e-26	1.5206e-27	1.96e-30	3.89561e-32	2.53357e-35	3.54248e-37	1.4365e-40	1.4116e-42	4.00114e-46	2.69825e-48	5.75253e-52	2.53641e-54	4.28631e-58	1.14585e-60	1.59685e-64	2.42415e-67	3.30281e-71	1.00637e-73	8.79151e-76	
Trihoe	0	0	0	0	0	0	0	0	0	0	0	1	0	0	0	0	0	0	0	0	0	0	0	0	0	0	0	0	0	0	0	0	0	0	0	0	0	0	0	0	0	
Tribit	0	0	0	0	0	0	0	0	0	0	0	1	0	0	0	0	0	0	0	0	0	0	0	0	0	0	0	0	0	0	0	0	0	0	0	0	0	0	0	0	0	
Trijac	0	0	0	0	0	0	0	0	0	0	0	1	0	0	0	0	0	0	0	0	0	0	0	0	0	0	0	0	0	0	0	0	0	0	0	0	0	0	0	0	0	
N65	8.12345e-39	6.6922e-32	1.04435e-28	2.37684e-23	1.04225e-20	4.13765e-21	3.064e-17	3.38428e-13	6.72281e-10	7.54029e-10	1.28779e-10	9.56256e-12	7.74463e-12	8.7572e-09	6.61328e-06	0.00161564	0.0934023	0.730558	0.167118	0.00719237	0.000107012	7.45969e-07	2.96524e-09	1.43044e-11	1.96081e-13	9.97828e-15	1.59337e-16	4.86578e-18	5.07119e-20	9.27997e-22	6.20301e-24	7.02047e-26	2.84898e-28	2.02394e-30	4.70655e-33	2.07151e-35	3.04659e-38	8.49364e-41	9.08613e-44	2.12136e-46	4.34995e-49	
Tricri	0	0	0	0	0	0	0	0	0	0	0	0	0	0	0	0	0	1	0	0	0	0	0	0	0	0	0	0	0	0	0	0	0	0	0	0	0	0	0	0	0	
N66	8.22431e-41	8.60952e-34	3.14242e-30	8.34851e-25	3.74302e-22	6.82361e-22	5.82871e-18	3.77697e-14	3.05845e-11	1.23294e-11	1.05176e-12	1.60094e-13	3.30151e-13	6.57984e-10	1.02394e-06	0.000515508	0.0594835	0.783668	0.151535	0.00474888	4.82677e-05	2.21927e-07	5.60346e-10	9.02211e-13	1.28312e-15	3.67555e-17	7.4939e-19	7.74172e-20	1.14201e-21	7.31853e-23	6.99186e-25	2.8968e-26	1.55487e-28	4.34379e-30	1.0562e-32	1.94318e-34	2.04561e-37	1.84397e-39	1.36925e-42	7.03745e-45	9.3122e-48	
Triwie	0	0	0	0	0	0	0	0	0	0	0	0	0	0	0	0	0	1	0	0	0	0	0	0	0	0	0	0	0	0	0	0	0	0	0	0	0	0	0	0	0	
Triqua	0	0	0	0	0	0	0	0	0	0	0	0	0	0	0	0	0	1	0	0	0	0	0	0	0	0	0	0	0	0	0	0	0	0	0	0	0	0	0	0	0	
N67	9.14504e-38	1.45943e-31	4.7084e-28	1.58397e-23	7.86842e-21	4.88477e-20	4.96055e-17	6.81256e-14	1.86603e-11	2.6612e-10	9.12537e-10	1.32935e-09	4.91138e-09	9.61287e-07	0.000201386	0.0142841	0.237717	0.536067	0.191571	0.0193513	0.000791368	1.63609e-05	1.9841e-07	2.37035e-09	1.50979e-10	1.07092e-10	1.25738e-11	5.36295e-12	4.28064e-13	1.07919e-13	5.37216e-15	8.22889e-16	2.00103e-17	1.93469e-18	1.81008e-20	9.21716e-22	5.19601e-24	1.31345e-25	5.44902e-28	9.57091e-30	1.32297e-31	
N68	4.77375e-36	1.00106e-29	1.47862e-26	9.20711e-22	2.02527e-19	3.73531e-19	1.23113e-15	4.13658e-12	2.45808e-09	4.73648e-09	1.89415e-09	3.51507e-10	3.3892e-10	1.15413e-07	3.48626e-05	0.00380609	0.116041	0.633341	0.226434	0.0196589	0.000671393	1.16157e-05	1.1918e-07	9.04505e-10	9.50143e-12	5.94202e-13	2.00235e-14	1.20848e-15	2.89206e-17	1.10462e-18	1.82871e-20	4.51791e-22	4.96981e-24	8.01151e-26	5.58756e-28	5.99437e-30	2.77646e-32	2.05529e-34	7.15721e-37	4.41705e-39	2.18108e-41	
Kinboe	0	0	0	0	0	0	0	0	0	0	0	0	0	0	0	0	0	1	0	0	0	0	0	0	0	0	0	0	0	0	0	0	0	0	0	0	0	0	0	0	0	
Kinfis	0	0	0	0	0	0	0	0	0	0	0	0	0	0	0	0	0	1	0	0	0	0	0	0	0	0	0	0	0	0	0	0	0	0	0	0	0	0	0	0	0	
Kinxen	0	0	0	0	0	0	0	0	0	0	0	0	0	0	0	0	0	1	0	0	0	0	0	0	0	0	0	0	0	0	0	0	0	0	0	0	0	0	0	0	0	
N69	1.78866e-48	2.09863e-40	4.1708e-35	3.62953e-30	8.5856e-27	3.78993e-23	2.28037e-19	1.01337e-16	1.04481e-14	1.65259e-13	3.03977e-13	6.15573e-11	7.52622e-08	4.2559e-05	0.00584562	0.160276	0.648183	0.183356	0.00229045	6.62451e-06	7.88776e-09	5.55299e-12	3.88949e-15	7.21026e-18	8.50843e-20	2.64776e-19	4.442e-20	1.20211e-19	1.16669e-20	1.43977e-20	6.39237e-22	3.83294e-22	4.73106e-24	1.5886e-24	2.8518e-27	4.84854e-28	2.32539e-31	6.34478e-33	2.11868e-36	1.83835e-38	4.39837e-41	
N70	9.52746e-33	9.93951e-27	8.65396e-22	3.50202e-20	2.57993e-16	5.26195e-13	4.93851e-12	1.33554e-11	1.30329e-09	1.0583e-06	0.000326491	0.0240005	0.177927	0.372403	0.302214	0.106288	0.0159523	0.000872091	1.59909e-05	1.5091e-07	8.90152e-10	3.66e-12	1.12793e-14	3.36839e-17	3.10891e-19	3.13046e-20	1.02222e-21	8.66166e-23	2.36418e-24	1.40084e-25	3.02264e-27	1.22176e-28	1.83494e-30	4.80948e-32	3.99158e-34	6.64709e-36	3.00256e-38	2.68286e-40	8.53895e-43	6.475e-45	4.47667e-47	
N71	4.57239e-34	9.18972e-27	1.81293e-20	1.34545e-20	1.62158e-15	5.40823e-11	1.63331e-11	8.78675e-13	2.14988e-10	1.4244e-06	0.00241831	0.559666	0.393609	0.042911	0.00137712	1.67842e-05	8.82774e-08	2.1945e-10	2.90671e-13	2.3226e-16	1.24341e-19	6.26251e-23	6.08262e-26	2.78214e-28	5.50377e-31	2.06726e-33	2.87544e-36	7.38132e-39	7.19115e-42	1.29717e-44	8.87415e-48	1.13826e-50	5.47893e-54	4.97986e-57	1.70491e-60	1.09346e-63	2.76864e-67	1.32959e-70	2.99919e-74	1.77335e-77	1.33274e-80	
N72	5.09067e-37	2.45083e-29	1.1757e-22	5.29928e-23	2.02773e-17	2.78363e-12	4.43783e-13	1.89608e-14	1.43813e-11	3.28935e-07	0.0016611	0.880902	0.11601	0.00142243	3.99373e-06	3.97848e-09	1.82813e-12	4.67881e-16	9.56322e-20	3.26301e-22	6.43398e-25	4.36906e-27	5.06296e-30	1.7733e-32	6.30825e-36	1.27873e-38	2.15488e-42	2.38924e-45	2.61548e-49	1.63052e-52	1.31981e-56	5.05531e-60	3.16037e-64	8.34448e-68	4.08064e-72	8.3829e-76	4.23695e-80	3.03216e-83	4.65219e-86	7.08426e-89	8.32527e-92	
N73	1.97645e-36	2.80656e-29	3.29289e-23	1.77561e-22	1.11045e-17	2.37323e-13	3.45699e-13	2.18798e-13	1.20727e-10	1.34748e-06	0.00348251	0.920228	0.0757618	0.000525578	9.41021e-07	6.95918e-10	2.72714e-13	1.71163e-16	1.24474e-18	1.36395e-19	1.06779e-21	6.24884e-23	2.76991e-25	8.89958e-27	2.92808e-30	3.68908e-32	7.03555e-36	2.8901e-38	4.33346e-42	8.45326e-45	1.0175e-48	1.30426e-51	1.25507e-55	1.28339e-58	1.03403e-62	2.03891e-65	1.62247e-68	4.59775e-70	1.00775e-71	1.92642e-73	2.80197e-75	
Chaafr	0	0	0	0	0	0	0	0	0	0	0	1	0	0	0	0	0	0	0	0	0	0	0	0	0	0	0	0	0	0	0	0	0	0	0	0	0	0	0	0	0	
Chacha	0	0	0	0	0	0	0	0	0	0	0	1	0	0	0	0	0	0	0	0	0	0	0	0	0	0	0	0	0	0	0	0	0	0	0	0	0	0	0	0	0	
N74	2.74024e-36	3.91349e-29	5.08486e-23	1.96308e-22	2.08393e-17	8.338e-13	8.32179e-13	2.86907e-13	1.26834e-10	1.40005e-06	0.00357673	0.937299	0.0587907	0.000331292	5.11897e-07	3.39418e-10	1.2266e-13	9.68371e-17	6.16755e-19	3.81038e-20	2.28641e-22	7.5197e-24	2.70212e-26	4.65011e-28	1.59741e-31	1.07851e-33	2.15401e-37	4.94645e-40	7.53047e-44	9.16979e-47	1.07849e-50	9.50647e-54	8.75506e-58	6.53799e-61	5.24446e-65	1.04314e-67	1.22178e-70	1.91773e-72	2.31558e-74	2.40715e-76	1.918e-78	
Chacaly	0	0	0	0	0	0	0	0	0	0	0	1	0	0	0	0	0	0	0	0	0	0	0	0	0	0	0	0	0	0	0	0	0	0	0	0	0	0	0	0	0	
Chazey	0	0	0	0	0	0	0	0	0	0	0	1	0	0	0	0	0	0	0	0	0	0	0	0	0	0	0	0	0	0	0	0	0	0	0	0	0	0	0	0	0	
N75	5.63283e-33	2.22893e-26	6.78932e-21	1.16823e-19	1.69694e-15	4.30117e-12	4.68026e-12	8.1953e-12	2.69464e-09	8.54611e-06	0.00676304	0.629168	0.33926	0.0243261	0.000471589	3.43284e-06	1.15034e-08	2.07326e-11	2.45345e-14	6.54442e-16	1.44019e-17	2.48313e-18	3.07677e-20	3.04995e-21	5.36903e-24	3.03786e-25	2.83989e-28	9.04686e-30	6.00524e-33	1.08227e-34	5.77777e-38	6.04878e-40	2.74526e-43	1.76384e-45	6.91775e-49	2.99265e-51	1.02771e-54	5.10241e-57	1.27038e-58	7.41809e-60	3.4383e-61	
Chadil	0	0	0	0	0	0	0	0	0	0	0	1	0	0	0	0	0	0	0	0	0	0	0	0	0	0	0	0	0	0	0	0	0	0	0	0	0	0	0	0	0	
Chasen	0	0	0	0	0	0	0	0	0	0	0	1	0	0	0	0	0	0	0	0	0	0	0	0	0	0	0	0	0	0	0	0	0	0	0	0	0	0	0	0	0	
Chanam	0	0	0	0	0	0	0	0	0	0	0	1	0	0	0	0	0	0	0	0	0	0	0	0	0	0	0	0	0	0	0	0	0	0	0	0	0	0	0	0	0	
N76	7.49899e-33	6.84789e-29	4.44077e-27	9.4951e-25	3.35094e-25	5.37e-23	1.7478e-19	1.10825e-16	1.0236e-14	1.5263e-13	1.92782e-12	2.19544e-10	1.2929e-07	5.5386e-05	0.0065924	0.165446	0.639397	0.184764	0.00372112	2.36182e-05	7.46127e-08	1.62237e-10	4.85953e-13	3.70461e-12	4.41619e-12	2.22162e-10	1.19184e-10	3.47085e-09	6.75658e-10	1.14116e-08	7.42873e-10	7.38934e-09	1.37737e-10	7.80091e-10	3.63456e-12	6.82742e-12	1.70362e-14	3.72146e-15	7.0124e-18	6.60908e-19	1.77508e-19	
Riebrev	0	0	0	0	0	0	0	0	0	0	0	0	0	0	0	0	0	0	0	0	0	0	0	0	0	0	0	0	0	0	1	0	0	0	0	0	0	0	0	0	0	
N77	5.02124e-38	1.44568e-30	1.18378e-27	1.05914e-21	4.5438e-22	3.09072e-21	3.1162e-16	9.76683e-12	5.6995e-10	1.07636e-11	7.57257e-14	1.10004e-15	2.9113e-12	1.38319e-08	2.40504e-05	0.0118869	0.942181	0.0454804	0.000425782	1.45594e-06	2.43234e-09	2.4804e-12	2.15869e-15	4.70714e-18	1.1373e-20	3.49753e-23	6.27425e-26	1.17723e-28	1.3979e-31	1.63365e-34	1.26936e-37	9.4615e-41	4.78378e-44	2.33353e-47	7.77909e-51	2.61758e-54	6.17084e-58	1.64064e-61	3.53898e-65	1.09355e-68	3.66956e-72	
N78	6.2645e-48	2.7931e-39	9.36032e-36	1.23033e-28	9.69436e-29	2.83412e-27	3.80665e-21	1.03398e-15	1.08872e-13	6.44179e-17	1.47365e-20	3.12837e-22	3.13125e-17	4.04081e-12	1.59882e-07	0.00133832	0.983056	0.0155831	2.22162e-05	7.98877e-09	1.12087e-12	7.83389e-17	3.21914e-21	1.22294e-25	2.88622e-29	2.39908e-31	1.45418e-34	8.45525e-37	2.93574e-36	1.25712e-34	5.38571e-36	2.10644e-36	3.92003e-38	1.14075e-38	3.90176e-41	4.09336e-42	1.06741e-44	5.57869e-46	1.25944e-48	4.26836e-50	7.39409e-52	
N79	8.5589e-43	1.09797e-36	5.95649e-35	3.15383e-30	1.20176e-31	2.04606e-29	2.35034e-23	4.91836e-18	5.6013e-16	1.58521e-19	7.80239e-23	7.96718e-23	1.07259e-17	1.77926e-12	9.26734e-08	0.00103679	0.985924	0.0130261	1.33517e-05	3.32039e-09	3.19978e-13	1.53555e-17	4.27751e-22	1.07028e-26	1.06379e-29	1.53443e-30	3.6773e-33	2.92385e-34	4.79526e-37	2.19888e-38	2.05545e-41	5.83187e-43	9.83895e-45	1.28767e-43	1.3085e-46	4.19548e-47	3.55429e-50	3.35801e-51	3.2951e-54	2.85343e-53	9.76464e-52	
Braset	0	0	0	0	0	0	0	0	0	0	0	0	0	0	0	0	1	0	0	0	0	0	0	0	0	0	0	0	0	0	0	0	0	0	0	0	0	0	0	0	0	
N80	2.64737e-52	3.52703e-44	2.72469e-40	1.47089e-33	4.32943e-33	4.09083e-31	1.50546e-25	1.17193e-20	8.1324e-19	2.12031e-20	4.88396e-21	3.6074e-21	2.01531e-16	1.3472e-11	3.06257e-07	0.00169074	0.988154	0.0101435	1.16577e-05	4.01276e-09	6.13982e-13	5.15497e-17	2.70407e-21	3.19598e-25	9.00907e-28	6.71189e-29	1.95076e-31	8.46873e-33	1.89646e-35	4.90689e-37	8.47722e-40	1.29437e-41	1.374e-44	1.22709e-46	5.02952e-51	5.95359e-54	1.83248e-58	7.65751e-62	1.73487e-66	8.02492e-70	2.42108e-72	
N81	9.71935e-56	1.33023e-46	8.45871e-43	3.60126e-35	7.72248e-36	1.03875e-33	5.0119e-27	7.77786e-21	1.86097e-18	3.15884e-20	2.53254e-22	9.49929e-24	2.05286e-18	4.27552e-13	3.04929e-08	0.000534115	0.99784	0.00162513	3.83916e-07	3.06058e-11	1.16008e-15	2.511e-20	3.50323e-25	2.00387e-29	6.52786e-33	1.58965e-35	4.13339e-39	5.48421e-42	9.81666e-46	6.988e-49	8.27044e-53	2.94285e-56	1.82429e-60	2.66041e-64	1.39073e-69	2.56345e-74	5.52372e-80	3.81493e-85	2.97724e-91	1.15243e-96	3.62941e-102	
Bramel	0	0	0	0	0	0	0	0	0	0	0	0	0	0	0	0	1	0	0	0	0	0	0	0	0	0	0	0	0	0	0	0	0	0	0	0	0	0	0	0	0	
Bratha	0	0	0	0	0	0	0	0	0	0	0	0	0	0	0	0	1	0	0	0	0	0	0	0	0	0	0	0	0	0	0	0	0	0	0	0	0	0	0	0	0	
N82	1.37254e-54	3.99732e-46	2.93142e-42	3.30762e-35	4.77884e-35	9.32304e-33	1.38337e-26	6.4229e-21	2.18173e-18	2.75494e-19	1.48924e-20	3.52108e-21	2.25308e-16	1.44809e-11	3.19212e-07	0.0017247	0.992506	0.00576464	4.721e-06	1.28045e-09	1.63507e-13	1.19036e-17	5.59093e-22	1.02716e-25	1.63685e-28	2.90868e-30	4.04212e-33	4.23248e-35	4.49369e-38	2.82278e-40	2.28992e-43	8.4403e-46	4.38073e-49	8.60174e-52	3.30163e-56	9.09768e-60	2.3157e-64	3.57554e-68	6.5566e-73	1.56769e-76	1.3563e-79	
Bradra	0	0	0	0	0	0	0	0	0	0	0	0	0	0	0	0	1	0	0	0	0	0	0	0	0	0	0	0	0	0	0	0	0	0	0	0	0	0	0	0	0	
Bratra	0	0	0	0	0	0	0	0	0	0	0	0	0	0	0	0	1	0	0	0	0	0	0	0	0	0	0	0	0	0	0	0	0	0	0	0	0	0	0	0	0	
N83	1.94008e-48	2.28872e-40	6.26007e-37	1.93366e-30	7.84597e-31	3.27382e-29	8.18183e-24	6.79449e-19	8.02978e-17	6.66861e-18	2.6177e-19	4.47584e-20	1.69957e-15	6.52255e-11	8.61526e-07	0.00280479	0.988321	0.00886172	1.15498e-05	5.05691e-09	1.05156e-12	1.25447e-16	9.73827e-21	2.54771e-24	4.31162e-27	5.65179e-29	8.59236e-32	6.69884e-34	7.75865e-37	3.65842e-39	3.22448e-42	8.94245e-45	5.00713e-48	7.08266e-51	4.68864e-55	1.29046e-58	5.3491e-63	9.02089e-67	2.71946e-71	6.65779e-75	4.145e-78	
Bragut	0	0	0	0	0	0	0	0	0	0	0	0	0	0	0	0	1	0	0	0	0	0	0	0	0	0	0	0	0	0	0	0	0	0	0	0	0	0	0	0	0	
Braven	0	0	0	0	0	0	0	0	0	0	0	0	0	0	0	0	1	0	0	0	0	0	0	0	0	0	0	0	0	0	0	0	0	0	0	0	0	0	0	0	0	
N84	3.16403e-42	1.10271e-34	3.22638e-31	2.96356e-25	4.57253e-25	2.00295e-23	1.33351e-18	1.89832e-14	4.1707e-13	1.51658e-15	5.60157e-17	2.71455e-17	2.71827e-13	2.8991e-09	1.0599e-05	0.00954426	0.956594	0.0336765	0.000174139	2.99136e-07	2.41033e-10	1.10223e-13	3.24032e-17	1.84868e-20	8.54636e-23	3.6187e-24	1.84859e-26	4.73274e-28	1.81634e-30	2.86734e-32	7.92977e-35	7.71471e-37	1.24462e-39	7.14684e-42	1.74988e-45	2.62254e-48	4.48856e-52	3.84288e-55	5.08299e-59	4.3352e-62	7.66001e-65	
Brapum	0	0	0	0	0	0	0	0	0	0	0	0	0	0	0	0	1	0	0	0	0	0	0	0	0	0	0	0	0	0	0	0	0	0	0	0	0	0	0	0	0	
Bradam	0	0	0	0	0	0	0	0	0	0	0	0	0	0	0	0	1	0	0	0	0	0	0	0	0	0	0	0	0	0	0	0	0	0	0	0	0	0	0	0	0	
