#Nodes with GAIN events with expectation above 0.5
N3: 0.780841
B3088: 0.92382
BGA709: 0.804468
BGA309: 0.804468
PGA445: 1.90766
Rhaspe: 0.55208
Rhamar: 0.538676
Rhatem: 0.620938
FGA379: 1.58371
Furcep: 1.91186
FGA331: 1.661
FGA104: 0.827198
FGA174: 1.18291
CGA312: 1.07312
C3125: 1.39305
C12265: 0.644196
C3134: 1.52961
N50: 1.03209
C2208: 1.01864
N54: 1.27068
N58: 0.733403
N61: 0.715223
Triowe: 0.504168
N65: 0.716313
N68: 0.734514
Kinxen: 1.2331
Chanam: 0.520156
N76: 1.32371
Total number of gain events: 46.264
#+++++++++++++++++++++++++++++

#Nodes with LOSS events with expectation above 0.5
B3088: 1.24352
BGA709: 1.12488
BGA309: 1.12488
B985: 0.59864
B199: 0.59864
PGA445: 1.68158
N13: 0.715312
N14: 1.72972
Rhaspe: 5.36976
Rhamar: 5.06482
Rhatem: 4.14708
N18: 0.82414
FGA379: 0.834576
N19: 2.11733
N20: 0.948209
F3016: 1.97975
F1476: 1.35762
N28: 0.696396
FGA465: 1.12355
N36: 0.545937
FGA99: 0.601271
FGA15: 0.601271
FGA489: 1.83115
FurbGB: 2.49592
Calboe: 2.69821
CGA429: 1.88037
C985: 2.69339
CGA382: 1.7244
N49: 1.35621
C404: 1.16557
CGA45: 1.09359
N54: 0.55008
C3121: 0.902567
N63: 4.48724
Trijac: 0.900659
Kinxen: 1.01593
N70: 2.55941
N71: 1.92794
Chadil: 0.682204
Chasen: 0.682204
Chanam: 2.80321
N76: 1.06567
Total number of loss events: 93.2398
#+++++++++++++++++++++++++++++

#Nodes with duplication events with expectation above 0.5
Total number of duplication events: 1.34915e-35
#+++++++++++++++++++++++++++++

#Nodes with demi-duplication events with expectation above 0.5
Total number of demi-dulications events: 0
#+++++++++++++++++++++++++++++

#+++++++++++++++++++++++++++++

#Nodes with transitions in base number with expectation above 0.5
Total number of transitions in base number: 0
#+++++++++++++++++++++++++++++

#EVENTS NOT ACCOUNTED FOR IN THE SIMULATIONS: 
NONE
#+++++++++++++++++++++++++++++

#ALL EVENTS EXPECTATIONS PER NODE
NODE	GAIN	LOSS	DUPLICATION	DEMI-DUPLICATION	BASE-NUMBER
N2	0.403975	0.0611566	1.59017e-57	0	0
N3	0.780841	0.271667	2.40157e-68	0	0
N4	0.115733	0.0791374	2.12265e-72	0	0
B3088	0.92382	1.24352	0	0	0
N5	0.116044	0.115334	1.09696e-66	0	0
BGA709	0.804468	1.12488	0	0	0
BGA309	0.804468	1.12488	0	0	0
N6	0.27133	0.268338	3.54149e-78	0	0
N7	0.315489	0.434476	4.45316e-75	0	0
B11696	0.288903	0.456017	0	0	0
B11609	0.288903	0.456017	0	0	0
N8	0.0717486	0.0921591	8.8099e-72	0	0
N9	0.0201592	0.0271514	3.36863e-91	0	0
N10	0.110867	0.15386	1.84768e-72	0	0
B985	0.382935	0.59864	0	0	0
B199	0.382935	0.59864	0	0	0
N11	0.181581	0.271143	4.18884e-76	0	0
BGA89	0.281732	0.450867	0	0	0
BGAA2	0.281732	0.450867	0	0	0
N12	0.23547	0.35236	1.82644e-74	0	0
BGA304	0.241377	0.390176	0	0	0
BGAB1	0.241377	0.390176	0	0	0
PGA445	1.90766	1.68158	0	0	0
N13	0.0545106	0.715312	1.07423e-54	0	0
N14	0.0122709	1.72972	7.48427e-46	0	0
Rhaspe	0.55208	5.36976	0	0	0
N15	0.00995455	0.300905	1.34909e-35	0	0
Rhamar	0.538676	5.06482	0	0	0
Rhatem	0.620938	4.14708	0	0	0
N16	0.106194	0.0182857	6.49714e-63	0	0
N17	0.367257	0.188415	7.97528e-59	0	0
N18	0.0392291	0.82414	1.21429e-51	0	0
FGA379	1.58371	0.834576	0	0	0
N19	0.0203832	2.11733	1.99452e-50	0	0
N20	0.039481	0.948209	1.58002e-49	0	0
N21	0.00336868	0.479974	1.28126e-53	0	0
F3016	0.236466	1.97975	0	0	0
N22	0.0047442	0.148539	5.89592e-51	0	0
N23	0.0139585	0.100399	5.1082e-53	0	0
N24	0.00894388	0.315019	1.56237e-59	0	0
N25	0.00700285	0.0262217	3.88666e-62	0	0
F1476	0.170063	1.35762	0	0	0
N26	0.0263719	0.0207169	6.15129e-56	0	0
Furcep	1.91186	0.105067	0	0	0
N27	0.00530253	0.127352	1.29716e-56	0	0
Furpol	0.275121	0.346258	0	0	0
N28	0.0185762	0.696396	5.91975e-51	0	0
N29	0.0250641	0.296116	1.20264e-49	0	0
F2241	0.0434922	0.165758	0	0	0
Furang	0.0434922	0.165758	0	0	0
Fga490	0.100432	0.49375	0	0	0
N30	0.0142924	0.198168	3.48469e-62	0	0
N31	0.0320409	0.0367034	2.42123e-56	0	0
N32	0.0614108	0.0124286	2.20215e-61	0	0
N33	0.00926063	0.0316838	2.06805e-63	0	0
N34	0.0260738	0.0529037	6.52234e-60	0	0
FGA456	0.0459099	0.0638765	0	0	0
FGA516	0.0459099	0.0638765	0	0	0
F12278	0.104797	0.149594	0	0	0
N35	0.317294	0.0230192	2.07365e-62	0	0
Furant	0.0471818	0.408677	0	0	0
FGA331	1.661	0.0224957	0	0	0
FGA465	0.105313	1.12355	0	0	0
N36	0.0260014	0.545937	2.11183e-53	0	0
FGA99	0.098309	0.601271	0	0	0
FGA15	0.098309	0.601271	0	0	0
FGA104	0.827198	0.340114	0	0	0
FGA489	0.23179	1.83115	0	0	0
FGA174	1.18291	0.403272	0	0	0
FurbGB	0.362462	2.49592	0	0	0
N37	0.210944	0.0101981	1.45541e-69	0	0
N38	0.251282	0.0572968	1.93913e-65	0	0
N39	0.324254	0.448081	6.62301e-73	0	0
CGA312	1.07312	0.381631	0	0	0
N40	0.0194851	0.148028	3.14971e-69	0	0
N41	0.00356929	0.260948	2.13323e-77	0	0
N42	0.0116916	0.0169845	6.11918e-64	0	0
CGA642	0.486386	0.403681	0	0	0
N43	0.00967393	0.0382055	9.88556e-76	0	0
CGA236	0.474886	0.363649	0	0	0
N44	0.0133812	0.156325	1.78698e-68	0	0
N45	0.139402	0.217931	5.07708e-74	0	0
Calboe	0.0309202	2.69821	0	0	0
C3125	1.39305	0.0638725	0	0	0
CGA429	0.134551	1.88037	0	0	0
N46	0.0034088	0.382113	2.56327e-57	0	0
C985	0.149523	2.69339	0	0	0
CGA382	0.180534	1.7244	0	0	0
N47	0.483253	0.0995337	8.75025e-75	0	0
N48	0.0137521	0.0973452	1.9729e-83	0	0
C12265	0.644196	0.124293	0	0	0
N49	0.0194705	1.35621	8.24543e-76	0	0
C404	0.0235121	1.16557	0	0	0
Cl11778	0.0853272	0.22746	0	0	0
C3134	1.52961	0.093443	0	0	0
N50	1.03209	0.333832	9.19045e-62	0	0
CGA311	0.320037	0.450631	0	0	0
N51	0.0337676	0.0147481	2.27416e-81	0	0
N52	0.037008	0.175939	9.47489e-74	0	0
CGA45	0.0829083	1.09359	0	0	0
N53	0.0301468	0.0215351	1.73905e-89	0	0
C3043	0.144416	0.163711	0	0	0
CGA364	0.144416	0.163711	0	0	0
C2208	1.01864	0.168252	0	0	0
N54	1.27068	0.55008	7.21378e-71	0	0
N55	0.108778	0.114994	8.16979e-81	0	0
CGA453	0.127076	0.0798036	0	0	0
N56	0.018939	0.0838985	3.28636e-98	0	0
CGA501	0.141741	0.029509	0	0	0
C3121	0.0147988	0.902567	0	0	0
Calparcri	0.28033	0.239273	0	0	0
N57	0.0262649	0.0184432	1.17434e-73	0	0
N58	0.733403	0.0863232	4.12171e-67	0	0
N59	0.31208	0.274385	8.29349e-67	0	0
N60	0.074749	0.377005	3.6605e-62	0	0
N61	0.715223	0.0888686	5.5285e-69	0	0
Triowe	0.504168	0.380624	0	0	0
N62	0.106695	0.0367537	1.33651e-71	0	0
Trijoh	0.371354	0.317762	0	0	0
Trimel	0.371354	0.317762	0	0	0
N63	0.0591094	4.48724	1.11261e-56	0	0
N64	0.0191073	0.395289	1.4041e-50	0	0
Trihoe	0.0864132	0.493096	0	0	0
Tribit	0.0864132	0.493096	0	0	0
Trijac	0.117641	0.900659	0	0	0
N65	0.716313	0.261899	1.85336e-68	0	0
Tricri	0.404159	0.409871	0	0	0
N66	0.119538	0.0864292	2.76372e-73	0	0
Triwie	0.231623	0.270445	0	0	0
Triqua	0.231623	0.270445	0	0	0
N67	0.364023	0.0948604	1.27138e-62	0	0
N68	0.734514	0.467017	1.87398e-61	0	0
Kinboe	0.405922	0.45625	0	0	0
Kinfis	0.405922	0.45625	0	0	0
Kinxen	1.2331	1.01593	0	0	0
N69	0.00926447	0.116847	1.20718e-60	0	0
N70	0.086837	2.55941	3.07375e-42	0	0
N71	0.156637	1.92794	6.20735e-40	0	0
N72	0.0748142	0.446022	1.48221e-51	0	0
N73	0.026238	0.076563	3.35522e-52	0	0
Chaafr	0.112449	0.202658	0	0	0
Chacha	0.112449	0.202658	0	0	0
N74	0.0408436	0.111852	7.64707e-54	0	0
Chacaly	0.0902713	0.159798	0	0	0
Chazey	0.0902713	0.159798	0	0	0
N75	0.0371494	0.139686	6.19601e-44	0	0
Chadil	0.272999	0.682204	0	0	0
Chasen	0.272999	0.682204	0	0	0
Chanam	0.520156	2.80321	0	0	0
N76	1.32371	1.06567	1.75521e-62	0	0
N77	0.0202365	0.0299185	5.54947e-73	0	0
N78	0.00203567	0.00314247	6.07503e-88	0	0
Braset	0.0996069	0.105098	0	0	0
N79	0.00724058	0.0087311	1.87304e-90	0	0
N80	0.0432719	0.046692	5.12679e-74	0	0
Bramel	0.00340904	0.00398946	0	0	0
Bratha	0.00340904	0.00398946	0	0	0
N81	0.0216825	0.0235704	1.20911e-97	0	0
Bradra	0.0153019	0.0174145	0	0	0
Bratra	0.0153019	0.0174145	0	0	0
N82	0.0499091	0.0532734	3.47019e-89	0	0
Bragut	0.0182168	0.0214493	0	0	0
Braven	0.0182168	0.0214493	0	0	0
N83	0.0590485	0.0620692	8.25484e-82	0	0
Brapum	0.0621914	0.0754493	0	0	0
Bradam	0.0621914	0.0754493	0	0	0
#+++++++++++++++++++++++++++++

#Expected number of events from root to leaf
LEAF	GAIN	LOSS	DUPLICATION	DEMI-DUPLICATION	BASE-NUMBER
B3088	2.22437	1.65548	1.59017e-57	0	0
BGA709	2.22106	1.65218	1.59017e-57	0	0
BGA309	2.22106	1.65218	1.59017e-57	0	0
B11696	2.06054	1.49165	1.59017e-57	0	0
B11609	2.06054	1.49165	1.59017e-57	0	0
B985	2.04186	1.47297	1.59017e-57	0	0
B199	2.04186	1.47297	1.59017e-57	0	0
BGA89	2.01137	1.44248	1.59017e-57	0	0
BGAA2	2.01137	1.44248	1.59017e-57	0	0
BGA304	2.00474	1.43586	1.59017e-57	0	0
BGAB1	2.00474	1.43586	1.59017e-57	0	0
PGA445	2.31163	1.74274	1.59017e-57	0	0
Rhaspe	0.618862	7.81479	7.48427e-46	0	0
Rhamar	0.615412	7.81075	1.34909e-35	0	0
Rhatem	0.697674	6.89301	1.34909e-35	0	0
FGA379	2.1509	2.58073	1.21536e-51	0	0
F3016	0.86689	7.27141	1.79176e-49	0	0
F1476	0.835136	7.23946	1.85123e-49	0	0
Furcep	2.6033	6.00763	1.85123e-49	0	0
Furpol	0.971868	6.37617	1.85123e-49	0	0
F2241	0.78388	7.18818	3.11306e-49	0	0
Furang	0.78388	7.18818	3.11306e-49	0	0
Fga490	0.815756	7.22006	1.91043e-49	0	0
FGA456	0.847058	6.25138	1.85123e-49	0	0
FGA516	0.847058	6.25138	1.85123e-49	0	0
F12278	0.879872	6.2842	1.85123e-49	0	0
Furant	1.13029	6.53462	1.85123e-49	0	0
FGA331	2.74411	6.14843	1.85123e-49	0	0
FGA465	0.809716	7.21404	1.85123e-49	0	0
FGA99	0.796673	7.201	1.85144e-49	0	0
FGA15	0.796673	7.201	1.85144e-49	0	0
FGA104	1.47632	5.88072	1.85123e-49	0	0
FGA489	0.866957	7.27135	1.85072e-49	0	0
FGA174	1.80996	5.21496	1.79163e-49	0	0
FurbGB	0.950036	6.3594	2.11605e-50	0	0
CGA312	2.38756	1.81922	1.07431e-54	0	0
CGA642	1.83557	2.26723	1.07431e-54	0	0
CGA236	1.83375	2.2654	1.07431e-54	0	0
Calboe	1.54256	4.97422	1.07431e-54	0	0
C3125	2.90469	2.33988	1.07431e-54	0	0
CGA429	1.50679	3.93845	1.07431e-54	0	0
C985	1.49043	4.92207	1.07687e-54	0	0
CGA382	1.52144	3.95308	1.07687e-54	0	0
C12265	2.47513	1.90679	1.07431e-54	0	0
C404	1.87391	4.30428	1.07431e-54	0	0
Cl11778	1.93573	3.36617	1.07431e-54	0	0
C3134	3.34679	1.77859	1.07431e-54	0	0
CGA311	2.34231	1.77397	1.07431e-54	0	0
CGA45	2.17596	2.60762	1.07431e-54	0	0
C3043	2.26761	1.69927	1.07431e-54	0	0
CGA364	2.26761	1.69927	1.07431e-54	0	0
C2208	3.07468	1.50634	1.07431e-54	0	0
CGA453	2.24544	1.67709	1.07431e-54	0	0
CGA501	2.27904	1.71069	1.07431e-54	0	0
C3121	2.1521	2.58375	1.07431e-54	0	0
Calparcri	2.28992	1.72156	1.07431e-54	0	0
Triowe	2.52659	1.95925	1.07423e-54	0	0
Trijoh	2.50047	1.93314	1.07423e-54	0	0
Trimel	2.50047	1.93314	1.07423e-54	0	0
Trihoe	1.47183	6.86538	1.40421e-50	0	0
Tribit	1.47183	6.86538	1.40421e-50	0	0
Trijac	1.48395	6.87765	1.08535e-54	0	0
Tricri	2.35292	1.78452	1.07423e-54	0	0
Triwie	2.29993	1.73152	1.07423e-54	0	0
Triqua	2.29993	1.73152	1.07423e-54	0	0
Kinboe	2.42483	1.85649	1.07423e-54	0	0
Kinfis	2.42483	1.85649	1.07423e-54	0	0
Kinxen	2.5175	1.94915	1.07423e-54	0	0
Chaafr	0.653208	6.08148	6.23809e-40	0	0
Chacha	0.653208	6.08148	6.23809e-40	0	0
Chacaly	0.645636	6.07391	6.23809e-40	0	0
Chazey	0.645636	6.07391	6.23809e-40	0	0
Chadil	0.749856	6.17813	6.23871e-40	0	0
Chasen	0.749856	6.17813	6.23871e-40	0	0
Chanam	0.803227	6.23151	3.07375e-42	0	0
Braset	1.64182	2.07272	1.07423e-54	0	0
Bramel	1.59613	2.02703	1.07423e-54	0	0
Bratha	1.59613	2.02703	1.07423e-54	0	0
Bradra	1.58644	2.01734	1.07423e-54	0	0
Bratra	1.58644	2.01734	1.07423e-54	0	0
Bragut	1.6083	2.0392	1.07423e-54	0	0
Braven	1.6083	2.0392	1.07423e-54	0	0
Brapum	1.64118	2.07208	1.07423e-54	0	0
Bradam	1.64118	2.07208	1.07423e-54	0	0
