NODE	1	2	3	4	5	6	7	8	9	10	11	12	13	14	15	16	17	18	19	20	21	22	23	24	25	26	27	28	29	30	31	32	33	34	35	36	37	38	39	40	41	
N1	1.19797e-29	1.05171e-25	5.11716e-22	2.15599e-21	1.20547e-17	1.3585e-18	3.47687e-11	1.33333e-06	3.30739e-10	9.03614e-10	0.000279308	0.998518	0.00120092	4.18398e-08	2.08127e-11	8.36834e-12	1.09553e-12	1.83972e-14	1.42404e-19	5.40575e-22	1.1265e-24	1.52446e-27	1.47522e-30	1.0865e-33	6.36061e-37	3.05565e-40	1.23413e-43	4.2705e-47	1.28527e-50	3.4056e-54	8.02405e-58	1.69493e-61	3.23158e-65	5.59274e-69	8.82687e-73	1.27535e-76	1.69224e-80	2.06725e-84	2.32962e-88	2.42546e-92	2.37896e-96	
N2	5.64037e-31	4.34582e-26	1.76721e-21	8.68373e-19	1.49469e-14	3.22784e-13	3.4799e-10	2.0337e-07	5.71108e-08	1.52641e-06	0.00259521	0.492271	0.00569582	8.58518e-06	2.2136e-07	5.98687e-05	0.00495359	0.484669	0.00940698	0.000337153	1.29578e-06	1.66638e-09	2.39224e-11	4.65939e-12	9.87981e-14	2.65406e-15	2.97918e-16	1.27902e-19	3.0889e-22	1.07277e-24	3.15718e-28	6.65867e-31	2.34253e-34	2.12137e-37	1.32574e-39	5.9612e-41	1.52133e-43	5.323e-46	8.03305e-48	1.26011e-49	3.95534e-52	
N3	3.53398e-36	1.76801e-30	4.3094e-25	4.78423e-23	1.17027e-17	1.91188e-17	1.85796e-13	1.65365e-09	3.26166e-10	2.11469e-09	2.27676e-05	0.0123413	8.29727e-05	3.21785e-08	2.54251e-09	6.03321e-06	0.00582192	0.962035	0.0196035	8.66724e-05	9.55958e-08	3.91812e-11	5.95129e-14	4.10603e-16	9.46301e-19	1.5923e-21	3.56657e-24	4.12389e-28	8.30775e-32	1.36483e-35	7.08183e-40	9.60759e-44	6.9327e-45	5.60073e-47	2.10114e-48	2.44676e-48	2.0929e-48	6.94678e-50	4.39508e-51	1.66761e-52	4.95489e-54	
N4	3.48756e-37	1.16484e-31	1.89467e-26	9.84138e-24	8.89668e-19	1.65816e-17	6.85091e-14	1.47003e-10	8.23034e-11	2.15781e-09	1.26866e-05	0.00487616	4.46639e-05	3.1075e-08	3.90557e-09	9.913e-06	0.00972868	0.955866	0.0293442	0.000117778	1.29964e-07	6.45965e-11	3.25368e-13	4.77649e-14	1.86947e-15	1.39444e-17	4.42961e-19	8.56242e-23	9.61302e-26	2.17554e-29	1.43386e-33	5.83866e-37	2.34118e-39	2.99298e-41	5.57686e-42	5.24636e-41	2.14406e-40	1.83964e-41	4.66025e-42	1.57924e-42	1.33952e-43	
B3088	0	0	0	0	0	0	0	0	0	0	0	0	0	0	0	0	0	1	0	0	0	0	0	0	0	0	0	0	0	0	0	0	0	0	0	0	0	0	0	0	0	
N5	7.91034e-35	5.70703e-30	2.14867e-25	1.16901e-22	2.07258e-18	5.88399e-17	8.42574e-14	9.9349e-11	3.71113e-10	1.08475e-08	1.78831e-05	0.00294048	4.44954e-05	8.37951e-08	5.36137e-08	4.87734e-05	0.0191083	0.934408	0.0431328	0.000297997	6.60166e-07	7.79587e-10	1.24685e-11	4.79532e-12	5.22555e-13	1.17883e-14	1.01987e-15	7.60555e-19	2.9123e-21	2.17662e-24	5.20344e-28	6.40656e-31	2.20387e-34	1.88179e-37	1.94854e-39	1.37761e-40	1.99023e-42	7.26677e-45	8.66033e-47	1.20147e-48	4.45849e-51	
BGA709	0	0	0	0	0	0	0	0	0	0	0	0	0	0	0	0	0	1	0	0	0	0	0	0	0	0	0	0	0	0	0	0	0	0	0	0	0	0	0	0	0	
BGA309	0	0	0	0	0	0	0	0	0	0	0	0	0	0	0	0	0	1	0	0	0	0	0	0	0	0	0	0	0	0	0	0	0	0	0	0	0	0	0	0	0	
N6	2.76466e-39	1.91877e-33	6.49315e-28	1.04303e-25	3.48994e-20	4.83227e-20	7.13089e-16	1.03977e-11	1.82471e-12	2.08984e-11	3.71338e-07	0.000427046	1.10596e-06	2.52721e-10	1.24922e-10	1.12579e-06	0.00313578	0.986861	0.00956163	1.23511e-05	4.88105e-09	1.03029e-12	1.60703e-15	2.22007e-17	9.85158e-20	1.78113e-22	5.28869e-25	5.15681e-29	1.11076e-32	9.46608e-37	2.90031e-41	2.25049e-45	8.2049e-46	8.18011e-48	6.20105e-49	2.43362e-48	6.59244e-47	2.72936e-48	2.93733e-49	2.08356e-50	8.038e-52	
N7	5.57733e-37	8.31524e-32	6.61209e-27	1.25493e-24	9.75763e-20	4.51503e-19	2.26875e-15	9.68908e-12	4.24249e-12	4.21546e-11	1.48191e-07	4.01598e-05	2.90148e-07	1.5037e-09	7.81121e-09	1.68891e-05	0.0118572	0.966813	0.0212035	6.91586e-05	7.58763e-08	5.89022e-11	4.43193e-13	1.54175e-14	1.8525e-16	1.10242e-18	8.4052e-21	3.1584e-24	1.96056e-27	5.92544e-31	7.46567e-35	1.93833e-38	3.52124e-42	1.80989e-45	4.00622e-48	2.38878e-50	3.92339e-53	4.40117e-56	1.07357e-58	1.44639e-61	1.25167e-64	
B11696	0	0	0	0	0	0	0	0	0	0	0	0	0	0	0	0	0	1	0	0	0	0	0	0	0	0	0	0	0	0	0	0	0	0	0	0	0	0	0	0	0	
B11609	0	0	0	0	0	0	0	0	0	0	0	0	0	0	0	0	0	1	0	0	0	0	0	0	0	0	0	0	0	0	0	0	0	0	0	0	0	0	0	0	0	
N8	4.56009e-46	2.14163e-39	4.69153e-33	1.53933e-30	3.59151e-24	6.27413e-24	3.73118e-19	1.29453e-14	1.40067e-15	3.36323e-14	3.59832e-09	1.6833e-05	1.61517e-08	8.02794e-13	1.65475e-12	8.47801e-08	0.00104424	0.993878	0.00505898	1.96247e-06	1.82329e-10	7.44603e-15	3.51839e-18	4.99677e-20	1.82032e-22	1.09773e-25	2.83879e-28	2.58798e-32	4.88587e-34	1.40898e-35	6.00526e-37	5.20612e-39	1.04534e-41	4.92249e-44	3.52373e-45	2.064e-45	2.45271e-46	6.65303e-48	5.89436e-49	7.1487e-50	2.03974e-51	
N9	2.77712e-37	1.60988e-33	5.504e-30	2.09301e-29	2.02423e-25	1.46338e-24	5.64649e-20	1.08893e-15	3.14763e-16	2.51773e-14	1.69302e-09	6.37177e-06	6.42571e-09	5.14863e-13	4.26154e-12	1.44635e-07	0.00129348	0.993292	0.00540537	2.50276e-06	2.94733e-10	1.51355e-14	1.95596e-17	3.55269e-18	1.57839e-19	4.00515e-22	1.33723e-23	4.85673e-28	2.75549e-31	8.50194e-36	7.0732e-41	1.03514e-44	1.21339e-49	5.35273e-54	6.53406e-57	1.73143e-58	8.0777e-61	2.69096e-64	3.081e-67	1.26978e-69	3.8284e-73	
N10	1.00583e-41	2.21439e-36	2.91147e-31	1.65437e-28	1.8496e-23	3.47001e-22	2.77006e-18	1.8583e-14	3.32604e-14	8.45622e-13	4.37041e-09	1.84255e-06	8.85663e-09	1.59108e-10	2.28964e-09	7.16803e-06	0.00775007	0.977228	0.014979	3.36493e-05	2.50018e-08	1.15546e-11	1.17505e-13	1.56176e-14	6.32059e-16	7.0518e-18	2.06416e-19	5.29999e-23	4.98945e-26	1.17532e-29	1.02826e-33	3.61549e-37	4.63928e-41	2.74735e-44	1.17118e-46	2.68402e-48	1.41598e-50	2.16887e-53	1.29167e-55	6.12399e-58	7.57788e-61	
B983	0	0	0	0	0	0	0	0	0	0	0	0	0	0	0	0	0	1	0	0	0	0	0	0	0	0	0	0	0	0	0	0	0	0	0	0	0	0	0	0	0	
B11604	0	0	0	0	0	0	0	0	0	0	0	0	0	0	0	0	0	1	0	0	0	0	0	0	0	0	0	0	0	0	0	0	0	0	0	0	0	0	0	0	0	
N11	5.20595e-41	1.82371e-35	3.27976e-30	7.31271e-28	1.36347e-22	4.65229e-22	4.58323e-18	3.74382e-14	1.08146e-14	1.17435e-13	8.10387e-10	4.08171e-07	2.96318e-09	1.72187e-10	1.19601e-09	5.0933e-06	0.00663691	0.981458	0.0118783	2.09541e-05	1.23675e-08	5.16319e-12	2.41455e-14	5.70018e-16	4.57525e-18	1.72989e-20	8.84078e-23	1.80458e-26	6.44539e-30	1.06068e-33	7.20817e-38	1.08759e-41	1.08297e-45	3.39237e-49	4.71699e-52	1.8951e-54	2.04785e-57	1.39272e-60	2.21273e-63	1.9526e-66	9.84126e-70	
BGAA1	0	0	0	0	0	0	0	0	0	0	0	0	0	0	0	0	0	1	0	0	0	0	0	0	0	0	0	0	0	0	0	0	0	0	0	0	0	0	0	0	0	
BGA584	0	0	0	0	0	0	0	0	0	0	0	0	0	0	0	0	0	1	0	0	0	0	0	0	0	0	0	0	0	0	0	0	0	0	0	0	0	0	0	0	0	
N12	5.04166e-40	1.32387e-34	1.81062e-29	4.60977e-27	6.08541e-22	3.07361e-21	2.33454e-17	1.47292e-13	6.48418e-14	7.71934e-13	4.00405e-09	1.56207e-06	9.43814e-09	3.47162e-10	2.564e-09	8.23832e-06	0.0083856	0.97657	0.0150007	3.38186e-05	2.55353e-08	1.35047e-11	8.6837e-14	3.0664e-15	3.6367e-17	1.94966e-19	1.48787e-21	3.90364e-25	1.89883e-28	4.06195e-32	3.55045e-36	7.27374e-40	9.34287e-44	3.96275e-47	7.78316e-50	4.6719e-52	7.39671e-55	6.90479e-58	1.59069e-60	2.0678e-63	1.4303e-66	
BGA303	0	0	0	0	0	0	0	0	0	0	0	0	0	0	0	0	0	1	0	0	0	0	0	0	0	0	0	0	0	0	0	0	0	0	0	0	0	0	0	0	0	
BGAB1	0	0	0	0	0	0	0	0	0	0	0	0	0	0	0	0	0	1	0	0	0	0	0	0	0	0	0	0	0	0	0	0	0	0	0	0	0	0	0	0	0	
PGA445	0	0	0	0	0	0	0	0	0	0	0	0	0	0	0	0	0	1	0	0	0	0	0	0	0	0	0	0	0	0	0	0	0	0	0	0	0	0	0	0	0	
N13	1.77216e-37	7.56074e-31	1.32667e-24	1.4758e-21	3.65413e-16	4.26637e-15	7.69904e-11	3.22265e-08	2.99143e-08	3.92205e-06	0.0108074	0.988811	0.000377524	1.9739e-08	8.57496e-13	1.6688e-15	1.78055e-18	7.09438e-20	4.10308e-24	5.45288e-28	1.13811e-32	8.80493e-38	6.61098e-42	3.11078e-43	3.33498e-42	9.64228e-44	1.07101e-44	7.97087e-48	3.25043e-50	2.93621e-52	7.02188e-55	2.0362e-56	1.48096e-58	2.27013e-60	2.58973e-61	1.94395e-61	1.13062e-62	9.48945e-64	3.26805e-64	1.06818e-64	8.81945e-66	
N14	1.53226e-32	3.37378e-27	3.56064e-22	2.03009e-18	5.22437e-15	3.46471e-12	4.67576e-09	7.46705e-08	1.60189e-05	0.0145909	0.434792	0.549683	0.00091747	3.82493e-07	1.80167e-10	8.29326e-12	1.01577e-13	4.27332e-15	4.93192e-19	3.03322e-22	2.97103e-26	1.52402e-30	5.04713e-32	1.31923e-31	2.04431e-32	4.263e-33	4.8489e-33	1.81543e-35	4.9036e-37	2.17769e-38	7.74116e-41	2.41854e-42	1.18044e-44	1.68792e-46	1.90713e-47	1.86811e-47	9.71386e-49	7.09806e-50	2.49175e-50	1.04019e-50	7.39063e-52	
Rhaspe	0	0	0	0	0	0	0	0	0	1	0	0	0	0	0	0	0	0	0	0	0	0	0	0	0	0	0	0	0	0	0	0	0	0	0	0	0	0	0	0	0	
N15	1.20685e-29	2.9772e-25	7.03199e-21	1.9567e-17	3.3254e-14	1.42181e-11	1.32677e-08	5.0905e-07	6.14824e-05	0.0209063	0.481239	0.496271	0.00152019	1.34852e-06	1.80884e-08	3.18889e-09	7.60718e-11	9.70404e-12	3.12518e-15	1.87235e-17	6.6459e-21	6.96157e-24	6.36326e-26	5.69996e-27	2.24743e-29	1.76649e-31	1.37269e-32	1.56003e-36	3.78571e-39	2.08644e-41	2.49444e-45	6.25906e-48	5.64428e-51	1.22626e-53	6.46569e-56	4.69485e-57	5.03694e-60	1.81624e-62	1.57754e-64	3.45197e-66	1.37263e-68	
Rhamar	0	0	0	0	0	0	0	0	0	1	0	0	0	0	0	0	0	0	0	0	0	0	0	0	0	0	0	0	0	0	0	0	0	0	0	0	0	0	0	0	0	
Rhatem	0	0	0	0	0	0	0	0	0	0	1	0	0	0	0	0	0	0	0	0	0	0	0	0	0	0	0	0	0	0	0	0	0	0	0	0	0	0	0	0	0	
N16	4.8392e-42	8.49419e-35	5.47457e-28	3.42966e-25	1.5053e-18	7.16527e-18	1.49873e-13	4.92074e-09	3.8073e-09	2.44329e-08	0.0010173	0.99827	0.000713041	2.91408e-08	8.27237e-11	7.04606e-12	4.25624e-12	5.39756e-12	9.65074e-16	8.44239e-19	2.08546e-23	5.57329e-27	3.74849e-30	9.31034e-31	1.81935e-32	6.46594e-34	1.03294e-34	5.20548e-38	5.37904e-40	1.13853e-41	5.47963e-45	6.00913e-47	1.30137e-48	1.55494e-50	4.15229e-52	1.65843e-52	8.21068e-55	1.42111e-56	5.06071e-58	2.19367e-59	3.78659e-61	
N17	1.32865e-39	4.28927e-33	6.52072e-27	1.83067e-24	2.62307e-18	9.20109e-18	1.10506e-12	7.97361e-09	1.49153e-09	1.42308e-07	0.00318555	0.995014	0.00172966	2.47351e-07	1.86704e-08	1.23848e-06	1.55693e-05	5.31654e-05	5.27973e-08	4.86692e-11	7.10598e-15	3.72288e-19	1.34263e-22	3.36302e-25	1.35152e-28	6.52266e-32	7.92203e-35	1.17019e-39	9.40794e-43	1.50006e-43	1.38264e-45	9.90335e-48	1.94067e-50	7.54083e-53	1.56742e-54	1.49304e-55	1.35256e-57	1.91062e-59	8.95945e-61	3.28414e-62	4.12522e-64	
N18	2.09313e-34	4.26108e-29	4.33647e-24	3.0587e-21	1.1386e-16	4.41822e-15	2.96801e-11	2.29174e-08	9.29878e-08	1.05318e-05	0.0174673	0.975959	0.00647601	1.6108e-05	4.77021e-06	2.46726e-05	3.58247e-05	5.80513e-06	6.89412e-09	2.89272e-12	6.11326e-16	1.13287e-19	5.28548e-22	2.46922e-23	3.72291e-25	1.72449e-27	2.25104e-29	3.00285e-33	1.43899e-36	2.00896e-40	1.06317e-44	2.34512e-48	2.10505e-52	9.60521e-56	2.28065e-58	2.65167e-60	6.81845e-63	5.80014e-66	1.68721e-68	4.12919e-71	2.9245e-74	
FGA379	0	0	0	0	0	0	0	0	0	0	0	0	0	0	0	0	1	0	0	0	0	0	0	0	0	0	0	0	0	0	0	0	0	0	0	0	0	0	0	0	0	
N19	4.71014e-33	9.5385e-28	9.48804e-23	4.58416e-20	2.2228e-15	5.75934e-14	2.07955e-10	3.61685e-07	9.36069e-07	2.24795e-05	0.0147707	0.967967	0.0171647	6.46987e-05	8.11481e-06	7.71426e-07	2.61273e-08	2.27146e-10	7.74139e-14	1.10088e-17	8.96834e-22	1.43645e-25	4.1242e-28	4.91983e-30	1.7715e-32	2.12334e-35	5.8792e-38	4.69428e-42	1.18526e-45	9.92946e-50	3.34625e-54	4.42325e-58	8.02647e-62	1.26474e-64	6.27908e-67	1.24802e-68	5.18801e-71	1.05581e-73	4.60765e-76	1.5693e-78	3.34777e-81	
N20	8.02882e-36	1.1454e-29	7.58587e-24	1.83935e-20	4.94537e-16	1.07161e-13	2.55547e-10	8.79364e-08	4.9391e-07	0.000132038	0.0272923	0.942198	0.0302428	0.000134256	2.75151e-07	1.2083e-09	1.71285e-12	6.06902e-15	2.56926e-19	4.47622e-23	2.75891e-27	2.15283e-29	3.38343e-30	1.66208e-28	1.65868e-29	1.1235e-30	3.03603e-31	1.08108e-33	2.26938e-35	9.20739e-37	3.60333e-39	8.41458e-41	2.01289e-42	4.31012e-44	1.99159e-45	3.19541e-46	3.65484e-48	1.20099e-49	9.23162e-51	7.38188e-52	3.10977e-53	
N21	9.0193e-37	2.39397e-32	4.14845e-26	5.34703e-23	2.66968e-17	7.61349e-16	8.41325e-11	3.47298e-08	3.99908e-08	2.13152e-05	0.0375508	0.952782	0.00964	6.00644e-06	1.18192e-09	3.53332e-13	3.32849e-17	2.16428e-20	1.53627e-24	3.26033e-27	7.95579e-29	3.72127e-31	1.48592e-32	5.90545e-34	2.8495e-36	1.02835e-37	1.1458e-38	6.77965e-41	2.25869e-42	1.44073e-43	1.26396e-45	3.90493e-47	2.45279e-49	3.40772e-51	1.02744e-52	5.57042e-54	1.11881e-56	2.68053e-58	1.3894e-59	4.79825e-61	3.08605e-62	
F3015	0	0	0	0	0	0	0	0	0	0	1	0	0	0	0	0	0	0	0	0	0	0	0	0	0	0	0	0	0	0	0	0	0	0	0	0	0	0	0	0	0	
N22	2.66331e-35	3.2643e-31	4.72323e-27	6.60139e-24	4.00926e-18	3.17578e-16	1.38128e-11	7.63024e-09	2.39231e-08	8.54999e-06	0.0380575	0.954616	0.00731651	1.23676e-06	7.25754e-11	1.92777e-13	1.33269e-16	4.69407e-19	1.53308e-23	3.87941e-27	7.16037e-32	1.31613e-36	4.19277e-38	1.55123e-37	7.91237e-38	4.01521e-39	1.96554e-39	3.52805e-42	1.04082e-43	6.24485e-45	9.22137e-48	2.3805e-49	2.89436e-52	2.48594e-54	7.30148e-56	1.20523e-56	8.80196e-59	2.37746e-60	1.43699e-61	2.64533e-62	9.62574e-64	
N23	3.54675e-39	8.75418e-34	1.73213e-27	1.23801e-23	1.31746e-18	4.91226e-16	1.97297e-12	4.65152e-09	5.8556e-08	1.3033e-05	0.0292847	0.961031	0.00967023	1.20461e-06	8.43851e-10	2.03554e-11	1.98166e-14	3.35646e-17	5.05968e-22	1.30755e-25	1.43371e-30	2.68829e-35	8.09934e-39	4.3369e-41	3.86469e-45	5.99727e-49	4.12569e-52	6.07224e-54	9.51054e-55	2.53537e-51	2.57126e-54	3.79374e-52	1.48124e-53	2.64096e-55	4.25692e-56	6.34792e-53	1.68482e-54	4.56535e-56	2.53786e-57	1.61647e-58	4.73931e-60	
N24	2.88508e-46	1.70304e-38	3.95291e-31	5.31968e-28	5.51529e-21	2.05479e-19	7.48667e-13	4.98409e-10	7.18947e-11	8.90631e-07	0.0419044	0.957149	0.000945575	1.5619e-08	9.95211e-14	3.25257e-17	2.45374e-21	1.34845e-24	5.36301e-30	3.69506e-33	1.3718e-36	2.1953e-40	6.82933e-43	2.17588e-44	5.73009e-47	4.39704e-49	3.83639e-50	1.33618e-49	8.92175e-49	2.08309e-44	8.83987e-46	6.01136e-43	4.31389e-43	9.95512e-44	1.79878e-43	8.61614e-40	8.45144e-40	8.30618e-40	2.81878e-39	2.67163e-38	4.13469e-38	
N25	4.18577e-36	7.58267e-32	7.4726e-28	2.06118e-26	3.51811e-21	2.29478e-18	4.0782e-13	7.45847e-11	4.25553e-10	8.08593e-06	0.0559691	0.94284	0.00118288	9.24079e-08	2.53595e-12	7.87915e-14	5.31059e-17	6.45722e-19	2.22542e-24	2.69788e-28	5.47037e-34	1.9021e-39	2.91426e-40	6.5953e-39	4.75839e-40	2.74703e-41	4.1811e-41	1.21143e-44	1.73869e-46	6.14805e-48	1.50918e-51	1.76314e-53	5.67156e-57	3.39448e-59	1.46131e-60	2.98349e-60	1.91348e-62	3.9936e-64	2.64064e-65	1.4516e-65	3.04462e-67	
F1476	0	0	0	0	0	0	0	0	0	0	1	0	0	0	0	0	0	0	0	0	0	0	0	0	0	0	0	0	0	0	0	0	0	0	0	0	0	0	0	0	0	
N26	2.5038e-41	2.48121e-36	6.6604e-30	1.55467e-25	1.27039e-20	4.21267e-17	3.66381e-13	4.58432e-10	5.56419e-08	0.000103432	0.0602521	0.934048	0.00559177	4.3168e-06	2.49913e-09	9.24769e-11	7.25492e-14	3.12624e-16	1.28239e-21	1.07423e-25	1.89022e-30	3.97911e-33	6.77242e-34	2.65349e-31	8.77252e-33	3.59262e-34	1.90728e-34	7.41701e-38	7.99175e-40	1.702e-41	6.45761e-45	7.82409e-47	1.9526e-49	3.72151e-51	1.91186e-52	2.44256e-52	1.54573e-54	3.38802e-56	1.78973e-57	3.07567e-58	6.71561e-60	
Furcep	0	0	0	0	0	0	0	0	0	0	0	0	0	1	0	0	0	0	0	0	0	0	0	0	0	0	0	0	0	0	0	0	0	0	0	0	0	0	0	0	0	
N27	1.49951e-35	2.38574e-32	5.6296e-28	2.09562e-24	1.13636e-18	1.99604e-16	2.78416e-11	5.43631e-09	3.13271e-08	2.52054e-05	0.0889737	0.909087	0.00191334	4.18902e-07	5.29419e-11	2.23699e-13	5.15715e-17	4.73215e-19	2.79122e-23	1.16258e-26	5.05984e-31	5.94825e-36	1.3633e-39	2.18184e-42	4.64185e-47	9.42862e-51	2.504e-53	2.96636e-54	1.55983e-54	6.64535e-53	4.16396e-55	1.64168e-53	2.65899e-56	2.1323e-58	4.48823e-59	3.10861e-57	3.22029e-60	4.88195e-62	1.90754e-63	2.18472e-64	5.47e-66	
Furpol	0	0	0	0	0	0	0	0	0	0	0	1	0	0	0	0	0	0	0	0	0	0	0	0	0	0	0	0	0	0	0	0	0	0	0	0	0	0	0	0	0	
N28	1.45489e-38	2.68149e-32	2.19548e-26	5.96682e-23	5.43489e-18	1.22876e-15	1.74067e-10	1.81433e-10	2.01662e-09	0.000101162	0.870855	0.129005	3.80862e-05	2.32315e-09	8.52418e-14	2.44655e-16	3.26583e-19	1.78427e-21	3.59517e-26	4.90591e-30	8.18082e-35	4.75118e-40	2.56791e-44	2.56034e-47	4.38786e-51	1.16097e-54	1.82236e-57	5.55125e-58	1.15192e-58	2.23798e-57	8.89579e-60	1.62157e-58	1.67494e-61	2.99765e-64	4.23426e-65	2.01506e-63	1.8127e-65	2.59557e-67	1.77827e-68	1.59696e-69	2.30647e-71	
N29	2.30422e-39	4.82103e-33	4.64732e-27	1.45064e-23	1.84579e-18	6.18072e-16	1.66649e-10	2.09399e-10	2.88109e-09	0.000151769	0.983177	0.0166688	1.97619e-06	6.14481e-11	2.64917e-14	1.33011e-16	5.87724e-20	5.82151e-23	6.01844e-28	4.37473e-32	4.26747e-37	1.12223e-41	2.53917e-45	4.55962e-48	2.93024e-52	3.4533e-56	1.71555e-59	5.9081e-65	1.71557e-69	8.5174e-74	2.47049e-79	6.99215e-84	1.18776e-88	4.92988e-93	4.86183e-97	3.59531e-100	4.53148e-105	1.66349e-109	1.30848e-113	1.1351e-117	3.73057e-122	
F2241	0	0	0	0	0	0	0	0	0	0	1	0	0	0	0	0	0	0	0	0	0	0	0	0	0	0	0	0	0	0	0	0	0	0	0	0	0	0	0	0	0	
Furang	0	0	0	0	0	0	0	0	0	0	1	0	0	0	0	0	0	0	0	0	0	0	0	0	0	0	0	0	0	0	0	0	0	0	0	0	0	0	0	0	0	
FGA490	0	0	0	0	0	0	0	0	0	0	1	0	0	0	0	0	0	0	0	0	0	0	0	0	0	0	0	0	0	0	0	0	0	0	0	0	0	0	0	0	0	
N30	1.46269e-43	1.607e-36	7.82636e-30	1.00169e-26	2.44997e-20	6.73738e-19	6.00154e-13	6.90487e-10	2.30614e-10	1.43374e-06	0.051793	0.948038	0.000167024	3.76224e-09	2.06416e-13	7.49834e-16	1.96876e-19	2.44487e-22	9.48861e-28	3.47083e-32	9.96845e-38	1.338e-42	1.55995e-44	3.71248e-43	2.83341e-44	3.69515e-46	4.0428e-47	1.09102e-50	3.64589e-53	2.61111e-55	6.5862e-59	2.05838e-61	1.02768e-64	3.11688e-67	3.89687e-69	5.15654e-70	9.54768e-73	5.17701e-75	8.19501e-77	2.62998e-78	1.42235e-80	
N31	1.29337e-41	2.08022e-35	5.98832e-29	1.14209e-25	1.19544e-19	5.90633e-18	5.24845e-13	1.75926e-09	7.23742e-09	1.3709e-06	0.0451003	0.954554	0.000343896	1.32635e-08	9.89805e-12	1.2302e-13	5.97881e-17	6.54314e-20	3.38233e-25	2.03796e-29	8.36306e-35	2.25676e-39	3.03399e-41	5.98801e-41	8.01598e-40	2.13265e-41	2.75147e-42	1.20711e-45	8.48192e-48	1.09682e-49	4.72184e-53	3.89799e-55	2.09258e-57	3.10423e-59	1.11572e-60	5.78552e-61	2.59167e-63	3.97137e-65	1.31792e-66	6.10459e-68	9.68157e-70	
N32	1.96579e-44	2.19964e-37	2.18939e-30	1.03888e-26	1.55777e-20	8.15074e-19	6.5636e-15	3.56801e-09	2.38908e-08	8.67177e-08	0.00164858	0.996144	0.00220645	3.7653e-07	1.09426e-09	7.47572e-12	1.51538e-15	1.44497e-19	2.39489e-25	5.03738e-30	1.48872e-35	9.89074e-38	1.92739e-39	2.00915e-39	2.33504e-39	1.98205e-41	2.18014e-43	3.32362e-47	1.54789e-46	1.41677e-44	2.78776e-45	3.99478e-45	1.60494e-42	5.83836e-42	1.31062e-41	5.3541e-40	3.55353e-39	1.51181e-38	4.85764e-38	3.53462e-38	3.72552e-38	
N33	7.58572e-39	3.57589e-35	2.51196e-29	2.79848e-26	8.52642e-20	4.57413e-19	3.89819e-14	3.58431e-09	9.42918e-10	6.92414e-09	0.000378172	0.998776	0.000845745	5.41165e-08	9.27703e-12	2.39653e-14	1.39099e-17	8.10817e-20	1.23516e-24	2.62612e-28	2.47175e-33	3.18679e-38	4.71816e-42	2.53454e-45	1.23878e-49	1.77578e-53	3.61768e-56	2.63831e-58	1.09711e-59	2.26026e-57	9.214e-61	1.19536e-61	2.49363e-61	1.51803e-63	2.06964e-65	5.23717e-66	2.95704e-66	3.48317e-68	1.14108e-69	1.38037e-70	1.84938e-72	
N34	1.76501e-40	4.75516e-34	5.58922e-28	2.16242e-25	2.60438e-19	4.65014e-19	1.77863e-14	9.55614e-10	2.27699e-10	3.92967e-09	0.000188273	0.999366	0.000446038	2.76866e-08	1.45773e-12	1.03468e-14	1.44146e-17	9.89346e-20	1.20333e-24	1.16557e-28	1.24472e-33	5.69927e-39	4.82941e-43	9.86714e-46	1.56308e-49	4.14393e-53	7.83555e-56	2.68976e-61	8.821e-66	5.38274e-70	1.5483e-75	4.60316e-80	1.5578e-85	1.67756e-90	1.44659e-94	1.25109e-97	3.39404e-102	1.49133e-106	3.06485e-110	9.32431e-114	3.23326e-118	
FGA456	0	0	0	0	0	0	0	0	0	0	0	1	0	0	0	0	0	0	0	0	0	0	0	0	0	0	0	0	0	0	0	0	0	0	0	0	0	0	0	0	0	
FGA513	0	0	0	0	0	0	0	0	0	0	0	1	0	0	0	0	0	0	0	0	0	0	0	0	0	0	0	0	0	0	0	0	0	0	0	0	0	0	0	0	0	
F12278	0	0	0	0	0	0	0	0	0	0	0	1	0	0	0	0	0	0	0	0	0	0	0	0	0	0	0	0	0	0	0	0	0	0	0	0	0	0	0	0	0	
N35	1.2159e-38	2.7135e-32	2.8112e-26	3.6107e-22	5.47515e-18	4.33846e-15	7.5216e-13	1.69168e-08	2.84677e-06	1.09325e-05	0.000534648	0.875573	0.121652	0.00222594	1.15605e-06	2.38751e-08	5.57042e-11	5.43297e-13	1.20044e-17	1.52182e-21	2.59155e-26	3.33993e-31	9.65161e-35	3.27594e-37	6.06879e-41	2.13581e-44	4.88922e-47	2.73844e-52	1.20021e-56	7.51481e-61	3.15665e-66	1.37725e-70	1.11728e-75	4.65409e-80	7.26795e-84	8.90815e-87	2.68858e-91	1.71996e-95	4.22638e-99	1.5234e-102	7.93639e-107	
Furant	0	0	0	0	0	0	0	0	0	0	0	1	0	0	0	0	0	0	0	0	0	0	0	0	0	0	0	0	0	0	0	0	0	0	0	0	0	0	0	0	0	
FGA331	0	0	0	0	0	0	0	0	0	0	0	0	0	1	0	0	0	0	0	0	0	0	0	0	0	0	0	0	0	0	0	0	0	0	0	0	0	0	0	0	0	
FGA465	0	0	0	0	0	0	0	0	0	0	1	0	0	0	0	0	0	0	0	0	0	0	0	0	0	0	0	0	0	0	0	0	0	0	0	0	0	0	0	0	0	
N36	4.13658e-40	1.11672e-33	1.41574e-27	2.18564e-24	7.94614e-19	7.00601e-17	2.10509e-11	1.09531e-09	1.44024e-09	2.14132e-05	0.249659	0.750164	0.000155681	6.29962e-09	4.15295e-13	2.05542e-15	1.99944e-18	7.84626e-21	8.37846e-26	4.93952e-30	4.48147e-35	2.33652e-40	2.41895e-44	3.5026e-47	3.97168e-51	7.5882e-55	5.12415e-57	1.34395e-56	7.23586e-58	1.27303e-56	1.18561e-59	1.76794e-59	1.02245e-61	5.09948e-64	2.23126e-65	9.07787e-64	1.93399e-65	2.75577e-67	1.73642e-68	1.45186e-69	1.96235e-71	
FGA99	0	0	0	0	0	0	0	0	0	0	1	0	0	0	0	0	0	0	0	0	0	0	0	0	0	0	0	0	0	0	0	0	0	0	0	0	0	0	0	0	0	
N37	7.3229e-39	1.41487e-32	1.21431e-26	1.72106e-23	5.13932e-18	2.10058e-16	1.90558e-11	7.39921e-09	2.50715e-08	2.28272e-05	0.257	0.742804	0.000172611	7.92271e-09	8.78632e-12	1.23858e-13	9.68452e-17	1.62335e-19	1.91207e-24	2.29447e-28	2.51072e-33	1.37916e-37	5.52329e-41	2.45691e-43	2.50889e-47	4.65499e-51	3.83557e-54	1.42498e-59	6.5606e-64	5.16379e-68	1.61097e-73	7.44748e-78	2.59639e-82	1.8539e-86	3.03022e-90	5.49428e-93	1.05782e-97	6.39613e-102	7.87188e-106	1.11663e-109	5.83819e-114	
FGA15	0	0	0	0	0	0	0	0	0	0	1	0	0	0	0	0	0	0	0	0	0	0	0	0	0	0	0	0	0	0	0	0	0	0	0	0	0	0	0	0	0	
FGA581	0	0	0	0	0	0	0	0	0	0	0	1	0	0	0	0	0	0	0	0	0	0	0	0	0	0	0	0	0	0	0	0	0	0	0	0	0	0	0	0	0	
FGA104	0	0	0	0	0	0	0	0	0	0	0	0	1	0	0	0	0	0	0	0	0	0	0	0	0	0	0	0	0	0	0	0	0	0	0	0	0	0	0	0	0	
FGA489	0	0	0	0	0	0	0	0	0	0	1	0	0	0	0	0	0	0	0	0	0	0	0	0	0	0	0	0	0	0	0	0	0	0	0	0	0	0	0	0	0	
FGA174	0	0	0	0	0	0	0	0	0	0	0	0	0	1	0	0	0	0	0	0	0	0	0	0	0	0	0	0	0	0	0	0	0	0	0	0	0	0	0	0	0	
FurbGB	0	0	0	0	0	0	0	0	0	0	0	1	0	0	0	0	0	0	0	0	0	0	0	0	0	0	0	0	0	0	0	0	0	0	0	0	0	0	0	0	0	
N38	4.11694e-38	1.86568e-33	1.01976e-27	1.05526e-24	3.58381e-19	1.03215e-17	3.22468e-13	7.50343e-10	3.88228e-10	9.19243e-08	0.00140084	0.373777	0.00078013	1.70183e-07	2.27412e-08	4.38035e-05	0.00455226	0.617335	0.00207473	3.5957e-05	1.88993e-08	2.94285e-12	9.99204e-15	6.99726e-16	1.52836e-18	6.33249e-21	3.40176e-22	1.17945e-26	7.46716e-30	9.9786e-33	2.69969e-37	1.31665e-40	4.51904e-45	8.49393e-49	8.34125e-52	1.26253e-53	2.60797e-57	1.39732e-60	2.85762e-63	1.85558e-65	9.1383e-69	
N39	3.04939e-37	9.43272e-32	1.47917e-26	1.19081e-23	8.30249e-19	3.48319e-17	5.20965e-13	4.68958e-10	1.40744e-09	4.02738e-07	0.00158818	0.098045	0.000399141	7.47236e-07	2.64954e-07	0.00019362	0.0353098	0.856471	0.00794396	4.75961e-05	5.66676e-08	2.45174e-11	1.1722e-13	9.89696e-15	1.79952e-16	1.69366e-18	5.77434e-20	9.69932e-24	8.06521e-27	4.29297e-30	4.01513e-34	2.31743e-37	2.64148e-41	7.12613e-45	1.72046e-47	2.99914e-49	6.61851e-52	7.87275e-55	3.86502e-57	1.9207e-59	1.92004e-62	
N40	3.22557e-38	2.65571e-32	1.10137e-26	7.77956e-24	8.8619e-19	3.97411e-17	1.73526e-12	7.89311e-11	5.32859e-10	3.82791e-07	0.000574915	0.00154468	5.84021e-06	1.23283e-06	1.17315e-05	0.00995869	0.409636	0.575862	0.00240259	2.12512e-06	6.7973e-10	1.23705e-13	1.54367e-16	1.06151e-18	2.44473e-21	2.78306e-24	5.63674e-27	6.73888e-28	3.39085e-28	9.67136e-30	6.04835e-32	8.77077e-34	8.06146e-36	1.51754e-37	1.5311e-38	4.75953e-39	4.05527e-40	2.561e-41	3.70576e-42	3.15887e-43	1.75265e-44	
CGA312	0	0	0	0	0	0	0	0	0	0	0	0	0	0	0	0	0	1	0	0	0	0	0	0	0	0	0	0	0	0	0	0	0	0	0	0	0	0	0	0	0	
N41	4.03039e-41	2.26454e-36	2.8742e-31	1.23152e-27	4.66335e-22	1.46703e-19	1.96991e-14	1.71641e-13	2.8187e-11	1.41769e-07	8.25983e-05	8.16386e-05	3.37439e-06	8.2259e-07	5.25619e-05	0.0312033	0.598009	0.370311	0.000255292	2.07872e-08	4.78734e-13	5.15373e-18	5.03882e-22	2.64115e-24	3.2276e-27	3.66789e-30	2.92924e-29	1.43197e-29	5.64973e-31	1.50834e-33	1.00571e-36	7.21059e-39	8.30897e-42	1.67578e-44	6.00569e-46	2.86538e-46	2.24303e-47	3.50624e-49	1.47986e-50	1.20283e-51	2.01052e-53	
N42	2.10791e-45	1.72347e-39	6.4989e-34	6.8637e-31	9.83592e-27	3.38651e-22	5.39207e-17	2.16364e-16	3.90844e-13	3.01172e-08	3.43477e-06	1.79334e-06	6.76527e-07	1.75559e-06	0.00252894	0.218079	0.775016	0.00436823	3.72574e-08	5.43525e-14	2.76402e-20	7.47187e-27	7.95463e-32	1.06257e-34	2.14694e-34	8.30483e-34	3.12925e-30	4.66423e-31	3.21114e-31	1.46805e-32	2.16454e-34	5.1021e-35	1.33776e-36	2.57536e-37	8.08754e-37	4.80271e-35	5.38679e-34	5.6244e-34	1.91896e-33	2.11495e-32	2.41624e-32	
N43	3.83477e-42	1.91858e-37	4.9001e-33	3.6884e-31	2.59166e-27	7.06207e-24	4.71057e-18	7.7983e-16	1.64606e-13	5.30546e-09	5.86381e-07	7.50652e-07	6.06572e-07	6.85436e-07	0.00192879	0.211806	0.783842	0.00242107	8.53857e-08	5.73993e-12	6.48897e-15	1.81711e-17	5.36113e-21	5.2476e-24	2.90244e-27	9.64025e-29	1.2262e-30	3.75386e-34	3.19677e-36	8.39575e-39	1.61567e-40	4.34308e-42	1.24193e-42	1.46455e-44	3.3924e-46	6.68357e-47	2.66841e-49	5.13729e-51	1.89624e-52	6.79656e-55	1.27683e-56	
N44	4.92629e-47	3.26609e-40	9.16527e-34	6.84635e-31	4.73368e-25	1.88473e-23	1.213e-17	1.87055e-16	2.17114e-17	4.38609e-13	7.91637e-09	1.84514e-08	3.61535e-10	6.46524e-10	9.04307e-06	0.0453433	0.937956	0.0166888	3.19896e-06	2.22614e-10	3.17664e-13	3.44196e-16	1.16108e-19	5.66217e-23	2.42133e-27	9.1897e-30	4.59002e-32	8.24462e-35	3.53883e-37	9.92016e-40	1.96918e-41	5.35871e-43	4.10425e-44	6.02533e-46	1.46364e-47	8.65624e-49	3.27534e-51	3.16015e-53	4.6965e-55	1.01446e-57	1.37455e-59	
CGA642	0	0	0	0	0	0	0	0	0	0	0	0	0	0	0	0	1	0	0	0	0	0	0	0	0	0	0	0	0	0	0	0	0	0	0	0	0	0	0	0	0	
N45	4.12769e-38	5.28205e-34	4.03727e-30	3.83396e-29	2.11039e-25	2.4475e-24	3.5768e-19	9.55281e-18	6.11971e-17	1.80392e-13	3.98823e-09	8.89893e-09	9.90237e-11	3.01081e-09	3.54015e-06	0.0495881	0.924382	0.0260233	2.90349e-06	8.53644e-11	1.1316e-14	2.7205e-16	4.44482e-19	1.13947e-20	1.6888e-23	6.7089e-27	1.54404e-31	6.40692e-37	5.85505e-41	3.21388e-46	2.18153e-51	4.25777e-55	2.01352e-57	2.77261e-61	8.18474e-65	4.94949e-67	8.74171e-71	9.12964e-75	1.66942e-78	5.84349e-84	4.28153e-88	
CGA763	0	0	0	0	0	0	0	0	0	0	0	0	0	0	0	1	0	0	0	0	0	0	0	0	0	0	0	0	0	0	0	0	0	0	0	0	0	0	0	0	0	
C601	0	0	0	0	0	0	0	0	0	0	0	0	0	0	0	0	0	1	0	0	0	0	0	0	0	0	0	0	0	0	0	0	0	0	0	0	0	0	0	0	0	
N46	8.61724e-38	1.07666e-33	7.82561e-30	2.21001e-27	2.17283e-25	3.90853e-22	3.59758e-18	8.65004e-16	1.29215e-12	2.93843e-09	3.03114e-07	6.78501e-07	6.03844e-07	3.52818e-06	0.00304275	0.226632	0.768668	0.00165197	1.61492e-07	4.2588e-12	8.11149e-16	2.34864e-17	3.05447e-20	5.89025e-22	5.71419e-25	1.18101e-27	5.51839e-29	7.04304e-32	1.06087e-33	8.92805e-37	1.36621e-39	6.686e-41	8.86161e-41	2.22553e-42	1.32457e-43	1.77489e-43	5.87142e-45	1.78709e-46	1.01452e-47	2.39771e-50	6.68657e-52	
CGA236	0	0	0	0	0	0	0	0	0	0	0	0	0	0	0	0	1	0	0	0	0	0	0	0	0	0	0	0	0	0	0	0	0	0	0	0	0	0	0	0	0	
N47	1.76102e-33	7.85706e-30	2.06977e-26	2.31677e-24	8.55683e-24	2.35655e-20	2.55042e-17	1.75922e-14	6.09234e-11	7.77527e-09	1.90992e-07	5.20741e-07	1.36248e-06	0.000453449	0.0317566	0.345929	0.620185	0.00167289	3.90136e-07	2.69865e-11	2.66356e-15	9.93365e-17	5.14793e-19	2.19738e-20	1.35629e-22	1.16891e-25	8.54455e-30	1.22032e-34	1.8662e-38	3.05368e-43	2.54595e-48	7.24355e-52	7.40623e-54	4.03866e-57	3.67522e-60	3.76403e-62	3.42383e-65	9.34685e-69	4.36888e-72	6.15273e-77	1.21395e-80	
N48	1.13143e-39	8.45783e-34	3.59318e-28	2.47524e-24	2.38141e-20	1.19095e-17	1.85733e-15	1.16819e-11	7.04284e-10	1.87989e-09	2.9719e-08	2.42011e-05	0.00194127	0.0230219	0.0322471	0.363446	0.559946	0.0193658	8.03778e-06	1.18344e-09	5.67495e-12	5.88409e-14	1.37658e-16	9.14291e-19	6.4361e-22	4.16982e-25	3.80538e-29	1.0988e-33	1.10829e-37	4.00879e-42	1.14686e-45	7.42712e-49	2.06228e-51	5.87206e-55	3.1421e-58	6.48205e-61	8.0832e-65	1.90472e-68	6.94246e-72	1.71537e-76	3.43393e-80	
Calboe	0	0	0	0	0	0	0	0	0	0	0	0	0	1	0	0	0	0	0	0	0	0	0	0	0	0	0	0	0	0	0	0	0	0	0	0	0	0	0	0	0	
C3125	0	0	0	0	0	0	0	0	0	0	0	0	0	0	0	0	0	1	0	0	0	0	0	0	0	0	0	0	0	0	0	0	0	0	0	0	0	0	0	0	0	
CGA429	0	0	0	0	0	0	0	0	0	0	0	0	0	0	1	0	0	0	0	0	0	0	0	0	0	0	0	0	0	0	0	0	0	0	0	0	0	0	0	0	0	
N49	1.74289e-36	3.84694e-32	4.9328e-28	1.03972e-24	3.45551e-24	1.19704e-20	8.83367e-18	1.2978e-15	4.56566e-10	3.15591e-07	1.05418e-07	4.65429e-08	7.15016e-07	0.00208046	0.529106	0.423342	0.0454368	3.3874e-05	6.32372e-10	4.19802e-15	1.44737e-20	5.77649e-24	7.10334e-27	1.20574e-28	1.57288e-29	7.41857e-31	5.75235e-31	3.46396e-33	3.55466e-35	2.79229e-38	8.42007e-42	4.69092e-44	3.35477e-45	2.15415e-46	2.05977e-47	3.38094e-47	9.81026e-48	2.69395e-49	1.37722e-50	1.62056e-52	4.29772e-54	
C984	0	0	0	0	0	0	0	0	0	0	0	0	0	1	0	0	0	0	0	0	0	0	0	0	0	0	0	0	0	0	0	0	0	0	0	0	0	0	0	0	0	
N50	6.47461e-35	3.02035e-31	8.52898e-28	3.56039e-25	1.57195e-24	8.51237e-20	1.74641e-16	5.36604e-15	2.22062e-10	1.50248e-07	2.81748e-08	1.08459e-08	6.43524e-07	0.00340709	0.664668	0.316846	0.0150715	5.73458e-06	3.37105e-10	7.97558e-15	1.51695e-17	2.8091e-19	4.57084e-22	7.99778e-24	1.29337e-26	1.00095e-29	7.62656e-34	6.77062e-39	1.04786e-42	1.0593e-47	1.66746e-51	8.89736e-55	6.94982e-57	1.53086e-60	7.28611e-64	5.70688e-66	1.53746e-69	4.25589e-73	2.1074e-76	3.18148e-81	7.09622e-85	
CGA310	0	0	0	0	0	0	0	0	0	0	0	0	0	0	1	0	0	0	0	0	0	0	0	0	0	0	0	0	0	0	0	0	0	0	0	0	0	0	0	0	0	
N51	4.80812e-41	3.57776e-35	1.35467e-29	6.68901e-25	5.48229e-22	8.30236e-18	5.48605e-16	2.13361e-14	2.89521e-10	1.07656e-08	5.09501e-10	5.50403e-09	2.35175e-05	0.0642675	0.894827	0.0407111	0.000170725	5.91142e-08	7.34602e-12	8.90834e-16	8.24671e-18	4.17556e-20	4.86467e-23	1.27633e-25	2.98204e-29	1.34483e-32	1.06751e-36	2.80002e-41	2.41747e-45	1.31612e-49	1.32284e-52	7.45047e-56	1.51774e-58	3.01916e-62	1.11681e-65	1.35823e-68	7.71301e-73	1.42944e-76	4.41059e-80	1.14661e-84	2.93995e-88	
CGA365	0	0	0	0	0	0	0	0	0	0	0	0	0	0	1	0	0	0	0	0	0	0	0	0	0	0	0	0	0	0	0	0	0	0	0	0	0	0	0	0	0	
CGA494	0	0	0	0	0	0	0	0	0	0	0	0	0	1	0	0	0	0	0	0	0	0	0	0	0	0	0	0	0	0	0	0	0	0	0	0	0	0	0	0	0	
N52	3.28922e-43	1.1295e-36	1.89776e-30	8.7362e-27	7.19475e-22	3.24076e-19	1.58316e-15	1.05441e-12	1.2706e-11	5.07548e-10	1.00349e-06	2.16097e-06	3.10339e-07	8.36958e-07	2.2464e-05	0.00916457	0.421146	0.557847	0.0118125	3.89732e-06	1.66708e-09	8.18592e-12	1.42236e-14	4.59372e-17	1.5423e-20	3.80847e-24	2.13069e-27	1.0684e-29	4.80965e-30	4.94064e-32	1.91104e-34	5.39288e-36	9.92695e-37	3.7439e-38	2.20543e-39	3.94084e-40	5.63713e-42	1.32677e-43	4.80075e-45	3.31116e-47	8.00889e-49	
N53	5.2629e-37	5.00356e-33	2.8675e-29	8.042e-28	1.09216e-22	1.2335e-20	1.051e-15	1.13269e-13	4.16839e-12	2.37046e-10	5.21195e-07	1.12389e-06	1.60623e-07	5.99909e-07	1.06872e-05	0.0171765	0.451802	0.52828	0.00272814	3.7904e-07	2.41102e-11	7.73559e-15	2.06967e-18	7.82115e-21	4.34483e-23	2.6117e-26	6.67057e-29	7.6857e-33	2.52067e-36	5.24359e-41	3.52448e-46	4.05259e-50	5.54121e-54	1.48491e-58	2.65677e-62	2.38868e-65	1.64922e-68	2.56841e-72	7.84947e-76	2.97327e-79	7.86497e-83	
C12265	0	0	0	0	0	0	0	0	0	0	0	0	0	0	0	0	0	1	0	0	0	0	0	0	0	0	0	0	0	0	0	0	0	0	0	0	0	0	0	0	0	
N54	3.68578e-50	9.91248e-43	1.01881e-35	8.8127e-32	2.20751e-26	2.01769e-23	6.4139e-18	1.65346e-19	6.38647e-16	1.14852e-10	8.97356e-09	2.89607e-11	4.56511e-12	6.23542e-08	0.00492253	0.974804	0.0202112	6.24957e-05	3.18958e-09	3.29566e-14	1.32081e-19	3.01658e-25	1.2784e-29	1.17732e-30	1.25817e-31	3.75209e-33	3.80974e-34	6.6298e-37	4.79189e-39	6.68746e-42	3.3541e-45	6.8478e-48	4.9862e-51	1.04237e-53	2.58141e-55	3.65061e-56	1.16643e-57	1.10238e-59	3.38717e-61	1.01519e-62	9.84401e-65	
C404	0	0	0	0	0	0	0	0	0	0	0	0	0	0	1	0	0	0	0	0	0	0	0	0	0	0	0	0	0	0	0	0	0	0	0	0	0	0	0	0	0	
N55	8.23817e-42	1.91562e-37	2.65922e-33	8.05623e-32	2.50796e-28	4.70471e-26	4.11383e-20	1.80697e-20	2.00838e-17	3.79789e-12	8.89537e-10	9.86837e-13	1.66485e-13	1.93985e-08	0.0014728	0.990245	0.00827595	5.95932e-06	1.31175e-10	8.75267e-16	3.95498e-19	5.78296e-21	1.88566e-24	2.26496e-27	1.95708e-31	3.43298e-35	2.69683e-39	4.85063e-45	2.48688e-49	4.82406e-55	9.42645e-60	1.42265e-63	6.20702e-66	2.32436e-70	1.62451e-74	8.69888e-78	1.01987e-82	5.08412e-87	4.60454e-91	5.18702e-96	2.15248e-100	
Cl11778	0	0	0	0	0	0	0	0	0	0	0	0	0	0	0	1	0	0	0	0	0	0	0	0	0	0	0	0	0	0	0	0	0	0	0	0	0	0	0	0	0	
CGA48	0	0	0	0	0	0	0	0	0	0	0	0	0	0	0	1	0	0	0	0	0	0	0	0	0	0	0	0	0	0	0	0	0	0	0	0	0	0	0	0	0	
C3126	0	0	0	0	0	0	0	0	0	0	0	0	0	0	0	0	0	0	1	0	0	0	0	0	0	0	0	0	0	0	0	0	0	0	0	0	0	0	0	0	0	
N56	2.06303e-39	4.03269e-33	3.3784e-27	5.06843e-25	3.39325e-19	9.08323e-19	6.4618e-15	1.15843e-10	2.96125e-11	3.92236e-11	7.41937e-07	0.000675539	8.2096e-06	1.52843e-09	2.29473e-10	1.53062e-06	0.00393054	0.953135	0.0421972	5.1385e-05	1.65599e-08	4.62968e-12	6.55128e-15	1.69832e-17	1.34185e-20	5.8591e-24	2.56701e-26	2.94383e-28	5.21699e-30	6.06775e-32	3.28379e-34	3.4672e-36	4.40863e-38	1.40462e-39	1.00599e-40	1.42579e-41	5.99096e-43	2.4606e-44	1.7112e-45	6.92617e-47	2.75822e-48	
CGA311	0	0	0	0	0	0	0	0	0	0	0	0	0	0	0	0	0	1	0	0	0	0	0	0	0	0	0	0	0	0	0	0	0	0	0	0	0	0	0	0	0	
N57	6.28497e-39	6.53471e-35	1.69074e-30	4.48699e-27	5.49194e-22	3.36636e-20	1.85571e-16	2.7249e-12	7.81437e-13	5.19447e-12	8.84159e-08	0.000139583	2.04318e-06	2.20837e-10	1.6421e-10	4.2227e-07	0.00285965	0.95026	0.0467061	3.25319e-05	4.78673e-09	3.76467e-13	2.63516e-16	1.50138e-17	1.84363e-19	1.91962e-22	1.69977e-24	5.93457e-29	2.32989e-32	7.87041e-37	5.41755e-42	1.54396e-45	6.02528e-47	2.17748e-49	1.31703e-50	6.64945e-48	1.82908e-47	5.33632e-49	3.57528e-50	6.21592e-51	3.18414e-52	
N58	1.69423e-46	8.57131e-40	2.00748e-33	1.52731e-30	1.56798e-24	9.91586e-24	1.56643e-18	1.60051e-15	2.67867e-16	2.01722e-13	1.69331e-08	3.43856e-06	3.95737e-09	1.16306e-12	3.3627e-11	1.67028e-06	0.0154302	0.979643	0.0049204	9.71507e-07	5.02812e-11	1.10323e-15	5.31101e-20	4.53254e-22	1.43221e-24	9.17638e-28	2.11948e-30	5.48552e-34	1.07553e-35	2.00588e-37	1.01027e-38	5.574e-41	7.86053e-44	7.31798e-47	2.00269e-48	8.67097e-49	9.35818e-50	2.19168e-51	2.29108e-52	2.61405e-53	9.51458e-55	
CGA45	0	0	0	0	0	0	0	0	0	0	0	0	0	0	0	0	1	0	0	0	0	0	0	0	0	0	0	0	0	0	0	0	0	0	0	0	0	0	0	0	0	
N59	2.71652e-37	1.56735e-33	5.41912e-30	1.82356e-29	1.97429e-25	7.96965e-25	2.30506e-20	5.77467e-16	6.33744e-16	3.78291e-14	1.65605e-09	9.85979e-07	8.033e-10	9.53933e-13	3.47906e-11	1.08801e-06	0.00766367	0.988579	0.0037546	1.08484e-06	8.62223e-11	8.17941e-15	5.19187e-17	4.93521e-18	1.07065e-19	1.25931e-22	4.73698e-25	1.95745e-29	9.34823e-33	2.55119e-37	2.08573e-42	2.15284e-46	4.61665e-51	1.8816e-54	2.22312e-57	3.87495e-59	1.13301e-61	3.45626e-65	2.02132e-68	1.12832e-71	3.38117e-75	
C3043	0	0	0	0	0	0	0	0	0	0	0	0	0	0	0	0	0	1	0	0	0	0	0	0	0	0	0	0	0	0	0	0	0	0	0	0	0	0	0	0	0	
CGA364	0	0	0	0	0	0	0	0	0	0	0	0	0	0	0	0	0	1	0	0	0	0	0	0	0	0	0	0	0	0	0	0	0	0	0	0	0	0	0	0	0	
C2208	0	0	0	0	0	0	0	0	0	0	0	0	0	0	0	0	0	0	1	0	0	0	0	0	0	0	0	0	0	0	0	0	0	0	0	0	0	0	0	0	0	
N60	9.37889e-35	3.17477e-29	5.51797e-24	5.0428e-22	1.01114e-16	8.96085e-17	1.07736e-12	5.46628e-09	3.3646e-10	3.11265e-09	1.83235e-05	0.00553119	2.03836e-05	8.96758e-09	6.693e-09	1.38279e-05	0.0101879	0.97435	0.00985672	2.18302e-05	1.77478e-08	8.8168e-12	1.63757e-14	7.57969e-17	1.4237e-19	1.95638e-22	2.53385e-25	4.56447e-29	9.43304e-33	1.46325e-36	1.01334e-40	1.17255e-44	1.19664e-48	1.88769e-52	8.41743e-56	7.08712e-59	1.99588e-62	6.09849e-66	3.08669e-69	5.72293e-72	6.85623e-74	
N61	2.00264e-42	5.51378e-36	7.37121e-30	1.74217e-27	2.30769e-21	5.28562e-21	6.40096e-16	1.44477e-12	1.68481e-14	5.10037e-12	3.15458e-07	0.000115912	4.79132e-08	2.61338e-12	5.44908e-11	1.78976e-06	0.0121141	0.986295	0.00147225	3.06825e-07	2.03936e-11	7.67866e-16	3.2444e-19	1.86712e-21	3.03849e-24	1.33792e-27	1.68445e-30	3.08454e-35	2.14318e-39	3.82734e-44	2.20455e-49	7.03384e-51	1.08761e-52	4.19435e-55	2.16417e-56	4.9415e-54	8.53e-55	1.19762e-56	4.88468e-58	1.91629e-59	7.06473e-61	
CGA453	0	0	0	0	0	0	0	0	0	0	0	0	0	0	0	0	0	1	0	0	0	0	0	0	0	0	0	0	0	0	0	0	0	0	0	0	0	0	0	0	0	
N62	4.49559e-47	2.48146e-40	6.5885e-34	6.89238e-31	8.14179e-25	1.27811e-23	3.45838e-18	8.53103e-16	9.69936e-17	3.61552e-13	5.31104e-08	3.55026e-06	3.27035e-10	8.65637e-14	3.15979e-11	2.74805e-06	0.0462087	0.953498	0.000287173	1.50612e-08	2.80257e-13	3.18958e-18	1.32988e-21	1.62598e-23	5.64628e-26	2.79006e-29	7.80141e-32	5.65514e-37	3.25375e-41	2.31643e-46	5.55485e-52	9.93476e-57	3.48891e-62	7.64161e-67	1.62216e-70	3.26468e-73	1.33254e-76	7.59394e-81	1.82663e-84	6.51998e-88	2.89958e-92	
CGA501	0	0	0	0	0	0	0	0	0	0	0	0	0	0	0	0	0	1	0	0	0	0	0	0	0	0	0	0	0	0	0	0	0	0	0	0	0	0	0	0	0	
C3121	0	0	0	0	0	0	0	0	0	0	0	0	0	0	0	0	1	0	0	0	0	0	0	0	0	0	0	0	0	0	0	0	0	0	0	0	0	0	0	0	0	
N63	3.84411e-46	4.85778e-39	2.6693e-32	2.57537e-30	1.9181e-23	8.99393e-25	1.87392e-19	3.20831e-14	1.52156e-16	1.56882e-15	5.21583e-10	1.06589e-05	9.72697e-10	1.15159e-14	2.03496e-14	3.80876e-09	0.000186925	0.999487	0.000315514	1.42708e-08	2.15034e-13	2.35865e-18	2.75785e-22	1.36093e-25	1.85533e-29	9.0282e-34	5.56941e-38	8.70786e-44	1.64271e-49	4.62267e-56	4.34252e-36	1.02462e-36	1.74888e-37	1.06977e-37	2.8203e-37	2.37249e-36	5.24079e-36	7.31696e-36	2.54332e-35	6.00629e-35	8.32516e-35	
Calparcri	0	0	0	0	0	0	0	0	0	0	0	0	0	0	0	0	0	1	0	0	0	0	0	0	0	0	0	0	0	0	0	0	0	0	0	0	0	0	0	0	0	
C3118	0	0	0	0	0	0	0	0	0	0	0	0	0	0	0	0	0	1	0	0	0	0	0	0	0	0	0	0	0	0	0	0	0	0	0	0	0	0	0	0	0	
N64	5.24735e-38	1.82243e-33	3.53753e-29	4.21817e-27	8.28643e-21	4.80126e-19	1.21898e-14	4.55024e-10	5.79367e-10	2.05691e-08	0.000517862	0.99747	0.00201147	2.94004e-07	5.11656e-10	2.60311e-10	1.48219e-10	2.16587e-09	7.68205e-13	2.50764e-15	9.72315e-20	3.45495e-24	3.26761e-27	7.46281e-29	2.18591e-32	5.68235e-34	6.20445e-34	1.82424e-37	1.99125e-39	4.61202e-41	1.17561e-44	1.28014e-46	1.52461e-49	1.75486e-51	5.79008e-53	7.03074e-53	3.68408e-55	6.14464e-57	2.62702e-58	6.32172e-59	9.76737e-61	
N65	2.34369e-36	1.4717e-30	4.43994e-25	1.6692e-22	4.10793e-17	3.26807e-16	3.19231e-12	3.15262e-08	2.43383e-08	2.61227e-07	0.00180788	0.992293	0.00572672	3.03477e-06	1.31609e-08	8.36891e-08	2.69203e-06	0.000164438	1.66396e-06	1.48683e-08	1.72764e-11	6.1871e-15	1.45139e-17	2.81722e-19	8.54609e-22	3.09932e-24	3.11146e-26	2.89429e-30	1.00895e-33	4.84779e-37	2.87695e-41	7.85925e-45	5.35442e-49	6.37215e-53	4.45619e-56	1.54004e-58	4.60834e-62	2.00006e-65	2.96177e-68	3.48014e-71	1.23662e-74	
N66	1.10976e-34	4.01774e-29	7.17208e-24	1.52877e-21	2.65342e-16	9.72953e-16	8.19529e-12	7.67063e-08	3.03042e-08	2.71305e-07	0.00171081	0.993376	0.00472787	2.65211e-06	2.6251e-08	3.82869e-07	1.88174e-05	0.000162089	1.31701e-06	2.18553e-09	1.26622e-12	3.89164e-16	8.7768e-19	1.67695e-20	1.07814e-22	3.16437e-25	1.53869e-27	2.17949e-31	6.83676e-35	1.04105e-38	5.80248e-43	8.64748e-47	6.40363e-51	8.45824e-55	7.49233e-58	2.4229e-60	1.8982e-63	8.64746e-67	1.02108e-69	7.43399e-73	2.65058e-76	
N67	3.89578e-35	1.51854e-29	2.81373e-24	8.01349e-22	1.2041e-16	5.47733e-16	3.43495e-12	2.3693e-08	1.33174e-08	1.82005e-07	0.00140072	0.994581	0.00383299	1.68076e-06	1.43237e-07	4.64494e-06	5.43412e-05	0.000123623	2.16415e-07	8.72377e-11	1.45157e-14	1.58155e-18	2.35932e-21	5.51725e-23	4.05457e-25	8.68333e-28	5.35158e-30	4.79228e-34	1.64953e-37	1.52195e-41	4.87513e-46	6.04056e-50	2.82225e-54	3.32718e-58	3.5679e-61	1.95348e-63	2.32084e-66	9.43708e-70	1.17421e-72	1.30238e-75	4.79204e-79	
N68	5.58297e-38	4.18874e-32	1.53879e-26	3.19055e-24	1.17431e-18	2.86224e-18	5.12839e-14	7.80958e-10	2.1842e-10	3.14326e-09	5.24054e-05	0.0517757	0.000138857	2.99228e-08	1.38297e-09	3.45523e-06	0.00238066	0.940152	0.00546744	2.89819e-05	2.01182e-08	4.309e-12	5.29461e-15	4.68101e-17	7.01377e-20	1.37194e-22	7.5252e-25	4.22556e-29	9.08664e-33	2.94052e-36	1.10966e-40	2.62463e-43	2.27328e-43	2.17581e-45	1.13222e-46	2.23915e-46	3.00276e-46	1.25061e-47	1.72255e-48	2.01085e-49	8.17541e-51	
Triowe	0	0	0	0	0	0	0	0	0	0	0	0	0	0	0	0	0	1	0	0	0	0	0	0	0	0	0	0	0	0	0	0	0	0	0	0	0	0	0	0	0	
N69	1.27447e-38	5.84218e-33	1.34284e-27	7.1087e-25	1.38755e-19	1.49742e-18	1.38823e-14	8.0089e-11	4.39384e-11	1.50376e-09	1.95236e-05	0.0180356	4.86997e-05	1.28373e-08	5.1837e-10	2.11399e-06	0.00351974	0.971031	0.00732693	1.58692e-05	9.26799e-09	2.25616e-12	5.07935e-15	4.79791e-16	1.18201e-17	6.46925e-20	2.01336e-21	2.09603e-25	1.71422e-28	4.00536e-32	2.01912e-36	8.27292e-40	5.61955e-44	6.57954e-48	1.20328e-50	2.31581e-52	6.8961e-55	5.45674e-58	1.60393e-60	7.5147e-63	5.44189e-66	
Trijoh	0	0	0	0	0	0	0	0	0	0	0	0	0	0	0	0	0	1	0	0	0	0	0	0	0	0	0	0	0	0	0	0	0	0	0	0	0	0	0	0	0	
Trimel	0	0	0	0	0	0	0	0	0	0	0	0	0	0	0	0	0	1	0	0	0	0	0	0	0	0	0	0	0	0	0	0	0	0	0	0	0	0	0	0	0	
N70	9.27548e-35	5.71851e-29	1.68692e-23	2.60462e-21	8.46275e-16	1.05597e-15	1.26408e-11	2.07369e-07	2.66259e-08	1.18611e-07	0.00100057	0.996446	0.00254876	4.27364e-06	8.8599e-08	9.90578e-10	4.83689e-12	8.55899e-15	8.92007e-19	3.9787e-23	1.02628e-27	2.58537e-32	7.27707e-36	1.09979e-38	6.4881e-42	2.10092e-45	9.8254e-49	7.84398e-49	2.79435e-50	3.84369e-49	8.32205e-52	5.05863e-53	6.34569e-53	5.97316e-55	2.56689e-56	1.03521e-56	3.75501e-56	9.70063e-58	5.39505e-59	1.73714e-60	3.80404e-62	
N71	2.02825e-36	1.64476e-30	6.05238e-25	2.17094e-22	7.72208e-17	2.92825e-16	3.40813e-12	3.35733e-08	2.8048e-09	3.35032e-08	0.000542779	0.997957	0.00149946	4.66961e-07	5.9639e-10	1.06612e-12	1.51706e-15	2.03656e-17	7.29873e-22	2.42426e-25	1.37988e-29	1.53216e-33	5.77545e-37	2.84986e-40	3.46411e-44	1.67086e-47	7.00332e-50	6.85795e-55	7.62663e-59	1.82955e-62	2.63994e-67	3.51741e-71	3.5066e-75	2.92458e-79	4.75395e-83	1.70075e-86	4.33562e-91	5.58032e-95	2.47548e-98	2.25567e-101	3.28072e-105	
Trihoe	0	0	0	0	0	0	0	0	0	0	0	1	0	0	0	0	0	0	0	0	0	0	0	0	0	0	0	0	0	0	0	0	0	0	0	0	0	0	0	0	0	
Tribit	0	0	0	0	0	0	0	0	0	0	0	1	0	0	0	0	0	0	0	0	0	0	0	0	0	0	0	0	0	0	0	0	0	0	0	0	0	0	0	0	0	
Trijac	0	0	0	0	0	0	0	0	0	0	0	1	0	0	0	0	0	0	0	0	0	0	0	0	0	0	0	0	0	0	0	0	0	0	0	0	0	0	0	0	0	
N72	2.43342e-35	7.90137e-30	1.32235e-24	1.88922e-22	3.45134e-17	7.03624e-17	6.93181e-13	5.67879e-09	1.13278e-09	1.00102e-08	7.65849e-05	0.0390176	0.000171532	7.20369e-08	6.01689e-09	8.47105e-06	0.0045174	0.947051	0.00910429	5.28799e-05	6.57547e-08	2.86478e-11	5.01058e-14	4.20048e-16	8.92036e-19	2.18064e-21	9.59881e-24	1.24838e-27	3.87992e-31	1.53522e-34	1.25588e-38	2.91675e-42	2.80603e-46	3.32399e-50	1.73159e-53	2.94643e-56	7.53468e-60	2.94603e-63	2.82727e-66	1.71864e-69	5.87833e-73	
Tricri	0	0	0	0	0	0	0	0	0	0	0	0	0	0	0	0	0	1	0	0	0	0	0	0	0	0	0	0	0	0	0	0	0	0	0	0	0	0	0	0	0	
N73	1.40527e-37	5.98315e-32	1.27572e-26	3.95187e-24	7.75544e-19	3.58271e-18	2.94017e-14	1.51213e-10	3.5291e-11	7.23989e-10	8.61955e-06	0.00705617	2.04702e-05	5.83375e-09	5.12372e-10	2.366e-06	0.00411096	0.980385	0.00840162	1.50366e-05	8.46419e-09	2.24402e-12	4.63803e-15	2.07661e-16	2.6678e-18	9.84148e-21	1.2759e-22	1.51033e-26	8.54937e-30	1.5745e-33	8.10875e-38	2.12972e-41	1.54358e-45	1.75723e-49	2.26146e-52	1.96989e-54	3.15544e-57	1.82881e-60	3.39686e-63	6.79404e-66	3.65701e-69	
Triwie	0	0	0	0	0	0	0	0	0	0	0	0	0	0	0	0	0	1	0	0	0	0	0	0	0	0	0	0	0	0	0	0	0	0	0	0	0	0	0	0	0	
Triqua	0	0	0	0	0	0	0	0	0	0	0	0	0	0	0	0	0	1	0	0	0	0	0	0	0	0	0	0	0	0	0	0	0	0	0	0	0	0	0	0	0	
N74	1.99288e-32	1.51197e-27	5.93544e-23	2.51362e-20	4.9357e-16	1.02834e-14	1.73373e-11	2.74376e-08	8.49214e-08	1.80862e-06	0.00284013	0.427735	0.00644407	1.18648e-05	3.8405e-07	9.15457e-05	0.00710546	0.541955	0.0132782	0.000533921	2.47395e-06	3.54286e-09	3.93888e-11	4.78701e-12	7.45508e-14	1.61027e-15	1.28954e-16	6.00844e-20	1.42918e-22	5.564e-25	1.89538e-28	3.6696e-31	1.41594e-34	1.02017e-37	4.91517e-40	1.43727e-41	2.67269e-44	8.11578e-47	9.50948e-49	1.0892e-50	3.10577e-53	
N75	6.97246e-32	6.43808e-27	3.1662e-22	4.6753e-20	2.02416e-15	7.98955e-15	2.24639e-11	5.28659e-08	1.9185e-08	1.28921e-07	0.000242472	0.0365686	0.000483957	7.63928e-07	1.06368e-07	5.96091e-05	0.0168842	0.915999	0.0294968	0.000263076	8.10038e-07	1.18358e-09	6.40943e-12	1.37378e-13	1.14136e-15	6.98425e-18	4.97947e-20	2.94703e-23	2.59347e-26	1.82357e-29	4.90398e-33	2.59774e-36	9.0066e-40	3.93486e-43	6.85518e-46	3.02494e-48	3.76609e-51	4.93961e-54	1.1677e-56	1.5506e-59	1.78917e-62	
Kinboe	0	0	0	0	0	0	0	0	0	0	0	0	0	0	0	0	0	1	0	0	0	0	0	0	0	0	0	0	0	0	0	0	0	0	0	0	0	0	0	0	0	
Kinfis	0	0	0	0	0	0	0	0	0	0	0	0	0	0	0	0	0	1	0	0	0	0	0	0	0	0	0	0	0	0	0	0	0	0	0	0	0	0	0	0	0	
Kinxen	0	0	0	0	0	0	0	0	0	0	0	0	0	0	0	0	0	1	0	0	0	0	0	0	0	0	0	0	0	0	0	0	0	0	0	0	0	0	0	0	0	
N76	4.54601e-40	5.51364e-36	2.65778e-30	5.65984e-26	6.88088e-21	7.00481e-18	3.77448e-14	1.03145e-10	3.08603e-09	8.34609e-07	0.0014422	0.988104	0.0104355	1.57721e-05	9.4847e-08	3.48936e-07	8.27282e-08	7.73996e-07	1.03522e-09	1.45436e-11	3.53491e-15	1.85187e-19	3.89347e-22	3.13532e-23	4.28823e-26	3.05747e-28	2.14378e-28	3.08952e-32	9.33266e-35	3.78682e-37	1.74238e-41	1.64645e-44	4.71718e-49	1.30486e-52	2.57852e-55	9.66406e-56	1.01232e-57	2.30723e-59	2.87637e-60	1.59132e-60	3.49137e-62	
N77	3.32793e-29	1.54039e-24	3.62044e-20	1.0769e-17	1.34947e-13	2.08949e-12	1.9458e-09	2.33382e-06	4.36746e-06	2.54033e-05	0.0115921	0.961447	0.0268098	0.000118773	5.97121e-07	4.20219e-08	2.02981e-09	6.13802e-11	7.24373e-14	7.64887e-17	4.53997e-20	1.65952e-23	3.67258e-26	6.54863e-28	4.93626e-30	2.75782e-32	2.39444e-34	9.0854e-38	6.88738e-41	4.27563e-44	9.34038e-48	5.27949e-51	1.54698e-54	6.20385e-58	1.44135e-60	1.18233e-62	2.45019e-65	4.53036e-68	1.98117e-70	5.01027e-73	7.92836e-76	
N78	2.26064e-33	1.40747e-27	3.91322e-22	3.61989e-20	9.95399e-15	7.12787e-15	5.52233e-11	6.73954e-07	5.65603e-08	1.59661e-07	0.00121276	0.994522	0.00426258	2.18427e-06	7.89751e-10	1.49867e-12	1.84197e-15	2.83663e-18	2.03581e-22	2.67798e-26	1.45362e-30	3.6474e-35	3.31552e-39	1.30421e-42	1.76286e-46	3.37314e-50	1.73601e-53	1.06384e-53	3.61049e-55	2.39143e-54	6.98598e-57	3.72107e-57	9.36293e-56	2.88833e-56	4.37675e-56	1.631e-54	1.52483e-52	2.57735e-52	8.26712e-52	1.79613e-51	2.87124e-51	
N79	8.79596e-38	2.18979e-31	2.40164e-25	3.89851e-23	4.59623e-17	2.25814e-17	5.4701e-13	1.54275e-08	6.25072e-10	4.67221e-09	0.000209283	0.999068	0.000722343	6.69883e-08	4.3128e-12	8.59279e-15	6.7506e-18	1.27436e-20	1.87322e-25	1.06554e-29	1.25461e-34	5.97331e-40	2.20616e-44	9.39535e-48	6.80099e-52	7.17234e-56	3.20404e-59	5.56171e-57	4.40769e-56	3.62411e-49	3.57816e-50	3.35593e-48	5.91069e-44	1.20124e-44	1.73285e-44	1.73564e-42	1.42888e-38	1.82948e-38	8.69221e-38	3.97183e-37	5.06165e-37	
N80	1.40591e-37	1.11934e-31	4.03028e-26	1.61504e-23	5.5269e-18	2.60535e-17	3.06079e-13	3.34558e-09	9.26779e-10	2.03807e-08	0.000410449	0.998589	0.00100044	1.42605e-07	1.61599e-11	3.73584e-13	1.5448e-15	3.67559e-17	1.02195e-21	2.71677e-25	6.88119e-30	7.26146e-35	1.62875e-38	1.13353e-40	5.63755e-44	4.59875e-47	3.20496e-49	2.75742e-54	2.74724e-58	5.23439e-62	4.07209e-67	4.03798e-71	3.8033e-76	1.27246e-80	3.8634e-84	1.47095e-86	1.63768e-90	2.82076e-94	2.56487e-97	4.09436e-100	6.32964e-104	
Chaafr	0	0	0	0	0	0	0	0	0	0	0	1	0	0	0	0	0	0	0	0	0	0	0	0	0	0	0	0	0	0	0	0	0	0	0	0	0	0	0	0	0	
Chacha	0	0	0	0	0	0	0	0	0	0	0	1	0	0	0	0	0	0	0	0	0	0	0	0	0	0	0	0	0	0	0	0	0	0	0	0	0	0	0	0	0	
N81	1.43464e-37	1.2758e-31	5.17212e-26	1.6576e-23	6.41171e-18	1.78493e-17	2.26195e-13	3.59774e-09	1.29495e-09	2.10192e-08	0.000420964	0.998608	0.00097122	1.36675e-07	1.68749e-11	2.33283e-13	7.53879e-16	9.73626e-18	2.73141e-22	4.93405e-26	1.21148e-30	1.30521e-35	2.3316e-39	9.16124e-42	3.52951e-45	2.04642e-48	7.091e-51	5.82596e-56	3.80382e-60	4.19716e-64	2.83308e-69	1.75516e-73	1.40505e-78	3.19993e-83	5.78741e-87	9.52604e-90	6.50057e-94	6.23234e-98	2.79046e-101	1.56673e-104	1.16005e-108	
Chacaly	0	0	0	0	0	0	0	0	0	0	0	1	0	0	0	0	0	0	0	0	0	0	0	0	0	0	0	0	0	0	0	0	0	0	0	0	0	0	0	0	0	
Chazey	0	0	0	0	0	0	0	0	0	0	0	1	0	0	0	0	0	0	0	0	0	0	0	0	0	0	0	0	0	0	0	0	0	0	0	0	0	0	0	0	0	
N82	5.83725e-33	1.19304e-27	1.07963e-22	4.09631e-20	2.48499e-15	2.9165e-14	9.94414e-11	2.70765e-07	3.07459e-08	3.84251e-07	0.00168888	0.993421	0.00488617	3.10684e-06	1.19461e-09	5.36689e-11	5.24857e-13	3.22294e-14	3.84191e-18	4.5623e-21	4.94923e-25	1.95469e-29	1.21624e-32	1.65087e-34	1.8495e-37	4.05187e-40	7.90673e-42	2.54821e-46	1.00765e-49	8.68821e-53	2.65086e-57	9.42049e-61	3.29655e-65	3.3219e-69	2.53239e-72	2.04659e-74	5.05083e-78	2.62711e-81	6.13689e-84	2.77429e-86	1.4255e-89	
Chadil	0	0	0	0	0	0	0	0	0	0	0	1	0	0	0	0	0	0	0	0	0	0	0	0	0	0	0	0	0	0	0	0	0	0	0	0	0	0	0	0	0	
Chasen	0	0	0	0	0	0	0	0	0	0	0	1	0	0	0	0	0	0	0	0	0	0	0	0	0	0	0	0	0	0	0	0	0	0	0	0	0	0	0	0	0	
Chanam	0	0	0	0	0	0	0	0	0	0	0	1	0	0	0	0	0	0	0	0	0	0	0	0	0	0	0	0	0	0	0	0	0	0	0	0	0	0	0	0	0	
N83	1.15571e-28	4.50566e-26	1.22856e-23	4.50542e-22	4.84071e-20	1.42897e-16	1.9855e-13	9.4739e-11	1.61725e-08	1.25909e-05	0.00399777	0.897031	0.0197293	0.00011589	2.14216e-06	9.83504e-05	0.000284165	0.0770072	0.00122834	0.000491396	1.73191e-06	9.96953e-10	2.9449e-11	7.24184e-11	2.47344e-12	7.0324e-13	3.34831e-11	9.59326e-14	1.22738e-14	2.68599e-15	2.73465e-18	1.00988e-19	4.96773e-23	2.7787e-25	1.13242e-26	2.22442e-26	1.78333e-28	2.7799e-30	2.14122e-31	1.43377e-31	1.9364e-33	
Riebrev	0	0	0	0	0	0	0	0	0	0	0	0	0	0	0	0	0	0	0	0	0	0	0	0	0	0	0	0	0	0	1	0	0	0	0	0	0	0	0	0	0	
N84	2.49187e-38	3.42457e-32	2.41021e-26	1.21123e-23	1.34784e-18	5.89496e-17	1.44111e-11	4.16789e-12	1.04204e-12	4.42146e-08	0.000586579	1.33181e-05	5.41591e-09	1.93182e-10	3.79136e-07	0.00119669	0.985897	0.0122981	8.12989e-06	3.17565e-09	5.65613e-13	4.71544e-17	7.76692e-21	3.03724e-24	5.87973e-28	1.12125e-31	2.18491e-35	7.02457e-40	2.89104e-44	1.22233e-48	2.10343e-53	1.0885e-52	5.31545e-55	2.22452e-57	2.49175e-58	7.15707e-56	6.39608e-58	8.15659e-60	1.54901e-61	1.85938e-63	6.23629e-64	
N85	5.13701e-50	2.74282e-42	5.46539e-35	1.73987e-31	3.75782e-25	7.63399e-23	1.83788e-16	1.12024e-17	6.76035e-18	9.4476e-12	2.91347e-06	5.66912e-09	8.76752e-14	1.55737e-15	5.11751e-10	6.91193e-05	0.999207	0.000720614	2.5048e-08	2.47243e-13	1.13845e-18	1.37537e-22	2.42625e-26	8.25196e-29	7.18961e-30	1.3062e-31	1.12117e-33	7.34519e-37	4.93237e-39	5.00988e-42	1.76348e-45	6.7773e-48	1.4155e-49	1.84872e-51	4.95228e-53	1.33939e-53	4.68044e-55	4.53115e-57	7.64891e-59	1.81765e-61	1.61165e-63	
N86	2.39215e-43	9.55627e-39	2.19055e-34	5.34748e-33	4.29937e-28	2.92612e-25	5.92323e-19	7.99889e-20	6.52016e-19	8.17271e-13	2.3934e-07	2.58793e-10	2.65112e-15	4.33957e-16	2.92122e-10	5.40208e-05	0.99958	0.000365446	8.57103e-09	5.31189e-14	1.54921e-19	6.52079e-22	7.06699e-25	1.91257e-26	9.80491e-29	1.2825e-32	4.71869e-37	7.61472e-41	1.15053e-41	8.29934e-43	8.06079e-47	3.34495e-49	1.09955e-49	3.11408e-51	1.53671e-52	3.03641e-52	7.8514e-53	1.17437e-54	3.31273e-56	2.07172e-59	2.70457e-61	
Braset	0	0	0	0	0	0	0	0	0	0	0	0	0	0	0	0	1	0	0	0	0	0	0	0	0	0	0	0	0	0	0	0	0	0	0	0	0	0	0	0	0	
N87	1.29676e-42	3.68404e-38	6.20714e-34	1.48156e-32	6.10168e-30	3.5764e-27	8.31337e-21	5.5647e-20	2.883e-19	1.05399e-13	8.7817e-09	5.19033e-12	4.93635e-16	7.84763e-15	1.93098e-09	0.000133858	0.999557	0.000308713	1.28301e-08	1.71584e-13	1.90105e-18	1.60222e-20	2.82414e-23	4.22095e-25	1.56385e-27	2.90205e-31	2.51885e-36	5.7078e-42	1.40221e-46	3.54261e-52	3.61863e-58	1.50503e-59	4.44406e-60	1.08579e-61	4.90745e-62	2.51389e-57	2.37695e-56	2.45717e-56	4.65815e-56	1.7991e-57	2.64867e-56	
N88	3.70692e-57	1.99675e-49	4.80508e-42	1.7309e-38	5.39922e-32	1.66791e-29	1.23829e-22	3.02444e-23	4.01668e-23	4.90343e-17	1.16608e-11	6.77391e-15	4.90988e-17	3.21247e-16	2.4048e-10	4.72215e-05	0.999867	8.59467e-05	1.04362e-09	4.22687e-15	2.03793e-20	8.47982e-24	1.31307e-27	5.35014e-31	4.77749e-35	4.86479e-40	3.88866e-46	5.58685e-53	1.08631e-59	7.39652e-38	2.86011e-39	1.6507e-39	1.91816e-38	4.52304e-38	1.45246e-37	2.22658e-36	7.57952e-36	8.25728e-36	1.41518e-35	1.40316e-36	1.11008e-36	
Bramel	0	0	0	0	0	0	0	0	0	0	0	0	0	0	0	0	1	0	0	0	0	0	0	0	0	0	0	0	0	0	0	0	0	0	0	0	0	0	0	0	0	
Bratha	0	0	0	0	0	0	0	0	0	0	0	0	0	0	0	0	1	0	0	0	0	0	0	0	0	0	0	0	0	0	0	0	0	0	0	0	0	0	0	0	0	
N89	1.66555e-54	2.33182e-47	1.68813e-40	8.47686e-37	8.90962e-31	3.76034e-28	8.66624e-22	1.41197e-21	3.32619e-21	1.14007e-15	8.28621e-11	4.89769e-14	1.08851e-15	1.0725e-14	2.42818e-09	0.000150054	0.999573	0.000277285	1.08481e-08	1.41059e-13	2.12425e-18	6.06104e-21	5.29373e-24	1.92532e-26	1.75645e-29	1.60025e-33	1.11266e-38	2.23177e-44	2.27922e-49	4.64777e-55	4.31694e-61	6.7631e-66	2.59537e-69	1.17199e-73	5.81257e-78	1.48423e-81	5.87541e-86	3.52898e-91	2.1692e-96	2.51143e-103	9.1915e-110	
Bradra	0	0	0	0	0	0	0	0	0	0	0	0	0	0	0	0	1	0	0	0	0	0	0	0	0	0	0	0	0	0	0	0	0	0	0	0	0	0	0	0	0	
Bratra	0	0	0	0	0	0	0	0	0	0	0	0	0	0	0	0	1	0	0	0	0	0	0	0	0	0	0	0	0	0	0	0	0	0	0	0	0	0	0	0	0	
N90	8.99237e-50	6.44724e-43	2.35807e-36	6.79361e-33	3.89728e-27	1.0112e-24	1.3271e-18	1.52659e-18	2.34716e-18	4.61029e-13	1.93785e-08	1.35587e-11	8.58671e-15	5.24905e-14	6.9689e-09	0.000253801	0.999267	0.000479202	3.24383e-08	7.29809e-13	1.83115e-17	3.82224e-20	3.55836e-23	9.3376e-26	6.32802e-29	6.3331e-33	7.50081e-38	2.60422e-43	3.10398e-48	1.05515e-53	1.66563e-59	2.81968e-64	7.84054e-68	3.90773e-72	2.06947e-76	3.80692e-80	1.146e-84	7.8283e-90	5.06471e-95	1.01668e-101	4.36646e-108	
Bragut	0	0	0	0	0	0	0	0	0	0	0	0	0	0	0	0	1	0	0	0	0	0	0	0	0	0	0	0	0	0	0	0	0	0	0	0	0	0	0	0	0	
Braven	0	0	0	0	0	0	0	0	0	0	0	0	0	0	0	0	1	0	0	0	0	0	0	0	0	0	0	0	0	0	0	0	0	0	0	0	0	0	0	0	0	
N91	3.60982e-42	5.81375e-36	4.42189e-30	6.98247e-27	6.71279e-22	6.42689e-20	7.60213e-15	1.0733e-14	2.26295e-14	1.20524e-09	1.55487e-05	9.09952e-08	1.47324e-11	2.36583e-12	8.16461e-08	0.000861259	0.996003	0.0031193	1.01903e-06	9.93764e-11	5.74883e-15	1.67028e-17	4.71742e-20	4.38725e-22	1.02236e-24	3.84808e-28	3.67604e-32	6.52931e-37	4.80773e-41	9.21003e-46	7.12115e-51	3.4855e-55	2.59118e-58	7.29352e-62	2.82051e-65	5.01519e-68	1.64649e-71	1.7654e-75	2.80883e-79	4.35723e-84	3.36788e-88	
Brapum	0	0	0	0	0	0	0	0	0	0	0	0	0	0	0	0	1	0	0	0	0	0	0	0	0	0	0	0	0	0	0	0	0	0	0	0	0	0	0	0	0	
Bradam	0	0	0	0	0	0	0	0	0	0	0	0	0	0	0	0	1	0	0	0	0	0	0	0	0	0	0	0	0	0	0	0	0	0	0	0	0	0	0	0	0	
