NODE	1	2	3	4	5	6	7	8	9	10	11	12	13	14	15	16	17	18	19	20	21	22	23	24	25	26	27	28	29	30	31	32	33	34	35	36	37	38	39	40	41	
N1	3.395e-43	2.68642e-40	1.96252e-37	1.20435e-34	6.12422e-32	2.54031e-29	8.43889e-27	2.19695e-24	4.36718e-22	6.42274e-20	6.72126e-18	4.76547e-16	2.14954e-14	5.67913e-13	7.86879e-12	4.93334e-11	1.17617e-10	1	3.4137e-11	5.32087e-12	4.28707e-13	1.9838e-14	5.73307e-16	1.10495e-17	1.49563e-19	1.48169e-21	1.11087e-23	6.47851e-26	3.00705e-28	1.13253e-30	3.51853e-33	9.14612e-36	2.01389e-38	3.79707e-41	6.18893e-44	8.79446e-47	1.09776e-49	1.21188e-52	1.19046e-55	1.04638e-58	8.61308e-62	
N2	1.74576e-45	4.13144e-42	1.32866e-38	3.93451e-35	9.90885e-32	2.03566e-28	3.32161e-25	4.20961e-22	4.04947e-19	2.88069e-16	1.46939e-13	5.17667e-11	1.20227e-08	1.73436e-06	0.000143603	0.0061088	0.112487	0.644982	0.21421	0.0211853	0.000864507	1.74227e-05	1.95417e-07	1.32909e-09	5.84694e-12	1.74955e-14	3.70683e-17	5.74663e-20	6.69876e-23	6.00787e-26	4.22764e-29	2.37391e-32	1.07947e-35	4.02695e-39	1.24687e-42	3.23948e-46	7.14182e-50	1.3551e-53	2.26566e-57	3.50506e-61	6.42473e-65	
N3	5.52811e-52	8.17484e-48	1.13224e-43	1.25734e-39	1.10173e-35	7.48239e-32	3.85781e-28	1.47382e-24	4.05396e-21	7.75665e-18	9.89863e-15	7.9968e-12	3.82775e-09	9.96036e-07	0.000125586	0.00654962	0.113121	0.475831	0.346588	0.055109	0.00262728	4.78962e-05	3.97984e-07	1.71311e-09	4.20305e-12	6.32439e-15	6.18188e-18	4.11057e-21	1.93075e-24	6.60966e-28	1.69315e-31	3.31908e-35	5.07614e-39	6.15936e-43	6.01745e-47	4.79515e-51	3.15295e-55	1.72836e-59	7.97215e-64	3.12056e-68	1.13282e-72	
N4	6.21908e-50	6.85173e-46	7.35241e-42	6.2936e-38	4.22092e-34	2.1779e-30	8.46586e-27	2.41927e-23	4.9382e-20	6.95688e-17	6.48936e-14	3.80891e-11	1.31987e-08	2.48915e-06	0.000229704	0.00899719	0.123233	0.455064	0.345037	0.0635929	0.00375463	8.81588e-05	9.64423e-07	5.52732e-09	1.81414e-11	3.65432e-14	4.7734e-17	4.22777e-20	2.63409e-23	1.19054e-26	4.00651e-30	1.02657e-33	2.04168e-37	3.20537e-41	4.03166e-45	4.11616e-49	3.45118e-53	2.40129e-57	1.3996e-61	6.89624e-66	3.21521e-70	
B3088	0	0	0	0	0	0	0	0	0	0	0	0	0	0	0	0	0	1	0	0	0	0	0	0	0	0	0	0	0	0	0	0	0	0	0	0	0	0	0	0	0	
N5	1.53747e-43	4.73001e-40	1.55565e-36	4.18588e-33	9.06305e-30	1.55431e-26	2.07354e-23	2.10695e-20	1.59077e-17	8.66478e-15	3.28577e-12	8.30311e-10	1.32368e-07	1.24114e-05	0.000624346	0.0148889	0.142042	0.431604	0.331636	0.0730739	0.00590127	0.000212328	3.92079e-06	4.12092e-08	2.6648e-10	1.12587e-12	3.25929e-15	6.71843e-18	1.01779e-20	1.1635e-23	1.02639e-26	7.12222e-30	3.95254e-33	1.77982e-36	6.58637e-40	2.02573e-43	5.23053e-47	1.14408e-50	2.13716e-54	3.43772e-58	5.53458e-62	
BGA709	0	0	0	0	0	0	0	0	0	0	0	0	0	0	0	0	0	1	0	0	0	0	0	0	0	0	0	0	0	0	0	0	0	0	0	0	0	0	0	0	0	
BGA309	0	0	0	0	0	0	0	0	0	0	0	0	0	0	0	0	0	1	0	0	0	0	0	0	0	0	0	0	0	0	0	0	0	0	0	0	0	0	0	0	0	
N6	3.35107e-55	7.34958e-51	1.50394e-46	2.48362e-42	3.25976e-38	3.34251e-34	2.62478e-30	1.54206e-26	6.59254e-23	1.98358e-19	4.03209e-16	5.2613e-13	4.12759e-10	1.78557e-07	3.78278e-05	0.00330859	0.0920018	0.529611	0.33842	0.0355928	0.00101697	1.07944e-05	5.20874e-08	1.31197e-10	1.90509e-13	1.7179e-16	1.01887e-19	4.15978e-23	1.2131e-26	2.60516e-30	4.22653e-34	5.29371e-38	5.21498e-42	4.10651e-46	2.6215e-50	1.37369e-54	5.9742e-59	2.17771e-63	6.71253e-68	1.76378e-72	4.29061e-77	
N7	1.18227e-47	6.72507e-44	3.79877e-40	1.76552e-36	6.65884e-33	2.00733e-29	4.75236e-26	8.65703e-23	1.18434e-19	1.18199e-16	8.30571e-14	3.93169e-11	1.18493e-08	2.11038e-06	0.00020051	0.00876327	0.13996	0.552277	0.267525	0.030083	0.00116992	2.00923e-05	1.78653e-07	9.17858e-10	2.95057e-12	6.30225e-15	9.37282e-18	1.00757e-20	8.07181e-24	4.9429e-27	2.36376e-30	8.99037e-34	2.76292e-37	6.95601e-41	1.45217e-44	2.541e-48	3.76258e-52	4.75551e-56	5.17023e-60	4.87023e-64	4.42176e-68	
B11696	0	0	0	0	0	0	0	0	0	0	0	0	0	0	0	0	0	1	0	0	0	0	0	0	0	0	0	0	0	0	0	0	0	0	0	0	0	0	0	0	0	
B11609	0	0	0	0	0	0	0	0	0	0	0	0	0	0	0	0	0	1	0	0	0	0	0	0	0	0	0	0	0	0	0	0	0	0	0	0	0	0	0	0	0	
N8	5.1893e-62	6.52136e-60	7.17764e-55	6.66852e-50	4.7653e-45	2.57019e-40	1.02322e-35	2.92776e-31	5.83042e-27	7.76913e-23	6.59611e-19	3.35321e-15	9.41471e-12	1.31014e-08	7.77321e-06	0.0015793	0.0785965	0.569762	0.326443	0.0232608	0.000349131	1.59808e-06	2.85824e-09	2.36996e-12	1.02991e-15	2.56974e-19	3.94802e-23	3.94571e-27	2.68074e-31	1.28341e-35	4.46029e-40	1.15357e-44	2.2675e-49	3.44873e-54	4.12344e-59	3.10436e-63	2.74937e-64	1.75209e-65	6.67602e-67	1.41796e-68	1.58824e-70	
N9	1.74889e-62	2.60921e-58	2.21148e-53	1.47219e-48	7.58022e-44	2.96619e-39	8.63886e-35	1.82645e-30	2.7197e-26	2.74845e-22	1.79973e-18	7.1994e-15	1.62922e-11	1.88081e-08	9.58381e-06	0.00174244	0.0811987	0.572415	0.321509	0.0227727	0.000350449	1.70813e-06	3.37479e-09	3.19438e-12	1.63073e-15	4.89975e-19	9.26106e-23	1.15994e-26	1.00356e-30	6.20345e-35	2.81703e-39	9.61817e-44	2.51786e-48	5.13842e-53	9.178e-58	3.11577e-59	7.08045e-60	1.00025e-60	8.31437e-62	3.76958e-63	8.82386e-65	
N10	3.02768e-50	2.62701e-46	2.24053e-42	1.56668e-38	8.85543e-35	3.98388e-31	1.4011e-27	3.77192e-24	7.58133e-21	1.104e-17	1.12265e-14	7.61308e-12	3.24505e-09	8.03772e-07	0.000103794	0.00596579	0.119258	0.547472	0.29601	0.0302177	0.00095915	1.26744e-05	8.35954e-08	3.10804e-10	7.10273e-13	1.0641e-15	1.09834e-18	8.12464e-22	4.44695e-25	1.84921e-28	5.9732e-32	1.52728e-35	3.14172e-39	5.27327e-43	7.31178e-47	8.46709e-51	8.26848e-55	6.86854e-59	4.89143e-63	3.00804e-67	1.76859e-71	
B983	0	0	0	0	0	0	0	0	0	0	0	0	0	0	0	0	0	1	0	0	0	0	0	0	0	0	0	0	0	0	0	0	0	0	0	0	0	0	0	0	0	
B11604	0	0	0	0	0	0	0	0	0	0	0	0	0	0	0	0	0	1	0	0	0	0	0	0	0	0	0	0	0	0	0	0	0	0	0	0	0	0	0	0	0	
N11	6.14399e-52	6.74004e-48	7.10653e-44	6.15967e-40	4.32961e-36	2.43047e-32	1.07053e-28	3.62388e-25	9.19934e-22	1.70026e-18	2.2066e-15	1.92173e-12	1.05942e-09	3.42047e-07	5.80327e-05	0.00440597	0.115348	0.639243	0.225117	0.0154807	0.000344497	3.28271e-06	1.59349e-08	4.42814e-11	7.65609e-14	8.76372e-17	6.96825e-20	3.9984e-23	1.70785e-26	5.57144e-30	1.41848e-33	2.87089e-37	4.69284e-41	6.28178e-45	6.96989e-49	6.47924e-53	5.09482e-57	3.4179e-61	1.97135e-65	9.84505e-70	4.65028e-74	
BGAA1	0	0	0	0	0	0	0	0	0	0	0	0	0	0	0	0	0	1	0	0	0	0	0	0	0	0	0	0	0	0	0	0	0	0	0	0	0	0	0	0	0	
BGA584	0	0	0	0	0	0	0	0	0	0	0	0	0	0	0	0	0	1	0	0	0	0	0	0	0	0	0	0	0	0	0	0	0	0	0	0	0	0	0	0	0	
N12	3.533e-50	2.97769e-46	2.44134e-42	1.64597e-38	9.00128e-35	3.93214e-31	1.34805e-27	3.55252e-24	7.02218e-21	1.01088e-17	1.02219e-14	6.94002e-12	2.98523e-09	7.53188e-07	0.000100157	0.00599795	0.125904	0.592285	0.252999	0.0220761	0.000629897	7.72193e-06	4.82827e-08	1.72907e-10	3.85304e-13	5.6845e-16	5.82524e-19	4.30763e-22	2.37108e-25	9.96794e-29	3.27049e-32	8.53063e-36	1.79731e-39	3.10137e-43	4.43673e-47	5.319e-51	5.3954e-55	4.67072e-59	3.47761e-63	2.24292e-67	1.37791e-71	
BGA303	0	0	0	0	0	0	0	0	0	0	0	0	0	0	0	0	0	1	0	0	0	0	0	0	0	0	0	0	0	0	0	0	0	0	0	0	0	0	0	0	0	
BGAB1	0	0	0	0	0	0	0	0	0	0	0	0	0	0	0	0	0	1	0	0	0	0	0	0	0	0	0	0	0	0	0	0	0	0	0	0	0	0	0	0	0	
PGA445	0	0	0	0	0	0	0	0	0	0	0	0	0	0	0	0	0	1	0	0	0	0	0	0	0	0	0	0	0	0	0	0	0	0	0	0	0	0	0	0	0	
N13	1.16243e-52	9.08288e-48	5.87762e-43	2.69501e-38	8.48398e-34	1.76552e-29	2.31944e-25	1.82047e-21	8.01073e-18	1.84755e-14	2.10016e-11	1.12319e-08	2.72567e-06	0.000286515	0.0119642	0.167137	0.556551	0.259251	0.00479049	1.66011e-05	1.82974e-08	8.58566e-12	2.04693e-15	2.78609e-19	2.34941e-23	1.30342e-27	4.98029e-32	1.35871e-36	2.72728e-41	4.14706e-46	4.98427e-51	5.20565e-56	5.72461e-61	7.67235e-66	1.11377e-70	6.03513e-74	3.44222e-74	1.07621e-74	1.60521e-75	9.85992e-77	2.21506e-78	
N14	1.57024e-28	1.95149e-25	2.91075e-22	3.13425e-19	2.27166e-16	1.06283e-13	3.07061e-11	5.21726e-09	4.95457e-07	2.50778e-05	0.000653187	0.00862156	0.0576989	0.196495	0.337748	0.282145	0.103534	0.0128287	0.000248374	1.84307e-06	6.91259e-09	1.5064e-11	2.07872e-14	1.92759e-17	1.25531e-20	5.94177e-24	2.10156e-27	5.68297e-31	1.19788e-34	2.00101e-38	2.6874e-42	2.93859e-46	2.64556e-50	1.98057e-54	1.24404e-58	6.60914e-63	2.99156e-67	1.16139e-71	3.89073e-76	1.13181e-80	3.17206e-85	
Rhaspe	0	0	0	0	0	0	0	0	0	1	0	0	0	0	0	0	0	0	0	0	0	0	0	0	0	0	0	0	0	0	0	0	0	0	0	0	0	0	0	0	0	
N15	6.47712e-25	3.18406e-22	1.91739e-19	8.69429e-17	2.78153e-14	6.05523e-12	8.63055e-10	7.71665e-08	4.135e-06	0.000126982	0.00215298	0.0196887	0.09608	0.24828	0.33392	0.223996	0.0680566	0.0075035	0.000188803	2.07098e-06	1.2472e-08	4.65291e-11	1.15994e-13	2.03686e-16	2.62013e-19	2.54553e-22	1.91425e-25	1.13707e-28	5.42687e-32	2.11158e-35	6.78318e-39	1.81887e-42	4.11078e-46	7.89838e-50	1.30012e-53	1.84612e-57	2.2755e-61	2.44843e-65	2.31171e-69	1.92669e-73	1.65666e-77	
Rhamar	0	0	0	0	0	0	0	0	0	1	0	0	0	0	0	0	0	0	0	0	0	0	0	0	0	0	0	0	0	0	0	0	0	0	0	0	0	0	0	0	0	
Rhatem	0	0	0	0	0	0	0	0	0	0	1	0	0	0	0	0	0	0	0	0	0	0	0	0	0	0	0	0	0	0	0	0	0	0	0	0	0	0	0	0	0	
N16	1.51997e-57	2.56501e-56	1.60373e-51	3.16506e-46	4.43178e-41	4.27155e-36	2.73006e-31	1.1043e-26	2.66656e-22	3.57242e-18	2.42465e-14	7.46885e-11	9.18198e-08	3.87608e-05	0.00466299	0.125471	0.558676	0.298602	0.0124585	9.1403e-05	1.76447e-07	1.17181e-10	3.24403e-14	4.31571e-18	3.07225e-22	1.27118e-26	3.26086e-31	5.45749e-36	6.20744e-41	4.95896e-46	2.85795e-51	1.42107e-56	9.45018e-59	2.32895e-60	2.97766e-62	7.01927e-63	6.51581e-61	2.01323e-59	1.93019e-58	5.57561e-58	4.89175e-58	
N17	3.94556e-51	1.72245e-46	6.46138e-42	1.8372e-37	3.86406e-33	5.83996e-29	6.12335e-25	4.26494e-21	1.86783e-17	4.79011e-14	6.54336e-11	4.19079e-08	1.0732e-05	0.000981799	0.0295272	0.256835	0.518966	0.182346	0.0111595	0.000172993	9.16157e-07	2.04899e-09	2.24912e-12	1.35196e-15	4.83237e-19	1.09463e-22	1.65279e-26	1.73282e-30	1.30466e-34	7.25531e-39	3.05191e-43	9.91037e-48	2.52843e-52	5.14644e-57	8.47022e-62	1.14069e-66	1.27026e-71	1.18075e-76	9.23869e-82	6.1314e-87	3.64234e-92	
N18	2.82816e-37	1.22044e-33	5.20462e-30	1.7177e-26	4.27393e-23	7.79379e-20	1.00605e-16	8.79845e-14	4.92357e-11	1.63107e-08	2.86032e-06	0.000223777	0.00607875	0.0616122	0.250518	0.404673	0.235048	0.0399116	0.00189686	3.40263e-05	2.86703e-07	1.30804e-09	3.56318e-12	6.22248e-15	7.35268e-18	6.13314e-21	3.73674e-24	1.71024e-27	6.01954e-31	1.66208e-34	3.66216e-38	6.53514e-42	9.56824e-46	1.16261e-49	1.18431e-53	1.02062e-57	7.5019e-62	4.7378e-66	2.58809e-70	1.23105e-74	5.68712e-79	
FGA379	0	0	0	0	0	0	0	0	0	0	0	0	0	0	0	0	1	0	0	0	0	0	0	0	0	0	0	0	0	0	0	0	0	0	0	0	0	0	0	0	0	
N19	9.57669e-33	3.38172e-29	1.16484e-25	3.01728e-22	5.68776e-19	7.52985e-16	6.69679e-13	3.77926e-10	1.25442e-07	2.20308e-05	0.00174822	0.0481008	0.258822	0.403488	0.229805	0.0528668	0.0049639	0.000180268	2.56632e-06	1.69765e-08	6.02727e-11	1.27337e-13	1.72497e-16	1.58455e-19	1.03072e-22	4.91438e-26	1.76648e-29	4.90015e-33	1.06987e-36	1.86979e-40	2.65419e-44	3.09935e-48	3.01078e-52	2.45738e-56	1.70022e-60	1.00533e-64	5.13854e-69	2.42123e-73	1.57037e-77	2.3337e-81	5.14742e-85	
N20	1.11951e-37	1.9366e-33	2.94052e-29	3.23014e-25	2.4815e-21	1.27937e-17	4.1965e-14	8.15392e-11	8.48987e-08	4.07208e-05	0.00694989	0.241702	0.511079	0.215874	0.0235362	0.000808283	9.89898e-06	4.72499e-08	9.89574e-11	1.03773e-13	6.06742e-17	2.14627e-20	4.8873e-24	7.51572e-28	8.10528e-32	6.31781e-36	3.6475e-40	1.59134e-44	5.33961e-49	1.15416e-51	1.45505e-51	1.10858e-51	4.72416e-52	1.02e-52	9.54934e-54	3.00036e-55	2.14091e-57	3.81047e-60	5.33066e-63	6.75603e-66	8.33072e-69	
N21	6.81074e-41	3.94508e-36	1.8874e-31	6.19829e-27	1.33722e-22	1.79602e-18	1.3994e-14	5.7485e-11	1.08741e-07	7.73261e-05	0.0148546	0.421673	0.480889	0.0796963	0.00278395	2.58441e-05	7.55481e-08	8.05842e-11	3.68094e-14	8.31745e-18	1.03895e-21	7.79697e-26	3.74457e-30	1.20841e-34	2.7231e-39	4.41896e-44	5.29451e-49	4.78038e-54	3.34634e-59	1.69307e-61	4.69915e-62	8.83914e-63	5.52387e-61	1.40458e-58	1.25323e-56	2.95113e-55	1.18763e-54	6.17435e-55	1.37115e-55	1.56223e-56	1.14274e-57	
F3015	0	0	0	0	0	0	0	0	0	0	1	0	0	0	0	0	0	0	0	0	0	0	0	0	0	0	0	0	0	0	0	0	0	0	0	0	0	0	0	0	0	
N22	1.55079e-41	1.13501e-36	6.77407e-32	2.75989e-27	7.34062e-23	1.20554e-18	1.13522e-14	5.53728e-11	1.20972e-07	9.50392e-05	0.0188323	0.507833	0.430207	0.0422931	0.000735817	3.04585e-06	3.85987e-09	1.87262e-12	4.18679e-16	4.94541e-20	3.40606e-24	1.47071e-28	4.20491e-33	8.30274e-38	1.17022e-42	1.20871e-47	9.34495e-53	5.50161e-58	2.5011e-63	1.03068e-68	1.86298e-68	5.03999e-65	6.25565e-62	3.04618e-59	4.69748e-57	1.62636e-55	6.65478e-55	1.88088e-55	2.00791e-56	1.27826e-57	6.75194e-59	
N23	1.60908e-41	9.72972e-37	4.84921e-32	1.70311e-27	4.05196e-23	6.21227e-19	5.74342e-15	2.92201e-11	7.16423e-08	6.88315e-05	0.0180363	0.581569	0.37712	0.0229844	0.00022161	5.33293e-07	4.54031e-10	1.72411e-13	3.40526e-17	3.89084e-21	2.77706e-25	1.31121e-29	4.27975e-34	9.99573e-39	1.71727e-43	2.21914e-48	2.19676e-53	1.69107e-58	1.02499e-63	5.45215e-69	9.57484e-71	1.10343e-71	7.34128e-73	2.58058e-74	4.21363e-76	2.6582e-78	5.32852e-81	3.96899e-84	1.4799e-87	3.94732e-91	9.5482e-95	
N24	1.95931e-47	1.90531e-43	8.04614e-38	2.27274e-32	4.08648e-27	4.42618e-22	2.67371e-17	8.05383e-13	1.01881e-08	4.06313e-05	0.0292237	0.780002	0.188719	0.00201237	2.36162e-06	6.39135e-10	6.00521e-14	2.48527e-18	5.26615e-23	6.32262e-28	4.61974e-33	2.16407e-38	1.17454e-43	3.47207e-46	3.25425e-49	9.34124e-53	1.82144e-56	2.95842e-60	4.11066e-64	4.92741e-68	5.12989e-72	4.66537e-76	3.72485e-80	2.62848e-84	2.85342e-88	1.02068e-90	3.25175e-93	4.85204e-96	4.18284e-99	2.44217e-102	1.13921e-105	
N25	7.27093e-43	2.41983e-40	4.46288e-35	5.8117e-30	4.77209e-25	2.35469e-20	6.51218e-16	9.10693e-12	5.48695e-08	0.000108632	0.0417943	0.779835	0.176406	0.00185367	2.51937e-06	9.27209e-10	1.32648e-13	9.05992e-18	3.3582e-22	7.35539e-27	1.00984e-31	9.06124e-37	1.1706e-41	3.77401e-43	3.82741e-45	4.18116e-48	2.56562e-51	1.30337e-54	5.67672e-58	2.85505e-61	2.32322e-60	5.06625e-59	7.04479e-58	5.68998e-57	2.2865e-56	3.35895e-56	6.75492e-57	4.44403e-58	1.96861e-59	7.90281e-61	3.141e-62	
F1476	0	0	0	0	0	0	0	0	0	0	1	0	0	0	0	0	0	0	0	0	0	0	0	0	0	0	0	0	0	0	0	0	0	0	0	0	0	0	0	0	0	
N26	6.03988e-44	8.38795e-39	9.1602e-34	6.92999e-29	3.48753e-24	1.10733e-19	2.06477e-15	2.04325e-11	9.21737e-08	0.000147432	0.0509006	0.758223	0.1873	0.00341987	9.02061e-06	6.59142e-09	1.87732e-12	2.54819e-16	1.87811e-20	8.22826e-25	2.28857e-29	4.24594e-34	5.45892e-39	5.01161e-44	3.36513e-49	1.69127e-54	6.93564e-60	4.62251e-65	1.30303e-69	2.44284e-69	1.86555e-65	7.17721e-62	1.10649e-58	5.61551e-56	6.77788e-54	1.06535e-52	6.06484e-53	3.71643e-54	1.62334e-55	6.72799e-57	2.76135e-58	
Furcep	0	0	0	0	0	0	0	0	0	0	0	0	0	1	0	0	0	0	0	0	0	0	0	0	0	0	0	0	0	0	0	0	0	0	0	0	0	0	0	0	0	
N27	3.70911e-39	1.74285e-34	6.66692e-30	1.78014e-25	3.18347e-21	3.61576e-17	2.42897e-13	8.73536e-10	1.45003e-06	0.000871746	0.11841	0.74568	0.133146	0.00188568	5.29986e-06	5.09111e-09	2.19025e-12	4.95772e-16	6.56932e-20	5.49562e-24	3.06965e-28	1.19503e-32	3.35383e-37	6.97163e-42	1.0973e-46	1.33165e-51	1.2649e-56	9.52278e-62	5.74179e-67	6.19e-72	2.06673e-72	8.3237e-73	2.11577e-73	3.16408e-74	2.4873e-75	8.38876e-77	7.64603e-79	7.38838e-82	3.63501e-85	1.54272e-88	6.26105e-92	
Furpol	0	0	0	0	0	0	0	0	0	0	0	1	0	0	0	0	0	0	0	0	0	0	0	0	0	0	0	0	0	0	0	0	0	0	0	0	0	0	0	0	0	
N28	5.97129e-35	1.306e-30	2.34062e-26	2.94524e-22	2.48708e-18	1.3299e-14	4.16601e-11	6.85149e-08	5.0116e-05	0.0123094	0.563889	0.403144	0.0204551	0.000151854	3.45026e-07	3.32219e-10	1.63038e-13	4.59413e-17	8.07959e-21	9.43194e-25	7.66302e-29	4.49852e-33	1.96704e-37	6.56969e-42	1.7117e-46	3.54204e-51	5.91195e-56	8.06645e-61	9.10351e-66	8.58638e-71	6.83095e-76	4.62155e-81	2.67875e-86	1.33906e-91	5.80766e-97	2.1974e-102	7.291e-108	2.14207e-113	5.97294e-119	2.41178e-124	2.45424e-129	
N29	1.30345e-35	3.7461e-31	8.65492e-27	1.39775e-22	1.50602e-18	1.01896e-14	3.98827e-11	8.03279e-08	6.95079e-05	0.0188747	0.808086	0.170178	0.00278249	9.57799e-06	1.15383e-08	6.32964e-12	1.85305e-15	3.21761e-19	3.57254e-23	2.68303e-27	1.42359e-31	5.52467e-36	1.61305e-40	3.6272e-45	6.40646e-50	9.03793e-55	1.03321e-59	9.69214e-65	7.54267e-70	4.91705e-75	2.70819e-80	1.2699e-85	5.10442e-91	1.76962e-96	5.32084e-102	1.39454e-107	3.20043e-113	6.45829e-119	1.15026e-124	1.81447e-130	2.61166e-136	
F2241	0	0	0	0	0	0	0	0	0	0	1	0	0	0	0	0	0	0	0	0	0	0	0	0	0	0	0	0	0	0	0	0	0	0	0	0	0	0	0	0	0	
Furang	0	0	0	0	0	0	0	0	0	0	1	0	0	0	0	0	0	0	0	0	0	0	0	0	0	0	0	0	0	0	0	0	0	0	0	0	0	0	0	0	0	
FGA490	0	0	0	0	0	0	0	0	0	0	1	0	0	0	0	0	0	0	0	0	0	0	0	0	0	0	0	0	0	0	0	0	0	0	0	0	0	0	0	0	0	
N30	4.34429e-43	5.3856e-38	5.13942e-33	3.40667e-28	1.50009e-23	4.14216e-19	6.63925e-15	5.5444e-11	2.05345e-07	0.000259055	0.0669252	0.845313	0.0870227	0.000479393	5.42436e-07	2.08642e-10	3.55114e-14	3.14301e-18	1.61228e-22	5.18012e-27	1.10464e-31	1.63511e-36	1.74075e-41	1.37174e-46	8.19243e-52	3.78192e-57	1.37206e-62	3.96754e-68	9.25545e-74	1.76002e-79	2.75287e-85	3.56934e-91	3.86248e-97	3.50894e-103	2.6899e-109	1.74767e-115	9.66042e-122	4.5577e-128	1.84029e-134	6.37365e-141	1.92943e-147	
N31	8.00725e-42	6.65815e-37	4.45409e-32	2.09079e-27	6.59449e-23	1.32197e-18	1.56363e-14	9.83379e-11	2.81601e-07	0.000284811	0.0625699	0.855901	0.0807461	0.000497119	6.56233e-07	3.04832e-10	6.44734e-14	7.26024e-18	4.83257e-22	2.04852e-26	5.84665e-31	1.17287e-35	1.71111e-40	1.86629e-45	1.55676e-50	1.01214e-55	5.21182e-61	2.1547e-66	7.23624e-72	1.99412e-77	4.54888e-83	8.65527e-89	1.38282e-94	1.86585e-100	2.13701e-106	2.08672e-112	1.74385e-118	1.2514e-124	7.74103e-131	4.17689e-137	2.16688e-143	
N32	2.14128e-47	6.35321e-42	1.41747e-36	2.18504e-31	2.23057e-26	1.42707e-21	5.31457e-17	1.03911e-12	9.15543e-09	2.83967e-05	0.0194929	0.866229	0.113261	0.000987633	1.05392e-06	3.10433e-10	3.60934e-14	2.0265e-18	6.25208e-23	1.15906e-27	1.37823e-32	1.10439e-37	6.19742e-43	2.51102e-48	7.5294e-54	1.70489e-59	2.96397e-65	4.01115e-71	4.27423e-77	1.84774e-82	7.6478e-84	2.52613e-85	5.08384e-87	5.77197e-89	3.27397e-91	7.49737e-94	4.43825e-97	2.77146e-101	1.33383e-105	5.77842e-110	2.30222e-114	
N33	1.79893e-43	1.7893e-38	1.40777e-33	7.80452e-29	2.9346e-24	7.12403e-20	1.04544e-15	8.46467e-12	3.30735e-08	5.03966e-05	0.0203578	0.888958	0.0899947	0.000638591	9.30983e-07	4.65773e-10	1.04379e-13	1.23031e-17	8.4841e-22	3.69011e-26	1.07013e-30	2.15882e-35	3.13187e-40	3.35505e-45	2.71143e-50	1.6822e-55	8.12706e-61	3.09336e-66	9.36449e-72	2.44672e-76	1.15329e-76	3.77669e-77	7.31494e-78	7.60815e-79	3.62312e-80	5.8265e-82	1.42926e-84	5.1976e-88	1.27825e-91	2.84706e-95	6.00745e-99	
N34	6.04163e-41	2.92298e-36	1.15175e-31	3.28186e-27	6.51175e-23	8.57614e-19	7.04176e-15	3.30958e-11	7.87301e-08	7.82248e-05	0.0230613	0.921338	0.0551704	0.0003518	6.01087e-07	4.05948e-10	1.34078e-13	2.47611e-17	2.80282e-21	2.07891e-25	1.06292e-29	3.89785e-34	1.05845e-38	2.1847e-43	3.50316e-48	4.44506e-53	4.53406e-58	3.76874e-63	2.58317e-68	1.47527e-73	7.08497e-79	2.88467e-84	1.00301e-89	2.99777e-95	7.74688e-101	1.74017e-106	3.41416e-112	5.87802e-118	8.94743e-124	1.24556e-129	1.96829e-135	
FGA456	0	0	0	0	0	0	0	0	0	0	0	1	0	0	0	0	0	0	0	0	0	0	0	0	0	0	0	0	0	0	0	0	0	0	0	0	0	0	0	0	0	
FGA513	0	0	0	0	0	0	0	0	0	0	0	1	0	0	0	0	0	0	0	0	0	0	0	0	0	0	0	0	0	0	0	0	0	0	0	0	0	0	0	0	0	
F12278	0	0	0	0	0	0	0	0	0	0	0	1	0	0	0	0	0	0	0	0	0	0	0	0	0	0	0	0	0	0	0	0	0	0	0	0	0	0	0	0	0	
N35	4.54977e-41	1.73864e-36	5.5395e-32	1.30046e-27	2.17379e-23	2.47854e-19	1.8237e-15	8.038e-12	1.91013e-08	2.08448e-05	0.00792626	0.576409	0.380834	0.0346187	0.000190047	3.04613e-07	2.08615e-10	7.40389e-14	1.53459e-17	2.01625e-21	1.78301e-25	1.11101e-29	5.05761e-34	1.73204e-38	4.57155e-43	9.49044e-48	1.57665e-52	2.12755e-57	2.36233e-62	2.18298e-67	1.69577e-72	1.11729e-77	6.29382e-83	3.05302e-88	1.28359e-93	4.70501e-99	1.51167e-104	4.27801e-110	1.07117e-115	2.38289e-121	4.87426e-127	
Furant	0	0	0	0	0	0	0	0	0	0	0	1	0	0	0	0	0	0	0	0	0	0	0	0	0	0	0	0	0	0	0	0	0	0	0	0	0	0	0	0	0	
FGA331	0	0	0	0	0	0	0	0	0	0	0	0	0	1	0	0	0	0	0	0	0	0	0	0	0	0	0	0	0	0	0	0	0	0	0	0	0	0	0	0	0	
FGA465	0	0	0	0	0	0	0	0	0	0	1	0	0	0	0	0	0	0	0	0	0	0	0	0	0	0	0	0	0	0	0	0	0	0	0	0	0	0	0	0	0	
N36	9.93756e-37	3.09219e-32	7.80357e-28	1.38027e-23	1.63626e-19	1.22733e-15	5.39269e-12	1.2454e-08	1.28401e-05	0.00449541	0.306891	0.659716	0.0287078	0.000176621	3.22336e-07	2.44037e-10	9.27502e-14	2.00111e-17	2.67024e-21	2.34718e-25	1.42637e-29	6.22501e-34	2.01197e-38	4.93925e-43	9.40656e-48	1.4148e-52	1.70646e-57	1.67249e-62	1.34737e-67	9.01222e-73	5.04946e-78	2.38853e-83	9.60537e-89	3.30439e-94	9.77855e-100	2.50162e-105	5.5574e-111	1.07637e-116	1.82412e-122	2.71362e-128	3.66012e-134	
FGA99	0	0	0	0	0	0	0	0	0	0	1	0	0	0	0	0	0	0	0	0	0	0	0	0	0	0	0	0	0	0	0	0	0	0	0	0	0	0	0	0	0	
N37	1.55493e-36	4.52964e-32	1.07277e-27	1.79036e-23	2.01494e-19	1.44491e-15	6.119e-12	1.37517e-08	1.39595e-05	0.00488247	0.338487	0.636266	0.0202433	0.000106997	1.79083e-07	1.28935e-10	4.77275e-14	1.02052e-17	1.36793e-21	1.22122e-25	7.60711e-30	3.4303e-34	1.15365e-38	2.96563e-43	5.94838e-48	9.47323e-53	1.21594e-57	1.27427e-62	1.10267e-67	7.95735e-73	4.83088e-78	2.4865e-83	1.09259e-88	4.12403e-94	1.34458e-99	3.8055e-105	9.39183e-111	2.02934e-116	3.85309e-122	6.4497e-128	9.83254e-134	
FGA15	0	0	0	0	0	0	0	0	0	0	1	0	0	0	0	0	0	0	0	0	0	0	0	0	0	0	0	0	0	0	0	0	0	0	0	0	0	0	0	0	0	
FGA581	0	0	0	0	0	0	0	0	0	0	0	1	0	0	0	0	0	0	0	0	0	0	0	0	0	0	0	0	0	0	0	0	0	0	0	0	0	0	0	0	0	
FGA104	0	0	0	0	0	0	0	0	0	0	0	0	1	0	0	0	0	0	0	0	0	0	0	0	0	0	0	0	0	0	0	0	0	0	0	0	0	0	0	0	0	
FGA489	0	0	0	0	0	0	0	0	0	0	1	0	0	0	0	0	0	0	0	0	0	0	0	0	0	0	0	0	0	0	0	0	0	0	0	0	0	0	0	0	0	
FGA174	0	0	0	0	0	0	0	0	0	0	0	0	0	1	0	0	0	0	0	0	0	0	0	0	0	0	0	0	0	0	0	0	0	0	0	0	0	0	0	0	0	
FurbGB	0	0	0	0	0	0	0	0	0	0	0	1	0	0	0	0	0	0	0	0	0	0	0	0	0	0	0	0	0	0	0	0	0	0	0	0	0	0	0	0	0	
N38	2.70536e-50	7.10775e-46	1.71781e-41	3.21744e-37	4.5678e-33	4.79534e-29	3.61383e-25	1.88568e-21	6.51454e-18	1.40805e-14	1.76959e-11	1.17423e-08	3.62342e-06	0.000444559	0.0182824	0.208096	0.519799	0.232087	0.0207682	0.000515572	4.62708e-06	1.81856e-08	3.59549e-11	3.96225e-14	2.63114e-17	1.11882e-20	3.19765e-24	6.38902e-28	9.21876e-32	9.87073e-36	8.02533e-40	5.05326e-44	2.50652e-48	9.94023e-53	3.19297e-57	8.40324e-62	1.83051e-66	3.33048e-71	5.10249e-76	6.63338e-81	8.00143e-86	
N39	6.93817e-46	5.86363e-42	4.7575e-38	3.07775e-34	1.55924e-30	6.06272e-27	1.76685e-23	3.75187e-20	5.61009e-17	5.6636e-14	3.66131e-11	1.41572e-08	2.99088e-06	0.00030492	0.0125867	0.163977	0.492818	0.288917	0.0396501	0.00171327	2.96158e-05	2.43357e-07	1.07616e-09	2.80654e-12	4.6272e-15	5.09159e-18	3.90447e-21	2.1614e-24	8.89277e-28	2.7868e-31	6.79187e-35	1.31062e-38	2.03387e-42	2.57307e-46	2.68588e-50	2.3381e-54	1.71368e-58	1.06662e-62	5.6815e-67	2.6087e-71	1.13788e-75	
N40	5.38788e-51	9.96731e-47	1.76077e-42	2.48848e-38	2.76728e-34	2.37691e-30	1.54276e-26	7.3705e-23	2.5102e-19	5.85675e-16	8.89893e-13	8.23762e-10	4.23886e-07	0.000106002	0.0103517	0.256191	0.564587	0.159147	0.00944157	0.000173292	1.28076e-06	4.55464e-09	8.82648e-12	1.0203e-14	7.53006e-18	3.73997e-21	1.3034e-24	3.29703e-28	6.22448e-32	8.97704e-36	1.00872e-39	8.98115e-44	6.42879e-48	3.74673e-52	1.79766e-56	7.17004e-61	2.39794e-65	6.77618e-70	1.62986e-74	3.59355e-79	2.28708e-83	
CGA312	0	0	0	0	0	0	0	0	0	0	0	0	0	0	0	0	0	1	0	0	0	0	0	0	0	0	0	0	0	0	0	0	0	0	0	0	0	0	0	0	0	
N41	4.54421e-65	1.50383e-59	4.05899e-54	8.30158e-49	1.26607e-43	1.41159e-38	1.12273e-33	6.17853e-29	2.26366e-24	5.2545e-20	7.2384e-16	5.41047e-12	1.92797e-08	2.67313e-05	0.00993482	0.339252	0.570211	0.079168	0.00140172	5.32678e-06	6.36341e-09	3.06606e-12	7.04377e-16	8.67558e-20	6.23985e-24	2.79475e-28	8.19074e-33	1.63311e-37	2.28493e-42	2.29979e-47	1.69875e-52	9.3565e-58	3.89104e-63	1.54513e-68	8.56548e-69	1.24685e-68	8.64245e-69	2.37023e-69	1.80167e-70	1.77037e-72	1.72761e-75	
N42	6.50945e-63	1.11089e-58	1.51759e-54	1.15421e-50	1.9705e-47	9.20468e-45	1.79688e-39	1.21888e-33	4.97251e-28	1.14331e-22	1.34932e-17	7.09634e-13	1.32229e-08	5.75255e-05	0.0244559	0.504849	0.457576	0.0130376	2.37629e-05	6.63866e-09	4.98604e-13	1.39613e-17	1.78193e-22	1.18219e-27	4.46029e-33	1.01992e-38	1.48469e-44	2.90267e-49	3.12012e-52	6.96346e-56	5.77501e-60	3.53855e-64	1.54128e-65	2.81192e-65	1.42203e-64	2.96027e-60	2.98859e-56	8.9814e-53	5.58012e-50	4.7652e-48	8.97551e-47	
N43	1.90646e-58	8.53948e-55	2.83266e-51	3.71471e-48	1.05271e-45	4.05513e-42	1.2561e-36	2.54186e-31	3.21031e-26	2.40644e-21	9.94879e-17	2.03389e-12	1.73014e-08	4.54857e-05	0.0207389	0.493447	0.471455	0.0142763	3.73094e-05	2.05475e-08	3.72017e-12	2.85447e-16	1.08663e-20	2.27729e-25	2.82326e-30	2.179e-35	2.02258e-39	3.86606e-41	1.04907e-43	8.93198e-47	4.60833e-50	1.93966e-53	6.93591e-57	8.07197e-59	9.50363e-58	7.53204e-57	3.65591e-56	9.83889e-56	1.25959e-55	6.03146e-56	8.6299e-57	
N44	6.04425e-63	8.87783e-58	1.13242e-52	1.13225e-47	8.73595e-43	5.10535e-38	2.20967e-33	6.89092e-29	1.49642e-24	2.16721e-20	1.97914e-16	1.05719e-12	2.97346e-09	3.76552e-06	0.0016628	0.15681	0.737237	0.103393	0.000890717	1.90749e-06	1.55808e-09	6.06879e-13	1.29478e-16	1.66298e-20	1.3767e-24	7.73417e-29	3.06901e-33	8.88047e-38	1.92289e-42	3.1827e-47	4.0988e-52	4.16873e-57	3.39085e-62	2.23609e-67	3.34719e-70	1.16399e-70	2.6774e-71	3.84291e-72	3.16406e-73	1.29637e-74	2.13005e-76	
CGA642	0	0	0	0	0	0	0	0	0	0	0	0	0	0	0	0	1	0	0	0	0	0	0	0	0	0	0	0	0	0	0	0	0	0	0	0	0	0	0	0	0	
N45	2.13835e-66	5.44827e-61	1.17946e-55	2.01119e-50	2.65738e-45	2.66837e-40	1.98926e-35	1.07014e-30	4.01075e-26	1.00175e-21	1.57426e-17	1.44132e-13	6.90284e-10	1.47245e-06	0.00107296	0.158081	0.720037	0.119996	0.000809394	1.24956e-06	7.03254e-10	1.83156e-13	2.5569e-17	2.11422e-21	1.11292e-25	3.93819e-30	9.77344e-35	1.75954e-39	2.36208e-44	2.41878e-49	1.92555e-54	1.211e-59	6.13023e-65	4.94253e-68	5.49529e-69	4.13124e-70	2.007e-71	5.94968e-73	9.89078e-75	8.09059e-77	2.71135e-79	
CGA763	0	0	0	0	0	0	0	0	0	0	0	0	0	0	0	1	0	0	0	0	0	0	0	0	0	0	0	0	0	0	0	0	0	0	0	0	0	0	0	0	0	
C601	0	0	0	0	0	0	0	0	0	0	0	0	0	0	0	0	0	1	0	0	0	0	0	0	0	0	0	0	0	0	0	0	0	0	0	0	0	0	0	0	0	
N46	4.48015e-63	1.23879e-57	2.88503e-52	5.09789e-47	6.71147e-42	6.43968e-37	4.38189e-32	2.04323e-27	6.24936e-23	1.18422e-18	1.28763e-14	7.21576e-11	1.77833e-07	0.000149759	0.0277174	0.500355	0.4559	0.0158051	7.28048e-05	8.99867e-08	4.22872e-11	9.29103e-15	1.09286e-18	7.56508e-23	3.30276e-27	9.58363e-32	1.92519e-36	2.76541e-41	2.91866e-46	2.37385e-51	2.16667e-56	6.59946e-61	3.52528e-65	1.7132e-69	4.51679e-71	2.51748e-71	8.14328e-72	1.39007e-72	1.05467e-73	2.50601e-75	9.43938e-78	
CGA236	0	0	0	0	0	0	0	0	0	0	0	0	0	0	0	0	1	0	0	0	0	0	0	0	0	0	0	0	0	0	0	0	0	0	0	0	0	0	0	0	0	
N47	2.31846e-53	1.16642e-48	5.22362e-44	1.82126e-39	4.84307e-35	9.58835e-31	1.37271e-26	1.37106e-22	9.13344e-19	3.82979e-15	9.36099e-12	1.19973e-08	6.91749e-06	0.00142049	0.071871	0.53523	0.37549	0.0158518	0.000129091	3.42973e-07	3.94376e-10	2.33128e-13	7.9441e-17	1.69252e-20	2.39486e-24	2.35771e-28	1.67557e-32	8.85647e-37	3.56838e-41	1.11878e-45	2.77752e-50	5.54252e-55	9.00547e-60	1.20487e-64	1.34058e-69	1.25122e-74	9.87466e-80	9.47001e-85	1.65354e-87	3.8495e-90	2.18477e-93	
N48	1.21327e-48	2.62111e-44	5.13113e-40	7.96757e-36	9.6281e-32	8.85364e-28	6.03057e-24	2.9437e-20	9.8787e-17	2.15994e-13	2.86174e-10	2.071e-07	6.95366e-05	0.00798694	0.127927	0.482103	0.340886	0.0404386	0.000585906	2.72162e-06	5.65205e-09	6.26211e-12	4.13709e-15	1.76022e-18	5.10418e-22	1.05353e-25	1.60208e-29	1.84583e-33	1.64903e-37	1.16485e-41	6.61525e-46	3.06402e-50	1.17203e-54	3.74342e-59	1.0081e-63	2.3089e-68	4.53262e-73	7.68019e-78	1.13037e-82	1.45345e-87	1.73105e-92	
Calboe	0	0	0	0	0	0	0	0	0	0	0	0	0	1	0	0	0	0	0	0	0	0	0	0	0	0	0	0	0	0	0	0	0	0	0	0	0	0	0	0	0	
C3125	0	0	0	0	0	0	0	0	0	0	0	0	0	0	0	0	0	1	0	0	0	0	0	0	0	0	0	0	0	0	0	0	0	0	0	0	0	0	0	0	0	
CGA429	0	0	0	0	0	0	0	0	0	0	0	0	0	0	1	0	0	0	0	0	0	0	0	0	0	0	0	0	0	0	0	0	0	0	0	0	0	0	0	0	0	
N49	2.81238e-59	7.3598e-54	1.58719e-48	2.50849e-43	2.84787e-38	2.26545e-33	1.22324e-28	4.30336e-24	9.34915e-20	1.1674e-15	7.58438e-12	2.21857e-08	2.33484e-05	0.00604891	0.195129	0.595522	0.200396	0.002876	4.94543e-06	2.62547e-09	5.98453e-13	6.99884e-17	4.70162e-21	1.96143e-25	5.37883e-30	1.01216e-34	1.35119e-39	1.31371e-44	9.49939e-50	5.19505e-55	2.17776e-60	7.21319e-66	5.89487e-69	1.57176e-70	4.76437e-72	2.50602e-68	1.09342e-64	1.45929e-61	4.22909e-59	1.59524e-57	6.26461e-57	
C984	0	0	0	0	0	0	0	0	0	0	0	0	0	1	0	0	0	0	0	0	0	0	0	0	0	0	0	0	0	0	0	0	0	0	0	0	0	0	0	0	0	
N50	4.49252e-52	2.66579e-47	1.38343e-42	5.44929e-38	1.59529e-33	3.38481e-29	5.04583e-25	5.08281e-21	3.29119e-17	1.28274e-13	2.75162e-10	2.85973e-07	0.00011869	0.0142998	0.279908	0.567456	0.136314	0.00189754	5.63809e-06	6.28558e-09	3.36898e-12	1.00171e-15	1.81522e-19	2.14298e-23	1.73212e-27	9.95958e-32	4.19924e-36	1.33042e-40	3.23143e-45	6.11768e-50	9.15307e-55	1.09487e-59	1.09551e-64	3.86899e-66	2.56082e-66	1.06073e-66	2.57142e-67	3.29109e-68	1.88392e-69	3.76196e-71	2.85975e-73	
CGA310	0	0	0	0	0	0	0	0	0	0	0	0	0	0	1	0	0	0	0	0	0	0	0	0	0	0	0	0	0	0	0	0	0	0	0	0	0	0	0	0	0	
N51	3.44391e-44	5.05966e-40	6.74499e-36	7.02721e-32	5.5987e-28	3.32469e-24	1.4265e-20	4.25561e-17	8.40733e-14	1.03196e-10	7.21347e-08	2.53075e-05	0.00364652	0.148541	0.614347	0.219914	0.0133507	0.000174059	8.21591e-07	1.8212e-09	2.20957e-12	1.62322e-15	7.75766e-19	2.54489e-22	5.97435e-26	1.03766e-29	1.37022e-33	1.40716e-37	1.14563e-41	7.51663e-46	4.03147e-50	1.78963e-54	6.64785e-59	2.08663e-63	5.58254e-68	1.28302e-72	2.55101e-77	4.41621e-82	6.69547e-87	8.93785e-92	1.11393e-96	
CGA365	0	0	0	0	0	0	0	0	0	0	0	0	0	0	1	0	0	0	0	0	0	0	0	0	0	0	0	0	0	0	0	0	0	0	0	0	0	0	0	0	0	
CGA494	0	0	0	0	0	0	0	0	0	0	0	0	0	1	0	0	0	0	0	0	0	0	0	0	0	0	0	0	0	0	0	0	0	0	0	0	0	0	0	0	0	
N52	1.95203e-60	1.75312e-55	1.37873e-50	8.55134e-46	4.12071e-41	1.51555e-36	4.16393e-32	8.32482e-28	1.17232e-23	1.11592e-19	6.80662e-16	2.47655e-12	4.86198e-09	4.43462e-06	0.0014703	0.110515	0.549632	0.316015	0.0221427	0.000219936	6.44675e-07	7.78895e-10	4.69027e-13	1.59103e-16	3.3111e-20	4.5007e-24	4.19116e-28	2.77582e-32	1.34736e-36	4.91167e-41	1.37217e-45	2.9878e-50	5.14316e-55	7.1013e-60	8.3484e-63	2.59728e-63	5.19985e-64	6.22146e-65	4.01681e-66	1.17017e-67	1.11278e-69	
N53	2.61258e-62	3.52568e-57	4.09665e-52	3.74048e-47	2.64114e-42	1.41504e-37	5.62218e-33	1.61082e-28	3.21444e-24	4.27523e-20	3.57883e-16	1.74568e-12	4.45004e-09	5.02939e-06	0.00191129	0.139489	0.570531	0.276669	0.0113265	6.91591e-05	1.24884e-07	9.27765e-11	3.43e-14	7.13902e-18	9.11831e-22	7.61512e-26	4.36493e-30	1.78384e-34	5.35911e-39	1.21351e-43	2.11444e-48	2.88464e-53	3.12687e-58	2.72781e-63	1.45744e-67	1.35928e-68	9.73897e-70	4.43519e-71	1.19812e-72	1.72506e-74	1.14636e-76	
C12265	0	0	0	0	0	0	0	0	0	0	0	0	0	0	0	0	0	1	0	0	0	0	0	0	0	0	0	0	0	0	0	0	0	0	0	0	0	0	0	0	0	
N54	5.87533e-53	9.74213e-50	1.39351e-46	1.89875e-44	6.2229e-43	4.14596e-40	5.89064e-35	5.82611e-30	3.81152e-25	1.57799e-20	3.88721e-16	5.21437e-12	3.32674e-08	8.03877e-05	0.046311	0.862779	0.0896296	0.0011975	2.246e-06	1.1148e-09	2.16282e-13	2.0263e-17	1.04306e-21	3.214e-26	6.29431e-31	8.18214e-36	1.79495e-40	7.07798e-42	1.07736e-43	9.47131e-47	6.45455e-50	3.79198e-53	1.94353e-56	8.75981e-60	3.49616e-63	1.2432e-66	3.96017e-70	1.13557e-73	2.94399e-77	6.92763e-81	1.52126e-84	
C404	0	0	0	0	0	0	0	0	0	0	0	0	0	0	1	0	0	0	0	0	0	0	0	0	0	0	0	0	0	0	0	0	0	0	0	0	0	0	0	0	0	
N55	1.31997e-57	4.03782e-54	8.74538e-51	9.12067e-48	3.47546e-45	4.04449e-41	7.24982e-36	9.00146e-31	7.42848e-26	3.8885e-21	1.21011e-16	2.03951e-12	1.61425e-08	4.72322e-05	0.0316504	0.902113	0.0657324	0.000456514	4.82326e-07	1.4977e-10	1.91627e-14	1.22577e-18	4.43061e-23	9.83076e-28	1.41993e-32	1.39383e-37	1.22162e-42	5.67461e-45	1.18315e-47	1.04644e-50	6.05093e-54	2.90132e-57	1.2246e-60	4.59209e-64	1.53874e-67	4.6311e-71	1.25763e-74	3.09422e-78	6.92282e-82	1.41318e-85	2.69218e-89	
Cl11778	0	0	0	0	0	0	0	0	0	0	0	0	0	0	0	1	0	0	0	0	0	0	0	0	0	0	0	0	0	0	0	0	0	0	0	0	0	0	0	0	0	
CGA48	0	0	0	0	0	0	0	0	0	0	0	0	0	0	0	1	0	0	0	0	0	0	0	0	0	0	0	0	0	0	0	0	0	0	0	0	0	0	0	0	0	
C3126	0	0	0	0	0	0	0	0	0	0	0	0	0	0	0	0	0	0	1	0	0	0	0	0	0	0	0	0	0	0	0	0	0	0	0	0	0	0	0	0	0	
N56	1.90761e-53	1.46191e-52	4.0733e-48	1.01374e-43	1.97435e-39	2.96054e-35	3.35275e-31	2.80224e-27	1.68105e-23	6.99513e-20	1.93502e-16	3.37134e-13	3.44888e-10	1.88601e-07	4.84006e-05	0.0048225	0.138463	0.655552	0.193065	0.0079574	9.10003e-05	4.07074e-07	8.70728e-10	1.01537e-12	7.07767e-16	3.15639e-19	9.48663e-23	2.00178e-26	3.06462e-30	3.49675e-34	3.04059e-38	2.05293e-42	1.09342e-46	4.65661e-51	1.60456e-55	5.13504e-59	4.12379e-59	2.39415e-59	8.71006e-60	1.84224e-60	2.18352e-61	
CGA311	0	0	0	0	0	0	0	0	0	0	0	0	0	0	0	0	0	1	0	0	0	0	0	0	0	0	0	0	0	0	0	0	0	0	0	0	0	0	0	0	0	
N57	1.5517e-63	1.61996e-58	1.47827e-53	1.06527e-48	5.96179e-44	2.54183e-39	8.07187e-35	1.85885e-30	3.00629e-26	3.28389e-22	2.30857e-18	9.82617e-15	2.33959e-11	2.8028e-08	1.45741e-05	0.00264668	0.118562	0.672519	0.199191	0.0070072	5.89692e-05	1.72596e-07	2.19947e-10	1.4158e-13	5.11349e-17	1.12031e-20	1.58105e-24	1.5072e-28	1.00861e-32	4.8906e-37	1.7644e-41	4.84358e-46	1.03135e-50	1.74239e-55	7.03163e-59	3.00458e-60	8.90714e-62	1.71344e-63	2.04723e-65	1.43663e-67	5.79416e-70	
N58	3.49417e-66	5.35653e-62	8.08373e-57	9.63514e-52	8.93864e-47	6.34718e-42	3.38155e-37	1.31957e-32	3.66271e-28	6.97388e-24	8.7013e-20	6.70617e-16	2.95104e-12	6.64799e-09	6.5326e-06	0.00216938	0.15281	0.749632	0.0940816	0.00129563	4.31608e-06	5.1735e-09	2.80715e-12	7.99184e-16	1.32215e-19	1.36923e-23	9.39064e-28	4.45649e-32	1.51554e-36	3.79978e-41	7.19015e-46	1.04711e-50	1.19307e-55	1.07853e-60	7.82947e-66	2.33403e-70	2.07758e-71	1.52283e-72	7.03112e-74	1.90555e-75	2.8133e-77	
CGA45	0	0	0	0	0	0	0	0	0	0	0	0	0	0	0	0	1	0	0	0	0	0	0	0	0	0	0	0	0	0	0	0	0	0	0	0	0	0	0	0	0	
N59	1.04695e-65	1.23365e-60	1.27391e-55	1.04912e-50	6.80329e-46	3.422e-41	1.31119e-36	3.74458e-32	7.76098e-28	1.1294e-23	1.10675e-19	6.91884e-16	2.56698e-12	5.11157e-09	4.71009e-06	0.00158231	0.124524	0.779994	0.0925931	0.00129681	4.72576e-06	6.55361e-09	4.29817e-12	1.53207e-15	3.26674e-19	4.4674e-23	4.12994e-27	2.68867e-31	1.27339e-35	4.50451e-40	1.21617e-44	2.55159e-49	4.22321e-54	5.58504e-59	1.52049e-63	3.04533e-64	6.60558e-65	9.00907e-66	7.23649e-67	3.10545e-68	6.36466e-70	
C3043	0	0	0	0	0	0	0	0	0	0	0	0	0	0	0	0	0	1	0	0	0	0	0	0	0	0	0	0	0	0	0	0	0	0	0	0	0	0	0	0	0	
CGA364	0	0	0	0	0	0	0	0	0	0	0	0	0	0	0	0	0	1	0	0	0	0	0	0	0	0	0	0	0	0	0	0	0	0	0	0	0	0	0	0	0	
C2208	0	0	0	0	0	0	0	0	0	0	0	0	0	0	0	0	0	0	1	0	0	0	0	0	0	0	0	0	0	0	0	0	0	0	0	0	0	0	0	0	0	
N60	2.4939e-49	2.12179e-45	1.80015e-41	1.24446e-37	6.89872e-34	3.01687e-30	1.02116e-26	2.61642e-23	4.94215e-20	6.66648e-17	6.17633e-14	3.74366e-11	1.39504e-08	2.94455e-06	0.000314635	0.0144554	0.219522	0.655635	0.105888	0.00412026	6.08728e-05	4.29171e-07	1.66064e-09	3.87843e-12	5.85838e-15	6.03187e-18	4.41178e-21	2.36987e-24	9.60925e-28	3.00933e-31	7.42201e-35	1.46589e-38	2.35238e-42	3.10634e-46	3.41338e-50	3.15229e-54	2.46845e-58	1.65212e-62	9.51911e-67	4.75423e-71	2.28363e-75	
N61	2.15062e-65	2.51316e-60	2.5663e-55	2.10047e-50	1.35794e-45	6.81749e-41	2.60551e-36	7.4032e-32	1.52007e-27	2.17847e-23	2.08697e-19	1.26474e-15	4.50894e-12	8.55945e-09	7.48287e-06	0.00238919	0.179558	0.776844	0.0408561	0.000344067	8.81643e-07	9.36439e-10	4.94868e-13	1.46759e-16	2.65966e-20	3.13802e-24	2.53105e-28	1.4507e-32	6.097e-37	1.92825e-41	4.68961e-46	8.93361e-51	1.35417e-55	1.65573e-60	1.65242e-65	1.36012e-70	9.31807e-76	5.35651e-81	2.60232e-86	1.07533e-91	3.95435e-97	
CGA453	0	0	0	0	0	0	0	0	0	0	0	0	0	0	0	0	0	1	0	0	0	0	0	0	0	0	0	0	0	0	0	0	0	0	0	0	0	0	0	0	0	
N62	3.68712e-72	1.1516e-66	3.08342e-61	6.65463e-56	1.14142e-50	1.53054e-45	1.57361e-40	1.21214e-35	6.80238e-31	2.68709e-26	7.1557e-22	1.21501e-17	1.22118e-13	6.54804e-10	1.60358e-06	0.00138541	0.24977	0.736038	0.0127716	3.39849e-05	2.75904e-08	9.40814e-12	1.62123e-15	1.59238e-19	9.69972e-24	3.89974e-28	1.08548e-32	2.17215e-37	3.22149e-42	3.6307e-47	3.17513e-52	2.19299e-57	1.21439e-62	5.46224e-68	2.01822e-73	6.18626e-79	1.58676e-84	3.43187e-90	6.30125e-96	9.88122e-102	1.3657e-107	
CGA501	0	0	0	0	0	0	0	0	0	0	0	0	0	0	0	0	0	1	0	0	0	0	0	0	0	0	0	0	0	0	0	0	0	0	0	0	0	0	0	0	0	
C3121	0	0	0	0	0	0	0	0	0	0	0	0	0	0	0	0	1	0	0	0	0	0	0	0	0	0	0	0	0	0	0	0	0	0	0	0	0	0	0	0	0	
N63	2.82958e-78	1.5235e-72	7.11182e-67	2.66253e-61	7.89766e-56	1.82994e-50	3.25698e-45	4.36432e-40	4.29742e-35	3.01842e-30	1.45727e-25	4.61299e-21	9.00008e-17	9.9502e-13	5.52869e-09	1.28434e-05	0.00908733	0.981703	0.00918351	1.37233e-05	6.50203e-09	1.32825e-12	1.39602e-16	8.46675e-21	3.21078e-25	8.07674e-30	1.40994e-34	1.76975e-39	1.6434e-44	1.15559e-49	6.27299e-55	2.67158e-60	9.0492e-66	2.46626e-71	5.46204e-77	9.91379e-83	1.4854e-88	1.84865e-94	1.92115e-100	1.67455e-106	1.27333e-112	
Calparcri	0	0	0	0	0	0	0	0	0	0	0	0	0	0	0	0	0	1	0	0	0	0	0	0	0	0	0	0	0	0	0	0	0	0	0	0	0	0	0	0	0	
C3118	0	0	0	0	0	0	0	0	0	0	0	0	0	0	0	0	0	1	0	0	0	0	0	0	0	0	0	0	0	0	0	0	0	0	0	0	0	0	0	0	0	
N64	1.58931e-59	4.96933e-55	1.41193e-50	2.99806e-46	5.36573e-42	1.73211e-37	1.17894e-32	6.63184e-28	2.30819e-23	4.5237e-19	4.54015e-15	2.07051e-11	3.69388e-08	2.1551e-05	0.00333301	0.106726	0.535709	0.330757	0.0230938	0.000358124	1.71571e-06	3.12619e-09	2.50011e-12	9.73806e-16	1.99858e-19	2.29848e-23	1.55684e-27	6.47396e-32	1.71295e-36	2.9764e-41	3.49436e-46	2.84705e-51	1.50226e-54	4.33183e-55	6.79088e-56	5.46112e-57	9.12326e-58	1.88844e-56	1.43223e-55	2.93879e-55	1.66074e-55	
N65	1.47534e-47	1.65996e-43	1.72352e-39	1.40985e-35	8.92278e-32	4.28019e-28	1.51934e-24	3.87993e-21	6.89236e-18	8.1776e-15	6.16428e-12	2.77275e-09	6.86759e-07	8.42605e-05	0.00443779	0.0822239	0.407303	0.408244	0.0915074	0.00604944	0.000148534	1.61362e-06	8.8431e-09	2.70016e-11	4.95985e-14	5.82215e-17	4.58459e-20	2.51961e-23	9.98767e-27	2.93562e-30	6.55035e-34	1.13227e-37	1.54308e-41	1.68369e-45	1.49097e-49	1.08453e-53	6.55013e-58	3.31663e-62	1.42027e-66	5.18575e-71	1.77605e-75	
N66	1.2294e-44	1.02398e-40	7.97705e-37	4.87804e-33	2.29489e-29	8.11613e-26	2.09928e-22	3.84208e-19	4.77874e-16	3.84291e-13	1.87779e-10	5.16395e-08	7.302e-06	0.000482529	0.0134127	0.13742	0.435081	0.34603	0.0639863	0.00350631	7.27189e-05	6.85964e-07	3.36328e-09	9.45823e-12	1.64381e-14	1.87105e-17	1.46072e-20	8.12022e-24	3.31534e-27	1.02026e-30	2.4192e-34	4.50423e-38	6.69371e-42	8.05429e-46	7.94653e-50	6.5009e-54	4.45397e-58	2.57861e-62	1.27172e-66	5.38258e-71	2.13569e-75	
N67	1.0766e-42	9.81645e-39	8.33791e-35	5.488e-31	2.73463e-27	1.00402e-23	2.62754e-20	4.70169e-17	5.4512e-14	3.80872e-11	1.44696e-08	2.56336e-06	0.000171215	0.00472609	0.0555564	0.264623	0.445615	0.2083	0.0204333	0.000566175	5.96041e-06	2.92156e-08	7.65931e-11	1.18495e-13	1.16327e-16	7.66005e-20	3.5345e-23	1.18374e-26	2.96202e-30	5.67309e-34	8.48899e-38	1.01002e-41	9.70196e-46	7.62483e-50	4.96069e-54	2.69974e-58	1.24054e-62	4.85336e-67	1.62889e-71	4.72227e-76	1.27514e-80	
N68	1.31853e-50	2.45515e-46	4.19751e-42	5.63942e-38	5.84141e-34	4.56395e-30	2.621e-26	1.07266e-22	3.01354e-19	5.55189e-16	6.33947e-13	4.18475e-10	1.46692e-07	2.46791e-05	0.00176328	0.0456614	0.342108	0.518389	0.0887123	0.00330038	4.06046e-05	2.1233e-07	5.55346e-10	8.13384e-13	7.24506e-16	4.17843e-19	1.63875e-22	4.54595e-26	9.21146e-30	1.4004e-33	1.63379e-37	1.49119e-41	1.08259e-45	6.34263e-50	3.03694e-54	1.20175e-58	3.96923e-63	1.10395e-67	2.60603e-72	5.25949e-77	9.79384e-82	
Triowe	0	0	0	0	0	0	0	0	0	0	0	0	0	0	0	0	0	1	0	0	0	0	0	0	0	0	0	0	0	0	0	0	0	0	0	0	0	0	0	0	0	
N69	6.16256e-52	1.10327e-47	1.83518e-43	2.44072e-39	2.55225e-35	2.05874e-31	1.25259e-27	5.59728e-24	1.77905e-20	3.86768e-17	5.47853e-14	4.75476e-11	2.33517e-08	5.84221e-06	0.000645852	0.025918	0.285797	0.573018	0.110113	0.00444306	5.87806e-05	3.30979e-07	9.37305e-10	1.49712e-12	1.46549e-15	9.35965e-19	4.09512e-22	1.27621e-25	2.92431e-29	5.05836e-33	6.75317e-37	7.09114e-41	5.95236e-45	4.05092e-49	2.26292e-53	1.04897e-57	4.07399e-62	1.33714e-66	3.73747e-71	8.95929e-76	1.996e-80	
Trijoh	0	0	0	0	0	0	0	0	0	0	0	0	0	0	0	0	0	1	0	0	0	0	0	0	0	0	0	0	0	0	0	0	0	0	0	0	0	0	0	0	0	
Trimel	0	0	0	0	0	0	0	0	0	0	0	0	0	0	0	0	0	1	0	0	0	0	0	0	0	0	0	0	0	0	0	0	0	0	0	0	0	0	0	0	0	
N70	7.46115e-36	7.49365e-32	6.73529e-28	4.50932e-24	2.17895e-20	7.30956e-17	1.61932e-13	2.21618e-10	1.70634e-07	6.4188e-05	0.00930009	0.318438	0.488511	0.163803	0.0189497	0.000913958	1.98286e-05	1.95834e-07	8.75523e-10	1.93299e-12	2.35191e-15	1.72632e-18	8.19252e-22	2.65089e-25	6.09692e-29	1.03042e-32	1.31483e-36	1.29549e-40	1.00443e-44	6.22738e-49	3.13043e-53	1.29131e-57	4.41721e-62	1.26465e-66	3.05529e-71	6.27416e-76	1.1023e-80	1.66654e-85	2.17957e-90	2.47769e-95	2.62093e-100	
N71	4.83867e-37	8.56289e-33	1.28518e-28	1.3997e-24	1.06679e-20	5.43736e-17	1.74765e-13	3.27371e-10	3.1981e-07	0.000137773	0.0197541	0.53363	0.395175	0.0495166	0.00176338	2.28025e-05	1.22688e-07	3.00436e-10	3.63969e-13	2.40093e-16	9.40028e-20	2.34259e-23	3.92706e-27	4.62761e-31	3.97163e-35	2.55573e-39	1.26319e-43	4.89384e-48	1.51205e-52	3.78159e-57	7.75497e-62	1.31882e-66	1.87848e-71	2.26083e-76	2.31727e-81	2.03695e-86	1.54531e-91	1.01755e-96	5.84562e-102	2.94358e-107	1.35782e-112	
Trihoe	0	0	0	0	0	0	0	0	0	0	0	1	0	0	0	0	0	0	0	0	0	0	0	0	0	0	0	0	0	0	0	0	0	0	0	0	0	0	0	0	0	
Tribit	0	0	0	0	0	0	0	0	0	0	0	1	0	0	0	0	0	0	0	0	0	0	0	0	0	0	0	0	0	0	0	0	0	0	0	0	0	0	0	0	0	
Trijac	0	0	0	0	0	0	0	0	0	0	0	1	0	0	0	0	0	0	0	0	0	0	0	0	0	0	0	0	0	0	0	0	0	0	0	0	0	0	0	0	0	
N72	6.10265e-49	5.71146e-45	5.16373e-41	3.76442e-37	2.17784e-33	9.82418e-30	3.38557e-26	8.7018e-23	1.62123e-19	2.11553e-16	1.85374e-13	1.0349e-10	3.44189e-08	6.24421e-06	0.000548526	0.019748	0.22843	0.5791	0.161577	0.010357	0.000230524	2.26541e-06	1.14733e-08	3.33343e-11	6.00858e-14	7.13178e-17	5.84064e-20	3.42667e-23	1.4853e-26	4.88027e-30	1.24224e-33	2.49565e-37	4.02135e-41	5.27083e-45	5.68955e-49	5.11368e-53	3.86451e-57	2.47727e-61	1.3577e-65	6.4086e-70	2.86259e-74	
Tricri	0	0	0	0	0	0	0	0	0	0	0	0	0	0	0	0	0	1	0	0	0	0	0	0	0	0	0	0	0	0	0	0	0	0	0	0	0	0	0	0	0	
N73	2.08757e-53	3.70409e-49	6.11264e-45	8.16036e-41	8.68031e-37	7.23132e-33	4.62432e-29	2.21709e-25	7.74859e-22	1.90811e-18	3.175e-15	3.38657e-12	2.16314e-09	7.55547e-07	0.000127192	0.00858068	0.173926	0.647485	0.161854	0.00790173	0.000123426	8.11679e-07	2.66944e-09	4.93566e-12	5.58174e-15	4.11362e-18	2.07545e-21	7.45616e-25	1.96955e-28	3.92852e-32	6.05127e-36	7.33722e-40	7.11955e-44	5.60857e-48	3.63254e-52	1.95602e-56	8.84407e-61	3.38772e-65	1.10819e-69	3.11842e-74	8.14624e-79	
Triwie	0	0	0	0	0	0	0	0	0	0	0	0	0	0	0	0	0	1	0	0	0	0	0	0	0	0	0	0	0	0	0	0	0	0	0	0	0	0	0	0	0	
Triqua	0	0	0	0	0	0	0	0	0	0	0	0	0	0	0	0	0	1	0	0	0	0	0	0	0	0	0	0	0	0	0	0	0	0	0	0	0	0	0	0	0	
N74	1.1565e-40	2.7872e-37	7.13273e-34	1.48401e-30	2.46696e-27	3.22199e-24	3.24259e-21	2.45821e-18	1.36666e-15	5.39573e-13	1.4547e-10	2.55091e-08	2.73504e-06	0.000165401	0.0050612	0.0674058	0.31718	0.421784	0.164194	0.0228082	0.00135708	3.98879e-05	6.45427e-07	6.24652e-09	3.85708e-11	1.59944e-13	4.64257e-16	9.75937e-19	1.5286e-21	1.82725e-24	1.70157e-27	1.25644e-30	7.47117e-34	3.62643e-37	1.45422e-40	4.86952e-44	1.3747e-47	3.30026e-51	6.79046e-55	1.20702e-58	2.14813e-62	
N75	1.10901e-42	3.13013e-39	9.14375e-36	2.19002e-32	4.23755e-29	6.52155e-26	7.84055e-23	7.21116e-20	4.94996e-17	2.4622e-14	8.56301e-12	1.99208e-09	2.93181e-07	2.53952e-05	0.00117582	0.0254721	0.212881	0.509794	0.220971	0.0282076	0.00143805	3.53982e-05	4.77967e-07	3.87771e-09	2.02319e-11	7.15471e-14	1.78795e-16	3.2661e-19	4.48517e-22	4.74039e-25	3.93394e-28	2.60797e-31	1.40199e-34	6.19235e-38	2.27342e-41	7.00976e-45	1.83208e-48	4.09277e-52	7.87406e-56	1.31403e-59	2.16186e-63	
Kinboe	0	0	0	0	0	0	0	0	0	0	0	0	0	0	0	0	0	1	0	0	0	0	0	0	0	0	0	0	0	0	0	0	0	0	0	0	0	0	0	0	0	
Kinfis	0	0	0	0	0	0	0	0	0	0	0	0	0	0	0	0	0	1	0	0	0	0	0	0	0	0	0	0	0	0	0	0	0	0	0	0	0	0	0	0	0	
Kinxen	0	0	0	0	0	0	0	0	0	0	0	0	0	0	0	0	0	1	0	0	0	0	0	0	0	0	0	0	0	0	0	0	0	0	0	0	0	0	0	0	0	
N76	3.02849e-45	4.16885e-42	5.25106e-39	5.30382e-36	4.21858e-33	2.59876e-30	1.47341e-27	4.20642e-24	3.11424e-20	1.4608e-16	3.6768e-13	4.52205e-10	2.47118e-07	5.51478e-05	0.00447579	0.106122	0.503066	0.34465	0.0400899	0.00151622	2.44964e-05	1.9634e-07	8.57808e-10	2.1771e-12	3.35542e-15	3.23989e-18	2.00256e-21	8.03816e-25	2.11477e-28	3.67008e-32	4.22823e-36	3.265e-40	1.71497e-44	3.59781e-48	1.07153e-47	2.04496e-47	1.95196e-47	8.56311e-48	1.53082e-48	9.55164e-50	2.0157e-51	
N77	1.11817e-26	7.79832e-24	6.02011e-21	3.57185e-18	1.57495e-15	5.00235e-13	1.10204e-10	1.60674e-08	1.46086e-06	7.67207e-05	0.00210658	0.026669	0.137664	0.307595	0.320193	0.16156	0.0394341	0.00446672	0.000227494	5.85721e-06	8.55473e-08	7.73661e-10	4.62484e-12	1.92085e-14	5.764e-17	1.28957e-19	2.20737e-22	2.95393e-25	3.14767e-28	2.71328e-31	1.9181e-34	1.12551e-37	5.5405e-41	2.30992e-44	8.226e-48	2.5215e-51	6.69933e-55	1.5526e-58	3.15694e-62	5.66492e-66	1.02658e-69	
N78	8.62781e-33	5.83003e-29	3.49774e-25	1.50838e-21	4.50612e-18	8.91947e-15	1.10536e-11	7.95897e-09	3.00392e-06	0.000510965	0.030727	0.417227	0.446463	0.0981059	0.00677758	0.000183432	2.21342e-06	1.30208e-08	4.03079e-11	7.06368e-14	7.48588e-17	5.07723e-20	2.31089e-23	7.34245e-27	1.68319e-30	2.86223e-34	3.69639e-38	3.69922e-42	2.91916e-46	1.84418e-50	9.45162e-55	3.97609e-59	1.38727e-63	4.05181e-68	9.98901e-73	2.09424e-77	3.75915e-82	5.81262e-87	7.78552e-92	9.08028e-97	9.90336e-102	
N79	2.44676e-38	7.66072e-34	1.94005e-29	3.46131e-25	4.17637e-21	3.237e-17	1.50751e-13	3.85563e-10	4.76977e-07	0.000235552	0.0336428	0.722476	0.234264	0.00929267	8.76614e-05	2.80496e-07	3.80544e-10	2.5493e-13	9.41131e-17	2.07867e-20	2.92664e-24	2.76169e-28	1.8187e-32	8.64046e-37	3.04436e-41	8.1423e-46	1.68617e-50	2.7502e-55	3.58554e-60	3.78511e-65	3.27237e-70	2.34023e-75	1.39678e-80	7.01313e-86	2.98328e-91	1.08202e-96	3.36528e-102	9.02182e-108	2.09447e-113	4.22857e-119	7.69296e-125	
N80	2.12435e-36	3.78554e-32	5.69864e-28	6.17442e-24	4.63424e-20	2.29616e-16	7.05304e-13	1.23343e-09	1.08749e-06	0.00040102	0.0448189	0.768088	0.181694	0.0049635	3.41206e-05	8.70074e-08	1.03032e-10	6.54611e-14	2.4658e-17	5.92279e-21	9.58705e-25	1.09198e-28	9.06074e-33	5.63441e-37	2.68843e-41	1.004e-45	2.98474e-50	7.16695e-55	1.4077e-59	2.28681e-64	3.10256e-69	3.54582e-74	3.43985e-79	2.85202e-84	2.03334e-89	1.25341e-94	6.71348e-100	3.13837e-105	1.2856e-110	4.63159e-116	1.52991e-121	
Chaafr	0	0	0	0	0	0	0	0	0	0	0	1	0	0	0	0	0	0	0	0	0	0	0	0	0	0	0	0	0	0	0	0	0	0	0	0	0	0	0	0	0	
Chacha	0	0	0	0	0	0	0	0	0	0	0	1	0	0	0	0	0	0	0	0	0	0	0	0	0	0	0	0	0	0	0	0	0	0	0	0	0	0	0	0	0	
N81	1.81618e-36	3.21624e-32	4.80326e-28	5.18745e-24	3.90022e-20	1.94618e-16	6.05636e-13	1.08044e-09	9.79828e-07	0.000375416	0.0441037	0.798099	0.153878	0.00352169	2.10723e-05	4.81625e-08	5.22458e-11	3.09176e-14	1.09904e-17	2.51794e-21	3.92253e-25	4.33352e-29	3.51214e-33	2.14703e-37	1.01327e-41	3.76507e-46	1.12024e-50	2.70816e-55	5.38777e-60	8.92054e-65	1.2415e-69	1.46534e-74	1.4785e-79	1.28446e-84	9.67063e-90	6.3474e-95	3.6516e-100	1.85037e-105	8.29643e-111	3.30517e-116	1.21878e-121	
Chacaly	0	0	0	0	0	0	0	0	0	0	0	1	0	0	0	0	0	0	0	0	0	0	0	0	0	0	0	0	0	0	0	0	0	0	0	0	0	0	0	0	0	
Chazey	0	0	0	0	0	0	0	0	0	0	0	1	0	0	0	0	0	0	0	0	0	0	0	0	0	0	0	0	0	0	0	0	0	0	0	0	0	0	0	0	0	
N82	5.72691e-31	2.58428e-27	1.07278e-23	3.22005e-20	6.72907e-17	9.35359e-14	8.15637e-11	4.12804e-08	1.08878e-05	0.00127777	0.0519214	0.469273	0.406289	0.0678251	0.00333973	6.24722e-05	5.25307e-07	2.24632e-09	5.37667e-12	7.77448e-15	7.22011e-18	4.52539e-21	1.99343e-24	6.38134e-28	1.52663e-31	2.79458e-35	3.99395e-39	4.53429e-43	4.15106e-47	3.10491e-51	1.91951e-55	9.90866e-60	4.30991e-64	1.59248e-68	5.03497e-73	1.37115e-77	3.23534e-82	6.65021e-87	1.19663e-91	1.89347e-96	2.8244e-101	
Chadil	0	0	0	0	0	0	0	0	0	0	0	1	0	0	0	0	0	0	0	0	0	0	0	0	0	0	0	0	0	0	0	0	0	0	0	0	0	0	0	0	0	
Chasen	0	0	0	0	0	0	0	0	0	0	0	1	0	0	0	0	0	0	0	0	0	0	0	0	0	0	0	0	0	0	0	0	0	0	0	0	0	0	0	0	0	
Chanam	0	0	0	0	0	0	0	0	0	0	0	1	0	0	0	0	0	0	0	0	0	0	0	0	0	0	0	0	0	0	0	0	0	0	0	0	0	0	0	0	0	
N83	2.27471e-40	1.53278e-38	1.01304e-36	3.19001e-35	1.09323e-33	6.18908e-30	3.36608e-26	1.33807e-22	3.76789e-19	7.20796e-16	8.85521e-13	6.48011e-10	2.55878e-07	4.81062e-05	0.00365514	0.0873289	0.443779	0.377229	0.0805187	0.00711178	0.000321213	8.33263e-06	1.33285e-07	1.37542e-09	9.42426e-12	4.3978e-14	3.48208e-15	1.22193e-14	1.53649e-14	6.9532e-15	1.76447e-15	3.37462e-16	5.08315e-17	6.11814e-18	5.97796e-19	4.81788e-20	3.25098e-21	1.86171e-22	9.16449e-24	3.96698e-25	1.90691e-26	
Riebrev	0	0	0	0	0	0	0	0	0	0	0	0	0	0	0	0	0	0	0	0	0	0	0	0	0	0	0	0	0	0	1	0	0	0	0	0	0	0	0	0	0	
N84	4.18859e-56	1.23689e-51	3.57837e-47	8.34642e-43	1.54234e-38	2.22088e-34	2.44412e-30	2.00906e-26	1.19991e-22	5.03451e-19	1.42296e-15	2.5679e-12	2.75655e-09	1.59557e-06	0.0004301	0.0421123	0.867449	0.0882206	0.00177392	1.23966e-05	3.90075e-08	6.44448e-11	6.19839e-14	3.7398e-17	1.49783e-20	4.16254e-24	8.31721e-28	1.2302e-31	1.38045e-35	1.20237e-39	8.40205e-44	5.21688e-48	3.97101e-52	4.91882e-56	7.28093e-60	9.62665e-64	1.05602e-67	9.55486e-72	7.22301e-76	4.74393e-80	3.09067e-84	
N85	5.8387e-58	1.54362e-54	3.66208e-51	7.02593e-48	1.40857e-45	6.1952e-44	6.92856e-42	1.34937e-36	2.03259e-31	1.96956e-26	1.17005e-21	3.98976e-17	7.11573e-13	5.78386e-09	1.72094e-05	0.0126711	0.950882	0.0363071	0.000122047	9.30517e-08	2.44235e-11	2.79175e-15	1.61299e-19	5.21234e-24	1.0126e-28	1.24721e-33	1.01394e-38	4.759e-43	2.25891e-44	2.64495e-46	1.75198e-49	8.80358e-53	3.77669e-56	1.40063e-59	4.52734e-63	1.28471e-66	3.22151e-70	7.18237e-74	1.43246e-77	2.57275e-81	4.28648e-85	
N86	8.49624e-63	4.05217e-59	1.74929e-55	5.85438e-52	3.60363e-49	5.38213e-47	4.38007e-43	1.23225e-37	2.36925e-32	2.98291e-27	2.34052e-22	1.06931e-17	2.5823e-13	2.8531e-09	1.14429e-05	0.0109662	0.957562	0.0313833	7.74026e-05	4.06885e-08	7.2137e-12	5.56421e-16	2.19045e-20	4.90063e-25	6.72262e-30	5.97694e-35	3.59482e-40	2.62189e-44	4.63495e-46	2.06932e-48	1.21811e-51	5.20128e-55	1.91089e-58	6.14121e-62	1.73848e-65	4.36056e-69	9.74136e-73	1.9471e-76	3.49631e-80	5.66036e-84	8.47666e-88	
Braset	0	0	0	0	0	0	0	0	0	0	0	0	0	0	0	0	1	0	0	0	0	0	0	0	0	0	0	0	0	0	0	0	0	0	0	0	0	0	0	0	0	
N87	1.1782e-72	5.26576e-67	2.00055e-61	6.08172e-56	1.45733e-50	2.7044e-45	3.80594e-40	3.96072e-35	2.95543e-30	1.52172e-25	5.1482e-21	1.07308e-16	1.26177e-12	7.36679e-09	1.74736e-05	0.0117416	0.962701	0.0254717	6.823e-05	4.79612e-08	1.3133e-11	1.73829e-15	1.27379e-19	5.67131e-24	1.64141e-28	3.25028e-33	4.5832e-38	4.75199e-43	3.71889e-48	2.24502e-53	1.06472e-58	4.02913e-64	1.23306e-69	3.08914e-75	6.42751e-81	1.15411e-86	2.13613e-92	6.63092e-98	3.68244e-103	2.26419e-108	1.32939e-113	
N88	1.7554e-82	4.72457e-76	9.55188e-70	1.41017e-63	1.5196e-57	1.18935e-51	6.69623e-46	2.67216e-40	7.40145e-35	1.3827e-29	1.67534e-24	1.24727e-19	5.28343e-15	1.13533e-10	1.02817e-06	0.00278792	0.993094	0.00411444	2.20329e-06	3.48882e-10	2.30599e-14	7.67398e-19	1.44434e-23	1.66215e-28	1.23559e-33	6.17386e-39	2.13506e-44	5.22043e-50	9.16254e-56	1.16585e-61	1.08103e-67	7.30915e-74	3.58813e-80	1.26633e-86	3.15892e-93	5.42356e-100	6.15111e-107	4.31877e-114	1.68221e-121	2.94313e-129	1.36032e-137	
Bramel	0	0	0	0	0	0	0	0	0	0	0	0	0	0	0	0	1	0	0	0	0	0	0	0	0	0	0	0	0	0	0	0	0	0	0	0	0	0	0	0	0	
Bratha	0	0	0	0	0	0	0	0	0	0	0	0	0	0	0	0	1	0	0	0	0	0	0	0	0	0	0	0	0	0	0	0	0	0	0	0	0	0	0	0	0	
N89	5.71986e-73	2.43678e-67	8.88071e-62	2.61396e-56	6.12117e-51	1.12055e-45	1.57072e-40	1.64468e-35	1.24826e-30	6.6157e-26	2.33525e-21	5.1599e-17	6.5575e-13	4.24138e-09	1.15202e-05	0.00928919	0.976068	0.0146041	2.73691e-05	1.48481e-08	3.32564e-12	3.74527e-16	2.40414e-20	9.59328e-25	2.53554e-29	4.65897e-34	6.18242e-39	6.10951e-44	4.61098e-49	2.71439e-54	1.26881e-59	4.78198e-65	1.47247e-70	3.74727e-76	7.96189e-82	1.42507e-87	2.16584e-93	2.81499e-99	3.14886e-105	3.04894e-111	2.62691e-117	
Bradra	0	0	0	0	0	0	0	0	0	0	0	0	0	0	0	0	1	0	0	0	0	0	0	0	0	0	0	0	0	0	0	0	0	0	0	0	0	0	0	0	0	
Bratra	0	0	0	0	0	0	0	0	0	0	0	0	0	0	0	0	1	0	0	0	0	0	0	0	0	0	0	0	0	0	0	0	0	0	0	0	0	0	0	0	0	
N90	1.50329e-69	3.78888e-64	8.26024e-59	1.45629e-53	2.04553e-48	2.24972e-43	1.8981e-38	1.1988e-33	5.50152e-29	1.76817e-24	3.79792e-20	5.12793e-16	4.0032e-12	1.60151e-08	2.71673e-05	0.0139025	0.964614	0.021393	6.27334e-05	5.44713e-08	1.97789e-11	3.64143e-15	3.84397e-19	2.53362e-23	1.10994e-27	3.38981e-32	7.49367e-37	1.23602e-41	1.55957e-46	1.53706e-51	1.20435e-56	7.61671e-62	3.93932e-67	1.68529e-72	6.02396e-78	1.81509e-83	4.64669e-89	1.01784e-94	1.91976e-100	3.13557e-106	4.58224e-112	
Bragut	0	0	0	0	0	0	0	0	0	0	0	0	0	0	0	0	1	0	0	0	0	0	0	0	0	0	0	0	0	0	0	0	0	0	0	0	0	0	0	0	0	
Braven	0	0	0	0	0	0	0	0	0	0	0	0	0	0	0	0	1	0	0	0	0	0	0	0	0	0	0	0	0	0	0	0	0	0	0	0	0	0	0	0	0	
N91	8.95663e-61	6.22531e-56	3.84121e-51	1.91668e-46	7.6154e-42	2.36664e-37	5.63306e-33	1.00155e-28	1.29056e-24	1.16108e-20	6.95754e-17	2.6114e-13	5.64832e-10	6.24725e-07	0.000293456	0.0421754	0.886468	0.0702659	0.000794171	2.68959e-06	3.80398e-09	2.7136e-12	1.10286e-15	2.78061e-19	4.63124e-23	5.34753e-27	4.44741e-31	2.74802e-35	1.29427e-39	4.74758e-44	1.38143e-48	3.23932e-53	6.20601e-58	9.83191e-63	1.30183e-67	1.45438e-72	1.38256e-77	1.1269e-82	7.93007e-88	4.84812e-93	2.69834e-98	
Brapum	0	0	0	0	0	0	0	0	0	0	0	0	0	0	0	0	1	0	0	0	0	0	0	0	0	0	0	0	0	0	0	0	0	0	0	0	0	0	0	0	0	
Bradam	0	0	0	0	0	0	0	0	0	0	0	0	0	0	0	0	1	0	0	0	0	0	0	0	0	0	0	0	0	0	0	0	0	0	0	0	0	0	0	0	0	
