NODE	1	2	3	4	5	6	7	8	9	10	11	12	13	14	15	16	17	18	19	20	21	22	23	24	25	26	27	28	29	
N1	4.29444e-62	2.15108e-39	2.58374e-35	6.8174e-32	6.96786e-29	3.45949e-26	9.39531e-24	1.49667e-21	1.45969e-19	8.94246e-18	3.48788e-16	8.69443e-15	1.37916e-13	1.37623e-12	8.49299e-12	3.18308e-11	7.18954e-11	1	8.99809e-11	5.5353e-11	2.44776e-11	8.11996e-12	2.09373e-12	4.32212e-13	7.32199e-14	1.04e-14	1.26691e-15	1.39376e-16	1.90817e-17	
Leiolep	0	0	0	0	0	0	0	0	0	0	0	0	0	0	0	0	0	1	0	0	0	0	0	0	0	0	0	0	0	
N2	1.74022e-84	7.86308e-59	6.0918e-52	8.8797e-46	4.2537e-40	8.29784e-35	7.31007e-30	3.05821e-25	6.18253e-21	5.99276e-17	2.69892e-13	5.33167e-10	4.22316e-07	0.000117533	0.0094939	0.168085	0.496456	0.28905	0.0355108	0.00126881	1.77862e-05	1.20502e-07	4.55541e-10	1.0643e-12	1.65691e-15	1.81995e-18	1.47486e-21	9.17903e-25	5.65507e-28	
N3	2.03932e-81	3.53322e-56	1.1338e-49	7.04515e-44	1.4852e-38	1.32141e-33	5.53073e-29	1.15268e-24	1.22785e-20	6.70963e-17	1.85091e-13	2.48384e-10	1.52217e-07	3.85178e-05	0.00342705	0.0828208	0.401123	0.412947	0.0930001	0.00645512	0.000185942	2.7063e-06	2.27485e-08	1.2145e-10	4.41843e-13	1.1559e-15	2.26965e-18	3.50237e-21	5.81399e-24	
N4	2.40967e-76	1.61529e-64	1.54517e-61	5.46646e-55	8.31103e-49	5.21105e-43	1.50384e-37	2.11667e-32	1.49277e-27	5.29862e-23	9.32243e-19	7.84421e-15	2.97153e-11	4.61542e-08	2.55098e-05	0.00404834	0.134594	0.631061	0.217432	0.0126242	0.000213715	1.45733e-06	4.90579e-09	9.34828e-12	1.11124e-14	8.85362e-18	4.99398e-21	2.08392e-24	7.95549e-28	
N5	7.62194e-95	1.05352e-68	2.44689e-61	1.06557e-54	1.52745e-48	8.98176e-43	2.41872e-37	3.16215e-32	2.06315e-27	6.75412e-23	1.09421e-18	8.48448e-15	2.97609e-11	4.32987e-08	2.29295e-05	0.00362369	0.125653	0.609425	0.243463	0.0174359	0.000373114	3.24002e-06	1.38904e-08	3.36038e-11	5.04789e-14	5.05532e-17	3.5643e-20	1.85412e-23	9.10582e-27	
B3088	0	0	0	0	0	0	0	0	0	0	0	0	0	0	0	0	0	1	0	0	0	0	0	0	0	0	0	0	0	
N6	1.25088e-86	3.28083e-61	1.57089e-54	1.47546e-48	4.7724e-43	6.62894e-38	4.42069e-33	1.50401e-28	2.69303e-24	2.5645e-20	1.29012e-16	3.34906e-13	4.29919e-10	2.5515e-07	6.31597e-05	0.00555903	0.134374	0.576962	0.257698	0.0245264	0.0008049	1.20295e-05	9.74709e-08	4.81545e-10	1.57707e-12	3.6432e-15	6.22688e-18	8.22319e-21	1.14033e-23	
BGA709	0	0	0	0	0	0	0	0	0	0	0	0	0	0	0	0	0	1	0	0	0	0	0	0	0	0	0	0	0	
BGA309	0	0	0	0	0	0	0	0	0	0	0	0	0	0	0	0	0	1	0	0	0	0	0	0	0	0	0	0	0	
N7	2.31455e-84	2.914e-73	3.93489e-66	2.99719e-59	7.56298e-53	7.90707e-47	3.8384e-41	9.20966e-36	1.12801e-30	7.12958e-26	2.3084e-21	3.73196e-17	2.87421e-13	9.77639e-10	1.30427e-06	0.000564089	0.0571064	0.725939	0.209082	0.007239	6.79562e-05	2.5412e-07	4.72438e-10	5.0329e-13	3.3868e-16	1.54436e-19	5.02874e-23	1.21833e-26	2.65953e-30	
N8	4.24377e-91	1.93266e-65	1.54571e-58	2.44608e-52	1.34568e-46	3.21237e-41	3.72454e-36	2.23184e-31	7.14258e-27	1.23622e-22	1.15235e-18	5.66871e-15	1.41559e-11	1.68497e-08	8.6595e-06	0.00163835	0.0864154	0.720347	0.182914	0.00854001	0.000136095	1.00578e-06	4.12622e-09	1.05634e-11	1.83103e-14	2.28129e-17	2.13799e-20	1.56368e-23	1.12718e-26	
B11696	0	0	0	0	0	0	0	0	0	0	0	0	0	0	0	0	0	1	0	0	0	0	0	0	0	0	0	0	0	
B11609	0	0	0	0	0	0	0	0	0	0	0	0	0	0	0	0	0	1	0	0	0	0	0	0	0	0	0	0	0	
N9	1.24047e-77	1.83801e-63	1.10318e-58	2.69026e-54	3.23295e-50	1.01465e-46	7.24499e-44	1.7956e-41	2.12632e-36	8.86209e-31	1.78886e-25	1.69806e-20	7.17317e-16	1.23041e-11	7.39189e-08	0.000121852	0.035707	0.76842	0.191936	0.00379999	1.53895e-05	2.05589e-08	1.19371e-11	3.59062e-15	6.30401e-19	7.03112e-23	5.30079e-27	2.83103e-31	1.23526e-35	
N10	1.02492e-92	3.08699e-68	1.70137e-62	2.00652e-57	7.79256e-53	5.27418e-49	6.05809e-46	3.03307e-41	1.77745e-35	5.16857e-30	7.38453e-25	5.05405e-20	1.57621e-15	2.05939e-11	9.82833e-08	0.000136272	0.0362881	0.769712	0.19001	0.00383669	1.66652e-05	2.50028e-08	1.69359e-11	6.12962e-15	1.32782e-18	1.86487e-22	1.79992e-26	1.24755e-30	7.572e-35	
N11	4.03729e-94	2.91851e-68	3.68059e-61	9.14313e-55	7.86167e-49	2.92084e-43	5.24846e-38	4.85346e-33	2.38647e-28	6.31626e-24	8.95647e-20	6.6616e-16	2.49655e-12	4.41692e-09	3.32972e-06	0.000906294	0.0666556	0.730865	0.193922	0.00755448	9.2238e-05	5.00057e-07	1.46589e-09	2.63444e-12	3.16456e-15	2.70529e-18	1.72565e-21	8.53367e-25	4.09084e-28	
B983	0	0	0	0	0	0	0	0	0	0	0	0	0	0	0	0	0	1	0	0	0	0	0	0	0	0	0	0	0	
B11604	0	0	0	0	0	0	0	0	0	0	0	0	0	0	0	0	0	1	0	0	0	0	0	0	0	0	0	0	0	
N12	1.03005e-95	9.05757e-70	1.37764e-62	4.14731e-56	4.34176e-50	1.97298e-44	4.35599e-39	4.97198e-34	3.03172e-29	9.99933e-25	1.77623e-20	1.66453e-16	7.91072e-13	1.78805e-09	1.73652e-06	0.00061397	0.0587714	0.801994	0.134899	0.00368757	3.30332e-05	1.34805e-07	3.02634e-10	4.21824e-13	3.96891e-16	2.67912e-19	1.35871e-22	5.37036e-26	2.01803e-29	
BGAA1	0	0	0	0	0	0	0	0	0	0	0	0	0	0	0	0	0	1	0	0	0	0	0	0	0	0	0	0	0	
BGA584	0	0	0	0	0	0	0	0	0	0	0	0	0	0	0	0	0	1	0	0	0	0	0	0	0	0	0	0	0	
N13	7.22405e-94	4.88797e-68	5.75306e-61	1.34018e-54	1.08564e-48	3.81729e-43	6.52107e-38	5.75906e-33	2.71704e-28	6.93365e-24	9.52993e-20	6.91074e-16	2.54212e-12	4.44969e-09	3.3505e-06	0.000921054	0.0691041	0.763531	0.16077	0.00560652	6.42869e-05	3.36104e-07	9.66864e-10	1.72685e-12	2.08177e-15	1.80031e-18	1.16957e-21	5.92201e-25	2.88712e-28	
BGA303	0	0	0	0	0	0	0	0	0	0	0	0	0	0	0	0	0	1	0	0	0	0	0	0	0	0	0	0	0	
BGAB1	0	0	0	0	0	0	0	0	0	0	0	0	0	0	0	0	0	1	0	0	0	0	0	0	0	0	0	0	0	
PGA445	0	0	0	0	0	0	0	0	0	0	0	0	0	0	0	0	0	1	0	0	0	0	0	0	0	0	0	0	0	
N14	2.39643e-60	2.05146e-46	6.28211e-42	5.77331e-38	8.40539e-35	1.33344e-32	9.51207e-30	3.08926e-24	3.45746e-19	1.06357e-14	6.55049e-11	8.40355e-08	2.86143e-05	0.00289566	0.0829135	0.514435	0.379671	0.0199286	0.00012742	2.00587e-07	1.16937e-10	3.22922e-14	4.92237e-18	4.57659e-22	2.7783e-26	1.15474e-30	3.39563e-35	7.99868e-40	2.51365e-42	
N15	7.86497e-57	2.04193e-42	1.19418e-35	1.08817e-29	2.56837e-24	1.84676e-19	4.18496e-15	2.85975e-11	5.25879e-08	2.1641e-05	0.00165606	0.0296163	0.167435	0.359101	0.316352	0.112214	0.0133403	0.000262232	1.2389e-06	2.58885e-09	3.04496e-12	2.29483e-15	1.20247e-18	4.63583e-22	1.37583e-25	3.60638e-29	2.84932e-32	1.09233e-34	5.3986e-37	
Rhaspe	0	0	0	0	0	0	0	0	0	1	0	0	0	0	0	0	0	0	0	0	0	0	0	0	0	0	0	0	0	
N16	6.89006e-55	2.01739e-32	1.15648e-28	2.65989e-25	7.91255e-21	1.13722e-16	5.82056e-13	1.05107e-09	6.24755e-07	0.000107522	0.0046374	0.0553282	0.228172	0.373794	0.257798	0.072882	0.00713869	0.000140105	9.04888e-07	2.97099e-09	6.00215e-12	8.29798e-15	8.3963e-18	6.50961e-21	3.99609e-24	1.99031e-27	8.25097e-31	9.15365e-34	4.91586e-35	
Rhamar	0	0	0	0	0	0	0	0	0	1	0	0	0	0	0	0	0	0	0	0	0	0	0	0	0	0	0	0	0	
Rhatem	0	0	0	0	0	0	0	0	0	0	1	0	0	0	0	0	0	0	0	0	0	0	0	0	0	0	0	0	0	
N17	5.69669e-66	5.48043e-54	2.57144e-51	4.17956e-47	7.81798e-43	7.95544e-39	4.6971e-35	2.40946e-30	1.49976e-24	3.3246e-19	2.20375e-14	3.52167e-10	1.12175e-06	0.000617602	0.050583	0.499251	0.427129	0.0223169	0.000101603	8.89272e-08	2.45531e-11	2.86695e-15	1.6934e-19	5.64615e-24	1.13735e-28	1.45516e-33	3.28564e-38	4.40364e-40	3.41984e-41	
N18	2.03231e-63	1.42696e-49	3.79085e-45	3.94005e-41	1.73857e-37	2.17066e-34	7.18662e-32	2.93799e-28	4.48357e-23	2.89373e-18	7.08091e-14	5.56209e-10	1.01909e-06	0.000384415	0.0294213	0.373641	0.525689	0.0697206	0.00113887	4.43349e-06	6.25784e-09	4.11254e-12	1.47696e-15	3.23391e-19	4.66826e-23	4.70658e-27	3.46169e-31	1.92087e-35	9.07123e-40	
N19	2.21028e-78	9.04343e-53	6.30831e-46	8.16096e-40	3.40639e-34	5.65135e-29	4.09686e-24	1.34625e-19	1.99553e-15	1.27251e-11	3.12563e-08	2.29845e-05	0.00201124	0.0408791	0.252684	0.473221	0.215974	0.0149798	0.000226225	1.31136e-06	3.81969e-09	6.53438e-12	7.26642e-15	5.63917e-18	3.21785e-21	1.40497e-24	4.84283e-28	1.35592e-31	3.80625e-35	
FGA379	0	0	0	0	0	0	0	0	0	0	0	0	0	0	0	0	1	0	0	0	0	0	0	0	0	0	0	0	0	
N20	9.78541e-73	3.25757e-47	1.81383e-40	1.81334e-34	5.62697e-29	6.62092e-24	3.21041e-19	6.54701e-15	5.4529e-11	1.70109e-07	0.000166067	0.0340991	0.291125	0.445186	0.197653	0.0302102	0.00153969	2.04038e-05	9.06106e-08	1.92552e-10	2.3682e-13	1.89056e-16	1.05736e-19	4.37453e-23	1.39427e-26	3.53242e-30	7.29271e-34	1.25278e-37	2.11725e-41	
N21	4.39798e-61	1.06917e-49	3.56402e-45	2.07237e-38	3.47544e-32	2.06662e-26	4.75524e-21	4.32012e-16	1.49299e-11	1.75172e-07	0.000535258	0.179637	0.563202	0.242006	0.0144077	0.000210672	9.03266e-07	1.22689e-09	7.0288e-13	2.08081e-16	3.61142e-20	3.98442e-24	3.6773e-28	7.81829e-29	5.36038e-30	3.18144e-32	1.50202e-34	6.25802e-37	2.60726e-39	
N22	4.88444e-56	2.04751e-46	7.32373e-46	1.04096e-40	5.90603e-34	1.30424e-27	1.00781e-21	2.72345e-16	2.38536e-11	5.60405e-07	0.00229378	0.435265	0.508616	0.0531408	0.000682206	1.81964e-06	1.30142e-09	3.06368e-13	3.19528e-17	1.78489e-21	6.01244e-26	1.31963e-30	2.65741e-35	1.87923e-36	4.9914e-38	7.61127e-41	4.29078e-43	6.06892e-44	6.12565e-45	
F3015	0	0	0	0	0	0	0	0	0	0	1	0	0	0	0	0	0	0	0	0	0	0	0	0	0	0	0	0	0	
N23	6.43398e-57	1.60152e-47	1.3089e-47	7.65717e-41	5.88004e-34	1.43887e-27	1.21145e-21	3.50048e-16	3.20051e-11	7.57542e-07	0.00295125	0.530104	0.445654	0.0211889	0.000100861	9.10779e-08	2.3641e-11	2.45606e-15	1.28979e-19	3.94791e-24	7.70297e-29	1.01488e-33	9.37694e-39	1.09356e-42	4.7335e-43	2.67911e-43	4.72723e-44	4.14126e-45	3.14527e-46	
N24	9.81891e-79	3.25958e-55	7.50053e-48	1.37415e-40	6.96242e-34	1.19534e-27	7.52404e-22	1.74461e-16	1.39682e-11	3.27484e-07	0.00156079	0.588912	0.400053	0.00945307	2.04773e-05	1.02629e-08	1.95604e-12	1.84352e-16	1.00278e-20	3.46822e-25	8.12649e-30	1.34655e-34	1.62475e-39	5.39686e-44	3.19804e-46	6.50021e-49	5.53826e-52	3.26389e-55	1.75257e-58	
N25	1.74275e-68	9.71003e-54	1.86515e-48	1.33373e-43	1.13642e-38	1.43759e-31	8.83576e-25	1.73998e-18	1.03983e-12	1.54291e-07	0.00328119	0.852402	0.143959	0.000358234	6.55043e-08	2.96389e-12	5.26425e-17	4.54909e-22	2.1474e-27	5.93494e-33	1.36862e-38	1.02273e-42	2.17864e-46	3.92922e-50	6.00615e-54	7.83748e-58	8.77064e-62	8.45e-66	7.26736e-70	
N26	1.39862e-57	2.03987e-47	6.09106e-47	2.12251e-42	3.75223e-36	3.5775e-29	9.76651e-23	7.95854e-17	1.84796e-11	1.03099e-06	0.00801284	0.859	0.132651	0.000335398	7.86775e-08	5.33604e-12	1.57469e-16	2.39663e-21	2.04428e-26	1.06748e-31	5.31743e-36	3.85786e-39	2.38418e-42	9.37698e-44	6.90416e-44	7.40933e-45	4.83107e-46	2.81904e-47	1.65433e-48	
F1476	0	0	0	0	0	0	0	0	0	0	1	0	0	0	0	0	0	0	0	0	0	0	0	0	0	0	0	0	0	
N27	3.75206e-66	1.63485e-56	3.30748e-50	1.72353e-42	2.38624e-35	1.0848e-28	1.76316e-22	1.03268e-16	2.0367e-11	1.12094e-06	0.0106888	0.848309	0.140069	0.00093179	4.56978e-07	6.38221e-11	3.82652e-15	1.20601e-19	2.24615e-24	2.65927e-29	2.09611e-34	1.13219e-39	1.14193e-42	1.11589e-39	2.4517e-39	2.22393e-40	1.55119e-41	1.02089e-42	6.72069e-44	
Furcep	0	0	0	0	0	0	0	0	0	0	0	0	0	1	0	0	0	0	0	0	0	0	0	0	0	0	0	0	0	
N28	2.18772e-74	5.48543e-52	3.75336e-45	5.45773e-38	2.16417e-31	2.86236e-25	1.36102e-19	2.32113e-14	1.31425e-09	2.03992e-05	0.0543335	0.863091	0.0822477	0.000307213	1.69881e-07	3.40291e-11	3.38439e-15	1.97023e-19	7.41055e-24	1.92036e-28	3.58171e-33	4.954e-38	5.22241e-43	1.8344e-45	1.77892e-46	4.64331e-49	5.04674e-52	4.67507e-55	4.16484e-58	
Furpol	0	0	0	0	0	0	0	0	0	0	0	1	0	0	0	0	0	0	0	0	0	0	0	0	0	0	0	0	0	
N29	2.44699e-74	4.96655e-48	1.51104e-40	7.81469e-34	1.17146e-27	6.09779e-22	1.16346e-16	7.92818e-12	1.7279e-07	0.000936716	0.672875	0.320758	0.00542252	7.96119e-06	3.72474e-09	8.12057e-13	1.00253e-16	7.898e-21	4.30347e-25	1.71802e-29	5.24577e-34	1.26626e-38	2.48013e-43	4.02461e-48	5.50353e-53	6.43114e-58	6.49671e-63	5.72891e-68	4.69873e-73	
N30	1.217e-74	3.07194e-48	1.14261e-40	7.14586e-34	1.27893e-27	7.82265e-22	1.71684e-16	1.30474e-11	3.01903e-07	0.0015896	0.906702	0.0913721	0.000335638	2.29842e-07	5.87653e-11	7.55018e-15	5.74855e-19	2.87884e-23	1.01838e-27	2.67895e-32	5.44593e-37	8.81181e-42	1.16147e-46	1.27033e-51	1.17017e-56	9.1886e-62	6.21141e-67	3.64391e-72	1.95401e-77	
F2241	0	0	0	0	0	0	0	0	0	0	1	0	0	0	0	0	0	0	0	0	0	0	0	0	0	0	0	0	0	
Furang	0	0	0	0	0	0	0	0	0	0	1	0	0	0	0	0	0	0	0	0	0	0	0	0	0	0	0	0	0	
FGA490	0	0	0	0	0	0	0	0	0	0	1	0	0	0	0	0	0	0	0	0	0	0	0	0	0	0	0	0	0	
N31	6.8071e-84	9.55652e-57	1.88498e-48	6.11697e-41	5.60481e-34	1.74835e-27	1.97327e-21	7.91342e-16	1.02117e-10	3.37552e-06	0.01666	0.942539	0.0407593	3.87495e-05	8.0459e-09	6.35762e-13	2.50035e-17	5.72177e-22	8.42157e-27	8.53599e-32	6.25422e-37	3.43158e-42	1.44729e-47	4.78362e-53	1.25674e-58	2.65077e-64	4.51828e-70	6.24556e-76	7.20905e-82	
N32	2.70349e-62	2.54085e-50	2.76946e-47	6.58009e-40	4.68563e-33	1.07872e-26	8.67094e-21	2.42351e-15	2.16124e-10	4.97266e-06	0.0175582	0.951997	0.0304022	3.74965e-05	1.00219e-08	1.02969e-12	5.33594e-17	1.61739e-21	3.13545e-26	4.11692e-31	3.79648e-36	2.5117e-41	1.20323e-46	1.61815e-51	1.58191e-52	8.50246e-56	2.8589e-59	8.46587e-63	2.34588e-66	
N33	1.29768e-70	5.68183e-58	2.24457e-53	2.43344e-45	7.03439e-38	6.51755e-31	2.10684e-24	2.39297e-18	8.92413e-13	9.09905e-08	0.00162965	0.955241	0.0430239	0.000105135	1.98907e-08	1.11517e-12	2.73846e-17	3.56791e-22	2.7542e-27	1.34801e-32	4.3617e-38	9.57927e-44	1.16495e-47	1.3988e-46	6.79393e-46	1.65143e-47	3.34192e-49	6.34198e-51	1.15256e-52	
N34	3.27328e-81	1.05571e-57	1.87784e-49	5.52173e-42	4.40851e-35	1.17758e-28	1.14382e-22	4.07612e-17	5.02798e-12	1.84311e-07	0.0014272	0.971437	0.0270958	3.93182e-05	1.15793e-08	1.27791e-12	7.01393e-17	2.2325e-21	4.52088e-26	6.18349e-31	5.93849e-36	4.102e-41	3.18133e-46	2.74962e-47	4.68671e-49	3.48861e-52	1.75475e-55	7.66857e-59	3.05722e-62	
N35	3.37797e-81	1.50725e-54	9.91668e-47	1.11663e-39	3.70844e-33	4.41085e-27	2.02059e-21	3.5731e-16	2.29402e-11	4.61332e-07	0.0021199	0.985759	0.0121053	1.50357e-05	5.47325e-09	8.78149e-13	7.68566e-17	4.1743e-21	1.53177e-25	4.02956e-30	7.93299e-35	1.20674e-39	1.4531e-44	1.41088e-49	1.12023e-54	7.35078e-60	4.01713e-65	1.83796e-70	7.36342e-76	
FGA456	0	0	0	0	0	0	0	0	0	0	0	1	0	0	0	0	0	0	0	0	0	0	0	0	0	0	0	0	0	
FGA513	0	0	0	0	0	0	0	0	0	0	0	1	0	0	0	0	0	0	0	0	0	0	0	0	0	0	0	0	0	
F12278	0	0	0	0	0	0	0	0	0	0	0	1	0	0	0	0	0	0	0	0	0	0	0	0	0	0	0	0	0	
N36	3.97073e-81	1.29584e-54	6.45955e-47	5.68535e-40	1.52437e-33	1.51616e-27	6.04833e-22	9.79354e-17	6.16056e-12	1.34335e-07	0.000797553	0.707482	0.277437	0.0142662	1.65733e-05	6.16977e-09	1.09693e-12	1.12767e-16	7.51523e-21	3.50356e-25	1.20595e-29	3.18975e-34	6.68408e-39	1.13638e-43	1.59737e-48	1.88483e-53	1.88997e-58	1.62671e-63	1.27887e-68	
Furant	0	0	0	0	0	0	0	0	0	0	0	1	0	0	0	0	0	0	0	0	0	0	0	0	0	0	0	0	0	
FGA331	0	0	0	0	0	0	0	0	0	0	0	0	0	1	0	0	0	0	0	0	0	0	0	0	0	0	0	0	0	
FGA465	0	0	0	0	0	0	0	0	0	0	1	0	0	0	0	0	0	0	0	0	0	0	0	0	0	0	0	0	0	
N37	1.6739e-76	5.13017e-50	2.31541e-42	1.75633e-35	3.82734e-29	2.87734e-23	7.89613e-18	7.72525e-13	2.41957e-08	0.000189579	0.202234	0.789752	0.00781542	8.86488e-06	3.18635e-09	5.27488e-13	4.89544e-17	2.87301e-21	1.15567e-25	3.37324e-30	7.45094e-35	1.28565e-39	1.77597e-44	2.00207e-49	1.86993e-54	1.46438e-59	9.7058e-65	5.48429e-70	2.79374e-75	
FGA99	0	0	0	0	0	0	0	0	0	0	1	0	0	0	0	0	0	0	0	0	0	0	0	0	0	0	0	0	0	
N38	4.66261e-76	1.2939e-49	5.26919e-42	3.60262e-35	7.07703e-29	4.80237e-23	1.19269e-17	1.06042e-12	3.03726e-08	0.000219876	0.221959	0.773325	0.00449206	4.3489e-06	1.46966e-09	2.38985e-13	2.23383e-17	1.34163e-21	5.58205e-26	1.6972e-30	3.92207e-35	7.09581e-40	1.02814e-44	1.21424e-49	1.18491e-54	9.6558e-60	6.62387e-65	3.84821e-70	1.99522e-75	
FGA15	0	0	0	0	0	0	0	0	0	0	1	0	0	0	0	0	0	0	0	0	0	0	0	0	0	0	0	0	0	
FGA581	0	0	0	0	0	0	0	0	0	0	0	1	0	0	0	0	0	0	0	0	0	0	0	0	0	0	0	0	0	
FGA104	0	0	0	0	0	0	0	0	0	0	0	0	1	0	0	0	0	0	0	0	0	0	0	0	0	0	0	0	0	
FGA489	0	0	0	0	0	0	0	0	0	0	1	0	0	0	0	0	0	0	0	0	0	0	0	0	0	0	0	0	0	
FGA174	0	0	0	0	0	0	0	0	0	0	0	0	0	1	0	0	0	0	0	0	0	0	0	0	0	0	0	0	0	
FurbGB	0	0	0	0	0	0	0	0	0	0	0	1	0	0	0	0	0	0	0	0	0	0	0	0	0	0	0	0	0	
N39	9.47401e-87	1.3147e-62	1.97776e-57	4.89812e-53	9.19372e-47	1.20859e-40	6.81674e-35	1.74452e-29	2.06592e-24	1.11943e-19	2.65112e-15	2.49999e-11	7.97124e-08	6.61668e-05	0.0108406	0.254575	0.594443	0.135918	0.0041256	3.12314e-05	8.72653e-08	1.14112e-10	8.13504e-14	3.50689e-17	9.83716e-21	1.90198e-24	1.01474e-27	2.22414e-29	2.94991e-31	
N40	4.73985e-89	3.59831e-63	4.6525e-56	1.15475e-49	9.62906e-44	3.35075e-38	5.41242e-33	4.28326e-28	1.69763e-23	3.36225e-19	3.24569e-15	1.45148e-11	2.75976e-08	1.93819e-05	0.00395828	0.152275	0.600057	0.229891	0.0135728	0.000224692	1.49455e-06	4.97037e-09	9.53195e-12	1.16374e-14	9.7193e-18	5.86229e-21	2.66332e-24	9.43783e-28	3.22288e-31	
N41	2.2606e-87	2.74822e-68	8.29788e-61	4.70731e-54	8.82105e-48	6.81228e-42	2.42239e-36	4.20549e-31	3.6621e-26	1.60492e-21	3.47557e-17	3.56365e-13	1.60431e-09	2.79231e-06	0.00150149	0.15736	0.677036	0.159519	0.00454686	3.47398e-05	1.06106e-07	1.62691e-10	1.44577e-13	8.20761e-17	3.19038e-20	8.93854e-24	1.87697e-27	3.04995e-31	4.68171e-35	
CGA312	0	0	0	0	0	0	0	0	0	0	0	0	0	0	0	0	0	1	0	0	0	0	0	0	0	0	0	0	0	
N42	2.26934e-79	5.15407e-65	4.79443e-60	3.82308e-56	6.87376e-54	9.05811e-52	5.47114e-45	1.75846e-38	2.53813e-32	1.66157e-26	4.84017e-21	5.95812e-16	2.81004e-11	4.22819e-07	0.00138513	0.2112	0.700359	0.0864253	0.000628882	8.10068e-07	3.25547e-10	5.50795e-14	4.68526e-18	2.24059e-22	6.47233e-27	1.18088e-31	4.7397e-36	7.63618e-37	5.03127e-39	
N43	4.04665e-45	3.01444e-45	3.40704e-46	1.07436e-47	1.70864e-49	8.65142e-48	6.13458e-46	2.34792e-41	1.50358e-36	8.47231e-30	3.54434e-23	4.98995e-17	2.05359e-11	1.7381e-06	0.006635	0.386707	0.59906	0.00759283	3.06447e-06	1.86177e-10	3.43343e-15	2.64948e-20	1.00571e-25	2.05028e-31	2.36369e-37	7.14143e-43	1.18215e-43	4.59514e-45	1.4536e-46	
N44	1.66279e-67	2.38271e-55	1.36002e-52	2.09331e-50	4.71782e-49	2.40781e-48	1.53071e-46	3.16819e-41	2.20195e-34	6.11201e-28	6.24063e-22	2.30018e-16	2.85293e-11	9.45105e-07	0.00465713	0.373995	0.613669	0.00767244	5.57205e-06	8.87123e-10	5.11089e-14	1.32942e-18	1.74005e-23	1.22235e-28	1.50904e-33	9.41549e-37	6.55984e-40	1.3582e-41	5.83374e-42	
N45	2.27253e-72	1.9658e-58	6.67019e-54	8.03501e-50	2.81125e-46	4.90242e-44	2.31694e-42	9.68271e-38	6.41771e-32	2.04519e-26	3.08722e-21	2.11743e-16	6.10205e-12	6.4368e-08	0.000192641	0.0943804	0.836259	0.0689679	0.000199567	1.4966e-07	4.64028e-11	7.48476e-15	7.19392e-19	4.49964e-23	1.94613e-27	6.07825e-32	1.41483e-36	3.11382e-41	1.12958e-42	
CGA642	0	0	0	0	0	0	0	0	0	0	0	0	0	0	0	0	1	0	0	0	0	0	0	0	0	0	0	0	0	
N46	4.58792e-96	3.35134e-71	4.32252e-65	9.28253e-60	9.44352e-56	2.04887e-52	2.56214e-46	6.48018e-40	7.90096e-34	4.67856e-28	1.32431e-22	1.71657e-17	9.40224e-13	1.88969e-08	0.00010761	0.0989687	0.815441	0.0853039	0.000178507	9.13965e-08	1.87455e-11	1.95887e-15	1.2029e-19	4.76465e-24	1.29837e-28	2.54944e-33	3.7432e-38	8.23807e-42	1.85535e-43	
CGA763	0	0	0	0	0	0	0	0	0	0	0	0	0	0	0	1	0	0	0	0	0	0	0	0	0	0	0	0	0	
C601	0	0	0	0	0	0	0	0	0	0	0	0	0	0	0	0	0	1	0	0	0	0	0	0	0	0	0	0	0	
N47	7.2411e-65	6.51046e-53	1.71906e-50	6.43217e-49	6.30423e-49	6.06156e-49	7.2779e-43	1.91788e-36	2.20301e-30	1.11223e-24	2.408e-19	2.09111e-14	6.38663e-10	5.32263e-06	0.00701546	0.388431	0.596304	0.00823151	1.21976e-05	4.94519e-09	8.18889e-13	6.86979e-17	3.31937e-21	1.00231e-25	1.99548e-30	2.71208e-35	3.07355e-40	4.24868e-41	1.0338e-40	
CGA236	0	0	0	0	0	0	0	0	0	0	0	0	0	0	0	0	1	0	0	0	0	0	0	0	0	0	0	0	0	
N48	3.25327e-83	6.28504e-59	2.19152e-53	1.26836e-48	2.31778e-45	3.97102e-42	3.84567e-36	1.78495e-30	3.67154e-25	3.34311e-20	1.3019e-15	2.00781e-11	1.06398e-07	0.000149078	0.0330359	0.4678	0.490252	0.00873785	2.53801e-05	2.43965e-08	1.08121e-11	2.64925e-15	4.00782e-19	4.0236e-23	2.81492e-27	1.4185e-31	5.26194e-36	6.18146e-40	5.80284e-41	
N49	7.90842e-91	1.41095e-64	4.1507e-57	2.32525e-50	4.33578e-44	3.33629e-38	1.17515e-32	1.99167e-27	1.64995e-22	6.59941e-18	1.22188e-13	9.63851e-10	2.77319e-06	0.00207578	0.0708804	0.4628	0.428272	0.0357796	0.000189611	3.29475e-07	2.74923e-10	1.32862e-13	4.16408e-17	9.1318e-21	1.47968e-24	1.84538e-28	1.82834e-32	1.47592e-36	1.10074e-40	
Calboe	0	0	0	0	0	0	0	0	0	0	0	0	0	1	0	0	0	0	0	0	0	0	0	0	0	0	0	0	0	
C3125	0	0	0	0	0	0	0	0	0	0	0	0	0	0	0	0	0	1	0	0	0	0	0	0	0	0	0	0	0	
CGA429	0	0	0	0	0	0	0	0	0	0	0	0	0	0	1	0	0	0	0	0	0	0	0	0	0	0	0	0	0	
N50	6.08876e-59	3.73238e-47	2.61103e-45	2.8587e-44	2.27756e-44	6.31168e-43	9.80239e-39	2.37919e-32	2.33103e-26	9.17711e-21	1.38424e-15	7.15682e-11	1.01519e-06	0.0024475	0.22613	0.596271	0.174356	0.000793002	3.38186e-07	4.98915e-11	3.56351e-15	1.45297e-19	3.71686e-24	6.32902e-29	7.45112e-34	6.34306e-39	2.36197e-42	8.00306e-45	9.07616e-44	
C984	0	0	0	0	0	0	0	0	0	0	0	0	0	1	0	0	0	0	0	0	0	0	0	0	0	0	0	0	0	
N51	1.98724e-80	3.03333e-56	8.17752e-51	3.48111e-46	4.88293e-43	5.81474e-40	5.48726e-34	2.43452e-28	4.76266e-23	4.044e-18	1.41264e-13	1.82568e-09	7.15994e-06	0.00572329	0.329132	0.562638	0.102085	0.000414228	3.65615e-07	1.3196e-10	2.5175e-14	2.91439e-18	2.22783e-22	1.18943e-26	4.60979e-31	1.33194e-35	4.52089e-40	1.27165e-41	3.47661e-43	
CGA310	0	0	0	0	0	0	0	0	0	0	0	0	0	0	1	0	0	0	0	0	0	0	0	0	0	0	0	0	0	
N52	8.26328e-86	9.93396e-60	1.95567e-52	7.21774e-46	8.70562e-40	4.24024e-34	9.21164e-29	9.32898e-24	4.43961e-19	9.70018e-15	9.17958e-11	3.37589e-07	0.000395398	0.0965862	0.731469	0.166457	0.00507015	2.22902e-05	3.60831e-08	2.94596e-11	1.43179e-14	4.59413e-18	1.04463e-21	1.77215e-25	2.33185e-29	2.45316e-33	2.11382e-37	1.52161e-41	1.02926e-45	
CGA365	0	0	0	0	0	0	0	0	0	0	0	0	0	0	1	0	0	0	0	0	0	0	0	0	0	0	0	0	0	
CGA494	0	0	0	0	0	0	0	0	0	0	0	0	0	1	0	0	0	0	0	0	0	0	0	0	0	0	0	0	0	
N53	2.91795e-73	2.32706e-59	7.28239e-55	6.72913e-51	1.51393e-47	3.27792e-45	9.92961e-43	7.12628e-37	3.08899e-31	6.56198e-26	6.75588e-21	3.24958e-16	6.8008e-12	5.45025e-08	0.000131861	0.0575519	0.566895	0.359026	0.0163319	6.33555e-05	7.28489e-08	3.67526e-11	9.94497e-15	1.6295e-18	1.75153e-22	1.30579e-26	7.02681e-31	3.03794e-35	2.6524e-37	
N54	2.68565e-92	1.26111e-67	1.06997e-61	1.85431e-56	8.51193e-52	8.58429e-48	1.04648e-43	1.27508e-37	8.18255e-32	2.53671e-26	3.737e-21	2.50287e-16	7.01515e-12	7.10125e-08	0.000196607	0.0787087	0.59015	0.324009	0.00692016	1.5114e-05	1.00339e-08	2.96308e-12	4.75295e-16	4.6805e-20	3.06965e-24	1.41944e-28	4.82329e-33	1.24241e-37	3.74379e-42	
C12265	0	0	0	0	0	0	0	0	0	0	0	0	0	0	0	0	0	1	0	0	0	0	0	0	0	0	0	0	0	
N55	2.45576e-76	5.90177e-62	5.39382e-57	2.02283e-52	4.11252e-48	5.04105e-44	3.91758e-40	1.98079e-36	2.6299e-32	2.43128e-26	1.20403e-20	2.37336e-15	1.72517e-10	3.90881e-06	0.0177876	0.923753	0.0579974	0.000458114	3.01937e-07	5.10274e-11	3.52443e-15	1.22015e-19	2.3615e-24	2.76226e-29	1.20446e-33	1.26595e-36	1.32911e-39	1.20336e-42	1.00148e-45	
C404	0	0	0	0	0	0	0	0	0	0	0	0	0	0	1	0	0	0	0	0	0	0	0	0	0	0	0	0	0	
N56	5.83278e-97	6.66346e-72	1.34534e-65	5.76611e-60	9.23444e-55	6.91049e-50	2.83406e-45	1.2544e-39	4.22965e-33	5.99589e-27	3.51254e-21	8.22246e-16	7.08198e-11	1.8644e-06	0.00924253	0.953764	0.0368694	0.000122184	4.27093e-08	4.57108e-12	2.19769e-16	5.74798e-21	9.03375e-26	9.04142e-31	6.1224e-36	1.62177e-40	9.85253e-44	6.15178e-47	3.48586e-50	
Cl11778	0	0	0	0	0	0	0	0	0	0	0	0	0	0	0	1	0	0	0	0	0	0	0	0	0	0	0	0	0	
CGA48	0	0	0	0	0	0	0	0	0	0	0	0	0	0	0	1	0	0	0	0	0	0	0	0	0	0	0	0	0	
C3126	0	0	0	0	0	0	0	0	0	0	0	0	0	0	0	0	0	0	1	0	0	0	0	0	0	0	0	0	0	
N57	1.12753e-64	2.39292e-51	2.08556e-47	7.63538e-44	1.47498e-40	7.42599e-38	5.30198e-36	1.02346e-34	3.09656e-31	2.85691e-26	1.30575e-21	2.87721e-17	2.90837e-13	1.24025e-09	1.94623e-06	0.000896483	0.082716	0.790784	0.123799	0.00179479	7.27543e-06	1.23678e-08	1.09409e-11	5.75501e-15	1.96788e-18	4.65747e-22	7.98668e-26	1.02833e-29	1.21253e-33	
CGA311	0	0	0	0	0	0	0	0	0	0	0	0	0	0	0	0	0	1	0	0	0	0	0	0	0	0	0	0	0	
N58	3.01926e-97	1.51219e-72	1.37895e-66	2.4943e-61	1.14438e-56	1.09128e-52	5.19163e-47	6.73073e-41	4.32437e-35	1.38065e-29	2.15812e-24	1.59093e-19	5.18285e-15	6.73046e-11	2.96259e-07	0.000339369	0.0638992	0.803056	0.131167	0.00153471	4.21738e-06	4.30605e-09	2.09149e-12	5.63898e-16	9.37376e-20	1.03609e-23	8.05714e-28	4.607e-32	2.38001e-36	
N59	2.60358e-78	4.37627e-64	2.86047e-59	7.78075e-55	1.08913e-50	1.85572e-47	6.57151e-45	1.86308e-42	1.06975e-36	5.07674e-31	1.18552e-25	1.3285e-20	6.79072e-16	1.4516e-11	1.1215e-07	0.000242002	0.086298	0.868996	0.044276	0.000187961	2.04433e-07	8.83392e-11	1.915e-14	2.40161e-18	1.91488e-22	1.0368e-26	3.99824e-31	1.13779e-35	2.67362e-40	
CGA45	0	0	0	0	0	0	0	0	0	0	0	0	0	0	0	0	1	0	0	0	0	0	0	0	0	0	0	0	0	
N60	4.82384e-95	1.66829e-70	1.06727e-64	1.46553e-59	4.90507e-55	2.0137e-51	5.9789e-48	6.43622e-42	4.15893e-36	1.35528e-30	2.22964e-25	1.81727e-20	7.03299e-16	1.19849e-11	7.90084e-08	0.000159812	0.0616775	0.895927	0.0420367	0.000198501	2.59525e-07	1.41713e-10	4.02544e-14	6.79774e-18	7.44957e-22	5.62926e-26	3.0631e-30	1.23935e-34	1.32048e-38	
C3043	0	0	0	0	0	0	0	0	0	0	0	0	0	0	0	0	0	1	0	0	0	0	0	0	0	0	0	0	0	
CGA364	0	0	0	0	0	0	0	0	0	0	0	0	0	0	0	0	0	1	0	0	0	0	0	0	0	0	0	0	0	
C2208	0	0	0	0	0	0	0	0	0	0	0	0	0	0	0	0	0	0	1	0	0	0	0	0	0	0	0	0	0	
N61	1.30374e-84	1.89054e-66	2.3147e-59	5.51524e-53	4.48816e-47	1.55478e-41	2.56145e-36	2.13015e-31	9.20993e-27	2.08702e-22	2.45353e-18	1.45401e-14	4.12931e-11	5.18864e-08	2.5513e-05	0.00405629	0.153684	0.788433	0.0529941	0.000801646	4.76087e-06	1.43592e-08	2.55651e-11	2.96604e-14	2.40451e-17	1.43436e-20	6.55116e-24	2.36905e-27	8.40997e-31	
N62	2.9121e-99	1.63479e-83	3.55489e-75	1.43245e-67	1.88643e-60	1.0164e-53	2.51263e-47	3.03496e-41	1.84995e-35	5.74902e-30	9.02851e-25	6.96295e-20	2.50162e-15	3.83956e-11	2.18621e-07	0.000362054	0.106909	0.876012	0.0166689	4.83282e-05	4.51858e-08	1.90038e-11	4.33472e-15	6.03827e-19	5.57093e-23	3.60836e-27	1.71344e-31	6.16559e-36	1.87705e-40	
CGA453	0	0	0	0	0	0	0	0	0	0	0	0	0	0	0	0	0	1	0	0	0	0	0	0	0	0	0	0	0	
N63	3.53788e-117	1.18522e-89	6.19532e-81	6.06675e-73	1.96287e-65	2.6274e-58	1.63255e-51	5.01865e-45	7.89173e-39	6.42205e-33	2.68527e-27	5.61764e-22	5.59035e-17	2.43179e-12	4.01755e-08	0.000196268	0.165738	0.829541	0.00452034	4.00755e-06	1.19715e-09	1.66151e-13	1.28348e-17	6.18869e-22	2.0144e-26	4.68199e-31	8.10168e-36	1.07742e-40	1.1935e-45	
CGA501	0	0	0	0	0	0	0	0	0	0	0	0	0	0	0	0	0	1	0	0	0	0	0	0	0	0	0	0	0	
C3121	0	0	0	0	0	0	0	0	0	0	0	0	0	0	0	0	1	0	0	0	0	0	0	0	0	0	0	0	0	
N64	8.98906e-50	3.36639e-48	1.16349e-46	3.6119e-45	1.00302e-43	5.1209e-66	6.85527e-58	1.67144e-50	1.23699e-43	3.38899e-37	3.81139e-31	1.83644e-25	3.81257e-20	3.30606e-15	1.10434e-10	1.2212e-06	0.00328632	0.993121	0.00358964	2.04383e-06	3.92771e-10	3.42626e-14	1.57308e-18	4.1354e-23	6.47872e-28	6.10212e-33	3.38111e-38	1.02301e-43	1.53869e-49	
Calparcri	0	0	0	0	0	0	0	0	0	0	0	0	0	0	0	0	0	1	0	0	0	0	0	0	0	0	0	0	0	
C3118	0	0	0	0	0	0	0	0	0	0	0	0	0	0	0	0	0	1	0	0	0	0	0	0	0	0	0	0	0	
N65	5.06267e-68	6.07871e-56	2.14452e-53	2.23065e-51	6.86164e-48	4.51837e-43	6.25109e-37	1.29089e-30	9.50476e-25	2.38522e-19	1.84772e-14	3.55463e-10	1.14149e-06	0.000611811	0.0496586	0.493388	0.431412	0.0247865	0.000142111	1.73201e-07	7.04908e-11	1.24364e-14	1.10765e-18	5.46504e-23	1.60733e-27	9.38635e-32	1.4935e-34	2.98693e-37	3.11713e-39	
N66	8.71592e-90	9.24486e-64	1.61448e-56	5.30802e-50	5.73854e-44	2.52809e-38	5.03462e-33	4.76881e-28	2.18832e-23	4.83372e-19	4.98906e-15	2.27473e-11	4.18108e-08	2.67825e-05	0.00470108	0.148483	0.55315	0.272774	0.0204639	0.000397902	2.88634e-06	9.85053e-09	1.84532e-11	2.11345e-14	1.60099e-17	8.51322e-21	3.3281e-24	9.92951e-28	2.72158e-31	
N67	5.29162e-87	4.00786e-61	5.04469e-54	1.19479e-47	9.28233e-42	2.92342e-36	4.12373e-31	2.72465e-26	8.51026e-22	1.23102e-17	7.83391e-14	2.011e-10	1.85245e-07	5.6635e-05	0.00521425	0.121349	0.525458	0.323874	0.0236127	0.000432627	3.00863e-06	1.01012e-08	1.9093e-11	2.25731e-14	1.80088e-17	1.02627e-20	4.36543e-24	1.43645e-27	4.4487e-31	
N68	1.1405e-84	1.02027e-58	1.50957e-51	4.16833e-45	3.73917e-39	1.34361e-33	2.12914e-28	1.5467e-23	5.14154e-19	7.49326e-15	4.31635e-11	7.71263e-08	1.68287e-05	0.00114303	0.0277523	0.229193	0.522327	0.212394	0.00711526	5.903e-05	1.94326e-07	3.24847e-10	3.20095e-13	2.05277e-16	9.19013e-20	3.02566e-23	7.62403e-27	1.51793e-30	2.80961e-34	
N69	7.2091e-76	2.5836e-64	9.11527e-61	5.28028e-54	1.0297e-47	8.10209e-42	2.85436e-36	4.73387e-31	3.75617e-26	1.41077e-21	2.41853e-17	1.77594e-13	5.11368e-10	5.26354e-07	0.000173092	0.0153825	0.281673	0.654899	0.0472497	0.000619361	2.71432e-06	5.38312e-09	5.78329e-12	3.78856e-15	1.64452e-18	5.02842e-22	1.13464e-25	1.9607e-29	3.08401e-33	
Triowe	0	0	0	0	0	0	0	0	0	0	0	0	0	0	0	0	0	1	0	0	0	0	0	0	0	0	0	0	0	
N70	2.27324e-96	4.03386e-70	1.18338e-62	6.59903e-56	1.22797e-49	9.50102e-44	3.41114e-38	6.02017e-33	5.36167e-28	2.41715e-23	5.41905e-19	5.80541e-15	2.77908e-11	5.35649e-08	3.54663e-05	0.00633128	0.2103	0.720831	0.0615734	0.000924132	4.60337e-06	1.0394e-08	1.27734e-11	9.62524e-15	4.83241e-18	1.71758e-21	4.52486e-25	9.16268e-29	1.70931e-32	
Trijoh	0	0	0	0	0	0	0	0	0	0	0	0	0	0	0	0	0	1	0	0	0	0	0	0	0	0	0	0	0	
Trimel	0	0	0	0	0	0	0	0	0	0	0	0	0	0	0	0	0	1	0	0	0	0	0	0	0	0	0	0	0	
N71	2.91052e-76	2.86392e-50	4.46071e-43	1.23895e-36	1.06227e-30	3.43746e-25	4.5622e-20	2.52985e-15	5.66125e-11	4.62366e-07	0.00110767	0.451419	0.452693	0.0887304	0.00588726	0.000160345	1.87818e-06	8.83918e-09	1.40559e-11	1.05637e-14	4.56417e-18	1.27411e-21	2.47966e-25	3.54752e-29	3.87796e-33	3.33503e-37	2.30773e-41	1.30852e-45	6.96834e-50	
N72	2.81168e-77	4.86665e-51	1.28142e-43	5.84109e-37	7.93099e-31	3.89042e-25	7.4106e-20	5.49769e-15	1.49878e-10	1.30766e-06	0.00274209	0.693989	0.286739	0.0162792	0.000247982	1.33173e-06	2.863e-09	2.62629e-12	1.11705e-15	2.63216e-19	3.90339e-23	3.97315e-27	2.95067e-31	1.67194e-35	7.47684e-40	2.70893e-44	8.11826e-49	2.0463e-53	4.7302e-58	
Trihoe	0	0	0	0	0	0	0	0	0	0	0	1	0	0	0	0	0	0	0	0	0	0	0	0	0	0	0	0	0	
Tribit	0	0	0	0	0	0	0	0	0	0	0	1	0	0	0	0	0	0	0	0	0	0	0	0	0	0	0	0	0	
Trijac	0	0	0	0	0	0	0	0	0	0	0	1	0	0	0	0	0	0	0	0	0	0	0	0	0	0	0	0	0	
N73	1.26734e-92	1.04523e-66	1.47862e-59	4.05266e-53	3.77284e-47	1.48515e-41	2.75784e-36	2.5601e-31	1.22134e-26	3.01185e-22	3.78972e-18	2.35572e-14	6.84405e-11	8.52089e-08	3.97707e-05	0.00564575	0.175354	0.728488	0.0883456	0.00210885	1.77005e-05	6.96048e-08	1.52122e-10	2.06828e-13	1.89433e-16	1.23966e-19	6.06371e-23	2.29966e-26	8.31835e-30	
Tricri	0	0	0	0	0	0	0	0	0	0	0	0	0	0	0	0	0	1	0	0	0	0	0	0	0	0	0	0	0	
N74	7.70015e-98	1.24639e-71	3.40019e-64	1.80463e-57	3.26951e-51	2.5196e-45	9.22376e-40	1.70191e-34	1.62939e-29	8.15504e-25	2.11041e-20	2.74085e-16	1.69517e-12	4.59369e-09	4.78517e-06	0.00154895	0.107635	0.801722	0.0874951	0.00158507	9.35757e-06	2.48321e-08	3.57073e-11	3.141e-14	1.83934e-17	7.62868e-21	2.34906e-24	5.57457e-28	1.21534e-31	
Triwie	0	0	0	0	0	0	0	0	0	0	0	0	0	0	0	0	0	1	0	0	0	0	0	0	0	0	0	0	0	
Triqua	0	0	0	0	0	0	0	0	0	0	0	0	0	0	0	0	0	1	0	0	0	0	0	0	0	0	0	0	0	
N75	9.789e-83	1.99042e-57	7.3062e-51	5.21339e-45	1.26794e-39	1.30863e-34	6.39499e-30	1.56818e-25	1.98364e-21	1.30157e-17	4.36995e-14	7.25743e-11	5.62064e-08	1.84595e-05	0.00220289	0.0732261	0.430092	0.414225	0.0759136	0.00422296	9.77224e-05	1.15112e-06	7.90215e-09	3.47722e-11	1.05178e-13	2.30597e-16	3.81966e-19	4.96828e-22	6.83396e-25	
N76	3.07682e-85	6.81027e-60	2.70451e-53	2.11821e-47	5.74061e-42	6.70909e-37	3.77794e-32	1.08845e-27	1.65388e-23	1.33807e-19	5.71879e-16	1.25912e-12	1.36532e-09	6.79229e-07	0.000139114	0.00993188	0.190596	0.647628	0.143722	0.00781257	0.000166806	1.787e-06	1.11569e-08	4.4891e-11	1.25086e-13	2.54713e-16	3.95141e-19	4.83787e-22	6.12042e-25	
Kinboe	0	0	0	0	0	0	0	0	0	0	0	0	0	0	0	0	0	1	0	0	0	0	0	0	0	0	0	0	0	
Kinfis	0	0	0	0	0	0	0	0	0	0	0	0	0	0	0	0	0	1	0	0	0	0	0	0	0	0	0	0	0	
Kinxen	0	0	0	0	0	0	0	0	0	0	0	0	0	0	0	0	0	1	0	0	0	0	0	0	0	0	0	0	0	
N77	3.45507e-69	8.7547e-46	4.22402e-41	3.20411e-37	2.53014e-34	1.95172e-32	5.24369e-28	3.94608e-23	1.24908e-18	1.60483e-14	7.64171e-11	1.12243e-07	3.61754e-05	0.00327369	0.0852668	0.509196	0.380521	0.0215217	0.00018432	5.39226e-07	7.52358e-10	5.98318e-13	3.02087e-16	1.03845e-19	2.5491e-23	4.61944e-27	6.34176e-31	1.74176e-33	4.19376e-34	
N78	1.19295e-64	6.39532e-40	6.21125e-34	1.09879e-28	6.1208e-24	1.31224e-19	1.17827e-15	4.53391e-12	7.2978e-09	4.55492e-06	0.000945562	0.0478887	0.265274	0.404638	0.226463	0.0504765	0.00420263	0.000105833	1.17203e-06	7.21215e-09	2.82554e-11	7.69068e-14	1.54511e-16	2.39544e-19	2.96485e-22	3.00921e-25	2.55946e-28	1.86063e-31	1.46068e-34	
N79	6.55577e-74	5.44571e-48	7.0033e-41	1.5499e-34	1.01555e-28	2.3901e-23	2.17378e-18	7.68112e-14	1.00038e-09	4.23287e-06	0.00449044	0.641342	0.328767	0.0248728	0.000520123	3.87099e-06	1.17884e-08	1.66601e-11	1.26731e-14	5.83058e-18	1.76713e-21	3.75783e-25	5.87998e-29	7.02304e-33	6.59058e-37	4.97274e-41	3.0737e-45	1.58157e-49	7.73157e-54	
N80	3.8658e-80	1.48165e-53	8.35635e-46	7.99665e-39	2.23027e-32	2.19295e-26	8.13847e-21	1.13651e-15	5.58242e-11	8.27238e-07	0.00270104	0.91156	0.0850368	0.00070013	1.28671e-06	8.28857e-10	2.43897e-13	3.88586e-17	3.76308e-21	2.4048e-25	1.07735e-29	3.54168e-34	8.84996e-39	1.72797e-43	2.69458e-48	3.41497e-53	3.56695e-58	3.10528e-63	2.40616e-68	
N81	8.67417e-77	1.47402e-50	3.80182e-43	1.68994e-36	2.2264e-30	1.0534e-24	1.921e-19	1.35061e-14	3.43758e-10	2.73086e-06	0.00495766	0.938325	0.0564228	0.00029159	3.93333e-07	2.17069e-10	6.21467e-14	1.06673e-17	1.20847e-21	9.66781e-26	5.73917e-30	2.62457e-34	9.51756e-39	2.79981e-43	6.80337e-48	1.38552e-52	2.39248e-57	3.53599e-62	4.81867e-67	
Chaafr	0	0	0	0	0	0	0	0	0	0	0	1	0	0	0	0	0	0	0	0	0	0	0	0	0	0	0	0	0	
Chacha	0	0	0	0	0	0	0	0	0	0	0	1	0	0	0	0	0	0	0	0	0	0	0	0	0	0	0	0	0	
N82	1.31049e-76	2.02884e-50	4.83784e-43	2.01846e-36	2.52851e-30	1.15009e-24	2.03498e-19	1.39914e-14	3.50657e-10	2.76136e-06	0.00500455	0.950484	0.0443149	0.000193526	2.32928e-07	1.18489e-10	3.19497e-14	5.24692e-18	5.75983e-22	4.5159e-26	2.65626e-30	1.21724e-34	4.47669e-39	1.35317e-43	3.42765e-48	7.39366e-53	1.37645e-57	2.23675e-62	3.41891e-67	
Chacaly	0	0	0	0	0	0	0	0	0	0	0	1	0	0	0	0	0	0	0	0	0	0	0	0	0	0	0	0	0	
Chazey	0	0	0	0	0	0	0	0	0	0	0	1	0	0	0	0	0	0	0	0	0	0	0	0	0	0	0	0	0	
N83	4.99621e-71	2.29326e-45	1.67143e-38	2.10632e-32	7.88847e-27	1.0636e-21	5.54156e-17	1.11713e-12	8.20481e-09	1.90735e-05	0.0105166	0.696909	0.278459	0.0139177	0.000177992	8.23658e-07	1.72611e-09	1.93145e-12	1.30322e-15	5.79719e-19	1.81664e-22	4.21665e-26	7.53607e-30	1.06915e-33	1.23374e-37	1.18102e-41	9.53104e-46	6.57326e-50	4.39049e-54	
Chadil	0	0	0	0	0	0	0	0	0	0	0	1	0	0	0	0	0	0	0	0	0	0	0	0	0	0	0	0	0	
Chasen	0	0	0	0	0	0	0	0	0	0	0	1	0	0	0	0	0	0	0	0	0	0	0	0	0	0	0	0	0	
Chanam	0	0	0	0	0	0	0	0	0	0	0	1	0	0	0	0	0	0	0	0	0	0	0	0	0	0	0	0	0	
N84	1.84195e-91	5.3991e-72	2.456e-64	2.06844e-57	5.68414e-51	6.37398e-45	3.26687e-39	8.13824e-34	1.01599e-28	6.40909e-24	2.02016e-19	3.08338e-15	2.15495e-11	6.30217e-08	6.67271e-05	0.0198975	0.954571	0.0253288	0.000135685	2.70903e-07	2.65049e-10	1.48807e-13	5.31169e-17	1.29463e-20	2.26957e-24	2.97569e-28	3.00706e-32	2.40733e-36	1.84168e-40	
N85	1.04059e-82	4.76482e-68	8.10639e-63	5.56725e-58	2.04213e-53	4.45646e-49	6.09355e-45	5.35081e-41	3.04337e-37	2.45991e-33	2.01608e-27	1.18775e-21	2.70103e-16	2.1692e-11	5.17168e-07	0.00250605	0.990537	0.00695152	4.75384e-06	8.46386e-10	5.92222e-14	2.00652e-18	3.69877e-23	3.98594e-28	2.82669e-33	2.39742e-37	1.97081e-40	1.43389e-43	9.37816e-47	
N86	2.66094e-70	5.15048e-58	4.26901e-55	1.61747e-52	2.17344e-51	5.5484e-51	1.67004e-50	5.75575e-46	4.77137e-41	1.50131e-34	2.78385e-28	2.12803e-22	6.50184e-17	7.33538e-12	2.54976e-07	0.00183217	0.992354	0.00581108	2.96555e-06	3.8468e-10	1.96113e-14	4.90819e-19	6.80279e-24	5.59554e-29	3.15646e-34	2.46393e-38	1.36714e-41	6.24005e-45	5.71285e-46	
Braset	0	0	0	0	0	0	0	0	0	0	0	0	0	0	0	0	1	0	0	0	0	0	0	0	0	0	0	0	0	
N87	2.82637e-87	3.31214e-77	1.03509e-70	6.63016e-65	6.23265e-61	6.36017e-58	1.69897e-51	9.88193e-45	2.6217e-38	3.27529e-32	1.93986e-26	5.34927e-21	6.54294e-16	3.23851e-11	5.48337e-07	0.00227127	0.992138	0.00558628	3.94774e-06	8.54312e-10	8.16859e-14	4.18026e-18	1.28231e-22	2.53399e-27	3.3791e-32	3.12973e-37	2.04478e-42	1.31829e-47	5.11065e-49	
N88	2.11452e-55	1.88385e-53	1.52106e-51	1.09932e-49	1.92329e-74	1.47217e-65	1.89719e-57	7.06747e-50	9.45483e-43	5.10321e-36	1.17239e-29	1.16394e-23	4.88621e-18	8.07742e-13	4.56062e-08	0.000647594	0.998144	0.00120862	2.06125e-07	1.15723e-11	2.93309e-16	3.91554e-21	3.00056e-26	1.37427e-31	3.7936e-37	6.17013e-43	5.48176e-49	2.26763e-55	2.84581e-62	
Bramel	0	0	0	0	0	0	0	0	0	0	0	0	0	0	0	0	1	0	0	0	0	0	0	0	0	0	0	0	0	
Bratha	0	0	0	0	0	0	0	0	0	0	0	0	0	0	0	0	1	0	0	0	0	0	0	0	0	0	0	0	0	
N89	1.09739e-118	9.2179e-91	1.06504e-81	2.08489e-73	1.23684e-65	2.81682e-58	2.79009e-51	1.29143e-44	2.90732e-38	3.23751e-32	1.77694e-26	4.68631e-21	5.62989e-16	2.80023e-11	4.8631e-07	0.00211277	0.993791	0.00409309	2.34843e-06	4.38378e-10	3.75881e-14	1.77889e-18	5.19373e-23	1.00595e-27	1.35802e-32	1.32244e-37	9.51267e-43	5.13555e-48	2.18752e-53	
Bradra	0	0	0	0	0	0	0	0	0	0	0	0	0	0	0	0	1	0	0	0	0	0	0	0	0	0	0	0	0	
Bratra	0	0	0	0	0	0	0	0	0	0	0	0	0	0	0	0	1	0	0	0	0	0	0	0	0	0	0	0	0	
N90	1.20703e-114	4.75492e-87	2.6963e-78	2.68135e-70	8.32696e-63	1.01898e-55	5.54726e-49	1.43894e-42	1.84583e-36	1.18768e-30	3.81006e-25	5.92719e-20	4.23018e-15	1.25673e-10	1.30953e-06	0.00343343	0.990188	0.00637183	5.83788e-06	1.75857e-09	2.45194e-13	1.9005e-17	9.15941e-22	2.95536e-26	6.71887e-31	1.11604e-35	1.39002e-40	1.32212e-45	1.02399e-50	
Bragut	0	0	0	0	0	0	0	0	0	0	0	0	0	0	0	0	1	0	0	0	0	0	0	0	0	0	0	0	0	
Braven	0	0	0	0	0	0	0	0	0	0	0	0	0	0	0	0	1	0	0	0	0	0	0	0	0	0	0	0	0	
N91	1.76065e-104	1.08826e-77	1.08844e-69	2.08074e-62	1.33545e-55	3.58889e-49	4.51294e-43	2.81794e-37	8.99114e-32	1.47494e-26	1.22686e-21	4.99443e-17	9.34241e-13	7.23322e-09	1.94163e-05	0.0129557	0.964333	0.0226143	7.69861e-05	8.56912e-08	4.38918e-11	1.24867e-14	2.22091e-18	2.67733e-22	2.31852e-26	1.50646e-30	7.59445e-35	3.05002e-39	1.08141e-43	
Brapum	0	0	0	0	0	0	0	0	0	0	0	0	0	0	0	0	1	0	0	0	0	0	0	0	0	0	0	0	0	
Bradam	0	0	0	0	0	0	0	0	0	0	0	0	0	0	0	0	1	0	0	0	0	0	0	0	0	0	0	0	0	
