#Nodes with GAIN events with expectation above 0.5
N3: 0.501526
B3088: 0.654587
BGA709: 0.562748
BGA309: 0.562748
PGA445: 1.38554
FGA379: 1.16408
Furcep: 1.62155
FGA331: 1.58502
FGA174: 0.77266
CGA312: 0.952427
C601: 0.986447
C3125: 1.34362
C12265: 0.61811
C3134: 1.53877
N58: 0.856764
C2208: 1.01468
N63: 1.03854
N67: 0.628757
N70: 0.603015
N74: 0.550167
N77: 0.531518
Kinxen: 0.891934
N85: 0.888211
Total number of gain events: 33.9851
#+++++++++++++++++++++++++++++

#Nodes with LOSS events with expectation above 0.5
B3088: 0.750074
BGA709: 0.672276
BGA309: 0.672276
PGA445: 1.12727
N15: 0.658257
N16: 2.00764
Rhaspe: 5.02821
Rhamar: 4.7358
Rhatem: 3.81244
N20: 0.691539
FGA379: 0.569309
N21: 2.1101
N22: 0.81622
N23: 0.507403
F3016: 2.09454
F1476: 1.50814
N30: 0.807696
FGA490: 0.502338
FGA465: 1.19198
FGA99: 0.968946
FGA15: 0.917812
FGA489: 1.9583
FurbGB: 2.48243
CGA763: 1.05023
Calboe: 2.71224
CGA429: 1.80067
N51: 0.855191
C985: 2.08668
CGA310: 0.931777
N53: 0.717902
CGA494: 1.15659
N56: 1.41435
C404: 1.05714
CGA45: 1.03615
C3121: 0.92051
N72: 4.56667
Trijac: 0.833034
Kinxen: 0.644046
N79: 2.57769
N80: 1.85463
Chadil: 0.560758
Chasen: 0.560758
Chanam: 2.57192
N85: 0.725036
Total number of loss events: 83.905
#+++++++++++++++++++++++++++++

#Nodes with duplication events with expectation above 0.5
Total number of duplication events: 0
#+++++++++++++++++++++++++++++

#Nodes with demi-duplication events with expectation above 0.5
Total number of demi-dulications events: 0
#+++++++++++++++++++++++++++++

#+++++++++++++++++++++++++++++

#Nodes with transitions in base number with expectation above 0.5
Total number of transitions in base number: 0
#+++++++++++++++++++++++++++++

#EVENTS NOT ACCOUNTED FOR IN THE SIMULATIONS: 
NONE
#+++++++++++++++++++++++++++++

#ALL EVENTS EXPECTATIONS PER NODE
NODE	GAIN	LOSS	DUPLICATION	DEMI-DUPLICATION	BASE-NUMBER
N2	0.272603	0.0393492	0	0	0
N3	0.501526	0.179474	0	0	0
N4	0.070879	0.0391889	0	0	0
B3088	0.654587	0.750074	0	0	0
N5	0.074668	0.0606307	0	0	0
BGA709	0.562748	0.672276	0	0	0
BGA309	0.562748	0.672276	0	0	0
N6	0.137495	0.147958	0	0	0
N7	0.192557	0.199347	0	0	0
B11696	0.175319	0.221855	0	0	0
B11609	0.175319	0.221855	0	0	0
N8	0.0289317	0.0420073	0	0	0
N9	0.00739787	0.00997716	0	0	0
N10	0.0548706	0.0554393	0	0	0
B985	0.237887	0.27499	0	0	0
N11	0.124386	0.151683	0	0	0
B199	0.0372505	0.0470557	0	0	0
B11604	0.0372505	0.0470557	0	0	0
N12	0.0839198	0.0956703	0	0	0
BGA89	0.158765	0.184686	0	0	0
N13	0.0250611	0.0301807	0	0	0
BGAA2	0.0949876	0.115789	0	0	0
BGA584	0.0949876	0.115789	0	0	0
N14	0.135553	0.141206	0	0	0
BGA304	0.143249	0.177846	0	0	0
BGAB1	0.143249	0.177846	0	0	0
PGA445	1.38554	1.12727	0	0	0
N15	0.0267493	0.658257	0	0	0
N16	0.00352871	2.00764	0	0	0
Rhaspe	0.246843	5.02821	0	0	0
N17	0.00495862	0.289476	0	0	0
Rhamar	0.239323	4.7358	0	0	0
Rhatem	0.315955	3.81244	0	0	0
N18	0.0725457	0.0114332	0	0	0
N19	0.251247	0.115011	0	0	0
N20	0.0233642	0.691539	0	0	0
FGA379	1.16408	0.569309	0	0	0
N21	0.0182799	2.1101	0	0	0
N22	0.0257969	0.81622	0	0	0
N23	0.00131651	0.507403	0	0	0
F3016	0.0971406	2.09454	0	0	0
N24	0.00243274	0.136035	0	0	0
N25	0.00765826	0.0803088	0	0	0
N26	0.00386171	0.334422	0	0	0
N27	0.00420531	0.0257862	0	0	0
F1476	0.0691921	1.50814	0	0	0
N28	0.0179022	0.0176386	0	0	0
Furcep	1.62155	0.0607695	0	0	0
N29	0.00231271	0.18523	0	0	0
Furpol	0.12341	0.379695	0	0	0
N30	0.00627337	0.807696	0	0	0
N31	0.0097695	0.324548	0	0	0
F2241	0.0208112	0.160895	0	0	0
Furang	0.0208112	0.160895	0	0	0
FGA490	0.0474765	0.502338	0	0	0
N32	0.00693887	0.27746	0	0	0
N33	0.0104523	0.0526379	0	0	0
N34	0.0269646	0.0145371	0	0	0
N35	0.00319126	0.0640751	0	0	0
N36	0.0116933	0.0782813	0	0	0
FGA456	0.0216097	0.0543866	0	0	0
FGA516	0.0216097	0.0543866	0	0	0
F12278	0.0469043	0.146269	0	0	0
N37	0.274156	0.0135936	0	0	0
Furant	0.0228533	0.443686	0	0	0
FGA331	1.58502	0.00584892	0	0	0
FGA465	0.0441622	1.19198	0	0	0
N38	0.0138714	0.27059	0	0	0
FGA99	0.0356577	0.968946	0	0	0
N39	0.0168367	0.0515465	0	0	0
FGA15	0.019234	0.917812	0	0	0
FGA581	0.143644	0.0422219	0	0	0
FGA104	0.44155	0.232638	0	0	0
FGA489	0.0945587	1.9583	0	0	0
FGA174	0.77266	0.276284	0	0	0
FurbGB	0.188202	2.48243	0	0	0
N40	0.177658	0.00553303	0	0	0
N41	0.181775	0.034263	0	0	0
N42	0.201784	0.31956	0	0	0
CGA312	0.952427	0.228737	0	0	0
N43	0.00996704	0.131435	0	0	0
N44	0.00147206	0.283961	0	0	0
N45	0.0141475	0.00612283	0	0	0
N46	0.239083	0.0955812	0	0	0
CGA642	0.0719783	0.0957102	0	0	0
N47	0.0202532	0.0113302	0	0	0
CGA763	0.0175712	1.05023	0	0	0
C601	0.986447	0.019102	0	0	0
N48	0.00638241	0.0226527	0	0	0
CGA236	0.334396	0.198355	0	0	0
N49	0.00815119	0.134178	0	0	0
N50	0.102358	0.152221	0	0	0
Calboe	0.024185	2.71224	0	0	0
C3125	1.34362	0.0331252	0	0	0
CGA429	0.0627522	1.80067	0	0	0
N51	0.000674368	0.855191	0	0	0
C985	0.0720943	2.08668	0	0	0
N52	0.00281643	0.206724	0	0	0
CGA310	0.121168	0.931777	0	0	0
N53	0.0271406	0.717902	0	0	0
CGA382	0.11777	0.237603	0	0	0
CGA494	0.0367616	1.15659	0	0	0
N54	0.418115	0.0580076	0	0	0
N55	0.0088121	0.0743768	0	0	0
C12265	0.61811	0.0674753	0	0	0
N56	0.00795265	1.41435	0	0	0
C404	0.0141772	1.05714	0	0	0
N57	0.00612534	0.0229601	0	0	0
Cl11778	0.021415	0.0475392	0	0	0
CGA594	0.021415	0.0475392	0	0	0
C3134	1.53877	0.0537321	0	0	0
N58	0.856764	0.197974	0	0	0
CGA311	0.193153	0.246029	0	0	0
N59	0.0229482	0.00713267	0	0	0
N60	0.0188978	0.0997667	0	0	0
CGA45	0.0483219	1.03615	0	0	0
N61	0.0191504	0.00849152	0	0	0
N62	0.0255757	0.0222002	0	0	0
C3043	0.0223814	0.0242393	0	0	0
CGA368	0.0223814	0.0242393	0	0	0
CGA364	0.0717178	0.0702002	0	0	0
C2208	1.01468	0.0833716	0	0	0
N63	1.03854	0.330851	0	0	0
N64	0.0686968	0.0609304	0	0	0
CGA453	0.0790386	0.0410463	0	0	0
N65	0.00995213	0.0576347	0	0	0
CGA501	0.0993823	0.0137073	0	0	0
C3121	0.00618542	0.92051	0	0	0
Calparcri	0.175728	0.129969	0	0	0
N66	0.0161109	0.0122757	0	0	0
N67	0.628757	0.0482734	0	0	0
N68	0.223775	0.169719	0	0	0
N69	0.0473129	0.282204	0	0	0
N70	0.603015	0.0485772	0	0	0
Triowe	0.318079	0.21429	0	0	0
N71	0.0711397	0.01842	0	0	0
Trijoh	0.224096	0.173034	0	0	0
Trimel	0.224096	0.173034	0	0	0
N72	0.00806091	4.56667	0	0	0
N73	0.0090573	0.382758	0	0	0
Trihoe	0.0397532	0.438277	0	0	0
Tribit	0.0397532	0.438277	0	0	0
Trijac	0.0607291	0.833034	0	0	0
N74	0.550167	0.151805	0	0	0
Tricri	0.250794	0.225638	0	0	0
N75	0.0715246	0.0422462	0	0	0
Triwie	0.13245	0.136573	0	0	0
Triqua	0.13245	0.136573	0	0	0
N76	0.284838	0.0551497	0	0	0
N77	0.531518	0.28323	0	0	0
Kinboe	0.257946	0.258346	0	0	0
Kinfis	0.257946	0.258346	0	0	0
Kinxen	0.891934	0.644046	0	0	0
N78	0.00479823	0.102993	0	0	0
N79	0.0359726	2.57769	0	0	0
N80	0.0782792	1.85463	0	0	0
N81	0.0339326	0.423914	0	0	0
N82	0.0125055	0.0628003	0	0	0
Chaafr	0.0514681	0.136257	0	0	0
Chacha	0.0514681	0.136257	0	0	0
N83	0.0191275	0.0899381	0	0	0
Chacaly	0.0406671	0.104941	0	0	0
Chazey	0.0406671	0.104941	0	0	0
N84	0.0190282	0.119435	0	0	0
Chadil	0.136098	0.560758	0	0	0
Chasen	0.136098	0.560758	0	0	0
Chanam	0.270505	2.57192	0	0	0
N85	0.888211	0.725036	0	0	0
N86	0.0098691	0.0149678	0	0	0
N87	0.00101463	0.00140756	0	0	0
Braset	0.0564033	0.0577103	0	0	0
N88	0.00387276	0.00411451	0	0	0
N89	0.0245753	0.0254287	0	0	0
Bramel	0.00194344	0.00215535	0	0	0
Bratha	0.00194344	0.00215535	0	0	0
N90	0.0119568	0.0122927	0	0	0
Bradra	0.00949037	0.0102199	0	0	0
Bratra	0.00949037	0.0102199	0	0	0
N91	0.0285751	0.0291072	0	0	0
Bragut	0.0110585	0.0122266	0	0	0
Braven	0.0110585	0.0122266	0	0	0
N92	0.0315269	0.0331683	0	0	0
Brapum	0.0353438	0.0405012	0	0	0
Bradam	0.0353438	0.0405012	0	0	0
#+++++++++++++++++++++++++++++

#Expected number of events from root to leaf
LEAF	GAIN	LOSS	DUPLICATION	DEMI-DUPLICATION	BASE-NUMBER
B3088	1.4996	1.00809	0	0	0
BGA709	1.48242	0.990919	0	0	0
BGA309	1.48242	0.990919	0	0	0
B11696	1.2795	0.787984	0	0	0
B11609	1.2795	0.787984	0	0	0
B985	1.24071	0.749195	0	0	0
B199	1.16446	0.672944	0	0	0
B11604	1.16446	0.672944	0	0	0
BGA89	1.19064	0.699122	0	0	0
BGAA2	1.15192	0.660406	0	0	0
BGA584	1.15192	0.660406	0	0	0
BGA304	1.21936	0.727841	0	0	0
BGAB1	1.21936	0.727841	0	0	0
PGA445	1.65814	1.16662	0	0	0
Rhaspe	0.277121	7.6941	0	0	0
Rhamar	0.274559	7.69118	0	0	0
Rhatem	0.351192	6.76781	0	0	0
FGA379	1.53798	2.04555	0	0	0
F3016	0.51644	7.00451	0	0	0
F1476	0.506649	6.99466	0	0	0
Furcep	2.0769	5.56492	0	0	0
Furpol	0.581082	6.06908	0	0	0
F2241	0.494526	6.98252	0	0	0
Furang	0.494526	6.98252	0	0	0
FGA490	0.511422	6.99942	0	0	0
FGA456	0.514102	6.00211	0	0	0
FGA516	0.514102	6.00211	0	0	0
F12278	0.527703	6.01571	0	0	0
Furant	0.774617	6.26265	0	0	0
FGA331	2.33678	5.82481	0	0	0
FGA465	0.494805	6.98281	0	0	0
FGA99	0.48972	6.97773	0	0	0
FGA15	0.490133	6.97814	0	0	0
FGA581	0.614543	6.10255	0	0	0
FGA104	0.87094	5.35895	0	0	0
FGA489	0.516291	7.0043	0	0	0
FGA174	1.19064	4.67885	0	0	0
FurbGB	0.580388	6.06877	0	0	0
CGA312	1.86419	1.37279	0	0	0
CGA642	1.24841	1.75687	0	0	0
CGA763	1.21425	2.72271	0	0	0
C601	2.18313	1.69159	0	0	0
CGA236	1.27812	1.78658	0	0	0
Calboe	1.07842	4.58687	0	0	0
C3125	2.39786	1.90775	0	0	0
CGA429	1.01463	3.52308	0	0	0
C985	0.995966	4.50132	0	0	0
CGA310	1.04786	3.55314	0	0	0
CGA382	1.0716	3.57687	0	0	0
CGA494	0.990591	4.49587	0	0	0
C12265	1.96676	1.47535	0	0	0
C404	1.37078	3.87936	0	0	0
Cl11778	1.38415	2.89272	0	0	0
CGA594	1.38415	2.89272	0	0	0
C3134	2.87861	1.38723	0	0	0
CGA311	1.75989	1.2685	0	0	0
CGA45	1.65691	2.16552	0	0	0
C3043	1.67569	1.1843	0	0	0
CGA368	1.67569	1.1843	0	0	0
CGA364	1.69945	1.20806	0	0	0
C2208	2.60437	1.11298	0	0	0
CGA453	1.71447	1.22306	0	0	0
CGA501	1.74477	1.25336	0	0	0
C3121	1.65157	2.16016	0	0	0
Calparcri	1.74246	1.25105	0	0	0
Triowe	1.93635	1.44503	0	0	0
Trijoh	1.9135	1.42219	0	0	0
Trimel	1.9135	1.42219	0	0	0
Trihoe	1.07212	6.56986	0	0	0
Tribit	1.07212	6.56986	0	0	0
Trijac	1.08404	6.58186	0	0	0
Tricri	1.7689	1.2774	0	0	0
Triwie	1.72208	1.23058	0	0	0
Triqua	1.72208	1.23058	0	0	0
Kinboe	1.81846	1.32696	0	0	0
Kinfis	1.81846	1.32696	0	0	0
Kinxen	1.92093	1.42944	0	0	0
Chaafr	0.332362	5.84025	0	0	0
Chacha	0.332362	5.84025	0	0	0
Chacaly	0.328183	5.83607	0	0	0
Chazey	0.328183	5.83607	0	0	0
Chadil	0.389583	5.89747	0	0	0
Chasen	0.389583	5.89747	0	0	0
Chanam	0.426681	5.93457	0	0	0
Braset	1.0757	1.58408	0	0	0
Bramel	1.04969	1.55807	0	0	0
Bratha	1.04969	1.55807	0	0	0
Bradra	1.04462	1.553	0	0	0
Bratra	1.04462	1.553	0	0	0
Bragut	1.05792	1.5663	0	0	0
Braven	1.05792	1.5663	0	0	0
Brapum	1.07529	1.58366	0	0	0
Bradam	1.07529	1.58366	0	0	0
