NODE	1	2	3	4	5	6	7	8	9	10	11	12	13	14	15	16	17	18	19	20	21	22	23	24	25	26	27	28	29	
N1	1.02637e-24	2.21806e-21	3.36172e-18	2.08876e-16	1.8307e-13	1.66888e-13	6.67607e-11	5.75735e-09	1.82904e-10	1.8678e-09	4.81219e-07	1.79822e-05	7.95673e-07	5.80651e-09	3.22149e-10	0.71376	0.253232	0.032989	9.1971e-14	2.97818e-16	4.85989e-19	4.73488e-22	3.03287e-25	1.35786e-28	4.42873e-32	1.08302e-35	2.02632e-39	3.00653e-43	1.56804e-44	
N2	2.10012e-27	5.37273e-24	9.79644e-21	3.00064e-18	1.5659e-15	1.24849e-14	4.444e-12	3.59387e-10	2.77492e-11	4.97747e-10	1.55524e-07	9.20209e-06	2.47241e-05	3.87861e-05	0.000622532	0.202809	0.545756	0.247649	0.00307229	1.23392e-05	4.92156e-06	1.26378e-06	6.0735e-08	8.48035e-09	5.55414e-12	1.87449e-14	1.10154e-17	6.97646e-21	5.61829e-22	
N3	3.7215e-37	1.56353e-32	4.32184e-28	2.76114e-25	3.86429e-21	1.25158e-20	4.44887e-17	4.6043e-14	7.27282e-15	3.79584e-13	3.29794e-09	3.92181e-06	1.51042e-06	4.97039e-08	3.69346e-07	0.00064367	0.078779	0.909702	0.0108521	1.74772e-05	1.22269e-07	9.42895e-10	2.8681e-12	1.03878e-14	2.17965e-18	7.16345e-22	9.51644e-26	4.56224e-30	3.5626e-33	
N4	2.71896e-35	1.69722e-32	9.76822e-30	2.51882e-27	1.64507e-23	8.18959e-22	2.46969e-18	2.14103e-15	6.96879e-15	1.10247e-12	3.12702e-09	8.67146e-07	2.39234e-07	1.00014e-08	1.64275e-07	0.000220022	0.0552724	0.92353	0.0209269	4.93786e-05	4.87329e-08	2.19727e-10	2.6735e-12	1.99229e-13	1.54022e-15	3.70443e-18	1.60097e-20	1.15002e-24	1.05334e-27	
B3088	0	0	0	0	0	0	0	0	0	0	0	0	0	0	0	0	0	1	0	0	0	0	0	0	0	0	0	0	0	
N5	2.02007e-37	1.44454e-33	1.01569e-29	1.79333e-26	5.06639e-23	7.25788e-21	1.16781e-17	7.64366e-15	6.30509e-14	5.99081e-12	4.19488e-09	4.04104e-07	1.01534e-07	2.17581e-08	4.53343e-07	0.000260058	0.0512011	0.913606	0.0347536	0.000177924	2.71693e-07	6.53732e-10	2.31487e-11	5.4365e-12	2.45993e-13	2.12997e-15	5.45177e-17	1.75189e-20	5.78918e-23	
N6	9.08218e-47	1.34546e-45	1.92761e-44	2.50411e-43	2.92985e-42	1.31433e-44	2.8926e-40	3.12336e-24	5.52706e-34	6.88332e-40	6.50767e-20	3.99113e-12	1.04008e-17	6.32835e-34	3.29593e-33	3.98125e-15	1.7009e-07	1	2.49877e-07	8.69653e-15	7.90154e-34	1.77383e-34	2.33691e-34	9.19072e-34	1.72446e-33	2.76511e-33	5.17597e-33	1.9298e-33	1.86361e-33	
BGA709	0	0	0	0	0	0	0	0	0	0	0	0	0	0	0	0	0	1	0	0	0	0	0	0	0	0	0	0	0	
BGA710	0	0	0	0	0	0	0	0	0	0	0	0	0	0	0	0	0	1	0	0	0	0	0	0	0	0	0	0	0	
BGA309	0	0	0	0	0	0	0	0	0	0	0	0	0	0	0	0	0	1	0	0	0	0	0	0	0	0	0	0	0	
N7	5.07897e-42	4.32772e-37	2.59411e-32	4.29409e-29	1.6669e-24	1.35428e-23	2.22257e-19	1.26197e-15	2.83637e-16	1.70795e-14	1.24943e-10	1.05711e-07	5.20626e-09	1.15573e-10	1.44126e-09	6.9768e-06	0.00872946	0.984787	0.00647083	5.23729e-06	1.31125e-09	8.00927e-13	2.35333e-15	1.63421e-17	2.21795e-20	1.12497e-23	7.60424e-27	2.21669e-31	9.67729e-35	
N8	4.35991e-39	8.61328e-35	1.27234e-30	1.63076e-27	1.28503e-23	2.49999e-22	8.70342e-19	1.06811e-15	5.56464e-16	2.31511e-14	3.57629e-11	9.46638e-09	4.29992e-09	7.51121e-10	9.64634e-09	1.79285e-05	0.0114905	0.971214	0.017237	4.0532e-05	2.87746e-08	1.44087e-11	7.09739e-14	1.61123e-15	1.07425e-17	3.16241e-20	1.42792e-22	2.08002e-26	1.15617e-29	
N9	4.99363e-51	1.22376e-49	2.871e-48	6.24538e-47	1.26222e-45	1.42223e-47	4.01334e-43	1.07794e-26	2.61538e-36	5.65206e-42	7.70351e-22	6.69894e-14	4.09106e-19	3.68586e-35	4.02786e-34	1.43279e-15	1.05845e-07	1	1.77467e-07	3.98465e-15	1.31e-34	1.19442e-35	1.27332e-35	1.03541e-34	3.41634e-34	6.74821e-34	2.52267e-33	4.82619e-34	3.85291e-34	
B11696	0	0	0	0	0	0	0	0	0	0	0	0	0	0	0	0	0	1	0	0	0	0	0	0	0	0	0	0	0	
B11697	0	0	0	0	0	0	0	0	0	0	0	0	0	0	0	0	0	1	0	0	0	0	0	0	0	0	0	0	0	
N10	4.22385e-52	2.00513e-45	3.13303e-39	4.36958e-36	3.68424e-30	7.49644e-31	2.44165e-25	2.27382e-20	1.35426e-22	7.68538e-21	1.55738e-15	7.41884e-11	7.91246e-13	1.6107e-15	2.25789e-14	3.52479e-09	0.000166974	0.999549	0.000283817	1.00364e-08	1.05562e-13	5.11222e-19	1.32629e-23	1.04326e-27	3.20769e-34	6.27576e-34	2.54756e-33	4.51371e-34	3.60147e-34	
B11609	0	0	0	0	0	0	0	0	0	0	0	0	0	0	0	0	0	1	0	0	0	0	0	0	0	0	0	0	0	
BGA392	0	0	0	0	0	0	0	0	0	0	0	0	0	0	0	0	0	1	0	0	0	0	0	0	0	0	0	0	0	
N11	8.89273e-43	1.00896e-38	6.96848e-35	4.27999e-33	1.14879e-28	5.19438e-28	3.21294e-23	5.52213e-19	8.7331e-20	1.20789e-17	5.28594e-13	1.78393e-09	1.62852e-11	1.02504e-13	4.35423e-12	1.5848e-07	0.00143568	0.99576	0.00280362	6.12269e-07	3.06572e-11	1.02442e-15	6.75597e-19	4.97343e-21	6.73791e-24	2.08984e-27	2.19893e-28	4.55899e-31	1.0234e-32	
N12	4.17557e-39	8.60422e-36	1.30656e-32	7.17529e-31	7.97624e-28	3.39945e-28	1.29961e-24	1.12617e-20	6.9762e-21	2.71795e-18	9.66888e-14	2.89431e-10	1.70341e-12	2.54686e-14	3.10087e-12	1.15414e-07	0.00115184	0.996096	0.00275146	6.10368e-07	3.17467e-11	7.74951e-16	8.74625e-19	7.43532e-20	1.26827e-21	1.02283e-24	1.11355e-26	1.15435e-31	2.75385e-35	
N13	7.82009e-45	1.61187e-40	4.29092e-36	1.36554e-32	2.3101e-28	1.36152e-26	9.98137e-23	2.54126e-19	4.0837e-19	4.10606e-17	1.22146e-13	5.3721e-11	5.41836e-11	3.08994e-11	1.04279e-09	4.04512e-06	0.00550714	0.985079	0.00939798	1.1656e-05	4.29578e-09	9.38884e-13	4.65021e-15	3.38637e-16	6.5386e-18	2.84522e-20	4.10595e-22	3.02505e-26	1.82234e-29	
N14	1.19804e-52	3.82797e-51	1.22596e-49	3.81869e-48	1.15078e-46	2.59643e-48	9.08053e-44	5.31136e-27	1.98667e-36	8.54006e-42	1.76728e-21	1.55678e-13	1.00868e-18	6.10588e-35	5.79683e-34	2.3375e-15	1.34061e-07	1	2.16309e-07	6.0718e-15	1.72371e-34	1.8697e-35	2.18582e-35	1.55096e-34	4.73146e-34	9.81848e-34	3.17847e-33	6.88357e-34	5.35188e-34	
B985	0	0	0	0	0	0	0	0	0	0	0	0	0	0	0	0	0	1	0	0	0	0	0	0	0	0	0	0	0	
B983	0	0	0	0	0	0	0	0	0	0	0	0	0	0	0	0	0	1	0	0	0	0	0	0	0	0	0	0	0	
N15	4.63747e-47	5.43147e-42	4.42132e-37	8.31974e-34	4.8216e-29	2.97676e-28	8.25891e-24	9.43465e-20	2.02301e-20	2.61526e-18	7.76644e-14	4.24176e-10	9.25246e-11	3.52386e-12	5.44233e-11	6.12454e-07	0.00218272	0.994179	0.00363639	1.68645e-06	2.31817e-10	1.94074e-14	1.54677e-17	7.88166e-20	1.14314e-22	6.57855e-26	6.20684e-29	1.48612e-33	1.36912e-37	
N16	1.02995e-56	7.64703e-55	5.32548e-53	3.39062e-51	1.94091e-49	3.71053e-51	4.26015e-46	1.72697e-29	1.16632e-38	3.72883e-44	6.77662e-24	6.77281e-16	4.02269e-21	1.29394e-36	3.30463e-35	1.72115e-16	3.71665e-08	1	6.38056e-08	4.99355e-16	1.13378e-35	4.21555e-37	4.27588e-37	8.17478e-36	5.65168e-35	1.25844e-34	1.08957e-33	8.85677e-35	6.04402e-35	
B199	0	0	0	0	0	0	0	0	0	0	0	0	0	0	0	0	0	1	0	0	0	0	0	0	0	0	0	0	0	
BGAA3	0	0	0	0	0	0	0	0	0	0	0	0	0	0	0	0	0	1	0	0	0	0	0	0	0	0	0	0	0	
N17	1.02204e-56	7.59175e-55	5.28992e-53	3.37026e-51	1.93076e-49	7.40586e-51	4.24554e-46	3.45339e-29	1.64797e-38	7.47e-44	1.35824e-23	9.57413e-16	8.03924e-21	1.29063e-36	3.29886e-35	3.447e-16	5.25849e-08	1	9.02901e-08	1.00035e-15	1.13222e-35	4.20599e-37	4.26456e-37	8.15986e-36	5.64524e-35	1.25675e-34	1.08899e-33	8.84586e-35	6.03728e-35	
B11604	0	0	0	0	0	0	0	0	0	0	0	0	0	0	0	0	0	1	0	0	0	0	0	0	0	0	0	0	0	
BGA583	0	0	0	0	0	0	0	0	0	0	0	0	0	0	0	0	0	1	0	0	0	0	0	0	0	0	0	0	0	
N18	6.28395e-47	7.72986e-42	6.37453e-37	1.47468e-33	6.92555e-29	7.82001e-28	1.38676e-23	8.05007e-20	2.33556e-20	2.03659e-18	2.70918e-14	8.53546e-11	4.83266e-11	4.48871e-12	1.15804e-10	1.02626e-06	0.00288081	0.99158	0.00553489	3.62367e-06	6.67644e-10	7.29847e-14	1.10386e-16	1.38366e-18	4.6618e-21	5.04092e-24	1.07206e-26	2.89149e-31	1.18829e-34	
N19	9.24585e-54	3.24017e-52	1.09319e-50	3.48124e-49	1.05811e-47	3.01375e-47	8.99754e-45	7.25075e-26	2.8331e-36	1.66309e-40	4.29304e-20	4.2571e-13	3.92075e-17	2.43251e-35	2.92955e-34	1.85322e-13	1.19716e-06	0.999997	1.93645e-06	4.83696e-13	8.74509e-35	7.33271e-36	8.54565e-36	7.69283e-35	2.8452e-34	6.29344e-34	2.55749e-33	4.35044e-34	3.15123e-34	
BGA89	0	0	0	0	0	0	0	0	0	0	0	0	0	0	0	0	0	1	0	0	0	0	0	0	0	0	0	0	0	
BGA40	0	0	0	0	0	0	0	0	0	0	0	0	0	0	0	0	0	1	0	0	0	0	0	0	0	0	0	0	0	
N20	3.90767e-37	3.85648e-34	2.90908e-31	1.44106e-29	7.26851e-27	2.61508e-28	1.22805e-24	7.33913e-21	8.30235e-21	1.372e-18	1.30222e-14	1.68126e-11	7.64818e-12	1.99502e-12	8.50688e-11	8.33541e-07	0.00261868	0.992392	0.00498609	2.86741e-06	4.59155e-10	3.80727e-14	6.81365e-17	3.25609e-18	3.77353e-20	6.25696e-23	5.67953e-25	1.86757e-29	6.70476e-33	
N21	1.95265e-55	7.58364e-54	3.12534e-52	1.24772e-50	4.77994e-49	1.50499e-50	6.50857e-46	5.84239e-29	3.13848e-38	2.18466e-43	7.19473e-23	9.78627e-15	1.06376e-19	9.57112e-36	1.46054e-34	1.02257e-15	8.96981e-08	1	1.47546e-07	2.75291e-15	4.54286e-35	2.93978e-36	3.29954e-36	3.75868e-35	1.68337e-34	3.83182e-34	1.97151e-33	2.65157e-34	1.84841e-34	
BGAA2	0	0	0	0	0	0	0	0	0	0	0	0	0	0	0	0	0	1	0	0	0	0	0	0	0	0	0	0	0	
BGAA1	0	0	0	0	0	0	0	0	0	0	0	0	0	0	0	0	0	1	0	0	0	0	0	0	0	0	0	0	0	
N22	1.32204e-55	4.76633e-54	9.57626e-76	1.0302e-54	1.30495e-35	8.42434e-46	3.41146e-30	3.26798e-24	1.066e-26	1.73815e-24	4.45998e-18	2.1261e-12	7.36253e-15	4.42079e-18	8.5014e-17	8.32726e-11	2.56753e-05	0.999932	4.25099e-05	2.26853e-10	3.80051e-16	2.52418e-36	2.79219e-36	3.36101e-35	1.57513e-34	3.59383e-34	1.95554e-33	2.4935e-34	1.73032e-34	
BGA584	0	0	0	0	0	0	0	0	0	0	0	0	0	0	0	0	0	1	0	0	0	0	0	0	0	0	0	0	0	
BGA706	0	0	0	0	0	0	0	0	0	0	0	0	0	0	0	0	0	1	0	0	0	0	0	0	0	0	0	0	0	
N23	4.55948e-42	1.32403e-37	2.77642e-33	4.59345e-30	5.04113e-26	1.11015e-24	5.248e-21	8.80372e-18	5.28239e-18	3.19424e-16	1.0896e-12	1.01507e-09	1.00991e-09	2.05994e-10	3.38846e-09	8.98245e-06	0.00818299	0.97877	0.0130151	2.26862e-05	1.18852e-08	4.01631e-12	1.60624e-14	4.19231e-16	3.17159e-18	9.51914e-21	4.87509e-23	5.20317e-27	2.39834e-30	
N24	5.27594e-53	1.78388e-51	1.13117e-74	8.98739e-54	8.08478e-35	1.04853e-44	8.78825e-30	1.42821e-23	8.3896e-27	7.61451e-25	3.63987e-18	3.56423e-12	3.18598e-15	4.93943e-19	7.33502e-18	1.6546e-11	1.14224e-05	0.999969	1.92513e-05	4.64778e-11	3.41908e-17	7.35696e-36	7.77625e-36	7.20943e-35	2.66196e-34	5.45498e-34	2.31568e-33	3.88546e-34	2.98763e-34	
BGA304	0	0	0	0	0	0	0	0	0	0	0	0	0	0	0	0	0	1	0	0	0	0	0	0	0	0	0	0	0	
BGA303	0	0	0	0	0	0	0	0	0	0	0	0	0	0	0	0	0	1	0	0	0	0	0	0	0	0	0	0	0	
N25	6.52179e-53	2.16918e-51	6.91683e-50	2.04045e-48	5.51555e-47	4.42513e-49	3.01231e-44	5.88064e-28	2.79643e-37	7.03288e-43	1.52032e-22	2.44851e-14	1.29155e-19	2.3988e-35	2.91769e-34	6.26375e-16	7.01128e-08	1	1.17725e-07	1.74794e-15	9.53276e-35	7.76023e-36	8.27358e-36	7.4905e-35	2.71715e-34	5.57659e-34	2.3124e-33	3.96565e-34	3.05129e-34	
BGAB1	0	0	0	0	0	0	0	0	0	0	0	0	0	0	0	0	0	1	0	0	0	0	0	0	0	0	0	0	0	
BGA7	0	0	0	0	0	0	0	0	0	0	0	0	0	0	0	0	0	1	0	0	0	0	0	0	0	0	0	0	0	
N26	1.2178e-42	9.69148e-42	8.63292e-41	7.71073e-40	6.78534e-39	1.0163e-38	4.58569e-37	1.75395e-18	1.23341e-29	2.26209e-34	1.28874e-14	2.00166e-08	5.07045e-13	3.3088e-32	7.09935e-32	1.31873e-11	9.12168e-06	0.999986	4.57455e-06	4.58457e-12	4.76437e-33	6.49236e-33	1.0282e-32	1.69617e-32	1.26052e-32	1.02345e-32	7.74364e-33	4.22381e-33	7.18161e-33	
PGA445	0	0	0	0	0	0	0	0	0	0	0	0	0	0	0	0	0	1	0	0	0	0	0	0	0	0	0	0	0	
PGA363	0	0	0	0	0	0	0	0	0	0	0	0	0	0	0	0	0	1	0	0	0	0	0	0	0	0	0	0	0	
N27	8.93834e-35	1.71622e-29	1.47819e-24	1.92729e-21	1.74852e-17	1.15524e-16	5.29276e-13	2.02052e-10	1.09175e-09	7.39688e-07	0.00268847	0.842445	0.148961	0.00582891	7.50804e-05	5.40079e-07	1.5742e-07	2.56954e-09	1.68625e-13	2.53123e-18	1.52859e-23	3.9104e-28	4.0397e-31	4.42026e-32	1.44365e-33	1.80795e-35	1.17026e-36	8.25684e-36	3.57607e-34	
N28	1.77823e-31	4.58324e-27	1.02778e-22	6.19524e-19	1.50444e-15	2.18651e-12	1.38016e-09	1.53972e-07	5.07031e-05	0.0135338	0.323745	0.613324	0.0486677	0.00067614	2.53926e-06	7.08019e-09	1.53329e-10	3.76563e-13	9.31056e-17	6.96858e-20	1.00411e-22	2.97776e-26	7.42422e-28	3.65049e-29	6.83016e-30	4.63226e-31	3.7577e-32	1.34853e-34	1.28392e-35	
Rhaspe	0	0	0	0	0	0	0	0	0	1	0	0	0	0	0	0	0	0	0	0	0	0	0	0	0	0	0	0	0	
N29	5.43384e-25	2.79406e-23	1.65952e-20	3.69348e-17	4.13816e-14	2.8646e-11	1.12134e-08	1.0577e-06	0.000156848	0.0207605	0.368778	0.568745	0.0410323	0.000523931	1.91636e-06	1.06295e-08	2.25196e-10	2.55121e-11	9.12094e-14	9.83058e-16	2.86912e-18	9.79019e-22	4.84971e-24	6.89596e-27	1.35599e-29	6.32442e-32	2.30266e-33	1.04889e-36	1.12512e-38	
Rhamar	0	0	0	0	0	0	0	0	0	1	0	0	0	0	0	0	0	0	0	0	0	0	0	0	0	0	0	0	0	
Rhatem	0	0	0	0	0	0	0	0	0	0	1	0	0	0	0	0	0	0	0	0	0	0	0	0	0	0	0	0	0	
N30	4.14786e-39	3.46808e-34	1.9537e-29	3.21786e-26	6.44261e-21	7.92466e-20	8.84385e-15	1.89814e-10	1.09122e-10	4.7361e-08	0.0010171	0.946586	0.0520612	0.000333775	1.25439e-06	1.90277e-07	1.75061e-07	3.41395e-09	4.52216e-12	5.79852e-15	1.04381e-17	1.1368e-21	1.91472e-25	2.30514e-27	7.23368e-30	1.70682e-31	7.24573e-34	1.56442e-36	3.81466e-37	
N31	3.14978e-38	1.80983e-32	5.63101e-27	1.70661e-23	2.30085e-18	4.91962e-17	2.32219e-12	6.30214e-09	1.7525e-09	6.80756e-07	0.00523098	0.98592	0.00853294	5.40501e-06	1.03117e-06	7.19138e-06	6.95992e-05	0.000231691	5.18719e-07	9.32164e-10	2.51214e-13	1.14556e-17	1.61767e-21	2.69294e-25	4.48088e-29	9.43798e-33	1.2234e-35	1.34698e-38	3.1066e-40	
N32	2.73317e-32	6.63458e-28	1.17601e-23	2.75341e-20	1.54516e-16	2.24188e-14	6.42705e-11	2.54052e-08	2.28419e-07	3.94849e-05	0.0259083	0.958483	0.0151468	0.000109253	2.38716e-05	0.000107964	0.000154937	2.58119e-05	3.49309e-08	1.57803e-11	3.17284e-15	3.89326e-19	5.67857e-22	1.85047e-23	1.78954e-25	4.36876e-28	3.66344e-30	2.24241e-34	5.33309e-36	
N33	1.32544e-39	1.69481e-38	2.10543e-37	2.35705e-36	2.34979e-35	2.05475e-34	5.41723e-19	7.27837e-35	8.91569e-34	4.16868e-15	8.44642e-08	3.59728e-13	3.41663e-31	9.02863e-32	4.1066e-14	3.22661e-07	0.999997	2.31358e-06	2.75737e-13	1.72202e-32	6.67749e-33	1.43879e-33	8.60206e-34	1.44495e-33	1.57889e-33	2.44624e-33	5.5624e-33	1.9651e-33	2.62212e-33	
FGA379	0	0	0	0	0	0	0	0	0	0	0	0	0	0	0	0	1	0	0	0	0	0	0	0	0	0	0	0	0	
F647	0	0	0	0	0	0	0	0	0	0	0	0	0	0	0	0	1	0	0	0	0	0	0	0	0	0	0	0	0	
N34	7.6807e-31	1.85045e-26	3.17034e-22	5.71006e-19	3.61562e-15	2.46385e-13	5.21803e-10	3.73197e-07	1.15664e-06	5.26557e-05	0.0187483	0.949668	0.0312341	0.000251343	3.94734e-05	4.05713e-06	1.45355e-07	1.30312e-09	4.30407e-13	5.23417e-17	3.22888e-21	3.02934e-25	4.84013e-28	4.16949e-30	9.39572e-33	6.02633e-36	9.73624e-39	3.08907e-43	1.87109e-45	
N35	7.13485e-34	1.32949e-28	1.35909e-23	4.13337e-20	6.1938e-16	1.3173e-13	2.17499e-10	1.03951e-07	5.5256e-07	0.000144254	0.0204148	0.933985	0.0451426	0.000311351	1.25921e-06	4.96537e-09	5.23297e-12	5.14777e-15	1.79005e-19	1.67642e-22	1.88597e-24	4.73628e-26	2.80194e-27	3.93414e-28	8.64788e-30	3.47891e-31	2.54534e-32	6.51269e-35	3.68639e-36	
N36	8.57316e-36	1.24689e-31	2.88872e-26	1.65513e-22	1.07588e-17	1.68593e-15	5.43503e-11	2.11744e-08	6.31861e-08	3.42776e-05	0.029947	0.953739	0.0162616	1.81559e-05	7.65974e-09	2.36852e-12	1.8632e-16	4.87115e-20	3.95903e-24	4.1893e-27	1.1301e-28	7.44253e-31	2.70862e-32	7.65382e-34	2.25891e-36	6.24496e-38	2.03258e-39	1.06582e-41	1.22091e-42	
N37	7.55418e-43	1.65712e-41	3.45041e-40	6.48527e-39	1.07704e-23	9.93192e-21	1.80251e-12	2.87594e-17	7.01455e-16	6.43283e-08	0.999998	1.52742e-06	8.81554e-14	6.84216e-33	1.27416e-33	1.44939e-33	2.84124e-33	8.24976e-33	2.16585e-33	1.0967e-33	3.16612e-34	4.12789e-35	1.98937e-35	3.92506e-35	4.67271e-35	8.2916e-35	3.0449e-34	6.70435e-35	8.92914e-35	
F3016	0	0	0	0	0	0	0	0	0	0	1	0	0	0	0	0	0	0	0	0	0	0	0	0	0	0	0	0	0	
F3015	0	0	0	0	0	0	0	0	0	0	1	0	0	0	0	0	0	0	0	0	0	0	0	0	0	0	0	0	0	
N38	2.33868e-35	9.03782e-32	2.13574e-27	2.08917e-23	1.87815e-18	3.72663e-16	7.23611e-12	4.7754e-09	4.04014e-08	1.47258e-05	0.0303808	0.957387	0.0122128	4.16739e-06	3.85098e-10	2.66103e-13	1.91402e-16	7.25103e-19	2.56708e-23	4.5467e-27	2.41771e-30	2.34826e-33	6.42207e-35	1.62173e-36	2.48356e-38	8.12542e-40	3.61064e-40	6.36936e-43	4.60761e-44	
N39	3.70821e-35	9.57674e-32	1.12038e-27	1.0799e-23	5.19862e-19	2.41237e-16	1.38636e-12	3.96058e-09	4.19082e-08	1.12959e-05	0.0216363	0.963734	0.0146152	3.5379e-06	9.76279e-10	1.65241e-11	1.7545e-14	4.01962e-17	7.42417e-22	1.72046e-25	1.61269e-30	1.16116e-35	2.13844e-36	1.12761e-33	9.21585e-35	3.07921e-36	6.03722e-37	4.23982e-40	2.26261e-41	
N40	4.42298e-45	1.29556e-38	1.6611e-31	2.47676e-27	2.43008e-21	6.61243e-19	3.38852e-13	2.06097e-10	9.6087e-11	1.88199e-06	0.0321414	0.966124	0.00173305	5.31953e-08	3.46085e-13	6.13215e-17	4.51215e-21	1.14397e-24	1.8968e-30	2.79276e-33	9.37554e-37	9.4513e-41	3.99205e-41	5.61443e-38	1.21022e-37	1.76644e-37	3.78089e-36	3.5745e-37	9.30384e-37	
N41	2.96662e-36	1.5767e-32	5.18525e-29	1.08466e-26	1.36193e-21	2.29096e-18	1.00072e-13	2.59825e-11	1.22644e-09	1.37328e-05	0.0431449	0.954748	0.00209275	2.55538e-07	6.001e-12	1.22101e-13	8.64158e-17	8.7594e-19	3.18471e-24	3.00431e-28	4.11571e-33	6.63684e-37	1.0662e-38	1.33819e-38	2.03043e-40	6.33094e-42	6.98483e-42	1.58269e-45	5.79019e-47	
N42	4.73882e-44	1.40749e-42	3.90937e-41	9.76113e-40	5.83392e-24	7.09795e-21	1.02723e-12	3.54934e-17	1.13291e-15	8.20526e-08	0.999997	3.1671e-06	2.00145e-13	3.7922e-33	5.76216e-34	9.93575e-34	2.12188e-33	7.92186e-33	1.39716e-33	5.85454e-34	1.18117e-34	1.14537e-35	6.40923e-36	2.01868e-35	2.49966e-35	4.65072e-35	2.22257e-34	3.23594e-35	3.59151e-35	
F1476	0	0	0	0	0	0	0	0	0	0	1	0	0	0	0	0	0	0	0	0	0	0	0	0	0	0	0	0	0	
FGA81	0	0	0	0	0	0	0	0	0	0	1	0	0	0	0	0	0	0	0	0	0	0	0	0	0	0	0	0	0	
N43	8.42667e-36	4.74917e-32	1.72103e-28	9.4871e-26	4.82488e-21	3.30445e-17	3.32751e-13	4.55228e-10	7.10102e-08	0.000111354	0.0464407	0.945471	0.00796908	8.13205e-06	2.60243e-09	8.44053e-11	7.04111e-14	2.80208e-16	1.05825e-21	1.21422e-24	1.06198e-27	1.16589e-30	5.21174e-32	6.85746e-32	1.1169e-33	3.48276e-35	1.50753e-35	3.7765e-39	9.56001e-41	
Furcep	0	0	0	0	0	0	0	0	0	0	0	0	0	1	0	0	0	0	0	0	0	0	0	0	0	0	0	0	0	
N44	1.40126e-33	2.08334e-30	2.4161e-27	7.57054e-24	4.74045e-19	5.41349e-16	2.05801e-11	2.08549e-09	4.2435e-08	4.32699e-05	0.0862889	0.910458	0.00320888	1.08764e-06	1.03968e-10	3.26628e-13	9.44549e-17	1.09774e-18	6.78975e-23	2.58416e-26	1.01441e-30	5.83309e-36	8.31592e-40	6.61059e-43	9.60024e-48	1.24071e-51	2.42334e-54	3.00135e-56	2.68344e-55	
Furpol	0	0	0	0	0	0	0	0	0	0	0	1	0	0	0	0	0	0	0	0	0	0	0	0	0	0	0	0	0	
N45	8.39188e-37	1.70559e-31	2.17605e-26	2.59118e-22	3.09883e-18	5.53809e-15	1.25904e-10	2.48549e-10	2.44105e-08	0.000333062	0.837083	0.162486	9.8332e-05	1.068e-08	4.84437e-13	7.56993e-16	9.72184e-19	5.00671e-21	1.12763e-25	1.56878e-29	2.47247e-34	1.02657e-39	4.20625e-44	1.50024e-47	1.41992e-51	1.91309e-55	1.86838e-58	5.1776e-60	1.88734e-59	
N46	2.36834e-37	6.27352e-32	1.07762e-26	1.75936e-22	2.9633e-18	7.34227e-15	2.41058e-10	3.6769e-10	3.46685e-08	0.0004892	0.974154	0.0253506	6.06865e-06	3.24968e-10	7.46347e-14	3.13781e-16	1.42619e-19	1.32189e-22	1.31415e-27	9.38044e-32	7.33994e-37	6.44988e-42	6.29053e-46	5.04722e-49	1.39236e-53	6.00228e-58	1.01418e-61	1.33652e-67	2.66521e-70	
N47	1.69762e-47	1.2397e-45	8.39359e-44	5.13665e-42	1.80709e-23	5.33231e-20	1.17147e-12	1.45048e-15	9.9618e-14	8.81199e-07	0.999994	4.9264e-06	1.49821e-12	4.36193e-35	9.41105e-35	5.10465e-34	5.11845e-34	2.6179e-34	1.44055e-35	5.21959e-36	4.24644e-37	3.3656e-37	5.13228e-37	4.94441e-36	2.64592e-36	2.57951e-36	2.42874e-36	1.10314e-37	1.71717e-37	
F2241	0	0	0	0	0	0	0	0	0	0	1	0	0	0	0	0	0	0	0	0	0	0	0	0	0	0	0	0	0	
F12266	0	0	0	0	0	0	0	0	0	0	1	0	0	0	0	0	0	0	0	0	0	0	0	0	0	0	0	0	0	
Furang	0	0	0	0	0	0	0	0	0	0	1	0	0	0	0	0	0	0	0	0	0	0	0	0	0	0	0	0	0	
Fga490	0	0	0	0	0	0	0	0	0	0	1	0	0	0	0	0	0	0	0	0	0	0	0	0	0	0	0	0	0	
N48	4.84949e-42	5.77447e-36	5.01708e-30	7.09486e-26	1.69252e-20	4.35264e-18	6.9554e-13	4.58111e-10	5.53138e-10	4.16516e-06	0.0473152	0.952314	0.000366237	1.51975e-08	4.49865e-13	1.18773e-15	3.75901e-19	5.81083e-22	2.52298e-27	9.86893e-32	2.56653e-37	5.79851e-43	3.75747e-45	8.8185e-44	4.40791e-45	3.95488e-47	3.55191e-48	3.72609e-50	6.47533e-48	
N49	1.88152e-40	1.66341e-34	8.30142e-29	9.22017e-25	1.10408e-19	1.80945e-17	8.49378e-13	1.44243e-09	1.44236e-08	4.02113e-06	0.0412011	0.958093	0.000701624	4.80338e-08	1.43762e-11	1.59176e-13	8.35402e-17	1.05407e-19	4.36224e-25	1.79872e-29	8.89053e-34	1.32301e-36	3.79491e-38	1.83364e-38	1.79649e-40	3.30417e-42	4.13053e-43	1.07778e-46	1.62498e-48	
N50	4.64165e-39	8.28005e-35	1.82768e-30	1.64882e-26	7.82087e-21	7.78654e-19	1.78019e-14	2.04652e-09	1.07029e-08	1.57424e-07	0.00226447	0.9941	0.00363398	9.12053e-07	9.43284e-10	5.68112e-12	1.1973e-15	1.60273e-19	2.10814e-25	2.17232e-29	6.71149e-33	2.15709e-35	2.95137e-37	6.36459e-38	2.45122e-40	1.64608e-42	2.2479e-44	1.95523e-48	2.2197e-47	
N51	7.91482e-36	2.22578e-32	5.26585e-29	1.56943e-25	3.66977e-20	1.08504e-18	6.20885e-14	1.13182e-09	4.83204e-10	3.9376e-08	0.000770483	0.997599	0.0016305	1.78544e-07	1.47784e-11	3.76614e-14	2.55406e-17	1.58951e-19	2.5564e-24	4.46147e-28	3.26267e-33	1.09626e-38	7.28739e-42	5.83365e-42	6.15125e-42	1.06543e-43	3.23625e-44	1.17133e-47	2.85878e-49	
N52	4.90434e-39	1.48361e-33	2.70707e-28	1.16623e-24	1.1133e-19	1.39192e-18	5.39097e-14	8.73961e-10	3.43571e-10	3.25388e-08	0.000501155	0.998591	0.000907603	9.78828e-08	4.97888e-12	2.0889e-14	2.6437e-17	1.58244e-19	1.94489e-24	1.88887e-28	1.68586e-33	4.43676e-39	1.84991e-43	1.30357e-46	8.34524e-51	7.60409e-55	5.72913e-58	5.2922e-64	2.91248e-68	
FGA456	0	0	0	0	0	0	0	0	0	0	0	1	0	0	0	0	0	0	0	0	0	0	0	0	0	0	0	0	0	
N53	2.29992e-49	1.71986e-47	3.96624e-66	1.20463e-44	5.25289e-25	1.26722e-34	1.88482e-19	2.82924e-12	5.94838e-16	4.19474e-14	5.75221e-07	0.999998	9.34302e-07	1.10404e-13	8.41309e-36	3.38591e-35	8.56255e-35	9.40322e-34	5.7083e-35	2.26577e-35	1.76152e-36	5.75068e-38	2.88478e-38	2.26397e-37	2.95844e-37	6.21552e-37	8.8621e-36	4.1753e-37	4.26706e-37	
FGA516	0	0	0	0	0	0	0	0	0	0	0	1	0	0	0	0	0	0	0	0	0	0	0	0	0	0	0	0	0	
FGA513	0	0	0	0	0	0	0	0	0	0	0	1	0	0	0	0	0	0	0	0	0	0	0	0	0	0	0	0	0	
N54	2.53937e-47	1.33955e-45	1.49339e-66	3.13166e-45	9.17795e-26	1.76102e-34	1.37271e-20	1.57345e-12	1.68899e-17	7.37873e-16	7.63946e-08	1	1.23023e-07	1.9136e-15	3.46967e-35	9.3435e-35	2.27878e-34	1.53854e-33	1.51478e-34	6.00578e-35	7.2381e-36	3.83546e-37	1.99111e-37	1.02254e-36	1.35269e-36	2.7551e-36	2.3947e-35	1.87087e-36	1.93537e-36	
F12278	0	0	0	0	0	0	0	0	0	0	0	1	0	0	0	0	0	0	0	0	0	0	0	0	0	0	0	0	0	
F12279	0	0	0	0	0	0	0	0	0	0	0	1	0	0	0	0	0	0	0	0	0	0	0	0	0	0	0	0	0	
N55	1.14834e-36	2.69975e-31	4.01072e-26	5.67357e-22	6.5721e-18	4.67277e-15	1.33856e-12	1.67579e-08	1.5548e-06	1.42565e-05	0.000614141	0.849471	0.146692	0.00320623	1.16506e-06	1.86061e-08	4.44739e-11	4.08347e-13	8.90319e-18	1.1932e-21	1.75907e-26	1.11531e-31	1.44234e-35	2.37934e-38	2.14187e-42	2.99973e-46	3.06335e-49	4.80439e-55	1.69074e-59	
Furant	0	0	0	0	0	0	0	0	0	0	0	1	0	0	0	0	0	0	0	0	0	0	0	0	0	0	0	0	0	
N56	4.45449e-46	2.71016e-44	1.53273e-42	7.9771e-41	8.12324e-43	4.15971e-22	4.92635e-31	8.41243e-18	1.3012e-09	1.01025e-13	1.61074e-30	2.69934e-11	1.46395e-05	0.999985	1.02592e-07	1.56498e-13	2.64382e-32	2.43095e-31	1.71712e-32	6.75306e-33	6.03164e-34	2.3451e-35	1.24475e-35	8.70225e-35	1.0959e-34	2.24733e-34	2.69417e-33	1.48851e-34	1.51563e-34	
FGA331	0	0	0	0	0	0	0	0	0	0	0	0	0	1	0	0	0	0	0	0	0	0	0	0	0	0	0	0	0	
FGA332	0	0	0	0	0	0	0	0	0	0	0	0	0	1	0	0	0	0	0	0	0	0	0	0	0	0	0	0	0	
FGA465	0	0	0	0	0	0	0	0	0	0	1	0	0	0	0	0	0	0	0	0	0	0	0	0	0	0	0	0	0	
N57	3.52564e-38	1.20631e-32	2.60142e-27	2.54988e-23	9.85663e-19	7.16394e-16	2.89003e-11	1.19257e-09	7.89093e-09	7.66566e-05	0.270027	0.72958	0.000316316	2.30225e-08	1.24949e-12	4.38517e-15	4.2014e-18	1.50198e-20	1.53945e-25	8.99475e-30	6.47102e-35	3.81874e-40	1.20021e-41	3.17864e-40	1.26822e-41	3.3206e-43	6.60251e-44	2.84551e-47	2.98784e-49	
N58	7.13154e-46	3.40451e-44	1.49811e-42	5.89801e-41	1.5088e-23	2.85211e-20	1.20863e-12	3.31782e-16	1.57061e-14	3.1182e-07	0.999979	2.09678e-05	4.10557e-12	1.65491e-33	2.11146e-34	6.16926e-34	1.16269e-33	5.99349e-33	6.14694e-34	2.35599e-34	2.93214e-35	2.04508e-36	1.52627e-36	8.36011e-36	8.10676e-36	1.41188e-35	9.97931e-35	8.21265e-36	8.35723e-36	
FGA99	0	0	0	0	0	0	0	0	0	0	1	0	0	0	0	0	0	0	0	0	0	0	0	0	0	0	0	0	0	
F12269	0	0	0	0	0	0	0	0	0	0	1	0	0	0	0	0	0	0	0	0	0	0	0	0	0	0	0	0	0	
N59	6.10141e-37	1.37208e-31	1.86976e-26	1.68886e-22	5.18713e-18	1.40581e-15	3.92713e-11	7.7286e-09	7.713e-08	8.15111e-05	0.280657	0.718917	0.000343887	2.77973e-08	1.62078e-11	1.97125e-13	1.63814e-16	2.73786e-19	3.19285e-24	3.96111e-28	3.62703e-33	6.59807e-38	1.2407e-41	2.58967e-44	1.21762e-48	8.98649e-53	2.74108e-56	2.54502e-62	2.71664e-66	
N60	8.85311e-47	4.8391e-45	2.43606e-43	1.11038e-41	6.33812e-26	1.45597e-22	5.64481e-14	2.72142e-18	1.68677e-16	3.24108e-08	0.999996	3.77391e-06	7.8073e-14	1.27776e-33	1.20808e-34	4.43287e-34	8.53209e-34	5.83228e-33	4.55012e-34	1.76053e-34	1.71898e-35	8.93613e-37	6.4267e-37	4.49488e-36	4.31422e-36	7.68411e-36	7.24611e-35	4.45987e-36	4.52348e-36	
FGA15	0	0	0	0	0	0	0	0	0	0	1	0	0	0	0	0	0	0	0	0	0	0	0	0	0	0	0	0	0	
FGA440	0	0	0	0	0	0	0	0	0	0	1	0	0	0	0	0	0	0	0	0	0	0	0	0	0	0	0	0	0	
N61	3.53953e-46	2.30192e-44	3.8233e-65	9.26908e-44	3.04583e-24	5.67496e-33	5.183e-19	5.32212e-11	5.99846e-16	2.19521e-14	1.29688e-06	0.999999	9.1241e-08	1.32366e-15	4.42134e-34	1.94156e-33	1.95564e-33	1.14615e-33	7.91422e-35	2.84585e-35	2.87932e-36	2.04115e-36	3.09654e-36	2.39797e-35	1.30892e-35	1.27626e-35	1.3532e-35	7.82344e-37	1.16023e-36	
FGA581	0	0	0	0	0	0	0	0	0	0	0	1	0	0	0	0	0	0	0	0	0	0	0	0	0	0	0	0	0	
FGA582	0	0	0	0	0	0	0	0	0	0	0	1	0	0	0	0	0	0	0	0	0	0	0	0	0	0	0	0	0	
N62	1.41829e-42	3.38375e-41	7.56104e-40	1.50916e-38	2.65422e-37	1.17196e-20	1.9509e-36	2.25137e-16	1.0988e-09	3.01484e-15	3.02713e-13	3.00797e-06	0.999997	2.43603e-07	2.94721e-14	3.05176e-33	4.99464e-33	1.29154e-32	2.5573e-33	1.05095e-33	2.35332e-34	3.38789e-35	2.72466e-35	8.35026e-35	7.78692e-35	1.20295e-34	4.22554e-34	7.09947e-35	7.98061e-35	
FGA104	0	0	0	0	0	0	0	0	0	0	0	0	1	0	0	0	0	0	0	0	0	0	0	0	0	0	0	0	0	
FGA105	0	0	0	0	0	0	0	0	0	0	0	0	1	0	0	0	0	0	0	0	0	0	0	0	0	0	0	0	0	
FGA489	0	0	0	0	0	0	0	0	0	0	1	0	0	0	0	0	0	0	0	0	0	0	0	0	0	0	0	0	0	
N63	2.94746e-41	5.89863e-40	7.9406e-46	7.05489e-26	3.75459e-23	8.89834e-17	1.51171e-19	1.4569e-13	1.96929e-07	1.26494e-10	1.61442e-14	2.48876e-09	0.000135524	0.999851	1.33958e-05	2.58929e-10	2.6993e-15	8.26904e-32	1.94917e-32	8.36354e-33	2.1668e-33	3.24709e-34	2.26517e-34	5.87182e-34	6.11734e-34	9.8923e-34	3.20535e-33	6.52095e-34	7.56817e-34	
FGA174	0	0	0	0	0	0	0	0	0	0	0	0	0	1	0	0	0	0	0	0	0	0	0	0	0	0	0	0	0	
FGA175	0	0	0	0	0	0	0	0	0	0	0	0	0	1	0	0	0	0	0	0	0	0	0	0	0	0	0	0	0	
FurbGB	0	0	0	0	0	0	0	0	0	0	0	1	0	0	0	0	0	0	0	0	0	0	0	0	0	0	0	0	0	
N64	1.46887e-34	1.37903e-31	7.66113e-28	4.41426e-24	1.6015e-19	2.15237e-17	2.74228e-13	2.63188e-10	3.65076e-10	2.71248e-07	0.00144836	0.218037	0.00165949	1.30297e-06	4.16272e-07	8.61002e-05	0.00686497	0.765745	0.00601546	0.000140857	1.27495e-07	1.8172e-11	3.99853e-14	2.21549e-16	2.66894e-19	5.51466e-22	1.63047e-23	5.22318e-28	8.3146e-31	
N65	1.20624e-35	4.34207e-31	1.14928e-26	4.24956e-23	3.66066e-19	8.18368e-17	4.95912e-13	2.04755e-10	1.32155e-09	6.24825e-07	0.000902003	0.0349778	0.000326973	2.01093e-06	8.08689e-07	0.000231638	0.0401667	0.912395	0.0109131	8.31863e-05	1.02851e-07	3.36631e-11	6.43389e-14	2.19617e-15	2.62707e-17	1.32673e-19	3.01085e-21	2.76326e-25	3.11941e-28	
N66	1.10161e-36	1.00212e-31	6.36206e-27	2.23443e-23	2.75275e-19	6.24602e-17	8.10822e-13	1.66861e-11	2.51182e-10	2.20302e-07	0.000157972	0.000289867	2.45759e-06	1.08811e-06	1.38186e-05	0.0102404	0.411165	0.575731	0.00239651	1.75822e-06	4.33495e-10	5.16344e-14	3.28645e-17	1.63873e-19	2.54717e-22	1.6842e-25	2.97462e-28	7.13249e-29	5.14713e-29	
N67	1.01449e-43	1.96926e-42	1.11176e-66	4.78311e-46	2.22725e-27	2.64159e-37	5.3826e-23	6.5609e-17	6.71889e-21	1.37187e-19	1.47372e-13	9.00304e-09	2.89644e-13	8.96824e-18	5.57532e-17	8.80449e-11	3.39866e-05	0.999955	1.10158e-05	1.83693e-11	1.55452e-17	3.28329e-34	7.61075e-34	3.02365e-33	4.04048e-33	4.09989e-33	3.51601e-33	7.88997e-34	9.39315e-34	
CGA312	0	0	0	0	0	0	0	0	0	0	0	0	0	0	0	0	0	1	0	0	0	0	0	0	0	0	0	0	0	
CGA963	0	0	0	0	0	0	0	0	0	0	0	0	0	0	0	0	0	1	0	0	0	0	0	0	0	0	0	0	0	
N68	4.30072e-42	1.33368e-37	3.27024e-32	8.59399e-28	5.53547e-23	6.3835e-20	2.61348e-15	3.29422e-14	7.1496e-12	4.36963e-08	1.29603e-05	1.0362e-05	1.22104e-06	4.29415e-07	5.83641e-05	0.0325647	0.596678	0.370422	0.000251982	1.649e-08	2.43111e-13	1.27413e-18	4.42371e-23	8.64263e-25	2.45009e-25	8.62297e-27	2.42766e-27	3.55605e-30	5.98203e-32	
N69	2.55936e-43	9.68029e-41	5.67533e-36	1.53797e-32	6.68044e-28	3.64907e-23	1.56045e-18	1.41895e-17	7.04007e-14	3.02488e-09	2.62475e-07	2.57825e-07	8.9543e-08	7.58693e-07	0.00256759	0.221759	0.771148	0.0045232	3.60728e-08	3.89271e-14	1.06517e-20	7.87316e-28	1.48262e-32	7.96695e-33	1.55574e-31	2.33085e-31	5.584e-30	2.16899e-31	1.86216e-31	
N70	8.71848e-43	1.09155e-38	8.54284e-35	3.16574e-32	3.37559e-29	5.07306e-25	1.82726e-19	2.84357e-17	1.667e-14	3.26738e-10	2.47974e-08	7.09578e-08	7.47446e-08	3.45337e-07	0.00189869	0.215406	0.780159	0.0025353	7.84772e-08	1.27796e-12	1.20901e-15	5.59678e-18	1.18885e-21	8.43646e-25	6.9705e-28	1.92577e-29	1.90974e-31	3.2504e-35	1.99516e-36	
N71	1.02272e-46	7.52299e-41	3.06011e-35	1.5983e-31	1.02116e-26	3.29207e-24	2.7446e-19	3.52005e-18	2.904e-18	6.89878e-14	1.38516e-09	6.0436e-09	1.69949e-10	9.99078e-10	1.18445e-05	0.0468017	0.936119	0.017065	2.95124e-06	1.43643e-10	1.17843e-13	9.73333e-17	2.29667e-20	8.50132e-24	3.02178e-28	1.87722e-30	6.59004e-33	1.03717e-35	7.0545e-37	
CGA642	0	0	0	0	0	0	0	0	0	0	0	0	0	0	0	0	1	0	0	0	0	0	0	0	0	0	0	0	0	
N72	1.42975e-38	4.33271e-35	9.63822e-32	1.11177e-29	8.06739e-27	1.63721e-25	5.76451e-21	3.11003e-19	1.33917e-17	5.61043e-14	5.87218e-10	2.32678e-09	7.7686e-11	3.574e-09	4.89524e-06	0.0512257	0.922288	0.0264784	2.65091e-06	6.08522e-11	5.00083e-15	9.2585e-17	9.40552e-20	1.65504e-21	1.47097e-24	3.25186e-28	3.69421e-33	5.76222e-39	3.57797e-42	
N73	3.25929e-54	2.41932e-52	1.65397e-50	3.59855e-72	5.66047e-52	2.50403e-45	3.03668e-30	5.46512e-38	1.33657e-43	2.91607e-23	1.23953e-15	1.51182e-21	6.6745e-36	2.17591e-17	1.13861e-08	0.999997	2.59434e-06	1.14236e-13	1.35249e-32	6.06894e-34	2.01622e-35	1.70852e-35	5.6971e-35	8.70744e-34	4.11065e-33	4.21528e-33	3.53177e-33	2.39307e-34	2.3605e-34	
CGA763	0	0	0	0	0	0	0	0	0	0	0	0	0	0	0	1	0	0	0	0	0	0	0	0	0	0	0	0	0	
CGA764	0	0	0	0	0	0	0	0	0	0	0	0	0	0	0	1	0	0	0	0	0	0	0	0	0	0	0	0	0	
N74	1.67211e-53	1.22828e-51	8.08256e-50	4.66797e-48	2.34407e-46	2.51416e-48	3.74909e-43	8.72148e-27	7.19077e-36	2.4444e-41	8.82657e-21	2.74695e-12	1.96373e-17	6.62472e-33	9.36312e-32	1.23384e-13	2.13154e-06	0.999998	2.08499e-08	7.72508e-17	8.11984e-35	6.13995e-34	1.60855e-33	1.53859e-32	7.17502e-33	6.40597e-33	8.52842e-34	5.11367e-35	3.66012e-34	
C601	0	0	0	0	0	0	0	0	0	0	0	0	0	0	0	0	0	1	0	0	0	0	0	0	0	0	0	0	0	
C602	0	0	0	0	0	0	0	0	0	0	0	0	0	0	0	0	0	1	0	0	0	0	0	0	0	0	0	0	0	
N75	3.47501e-38	1.28652e-34	3.19407e-31	1.32929e-28	1.47677e-26	2.42314e-23	1.05598e-19	4.23458e-17	8.76044e-14	1.29508e-10	9.79871e-09	6.32996e-08	7.85968e-08	3.19014e-06	0.00295261	0.230491	0.764813	0.00173996	1.54554e-07	3.04747e-12	3.39586e-16	8.2327e-18	6.35166e-21	6.95408e-23	1.00394e-25	2.99536e-27	1.75277e-29	6.16948e-33	6.28122e-34	
CGA236	0	0	0	0	0	0	0	0	0	0	0	0	0	0	0	0	1	0	0	0	0	0	0	0	0	0	0	0	0	
N76	1.43832e-33	1.57016e-30	1.28685e-27	1.70384e-25	1.86075e-23	1.33995e-21	1.27814e-18	1.3305e-15	1.73974e-12	1.89381e-10	6.52547e-09	4.52622e-08	9.75344e-07	0.000371319	0.0275715	0.351018	0.619288	0.00174936	3.74213e-07	2.11058e-11	1.42256e-15	3.89968e-17	1.23152e-19	3.89926e-21	1.5032e-23	7.86829e-27	3.1789e-31	1.95103e-36	2.61244e-39	
N77	4.61356e-39	3.91619e-34	2.31342e-29	1.53588e-25	9.70325e-22	3.54477e-19	7.72553e-17	2.87472e-13	1.05352e-11	1.15476e-10	1.00206e-08	2.94637e-05	0.00164385	0.0154595	0.0346013	0.370629	0.557973	0.0196571	7.46892e-06	8.67282e-10	2.55485e-12	1.99098e-14	3.15406e-17	1.54017e-19	6.84152e-23	2.73725e-26	1.28057e-30	1.96164e-35	2.79275e-38	
Calboe	0	0	0	0	0	0	0	0	0	0	0	0	0	1	0	0	0	0	0	0	0	0	0	0	0	0	0	0	0	
C3125	0	0	0	0	0	0	0	0	0	0	0	0	0	0	0	0	0	1	0	0	0	0	0	0	0	0	0	0	0	
N78	3.42715e-49	1.00071e-47	2.77407e-46	7.05001e-45	2.40263e-66	3.46414e-42	2.88845e-45	6.64819e-61	1.20797e-40	3.68463e-23	6.769e-38	6.19316e-35	3.07067e-35	1.27669e-17	1	1.05855e-15	1.41799e-31	1.32183e-31	1.56915e-32	1.26319e-33	2.61818e-34	7.46908e-34	1.93341e-33	1.06943e-32	1.83986e-32	1.73175e-32	5.74475e-33	7.5368e-34	1.63685e-33	
CGA429	0	0	0	0	0	0	0	0	0	0	0	0	0	0	1	0	0	0	0	0	0	0	0	0	0	0	0	0	0	
CGA430	0	0	0	0	0	0	0	0	0	0	0	0	0	0	1	0	0	0	0	0	0	0	0	0	0	0	0	0	0	
N79	1.46899e-36	9.28076e-33	3.86593e-29	3.81179e-26	1.68724e-24	1.44126e-21	5.92131e-19	3.84465e-16	2.98924e-11	1.33001e-08	6.94465e-09	9.42794e-09	2.13139e-07	0.00228286	0.502436	0.444999	0.0502431	3.87999e-05	6.56402e-10	3.45196e-15	8.12199e-21	1.93336e-24	1.71119e-27	1.53469e-27	1.00619e-27	3.24711e-29	8.70064e-31	3.32811e-34	7.74848e-36	
N80	2.14147e-47	5.01781e-46	1.11225e-44	2.2553e-43	1.55529e-65	3.26125e-45	1.33172e-44	1.5527e-41	1.14261e-23	8.8131e-38	8.06083e-35	3.80172e-35	1.44469e-17	1	9.07389e-16	1.07178e-31	3.5432e-31	7.7193e-32	9.40965e-33	1.07556e-33	2.07897e-33	5.29275e-33	8.74671e-33	2.51141e-32	1.40206e-32	1.12449e-32	3.62018e-33	6.29233e-34	2.16211e-33	
C985	0	0	0	0	0	0	0	0	0	0	0	0	0	1	0	0	0	0	0	0	0	0	0	0	0	0	0	0	0	
C984	0	0	0	0	0	0	0	0	0	0	0	0	0	1	0	0	0	0	0	0	0	0	0	0	0	0	0	0	0	
N81	1.11909e-34	1.30192e-31	1.16392e-28	3.17913e-26	1.31989e-24	5.81614e-21	4.84912e-18	9.54583e-16	1.18158e-11	4.4599e-09	1.46036e-09	2.13574e-09	8.29956e-07	0.00392255	0.64139	0.337854	0.016826	6.41613e-06	3.30171e-10	6.01271e-15	6.13019e-18	8.33649e-20	9.03515e-23	1.05726e-24	1.03356e-27	4.48993e-31	1.78024e-35	5.98068e-41	6.7805e-44	
N82	1.45519e-48	3.95297e-47	4.99282e-51	7.80958e-48	8.72337e-30	2.01422e-25	2.06272e-20	1.03037e-21	1.10557e-15	2.78007e-10	6.05355e-13	9.72034e-16	1.6476e-10	3.36963e-05	0.999617	0.000349378	1.03067e-08	5.76152e-14	5.03245e-34	1.31279e-34	6.3597e-34	1.45444e-33	1.84052e-33	3.47798e-33	1.03236e-33	6.86226e-34	1.85489e-34	4.26349e-35	2.49205e-34	
CGA310	0	0	0	0	0	0	0	0	0	0	0	0	0	0	1	0	0	0	0	0	0	0	0	0	0	0	0	0	0	
CGA314	0	0	0	0	0	0	0	0	0	0	0	0	0	0	1	0	0	0	0	0	0	0	0	0	0	0	0	0	0	
N83	5.01053e-40	4.23963e-35	2.4283e-30	3.43508e-26	5.3502e-23	3.1481e-19	1.96106e-17	2.61941e-15	1.24179e-11	6.42507e-10	3.81427e-10	1.32366e-08	4.51994e-05	0.070614	0.884296	0.0448482	0.000196959	6.62838e-08	7.10551e-12	5.55803e-16	3.27945e-18	1.18593e-20	9.22091e-24	1.67489e-26	2.28993e-30	6.12502e-34	2.33212e-38	3.68657e-43	5.68198e-46	
N84	2.55495e-50	1.1365e-48	1.42714e-53	3.72316e-50	6.9755e-32	2.67632e-27	1.15146e-21	3.48419e-23	1.47376e-16	1.37575e-10	1.63698e-13	1.32079e-16	6.85749e-11	3.32252e-05	0.999929	3.78338e-05	1.39042e-10	1.42156e-16	7.56477e-35	1.65691e-34	1.15195e-33	9.29785e-34	8.80758e-34	5.26891e-34	5.46506e-35	2.48469e-35	3.80787e-36	4.24527e-36	5.89395e-35	
CGA382	0	0	0	0	0	0	0	0	0	0	0	0	0	0	1	0	0	0	0	0	0	0	0	0	0	0	0	0	0	
CGA365	0	0	0	0	0	0	0	0	0	0	0	0	0	0	1	0	0	0	0	0	0	0	0	0	0	0	0	0	0	
N85	2.10524e-50	8.92438e-49	3.55577e-47	1.30963e-45	3.07006e-48	1.18091e-27	2.01854e-36	1.78915e-23	5.19803e-15	2.88378e-19	2.32311e-35	3.24592e-16	4.38495e-08	0.999995	4.46036e-06	6.01655e-13	2.1791e-32	1.89676e-33	1.47906e-34	1.34114e-34	1.31092e-33	4.21144e-33	4.4024e-33	4.22618e-33	5.21103e-34	2.60769e-34	4.17687e-35	1.85937e-35	2.46552e-34	
CGA494	0	0	0	0	0	0	0	0	0	0	0	0	0	1	0	0	0	0	0	0	0	0	0	0	0	0	0	0	0	
CGA495	0	0	0	0	0	0	0	0	0	0	0	0	0	1	0	0	0	0	0	0	0	0	0	0	0	0	0	0	0	
N86	2.61237e-42	1.21761e-36	3.22332e-31	2.53442e-27	7.74958e-23	5.76879e-20	2.45627e-16	6.91825e-14	1.13276e-12	6.63914e-11	9.3908e-08	1.90167e-07	1.34939e-07	6.03778e-07	1.95131e-05	0.00957185	0.41818	0.560606	0.0116186	3.0734e-06	7.85513e-10	2.67848e-12	2.73303e-15	5.33151e-18	8.72604e-22	3.70444e-24	5.82614e-26	1.38414e-28	6.23223e-30	
N87	2.03158e-37	4.55197e-34	7.71354e-31	2.15791e-28	4.26247e-24	2.36527e-21	6.6028e-17	4.98311e-15	2.36409e-13	3.2327e-11	3.99454e-08	9.57361e-08	8.43139e-08	3.66318e-07	1.04037e-05	0.0179433	0.448667	0.530744	0.00263411	2.8949e-07	1.15673e-11	2.02159e-15	3.21317e-19	1.16983e-21	4.18004e-24	1.42091e-27	2.01725e-30	1.14122e-34	1.88976e-38	
C12265	0	0	0	0	0	0	0	0	0	0	0	0	0	0	0	0	0	1	0	0	0	0	0	0	0	0	0	0	0	
N88	3.77672e-47	3.32421e-45	4.24428e-38	1.15639e-33	3.82217e-28	1.52726e-24	1.03931e-19	1.37558e-20	1.07541e-16	7.15424e-12	4.82641e-10	2.77023e-12	3.06006e-12	9.18855e-08	0.00507749	0.976422	0.0184482	5.18606e-05	2.25921e-09	1.28333e-14	1.41305e-20	5.41963e-27	1.1797e-30	3.14074e-31	2.63117e-32	5.08853e-34	4.08956e-35	3.9511e-38	2.40626e-40	
C404	0	0	0	0	0	0	0	0	0	0	0	0	0	0	1	0	0	0	0	0	0	0	0	0	0	0	0	0	0	
N89	1.77885e-43	1.66781e-39	1.08478e-35	3.53587e-33	2.63358e-30	8.58963e-28	2.53408e-22	2.35433e-22	9.15872e-19	8.36135e-14	1.86675e-11	7.60918e-14	9.70396e-14	1.63953e-08	0.00119451	0.992916	0.00588697	2.80454e-06	3.62169e-11	1.238e-16	2.03883e-20	1.28332e-22	1.67092e-26	7.01814e-30	1.74544e-34	7.0906e-39	4.65716e-43	1.81081e-45	3.96085e-44	
N90	2.17267e-56	1.9938e-54	1.6303e-52	5.54628e-72	1.01546e-51	3.94738e-47	7.74795e-30	1.65032e-38	8.25303e-43	4.47393e-22	5.46061e-15	2.55119e-19	1.4125e-35	5.80622e-15	2.16419e-07	0.999999	5.30924e-07	3.05815e-14	1.05271e-35	3.75329e-37	3.51515e-36	3.19069e-35	7.34447e-35	8.3836e-34	6.7386e-35	3.95392e-35	3.79616e-36	4.07363e-37	8.7404e-36	
Cl11778	0	0	0	0	0	0	0	0	0	0	0	0	0	0	0	1	0	0	0	0	0	0	0	0	0	0	0	0	0	
Cl11779	0	0	0	0	0	0	0	0	0	0	0	0	0	0	0	1	0	0	0	0	0	0	0	0	0	0	0	0	0	
N91	3.70578e-49	6.48995e-44	3.71155e-39	1.36541e-37	9.55226e-35	4.06449e-31	3.58272e-25	2.57355e-26	3.95557e-23	1.11301e-17	3.93309e-13	8.45851e-15	1.13992e-15	3.55829e-10	5.53643e-05	0.999764	0.000180163	2.88499e-09	1.16447e-14	1.79091e-20	4.67394e-24	6.04457e-28	4.1008e-35	6.27867e-34	4.82132e-35	3.42599e-35	2.78738e-36	1.58727e-37	4.27198e-36	
CGA594	0	0	0	0	0	0	0	0	0	0	0	0	0	0	0	1	0	0	0	0	0	0	0	0	0	0	0	0	0	
CGA48	0	0	0	0	0	0	0	0	0	0	0	0	0	0	0	1	0	0	0	0	0	0	0	0	0	0	0	0	0	
N92	8.03719e-48	2.72157e-46	8.62765e-45	2.46131e-43	6.21198e-42	1.3567e-40	2.4901e-39	3.69103e-38	3.31139e-22	1.37313e-37	1.89771e-35	6.40376e-17	5.38967e-10	3.00129e-15	2.03589e-31	9.65887e-31	5.01926e-12	6.64626e-06	0.999993	1.4124e-07	1.36299e-14	2.58373e-33	6.48097e-33	3.75245e-32	3.95035e-32	3.68814e-32	1.53586e-32	1.78986e-33	3.45444e-33	
C3134	0	0	0	0	0	0	0	0	0	0	0	0	0	0	0	0	0	0	1	0	0	0	0	0	0	0	0	0	0	
C3126	0	0	0	0	0	0	0	0	0	0	0	0	0	0	0	0	0	0	1	0	0	0	0	0	0	0	0	0	0	
N93	4.69712e-38	1.01499e-32	1.26392e-27	1.32994e-24	8.197e-20	4.40575e-19	3.55505e-15	1.98014e-11	4.97301e-12	3.03561e-11	2.1191e-07	0.000119988	2.22564e-06	6.90531e-10	2.52977e-10	1.52884e-06	0.0036482	0.954667	0.0415206	3.97454e-05	9.21874e-09	1.56934e-12	1.3585e-15	2.54801e-18	1.28256e-21	3.4961e-25	4.33259e-27	3.36823e-29	8.95962e-31	
CGA311	0	0	0	0	0	0	0	0	0	0	0	0	0	0	0	0	0	1	0	0	0	0	0	0	0	0	0	0	0	
N94	2.53236e-39	6.89401e-36	2.18173e-31	1.50987e-27	5.85951e-23	7.34481e-21	3.89513e-17	2.02373e-13	7.78201e-14	1.88429e-12	1.73105e-08	1.65277e-05	3.67701e-07	7.57005e-11	1.31392e-10	3.9986e-07	0.00243233	0.95174	0.0457861	2.44598e-05	2.45364e-09	1.15972e-13	5.66105e-17	2.45443e-18	1.9146e-20	1.15772e-23	6.06076e-26	1.07759e-30	2.67718e-34	
N95	1.85044e-46	1.63833e-40	7.46685e-35	3.85249e-31	4.19719e-26	1.00897e-24	6.44755e-20	5.34084e-17	3.10836e-17	3.64526e-14	1.14295e-09	1.98483e-07	2.85011e-10	2.10143e-13	2.81548e-11	1.23208e-06	0.0119209	0.984662	0.00341563	4.17654e-07	1.24932e-11	1.43002e-16	3.02413e-21	1.39635e-23	1.85828e-26	9.85229e-30	2.2109e-30	1.44009e-32	2.9194e-34	
N96	5.49046e-51	2.46442e-49	1.02567e-47	3.84073e-46	1.27803e-44	3.72036e-43	1.40361e-27	6.23793e-43	2.51175e-41	3.81612e-22	3.73009e-14	3.05261e-19	1.61777e-36	2.87369e-35	2.83705e-16	4.1115e-08	0.999996	3.50401e-06	1.30261e-13	3.3158e-33	1.93703e-34	1.11567e-35	1.00182e-35	1.23089e-34	5.99851e-34	1.45477e-33	8.05187e-33	1.08585e-33	7.6961e-34	
CGA45	0	0	0	0	0	0	0	0	0	0	0	0	0	0	0	0	1	0	0	0	0	0	0	0	0	0	0	0	0	
CGA46	0	0	0	0	0	0	0	0	0	0	0	0	0	0	0	0	1	0	0	0	0	0	0	0	0	0	0	0	0	
N97	7.77187e-40	2.18957e-36	4.52146e-33	2.46823e-31	6.11512e-28	3.71371e-27	2.08044e-22	5.61996e-18	3.7314e-18	9.61499e-16	2.86784e-11	1.86781e-08	1.3965e-11	6.71641e-14	6.03033e-12	3.06431e-07	0.00378883	0.994413	0.00179812	2.09516e-07	5.9585e-12	1.86064e-16	3.46159e-19	1.21761e-20	8.5537e-23	2.91688e-26	3.09399e-29	2.93337e-34	4.22509e-38	
N98	1.02006e-50	6.8281e-45	3.0603e-39	1.38153e-35	4.34295e-30	2.28618e-29	2.64181e-24	1.05095e-19	1.067e-20	1.2643e-18	5.66382e-14	2.44126e-10	3.46937e-13	1.06994e-14	4.16964e-13	2.67959e-08	0.000494816	0.99889	0.000615104	4.59737e-08	9.95437e-13	1.63034e-17	8.4856e-21	4.55229e-23	5.87298e-26	1.19908e-29	1.0131e-32	3.7957e-38	1.31026e-42	
N99	4.14232e-61	1.58178e-53	1.89231e-46	8.23228e-43	5.31843e-36	1.3623e-36	3.40204e-30	2.41437e-24	1.71928e-26	2.56894e-24	2.37512e-18	2.31699e-13	2.69671e-16	7.62302e-19	3.7056e-17	4.9516e-11	1.9924e-05	0.999948	3.16312e-05	1.24617e-10	1.46397e-16	8.16872e-23	1.01085e-27	1.10466e-31	2.25551e-35	5.6232e-35	7.79147e-34	3.70622e-35	2.20471e-35	
C3043	0	0	0	0	0	0	0	0	0	0	0	0	0	0	0	0	0	1	0	0	0	0	0	0	0	0	0	0	0	
CGA87	0	0	0	0	0	0	0	0	0	0	0	0	0	0	0	0	0	1	0	0	0	0	0	0	0	0	0	0	0	
N100	2.22829e-60	6.36504e-53	5.67616e-46	2.50337e-42	1.18253e-35	4.20086e-36	7.73294e-30	4.09091e-24	4.16434e-26	6.45576e-24	4.49433e-18	3.27104e-13	4.25533e-16	1.71529e-18	8.64415e-17	8.69605e-11	2.64148e-05	0.999932	4.20008e-05	2.19482e-10	3.42339e-16	2.52966e-22	4.29458e-27	6.74057e-31	2.11886e-35	5.25495e-35	7.56362e-34	3.46592e-35	2.06493e-35	
CGA368	0	0	0	0	0	0	0	0	0	0	0	0	0	0	0	0	0	1	0	0	0	0	0	0	0	0	0	0	0	
CGA557	0	0	0	0	0	0	0	0	0	0	0	0	0	0	0	0	0	1	0	0	0	0	0	0	0	0	0	0	0	
CGA364	0	0	0	0	0	0	0	0	0	0	0	0	0	0	0	0	0	1	0	0	0	0	0	0	0	0	0	0	0	
C2208	0	0	0	0	0	0	0	0	0	0	0	0	0	0	0	0	0	0	1	0	0	0	0	0	0	0	0	0	0	
N101	4.77996e-33	1.62931e-28	3.92887e-24	3.09654e-21	4.38696e-17	1.90957e-16	1.11104e-12	1.64784e-09	1.30278e-10	4.72896e-09	9.58818e-06	0.00169753	1.04412e-05	8.04626e-09	1.08606e-08	1.5526e-05	0.0105528	0.977783	0.00991303	1.81363e-05	1.19455e-08	3.79896e-12	4.06221e-15	1.27744e-17	1.56865e-20	1.30427e-23	1.05984e-26	8.91643e-31	1.82494e-34	
N102	1.80416e-41	6.0852e-36	1.26396e-30	3.15385e-27	3.06335e-22	4.191e-21	1.51043e-16	1.485e-13	4.62855e-15	4.24173e-12	8.34829e-08	1.8983e-05	1.31041e-08	1.52109e-12	7.43025e-11	1.92138e-06	0.0117355	0.986925	0.00131851	2.11429e-07	9.66592e-12	2.21836e-16	5.07477e-20	1.92412e-22	1.73661e-25	3.29923e-29	1.95271e-32	2.03361e-37	5.75879e-39	
N103	1.69902e-50	8.4794e-49	3.35981e-72	3.73396e-51	4.73556e-32	1.16417e-41	1.06655e-26	3.14169e-20	1.65618e-23	1.31918e-21	4.47453e-15	1.41823e-09	5.38998e-15	4.40778e-20	1.09457e-18	5.39835e-12	7.34537e-06	0.999986	6.67132e-06	5.58979e-12	1.43454e-18	6.27692e-37	1.42993e-36	2.34585e-35	1.29726e-34	2.07578e-34	1.18722e-33	9.02707e-35	5.80161e-35	
CGA453	0	0	0	0	0	0	0	0	0	0	0	0	0	0	0	0	0	1	0	0	0	0	0	0	0	0	0	0	0	
CGA383	0	0	0	0	0	0	0	0	0	0	0	0	0	0	0	0	0	1	0	0	0	0	0	0	0	0	0	0	0	
N104	1.29538e-41	8.58477e-38	4.588e-34	5.26716e-31	4.67017e-26	4.46856e-24	3.20416e-19	4.29923e-17	4.11581e-17	1.80161e-13	8.11187e-09	3.52475e-07	5.62427e-11	5.31795e-14	4.67563e-11	3.10089e-06	0.0458793	0.953866	0.00025147	1.02664e-08	1.32977e-13	9.5005e-19	2.29029e-22	2.04623e-24	4.4842e-27	1.08771e-30	1.82022e-33	4.81091e-39	1.78111e-43	
N105	1.26625e-53	1.21675e-51	1.0886e-49	8.83402e-48	6.36465e-46	7.23282e-47	2.07356e-42	4.66375e-25	1.54462e-34	1.02671e-39	1.27449e-19	7.68395e-13	9.74132e-20	5.83695e-36	1.82075e-34	5.04219e-15	4.30316e-07	0.999999	7.65808e-08	7.48862e-16	2.09056e-36	5.51476e-37	1.88214e-36	4.41862e-35	3.20053e-34	3.48294e-34	7.53607e-34	3.5709e-35	2.51757e-35	
CGA501	0	0	0	0	0	0	0	0	0	0	0	0	0	0	0	0	0	1	0	0	0	0	0	0	0	0	0	0	0	
C11776	0	0	0	0	0	0	0	0	0	0	0	0	0	0	0	0	0	1	0	0	0	0	0	0	0	0	0	0	0	
N106	7.26433e-54	6.48137e-52	5.43871e-50	4.26399e-48	3.10664e-46	2.06642e-44	2.62418e-28	2.81512e-43	2.76474e-41	1.02642e-21	2.04065e-13	4.652e-18	1.06165e-36	2.0525e-36	6.91043e-17	2.03274e-08	0.99999	9.96456e-06	1.64355e-13	1.09874e-33	2.42489e-35	5.76606e-37	6.7057e-37	2.02587e-35	2.17829e-34	5.67916e-34	7.68195e-33	3.79531e-34	2.23411e-34	
C3121	0	0	0	0	0	0	0	0	0	0	0	0	0	0	0	0	1	0	0	0	0	0	0	0	0	0	0	0	0	
C3123	0	0	0	0	0	0	0	0	0	0	0	0	0	0	0	0	1	0	0	0	0	0	0	0	0	0	0	0	0	
N107	8.95467e-46	3.50833e-39	4.31055e-33	5.64577e-30	3.11196e-24	6.15852e-25	1.06538e-19	5.50517e-15	3.68152e-17	1.88307e-15	1.86065e-10	1.86124e-06	2.94886e-10	6.73307e-15	3.27981e-14	4.51323e-09	0.000190294	0.999516	0.000291605	1.0739e-08	1.19526e-13	6.67154e-19	2.62883e-23	3.16413e-27	2.35622e-34	4.52188e-34	2.12814e-33	2.97564e-34	2.23528e-34	
Calparcri	0	0	0	0	0	0	0	0	0	0	0	0	0	0	0	0	0	1	0	0	0	0	0	0	0	0	0	0	0	
C3118	0	0	0	0	0	0	0	0	0	0	0	0	0	0	0	0	0	1	0	0	0	0	0	0	0	0	0	0	0	
N108	6.58517e-37	3.36266e-33	1.17967e-29	1.56652e-27	2.84134e-22	8.19828e-20	4.88013e-15	2.17931e-11	8.35612e-11	9.25402e-08	0.00155327	0.958052	0.0401963	0.000196568	9.91001e-07	1.77288e-07	1.78464e-07	3.09317e-08	1.02736e-10	2.97243e-13	1.51758e-16	5.73706e-21	2.40866e-24	1.30275e-27	1.97806e-30	5.31072e-32	8.9909e-34	3.20264e-36	2.33171e-37	
N109	2.63937e-34	1.91366e-29	9.1977e-25	2.36191e-21	5.31014e-17	1.68856e-15	1.27338e-11	2.96127e-08	2.84075e-08	1.65625e-06	0.00401587	0.973181	0.0211541	3.24e-05	3.07272e-07	4.98532e-07	2.64549e-05	0.00155752	2.98417e-05	4.63897e-07	8.58221e-10	2.81935e-13	3.36214e-16	6.88912e-19	8.75829e-22	1.61069e-24	1.02107e-26	6.87561e-31	5.62502e-34	
N110	1.2757e-32	5.23278e-28	1.49069e-23	2.41758e-20	3.65412e-16	6.35684e-15	3.8097e-11	8.15404e-08	4.28225e-08	1.92747e-06	0.00399389	0.983517	0.0108034	1.22394e-05	1.6948e-07	3.16398e-06	0.000171195	0.00148323	1.3776e-05	2.48344e-08	1.36605e-11	2.99368e-15	2.13071e-18	2.52172e-20	1.05987e-22	1.73718e-25	5.61199e-28	3.9583e-32	1.31631e-35	
N111	4.54976e-33	1.93087e-28	5.43352e-24	1.02193e-20	1.2765e-16	2.73581e-15	1.30296e-11	2.48063e-08	2.07141e-08	1.29239e-06	0.00329299	0.98725	0.00777765	6.51441e-06	1.39457e-06	4.29206e-05	0.000489801	0.00113498	2.02035e-06	7.23186e-10	9.44403e-14	6.81071e-18	4.76955e-21	8.35758e-23	4.10118e-25	4.84657e-28	1.99284e-30	8.53059e-35	2.50448e-38	
N112	2.13199e-36	1.89296e-31	1.13537e-26	1.92192e-23	6.46976e-19	7.13286e-18	9.47857e-14	3.99399e-10	1.29995e-10	8.74179e-09	4.8694e-05	0.0239573	0.000112277	4.1604e-08	5.49391e-09	5.72623e-06	0.00283731	0.966704	0.00629764	3.73064e-05	2.56212e-08	4.14742e-12	3.43376e-15	1.19583e-17	8.38764e-21	7.82639e-24	2.4501e-26	6.38278e-31	9.74284e-34	
Triowe	0	0	0	0	0	0	0	0	0	0	0	0	0	0	0	0	0	1	0	0	0	0	0	0	0	0	0	0	0	
N113	1.59326e-35	3.17744e-32	8.82975e-28	2.95609e-24	4.89696e-20	2.32144e-18	1.30096e-14	2.1496e-11	2.24715e-11	2.99565e-09	1.24553e-05	0.00529758	2.66242e-05	1.29474e-08	1.16412e-09	2.81741e-06	0.00379535	0.983258	0.0075908	1.64313e-05	8.2384e-09	1.4622e-12	1.84883e-15	1.03593e-16	1.52706e-18	4.49395e-21	9.16253e-23	4.76227e-27	3.62126e-30	
Trijoh	0	0	0	0	0	0	0	0	0	0	0	0	0	0	0	0	0	1	0	0	0	0	0	0	0	0	0	0	0	
Trimel	0	0	0	0	0	0	0	0	0	0	0	0	0	0	0	0	0	1	0	0	0	0	0	0	0	0	0	0	0	
N114	1.30211e-32	9.02433e-28	4.02828e-23	5.45603e-20	1.28237e-15	8.53531e-15	7.11086e-11	2.1779e-07	4.04677e-08	1.11862e-06	0.00286915	0.99116	0.00591892	4.95344e-05	1.42463e-06	1.80616e-08	9.49846e-11	1.70687e-13	1.59556e-17	5.46027e-22	9.18464e-27	1.29348e-31	1.99142e-34	5.16003e-34	2.37097e-33	9.30798e-35	6.17026e-36	1.65063e-38	1.77699e-40	
N115	2.40735e-34	2.00935e-29	1.13838e-24	3.39997e-21	8.62943e-17	1.66155e-15	1.22605e-11	2.47431e-08	5.50771e-09	3.51831e-07	0.00166891	0.994796	0.00352991	4.41742e-06	1.29307e-08	1.77367e-11	1.06455e-14	4.13392e-17	1.85381e-21	6.65746e-25	9.11109e-29	1.32682e-32	3.68694e-36	9.98401e-40	3.97152e-44	6.62684e-48	4.37499e-51	2.26707e-56	5.74878e-60	
Trihoe	0	0	0	0	0	0	0	0	0	0	0	1	0	0	0	0	0	0	0	0	0	0	0	0	0	0	0	0	0	
Tribit	0	0	0	0	0	0	0	0	0	0	0	1	0	0	0	0	0	0	0	0	0	0	0	0	0	0	0	0	0	
Trijac	0	0	0	0	0	0	0	0	0	0	0	1	0	0	0	0	0	0	0	0	0	0	0	0	0	0	0	0	0	
N116	1.3558e-33	4.97649e-29	1.32639e-24	1.49221e-21	2.34134e-17	2.08042e-16	1.35288e-12	2.9337e-09	6.9583e-10	2.73407e-08	7.22465e-05	0.0191748	0.000143687	1.03892e-07	1.91702e-08	1.22102e-05	0.0050821	0.96534	0.01011	6.43591e-05	7.94239e-08	2.37965e-11	2.37927e-14	9.02303e-17	1.04013e-19	1.38288e-22	3.8622e-25	2.47775e-29	1.10307e-32	
Tricri	0	0	0	0	0	0	0	0	0	0	0	0	0	0	0	0	0	1	0	0	0	0	0	0	0	0	0	0	0	
N117	4.94639e-36	2.2959e-31	7.3236e-27	1.57672e-23	2.39415e-19	4.98465e-18	2.48321e-14	3.70661e-11	1.66332e-11	1.40411e-09	5.3002e-06	0.00203079	1.0762e-05	5.59595e-09	9.9083e-10	2.94352e-06	0.00431158	0.985167	0.00845705	1.42154e-05	6.7528e-09	1.27227e-12	1.37137e-15	3.93777e-17	3.19609e-19	6.43056e-22	5.45908e-24	3.10637e-28	1.58206e-31	
Triwie	0	0	0	0	0	0	0	0	0	0	0	0	0	0	0	0	0	1	0	0	0	0	0	0	0	0	0	0	0	
Triqua	0	0	0	0	0	0	0	0	0	0	0	0	0	0	0	0	0	1	0	0	0	0	0	0	0	0	0	0	0	
N118	1.85196e-30	1.63945e-26	1.12249e-22	1.50779e-19	3.78682e-16	2.90784e-14	3.65776e-11	1.85459e-08	8.08649e-08	5.46698e-06	0.00335949	0.261905	0.00874973	3.38308e-05	2.13585e-06	0.000173087	0.0102332	0.690573	0.0236632	0.00129537	7.08542e-06	7.67458e-09	4.74233e-11	1.71189e-12	1.44478e-14	1.64973e-16	8.67111e-18	2.4421e-21	1.24043e-23	
N119	4.86495e-30	4.78935e-26	3.60236e-22	2.95019e-19	1.09665e-15	1.86415e-14	3.11821e-11	1.84013e-08	8.872e-09	2.31424e-07	0.000153464	0.0120473	0.000285353	8.21079e-07	2.09684e-07	7.12427e-05	0.0184888	0.93597	0.0327114	0.00027075	7.60271e-07	7.7368e-10	2.15722e-12	2.75373e-14	1.52278e-16	5.67387e-19	2.70159e-21	8.36327e-25	8.75621e-28	
Kinboe	0	0	0	0	0	0	0	0	0	0	0	0	0	0	0	0	0	1	0	0	0	0	0	0	0	0	0	0	0	
Kinfis	0	0	0	0	0	0	0	0	0	0	0	0	0	0	0	0	0	1	0	0	0	0	0	0	0	0	0	0	0	
Kinxen	0	0	0	0	0	0	0	0	0	0	0	0	0	0	0	0	0	1	0	0	0	0	0	0	0	0	0	0	0	
N120	8.69904e-30	1.70916e-27	2.81638e-25	1.33118e-23	2.34527e-20	1.70938e-17	9.46007e-14	8.96988e-11	6.07878e-09	4.9213e-06	0.00848241	0.95265	0.0385647	0.000293259	3.49279e-06	6.07022e-07	3.54201e-07	4.50773e-07	1.10839e-09	1.31971e-11	7.87828e-15	6.36263e-19	1.40191e-21	3.82133e-24	1.97061e-26	6.43292e-29	4.07e-30	4.07018e-34	1.6305e-36	
N121	1.37335e-26	7.03387e-23	2.79503e-19	2.40739e-16	3.32199e-13	1.82105e-11	1.1059e-08	2.77911e-06	7.78291e-06	0.000162459	0.028411	0.912473	0.0583972	0.000543138	2.49163e-06	7.74725e-08	2.85182e-09	8.52184e-11	1.06306e-13	1.7e-16	1.27995e-19	3.70072e-23	4.57376e-26	2.85443e-28	9.79984e-31	2.90691e-33	1.73845e-35	3.25825e-39	3.57498e-42	
N122	2.02083e-31	1.36514e-26	5.70038e-22	5.33222e-19	1.11848e-14	5.05951e-14	3.18405e-10	6.94883e-07	9.15921e-08	1.97503e-06	0.0040077	0.985383	0.0105953	1.13788e-05	4.7104e-09	5.44836e-12	6.35879e-15	8.9169e-18	7.6173e-22	1.06592e-25	5.65177e-30	9.34207e-35	1.2972e-38	2.09476e-39	4.09034e-40	7.03166e-42	2.46578e-43	3.98167e-46	3.12735e-47	
N123	5.69028e-36	1.60228e-30	2.57257e-25	4.6876e-22	3.73064e-17	1.05485e-16	2.05638e-12	1.36407e-08	1.1463e-09	6.27298e-08	0.000717895	0.997408	0.0018734	3.63663e-07	2.74718e-11	3.09493e-14	2.22731e-17	3.72258e-20	6.45472e-25	4.03953e-29	4.43888e-34	1.46286e-39	5.56228e-43	2.28202e-43	9.71379e-44	1.17515e-45	6.48377e-47	2.57315e-48	1.84452e-46	
N124	9.28281e-36	8.83301e-31	5.30833e-26	1.83511e-22	4.82242e-18	1.20862e-16	9.685e-13	2.57782e-09	1.80794e-09	1.91007e-07	0.0011841	0.99657	0.00224547	6.06626e-07	7.3499e-11	9.52334e-13	3.47226e-15	7.29281e-17	2.31365e-21	7.17787e-25	1.79554e-29	1.3278e-34	1.82981e-38	5.00195e-41	1.22435e-44	4.6665e-48	1.92854e-50	7.62894e-56	1.18967e-59	
Chaafr	0	0	0	0	0	0	0	0	0	0	0	1	0	0	0	0	0	0	0	0	0	0	0	0	0	0	0	0	0	
Chacha	0	0	0	0	0	0	0	0	0	0	0	1	0	0	0	0	0	0	0	0	0	0	0	0	0	0	0	0	0	
N125	1.29575e-35	1.25672e-30	7.55104e-26	2.0788e-22	5.74673e-18	8.93934e-17	8.65796e-13	3.66231e-09	2.35311e-09	1.90712e-07	0.00118571	0.996696	0.00211732	5.54716e-07	6.98638e-11	5.67834e-13	1.65626e-15	1.93685e-17	5.99317e-22	1.26427e-25	3.06197e-30	2.31808e-35	2.51538e-39	4.26243e-42	8.64336e-46	2.5469e-49	5.74968e-52	2.29362e-57	2.44267e-61	
Chacaly	0	0	0	0	0	0	0	0	0	0	0	1	0	0	0	0	0	0	0	0	0	0	0	0	0	0	0	0	0	
Chazey	0	0	0	0	0	0	0	0	0	0	0	1	0	0	0	0	0	0	0	0	0	0	0	0	0	0	0	0	0	
N126	5.81265e-31	1.39473e-26	2.22854e-22	4.79119e-19	2.91244e-15	1.66684e-13	3.56961e-10	1.9224e-07	6.32429e-08	3.66975e-06	0.00509057	0.983473	0.0114183	1.42827e-05	6.71774e-09	1.51021e-10	1.30306e-12	6.49568e-14	1.01202e-17	1.33938e-20	1.56544e-24	4.72911e-29	2.14866e-32	9.84246e-35	5.84346e-38	6.25618e-41	7.19243e-43	1.38239e-47	1.07554e-50	
Chadil	0	0	0	0	0	0	0	0	0	0	0	1	0	0	0	0	0	0	0	0	0	0	0	0	0	0	0	0	0	
Chasen	0	0	0	0	0	0	0	0	0	0	0	1	0	0	0	0	0	0	0	0	0	0	0	0	0	0	0	0	0	
Chanam	0	0	0	0	0	0	0	0	0	0	0	1	0	0	0	0	0	0	0	0	0	0	0	0	0	0	0	0	0	
N127	2.3089e-36	3.46581e-31	3.49303e-26	1.12496e-22	1.18719e-18	4.13739e-16	1.14554e-11	2.754e-12	6.38397e-12	8.46906e-08	0.000364688	8.2868e-06	5.55793e-09	1.02471e-09	1.11649e-06	0.0015905	0.986152	0.0118753	8.22511e-06	3.29257e-09	5.64155e-13	3.14145e-17	2.7923e-21	4.48857e-25	3.76754e-29	3.1826e-33	3.3488e-37	2.85514e-40	3.03985e-40	
N128	2.04834e-44	2.46671e-41	4.33945e-36	1.00497e-31	1.04934e-25	1.77363e-22	4.73931e-17	3.69506e-18	2.89363e-17	1.11188e-11	1.00892e-06	2.16695e-09	5.74865e-14	7.97044e-15	1.15775e-09	8.98597e-05	0.999202	0.000707427	2.3328e-08	2.0253e-13	6.77085e-19	3.4558e-23	1.23389e-27	1.88874e-29	1.73307e-30	2.37259e-32	1.41873e-34	5.41349e-38	6.23461e-40	
N129	3.51268e-44	5.70045e-40	4.92941e-36	1.53951e-33	4.76535e-29	2.48462e-25	5.40922e-20	1.94334e-20	1.53453e-18	5.64202e-13	4.85126e-08	6.55795e-11	1.17647e-15	1.28867e-15	5.28186e-10	6.72315e-05	0.999569	0.000363249	7.73753e-09	3.9082e-14	7.8304e-20	2.33205e-22	1.09719e-25	1.28257e-27	1.06305e-29	1.88182e-31	2.76522e-34	3.31912e-38	2.14549e-39	
Braset	0	0	0	0	0	0	0	0	0	0	0	0	0	0	0	0	1	0	0	0	0	0	0	0	0	0	0	0	0	
N130	5.19949e-43	3.43952e-39	1.65348e-35	4.38186e-33	3.25842e-30	3.54201e-27	1.27131e-21	8.03352e-21	3.64059e-19	4.01074e-14	1.02941e-09	9.41869e-13	2.96515e-16	1.96136e-14	3.1242e-09	0.000157919	0.999528	0.000313639	1.17672e-08	1.27224e-13	9.19681e-19	5.78144e-21	5.79196e-24	6.44289e-26	1.56933e-28	1.71768e-32	7.41932e-38	7.20944e-44	3.41858e-47	
N131	4.40991e-57	8.72091e-50	5.1097e-43	1.61847e-38	5.4485e-33	1.50405e-29	1.20232e-23	2.47175e-24	3.5017e-23	1.1033e-17	8.13655e-13	3.97541e-15	3.63703e-17	8.18431e-16	3.84342e-10	5.53671e-05	0.999857	8.75669e-05	9.60959e-10	3.17826e-15	8.08153e-21	1.33157e-24	3.93764e-29	9.6863e-35	5.62564e-34	5.5151e-34	6.34059e-35	2.65788e-36	1.25326e-35	
Bramel	0	0	0	0	0	0	0	0	0	0	0	0	0	0	0	0	1	0	0	0	0	0	0	0	0	0	0	0	0	
Bratha	0	0	0	0	0	0	0	0	0	0	0	0	0	0	0	0	1	0	0	0	0	0	0	0	0	0	0	0	0	
N132	1.62436e-53	2.95112e-47	3.16438e-41	1.03854e-36	1.01287e-31	3.4034e-28	8.53474e-23	1.16271e-22	2.61574e-21	2.51863e-16	5.58679e-12	1.60664e-14	8.04277e-16	2.66091e-14	3.87993e-09	0.000175899	0.999541	0.00028291	1.0019e-08	1.0548e-13	1.03744e-18	1.92075e-21	8.4218e-25	1.7939e-27	7.30686e-31	2.17198e-35	3.01761e-41	6.93509e-48	1.04438e-52	
Bradra	0	0	0	0	0	0	0	0	0	0	0	0	0	0	0	0	1	0	0	0	0	0	0	0	0	0	0	0	0	
Bratra	0	0	0	0	0	0	0	0	0	0	0	0	0	0	0	0	1	0	0	0	0	0	0	0	0	0	0	0	0	
N133	1.70959e-48	1.71016e-42	1.03576e-36	2.09448e-32	1.19132e-27	2.5309e-24	3.6887e-19	3.58668e-19	5.25094e-18	2.94274e-13	3.80688e-09	4.43066e-12	6.19599e-15	1.29004e-13	1.10737e-08	0.000296689	0.999215	0.000488557	2.99289e-08	5.45385e-13	8.90601e-18	1.19017e-20	5.68224e-24	8.75441e-27	2.6601e-30	8.70729e-35	2.06767e-40	8.3313e-47	9.58697e-52	
Bragut	0	0	0	0	0	0	0	0	0	0	0	0	0	0	0	0	1	0	0	0	0	0	0	0	0	0	0	0	0	
Braven	0	0	0	0	0	0	0	0	0	0	0	0	0	0	0	0	1	0	0	0	0	0	0	0	0	0	0	0	0	
N134	1.64548e-40	2.83919e-35	3.07674e-30	2.35589e-26	2.31742e-22	1.64228e-19	2.67256e-15	4.67649e-15	8.02738e-14	1.35701e-09	5.44657e-06	4.06158e-08	1.08414e-11	6.39238e-12	1.36949e-07	0.0010262	0.995859	0.00310833	9.26661e-07	7.4348e-11	3.22389e-15	6.4867e-18	1.04231e-20	6.86779e-23	9.84925e-26	2.08687e-29	9.65571e-34	6.50424e-39	1.27221e-42	
Brapum	0	0	0	0	0	0	0	0	0	0	0	0	0	0	0	0	1	0	0	0	0	0	0	0	0	0	0	0	0	
Bradam	0	0	0	0	0	0	0	0	0	0	0	0	0	0	0	0	1	0	0	0	0	0	0	0	0	0	0	0	0	
