NODE	1	2	3	4	5	6	7	8	9	10	11	12	13	14	15	16	17	18	19	20	21	22	23	24	25	26	27	28	29	30	31	32	33	34	35	36	37	38	39	40	41	
N1	2.63114e-16	7.61722e-15	2.36519e-13	2.77867e-12	3.54761e-11	1.03454e-10	6.43178e-10	3.7437e-09	3.00361e-09	3.0645e-09	1.80463e-08	7.90131e-08	6.59554e-08	2.10362e-08	4.39421e-09	1.21478e-09	4.10175e-10	1	1.49704e-11	1.45519e-12	1.00098e-13	5.24558e-15	2.20712e-16	7.68076e-18	2.23784e-19	5.47973e-21	1.13056e-22	1.97362e-24	2.93328e-26	3.73916e-28	4.12041e-30	3.95596e-32	3.33394e-34	2.48369e-36	1.64618e-38	9.76516e-41	5.21272e-43	2.51653e-45	1.10399e-47	4.43027e-50	1.7862e-52	
Leiolep	0	0	0	0	0	0	0	0	0	0	0	0	0	0	0	0	0	1	0	0	0	0	0	0	0	0	0	0	0	0	0	0	0	0	0	0	0	0	0	0	0	
N2	5.85458e-28	2.52051e-24	8.53849e-21	5.95839e-19	2.76753e-15	1.28581e-14	3.80284e-11	6.28917e-08	2.7416e-08	4.55976e-07	0.00134096	0.662809	0.30591	0.0185178	0.00158508	0.00391917	0.00472312	0.00118836	6.00075e-06	5.74563e-09	2.08171e-12	1.06061e-15	1.84128e-18	4.41485e-21	3.97129e-24	2.46258e-27	1.22273e-30	9.25255e-35	8.09864e-39	4.28321e-43	2.03388e-47	7.03694e-50	6.78832e-52	1.83482e-53	1.6679e-54	1.55446e-55	2.43482e-57	3.66857e-59	8.3736e-61	9.45171e-63	1.1444e-64	
N3	1.07734e-28	6.00144e-25	2.90253e-21	1.82505e-18	3.80149e-15	1.38275e-13	8.17536e-11	4.05945e-08	1.98496e-07	4.33752e-06	0.00276041	0.332538	0.11381	0.00421378	0.000300217	0.00155414	0.0092509	0.406082	0.11403	0.0145743	0.000876692	5.35503e-06	9.49827e-08	5.10488e-10	5.21554e-13	3.70066e-15	1.29764e-16	2.37484e-19	1.02004e-21	6.80444e-24	1.11143e-26	2.79214e-29	2.22633e-32	1.94065e-35	3.28576e-38	3.48934e-41	2.88902e-45	2.46921e-48	4.74015e-51	1.27308e-53	5.91669e-56	
N4	1.60468e-33	9.18236e-29	3.64114e-24	1.7268e-21	4.94144e-17	2.06874e-16	8.95291e-13	2.99869e-09	8.03594e-10	4.64717e-09	1.96071e-05	0.00844805	0.000444564	9.52419e-07	2.90459e-08	8.64877e-06	0.00447273	0.909815	0.075782	0.00100448	3.48787e-06	2.15455e-09	1.80208e-12	1.65566e-15	9.95371e-19	9.90016e-22	1.59088e-24	2.4384e-28	6.23903e-32	1.58428e-35	9.50341e-40	1.93646e-43	2.41359e-44	1.05786e-46	1.49463e-48	3.81155e-49	5.53216e-50	9.39288e-52	3.46757e-53	9.83714e-55	3.42739e-56	
N5	5.88576e-34	1.93786e-29	4.57005e-25	5.21256e-22	5.15176e-18	1.82516e-16	2.7446e-13	1.96257e-10	2.0153e-10	4.97566e-09	1.07511e-05	0.00274394	0.000135	2.99993e-07	8.41906e-09	7.50382e-06	0.00714354	0.91319	0.0760837	0.000684216	1.34176e-06	7.41999e-10	8.46229e-13	5.75298e-14	1.45018e-15	7.26596e-18	1.74301e-19	3.70162e-23	3.96752e-26	9.80725e-30	4.10392e-34	1.9793e-37	1.82025e-39	6.00187e-42	3.98733e-43	2.45696e-42	4.9282e-42	2.78778e-43	4.15131e-44	1.02517e-44	6.2431e-46	
B3088	0	0	0	0	0	0	0	0	0	0	0	0	0	0	0	0	0	1	0	0	0	0	0	0	0	0	0	0	0	0	0	0	0	0	0	0	0	0	0	0	0	
N6	2.27292e-31	1.4973e-27	7.8197e-24	6.27958e-21	1.26401e-17	6.24734e-16	3.64972e-13	1.59053e-10	8.65721e-10	2.28534e-08	1.4562e-05	0.00149851	8.18515e-05	3.53263e-07	6.45979e-08	3.62951e-05	0.0149403	0.901859	0.0807489	0.000818291	2.12378e-06	2.21727e-09	1.35768e-11	4.25625e-12	3.62201e-13	5.76642e-15	3.97899e-16	2.65881e-19	9.36622e-22	5.33321e-25	6.16812e-29	7.09375e-32	1.08044e-35	1.95662e-39	6.94518e-42	2.80991e-43	1.8639e-45	2.74721e-48	1.27806e-50	8.34816e-53	1.26797e-55	
BGA709	0	0	0	0	0	0	0	0	0	0	0	0	0	0	0	0	0	1	0	0	0	0	0	0	0	0	0	0	0	0	0	0	0	0	0	0	0	0	0	0	0	
BGA309	0	0	0	0	0	0	0	0	0	0	0	0	0	0	0	0	0	1	0	0	0	0	0	0	0	0	0	0	0	0	0	0	0	0	0	0	0	0	0	0	0	
N7	6.85356e-36	4.14845e-31	1.69423e-26	8.31206e-24	2.34462e-19	6.66984e-19	4.02011e-15	2.00658e-11	4.55749e-12	4.88758e-11	3.34843e-07	0.000254686	2.50782e-06	1.41058e-09	1.26824e-10	8.08093e-07	0.00241788	0.976238	0.0210412	4.49995e-05	2.30889e-08	4.40925e-12	2.18364e-15	2.18752e-17	7.27553e-20	9.25616e-23	2.18498e-25	1.9217e-29	4.11526e-33	2.89538e-37	4.57667e-42	3.9315e-46	2.31801e-46	5.94626e-49	1.90304e-50	7.7076e-50	1.26243e-48	2.98422e-50	2.12073e-51	1.12699e-52	3.22008e-54	
N8	1.75564e-33	2.30405e-29	2.30533e-25	1.13205e-22	7.66699e-19	7.38862e-18	1.35153e-14	1.69125e-11	9.57385e-12	9.23017e-11	1.20565e-07	1.97218e-05	2.89127e-07	4.00203e-09	8.80523e-09	1.39331e-05	0.0100339	0.966081	0.0237755	7.58183e-05	7.18459e-08	5.48714e-11	4.32259e-13	1.29065e-14	1.15346e-16	4.81199e-19	2.84839e-21	5.48881e-25	2.63786e-28	4.16692e-32	2.05055e-36	3.64092e-40	3.33399e-44	1.05576e-47	1.007e-50	3.47789e-53	2.4342e-56	9.80836e-60	1.04467e-62	6.26147e-66	1.88509e-69	
B11696	0	0	0	0	0	0	0	0	0	0	0	0	0	0	0	0	0	1	0	0	0	0	0	0	0	0	0	0	0	0	0	0	0	0	0	0	0	0	0	0	0	
B11609	0	0	0	0	0	0	0	0	0	0	0	0	0	0	0	0	0	1	0	0	0	0	0	0	0	0	0	0	0	0	0	0	0	0	0	0	0	0	0	0	0	
N9	6.76932e-43	3.57231e-37	1.06467e-31	1.16238e-28	2.25253e-23	7.25812e-23	1.59193e-18	2.01526e-14	3.22076e-15	6.75251e-14	2.60099e-09	8.17519e-06	2.62458e-08	2.95913e-12	1.22261e-12	5.15879e-08	0.000724978	0.989361	0.00990116	5.0455e-06	4.85381e-10	1.63188e-14	3.83763e-18	4.43258e-20	1.15336e-22	4.37883e-26	9.82914e-28	3.52503e-30	8.41337e-32	2.7849e-34	2.02282e-37	1.83187e-39	2.04935e-42	3.75538e-45	1.43355e-46	7.19033e-47	5.9126e-48	9.85131e-50	5.26235e-51	4.72751e-52	8.95708e-54	
N10	2.45944e-36	3.05618e-33	2.83911e-30	7.16874e-29	6.77332e-25	1.67482e-23	2.27096e-19	1.38873e-15	6.85447e-16	4.81471e-14	1.16551e-09	2.70784e-06	8.30106e-09	1.4113e-12	3.50989e-12	9.34491e-08	0.000936077	0.989609	0.00944726	5.01704e-06	5.48065e-10	2.20619e-14	1.82933e-17	2.93096e-18	1.02827e-19	1.84214e-22	4.85945e-24	1.48113e-28	6.51039e-32	1.14842e-36	3.79666e-42	4.46203e-46	1.91453e-51	2.88044e-56	1.2927e-59	2.1769e-61	4.74678e-64	6.44289e-68	2.72479e-71	5.13634e-74	5.8339e-78	
N11	2.3193e-38	5.20388e-34	8.99579e-30	1.14352e-26	1.17565e-22	4.36849e-21	1.26726e-17	2.49841e-14	5.7227e-14	1.38036e-12	2.65431e-09	6.6949e-07	6.64845e-09	4.25953e-10	2.65928e-09	5.87847e-06	0.00654078	0.976313	0.0171027	3.71967e-05	2.33042e-08	1.00786e-11	1.15559e-13	1.33505e-14	4.11567e-16	3.08148e-18	7.08841e-20	9.40337e-24	7.49825e-27	8.55216e-31	2.77108e-35	7.30657e-39	4.15924e-43	1.70244e-46	2.82967e-49	3.79278e-51	8.90148e-54	4.92653e-57	1.10473e-59	2.38475e-62	9.97942e-66	
B983	0	0	0	0	0	0	0	0	0	0	0	0	0	0	0	0	0	1	0	0	0	0	0	0	0	0	0	0	0	0	0	0	0	0	0	0	0	0	0	0	0	
B11604	0	0	0	0	0	0	0	0	0	0	0	0	0	0	0	0	0	1	0	0	0	0	0	0	0	0	0	0	0	0	0	0	0	0	0	0	0	0	0	0	0	
N12	1.38911e-37	4.13104e-33	8.7837e-29	5.52677e-26	8.2135e-22	5.87579e-21	2.06317e-17	4.85215e-14	1.80202e-14	1.91431e-13	4.84241e-10	1.47699e-07	4.50837e-09	5.09749e-10	1.33129e-09	4.27207e-06	0.00566697	0.981922	0.0123863	2.00731e-05	9.70185e-09	4.28894e-12	2.31691e-14	4.67209e-16	2.7703e-18	7.24121e-21	2.86014e-23	2.80011e-27	7.38408e-31	5.95977e-35	1.50464e-39	1.55226e-43	8.26304e-48	1.85564e-51	1.09475e-54	2.54212e-57	1.17154e-60	2.82542e-64	1.93111e-67	7.61295e-71	1.30629e-74	
BGAA1	0	0	0	0	0	0	0	0	0	0	0	0	0	0	0	0	0	1	0	0	0	0	0	0	0	0	0	0	0	0	0	0	0	0	0	0	0	0	0	0	0	
BGA584	0	0	0	0	0	0	0	0	0	0	0	0	0	0	0	0	0	1	0	0	0	0	0	0	0	0	0	0	0	0	0	0	0	0	0	0	0	0	0	0	0	
N13	1.50262e-36	3.39884e-32	5.62681e-28	3.77025e-25	4.13347e-21	4.31658e-20	1.17635e-16	2.15274e-13	1.22075e-13	1.41234e-12	2.70081e-09	6.31092e-07	1.02111e-08	1.00372e-09	2.90678e-09	6.88973e-06	0.00715039	0.976867	0.0159412	3.35296e-05	2.0982e-08	1.15463e-11	8.46042e-14	2.55842e-15	2.25009e-17	8.31866e-20	4.92846e-22	6.2814e-26	2.32006e-29	2.45565e-33	8.04179e-38	1.14406e-41	7.66386e-46	2.28879e-49	1.89081e-52	6.59167e-55	4.49002e-58	1.48745e-61	1.46411e-64	8.59273e-68	2.03325e-71	
BGA303	0	0	0	0	0	0	0	0	0	0	0	0	0	0	0	0	0	1	0	0	0	0	0	0	0	0	0	0	0	0	0	0	0	0	0	0	0	0	0	0	0	
BGAB1	0	0	0	0	0	0	0	0	0	0	0	0	0	0	0	0	0	1	0	0	0	0	0	0	0	0	0	0	0	0	0	0	0	0	0	0	0	0	0	0	0	
PGA445	0	0	0	0	0	0	0	0	0	0	0	0	0	0	0	0	0	1	0	0	0	0	0	0	0	0	0	0	0	0	0	0	0	0	0	0	0	0	0	0	0	
N14	2.47885e-35	7.7551e-30	1.4238e-24	2.66304e-21	9.13035e-17	2.80328e-15	1.68725e-11	2.1533e-08	1.44631e-07	5.64434e-06	0.00924867	0.945749	0.0446068	0.000383355	6.29447e-06	5.07154e-08	6.65152e-10	4.4668e-11	1.45052e-14	7.16383e-19	1.14125e-23	1.06259e-28	8.98654e-33	1.80749e-35	1.30243e-34	2.35083e-36	1.99444e-37	2.7989e-36	1.05161e-34	4.37343e-34	3.08427e-34	1.2845e-33	3.04866e-34	2.39849e-34	3.72038e-33	1.28307e-31	3.88788e-31	4.39004e-31	1.3853e-30	4.58548e-30	7.0752e-30	
N15	4.66564e-29	7.10846e-25	8.55075e-21	2.18943e-17	2.26244e-14	1.31968e-11	6.01638e-09	3.19265e-07	4.68161e-05	0.0114577	0.313691	0.656754	0.0179709	7.93265e-05	2.927e-07	7.51503e-10	4.29743e-12	1.53701e-13	9.7223e-17	1.86749e-19	8.87757e-23	1.80434e-26	6.20913e-29	3.9513e-30	1.27649e-31	1.40528e-32	9.76786e-33	7.0346e-35	3.62064e-36	3.36284e-37	2.67572e-39	1.20336e-40	1.79954e-42	3.73392e-44	1.65351e-45	6.11666e-47	4.15702e-49	1.61002e-50	1.81527e-51	3.43468e-52	2.24991e-53	
Rhaspe	0	0	0	0	0	0	0	0	0	1	0	0	0	0	0	0	0	0	0	0	0	0	0	0	0	0	0	0	0	0	0	0	0	0	0	0	0	0	0	0	0	
N16	2.54316e-26	7.83973e-23	3.06334e-19	4.12845e-16	2.74197e-13	1.00653e-10	3.16968e-08	1.87262e-06	0.000151082	0.0178642	0.358269	0.606867	0.0167621	8.39558e-05	3.45537e-07	2.40557e-08	7.64727e-10	1.19196e-10	1.69261e-13	1.98929e-15	2.23387e-18	7.6217e-22	4.60482e-24	7.2577e-26	2.27173e-28	1.34503e-30	7.8226e-32	1.45919e-35	4.53239e-38	2.58045e-40	4.05956e-44	9.36197e-47	1.64529e-50	1.3973e-53	2.86472e-56	1.8836e-58	8.70281e-62	1.39532e-64	4.92514e-67	4.59792e-69	8.38947e-72	
Rhamar	0	0	0	0	0	0	0	0	0	1	0	0	0	0	0	0	0	0	0	0	0	0	0	0	0	0	0	0	0	0	0	0	0	0	0	0	0	0	0	0	0	
Rhatem	0	0	0	0	0	0	0	0	0	0	1	0	0	0	0	0	0	0	0	0	0	0	0	0	0	0	0	0	0	0	0	0	0	0	0	0	0	0	0	0	0	
N17	1.68429e-38	1.08741e-33	7.8082e-28	1.88099e-24	7.06783e-19	1.41604e-17	1.84035e-13	7.18093e-09	1.55644e-08	8.8406e-08	0.00125492	0.962798	0.0358761	7.10831e-05	1.80496e-07	1.82944e-09	6.76884e-10	5.25481e-10	1.31951e-12	3.65635e-15	1.8208e-18	3.70552e-22	1.15818e-25	1.25634e-28	5.44529e-31	1.50003e-32	4.43187e-34	8.08541e-37	1.56962e-38	5.52579e-40	2.25846e-42	3.55526e-44	4.01059e-46	2.78559e-48	3.62837e-50	9.18614e-52	8.58264e-55	8.5497e-57	1.60253e-58	6.70718e-61	1.04211e-62	
N18	5.27828e-36	1.61088e-30	3.0919e-25	3.00909e-22	3.63181e-17	2.70423e-16	6.4887e-12	2.68795e-08	8.23137e-09	3.95772e-07	0.00326594	0.987132	0.00928346	4.27064e-06	9.96018e-08	3.05108e-06	4.9038e-05	0.000260598	6.27976e-07	1.38079e-09	3.30069e-13	1.54217e-17	3.12476e-21	2.66552e-24	7.30641e-28	2.31863e-31	2.08884e-34	2.35703e-39	2.84495e-42	7.01704e-43	8.30714e-45	6.44636e-47	7.68205e-50	1.35599e-52	1.21702e-54	4.24422e-56	2.10818e-58	1.72015e-60	4.82209e-62	1.26939e-63	1.14287e-65	
N19	1.42525e-30	2.59564e-26	3.43183e-22	3.68637e-19	1.65527e-15	1.11643e-13	1.9127e-10	7.70113e-08	4.7787e-07	3.09461e-05	0.0219921	0.960161	0.0174238	7.3996e-05	1.69355e-05	9.66276e-05	0.00017017	3.41756e-05	5.13364e-08	2.73158e-11	6.42929e-15	1.05053e-18	3.29197e-21	1.37683e-22	1.68857e-24	5.65748e-27	6.08597e-29	4.49141e-33	1.98908e-36	1.89481e-40	4.70356e-45	8.92461e-49	3.43312e-53	5.34358e-57	4.96662e-60	3.52861e-62	4.3256e-65	1.43207e-68	1.72568e-71	2.05394e-74	5.27172e-78	
FGA379	0	0	0	0	0	0	0	0	0	0	0	0	0	0	0	0	1	0	0	0	0	0	0	0	0	0	0	0	0	0	0	0	0	0	0	0	0	0	0	0	0	
N20	3.15706e-29	5.68943e-25	7.37732e-21	6.17326e-18	3.3832e-14	1.33307e-12	1.56046e-09	1.12304e-06	3.70803e-06	5.65106e-05	0.017588	0.944614	0.037382	0.000297477	5.06737e-05	6.04225e-06	2.52501e-07	2.73787e-09	1.00428e-12	1.36974e-16	9.66451e-21	1.8426e-24	4.68756e-27	4.87873e-29	1.3798e-31	1.20618e-34	2.63958e-37	1.0633e-41	2.11854e-45	8.86961e-50	1.12466e-54	1.01565e-58	8.75157e-63	5.48029e-66	9.95267e-69	1.15047e-70	2.17665e-73	1.78954e-76	3.26919e-79	4.98045e-82	3.73769e-85	
N21	6.91086e-32	8.05887e-27	6.01332e-22	8.69005e-19	9.41281e-15	8.47698e-13	9.91907e-10	3.98555e-07	1.6197e-06	0.000190286	0.0242263	0.921322	0.0538295	0.00042826	2.15371e-06	1.17826e-08	1.87655e-11	4.03745e-14	2.3337e-18	5.45662e-22	2.82494e-26	8.11339e-29	1.3618e-29	3.17957e-28	4.02226e-29	1.93738e-30	2.25097e-31	5.64463e-34	1.23611e-35	4.71934e-37	1.39286e-39	3.19894e-41	8.30964e-43	1.2789e-44	3.94198e-46	4.72864e-47	3.11863e-49	6.80591e-51	2.82259e-52	6.94395e-54	1.79524e-55	
N22	4.10573e-35	9.06353e-30	2.24292e-24	5.06717e-21	2.83399e-16	1.34106e-14	2.67564e-10	1.19715e-07	2.04401e-07	4.06016e-05	0.0306532	0.946693	0.0225811	3.15202e-05	1.79468e-08	8.17852e-12	9.59006e-16	3.36622e-19	3.0217e-23	1.57913e-26	3.80896e-28	2.97767e-30	1.20024e-31	4.4453e-33	1.70926e-35	5.34772e-37	2.22041e-38	1.04801e-40	2.85303e-42	1.43209e-43	1.18892e-45	2.79985e-47	2.17385e-49	2.31179e-51	4.86649e-53	1.83977e-54	2.03008e-57	3.45109e-59	1.1536e-60	1.12593e-62	4.58573e-64	
F3015	0	0	0	0	0	0	0	0	0	0	1	0	0	0	0	0	0	0	0	0	0	0	0	0	0	0	0	0	0	0	0	0	0	0	0	0	0	0	0	0	0	
N23	4.24334e-34	1.57946e-30	1.46516e-25	6.16422e-22	4.58621e-17	4.60322e-15	4.91829e-11	2.92543e-08	1.22262e-07	1.75039e-05	0.030012	0.952166	0.0177961	7.89673e-06	1.09892e-09	1.36392e-12	1.22613e-15	4.76592e-18	2.74112e-22	7.92113e-26	2.2516e-30	2.14945e-35	5.00562e-37	3.98269e-37	2.04831e-37	9.00647e-39	3.37312e-39	6.90736e-42	1.76479e-43	8.51632e-45	1.3194e-47	2.82644e-49	3.40117e-52	2.84081e-54	5.6648e-56	1.74677e-57	7.56446e-60	1.33842e-61	4.96851e-63	5.26081e-64	1.32874e-65	
N24	1.39728e-36	4.45992e-31	1.00079e-25	4.98914e-22	1.65598e-17	3.39087e-15	8.63647e-12	1.75798e-08	1.52421e-07	1.86602e-05	0.0202762	0.959474	0.020225	6.02323e-06	3.55331e-09	7.23782e-11	9.26992e-14	2.13742e-16	5.16626e-21	1.53369e-24	1.75935e-29	2.19133e-34	1.47263e-35	8.20583e-33	8.51695e-34	3.09071e-35	5.50717e-36	4.34714e-39	9.50331e-41	4.12613e-42	2.439e-45	4.28345e-47	6.66631e-50	6.65088e-52	1.75838e-53	1.02411e-53	4.92114e-56	8.52048e-58	2.95684e-59	1.34115e-60	2.41301e-62	
N25	1.85481e-42	5.34988e-36	1.50136e-29	6.34902e-26	6.22977e-20	4.45001e-18	2.12285e-12	1.38105e-09	3.80165e-10	1.84872e-06	0.0294199	0.967553	0.0030254	1.2142e-07	1.28139e-12	3.78713e-16	3.77104e-20	2.32964e-23	1.46652e-28	2.10461e-32	8.29734e-36	1.19961e-39	3.97979e-42	7.60901e-44	1.68998e-46	1.02813e-48	7.51901e-50	8.63748e-50	3.33089e-48	1.58368e-44	9.2855e-46	5.98655e-43	4.39624e-43	1.19968e-43	2.50949e-43	5.8376e-40	6.64646e-40	6.61707e-40	1.9503e-39	1.92393e-38	3.40727e-38	
N26	5.17685e-35	2.31544e-31	6.60917e-28	3.35148e-25	3.65997e-20	3.43609e-17	1.28877e-12	2.11846e-10	1.82882e-09	1.42019e-05	0.0442049	0.952392	0.00338845	5.33768e-07	1.63299e-11	4.23983e-13	3.92339e-16	5.53635e-18	2.82466e-23	3.50638e-27	2.16999e-32	3.38627e-36	6.51778e-38	8.46837e-38	1.48861e-39	5.41305e-41	7.25929e-41	1.94525e-44	3.11954e-46	1.0262e-47	1.56534e-51	1.83164e-53	3.08807e-57	1.187e-59	2.56016e-61	3.16277e-61	1.36071e-63	1.8479e-65	7.14196e-67	2.78579e-67	3.61911e-69	
F1476	0	0	0	0	0	0	0	0	0	0	1	0	0	0	0	0	0	0	0	0	0	0	0	0	0	0	0	0	0	0	0	0	0	0	0	0	0	0	0	0	0	
N27	2.31591e-34	9.73133e-31	3.10818e-27	4.38325e-24	1.39932e-19	2.98147e-16	1.40916e-12	1.29858e-09	1.23361e-07	0.000140787	0.0511209	0.93882	0.00990561	1.22155e-05	6.44789e-09	2.53029e-10	2.85982e-13	1.9215e-15	1.04479e-20	1.38487e-24	8.33951e-30	5.53382e-33	1.08562e-33	1.95053e-31	6.19306e-33	2.22371e-34	1.22806e-34	3.13427e-38	3.90865e-40	9.31202e-42	2.08996e-45	2.52847e-47	2.52121e-50	2.72811e-52	7.3839e-54	7.7743e-54	3.23649e-56	4.63261e-58	1.53793e-59	2.18217e-60	2.87244e-62	
Furcep	0	0	0	0	0	0	0	0	0	0	0	0	0	1	0	0	0	0	0	0	0	0	0	0	0	0	0	0	0	0	0	0	0	0	0	0	0	0	0	0	0	
N28	2.04208e-34	1.08978e-31	1.39724e-26	1.32741e-22	6.86328e-18	2.76058e-15	8.60542e-11	9.92143e-09	9.05659e-08	4.93586e-05	0.0857175	0.910039	0.00419243	1.77536e-06	2.6916e-10	1.26889e-12	4.64777e-16	5.21776e-18	4.1208e-22	1.90422e-25	9.39373e-30	7.94773e-35	1.59334e-38	1.78634e-41	3.42648e-46	5.40781e-50	1.0777e-52	3.26965e-54	5.21218e-54	4.15653e-53	6.79257e-55	5.88669e-54	5.0459e-57	2.9461e-59	8.44358e-60	1.86494e-58	1.28224e-61	1.42227e-63	3.57183e-65	2.70706e-66	4.25906e-68	
Furpol	0	0	0	0	0	0	0	0	0	0	0	1	0	0	0	0	0	0	0	0	0	0	0	0	0	0	0	0	0	0	0	0	0	0	0	0	0	0	0	0	0	
N29	4.903e-35	8.02935e-30	8.0934e-25	3.96328e-21	4.45965e-17	2.45263e-14	5.46517e-10	9.8676e-10	1.98551e-08	0.000280025	0.82249	0.177095	0.000134187	1.68931e-08	1.03587e-12	2.94613e-15	4.51115e-18	2.55787e-20	7.00319e-25	1.24315e-28	2.24245e-33	1.08897e-38	6.33714e-43	3.87898e-46	4.38512e-50	7.05796e-54	7.89578e-57	5.16279e-58	3.99492e-58	1.54998e-57	1.22211e-59	5.31081e-59	2.79944e-62	4.09667e-65	6.79187e-66	8.61979e-65	3.63951e-67	2.56436e-69	7.43012e-71	3.71985e-72	2.53794e-74	
N30	1.29797e-35	2.49283e-30	3.06499e-25	1.89319e-21	2.92932e-17	2.32921e-14	8.2878e-10	1.35387e-09	2.89579e-08	0.000426472	0.969122	0.0304436	8.36095e-06	5.12682e-10	2.684e-13	1.36356e-15	7.79669e-19	9.07307e-22	1.09135e-26	1.09552e-30	1.11919e-35	2.40885e-40	4.05389e-44	5.1448e-47	2.53315e-51	2.14728e-55	7.62763e-59	1.32458e-64	3.28244e-69	1.31714e-73	1.73019e-79	3.49758e-84	2.61643e-89	4.55271e-94	1.68075e-98	6.2536e-102	3.21094e-107	4.9647e-112	1.53543e-116	5.35097e-121	6.35092e-126	
F2241	0	0	0	0	0	0	0	0	0	0	1	0	0	0	0	0	0	0	0	0	0	0	0	0	0	0	0	0	0	0	0	0	0	0	0	0	0	0	0	0	0	
Furang	0	0	0	0	0	0	0	0	0	0	1	0	0	0	0	0	0	0	0	0	0	0	0	0	0	0	0	0	0	0	0	0	0	0	0	0	0	0	0	0	0	
FGA490	0	0	0	0	0	0	0	0	0	0	1	0	0	0	0	0	0	0	0	0	0	0	0	0	0	0	0	0	0	0	0	0	0	0	0	0	0	0	0	0	0	
N31	5.88409e-40	5.67361e-34	3.22332e-28	1.18901e-24	2.66398e-19	1.68405e-17	2.25558e-12	2.00138e-09	1.15943e-09	2.95519e-06	0.0385346	0.960887	0.000575381	3.00639e-08	1.74269e-12	6.37979e-15	2.35877e-18	3.68287e-21	2.16887e-26	1.19787e-30	3.61612e-36	9.57095e-42	5.10768e-44	7.32359e-43	4.63106e-44	4.40275e-46	3.66131e-47	1.02531e-48	3.52598e-47	2.94362e-44	3.99074e-45	1.65083e-42	1.85493e-43	7.49042e-44	1.08937e-42	5.99701e-39	2.74351e-39	2.77638e-39	8.0461e-39	5.89351e-38	6.76352e-38	
N32	1.27497e-38	7.33029e-33	2.54052e-27	1.06761e-23	1.12406e-18	9.91294e-17	2.43963e-12	4.29965e-09	2.67839e-08	2.93189e-06	0.033271	0.965767	0.000959123	8.09284e-08	5.34272e-11	6.91847e-13	4.58478e-16	8.06234e-19	5.02368e-24	4.46224e-28	1.96438e-33	2.36928e-38	6.69659e-41	1.67139e-40	1.31148e-39	3.24459e-41	4.64951e-42	1.27785e-45	1.00514e-47	1.42728e-49	3.71109e-53	3.02201e-55	6.98713e-58	5.95348e-60	1.14819e-61	4.50073e-62	1.30789e-64	1.31477e-66	2.84383e-68	1.10205e-69	1.05176e-71	
N33	3.55218e-41	7.3229e-35	8.32825e-29	5.82139e-25	1.49801e-19	9.26751e-18	5.93247e-14	6.71121e-09	4.57881e-08	2.24965e-07	0.00169313	0.993784	0.00452116	1.4158e-06	3.20743e-09	2.28614e-11	6.40047e-15	1.36441e-18	2.72018e-24	8.42811e-29	1.3778e-34	1.46822e-37	2.22828e-39	3.08221e-39	2.15427e-39	1.62683e-41	2.65652e-43	2.48187e-47	1.93669e-46	1.93051e-44	3.02546e-45	7.52428e-45	1.13963e-42	3.15745e-42	5.71853e-42	2.6935e-40	1.62786e-39	7.48296e-39	2.62e-38	3.32894e-38	3.49374e-38	
N34	1.705e-37	2.55854e-33	8.9508e-28	3.31183e-24	7.15635e-19	9.40389e-18	3.1017e-13	6.39891e-09	2.59554e-09	2.90542e-08	0.000557821	0.997349	0.00209295	2.75995e-07	5.09695e-11	1.27627e-13	9.97796e-17	8.30728e-19	1.82599e-23	4.50061e-27	4.82458e-32	4.26383e-37	5.38686e-41	1.71673e-44	6.22641e-49	6.54905e-53	1.10203e-55	2.12058e-58	4.46318e-59	1.27894e-57	3.70587e-61	1.10169e-61	4.07899e-62	1.54881e-64	1.25546e-66	2.42926e-67	4.7645e-68	3.12031e-70	5.29463e-72	4.03217e-73	2.65544e-75	
N35	6.53771e-37	1.48167e-31	1.98459e-26	2.70316e-23	2.39378e-18	1.15342e-17	2.02273e-13	3.04367e-09	1.19185e-09	2.51767e-08	0.00042495	0.998508	0.001067	1.31402e-07	1.05585e-11	7.37846e-14	1.19031e-16	8.40623e-19	1.24267e-23	1.66316e-27	1.85223e-32	7.0773e-38	5.63543e-42	7.59638e-45	8.39209e-49	1.38229e-52	1.89356e-55	3.41957e-61	9.72186e-66	4.73403e-70	6.11621e-76	1.30017e-80	1.77708e-86	1.10218e-91	3.67712e-96	1.4582e-99	1.53045e-104	2.63156e-109	1.7857e-113	2.39216e-117	3.0099e-122	
FGA456	0	0	0	0	0	0	0	0	0	0	0	1	0	0	0	0	0	0	0	0	0	0	0	0	0	0	0	0	0	0	0	0	0	0	0	0	0	0	0	0	0	
FGA513	0	0	0	0	0	0	0	0	0	0	0	1	0	0	0	0	0	0	0	0	0	0	0	0	0	0	0	0	0	0	0	0	0	0	0	0	0	0	0	0	0	
F12278	0	0	0	0	0	0	0	0	0	0	0	1	0	0	0	0	0	0	0	0	0	0	0	0	0	0	0	0	0	0	0	0	0	0	0	0	0	0	0	0	0	
N36	6.56311e-35	1.24213e-29	1.48179e-24	1.16784e-20	7.68418e-17	3.65622e-14	5.85677e-12	5.27011e-08	5.37733e-06	2.54108e-05	0.000913755	0.838779	0.156564	0.00370995	2.60547e-06	5.75518e-08	1.76348e-10	1.93326e-12	4.60651e-17	7.69841e-21	1.30278e-25	1.40898e-30	3.31683e-34	8.32607e-37	1.22662e-40	2.90748e-44	5.0155e-47	1.32476e-52	4.7379e-57	2.28327e-61	4.13085e-67	1.2888e-71	4.47376e-77	8.94425e-82	5.30745e-86	3.40543e-89	4.46534e-94	1.14994e-98	1.03208e-102	1.68167e-106	3.11341e-111	
Furant	0	0	0	0	0	0	0	0	0	0	0	1	0	0	0	0	0	0	0	0	0	0	0	0	0	0	0	0	0	0	0	0	0	0	0	0	0	0	0	0	0	
FGA331	0	0	0	0	0	0	0	0	0	0	0	0	0	1	0	0	0	0	0	0	0	0	0	0	0	0	0	0	0	0	0	0	0	0	0	0	0	0	0	0	0	
FGA465	0	0	0	0	0	0	0	0	0	0	1	0	0	0	0	0	0	0	0	0	0	0	0	0	0	0	0	0	0	0	0	0	0	0	0	0	0	0	0	0	0	
N37	1.97253e-36	4.87764e-31	7.68736e-26	2.6732e-22	1.01789e-17	2.1253e-15	8.79472e-11	4.23534e-09	9.79482e-09	5.57413e-05	0.229718	0.76985	0.000375952	3.06418e-08	3.23781e-12	1.73052e-14	2.05759e-17	8.6308e-20	1.05663e-24	8.72074e-29	8.29982e-34	3.86086e-39	3.57601e-43	3.72014e-46	2.997e-50	3.591e-54	1.73063e-56	6.89015e-57	1.64659e-57	5.62557e-57	5.26155e-60	6.23926e-60	1.7925e-62	6.25835e-65	1.85136e-66	3.42598e-65	3.79723e-67	2.71161e-69	7.49105e-71	3.50864e-72	2.14291e-74	
FGA99	0	0	0	0	0	0	0	0	0	0	1	0	0	0	0	0	0	0	0	0	0	0	0	0	0	0	0	0	0	0	0	0	0	0	0	0	0	0	0	0	0	
N38	3.42184e-35	5.74069e-30	5.90263e-25	1.99075e-21	5.68687e-17	5.54995e-15	1.16026e-10	2.41984e-08	1.19618e-07	6.20557e-05	0.24001	0.759531	0.00039667	3.51868e-08	4.76721e-11	6.71915e-13	6.82825e-16	1.42143e-18	1.8944e-23	3.11117e-27	3.49756e-32	1.6227e-36	4.79951e-40	1.48674e-42	1.1731e-46	1.58769e-50	9.69096e-54	1.77142e-59	6.9474e-64	4.34368e-68	6.02498e-74	2.00364e-78	3.23225e-83	9.60833e-88	5.78765e-92	5.2005e-95	4.16674e-100	1.06114e-104	5.19171e-109	3.04134e-113	5.74444e-118	
FGA15	0	0	0	0	0	0	0	0	0	0	1	0	0	0	0	0	0	0	0	0	0	0	0	0	0	0	0	0	0	0	0	0	0	0	0	0	0	0	0	0	0	
FGA581	0	0	0	0	0	0	0	0	0	0	0	1	0	0	0	0	0	0	0	0	0	0	0	0	0	0	0	0	0	0	0	0	0	0	0	0	0	0	0	0	0	
FGA104	0	0	0	0	0	0	0	0	0	0	0	0	1	0	0	0	0	0	0	0	0	0	0	0	0	0	0	0	0	0	0	0	0	0	0	0	0	0	0	0	0	
FGA489	0	0	0	0	0	0	0	0	0	0	1	0	0	0	0	0	0	0	0	0	0	0	0	0	0	0	0	0	0	0	0	0	0	0	0	0	0	0	0	0	0	
FGA174	0	0	0	0	0	0	0	0	0	0	0	0	0	1	0	0	0	0	0	0	0	0	0	0	0	0	0	0	0	0	0	0	0	0	0	0	0	0	0	0	0	
FurbGB	0	0	0	0	0	0	0	0	0	0	0	1	0	0	0	0	0	0	0	0	0	0	0	0	0	0	0	0	0	0	0	0	0	0	0	0	0	0	0	0	0	
N39	1.26679e-35	8.69827e-31	6.08835e-26	1.37026e-22	4.56014e-18	2.22169e-16	1.72988e-12	2.13971e-09	1.79126e-09	2.2759e-07	0.00133851	0.325516	0.0028643	1.45217e-06	5.33935e-08	3.04885e-05	0.00373536	0.660305	0.00602739	0.000180468	1.55834e-07	2.30888e-11	6.46224e-14	1.22286e-15	1.89716e-18	4.94495e-21	1.74521e-22	5.7464e-27	3.74197e-30	4.16963e-33	7.28061e-38	6.31509e-41	1.01356e-42	1.2938e-44	8.69145e-46	1.20617e-44	1.10764e-45	4.13393e-47	4.38468e-48	1.92649e-48	1.22341e-49	
N40	1.53773e-33	4.22235e-29	8.35234e-25	1.20057e-21	9.63117e-18	6.75044e-16	2.62554e-12	1.43345e-09	4.96775e-09	7.42425e-07	0.00130109	0.0762901	0.000834081	1.64394e-06	2.66032e-07	0.00011275	0.0268777	0.881887	0.0125511	0.000143708	2.05208e-07	7.65147e-11	2.54769e-13	1.36113e-14	1.8253e-16	1.13393e-18	2.96926e-20	2.9146e-24	2.32719e-27	1.31239e-30	5.84014e-35	2.57042e-38	1.19765e-42	1.25026e-46	1.08132e-49	8.7935e-52	8.06577e-55	3.69371e-58	6.57712e-61	1.5016e-63	5.52877e-67	
N41	1.09754e-34	7.85229e-30	3.96063e-25	5.10522e-22	6.99053e-18	5.33325e-16	5.94131e-12	2.05628e-10	6.8361e-10	2.95828e-07	0.000344326	0.00108158	5.59818e-06	8.62982e-07	5.62762e-06	0.00452565	0.334787	0.65607	0.00317572	3.06444e-06	1.00105e-09	1.73958e-13	2.12438e-16	1.2293e-18	2.13776e-21	1.71672e-24	2.49136e-27	8.55873e-29	5.51125e-29	1.75968e-30	6.58688e-33	9.54041e-35	5.79661e-37	8.23452e-39	5.22955e-40	1.36283e-40	7.47258e-42	2.64332e-43	2.59378e-44	1.57163e-45	4.97879e-47	
CGA312	0	0	0	0	0	0	0	0	0	0	0	0	0	0	0	0	0	1	0	0	0	0	0	0	0	0	0	0	0	0	0	0	0	0	0	0	0	0	0	0	0	
N42	2.91001e-40	1.28644e-35	5.53817e-30	4.39922e-26	2.81952e-21	1.01153e-18	3.8817e-14	3.52205e-13	4.05291e-11	9.08084e-08	4.06796e-05	4.73012e-05	2.18431e-06	6.88775e-07	2.10875e-05	0.0151853	0.51874	0.465556	0.000407082	3.45557e-08	7.28013e-13	6.75726e-18	6.98596e-22	3.05531e-24	2.87788e-27	2.02015e-30	8.06901e-30	3.09235e-30	1.34859e-31	2.65683e-34	9.62111e-38	7.01584e-40	4.70673e-43	7.94269e-46	1.70147e-47	6.62246e-48	3.49434e-49	3.43728e-51	8.63715e-53	4.8687e-54	4.84733e-56	
N43	2.6785e-44	4.56125e-39	4.34069e-34	1.37337e-30	7.78178e-26	1.86534e-21	1.05017e-16	5.40344e-16	3.93054e-13	1.78157e-08	2.28567e-06	1.12901e-06	5.90248e-07	8.87506e-07	0.00122374	0.136854	0.853946	0.0079719	9.43279e-08	1.43385e-13	6.4675e-20	1.46203e-26	1.58322e-31	1.40028e-34	1.05492e-34	4.45159e-34	1.63595e-30	2.83307e-31	2.29932e-31	8.59946e-33	8.20235e-35	2.75552e-35	5.18654e-37	1.17074e-37	2.90585e-37	2.25184e-35	2.72169e-34	2.78892e-34	9.23934e-34	1.2698e-32	1.45057e-32	
N44	5.61396e-41	5.83718e-37	3.83281e-33	7.71964e-31	1.23333e-26	5.56136e-23	7.99999e-18	1.44067e-15	2.72896e-13	3.32638e-09	3.17603e-07	4.63341e-07	5.26176e-07	4.36807e-07	0.000913319	0.130949	0.863145	0.00499132	1.8968e-07	7.77118e-12	9.70206e-15	2.84682e-17	7.60408e-21	7.29957e-24	2.67493e-27	7.41862e-29	9.94165e-31	1.68205e-34	1.47945e-36	1.59303e-39	2.47502e-41	4.84937e-43	1.12131e-43	9.30568e-46	1.47552e-47	2.34819e-48	7.12577e-51	9.01864e-53	2.14233e-54	5.88099e-57	6.69725e-59	
N45	1.09969e-43	6.30275e-38	2.0346e-32	3.62563e-29	2.53359e-24	2.23366e-22	1.93009e-17	2.8183e-16	5.90206e-17	5.32359e-13	6.31916e-09	2.38672e-08	6.25443e-10	6.57432e-10	5.13125e-06	0.0262178	0.95162	0.0221531	4.35132e-06	2.64898e-10	3.40166e-13	3.24008e-16	9.60802e-20	4.29082e-23	1.8674e-27	7.03169e-30	2.55283e-32	2.62316e-35	1.12514e-37	1.93321e-40	2.81813e-42	4.98188e-44	3.07077e-45	2.99245e-47	4.79852e-49	2.49047e-50	6.65301e-53	4.79943e-55	5.24084e-57	4.48841e-60	4.20172e-62	
CGA642	0	0	0	0	0	0	0	0	0	0	0	0	0	0	0	0	1	0	0	0	0	0	0	0	0	0	0	0	0	0	0	0	0	0	0	0	0	0	0	0	0	
N46	5.12664e-37	1.38108e-33	2.75898e-30	1.35608e-28	3.01855e-25	2.08247e-23	6.83642e-19	1.71059e-17	1.67885e-16	3.10458e-13	3.30951e-09	1.14199e-08	1.74382e-10	3.8693e-09	2.37828e-06	0.0307769	0.936682	0.0325353	3.71118e-06	9.7557e-11	1.21359e-14	2.47668e-16	3.29501e-19	7.30709e-21	1.16632e-23	3.4039e-27	5.30014e-32	1.06915e-37	8.05024e-42	1.99039e-47	7.31546e-53	7.71638e-57	1.87431e-59	1.1974e-63	1.40318e-67	4.84877e-70	5.20561e-74	2.24903e-78	1.66109e-82	1.90299e-88	5.78812e-93	
CGA763	0	0	0	0	0	0	0	0	0	0	0	0	0	0	0	1	0	0	0	0	0	0	0	0	0	0	0	0	0	0	0	0	0	0	0	0	0	0	0	0	0	
C601	0	0	0	0	0	0	0	0	0	0	0	0	0	0	0	0	0	1	0	0	0	0	0	0	0	0	0	0	0	0	0	0	0	0	0	0	0	0	0	0	0	
N47	1.65136e-36	4.54175e-33	9.14411e-30	2.6609e-27	3.66729e-25	2.25826e-21	7.28914e-18	1.94399e-15	1.99571e-12	2.11423e-09	1.62639e-07	4.16515e-07	5.23408e-07	2.63602e-06	0.00167849	0.144773	0.850047	0.00349782	3.65367e-07	8.54429e-12	1.1879e-15	2.97176e-17	3.43577e-20	6.18307e-22	5.96879e-25	7.67531e-28	3.88525e-29	2.73824e-32	4.32066e-34	2.01836e-37	1.81662e-40	5.98814e-42	5.86062e-42	1.03152e-43	3.78088e-45	4.33205e-45	1.18853e-46	2.30929e-48	8.30995e-50	1.56643e-52	2.71156e-54	
CGA236	0	0	0	0	0	0	0	0	0	0	0	0	0	0	0	0	1	0	0	0	0	0	0	0	0	0	0	0	0	0	0	0	0	0	0	0	0	0	0	0	0	
N48	3.03234e-32	2.93889e-29	2.14327e-26	2.15524e-24	3.73234e-23	1.03995e-19	7.46929e-17	4.10919e-14	5.94152e-11	4.75656e-09	1.10786e-07	3.24931e-07	1.31566e-06	0.00041457	0.0241225	0.264764	0.707567	0.00312935	7.89916e-07	4.98107e-11	4.31098e-15	1.45231e-16	5.85958e-19	2.22444e-20	1.26362e-22	8.07653e-26	5.01987e-30	3.47001e-35	4.57829e-39	3.33931e-44	1.14716e-49	2.07782e-53	1.22179e-55	2.93796e-59	1.04538e-62	6.42488e-65	3.11207e-68	3.52305e-72	6.77511e-76	3.78021e-81	3.20152e-85	
N49	2.99214e-36	2.18359e-31	1.08214e-26	4.26253e-23	1.66749e-19	4.3404e-17	5.47555e-15	1.44632e-11	4.91877e-10	1.5479e-09	3.19863e-08	3.47501e-05	0.00220347	0.0235577	0.0232919	0.291408	0.634236	0.0252581	1.0423e-05	1.39074e-09	7.58533e-12	6.73825e-14	1.33272e-16	7.78532e-19	4.8961e-22	2.32924e-25	1.2007e-29	1.5159e-34	1.22967e-38	1.97285e-43	3.78046e-47	1.05622e-50	1.51033e-53	1.75421e-57	3.4946e-61	3.49745e-64	1.71589e-68	1.38342e-72	1.68333e-76	7.56447e-82	5.12473e-86	
Calboe	0	0	0	0	0	0	0	0	0	0	0	0	0	1	0	0	0	0	0	0	0	0	0	0	0	0	0	0	0	0	0	0	0	0	0	0	0	0	0	0	0	
C3125	0	0	0	0	0	0	0	0	0	0	0	0	0	0	0	0	0	1	0	0	0	0	0	0	0	0	0	0	0	0	0	0	0	0	0	0	0	0	0	0	0	
CGA429	0	0	0	0	0	0	0	0	0	0	0	0	0	0	1	0	0	0	0	0	0	0	0	0	0	0	0	0	0	0	0	0	0	0	0	0	0	0	0	0	0	
N50	3.43418e-35	1.77593e-31	6.19064e-28	4.77989e-25	5.06344e-24	3.54207e-20	2.4274e-17	4.37505e-15	3.47797e-10	1.94077e-07	9.21054e-08	4.38333e-08	5.35916e-07	0.00151708	0.433757	0.49372	0.0709094	9.54238e-05	1.8508e-09	1.10684e-14	2.99004e-20	1.3305e-23	1.18102e-26	4.30575e-27	3.04791e-27	1.07524e-28	4.324e-30	1.62101e-33	1.64829e-35	7.24523e-39	1.00263e-42	6.08156e-45	3.84536e-46	1.41923e-47	7.20398e-49	1.04176e-48	2.19015e-49	3.78146e-51	1.21997e-52	1.20767e-54	1.87587e-56	
C984	0	0	0	0	0	0	0	0	0	0	0	0	0	1	0	0	0	0	0	0	0	0	0	0	0	0	0	0	0	0	0	0	0	0	0	0	0	0	0	0	0	
N51	2.28102e-33	2.26605e-30	1.75149e-27	4.02007e-25	2.20965e-23	3.16083e-19	3.01154e-16	1.77144e-14	2.01141e-10	8.89199e-08	2.8046e-08	1.25789e-08	6.80158e-07	0.00278506	0.573728	0.396901	0.026568	1.71741e-05	1.05259e-09	2.22592e-14	3.39089e-17	5.94189e-19	8.4822e-22	1.3191e-23	1.81185e-26	1.05126e-29	7.80813e-34	3.27064e-39	4.27457e-43	1.89196e-48	1.51625e-52	4.21547e-56	1.88096e-58	2.04394e-62	4.30346e-66	1.8125e-68	2.30425e-72	2.69002e-76	5.48492e-80	4.03546e-85	3.60367e-89	
CGA310	0	0	0	0	0	0	0	0	0	0	0	0	0	0	1	0	0	0	0	0	0	0	0	0	0	0	0	0	0	0	0	0	0	0	0	0	0	0	0	0	0	
N52	2.99589e-37	1.93495e-32	8.62124e-28	9.14683e-24	6.81486e-21	3.0537e-17	1.45295e-15	7.33081e-14	2.68823e-10	7.9501e-09	1.38527e-09	1.68657e-08	3.51882e-05	0.0619281	0.876898	0.0607556	0.000382533	1.5246e-07	1.91184e-11	2.17983e-15	2.00126e-17	8.70802e-20	9.00161e-23	2.22343e-25	4.45237e-29	1.57375e-32	7.46103e-37	9.04244e-42	6.57899e-46	1.78657e-50	1.13626e-53	3.02009e-57	3.52805e-60	3.35007e-64	5.73886e-68	4.05957e-71	9.58608e-76	8.27063e-80	1.13963e-83	7.28604e-89	8.49812e-93	
CGA365	0	0	0	0	0	0	0	0	0	0	0	0	0	0	1	0	0	0	0	0	0	0	0	0	0	0	0	0	0	0	0	0	0	0	0	0	0	0	0	0	0	
CGA494	0	0	0	0	0	0	0	0	0	0	0	0	0	1	0	0	0	0	0	0	0	0	0	0	0	0	0	0	0	0	0	0	0	0	0	0	0	0	0	0	0	
N53	9.82523e-40	2.86695e-34	5.48235e-29	2.14068e-25	4.53555e-21	1.83114e-18	4.10775e-15	1.44959e-12	1.44476e-11	4.925e-10	4.80216e-07	1.32515e-06	3.37553e-07	9.44083e-07	1.92451e-05	0.00453205	0.333714	0.646244	0.0154833	4.53012e-06	1.73352e-09	7.77496e-12	1.12352e-14	3.27429e-17	1.12617e-20	2.10964e-24	1.1555e-27	3.21852e-30	1.23649e-30	8.45174e-33	2.08679e-35	4.75827e-37	7.14711e-38	1.72712e-39	6.34404e-41	1.00786e-41	1.18695e-43	1.85657e-45	4.62342e-47	1.80662e-49	2.75374e-51	
N54	6.10287e-36	1.22966e-32	2.10058e-29	1.48859e-26	4.81609e-22	9.69488e-20	2.26748e-15	1.59155e-13	4.5246e-12	2.31509e-10	2.65143e-07	7.23617e-07	1.61586e-07	7.45475e-07	8.2949e-06	0.0105953	0.368121	0.617519	0.00375478	4.59607e-07	2.46067e-11	7.49176e-15	1.63209e-18	4.93886e-21	2.47878e-23	1.09746e-26	2.32447e-29	1.81916e-33	3.83909e-37	3.73246e-42	1.03983e-47	8.35705e-52	5.94571e-56	6.81581e-61	5.98659e-65	2.39433e-68	8.66912e-72	5.58549e-76	6.88314e-80	1.19805e-83	1.1904e-87	
C12265	0	0	0	0	0	0	0	0	0	0	0	0	0	0	0	0	0	1	0	0	0	0	0	0	0	0	0	0	0	0	0	0	0	0	0	0	0	0	0	0	0	
N55	6.47791e-47	1.53116e-40	1.8245e-34	1.96529e-30	8.80283e-26	1.23648e-22	7.9555e-18	4.85202e-19	1.1674e-15	8.26135e-11	5.7887e-09	2.65278e-11	5.64795e-12	7.74988e-08	0.00464939	0.969548	0.0257027	9.96471e-05	5.94208e-09	5.5779e-14	1.78053e-19	3.30851e-25	1.55947e-29	1.06066e-30	9.99041e-32	2.45434e-33	2.38071e-34	2.94421e-37	1.96692e-39	1.57558e-42	3.65061e-46	7.33261e-49	2.93151e-52	6.22197e-55	9.18159e-57	1.14644e-57	2.5533e-59	1.43176e-61	2.78835e-63	6.31777e-65	3.6294e-67	
C404	0	0	0	0	0	0	0	0	0	0	0	0	0	0	1	0	0	0	0	0	0	0	0	0	0	0	0	0	0	0	0	0	0	0	0	0	0	0	0	0	0	
N56	1.20384e-40	5.93859e-37	2.15833e-33	2.69604e-31	3.56008e-28	3.97003e-25	5.61313e-20	5.16957e-20	4.16438e-17	2.8413e-12	5.28939e-10	1.4063e-12	4.24103e-13	2.51439e-08	0.0013971	0.987258	0.0113345	1.0763e-05	2.49216e-10	1.49586e-15	6.99446e-19	8.34902e-21	2.35805e-24	2.4474e-27	1.74182e-31	2.25015e-35	1.35193e-39	1.21454e-45	5.01945e-50	4.32924e-56	5.55316e-61	3.84856e-65	9.13362e-68	1.67174e-72	5.42237e-77	1.41825e-80	7.52274e-86	1.57522e-90	5.75237e-95	2.68956e-100	4.09527e-105	
Cl11778	0	0	0	0	0	0	0	0	0	0	0	0	0	0	0	1	0	0	0	0	0	0	0	0	0	0	0	0	0	0	0	0	0	0	0	0	0	0	0	0	0	
CGA48	0	0	0	0	0	0	0	0	0	0	0	0	0	0	0	1	0	0	0	0	0	0	0	0	0	0	0	0	0	0	0	0	0	0	0	0	0	0	0	0	0	
C3126	0	0	0	0	0	0	0	0	0	0	0	0	0	0	0	0	0	0	1	0	0	0	0	0	0	0	0	0	0	0	0	0	0	0	0	0	0	0	0	0	0	
N57	6.96926e-36	1.15652e-30	1.13788e-25	4.72476e-23	2.80575e-18	1.10298e-17	3.36098e-14	2.20562e-10	6.82872e-11	8.45527e-11	6.15474e-07	0.000434676	1.01291e-05	3.55162e-09	2.09662e-10	9.63141e-07	0.00280468	0.94586	0.0508289	5.97297e-05	1.79788e-08	5.37403e-12	7.0472e-15	1.56374e-17	9.4546e-21	3.03928e-24	1.59961e-26	1.11879e-28	1.68533e-30	1.33815e-32	3.89144e-35	3.88933e-37	4.12152e-39	9.75718e-41	4.50135e-42	5.4277e-43	1.46169e-44	3.57343e-46	1.76866e-47	4.82037e-49	1.08414e-50	
CGA311	0	0	0	0	0	0	0	0	0	0	0	0	0	0	0	0	0	1	0	0	0	0	0	0	0	0	0	0	0	0	0	0	0	0	0	0	0	0	0	0	0	
N58	1.03439e-37	6.03905e-34	5.94635e-29	2.08045e-25	5.26177e-21	3.47685e-19	8.77903e-16	4.9013e-12	1.9009e-12	1.19654e-11	7.42147e-08	8.78835e-05	2.42201e-06	5.17347e-10	1.91778e-10	2.61182e-07	0.00191059	0.94222	0.055742	3.71928e-05	4.7863e-09	3.59871e-13	2.54464e-16	1.1819e-17	1.15096e-19	8.7163e-23	5.95995e-25	1.24086e-29	3.30289e-33	5.80879e-38	1.66816e-43	1.02674e-46	4.14952e-48	1.2222e-50	5.05214e-52	1.78869e-49	3.73734e-49	7.02286e-51	2.91224e-52	3.54944e-53	9.91729e-55	
N59	5.09551e-43	2.22348e-37	6.04199e-32	1.15813e-28	1.07133e-23	1.37235e-22	4.94369e-18	3.08761e-15	9.25604e-16	3.94582e-13	1.21453e-08	2.00638e-06	5.08853e-09	1.90837e-12	2.90764e-11	1.27273e-06	0.0125203	0.981188	0.00628702	1.12688e-06	4.64346e-11	7.33464e-16	4.34952e-20	3.64459e-22	8.76585e-25	3.71685e-28	6.70809e-31	1.88874e-34	3.35994e-36	3.63999e-38	1.07972e-39	5.95454e-42	4.21024e-45	2.77004e-48	6.96134e-50	2.74619e-50	2.05644e-51	2.82391e-53	1.73461e-54	1.48295e-55	3.4129e-57	
CGA45	0	0	0	0	0	0	0	0	0	0	0	0	0	0	0	0	1	0	0	0	0	0	0	0	0	0	0	0	0	0	0	0	0	0	0	0	0	0	0	0	0	
N60	2.92907e-36	3.53501e-33	3.21589e-30	7.86661e-29	7.72605e-25	1.00133e-23	1.13687e-19	1.04473e-15	1.44705e-15	8.2251e-14	1.27388e-09	5.17359e-07	9.87097e-10	2.52424e-12	3.38069e-11	8.14008e-07	0.0058736	0.989515	0.00460922	1.20005e-06	7.50873e-11	8.21259e-15	4.46596e-17	3.58091e-18	5.86266e-20	4.98183e-23	1.36813e-25	3.55453e-30	1.19589e-33	1.42572e-38	3.93476e-44	2.91381e-48	3.26594e-53	6.71854e-57	2.61687e-60	2.33992e-62	2.64744e-65	2.81379e-69	5.42504e-73	9.95905e-77	8.53036e-81	
C3043	0	0	0	0	0	0	0	0	0	0	0	0	0	0	0	0	0	1	0	0	0	0	0	0	0	0	0	0	0	0	0	0	0	0	0	0	0	0	0	0	0	
CGA364	0	0	0	0	0	0	0	0	0	0	0	0	0	0	0	0	0	1	0	0	0	0	0	0	0	0	0	0	0	0	0	0	0	0	0	0	0	0	0	0	0	
C2208	0	0	0	0	0	0	0	0	0	0	0	0	0	0	0	0	0	0	1	0	0	0	0	0	0	0	0	0	0	0	0	0	0	0	0	0	0	0	0	0	0	
N61	3.93125e-31	1.1198e-26	2.28027e-22	6.63986e-20	1.03345e-15	1.92211e-15	7.12366e-12	1.28612e-08	1.03134e-09	7.90027e-09	1.82254e-05	0.00398039	2.65122e-05	2.12334e-08	6.28924e-09	1.03965e-05	0.00825464	0.977217	0.0104694	2.37464e-05	1.97679e-08	9.80441e-12	1.76701e-14	6.65292e-17	9.1411e-20	9.10221e-23	8.71672e-26	7.71747e-30	1.02904e-33	9.33093e-38	2.88185e-42	2.32808e-46	1.30866e-50	1.11126e-54	2.2822e-58	1.0371e-61	1.13613e-65	1.52048e-69	3.81494e-72	3.0253e-74	2.33343e-76	
N62	7.53856e-39	1.75755e-33	2.66211e-28	2.08405e-25	2.10872e-20	9.98985e-20	2.64581e-15	2.91054e-12	5.88311e-14	1.20648e-11	2.6204e-07	7.40161e-05	6.03345e-08	5.67943e-12	4.81775e-11	1.32555e-06	0.00932798	0.989053	0.00154277	3.00784e-07	1.6968e-11	5.87559e-16	2.91319e-19	1.43019e-21	1.76071e-24	5.26536e-28	5.01513e-31	4.70201e-36	2.41075e-40	2.12693e-45	4.81666e-51	6.88892e-52	5.65354e-54	2.14311e-56	9.06831e-58	1.36382e-55	1.63529e-56	1.36716e-58	3.35411e-60	9.31399e-62	1.74297e-63	
CGA453	0	0	0	0	0	0	0	0	0	0	0	0	0	0	0	0	0	1	0	0	0	0	0	0	0	0	0	0	0	0	0	0	0	0	0	0	0	0	0	0	0	
N63	1.4817e-43	7.1877e-38	2.20047e-32	6.56049e-29	6.57208e-24	2.33373e-22	1.31539e-17	1.68246e-15	4.24455e-16	8.48249e-13	4.36743e-08	2.18116e-06	3.94962e-10	1.33689e-13	3.13647e-11	2.3157e-06	0.0399018	0.959801	0.000292298	1.35809e-08	1.98577e-13	2.08991e-18	1.1192e-21	1.13204e-23	2.82654e-26	8.477e-30	1.61357e-32	4.84471e-38	1.72923e-42	4.21092e-48	2.53389e-54	2.26509e-59	2.03247e-65	2.03932e-70	7.56625e-75	3.51964e-78	2.09388e-82	1.14787e-87	1.69693e-92	2.84922e-97	1.86378e-103	
CGA501	0	0	0	0	0	0	0	0	0	0	0	0	0	0	0	0	0	1	0	0	0	0	0	0	0	0	0	0	0	0	0	0	0	0	0	0	0	0	0	0	0	
C3121	0	0	0	0	0	0	0	0	0	0	0	0	0	0	0	0	1	0	0	0	0	0	0	0	0	0	0	0	0	0	0	0	0	0	0	0	0	0	0	0	0	
N64	1.42086e-42	1.48058e-36	8.86883e-31	3.52658e-28	1.72692e-22	1.82297e-23	1.3803e-18	7.21039e-14	4.63411e-16	4.83386e-15	5.70073e-10	6.82589e-06	1.16557e-09	2.80265e-14	1.91288e-14	3.07945e-09	0.000156185	0.999523	0.000313564	1.25779e-08	1.52362e-13	1.78747e-18	2.30115e-22	9.66101e-26	9.84121e-30	3.30387e-34	1.55322e-38	1.13498e-44	1.51794e-50	1.99933e-57	1.80307e-36	5.40921e-37	9.72183e-38	8.2201e-38	1.92152e-37	2.06562e-36	4.5739e-36	5.65296e-36	2.03981e-35	5.52516e-35	7.10968e-35	
Calparcri	0	0	0	0	0	0	0	0	0	0	0	0	0	0	0	0	0	1	0	0	0	0	0	0	0	0	0	0	0	0	0	0	0	0	0	0	0	0	0	0	0	
C3118	0	0	0	0	0	0	0	0	0	0	0	0	0	0	0	0	0	1	0	0	0	0	0	0	0	0	0	0	0	0	0	0	0	0	0	0	0	0	0	0	0	
N65	6.37551e-37	5.36285e-33	3.37026e-29	7.28557e-26	2.38834e-20	5.15556e-18	5.98151e-14	6.68827e-10	2.80512e-09	1.17531e-07	0.000867327	0.960624	0.0384382	6.9777e-05	1.28028e-07	3.88081e-09	2.68216e-09	3.93272e-08	1.13203e-10	1.24361e-12	3.09001e-16	1.40142e-20	8.37511e-24	4.96296e-27	8.93715e-31	5.53864e-33	3.68204e-33	2.47014e-36	4.78056e-38	1.70573e-39	1.13791e-42	1.7174e-44	1.80017e-47	1.11376e-49	1.47892e-51	4.33633e-53	1.50637e-55	1.63108e-57	3.80777e-59	4.0604e-60	4.37654e-62	
N66	1.36707e-32	7.66408e-28	2.85309e-23	2.95155e-20	6.25703e-16	1.03799e-14	3.83267e-11	1.06721e-07	1.16965e-07	1.29494e-06	0.00319187	0.971695	0.0241754	3.70536e-05	9.98265e-08	2.66789e-07	1.02312e-05	0.0008696	1.89746e-05	3.66604e-07	6.36733e-10	2.02285e-13	2.98796e-16	2.07338e-18	4.18589e-21	9.80088e-24	7.24492e-26	4.95487e-30	1.90825e-33	1.1081e-36	3.81961e-41	7.80754e-45	2.28176e-49	9.88193e-54	2.15275e-57	1.88794e-60	1.96967e-64	3.12315e-68	1.67443e-71	8.56442e-75	1.25615e-78	
N67	7.06881e-31	2.23002e-26	4.86752e-22	2.94575e-19	4.27861e-15	3.42959e-14	1.10886e-10	2.7663e-07	1.52395e-07	1.44088e-06	0.00325856	0.982989	0.0127771	1.58807e-05	1.15058e-07	1.31346e-06	7.61096e-05	0.000870321	9.30844e-06	2.17498e-08	1.45366e-11	3.89135e-15	5.68013e-18	8.61444e-20	4.19484e-22	8.54869e-25	3.24581e-27	2.61808e-31	7.06243e-35	8.52163e-39	2.29622e-43	2.6582e-47	8.57171e-52	3.78152e-56	1.29889e-59	2.31969e-62	7.88778e-66	1.30853e-69	6.41815e-73	2.11929e-76	2.76581e-80	
N68	2.76198e-31	9.25086e-27	2.06918e-22	1.56052e-19	1.92869e-15	1.87749e-14	4.62061e-11	8.93809e-08	7.02664e-08	9.94765e-07	0.00269143	0.987149	0.00919227	8.42237e-06	5.56873e-07	1.81164e-05	0.000246161	0.000691727	1.45795e-06	6.29641e-10	9.8556e-14	9.62255e-18	1.42072e-20	2.92452e-22	1.67911e-24	2.51117e-27	1.21958e-29	6.11633e-34	1.68053e-37	8.57992e-42	1.11959e-46	1.09389e-50	2.20841e-55	1.41622e-59	6.28942e-63	2.03818e-65	1.10357e-68	1.73416e-72	8.45266e-76	4.2942e-79	5.69147e-83	
N69	3.02295e-34	1.9695e-29	8.76034e-25	5.32762e-22	1.63791e-17	8.10427e-17	5.31072e-13	2.50291e-09	8.69177e-10	1.16634e-08	6.88515e-05	0.0414989	0.000231514	9.77068e-08	2.09549e-09	3.23427e-06	0.00219141	0.948777	0.00717519	5.36807e-05	4.17437e-08	8.64608e-12	1.09436e-14	6.13085e-17	5.69463e-20	6.87131e-23	2.63136e-25	7.87743e-30	1.41698e-33	3.70657e-37	6.70152e-42	8.2924e-44	2.57064e-44	2.22381e-46	7.32569e-48	1.25329e-47	6.97732e-48	1.68731e-49	1.2585e-50	9.72817e-52	2.30864e-53	
Triowe	0	0	0	0	0	0	0	0	0	0	0	0	0	0	0	0	0	1	0	0	0	0	0	0	0	0	0	0	0	0	0	0	0	0	0	0	0	0	0	0	0	
N70	7.54134e-35	3.00212e-30	8.4337e-26	1.11115e-22	1.82383e-18	3.94121e-17	1.29603e-13	2.23001e-10	1.72864e-10	5.3372e-09	2.4365e-05	0.0127828	7.37013e-05	3.71892e-08	6.9845e-10	1.81259e-06	0.00305557	0.97555	0.00848723	2.44473e-05	1.43317e-08	2.93828e-12	6.10344e-15	4.36514e-16	7.82758e-18	2.81974e-20	6.54577e-22	3.77082e-26	2.46912e-29	4.25941e-33	9.33794e-38	2.95062e-41	8.14756e-46	5.0768e-50	3.70045e-53	3.73962e-55	4.66331e-58	1.4753e-61	1.52853e-64	3.1582e-67	8.23298e-71	
Trijoh	0	0	0	0	0	0	0	0	0	0	0	0	0	0	0	0	0	1	0	0	0	0	0	0	0	0	0	0	0	0	0	0	0	0	0	0	0	0	0	0	0	
Trimel	0	0	0	0	0	0	0	0	0	0	0	0	0	0	0	0	0	1	0	0	0	0	0	0	0	0	0	0	0	0	0	0	0	0	0	0	0	0	0	0	0	
N71	6.67182e-31	3.51113e-26	1.22332e-21	6.03355e-19	1.45775e-14	4.55156e-14	2.12232e-10	7.64706e-07	1.5028e-07	8.49902e-07	0.00238209	0.991249	0.00632957	3.64319e-05	1.11296e-06	1.57948e-08	9.38458e-11	1.93999e-13	2.11669e-17	8.73334e-22	1.86556e-26	5.11494e-31	1.76967e-34	2.35432e-37	1.05445e-40	2.44573e-44	9.02338e-48	1.13075e-48	1.82186e-49	2.88883e-49	3.58896e-52	4.79511e-53	1.77916e-53	1.78211e-55	4.94273e-57	2.87143e-57	4.65642e-57	6.7964e-59	2.58751e-60	5.86261e-62	7.19712e-64	
N72	1.62848e-32	1.12689e-27	4.87726e-23	5.27048e-20	1.38122e-15	1.22424e-14	5.37781e-11	1.21114e-07	1.98685e-08	2.63487e-07	0.00136205	0.994766	0.00386742	4.01721e-06	1.22736e-08	2.23424e-11	2.18274e-14	1.76266e-16	8.67135e-21	3.76907e-24	4.16729e-28	6.43776e-32	2.12218e-35	7.19596e-39	3.98739e-43	9.11035e-47	1.32834e-49	7.23772e-55	6.24636e-59	9.77548e-63	1.15338e-67	8.99268e-72	5.38143e-76	1.807e-80	1.08176e-84	1.26343e-88	6.74528e-94	2.5457e-98	1.99226e-102	2.24149e-106	7.64915e-111	
Trihoe	0	0	0	0	0	0	0	0	0	0	0	1	0	0	0	0	0	0	0	0	0	0	0	0	0	0	0	0	0	0	0	0	0	0	0	0	0	0	0	0	0	
Tribit	0	0	0	0	0	0	0	0	0	0	0	1	0	0	0	0	0	0	0	0	0	0	0	0	0	0	0	0	0	0	0	0	0	0	0	0	0	0	0	0	0	
Trijac	0	0	0	0	0	0	0	0	0	0	0	1	0	0	0	0	0	0	0	0	0	0	0	0	0	0	0	0	0	0	0	0	0	0	0	0	0	0	0	0	0	
N73	1.2337e-31	3.51506e-27	7.23673e-23	3.00948e-20	4.60043e-16	1.88302e-15	6.76915e-12	1.69114e-08	4.19722e-09	3.51191e-08	9.92466e-05	0.0314482	0.000268526	2.11385e-07	8.21472e-09	7.60487e-06	0.00411616	0.952752	0.0112206	8.74134e-05	1.20885e-07	4.81738e-11	8.06646e-14	4.75356e-16	6.63982e-19	1.05786e-21	3.29506e-24	2.17523e-28	5.14613e-32	1.55106e-35	5.73114e-40	1.41359e-43	3.50778e-44	2.84736e-46	9.24094e-48	1.26237e-47	1.21227e-47	2.99455e-49	1.98349e-50	9.39229e-52	2.30541e-53	
Tricri	0	0	0	0	0	0	0	0	0	0	0	0	0	0	0	0	0	1	0	0	0	0	0	0	0	0	0	0	0	0	0	0	0	0	0	0	0	0	0	0	0	
N74	7.25907e-34	2.66866e-29	6.80872e-25	5.73251e-22	9.01761e-18	8.54646e-17	2.49577e-13	3.86893e-10	1.32158e-10	2.50543e-09	1.05079e-05	0.00492604	2.9449e-05	1.59557e-08	6.16672e-10	1.96876e-06	0.00351859	0.982092	0.00940188	1.9834e-05	1.11092e-08	2.52905e-12	4.92668e-15	1.76234e-16	1.68341e-18	4.14736e-21	4.03838e-23	2.57078e-27	1.13384e-30	1.36229e-34	3.03334e-39	6.14987e-43	1.85654e-47	1.10764e-51	5.91419e-55	2.82346e-57	1.94742e-60	4.39453e-64	3.01278e-67	2.65491e-70	5.0818e-74	
Triwie	0	0	0	0	0	0	0	0	0	0	0	0	0	0	0	0	0	1	0	0	0	0	0	0	0	0	0	0	0	0	0	0	0	0	0	0	0	0	0	0	0	
Triqua	0	0	0	0	0	0	0	0	0	0	0	0	0	0	0	0	0	1	0	0	0	0	0	0	0	0	0	0	0	0	0	0	0	0	0	0	0	0	0	0	0	
N75	1.20445e-28	8.2772e-25	4.44668e-21	3.01123e-18	6.71953e-15	2.46263e-13	1.66573e-10	8.78985e-08	3.39692e-07	6.38343e-06	0.00385017	0.360754	0.0135812	5.1537e-05	9.28347e-07	9.53908e-05	0.00729128	0.590378	0.0224838	0.00149809	8.83959e-06	1.1326e-08	1.07842e-10	7.20277e-12	7.47384e-14	1.03051e-15	6.04291e-17	1.77756e-20	4.14536e-23	1.54609e-25	2.81892e-29	4.14091e-32	6.97151e-36	2.53557e-39	4.75486e-42	5.37866e-44	3.59683e-47	4.25834e-50	1.75166e-52	8.83038e-55	9.58089e-58	
N76	3.55011e-28	2.81417e-24	1.71831e-20	6.04848e-18	2.29034e-14	1.82306e-13	1.85143e-10	1.27491e-07	5.96482e-08	3.86956e-07	0.000273015	0.0253944	0.000659819	1.95128e-06	1.39567e-07	5.12832e-05	0.0151239	0.923772	0.0343569	0.000365081	1.23302e-06	1.6415e-09	7.95753e-12	1.3115e-13	7.89698e-16	3.41876e-18	1.82185e-20	5.65761e-24	3.66172e-27	1.82383e-30	2.3701e-34	8.77606e-38	1.44436e-41	2.99807e-45	2.3588e-48	5.45376e-51	2.66356e-54	1.2969e-57	1.34721e-60	7.47532e-64	3.05898e-67	
Kinboe	0	0	0	0	0	0	0	0	0	0	0	0	0	0	0	0	0	1	0	0	0	0	0	0	0	0	0	0	0	0	0	0	0	0	0	0	0	0	0	0	0	
Kinfis	0	0	0	0	0	0	0	0	0	0	0	0	0	0	0	0	0	1	0	0	0	0	0	0	0	0	0	0	0	0	0	0	0	0	0	0	0	0	0	0	0	
Kinxen	0	0	0	0	0	0	0	0	0	0	0	0	0	0	0	0	0	1	0	0	0	0	0	0	0	0	0	0	0	0	0	0	0	0	0	0	0	0	0	0	0	
N77	1.28055e-33	1.93029e-30	2.54861e-27	2.73591e-24	6.1324e-20	7.44981e-17	1.67047e-13	2.07527e-10	1.63351e-08	3.7958e-06	0.00277724	0.941348	0.0555828	0.000282394	1.2822e-06	1.80133e-06	3.19514e-07	2.28232e-06	9.78337e-09	4.57979e-10	2.61154e-13	1.17017e-17	1.25297e-20	2.45838e-22	2.16286e-25	3.79427e-28	1.5e-28	3.13083e-32	2.04342e-34	1.73492e-36	7.97081e-41	6.73918e-44	7.27509e-49	6.26209e-53	1.01594e-55	3.25796e-56	2.3173e-58	3.42965e-60	2.13933e-61	9.19302e-62	1.29039e-63	
N78	2.66318e-25	1.10822e-21	3.61796e-18	1.70723e-15	2.2552e-12	6.72822e-11	2.55632e-08	7.54249e-06	2.05395e-05	0.000140151	0.022877	0.906252	0.0699693	0.000728704	4.81666e-06	2.80585e-07	1.44222e-08	5.05322e-10	8.00423e-13	1.84104e-15	1.42986e-18	4.623e-22	6.27534e-25	6.59559e-27	3.15863e-29	1.22883e-31	8.51262e-34	1.85893e-37	1.32309e-40	1.16687e-43	1.39919e-47	5.79799e-51	7.56196e-55	1.01097e-58	8.49093e-62	3.05119e-64	2.17087e-67	1.45196e-70	2.739e-73	3.18019e-76	1.9553e-79	
N79	1.36818e-29	7.15847e-25	2.3311e-20	7.69347e-18	1.56054e-13	3.27764e-13	9.99315e-10	2.53143e-06	3.60321e-07	1.34199e-06	0.00307693	0.983854	0.0130484	1.66685e-05	1.0704e-08	2.08671e-11	3.10767e-14	5.17287e-17	5.39878e-21	1.0054e-24	6.83449e-29	1.63583e-33	1.42764e-37	3.63123e-41	3.29155e-45	4.29006e-49	1.48395e-52	1.5987e-53	2.25806e-54	3.13641e-54	9.73173e-57	1.34813e-56	1.28903e-55	4.13715e-56	5.24458e-56	2.1555e-54	1.87922e-52	2.94516e-52	9.06879e-52	2.04808e-51	3.52709e-51	
N80	5.79156e-34	1.22548e-28	1.52432e-23	9.15186e-21	7.46176e-16	9.68674e-16	9.27972e-12	6.02781e-08	4.393e-09	4.12906e-08	0.000560737	0.997139	0.00229989	5.23203e-07	5.95656e-11	1.1552e-13	1.05464e-16	2.08659e-19	4.44994e-24	3.84026e-28	5.46435e-33	2.40284e-38	8.85795e-43	2.35478e-46	1.12569e-50	7.6522e-55	2.50584e-58	2.91725e-57	8.46513e-55	3.2945e-49	3.89666e-50	2.91563e-47	6.58122e-44	1.55326e-44	1.99845e-44	5.09038e-42	1.58492e-38	1.88234e-38	7.63636e-38	3.82787e-37	4.99831e-37	
N81	1.04173e-33	7.23496e-29	3.15264e-24	3.82169e-21	9.95641e-17	1.11291e-15	5.01732e-12	1.27857e-08	5.93113e-09	1.48283e-07	0.000988228	0.996472	0.00253922	7.59022e-07	1.40788e-10	3.0601e-12	1.35478e-14	3.16556e-16	1.11771e-20	4.30166e-24	1.1842e-28	1.07215e-33	2.29779e-37	9.6441e-40	2.8898e-43	1.32275e-46	6.05008e-49	2.5876e-54	2.08968e-58	2.95908e-62	9.40259e-68	5.75748e-72	1.87575e-77	3.1089e-82	2.84168e-86	3.54794e-89	1.00389e-93	4.7884e-98	9.12137e-102	4.07969e-105	1.42521e-109	
Chaafr	0	0	0	0	0	0	0	0	0	0	0	1	0	0	0	0	0	0	0	0	0	0	0	0	0	0	0	0	0	0	0	0	0	0	0	0	0	0	0	0	0	
Chacha	0	0	0	0	0	0	0	0	0	0	0	1	0	0	0	0	0	0	0	0	0	0	0	0	0	0	0	0	0	0	0	0	0	0	0	0	0	0	0	0	0	
N82	1.0939e-33	8.3606e-29	3.97932e-24	3.97721e-21	1.13253e-16	7.61433e-16	3.80711e-12	1.44776e-08	7.88266e-09	1.4867e-07	0.000999631	0.99665	0.00234998	6.74786e-07	1.37107e-10	1.85636e-12	6.50824e-15	8.40468e-17	2.85066e-21	7.40173e-25	1.96052e-29	1.85577e-34	3.2433e-38	8.39079e-41	2.06347e-44	7.25985e-48	1.80245e-50	7.67174e-56	4.37866e-60	4.08897e-64	1.27838e-69	5.71378e-74	1.9302e-79	2.63985e-84	1.88121e-88	1.41485e-91	3.36401e-96	1.23593e-100	1.79052e-104	4.37681e-108	1.17051e-112	
Chacaly	0	0	0	0	0	0	0	0	0	0	0	1	0	0	0	0	0	0	0	0	0	0	0	0	0	0	0	0	0	0	0	0	0	0	0	0	0	0	0	0	0	
Chazey	0	0	0	0	0	0	0	0	0	0	0	1	0	0	0	0	0	0	0	0	0	0	0	0	0	0	0	0	0	0	0	0	0	0	0	0	0	0	0	0	0	
N83	4.43695e-29	7.97855e-25	9.36416e-21	8.22968e-18	4.49886e-14	1.18139e-12	1.52624e-09	9.41876e-07	2.17781e-07	2.90141e-06	0.0040917	0.982366	0.0135189	1.925e-05	1.25738e-08	4.6298e-10	4.92581e-12	2.82452e-13	5.12421e-17	8.35471e-20	1.10953e-23	4.04051e-28	2.61304e-31	1.81031e-33	1.32529e-36	1.7302e-39	2.25739e-41	4.84652e-46	1.73089e-49	1.14347e-52	1.89916e-57	4.97104e-61	7.82059e-66	5.25573e-70	1.61428e-73	4.2681e-76	3.81484e-80	8.03077e-84	5.74136e-87	1.04638e-89	2.04824e-93	
Chadil	0	0	0	0	0	0	0	0	0	0	0	1	0	0	0	0	0	0	0	0	0	0	0	0	0	0	0	0	0	0	0	0	0	0	0	0	0	0	0	0	0	
Chasen	0	0	0	0	0	0	0	0	0	0	0	1	0	0	0	0	0	0	0	0	0	0	0	0	0	0	0	0	0	0	0	0	0	0	0	0	0	0	0	0	0	
Chanam	0	0	0	0	0	0	0	0	0	0	0	1	0	0	0	0	0	0	0	0	0	0	0	0	0	0	0	0	0	0	0	0	0	0	0	0	0	0	0	0	0	
N84	3.22467e-27	2.74738e-25	2.28227e-23	7.82237e-22	5.65711e-19	1.09486e-15	7.21605e-13	2.71512e-10	8.33116e-08	3.63581e-05	0.00665062	0.874768	0.0664073	0.000807072	1.19103e-05	0.000182609	0.000289606	0.0465499	0.00220065	0.00208077	1.51711e-05	7.73666e-09	1.80198e-10	1.25485e-10	2.47143e-12	1.532e-13	5.75232e-12	3.23367e-14	9.65232e-15	4.05966e-15	5.13556e-18	2.03342e-19	3.76546e-23	1.45473e-25	2.01855e-27	8.15169e-28	1.6487e-30	1.13683e-32	1.3136e-34	1.55489e-34	7.66856e-37	
Riebrev	0	0	0	0	0	0	0	0	0	0	0	0	0	0	0	0	0	0	0	0	0	0	0	0	0	0	0	0	0	0	1	0	0	0	0	0	0	0	0	0	0	
N85	1.06574e-34	1.33778e-29	1.13702e-24	1.33498e-21	1.58204e-17	1.74274e-15	5.62425e-11	1.53486e-11	7.97104e-12	1.08595e-07	0.000557003	1.46861e-05	1.18086e-08	3.22048e-10	5.14949e-07	0.00119559	0.984634	0.0135868	1.16141e-05	5.9799e-09	1.22666e-12	8.74657e-17	1.10055e-20	2.59938e-24	2.82608e-28	2.97261e-32	3.68005e-36	3.08033e-39	6.03407e-40	7.80085e-39	2.1671e-41	1.10821e-43	3.49166e-46	8.55321e-49	6.22414e-51	9.65648e-53	4.32297e-55	3.26124e-57	4.36543e-59	3.3674e-61	3.12689e-63	
N86	1.87597e-43	4.96512e-40	6.59129e-34	5.0615e-30	3.87452e-24	1.9767e-21	5.97429e-16	4.54086e-17	5.79127e-17	2.3219e-11	2.47673e-06	6.94118e-09	2.22749e-13	2.57671e-15	5.74672e-10	6.59961e-05	0.999029	0.000902826	3.68138e-08	4.13571e-13	1.7286e-18	1.25042e-22	6.62257e-27	5.53573e-29	5.85641e-30	9.11201e-32	6.50051e-34	2.84609e-37	1.97949e-39	1.53489e-42	3.15667e-46	1.35626e-48	2.08263e-50	1.57457e-52	2.26881e-54	4.9617e-55	1.11974e-56	6.88948e-59	7.51418e-61	1.05227e-63	5.8147e-66	
N87	3.23571e-42	2.74375e-38	1.64528e-34	3.79465e-32	3.86434e-27	6.36622e-24	1.5956e-18	3.19731e-19	4.79252e-18	1.78193e-12	1.82408e-07	3.33808e-10	6.7434e-15	6.99123e-16	3.20451e-10	5.20269e-05	0.999475	0.000473045	1.18056e-08	6.86272e-14	1.74066e-19	1.03945e-21	8.12883e-25	1.83004e-26	7.09159e-29	6.81944e-33	2.20598e-37	2.23576e-41	3.66159e-42	1.73518e-43	6.51267e-48	2.81178e-50	9.24799e-51	1.26292e-52	2.87353e-54	7.23232e-54	1.13497e-54	9.90598e-57	1.59412e-58	5.34891e-62	3.91212e-64	
Braset	0	0	0	0	0	0	0	0	0	0	0	0	0	0	0	0	1	0	0	0	0	0	0	0	0	0	0	0	0	0	0	0	0	0	0	0	0	0	0	0	0	
N88	1.77731e-41	1.06578e-37	4.65699e-34	5.12028e-32	5.43738e-29	8.97547e-26	2.81307e-20	1.72805e-19	1.77592e-18	1.9866e-13	5.98236e-09	6.76351e-12	1.58201e-15	1.32106e-14	2.23091e-09	0.000133375	0.999508	0.000358386	1.49577e-08	1.767e-13	2.4628e-18	2.51005e-20	3.03321e-23	3.82563e-25	1.06975e-27	1.45804e-31	7.81694e-37	8.14299e-43	1.76831e-47	1.95866e-53	8.8074e-60	1.50467e-60	4.38905e-61	6.11639e-63	1.55335e-62	1.7812e-57	1.79961e-56	1.83427e-56	3.54096e-56	9.54984e-58	1.90133e-56	
N89	1.45581e-53	6.57745e-47	1.73473e-40	1.63029e-36	4.92828e-31	4.02762e-28	3.76261e-22	8.30589e-23	2.44245e-22	8.58552e-17	7.26494e-12	1.84051e-14	1.71662e-16	5.2893e-16	2.82355e-10	4.74456e-05	0.99986	9.27288e-05	1.07777e-09	3.72904e-15	2.8088e-20	1.24114e-23	1.34445e-27	4.56566e-31	3.0409e-35	2.23971e-40	9.83111e-47	6.15725e-54	9.97704e-61	3.78413e-38	1.45922e-39	1.45304e-39	2.10605e-38	3.89825e-38	9.95522e-38	1.95449e-36	6.8513e-36	7.21891e-36	1.29702e-35	7.70239e-37	8.02659e-37	
Bramel	0	0	0	0	0	0	0	0	0	0	0	0	0	0	0	0	1	0	0	0	0	0	0	0	0	0	0	0	0	0	0	0	0	0	0	0	0	0	0	0	0	
Bratha	0	0	0	0	0	0	0	0	0	0	0	0	0	0	0	0	1	0	0	0	0	0	0	0	0	0	0	0	0	0	0	0	0	0	0	0	0	0	0	0	0	
N90	6.70841e-51	8.56281e-45	7.02681e-39	8.12193e-35	8.60453e-30	9.03317e-27	2.63815e-21	3.88943e-21	1.90434e-20	1.94563e-15	5.05379e-11	9.00646e-14	3.76905e-15	1.79849e-14	2.83718e-09	0.000150392	0.999548	0.000301336	1.13578e-08	1.26807e-13	2.92087e-18	9.06922e-21	5.4794e-24	1.66713e-26	1.13817e-29	7.54642e-34	2.921e-39	2.58008e-45	2.27563e-50	2.03249e-56	1.01811e-62	1.50891e-67	3.7591e-71	6.49953e-76	1.17604e-80	1.72695e-84	3.03118e-89	7.2901e-95	1.82778e-100	4.85927e-108	8.57829e-115	
Bradra	0	0	0	0	0	0	0	0	0	0	0	0	0	0	0	0	1	0	0	0	0	0	0	0	0	0	0	0	0	0	0	0	0	0	0	0	0	0	0	0	0	
Bratra	0	0	0	0	0	0	0	0	0	0	0	0	0	0	0	0	1	0	0	0	0	0	0	0	0	0	0	0	0	0	0	0	0	0	0	0	0	0	0	0	0	
N91	4.12662e-46	2.60879e-40	1.11126e-34	7.50301e-31	4.44985e-26	2.89791e-23	4.86996e-18	5.10511e-18	1.6321e-17	9.64457e-13	1.46049e-08	1.87424e-11	2.92432e-14	8.81166e-14	8.13633e-09	0.000254282	0.999221	0.000524575	3.44347e-08	6.69551e-13	2.49691e-17	5.66772e-20	3.70938e-23	8.1456e-26	4.13666e-29	3.00694e-33	2.00906e-38	3.09918e-44	3.08539e-49	4.70965e-55	3.91033e-61	6.20418e-66	1.12322e-69	2.15375e-74	4.26072e-79	4.49982e-83	5.98841e-88	1.62379e-93	4.34414e-99	2.02761e-106	4.09396e-113	
Bragut	0	0	0	0	0	0	0	0	0	0	0	0	0	0	0	0	1	0	0	0	0	0	0	0	0	0	0	0	0	0	0	0	0	0	0	0	0	0	0	0	0	
Braven	0	0	0	0	0	0	0	0	0	0	0	0	0	0	0	0	1	0	0	0	0	0	0	0	0	0	0	0	0	0	0	0	0	0	0	0	0	0	0	0	0	
N92	1.78867e-38	2.47351e-33	2.18882e-28	6.73483e-25	7.03424e-21	1.57731e-18	2.63527e-14	4.05916e-14	1.6268e-13	2.71386e-09	1.2891e-05	1.1308e-07	3.3097e-11	4.03553e-12	9.35809e-08	0.000852401	0.995548	0.0035855	1.18848e-06	1.062e-10	6.52101e-15	2.52286e-17	5.10278e-20	3.95505e-22	6.89719e-25	1.89407e-28	1.1717e-32	9.80669e-38	5.86773e-42	5.34819e-47	1.68135e-52	7.22711e-57	4.07402e-60	4.52299e-64	6.62059e-68	6.73759e-71	9.67433e-75	4.17961e-79	2.76905e-83	1.32323e-88	4.13876e-93	
Brapum	0	0	0	0	0	0	0	0	0	0	0	0	0	0	0	0	1	0	0	0	0	0	0	0	0	0	0	0	0	0	0	0	0	0	0	0	0	0	0	0	0	
Bradam	0	0	0	0	0	0	0	0	0	0	0	0	0	0	0	0	1	0	0	0	0	0	0	0	0	0	0	0	0	0	0	0	0	0	0	0	0	0	0	0	0	
