NODE	1	2	3	4	5	6	7	8	9	10	11	12	13	14	15	16	17	18	19	20	21	22	23	24	25	26	27	28	29	30	31	32	33	34	35	36	37	38	39	40	41	
N1	8.69563e-33	1.1491e-26	1.20915e-24	8.03468e-21	9.7989e-20	2.81405e-20	1.39577e-17	2.33849e-15	5.77006e-14	2.44284e-14	1.47584e-15	4.75355e-16	5.17828e-15	3.37176e-13	8.97224e-12	0.237846	0.465458	0.296697	2.13359e-11	2.31239e-12	1.34886e-13	4.83326e-15	1.16959e-16	2.0478e-18	2.7312e-20	2.88645e-22	2.49323e-24	1.80428e-26	1.11621e-28	6.00236e-31	2.84499e-33	1.20265e-35	4.57998e-38	1.58495e-40	5.02178e-43	1.46634e-45	3.96866e-48	1.00067e-50	2.36121e-53	5.23576e-56	1.17274e-58	
N2	1.34744e-36	2.51424e-30	3.30635e-27	1.30476e-23	3.65442e-22	2.57884e-21	4.44378e-18	9.17739e-15	4.23028e-12	1.30762e-10	7.65659e-10	2.43686e-09	6.78716e-08	1.86908e-05	0.00263018	0.108996	0.398086	0.39947	0.0848003	0.00582024	0.000175082	2.80864e-06	2.76662e-08	8.48775e-10	1.29398e-10	1.41782e-10	1.8632e-11	1.13471e-11	1.08612e-12	3.69554e-13	2.29629e-14	3.90291e-15	4.44557e-17	2.98235e-18	2.34348e-20	9.34339e-22	5.0614e-24	8.3255e-26	3.01856e-28	5.31479e-30	2.69106e-31	
N3	1.83369e-41	1.65142e-33	5.46891e-30	2.25642e-24	2.07759e-21	9.64991e-22	1.54536e-17	1.91843e-13	2.29349e-10	7.7007e-10	1.4304e-10	8.61773e-12	1.28519e-10	1.34378e-07	5.39491e-05	0.00607752	0.141914	0.56077	0.265111	0.0252939	0.000769791	1.0003e-05	6.74981e-08	3.39053e-10	2.78567e-12	1.16832e-13	1.79851e-15	4.97848e-17	4.61741e-19	6.97016e-21	3.7746e-23	3.17916e-25	9.34522e-28	4.5853e-30	8.56359e-33	2.66597e-35	3.41366e-38	7.17135e-41	6.86403e-44	1.21225e-46	1.98947e-49	
N4	6.36566e-42	2.98274e-34	2.47424e-30	4.11243e-25	2.38753e-22	2.44609e-21	1.75883e-17	4.69514e-14	8.48784e-12	1.76849e-11	3.13658e-12	1.6078e-12	1.91232e-10	1.57872e-07	5.40333e-05	0.00557441	0.132546	0.538306	0.288431	0.0337526	0.00131314	2.22548e-05	1.96581e-07	1.03209e-09	3.70021e-12	6.75108e-14	3.17379e-15	9.88711e-16	3.39736e-17	6.24556e-18	1.233e-19	1.41601e-20	1.38873e-22	1.04466e-23	4.82347e-26	2.25923e-27	5.2506e-30	1.20005e-31	1.96501e-34	2.37122e-36	7.31802e-39	
B3088	0	0	0	0	0	0	0	0	0	0	0	0	0	0	0	0	0	1	0	0	0	0	0	0	0	0	0	0	0	0	0	0	0	0	0	0	0	0	0	0	0	
N5	3.36785e-39	2.2752e-32	1.46499e-28	3.34097e-24	6.96813e-22	3.01361e-20	4.39688e-17	2.31665e-14	1.39567e-12	4.08441e-12	1.14019e-11	3.95389e-11	2.50293e-09	8.26487e-07	0.000137033	0.00819137	0.140988	0.50947	0.295177	0.0435485	0.00242128	6.49412e-05	9.86645e-07	9.48552e-09	6.29898e-11	8.8108e-13	6.6067e-14	3.95218e-14	3.08753e-15	1.16526e-15	5.98461e-17	1.46539e-17	4.30161e-19	7.10761e-20	1.01354e-21	1.09406e-22	7.77798e-25	4.4079e-26	2.19997e-28	6.8561e-30	6.60766e-32	
BGA709	0	0	0	0	0	0	0	0	0	0	0	0	0	0	0	0	0	1	0	0	0	0	0	0	0	0	0	0	0	0	0	0	0	0	0	0	0	0	0	0	0	
BGA309	0	0	0	0	0	0	0	0	0	0	0	0	0	0	0	0	0	1	0	0	0	0	0	0	0	0	0	0	0	0	0	0	0	0	0	0	0	0	0	0	0	
N6	4.94799e-42	3.58655e-34	1.10328e-30	3.22102e-25	1.23837e-22	7.00344e-23	7.34474e-19	4.65686e-15	4.17464e-12	4.76122e-12	8.766e-13	8.66467e-14	1.91767e-12	4.04813e-09	3.54443e-06	0.000993544	0.0663783	0.62904	0.285042	0.0182053	0.000335144	2.55347e-06	9.97257e-09	2.30147e-11	3.56677e-14	1.22258e-16	1.13032e-18	3.7748e-20	3.18425e-22	6.33319e-24	3.51797e-26	4.23201e-28	1.45529e-30	1.09004e-32	2.16919e-35	1.01169e-37	1.21375e-40	3.3812e-43	2.84226e-46	5.39986e-49	6.29099e-52	
N7	1.28627e-39	1.53117e-32	3.49347e-29	1.76317e-24	1.67043e-22	1.01342e-21	6.03592e-18	2.08763e-14	1.24643e-11	2.64641e-11	1.26337e-11	3.51572e-12	8.1749e-11	5.97224e-08	2.11628e-05	0.00274244	0.100782	0.646554	0.231972	0.0174455	0.000476424	6.29973e-06	4.79261e-08	2.3519e-10	8.15143e-13	3.48892e-15	4.4925e-17	2.92204e-18	6.02125e-20	2.71834e-21	4.1943e-23	1.22793e-24	1.35956e-26	2.56524e-28	1.85173e-30	2.18049e-32	8.85829e-35	6.15506e-37	1.71313e-39	8.41747e-42	3.10891e-44	
B11696	0	0	0	0	0	0	0	0	0	0	0	0	0	0	0	0	0	1	0	0	0	0	0	0	0	0	0	0	0	0	0	0	0	0	0	0	0	0	0	0	0	
B11609	0	0	0	0	0	0	0	0	0	0	0	0	0	0	0	0	0	1	0	0	0	0	0	0	0	0	0	0	0	0	0	0	0	0	0	0	0	0	0	0	0	
N8	1.02003e-48	4.80069e-40	2.98886e-36	6.34571e-30	8.30621e-27	2.79971e-27	1.83145e-22	6.69849e-18	1.59796e-14	8.44562e-15	5.88769e-16	4.14008e-17	7.09009e-15	7.28303e-11	2.64961e-07	0.000257647	0.0447888	0.667348	0.275982	0.0115163	0.000107089	3.43466e-07	4.93899e-10	3.77762e-13	1.73624e-16	1.03636e-19	3.56784e-22	1.33821e-23	5.42841e-26	1.1687e-27	2.7744e-30	3.5772e-32	4.41474e-35	3.86105e-36	1.51951e-37	5.56049e-38	1.04638e-39	2.13462e-40	3.17039e-42	3.45817e-42	3.8312e-42	
N9	1.85179e-50	3.33165e-42	5.24264e-38	5.12587e-32	7.00936e-29	6.0705e-28	2.94119e-23	5.37323e-19	6.10077e-16	2.7923e-16	4.26879e-17	3.33379e-17	1.46684e-14	1.1513e-10	3.3988e-07	0.000284126	0.0456332	0.669451	0.273067	0.0114522	0.000110953	3.84881e-07	6.18792e-10	5.44263e-13	2.93634e-16	2.10862e-19	2.3015e-21	8.41882e-22	1.15175e-23	2.50503e-24	1.94373e-26	2.70828e-27	9.46317e-30	9.11986e-31	1.01019e-33	6.63303e-35	2.18185e-38	6.22783e-40	1.31999e-43	1.40826e-45	7.21865e-49	
N10	3.56599e-45	6.65793e-38	3.98643e-34	3.22212e-29	8.7864e-27	2.53984e-25	2.71474e-21	1.53916e-17	1.39643e-14	1.18961e-13	2.21716e-13	2.50257e-13	1.58492e-11	1.6775e-08	8.59731e-06	0.00157527	0.0787835	0.642677	0.259306	0.0172675	0.000378271	3.80891e-06	2.13705e-08	7.56005e-11	1.8433e-13	6.62729e-16	1.58708e-17	3.78632e-18	1.30167e-19	1.96922e-20	5.17793e-22	4.90648e-23	9.14524e-25	5.38378e-26	5.53172e-28	2.03603e-29	7.09136e-32	1.19174e-33	2.67726e-36	2.15872e-38	7.17551e-41	
B983	0	0	0	0	0	0	0	0	0	0	0	0	0	0	0	0	0	1	0	0	0	0	0	0	0	0	0	0	0	0	0	0	0	0	0	0	0	0	0	0	0	
B11604	0	0	0	0	0	0	0	0	0	0	0	0	0	0	0	0	0	1	0	0	0	0	0	0	0	0	0	0	0	0	0	0	0	0	0	0	0	0	0	0	0	
N11	3.05807e-43	1.32334e-35	6.55393e-32	1.30996e-26	2.7204e-24	1.90179e-23	2.94286e-19	2.22378e-15	2.78546e-12	3.85999e-12	1.25389e-12	2.28849e-13	4.88775e-12	6.88019e-09	4.6067e-06	0.00110894	0.0727436	0.733869	0.183796	0.00834627	0.00013082	9.70438e-07	4.09276e-09	1.10543e-11	2.09431e-14	4.87828e-17	3.82671e-19	1.73419e-20	2.24112e-22	6.96118e-24	6.82368e-26	1.3659e-27	9.71191e-30	1.23757e-31	5.67674e-34	4.40337e-36	1.04697e-38	4.55149e-41	7.19429e-44	2.08691e-46	4.23874e-49	
BGAA1	0	0	0	0	0	0	0	0	0	0	0	0	0	0	0	0	0	1	0	0	0	0	0	0	0	0	0	0	0	0	0	0	0	0	0	0	0	0	0	0	0	
BGA584	0	0	0	0	0	0	0	0	0	0	0	0	0	0	0	0	0	1	0	0	0	0	0	0	0	0	0	0	0	0	0	0	0	0	0	0	0	0	0	0	0	
N12	9.75656e-43	2.42356e-35	1.07165e-31	1.42585e-26	2.99201e-24	3.04555e-23	3.60535e-19	2.09084e-15	1.94636e-12	4.20458e-12	2.05871e-12	5.78546e-13	1.54424e-11	1.66738e-08	8.63983e-06	0.00161642	0.0833052	0.688634	0.213842	0.0123443	0.000247135	2.34464e-06	1.26506e-08	4.37076e-11	1.05833e-13	3.22271e-16	3.55382e-18	2.38397e-19	4.26098e-21	1.93716e-22	2.63423e-24	7.69269e-26	7.59317e-28	1.40508e-29	8.86357e-32	9.92693e-34	3.10776e-36	1.89978e-38	3.92131e-41	1.55311e-43	4.19761e-46	
BGA303	0	0	0	0	0	0	0	0	0	0	0	0	0	0	0	0	0	1	0	0	0	0	0	0	0	0	0	0	0	0	0	0	0	0	0	0	0	0	0	0	0	
BGAB1	0	0	0	0	0	0	0	0	0	0	0	0	0	0	0	0	0	1	0	0	0	0	0	0	0	0	0	0	0	0	0	0	0	0	0	0	0	0	0	0	0	
PGA445	0	0	0	0	0	0	0	0	0	0	0	0	0	0	0	0	0	1	0	0	0	0	0	0	0	0	0	0	0	0	0	0	0	0	0	0	0	0	0	0	0	
N13	6.90487e-41	1.17063e-32	1.05495e-28	5.54264e-24	4.70867e-23	1.32625e-20	3.33711e-17	1.26116e-12	3.63663e-10	1.84439e-09	1.73046e-09	9.8735e-08	3.32595e-05	0.00342017	0.0981272	0.562898	0.320454	0.0150272	3.98331e-05	3.01322e-08	1.01912e-11	1.92011e-15	2.29581e-19	2.00602e-23	3.35641e-27	2.23436e-29	3.18583e-32	1.86566e-34	1.97036e-37	6.74301e-40	4.84237e-43	9.41419e-46	1.80905e-46	3.28045e-47	7.0875e-49	5.94784e-50	9.26943e-52	2.09933e-52	1.28531e-51	1.34839e-50	2.33475e-50	
N14	4.0214e-38	1.30627e-30	5.61448e-26	7.28267e-22	5.18778e-18	5.49645e-16	6.22053e-14	1.13542e-10	1.35581e-07	3.9576e-05	0.00231079	0.0344463	0.174366	0.354412	0.309096	0.111553	0.0134765	0.000297599	1.69644e-06	4.78091e-09	8.31214e-12	9.99913e-15	8.94196e-18	7.39594e-21	3.11261e-23	4.61863e-24	9.16084e-26	1.01227e-26	1.65717e-28	1.26859e-29	7.02196e-31	1.31848e-30	1.26455e-30	9.47733e-30	2.50115e-30	2.1963e-30	1.0536e-31	1.50993e-32	3.74772e-34	3.88448e-35	4.69368e-36	
Rhaspe	0	0	0	0	0	0	0	0	0	1	0	0	0	0	0	0	0	0	0	0	0	0	0	0	0	0	0	0	0	0	0	0	0	0	0	0	0	0	0	0	0	
N15	7.3079e-35	3.51535e-28	8.27527e-24	6.43426e-20	2.07034e-16	3.82709e-14	5.39519e-12	3.08523e-09	1.31612e-06	0.000174965	0.00607424	0.0622227	0.233297	0.365476	0.251664	0.0733756	0.00753466	0.000176739	1.51629e-06	7.12599e-09	2.19087e-11	5.3907e-14	3.23651e-16	2.41253e-16	6.91577e-18	5.27463e-18	9.67038e-20	5.76186e-20	6.69022e-22	3.11909e-22	2.21123e-24	7.74993e-25	3.15494e-27	7.08209e-28	1.70833e-30	1.41807e-31	2.83152e-34	9.72258e-36	1.69179e-38	4.21874e-40	2.73728e-41	
Rhamar	0	0	0	0	0	0	0	0	0	1	0	0	0	0	0	0	0	0	0	0	0	0	0	0	0	0	0	0	0	0	0	0	0	0	0	0	0	0	0	0	0	
Rhatem	0	0	0	0	0	0	0	0	0	0	1	0	0	0	0	0	0	0	0	0	0	0	0	0	0	0	0	0	0	0	0	0	0	0	0	0	0	0	0	0	0	
N16	2.64227e-47	4.0425e-38	6.77673e-34	4.77733e-27	4.42253e-27	4.13138e-23	1.96183e-17	7.19947e-13	1.89782e-11	3.47216e-12	1.7314e-12	3.28603e-10	9.01675e-07	0.00060858	0.0589502	0.555053	0.368288	0.0170324	6.69858e-05	5.73406e-08	1.91536e-11	2.26571e-13	5.44223e-16	2.86011e-17	2.34628e-20	7.37524e-22	2.83016e-25	6.18257e-27	3.0072e-29	4.48671e-29	3.91678e-31	1.85225e-31	9.93932e-34	2.53201e-34	1.11086e-36	1.45949e-37	5.37049e-40	2.42263e-41	7.49761e-44	6.93704e-45	4.40891e-45	
N17	7.54417e-43	2.1642e-34	1.12647e-29	4.31639e-25	6.04695e-22	2.58872e-20	3.67614e-16	3.14656e-13	7.14833e-11	1.61499e-09	4.78876e-09	8.86628e-09	2.669e-06	0.000706806	0.0405203	0.406805	0.479667	0.0705294	0.00175636	1.21501e-05	3.31356e-08	4.55702e-11	5.04622e-14	7.7248e-16	5.89887e-18	1.23985e-19	5.61017e-22	5.9525e-24	1.53084e-26	8.55394e-29	1.06032e-31	3.2289e-34	1.7313e-37	2.54703e-40	2.7276e-43	6.47296e-45	6.57722e-47	1.64872e-48	3.16739e-50	3.59219e-50	6.78965e-50	
N18	1.06048e-36	1.82695e-29	1.6305e-24	5.85752e-22	1.02837e-18	1.85907e-15	9.52162e-14	7.89699e-13	7.09989e-11	7.03751e-09	5.68364e-07	6.21904e-05	0.00338665	0.0545505	0.280368	0.453885	0.19154	0.0158475	0.000355388	3.34091e-06	1.67036e-08	5.13048e-11	1.06565e-13	1.70141e-16	5.11983e-19	5.73131e-20	1.43646e-21	1.55459e-22	2.96339e-24	2.01395e-25	2.59842e-27	1.10832e-28	7.16625e-31	1.97163e-32	5.60655e-35	8.10086e-37	1.47098e-39	1.01747e-41	1.3824e-44	6.47738e-47	2.11766e-49	
FGA379	0	0	0	0	0	0	0	0	0	0	0	0	0	0	0	0	1	0	0	0	0	0	0	0	0	0	0	0	0	0	0	0	0	0	0	0	0	0	0	0	0	
N19	5.03095e-36	7.73626e-29	1.96253e-23	4.60812e-22	9.02884e-18	3.70072e-14	1.60619e-13	2.87488e-13	1.83574e-10	4.1684e-07	0.00029946	0.0447167	0.309683	0.429347	0.185255	0.0290404	0.00162863	2.86753e-05	1.97136e-07	6.98695e-10	1.50869e-12	2.20571e-15	2.3467e-18	1.98796e-21	2.19629e-24	5.01253e-26	4.90126e-28	1.70385e-29	1.29493e-31	3.05889e-33	1.6279e-35	2.62234e-37	8.37342e-40	9.0991e-42	1.55075e-44	9.97419e-47	1.15944e-49	4.9547e-52	1.08752e-54	1.81075e-56	2.35984e-58	
N20	1.37906e-38	2.34346e-30	5.76844e-24	1.15358e-22	6.58555e-18	3.00636e-13	1.28789e-12	9.45219e-13	3.90186e-10	5.10937e-07	0.00100722	0.220929	0.554557	0.210233	0.0130541	0.000218166	1.18825e-06	2.39541e-09	2.26984e-12	1.21147e-15	4.11696e-19	1.16687e-22	7.59742e-26	6.74441e-28	1.14444e-30	8.00541e-33	7.96465e-36	1.08837e-37	7.8353e-39	5.48653e-36	8.1599e-35	2.31705e-35	8.28288e-37	2.94576e-37	1.57529e-36	1.78796e-35	3.2602e-36	2.76441e-37	5.30916e-39	4.64855e-40	8.45601e-41	
N21	1.07066e-41	7.27895e-33	4.35002e-26	2.3499e-24	1.0004e-18	1.4481e-14	4.18645e-15	6.91602e-15	8.99697e-11	1.32175e-06	0.00370294	0.484901	0.464663	0.0460663	0.000662799	2.23022e-06	2.27546e-09	8.74834e-13	1.62902e-16	1.74546e-20	1.21207e-24	2.97597e-28	3.09126e-31	7.31539e-33	4.64303e-36	7.47761e-38	1.92314e-41	7.00014e-42	1.39288e-43	2.13767e-40	4.10377e-40	2.59403e-40	1.54473e-42	6.76483e-43	3.67489e-43	6.69837e-42	4.29308e-43	5.04084e-44	2.3527e-46	3.6438e-47	3.32272e-47	
F3015	0	0	0	0	0	0	0	0	0	0	1	0	0	0	0	0	0	0	0	0	0	0	0	0	0	0	0	0	0	0	0	0	0	0	0	0	0	0	0	0	0	
N22	6.22479e-43	3.49639e-34	1.61925e-27	1.07432e-25	3.3949e-20	5.43379e-16	9.80065e-16	9.53991e-15	1.02239e-10	1.75296e-06	0.0047044	0.581061	0.395709	0.01842	0.000104016	1.279e-07	5.05542e-11	8.69741e-15	8.08897e-19	1.80273e-22	3.30271e-25	2.05392e-26	1.48388e-29	6.05642e-31	1.51141e-34	4.13139e-36	3.91186e-40	7.05414e-42	3.50757e-45	9.24293e-43	3.50334e-42	1.14368e-42	3.63922e-45	5.20782e-46	2.50684e-47	3.69803e-46	4.05625e-47	2.99853e-48	8.89143e-50	2.31268e-49	5.062e-49	
N23	5.09743e-43	2.67232e-34	2.69197e-27	8.08547e-26	3.90053e-20	5.2819e-15	3.27193e-14	2.96324e-14	5.89658e-11	8.83631e-07	0.0029384	0.64083	0.347974	0.0082346	2.2045e-05	1.52693e-08	4.31346e-12	6.51394e-16	1.47328e-19	8.76801e-21	2.85588e-23	1.45712e-24	1.10724e-27	3.57665e-29	7.87522e-33	1.49436e-34	1.42413e-38	1.17707e-40	7.23135e-45	1.75333e-47	8.73007e-52	8.4057e-55	3.38535e-59	1.8982e-62	5.99778e-67	2.55872e-70	6.70706e-75	1.21441e-77	1.38559e-79	2.12321e-81	2.42243e-83	
N24	1.58925e-46	8.59465e-37	9.43538e-29	1.89376e-28	1.20144e-21	7.01844e-16	6.85153e-17	1.63073e-17	3.87287e-12	4.24093e-07	0.00618323	0.877576	0.115941	0.000299063	7.17271e-08	4.66283e-12	1.2743e-16	1.86258e-21	2.67767e-26	6.49926e-29	2.01758e-32	5.80643e-35	2.40269e-38	5.13612e-37	1.52443e-38	3.22731e-39	5.14277e-42	3.22955e-43	3.63338e-46	6.56767e-48	6.14172e-51	5.93119e-53	4.48117e-56	3.2455e-58	1.97636e-61	1.25002e-63	7.76716e-67	4.80488e-68	9.80219e-69	1.74745e-69	2.2981e-70	
N25	6.77414e-41	2.10314e-36	6.28921e-30	7.32608e-28	6.24144e-22	1.6218e-17	9.713e-17	2.24659e-15	6.02571e-11	2.28349e-06	0.0125678	0.880969	0.106177	0.000283391	8.68394e-08	8.34883e-12	3.72125e-16	4.23996e-20	1.29481e-22	1.6224e-23	3.66806e-26	2.26497e-27	1.64718e-30	6.17695e-32	1.77574e-36	2.13907e-38	3.2999e-43	4.6664e-46	1.56627e-49	6.95944e-48	4.93072e-48	2.31301e-49	2.55588e-52	1.36222e-53	3.6348e-55	1.41331e-53	5.89352e-55	3.99631e-54	1.31528e-53	4.17328e-53	9.92193e-53	
F1476	0	0	0	0	0	0	0	0	0	0	1	0	0	0	0	0	0	0	0	0	0	0	0	0	0	0	0	0	0	0	0	0	0	0	0	0	0	0	0	0	0	
N26	3.25498e-45	5.69454e-36	1.2575e-28	5.05771e-26	1.56731e-20	1.41645e-15	3.76325e-14	6.25326e-13	7.65953e-10	2.61557e-06	0.0161631	0.868153	0.114886	0.000794647	5.0537e-07	9.88356e-11	8.98569e-15	3.27693e-17	1.74308e-19	1.6964e-20	4.65825e-23	2.1422e-24	1.23613e-27	3.41966e-29	1.51171e-33	7.16815e-36	2.17732e-40	3.03046e-42	3.54265e-44	2.67787e-42	1.77372e-43	7.04399e-45	1.15319e-47	2.93451e-48	1.71123e-48	1.57621e-46	2.07106e-48	4.83899e-48	6.61328e-48	1.30617e-47	1.92087e-47	
Furcep	0	0	0	0	0	0	0	0	0	0	0	0	0	1	0	0	0	0	0	0	0	0	0	0	0	0	0	0	0	0	0	0	0	0	0	0	0	0	0	0	0	
N27	9.16729e-42	2.68981e-33	7.19453e-27	4.24971e-24	9.48252e-19	2.34914e-15	2.45252e-15	1.83851e-13	2.93239e-09	3.41099e-05	0.067066	0.864944	0.0676788	0.000276841	1.98958e-07	5.55627e-11	8.14387e-15	9.75599e-19	1.33615e-21	1.85464e-22	9.82105e-25	8.87025e-26	2.49318e-28	1.32274e-29	2.42498e-33	6.24059e-35	4.94345e-39	2.65697e-41	1.68409e-45	2.2445e-48	1.11562e-52	9.19064e-56	3.5486e-60	2.37489e-63	7.39438e-68	7.12786e-71	6.12429e-75	1.67276e-76	5.61128e-78	1.69331e-79	3.89353e-81	
Furpol	0	0	0	0	0	0	0	0	0	0	0	1	0	0	0	0	0	0	0	0	0	0	0	0	0	0	0	0	0	0	0	0	0	0	0	0	0	0	0	0	0	
N28	5.3694e-40	1.54281e-31	2.05005e-25	6.27681e-22	1.52029e-16	3.99285e-14	1.3814e-14	1.61782e-11	2.89363e-07	0.00124925	0.686406	0.307711	0.00462479	8.0262e-06	4.84031e-09	1.45044e-12	2.6058e-16	6.26325e-20	1.35234e-22	3.99099e-24	1.19908e-26	1.97369e-28	3.68245e-31	3.23322e-33	8.16155e-37	2.87183e-39	4.01172e-43	3.47124e-46	3.50654e-50	1.8402e-53	1.37023e-57	5.89038e-61	3.41614e-65	1.31906e-68	6.46294e-73	4.51497e-76	2.48748e-79	2.02587e-81	1.32008e-83	7.34353e-86	3.18387e-88	
N29	6.30315e-40	2.23332e-31	3.17616e-25	1.23609e-21	3.72439e-16	7.53522e-14	1.69106e-14	2.47043e-11	4.79383e-07	0.0020481	0.911157	0.086476	0.000318326	2.58985e-07	8.56282e-11	1.52282e-14	1.94808e-18	1.02711e-20	3.08474e-23	6.03503e-25	1.09893e-27	1.12564e-29	4.20531e-33	2.43555e-35	2.89531e-39	3.97193e-42	3.47681e-46	1.90156e-49	1.21872e-53	4.76554e-57	2.32745e-61	7.74837e-65	3.02158e-69	1.02845e-72	1.45311e-76	7.71069e-79	1.22763e-82	6.4846e-85	1.95812e-87	9.06989e-90	2.89401e-92	
F2241	0	0	0	0	0	0	0	0	0	0	1	0	0	0	0	0	0	0	0	0	0	0	0	0	0	0	0	0	0	0	0	0	0	0	0	0	0	0	0	0	0	
Furang	0	0	0	0	0	0	0	0	0	0	1	0	0	0	0	0	0	0	0	0	0	0	0	0	0	0	0	0	0	0	0	0	0	0	0	0	0	0	0	0	0	
FGA490	0	0	0	0	0	0	0	0	0	0	1	0	0	0	0	0	0	0	0	0	0	0	0	0	0	0	0	0	0	0	0	0	0	0	0	0	0	0	0	0	0	
N30	1.74055e-43	2.35143e-34	5.55321e-27	9.85997e-26	1.43735e-19	9.35158e-15	1.88193e-15	4.7144e-15	2.59505e-10	6.63375e-06	0.0239649	0.943679	0.0323135	3.57484e-05	9.53488e-09	1.03803e-12	5.97592e-17	5.3961e-21	6.0105e-24	1.03408e-25	1.22038e-28	1.05192e-30	6.39185e-34	2.97548e-36	2.03843e-40	4.03865e-43	1.26411e-47	3.60449e-51	7.95381e-56	1.26007e-59	1.94658e-64	2.50347e-68	2.88756e-73	3.26742e-77	3.08053e-82	8.05837e-86	9.62903e-90	3.23139e-92	8.32927e-95	1.7998e-97	2.86725e-100	
N31	1.67608e-42	1.26129e-33	9.05362e-27	8.99483e-25	6.8349e-19	1.48888e-14	1.5341e-14	1.22593e-13	4.91681e-10	8.95097e-06	0.0237695	0.951174	0.0250116	3.56177e-05	1.22466e-08	1.73615e-12	1.37107e-16	4.76272e-19	1.58712e-21	6.0165e-23	1.18576e-25	2.18316e-27	8.7021e-31	9.74821e-33	5.62081e-37	1.18666e-39	4.90177e-44	2.24175e-47	6.52953e-52	1.9904e-55	4.23217e-60	1.07442e-63	1.75049e-68	4.07402e-72	1.57895e-76	9.91883e-79	7.0991e-83	5.25628e-85	2.31923e-87	1.42627e-89	7.8048e-92	
N32	1.52002e-44	4.32273e-35	2.52687e-27	1.05362e-26	2.11208e-20	1.62591e-14	8.86004e-14	7.98953e-15	3.04848e-12	1.99689e-07	0.0025956	0.958573	0.0387295	0.000101398	2.51836e-08	2.01077e-12	1.11936e-16	1.67634e-18	2.5704e-21	4.54793e-23	3.08128e-26	2.5791e-28	1.69659e-32	7.07818e-35	1.18159e-39	5.13267e-43	6.16207e-48	1.31692e-50	1.3672e-53	6.56528e-53	5.84311e-53	6.82544e-55	4.56583e-58	7.3319e-60	8.56875e-61	8.70005e-59	1.02524e-59	3.90651e-60	5.07925e-61	1.88899e-61	4.49665e-62	
N33	3.13105e-42	1.39264e-33	1.09012e-26	1.31636e-25	5.02931e-20	3.79182e-15	2.49191e-15	1.35292e-15	1.31791e-11	3.75776e-07	0.00214125	0.972682	0.0251345	4.20846e-05	1.60859e-08	2.46963e-12	2.00241e-16	8.29288e-20	3.44079e-22	2.88885e-23	8.66785e-26	3.66077e-27	3.51166e-30	9.20833e-32	5.81681e-36	3.76269e-38	1.60315e-42	2.15857e-45	7.34e-50	3.74351e-53	9.23767e-58	3.50221e-61	6.44458e-66	2.12155e-69	3.40729e-74	8.25757e-77	7.54804e-81	1.36053e-82	1.7217e-84	2.24073e-86	2.12512e-88	
N34	2.30632e-40	7.01834e-32	4.18667e-25	3.99738e-24	1.40575e-18	1.07622e-13	5.18402e-14	1.34683e-14	4.94533e-11	7.97523e-07	0.00283639	0.984758	0.0123862	1.84059e-05	8.67569e-09	1.91727e-12	2.47314e-16	2.40588e-19	8.58324e-22	2.79113e-23	7.37852e-26	1.2609e-27	1.94081e-30	1.75757e-32	2.0187e-36	3.06927e-39	2.54745e-43	1.3961e-46	8.20852e-51	3.22725e-54	1.41065e-58	4.75444e-62	1.62877e-66	5.00449e-70	1.9162e-74	5.08424e-77	2.27848e-80	1.80822e-82	1.08295e-84	5.69509e-87	2.26883e-89	
FGA456	0	0	0	0	0	0	0	0	0	0	0	1	0	0	0	0	0	0	0	0	0	0	0	0	0	0	0	0	0	0	0	0	0	0	0	0	0	0	0	0	0	
FGA513	0	0	0	0	0	0	0	0	0	0	0	1	0	0	0	0	0	0	0	0	0	0	0	0	0	0	0	0	0	0	0	0	0	0	0	0	0	0	0	0	0	
F12278	0	0	0	0	0	0	0	0	0	0	0	1	0	0	0	0	0	0	0	0	0	0	0	0	0	0	0	0	0	0	0	0	0	0	0	0	0	0	0	0	0	
N35	4.81194e-39	1.17959e-30	3.90256e-24	3.78278e-22	9.16e-18	7.56651e-13	8.82493e-11	3.67004e-11	7.5041e-10	2.57999e-07	0.00108786	0.708825	0.275457	0.0146072	2.21106e-05	1.13756e-08	3.23471e-12	3.5509e-14	2.52598e-16	1.2681e-17	5.67794e-20	1.38901e-21	3.27617e-24	4.10588e-26	7.42038e-30	7.60051e-33	8.66019e-37	5.82149e-40	4.63776e-44	2.59476e-47	1.56277e-51	7.73156e-55	3.71794e-59	1.81977e-62	3.02747e-66	2.70762e-68	1.85366e-71	1.86246e-73	1.39197e-75	9.34258e-78	4.77275e-80	
Furant	0	0	0	0	0	0	0	0	0	0	0	1	0	0	0	0	0	0	0	0	0	0	0	0	0	0	0	0	0	0	0	0	0	0	0	0	0	0	0	0	0	
FGA331	0	0	0	0	0	0	0	0	0	0	0	0	0	1	0	0	0	0	0	0	0	0	0	0	0	0	0	0	0	0	0	0	0	0	0	0	0	0	0	0	0	
FGA465	0	0	0	0	0	0	0	0	0	0	1	0	0	0	0	0	0	0	0	0	0	0	0	0	0	0	0	0	0	0	0	0	0	0	0	0	0	0	0	0	0	
N36	4.52028e-40	1.7154e-31	5.70567e-25	1.15912e-22	4.12823e-17	1.27631e-13	3.39731e-14	1.97735e-12	4.61291e-08	0.000286952	0.233498	0.759194	0.00701206	9.4002e-06	4.36951e-09	9.98704e-13	1.37158e-16	1.01554e-19	3.108e-22	7.27273e-24	1.73942e-26	2.15594e-28	3.09945e-31	1.97716e-33	2.78888e-37	3.84958e-40	3.7141e-44	1.72186e-47	1.1121e-51	3.84894e-55	1.82305e-59	5.4568e-63	2.01281e-67	5.46709e-71	2.15799e-75	3.75473e-78	1.98954e-81	1.0718e-83	4.3809e-86	1.54708e-88	4.17164e-91	
FGA99	0	0	0	0	0	0	0	0	0	0	1	0	0	0	0	0	0	0	0	0	0	0	0	0	0	0	0	0	0	0	0	0	0	0	0	0	0	0	0	0	0	
N37	2.4598e-39	5.63987e-31	1.17855e-24	3.69562e-22	9.23948e-17	3.44496e-13	2.48256e-13	7.70583e-12	5.60888e-08	0.00032575	0.254581	0.740571	0.00451631	5.19849e-06	2.26339e-09	5.08823e-13	9.58835e-17	2.69469e-18	1.42296e-20	6.91579e-22	2.01867e-24	5.20671e-26	2.21019e-29	3.1759e-31	3.83661e-35	7.36914e-38	6.81689e-42	6.04412e-45	4.23865e-49	2.73356e-52	1.48855e-56	8.22851e-60	3.63114e-64	2.46927e-67	1.13173e-70	1.68954e-72	2.65294e-76	3.18309e-78	1.76047e-80	2.06372e-82	1.62479e-84	
FGA15	0	0	0	0	0	0	0	0	0	0	1	0	0	0	0	0	0	0	0	0	0	0	0	0	0	0	0	0	0	0	0	0	0	0	0	0	0	0	0	0	0	
FGA581	0	0	0	0	0	0	0	0	0	0	0	1	0	0	0	0	0	0	0	0	0	0	0	0	0	0	0	0	0	0	0	0	0	0	0	0	0	0	0	0	0	
FGA104	0	0	0	0	0	0	0	0	0	0	0	0	1	0	0	0	0	0	0	0	0	0	0	0	0	0	0	0	0	0	0	0	0	0	0	0	0	0	0	0	0	
FGA489	0	0	0	0	0	0	0	0	0	0	1	0	0	0	0	0	0	0	0	0	0	0	0	0	0	0	0	0	0	0	0	0	0	0	0	0	0	0	0	0	0	
FGA174	0	0	0	0	0	0	0	0	0	0	0	0	0	1	0	0	0	0	0	0	0	0	0	0	0	0	0	0	0	0	0	0	0	0	0	0	0	0	0	0	0	
FurbGB	0	0	0	0	0	0	0	0	0	0	0	1	0	0	0	0	0	0	0	0	0	0	0	0	0	0	0	0	0	0	0	0	0	0	0	0	0	0	0	0	0	
N38	3.98391e-43	3.92367e-35	4.67551e-31	1.49857e-25	3.23402e-23	7.68292e-22	1.47312e-17	1.28847e-13	9.60385e-11	7.53716e-10	8.05528e-10	8.90962e-10	3.07197e-07	0.000152952	0.0169334	0.289882	0.551345	0.135613	0.00599533	7.67194e-05	3.96261e-07	4.09864e-09	2.18574e-10	1.71553e-10	4.69708e-12	1.83931e-12	1.7465e-14	3.94729e-15	1.31006e-17	1.74697e-18	2.33722e-21	1.56906e-22	1.13148e-25	2.67995e-27	1.43699e-30	1.39661e-32	5.9819e-36	3.23097e-38	1.20404e-41	1.44768e-43	9.75777e-45	
N39	2.22314e-40	5.84469e-33	4.4164e-29	4.19133e-24	2.7664e-22	2.61038e-20	1.84201e-16	4.0677e-13	4.5736e-11	1.53206e-10	1.42495e-10	6.98324e-10	1.16883e-07	4.9736e-05	0.00677961	0.17966	0.563686	0.230474	0.0188535	0.000491512	5.55881e-06	3.38643e-08	1.77581e-10	1.58785e-11	7.81781e-13	1.98643e-13	6.86713e-15	1.07895e-15	1.98396e-17	1.87474e-18	1.43485e-20	8.23863e-22	2.67356e-24	7.40418e-26	1.54444e-28	1.9981e-30	3.12417e-33	2.31534e-35	2.85716e-38	1.95877e-40	3.24577e-42	
N40	1.78782e-39	8.96392e-32	2.31342e-28	4.9728e-23	5.90362e-23	1.05963e-20	2.55521e-16	2.01458e-12	2.4514e-11	6.42977e-12	5.61525e-13	1.01953e-11	6.24876e-09	6.93647e-06	0.00253991	0.182458	0.645545	0.162868	0.00650352	7.82877e-05	4.04121e-07	1.10348e-09	1.83155e-12	2.38757e-15	5.41982e-18	9.31349e-20	6.08797e-22	8.39182e-24	3.70757e-26	3.06376e-28	8.67057e-31	4.35607e-33	7.28708e-36	2.25447e-38	2.29064e-41	4.3043e-44	2.95867e-47	3.62098e-50	1.83756e-53	1.91505e-56	4.92564e-59	
CGA312	0	0	0	0	0	0	0	0	0	0	0	0	0	0	0	0	0	1	0	0	0	0	0	0	0	0	0	0	0	0	0	0	0	0	0	0	0	0	0	0	0	
N41	2.37085e-46	1.74479e-37	1.50645e-33	5.03411e-27	6.2682e-27	5.02204e-24	1.15201e-18	3.28786e-14	9.48556e-14	2.36739e-15	9.65992e-17	1.00143e-14	1.09425e-10	1.06001e-06	0.00220659	0.238603	0.669294	0.0888859	0.00100696	2.34449e-06	1.85651e-09	6.65256e-13	1.28862e-16	1.55169e-20	1.48241e-24	1.63188e-27	1.74986e-30	1.96406e-32	1.35788e-35	9.78407e-38	3.34134e-41	2.46629e-40	4.17142e-40	1.93829e-40	2.05225e-42	6.13297e-43	3.95721e-45	6.46861e-45	4.27589e-44	3.89084e-43	2.01185e-44	
N42	3.55313e-54	7.2009e-44	1.02775e-38	1.02099e-31	3.74411e-32	6.47117e-27	1.72726e-20	5.07997e-17	1.10706e-17	1.17264e-20	1.62516e-20	2.63968e-16	6.8749e-11	3.52067e-06	0.00856465	0.407227	0.573347	0.0108491	9.27454e-06	1.29377e-09	5.64381e-14	1.0735e-18	1.07978e-23	6.49254e-29	2.61784e-34	4.7303e-38	9.0137e-42	2.04039e-43	7.09661e-44	5.78196e-44	3.42035e-44	5.17411e-40	3.74559e-40	5.37028e-39	8.57247e-40	9.25686e-39	1.61175e-38	8.78999e-36	1.82737e-35	9.40725e-35	1.3904e-35	
N43	1.09511e-41	6.53808e-35	4.75855e-33	6.96605e-29	4.45479e-32	8.44165e-29	2.71494e-23	3.1496e-19	7.31421e-19	6.39767e-19	3.60527e-19	1.34586e-15	9.52624e-11	2.05531e-06	0.00630095	0.394153	0.588147	0.0113812	1.55289e-05	4.87118e-09	5.70817e-13	3.23815e-17	1.21016e-21	4.08074e-23	1.53821e-25	1.61168e-26	3.7906e-29	1.94869e-30	1.76686e-33	5.38135e-35	5.12513e-39	1.94106e-39	5.26248e-40	5.72889e-40	1.11892e-42	2.49162e-43	4.30771e-46	1.5167e-46	2.42945e-47	4.61098e-47	2.15473e-46	
N44	7.73602e-46	5.06842e-37	2.55776e-33	7.59429e-27	2.86536e-27	8.3301e-25	2.38915e-19	1.68532e-14	1.19378e-12	4.94132e-14	7.31054e-16	1.2448e-15	2.08243e-11	1.53195e-07	0.000313023	0.10471	0.80876	0.0858025	0.000413422	5.44253e-07	3.08297e-10	9.48953e-14	2.00603e-17	2.75067e-20	5.13012e-23	2.96218e-25	3.96408e-28	1.27246e-30	1.1271e-33	2.02864e-36	1.04628e-39	4.42361e-42	4.69118e-41	8.43574e-42	1.26693e-43	3.77301e-45	3.93262e-47	9.08015e-49	1.43991e-50	4.20161e-50	1.78069e-49	
CGA642	0	0	0	0	0	0	0	0	0	0	0	0	0	0	0	0	1	0	0	0	0	0	0	0	0	0	0	0	0	0	0	0	0	0	0	0	0	0	0	0	0	
N45	5.7165e-48	2.43333e-39	4.66595e-35	9.17567e-29	2.43402e-27	7.55016e-25	8.71204e-20	2.01905e-15	6.69406e-14	1.53705e-15	6.38214e-17	3.0037e-15	3.67954e-12	4.79875e-08	0.000181472	0.108868	0.787674	0.102907	0.000370184	3.42365e-07	1.31916e-10	2.68691e-14	3.34925e-18	9.72721e-22	4.32017e-24	5.63554e-25	2.31521e-27	1.81081e-28	4.24576e-31	2.15755e-32	2.20121e-35	7.83266e-37	1.97432e-40	4.62986e-42	2.89295e-46	1.24083e-48	6.26053e-53	1.04702e-55	4.48653e-60	4.48462e-63	6.58218e-66	
CGA763	0	0	0	0	0	0	0	0	0	0	0	0	0	0	0	1	0	0	0	0	0	0	0	0	0	0	0	0	0	0	0	0	0	0	0	0	0	0	0	0	0	
C601	0	0	0	0	0	0	0	0	0	0	0	0	0	0	0	0	0	1	0	0	0	0	0	0	0	0	0	0	0	0	0	0	0	0	0	0	0	0	0	0	0	
N46	2.61294e-49	3.25556e-41	3.41112e-38	5.72327e-33	6.76275e-34	1.87892e-29	2.55444e-24	2.0604e-20	5.69217e-19	9.1288e-19	2.14049e-17	1.01626e-13	1.89018e-09	1.05901e-05	0.00933091	0.407955	0.570469	0.012203	3.12877e-05	2.31988e-08	7.32176e-12	1.22073e-15	1.2407e-19	3.97653e-22	3.50838e-24	7.41287e-25	4.57077e-27	5.1497e-28	2.00408e-30	1.26396e-31	1.36065e-34	5.81666e-36	1.07801e-39	2.58764e-41	1.67392e-45	6.26166e-48	3.21964e-52	3.39934e-55	1.34227e-59	1.15554e-62	8.96922e-65	
CGA236	0	0	0	0	0	0	0	0	0	0	0	0	0	0	0	0	1	0	0	0	0	0	0	0	0	0	0	0	0	0	0	0	0	0	0	0	0	0	0	0	0	
N47	3.39255e-51	6.89848e-43	4.12719e-38	1.32199e-32	3.4396e-31	2.16558e-26	1.16872e-21	1.66626e-18	2.64406e-17	7.88847e-17	1.44575e-14	6.65747e-11	2.37099e-07	0.00023659	0.0384964	0.479785	0.469126	0.0122969	5.82685e-05	9.65773e-08	7.69818e-11	3.53933e-14	1.0561e-17	1.14317e-20	1.44698e-22	3.2022e-23	3.67494e-25	4.72571e-26	3.94411e-28	3.01398e-29	1.4262e-31	6.85865e-33	7.30889e-36	2.26347e-37	6.00085e-41	3.0844e-43	6.35792e-47	1.31346e-49	2.07828e-53	3.77844e-56	3.21026e-58	
N48	5.69244e-43	6.60271e-35	6.41302e-30	1.28025e-25	1.11695e-22	7.63273e-20	1.43145e-15	2.27828e-13	7.89949e-12	4.85436e-11	2.14253e-09	4.39688e-08	5.45553e-06	0.0027787	0.0812868	0.467482	0.408242	0.0398723	0.000332679	9.63619e-07	1.39758e-09	1.22232e-12	7.88542e-16	7.15593e-18	7.76843e-20	3.88399e-21	3.15905e-23	9.29567e-25	5.17918e-27	9.03667e-29	2.71543e-31	2.92873e-33	3.4986e-36	2.03313e-38	1.24606e-41	2.3679e-44	9.80398e-48	1.28911e-50	4.21739e-54	7.8228e-57	3.91281e-59	
Calboe	0	0	0	0	0	0	0	0	0	0	0	0	0	1	0	0	0	0	0	0	0	0	0	0	0	0	0	0	0	0	0	0	0	0	0	0	0	0	0	0	0	
C3125	0	0	0	0	0	0	0	0	0	0	0	0	0	0	0	0	0	1	0	0	0	0	0	0	0	0	0	0	0	0	0	0	0	0	0	0	0	0	0	0	0	
CGA429	0	0	0	0	0	0	0	0	0	0	0	0	0	0	1	0	0	0	0	0	0	0	0	0	0	0	0	0	0	0	0	0	0	0	0	0	0	0	0	0	0	
N49	1.0784e-51	1.20422e-42	5.57899e-37	4.36669e-32	3.07138e-30	1.06643e-24	5.00709e-20	5.89037e-19	3.53237e-20	1.00218e-19	5.28691e-15	1.8541e-10	1.76598e-06	0.00284062	0.208712	0.593767	0.193189	0.00148886	1.19896e-06	3.42358e-10	4.85986e-14	4.07809e-18	2.25034e-22	9.821e-27	4.685e-30	4.39314e-31	1.40901e-33	8.27193e-35	2.09563e-37	7.30319e-39	6.18352e-41	2.0128e-38	2.19408e-39	2.80232e-39	1.73947e-41	7.82388e-42	5.7885e-43	2.64598e-42	2.17412e-43	4.20568e-44	5.27349e-45	
C984	0	0	0	0	0	0	0	0	0	0	0	0	0	1	0	0	0	0	0	0	0	0	0	0	0	0	0	0	0	0	0	0	0	0	0	0	0	0	0	0	0	
N50	2.68804e-50	5.19257e-42	1.34075e-36	4.50289e-32	5.51964e-30	4.53572e-25	1.18787e-20	1.47421e-18	6.04706e-18	5.58894e-17	4.43046e-13	4.15681e-09	1.17514e-05	0.00673667	0.306226	0.567252	0.118953	0.000820094	1.24609e-06	7.98778e-10	2.79739e-13	6.1741e-17	9.70905e-21	1.35761e-22	1.80648e-24	4.40158e-25	3.90591e-27	5.76349e-28	2.33527e-30	2.40933e-31	4.09115e-34	3.10669e-35	1.8857e-38	9.74648e-40	1.6257e-43	1.3039e-45	1.77308e-49	4.2049e-52	4.48321e-56	9.08599e-59	1.37835e-60	
CGA310	0	0	0	0	0	0	0	0	0	0	0	0	0	0	1	0	0	0	0	0	0	0	0	0	0	0	0	0	0	0	0	0	0	0	0	0	0	0	0	0	0	
N51	6.86101e-43	6.46885e-35	1.20016e-29	8.32137e-26	1.15287e-23	6.13401e-19	7.4537e-15	8.28193e-14	3.7307e-14	1.1761e-13	2.45616e-10	6.80652e-07	0.000590075	0.105416	0.704409	0.182491	0.00704562	4.6889e-05	1.21667e-07	1.66208e-10	1.40393e-13	8.16246e-17	4.03176e-20	3.49327e-22	2.84215e-24	9.73652e-26	6.21187e-28	1.32009e-29	5.89626e-32	7.71309e-34	1.87229e-36	1.56761e-38	1.7686e-41	8.36735e-44	5.07332e-47	8.58537e-50	3.52668e-53	4.2569e-56	1.40986e-59	2.50398e-62	1.13095e-64	
CGA365	0	0	0	0	0	0	0	0	0	0	0	0	0	0	1	0	0	0	0	0	0	0	0	0	0	0	0	0	0	0	0	0	0	0	0	0	0	0	0	0	0	
CGA494	0	0	0	0	0	0	0	0	0	0	0	0	0	1	0	0	0	0	0	0	0	0	0	0	0	0	0	0	0	0	0	0	0	0	0	0	0	0	0	0	0	
N52	4.53099e-45	1.09944e-36	4.67755e-33	5.15298e-27	9.65617e-26	2.95167e-24	1.31863e-19	7.30874e-15	1.6177e-12	1.69282e-12	1.36319e-13	4.85882e-13	6.09136e-11	1.44801e-07	0.000232379	0.0668896	0.555445	0.356866	0.020433	0.000132739	2.73343e-07	2.59043e-10	1.42673e-13	3.20568e-16	1.71308e-18	3.74788e-20	1.46195e-22	1.69092e-24	4.27833e-27	2.67469e-29	3.84139e-32	1.47291e-34	2.84506e-34	7.40685e-35	1.72725e-36	1.05214e-37	1.73606e-39	7.69841e-41	7.83097e-42	3.60592e-41	1.05675e-40	
N53	2.57276e-46	2.56063e-38	4.37574e-34	5.33432e-28	9.57056e-27	5.97887e-24	5.05025e-19	8.28203e-15	2.26742e-13	5.49061e-14	5.89062e-15	4.82682e-14	2.8441e-11	1.79638e-07	0.000333807	0.0897824	0.580404	0.319916	0.00952699	3.66482e-05	4.55988e-08	2.63141e-11	8.57699e-15	2.06967e-18	8.30199e-22	4.12507e-24	1.39827e-26	1.0153e-27	4.26869e-30	2.33106e-31	5.39938e-34	1.98207e-35	1.57814e-38	4.098e-40	1.156e-43	1.84216e-45	2.80513e-49	2.23031e-51	2.29281e-55	5.68299e-58	1.18985e-61	
C12265	0	0	0	0	0	0	0	0	0	0	0	0	0	0	0	0	0	1	0	0	0	0	0	0	0	0	0	0	0	0	0	0	0	0	0	0	0	0	0	0	0	
N54	2.52875e-48	3.68548e-39	4.71204e-35	1.12377e-28	6.30639e-30	1.45552e-25	3.85191e-20	1.59519e-16	2.78933e-18	4.38241e-20	1.58091e-19	9.11628e-15	4.65163e-10	7.23732e-06	0.021864	0.908764	0.0686799	0.000684233	7.47829e-07	2.26913e-10	3.01608e-14	2.19067e-18	9.88352e-23	3.00993e-27	6.73026e-32	1.02619e-35	6.67204e-39	1.46991e-37	3.41279e-37	1.01164e-37	5.087e-39	9.79278e-40	3.64816e-41	4.76347e-42	9.1195e-44	8.07835e-45	5.86654e-47	2.11864e-48	1.11589e-50	2.09624e-52	1.63038e-54	
C404	0	0	0	0	0	0	0	0	0	0	0	0	0	0	1	0	0	0	0	0	0	0	0	0	0	0	0	0	0	0	0	0	0	0	0	0	0	0	0	0	0	
N55	2.33755e-39	5.36541e-33	3.63195e-31	2.28272e-27	1.27533e-30	2.3559e-27	3.26794e-22	3.36715e-18	4.21822e-19	2.50602e-19	1.73048e-19	3.20619e-15	1.98071e-10	3.63092e-06	0.0122023	0.941721	0.0458627	0.000209848	1.25358e-07	2.41349e-11	2.16658e-15	1.10408e-19	3.66051e-24	9.22532e-27	2.70679e-29	2.17197e-30	4.31343e-33	2.03002e-34	2.09908e-37	6.24159e-39	5.47649e-43	9.87356e-45	3.96026e-49	3.80916e-51	9.6062e-56	3.7069e-58	7.18652e-63	6.631e-66	1.0899e-70	5.23035e-74	7.50054e-77	
Cl11778	0	0	0	0	0	0	0	0	0	0	0	0	0	0	0	1	0	0	0	0	0	0	0	0	0	0	0	0	0	0	0	0	0	0	0	0	0	0	0	0	0	
CGA48	0	0	0	0	0	0	0	0	0	0	0	0	0	0	0	1	0	0	0	0	0	0	0	0	0	0	0	0	0	0	0	0	0	0	0	0	0	0	0	0	0	
C3126	0	0	0	0	0	0	0	0	0	0	0	0	0	0	0	0	0	0	1	0	0	0	0	0	0	0	0	0	0	0	0	0	0	0	0	0	0	0	0	0	0	
N56	7.80124e-42	1.28783e-33	3.34834e-30	2.64515e-24	1.51213e-21	2.88806e-22	8.8348e-18	2.37837e-13	9.44682e-10	4.3521e-10	1.41955e-11	2.1553e-13	1.78132e-12	4.68365e-09	4.88017e-06	0.00149792	0.0968627	0.738655	0.158936	0.0040134	3.02376e-05	1.00155e-07	1.85335e-10	4.22186e-13	1.83762e-15	2.1243e-17	9.08671e-20	6.03399e-22	1.5879e-24	5.98809e-27	9.56764e-30	2.10349e-32	2.14905e-35	2.93529e-35	1.82333e-36	1.44902e-37	5.90255e-39	3.67017e-40	1.2803e-41	2.22598e-42	1.19399e-41	
CGA311	0	0	0	0	0	0	0	0	0	0	0	0	0	0	0	0	0	1	0	0	0	0	0	0	0	0	0	0	0	0	0	0	0	0	0	0	0	0	0	0	0	
N57	4.63261e-46	1.30328e-37	1.49794e-33	1.22804e-27	1.76754e-24	6.33719e-24	2.14288e-19	7.45532e-15	2.19143e-11	1.09792e-11	2.3917e-13	3.26943e-15	8.48181e-14	3.20122e-10	8.74814e-07	0.000624411	0.0767653	0.752122	0.166924	0.00354383	1.92738e-05	4.12175e-08	4.43996e-11	3.51537e-14	3.74539e-17	3.11461e-19	1.40512e-21	1.81885e-22	5.55338e-25	5.3431e-26	7.55602e-29	5.06391e-30	3.04795e-33	1.40988e-34	3.73297e-38	1.0433e-39	1.4412e-43	1.66432e-45	1.79359e-49	1.02828e-51	3.36167e-55	
N58	9.10456e-48	4.64944e-39	3.37999e-35	7.04719e-29	3.91177e-27	2.3412e-26	2.45413e-21	7.55663e-17	5.35573e-14	1.96067e-15	9.77633e-18	3.92372e-18	4.54532e-15	6.47194e-11	3.26023e-07	0.000447598	0.101211	0.83031	0.0674807	0.000549049	1.20113e-06	1.07763e-09	4.9917e-13	1.37835e-16	2.50902e-20	6.97227e-24	1.52058e-26	3.72866e-28	1.04509e-30	1.5241e-32	2.99195e-35	2.61344e-37	3.50511e-40	1.26083e-39	5.29232e-41	1.36729e-41	2.22353e-43	3.11566e-44	3.26653e-46	4.08431e-47	3.00658e-47	
CGA45	0	0	0	0	0	0	0	0	0	0	0	0	0	0	0	0	1	0	0	0	0	0	0	0	0	0	0	0	0	0	0	0	0	0	0	0	0	0	0	0	0	
N59	4.34723e-49	8.57737e-41	1.28532e-36	1.09704e-30	5.98634e-28	6.46713e-27	2.3901e-22	2.76372e-18	2.19047e-15	1.18431e-16	7.03494e-17	5.156e-17	5.05788e-15	5.27235e-11	2.32236e-07	0.00030573	0.0758139	0.858548	0.0647763	0.000554401	1.37182e-06	1.46344e-09	8.36855e-13	2.93956e-16	7.3367e-20	1.29706e-21	1.64622e-23	2.96056e-24	2.6597e-26	2.86618e-27	1.63761e-29	1.124e-30	2.97091e-33	1.39234e-34	7.10672e-38	1.88997e-39	4.29423e-43	3.82248e-45	6.58508e-49	2.05127e-51	7.85512e-55	
C3043	0	0	0	0	0	0	0	0	0	0	0	0	0	0	0	0	0	1	0	0	0	0	0	0	0	0	0	0	0	0	0	0	0	0	0	0	0	0	0	0	0	
CGA364	0	0	0	0	0	0	0	0	0	0	0	0	0	0	0	0	0	1	0	0	0	0	0	0	0	0	0	0	0	0	0	0	0	0	0	0	0	0	0	0	0	
C2208	0	0	0	0	0	0	0	0	0	0	0	0	0	0	0	0	0	0	1	0	0	0	0	0	0	0	0	0	0	0	0	0	0	0	0	0	0	0	0	0	0	
N60	2.98544e-37	1.10184e-29	2.09656e-26	3.71292e-21	2.47952e-19	3.7016e-19	4.89177e-15	2.91814e-11	2.47913e-08	5.60252e-09	2.99256e-10	9.44157e-12	1.92944e-10	1.60246e-07	5.52912e-05	0.00624432	0.176429	0.742942	0.0725748	0.00173734	1.72549e-05	9.22593e-08	3.25836e-10	1.72999e-12	1.42822e-14	2.35254e-16	1.79807e-18	1.85526e-20	9.34902e-23	5.95886e-25	1.97556e-27	8.01531e-30	1.7508e-32	4.68633e-35	7.05667e-38	1.3229e-40	1.45783e-43	2.10585e-46	1.95047e-49	2.89966e-52	4.91875e-55	
N61	1.18124e-43	3.78637e-35	1.81632e-31	2.55106e-25	1.80305e-23	3.3108e-23	2.40013e-18	5.41569e-14	6.97774e-11	9.88972e-13	3.65142e-15	6.42862e-17	1.4918e-14	1.49132e-10	5.72687e-07	0.000631642	0.125783	0.847673	0.0257811	0.000130301	2.23491e-07	1.79785e-10	8.16241e-14	2.38939e-17	5.63075e-21	1.5326e-23	4.02896e-26	4.49855e-28	8.26953e-31	5.67063e-33	6.64083e-36	2.92227e-38	1.9958e-41	5.76613e-44	2.07302e-47	3.7126e-50	6.52773e-54	5.09399e-57	6.42033e-61	3.08059e-64	6.11745e-68	
CGA453	0	0	0	0	0	0	0	0	0	0	0	0	0	0	0	0	0	1	0	0	0	0	0	0	0	0	0	0	0	0	0	0	0	0	0	0	0	0	0	0	0	
N62	7.62695e-48	4.86549e-39	4.65873e-35	1.32803e-28	2.2349e-27	6.87296e-26	1.06634e-20	4.45082e-16	1.63067e-13	2.9872e-16	4.6445e-19	3.13074e-19	3.24144e-16	9.38767e-12	1.05539e-07	0.000341798	0.187782	0.804355	0.00750963	1.19419e-05	6.61952e-09	1.75951e-12	2.68541e-16	2.64157e-20	1.85505e-24	1.88253e-27	4.56773e-30	1.07222e-31	2.03468e-34	2.92008e-36	4.0064e-39	3.6234e-41	3.06359e-44	1.81482e-46	6.38202e-50	2.52911e-52	1.94913e-56	1.84237e-59	1.06322e-63	4.67936e-67	4.91295e-71	
CGA501	0	0	0	0	0	0	0	0	0	0	0	0	0	0	0	0	0	1	0	0	0	0	0	0	0	0	0	0	0	0	0	0	0	0	0	0	0	0	0	0	0	
C3121	0	0	0	0	0	0	0	0	0	0	0	0	0	0	0	0	1	0	0	0	0	0	0	0	0	0	0	0	0	0	0	0	0	0	0	0	0	0	0	0	0	
N63	3.81254e-46	4.23196e-37	1.10177e-33	5.38919e-27	5.19253e-25	3.72046e-26	7.84248e-21	6.0398e-16	7.25617e-12	1.62014e-14	6.54025e-17	2.50658e-19	2.75495e-19	1.4291e-14	3.25402e-10	2.48036e-06	0.00457877	0.98987	0.0055438	5.26724e-06	1.76413e-09	2.86281e-13	2.68981e-17	1.66517e-21	8.85027e-26	3.96225e-29	1.64661e-32	1.89244e-35	5.75047e-39	4.0232e-42	8.32342e-46	3.6038e-49	4.73101e-53	1.264e-56	9.369e-61	1.47711e-64	5.72862e-69	4.38379e-73	1.11853e-77	5.92764e-82	2.03736e-86	
Calparcri	0	0	0	0	0	0	0	0	0	0	0	0	0	0	0	0	0	1	0	0	0	0	0	0	0	0	0	0	0	0	0	0	0	0	0	0	0	0	0	0	0	
C3118	0	0	0	0	0	0	0	0	0	0	0	0	0	0	0	0	0	1	0	0	0	0	0	0	0	0	0	0	0	0	0	0	0	0	0	0	0	0	0	0	0	
N64	1.57453e-41	1.01421e-34	3.3925e-32	1.56811e-28	1.33665e-26	4.58066e-23	6.22979e-18	1.23626e-14	2.98721e-13	8.59354e-13	4.28085e-12	3.41315e-10	5.66509e-07	0.000517743	0.0564882	0.54993	0.374314	0.01865	9.9084e-05	1.21167e-07	5.41825e-11	3.0767e-14	4.97664e-17	7.85732e-18	1.23398e-19	5.76005e-20	3.34519e-22	7.69467e-23	1.20921e-25	1.47036e-26	6.28696e-30	3.93249e-31	5.71976e-35	3.28873e-36	1.23039e-38	8.14117e-39	2.11842e-40	2.64329e-40	3.55343e-42	5.68479e-43	3.17636e-43	
N65	1.75182e-41	1.31864e-33	8.48246e-30	2.54624e-24	7.09146e-22	7.89413e-21	1.39859e-16	8.75551e-13	2.80947e-10	1.39422e-09	1.04165e-09	8.95329e-10	1.23791e-07	5.60025e-05	0.00733066	0.177075	0.528466	0.259859	0.0263829	0.00081987	1.04859e-05	7.46257e-08	8.77831e-10	1.73978e-10	7.61337e-12	9.41537e-13	2.34888e-14	1.4375e-15	1.92115e-17	6.10154e-19	3.38565e-21	5.68219e-23	1.39265e-25	9.4819e-28	1.46256e-30	5.4024e-33	5.57463e-36	1.50786e-38	1.45558e-41	9.47279e-44	1.24586e-45	
N66	2.0512e-38	6.75739e-31	4.72768e-27	2.5258e-22	2.75902e-19	1.52989e-18	2.12399e-15	1.92972e-12	5.73857e-10	1.1115e-08	3.08458e-08	3.11756e-08	7.07624e-07	0.000129188	0.00850668	0.146123	0.506232	0.306338	0.0317035	0.000955386	1.18378e-05	7.48296e-08	2.7957e-10	8.5705e-13	5.89666e-15	3.49993e-16	5.9548e-18	2.4934e-19	2.76574e-21	6.73591e-23	4.50484e-25	6.5259e-27	2.31079e-29	2.0029e-31	4.21751e-34	2.13958e-36	3.09332e-39	9.91468e-42	1.072e-44	2.71982e-47	5.93939e-50	
N67	2.10313e-37	7.87499e-30	3.00181e-25	1.00801e-21	2.84564e-18	2.02238e-16	3.20314e-14	2.65828e-12	1.40568e-09	4.00456e-08	4.46685e-07	2.21367e-06	3.68065e-05	0.00193704	0.0380311	0.25654	0.495459	0.197424	0.0104149	0.000153753	9.55638e-07	3.14275e-09	6.30348e-12	8.53952e-15	9.20724e-18	9.32276e-20	1.22872e-21	6.96642e-23	6.95717e-25	2.49885e-26	1.63833e-28	3.83531e-30	1.4285e-32	2.22989e-34	4.35089e-37	4.22575e-39	4.95593e-42	2.61358e-44	2.28559e-47	7.66167e-50	1.12052e-52	
N68	5.22634e-40	4.20951e-32	1.73834e-28	7.03877e-23	2.4083e-20	4.22106e-20	1.038e-15	1.29428e-11	1.84176e-08	1.77688e-08	1.96965e-09	9.8343e-11	2.4323e-09	1.59355e-06	0.000361776	0.0226085	0.307086	0.603239	0.0652277	0.00146435	1.18926e-05	7.70857e-08	1.15187e-09	8.32204e-11	1.13864e-12	4.1634e-14	2.74467e-16	5.4626e-18	1.93461e-20	2.25892e-22	4.70283e-25	3.28032e-27	4.34945e-30	1.78421e-32	1.62643e-35	3.98876e-38	2.62724e-41	4.35751e-44	2.39624e-47	5.5832e-50	2.67983e-52	
Triowe	0	0	0	0	0	0	0	0	0	0	0	0	0	0	0	0	0	1	0	0	0	0	0	0	0	0	0	0	0	0	0	0	0	0	0	0	0	0	0	0	0	
N69	1.39142e-40	7.04613e-33	6.86629e-29	1.38851e-23	4.74068e-21	8.11564e-20	8.82497e-16	3.53033e-12	1.41886e-09	8.33245e-10	6.45132e-11	5.50425e-12	1.75497e-10	1.96481e-07	8.6041e-05	0.0102059	0.237445	0.666424	0.0837163	0.00210375	1.87837e-05	8.39367e-08	2.83433e-10	2.76602e-12	2.37167e-14	1.57433e-15	2.86311e-17	4.44224e-18	4.79345e-20	4.93851e-21	2.6494e-23	1.84715e-24	4.79586e-27	2.16957e-28	2.99447e-31	7.44618e-33	6.63134e-36	7.04556e-38	4.98487e-41	3.01749e-43	6.15329e-46	
Trijoh	0	0	0	0	0	0	0	0	0	0	0	0	0	0	0	0	0	1	0	0	0	0	0	0	0	0	0	0	0	0	0	0	0	0	0	0	0	0	0	0	0	
Trimel	0	0	0	0	0	0	0	0	0	0	0	0	0	0	0	0	0	1	0	0	0	0	0	0	0	0	0	0	0	0	0	0	0	0	0	0	0	0	0	0	0	
N70	2.98678e-36	1.51073e-28	1.54996e-22	4.87992e-22	3.98191e-17	7.40222e-13	2.35249e-13	5.19946e-14	1.36587e-10	8.63337e-07	0.00154941	0.455862	0.446637	0.0894632	0.00629629	0.000189052	2.56657e-06	1.53006e-08	3.78332e-11	4.83472e-14	3.7626e-17	1.9847e-20	7.63065e-24	2.2594e-27	5.51065e-31	2.70861e-34	3.90708e-37	2.09171e-39	3.81521e-42	1.49002e-44	2.15892e-47	5.83973e-50	6.2435e-53	1.14287e-55	8.13646e-59	9.78817e-62	4.28812e-65	3.19492e-68	1.00609e-71	5.63163e-75	2.3078e-78	
N71	1.00786e-37	6.64836e-30	7.54411e-24	9.3803e-23	6.73044e-18	1.23516e-13	1.50481e-13	1.24642e-13	3.26211e-10	2.25572e-06	0.00364967	0.694583	0.284361	0.0171084	0.000294486	1.90991e-06	5.34905e-09	7.02799e-12	4.77228e-15	1.94183e-18	6.0602e-22	4.28647e-24	1.54657e-26	4.16549e-28	4.56724e-31	8.05508e-33	4.6686e-36	5.48853e-38	2.09597e-41	1.63203e-43	4.61587e-47	2.32554e-49	5.23485e-53	1.64485e-55	3.08415e-59	5.83634e-62	9.31875e-66	1.09371e-68	1.70173e-72	4.68991e-75	4.14495e-77	
Trihoe	0	0	0	0	0	0	0	0	0	0	0	1	0	0	0	0	0	0	0	0	0	0	0	0	0	0	0	0	0	0	0	0	0	0	0	0	0	0	0	0	0	
Tribit	0	0	0	0	0	0	0	0	0	0	0	1	0	0	0	0	0	0	0	0	0	0	0	0	0	0	0	0	0	0	0	0	0	0	0	0	0	0	0	0	0	
Trijac	0	0	0	0	0	0	0	0	0	0	0	1	0	0	0	0	0	0	0	0	0	0	0	0	0	0	0	0	0	0	0	0	0	0	0	0	0	0	0	0	0	
N72	1.02661e-38	3.57752e-31	8.88017e-28	1.3977e-22	2.14441e-20	3.56175e-20	3.95294e-16	2.3427e-12	2.00074e-09	1.62133e-09	2.19312e-10	1.58383e-11	3.7745e-10	2.94275e-07	9.2451e-05	0.00888839	0.197201	0.670626	0.118487	0.00463544	6.80287e-05	4.92523e-07	2.13365e-09	1.34193e-11	1.85923e-13	7.73732e-15	1.04018e-16	2.54615e-18	2.14825e-20	3.10954e-22	1.61877e-24	1.43232e-26	4.50629e-29	2.46196e-31	4.96579e-34	1.6999e-36	2.39541e-39	5.69618e-42	6.17648e-45	1.33694e-47	3.17386e-50	
Tricri	0	0	0	0	0	0	0	0	0	0	0	0	0	0	0	0	0	1	0	0	0	0	0	0	0	0	0	0	0	0	0	0	0	0	0	0	0	0	0	0	0	
N73	6.89051e-41	3.15229e-33	1.86572e-29	3.50523e-24	7.39142e-22	5.39008e-21	5.30535e-17	1.95934e-13	7.83319e-11	2.47811e-11	1.98437e-12	3.52897e-13	1.13837e-11	1.8483e-08	1.28279e-05	0.00274208	0.129188	0.744735	0.11967	0.00361444	3.79463e-05	1.87662e-07	5.23552e-10	9.50486e-13	1.54663e-15	4.52412e-17	7.98364e-19	6.81144e-20	8.05616e-22	4.28687e-23	3.0412e-25	1.06012e-26	4.02762e-29	9.36362e-31	1.81624e-33	2.57611e-35	2.87024e-38	1.98424e-40	1.66277e-43	6.97295e-46	1.0649e-48	
Triwie	0	0	0	0	0	0	0	0	0	0	0	0	0	0	0	0	0	1	0	0	0	0	0	0	0	0	0	0	0	0	0	0	0	0	0	0	0	0	0	0	0	
Triqua	0	0	0	0	0	0	0	0	0	0	0	0	0	0	0	0	0	1	0	0	0	0	0	0	0	0	0	0	0	0	0	0	0	0	0	0	0	0	0	0	0	
N74	2.18388e-37	1.49663e-30	7.18932e-27	1.70347e-22	3.34711e-20	7.82593e-19	1.27232e-15	9.80774e-13	1.39792e-10	1.40993e-09	3.60975e-09	6.19496e-09	2.43846e-07	4.69887e-05	0.00387853	0.091547	0.417782	0.388853	0.0902394	0.00737319	0.000274208	5.53739e-06	7.01494e-08	2.50667e-09	2.92737e-10	1.66008e-10	1.5864e-11	5.0678e-12	2.96339e-13	5.52952e-14	1.66796e-15	1.89089e-16	2.46466e-18	1.51214e-19	1.17872e-21	3.65848e-23	2.04991e-25	3.78196e-27	1.62826e-29	2.54044e-31	5.90922e-33	
N75	5.47153e-36	4.82059e-29	1.08373e-25	4.49248e-21	4.35626e-19	2.98252e-18	1.10758e-14	2.00712e-11	5.66167e-09	8.46803e-09	2.75735e-09	5.21371e-10	6.83863e-09	2.06851e-06	0.000293372	0.0146542	0.206841	0.591437	0.172311	0.0139729	0.000479208	8.71434e-06	9.70641e-08	8.24966e-10	8.86686e-12	4.41104e-13	1.27719e-14	6.33949e-16	1.28152e-17	3.98457e-19	5.41728e-21	1.0812e-22	9.71979e-25	1.27749e-26	7.78437e-29	6.94187e-31	3.0581e-33	1.98674e-35	6.93208e-38	3.9822e-40	2.23006e-42	
Kinboe	0	0	0	0	0	0	0	0	0	0	0	0	0	0	0	0	0	1	0	0	0	0	0	0	0	0	0	0	0	0	0	0	0	0	0	0	0	0	0	0	0	
Kinfis	0	0	0	0	0	0	0	0	0	0	0	0	0	0	0	0	0	1	0	0	0	0	0	0	0	0	0	0	0	0	0	0	0	0	0	0	0	0	0	0	0	
Kinxen	0	0	0	0	0	0	0	0	0	0	0	0	0	0	0	0	0	1	0	0	0	0	0	0	0	0	0	0	0	0	0	0	0	0	0	0	0	0	0	0	0	
N76	2.7278e-48	2.26183e-39	9.52962e-34	7.95706e-29	1.16008e-25	1.84309e-21	5.41367e-18	1.34605e-15	1.78452e-13	8.71925e-13	1.70379e-11	1.55287e-08	1.17213e-05	0.00226794	0.090783	0.566338	0.325658	0.0148411	9.98899e-05	2.17742e-07	2.47881e-10	3.19875e-13	7.59855e-16	1.21898e-17	1.29097e-18	3.84068e-18	4.04698e-19	6.00925e-19	2.81187e-20	2.06765e-20	2.71186e-22	1.09826e-22	2.7509e-25	5.53281e-26	4.31774e-29	2.38955e-30	1.15014e-33	1.43656e-35	5.00316e-39	2.86824e-41	2.57679e-43	
N77	6.86009e-33	3.1612e-26	2.21707e-21	2.14386e-19	1.33247e-15	1.40229e-12	1.01127e-11	5.41479e-11	1.81158e-08	8.53048e-06	0.00136671	0.0538739	0.271662	0.397874	0.220828	0.0499278	0.00432703	0.000130194	1.92183e-06	1.69818e-08	1.01162e-10	4.39521e-13	1.48388e-15	6.37554e-18	9.36378e-20	8.3757e-21	2.38953e-22	1.61151e-23	3.68041e-25	1.68105e-26	2.79033e-28	8.33556e-30	8.57626e-32	1.63388e-33	9.62803e-36	1.0288e-37	4.24546e-40	3.17314e-42	1.02336e-44	7.40589e-47	6.84765e-49	
N78	1.34328e-34	1.16569e-26	2.00264e-20	4.4629e-20	4.30898e-15	6.80666e-11	1.49423e-11	1.60005e-12	2.70884e-09	8.56518e-06	0.00653074	0.646063	0.32131	0.0254869	0.000595856	5.30892e-06	2.10034e-08	4.231e-11	4.95381e-14	3.75037e-17	2.01205e-20	1.14191e-23	1.16852e-26	4.61296e-29	7.7132e-32	2.42351e-34	2.83364e-37	6.03072e-40	4.94588e-43	7.28798e-46	4.25724e-49	4.38105e-52	1.86056e-55	1.34727e-58	4.28478e-62	2.26929e-65	5.59526e-69	2.37248e-72	5.5289e-76	3.23131e-79	2.7091e-82	
N79	1.10776e-37	2.37964e-29	1.0366e-22	1.24886e-22	3.87026e-17	2.81254e-12	3.61831e-13	2.72947e-14	1.48036e-10	1.66397e-06	0.00392306	0.909624	0.0856492	0.000799995	1.83599e-06	1.59952e-09	6.81238e-13	1.69793e-16	3.50679e-20	1.06101e-22	1.79626e-25	1.06281e-27	1.02569e-30	3.18987e-33	9.55804e-37	1.55891e-39	2.50941e-43	2.05094e-46	2.30104e-50	1.04827e-53	8.8782e-58	2.61258e-61	1.70893e-65	3.70665e-69	1.9032e-73	3.39059e-77	1.70821e-81	9.5831e-85	1.31451e-87	1.92241e-90	2.20065e-93	
N80	3.62659e-37	2.331e-29	2.47099e-23	3.435e-22	1.88223e-17	2.32535e-13	2.94268e-13	2.98429e-13	7.70838e-10	4.8213e-06	0.00668391	0.934819	0.0581349	0.000356449	6.20405e-07	4.71382e-10	1.96673e-13	1.08036e-16	6.03047e-19	5.85117e-20	4.00833e-22	2.10557e-23	7.50987e-26	2.24514e-27	7.33713e-31	6.43758e-33	1.41267e-36	3.9991e-39	6.94475e-43	1.04423e-45	1.43321e-49	1.54787e-52	1.69034e-56	1.52911e-59	1.3944e-63	2.16954e-66	1.09182e-69	2.71811e-71	5.47392e-73	1.00796e-74	1.43759e-76	
Chaafr	0	0	0	0	0	0	0	0	0	0	0	1	0	0	0	0	0	0	0	0	0	0	0	0	0	0	0	0	0	0	0	0	0	0	0	0	0	0	0	0	0	
Chacha	0	0	0	0	0	0	0	0	0	0	0	1	0	0	0	0	0	0	0	0	0	0	0	0	0	0	0	0	0	0	0	0	0	0	0	0	0	0	0	0	0	
N81	4.96795e-37	3.20594e-29	3.76414e-23	3.66428e-22	3.28351e-17	7.44989e-13	6.49386e-13	3.45334e-13	7.62798e-10	4.77388e-06	0.00666983	0.946896	0.0461886	0.000240849	3.74384e-07	2.61791e-10	1.02717e-13	6.00979e-17	2.79939e-19	1.54464e-20	8.23713e-23	2.44632e-24	7.39362e-27	1.18425e-28	4.06274e-32	1.93401e-34	4.42475e-38	7.42716e-41	1.289e-44	1.28811e-47	1.71206e-51	1.32467e-54	1.38668e-58	9.34714e-62	8.34108e-66	1.10682e-68	7.96463e-72	1.13433e-73	1.28475e-75	1.29228e-77	1.01488e-79	
Chacaly	0	0	0	0	0	0	0	0	0	0	0	1	0	0	0	0	0	0	0	0	0	0	0	0	0	0	0	0	0	0	0	0	0	0	0	0	0	0	0	0	0	
Chazey	0	0	0	0	0	0	0	0	0	0	0	1	0	0	0	0	0	0	0	0	0	0	0	0	0	0	0	0	0	0	0	0	0	0	0	0	0	0	0	0	0	
N82	1.36144e-33	2.44127e-26	6.44213e-21	2.84819e-19	3.62768e-15	5.16113e-12	4.78368e-12	1.60282e-11	1.91386e-08	3.39913e-05	0.0141434	0.697954	0.272923	0.0147233	0.000221793	1.31426e-06	3.80939e-09	6.34122e-12	7.73969e-15	3.005e-16	5.60798e-18	8.59047e-19	8.31492e-21	7.57159e-22	1.17251e-24	5.22011e-26	4.82441e-29	1.08035e-30	7.63856e-34	9.13147e-36	5.39489e-39	3.74797e-41	1.90034e-44	8.57309e-47	3.72741e-50	1.23792e-52	4.68784e-56	2.16052e-58	5.86931e-60	3.28957e-61	1.50412e-62	
Chadil	0	0	0	0	0	0	0	0	0	0	0	1	0	0	0	0	0	0	0	0	0	0	0	0	0	0	0	0	0	0	0	0	0	0	0	0	0	0	0	0	0	
Chasen	0	0	0	0	0	0	0	0	0	0	0	1	0	0	0	0	0	0	0	0	0	0	0	0	0	0	0	0	0	0	0	0	0	0	0	0	0	0	0	0	0	
Chanam	0	0	0	0	0	0	0	0	0	0	0	1	0	0	0	0	0	0	0	0	0	0	0	0	0	0	0	0	0	0	0	0	0	0	0	0	0	0	0	0	0	
N83	3.04781e-33	1.1493e-28	1.06238e-26	5.09823e-25	1.04992e-24	2.14683e-21	4.56097e-18	2.07625e-15	1.26953e-13	1.80001e-12	9.73167e-11	3.20613e-08	1.5543e-05	0.00250803	0.092152	0.55736	0.32884	0.0188734	0.000249062	1.34927e-06	4.5578e-09	2.44784e-11	4.59657e-12	2.75796e-10	2.00801e-10	7.25935e-09	1.82808e-09	3.84569e-08	3.12804e-09	3.87273e-08	9.06644e-10	6.13442e-09	4.21264e-11	9.76375e-11	3.62638e-13	1.5033e-13	4.15824e-16	4.83827e-17	1.01611e-19	1.04401e-20	2.03863e-20	
Riebrev	0	0	0	0	0	0	0	0	0	0	0	0	0	0	0	0	0	0	0	0	0	0	0	0	0	0	0	0	0	0	1	0	0	0	0	0	0	0	0	0	0	
N84	5.4837e-38	6.38415e-30	8.48649e-27	4.84538e-21	7.58134e-22	4.88051e-20	2.76402e-15	4.25429e-11	9.03335e-10	1.36719e-11	7.91709e-14	1.87837e-14	7.67044e-11	1.63727e-07	0.000124724	0.0266814	0.936141	0.0367451	0.000306619	9.97351e-07	1.6646e-09	1.78716e-12	1.69247e-15	3.43661e-18	7.21844e-21	1.82371e-23	2.78654e-26	4.27027e-29	4.22961e-32	4.02369e-35	2.59556e-38	1.59066e-41	6.81796e-45	2.82523e-48	8.41115e-52	2.52604e-55	5.60219e-59	1.38576e-62	2.96463e-66	9.10392e-70	3.25167e-73	
N85	8.554e-48	1.59143e-38	8.46222e-35	6.83526e-28	1.72293e-28	5.44449e-26	4.16287e-20	5.52105e-15	1.53607e-13	7.02805e-17	1.79933e-20	1.37623e-20	1.69654e-15	8.92525e-11	1.36108e-06	0.004087	0.983411	0.0124848	1.60683e-05	5.57663e-09	7.89343e-13	5.73871e-17	2.49631e-21	1.04956e-25	2.66638e-29	1.84215e-31	8.87857e-35	1.03402e-36	5.83784e-36	1.12457e-34	3.47192e-36	1.25052e-36	1.69599e-38	4.41599e-39	1.73888e-41	1.37421e-42	4.37018e-45	1.77949e-46	4.92748e-49	1.37327e-50	2.36166e-52	
N86	4.44749e-43	2.2526e-36	1.92576e-34	6.32979e-30	2.45426e-31	3.75899e-28	2.54004e-22	2.64609e-17	7.69875e-16	1.69038e-19	1.34314e-22	2.51162e-21	4.19539e-16	3.14292e-11	7.01022e-07	0.00309295	0.986169	0.0107271	1.05032e-05	2.67506e-09	2.74961e-13	1.44515e-17	4.48912e-22	1.2841e-26	1.18819e-29	1.41131e-30	2.93546e-33	1.94552e-34	2.53104e-37	9.98183e-39	6.31799e-42	1.61762e-43	7.77071e-45	5.19864e-44	6.50105e-47	1.46014e-47	1.59595e-50	1.14162e-51	3.3256e-54	3.78482e-53	5.81219e-52	
Braset	0	0	0	0	0	0	0	0	0	0	0	0	0	0	0	0	1	0	0	0	0	0	0	0	0	0	0	0	0	0	0	0	0	0	0	0	0	0	0	0	0	
N87	1.78434e-52	1.17405e-43	1.60877e-39	5.97301e-33	8.66429e-33	5.99222e-30	1.26697e-24	4.73554e-20	1.07114e-18	1.93815e-20	3.97347e-21	4.84001e-20	3.40306e-15	1.16478e-10	1.32679e-06	0.00357375	0.986682	0.00973119	1.21289e-05	4.72821e-09	8.38163e-13	8.27226e-17	5.15266e-21	3.51366e-25	4.90966e-28	3.23337e-29	8.66073e-32	3.36087e-33	6.94111e-36	1.60635e-37	2.48235e-40	3.42692e-42	2.79963e-45	2.42782e-47	1.25535e-51	1.12838e-54	4.4554e-59	1.7072e-62	4.97957e-67	1.92306e-70	4.38321e-73	
N88	1.74428e-56	1.01854e-46	1.08386e-42	3.30311e-35	3.82153e-36	3.5565e-33	1.05426e-26	9.55803e-21	1.15914e-18	1.80399e-20	1.33503e-22	8.95982e-23	2.18245e-17	2.5316e-12	1.00002e-07	0.000966351	0.997132	0.00190104	5.3424e-07	5.11638e-11	2.34709e-15	6.18456e-20	1.04685e-24	1.89368e-29	2.5182e-33	5.52197e-36	1.32514e-39	1.64517e-42	2.71843e-46	1.81019e-49	1.97009e-53	6.5643e-57	3.74182e-61	5.1819e-65	3.33363e-70	5.67904e-75	1.47782e-80	9.58027e-86	8.657e-92	2.25634e-97	4.37029e-103	
Bramel	0	0	0	0	0	0	0	0	0	0	0	0	0	0	0	0	1	0	0	0	0	0	0	0	0	0	0	0	0	0	0	0	0	0	0	0	0	0	0	0	0	
Bratha	0	0	0	0	0	0	0	0	0	0	0	0	0	0	0	0	1	0	0	0	0	0	0	0	0	0	0	0	0	0	0	0	0	0	0	0	0	0	0	0	0	
N89	6.01755e-55	6.47244e-46	6.55461e-42	4.3675e-35	3.06463e-35	3.82827e-32	3.41023e-26	8.90542e-21	1.52373e-18	1.73631e-19	8.61946e-21	3.47761e-20	2.54669e-15	9.00182e-11	1.08317e-06	0.00317517	0.990279	0.00653827	6.25912e-06	2.01615e-09	3.09091e-13	2.72363e-17	1.55288e-21	9.86096e-26	6.70181e-29	1.0742e-30	1.37555e-33	1.33182e-35	1.3014e-38	7.55176e-41	5.57806e-44	1.90029e-46	8.74331e-50	1.62183e-52	7.67198e-57	1.84039e-60	5.65342e-65	8.03748e-69	1.73047e-73	2.78649e-77	1.5022e-80	
Bradra	0	0	0	0	0	0	0	0	0	0	0	0	0	0	0	0	1	0	0	0	0	0	0	0	0	0	0	0	0	0	0	0	0	0	0	0	0	0	0	0	0	
Bratra	0	0	0	0	0	0	0	0	0	0	0	0	0	0	0	0	1	0	0	0	0	0	0	0	0	0	0	0	0	0	0	0	0	0	0	0	0	0	0	0	0	
N90	1.13994e-48	5.83411e-40	2.66405e-36	5.68027e-30	1.2143e-30	3.22537e-28	4.36365e-23	1.50137e-18	5.92255e-17	4.04749e-18	1.46436e-19	4.27168e-19	1.86426e-14	3.94833e-10	2.86147e-06	0.00509253	0.984963	0.00992702	1.49468e-05	7.68078e-09	1.89633e-12	2.7113e-16	2.52697e-20	2.50864e-24	1.75673e-27	2.07558e-29	2.96682e-32	2.20548e-34	2.44056e-37	1.11823e-39	9.55528e-43	2.6444e-45	1.46832e-48	2.18304e-51	1.98284e-55	5.60774e-59	3.23853e-63	6.12725e-67	2.61996e-71	5.79935e-75	3.05278e-78	
Bragut	0	0	0	0	0	0	0	0	0	0	0	0	0	0	0	0	1	0	0	0	0	0	0	0	0	0	0	0	0	0	0	0	0	0	0	0	0	0	0	0	0	
Braven	0	0	0	0	0	0	0	0	0	0	0	0	0	0	0	0	1	0	0	0	0	0	0	0	0	0	0	0	0	0	0	0	0	0	0	0	0	0	0	0	0	
N91	1.9977e-42	2.97974e-34	1.46252e-30	9.22596e-25	7.8824e-25	2.23238e-22	8.91504e-18	6.52172e-14	6.40164e-13	1.87347e-15	4.95042e-17	3.58615e-16	4.05012e-12	2.22407e-08	4.1307e-05	0.0187091	0.947269	0.033794	0.000186266	3.50809e-07	3.16072e-10	1.64034e-13	5.52267e-17	2.05146e-20	5.09091e-23	1.82408e-24	8.43674e-27	1.88754e-28	6.41545e-31	8.87312e-33	2.09168e-35	1.80681e-37	2.3952e-40	1.25364e-42	3.58245e-46	4.36403e-49	8.61273e-53	6.37991e-56	9.54372e-60	6.62334e-63	8.36158e-66	
Brapum	0	0	0	0	0	0	0	0	0	0	0	0	0	0	0	0	1	0	0	0	0	0	0	0	0	0	0	0	0	0	0	0	0	0	0	0	0	0	0	0	0	
Bradam	0	0	0	0	0	0	0	0	0	0	0	0	0	0	0	0	1	0	0	0	0	0	0	0	0	0	0	0	0	0	0	0	0	0	0	0	0	0	0	0	0	
