NODE	1	2	3	4	5	6	7	8	9	10	11	12	13	14	15	16	17	18	19	20	21	22	23	24	25	26	27	28	29	
N1	1.21528e-78	2.70136e-55	9.41619e-50	6.71156e-45	1.71053e-40	1.9486e-36	1.12536e-32	3.61515e-29	7.38656e-26	1.00979e-22	7.66695e-20	2.96064e-17	5.38558e-15	4.1114e-13	1.11069e-11	0.275815	0.478259	0.245927	1.23405e-11	8.454e-13	2.91628e-14	5.86835e-16	7.62968e-18	6.89565e-20	4.57356e-22	2.32007e-24	9.29751e-27	3.0216e-29	8.95099e-32	
N2	2.23615e-81	2.94522e-57	6.76825e-51	3.17275e-45	5.51939e-40	4.56913e-35	2.01255e-30	4.88157e-26	6.5329e-22	4.76532e-18	1.84514e-14	3.67154e-11	3.56969e-08	1.55843e-05	0.00263741	0.127353	0.437027	0.371857	0.0583415	0.00271515	5.22635e-05	5.11809e-07	2.92218e-09	1.06995e-11	2.69764e-14	5.17043e-17	1.40433e-19	4.35496e-21	1.0498e-21	
N3	1.10181e-87	5.54005e-63	3.86896e-56	4.6254e-50	1.63028e-44	2.08198e-39	1.07713e-34	2.30922e-30	1.64919e-26	1.9015e-22	2.93266e-18	2.19687e-14	7.44188e-11	1.03269e-07	5.03204e-05	0.00673768	0.170011	0.624909	0.18813	0.0100034	0.000158117	1.01621e-06	3.24083e-09	5.86797e-12	6.63893e-15	5.03838e-18	2.70774e-21	1.07734e-24	4.04895e-28	
N4	1.11217e-90	9.69226e-66	1.26922e-58	3.02662e-52	2.27514e-46	6.65554e-41	8.41306e-36	4.86535e-31	1.62331e-26	4.00719e-22	5.24527e-18	3.29271e-14	9.35049e-11	1.09888e-07	4.6713e-05	0.005844	0.156483	0.605088	0.217363	0.0148601	0.000311869	2.69064e-06	1.15318e-08	2.79625e-11	4.21229e-14	4.22753e-17	3.00811e-20	1.75313e-23	1.58377e-25	
B3088	0	0	0	0	0	0	0	0	0	0	0	0	0	0	0	0	0	1	0	0	0	0	0	0	0	0	0	0	0	
N5	8.10997e-84	1.40095e-59	4.50688e-53	3.05112e-47	7.45607e-42	8.05839e-37	4.25623e-32	1.15927e-27	1.67347e-23	1.29093e-19	5.27804e-16	1.11623e-12	1.16924e-09	5.6658e-07	0.000114431	0.00819863	0.160946	0.571362	0.236471	0.0221608	0.000734934	1.12298e-05	9.35012e-08	4.75472e-10	1.60248e-12	3.8047e-15	6.69264e-18	9.49026e-21	9.0416e-23	
BGA709	0	0	0	0	0	0	0	0	0	0	0	0	0	0	0	0	0	1	0	0	0	0	0	0	0	0	0	0	0	
BGA309	0	0	0	0	0	0	0	0	0	0	0	0	0	0	0	0	0	1	0	0	0	0	0	0	0	0	0	0	0	
N6	6.54079e-91	4.44381e-66	4.41063e-59	8.16734e-53	5.0575e-47	1.32081e-41	1.58588e-36	8.4697e-32	1.38677e-27	5.84116e-25	1.2728e-20	1.64031e-16	1.00682e-12	2.71912e-09	2.85946e-06	0.000963416	0.074781	0.72558	0.192073	0.0065379	6.18424e-05	2.35536e-07	4.48064e-10	4.89163e-13	3.37262e-16	1.57371e-19	5.23407e-23	1.29388e-26	3.04174e-30	
N7	1.4885e-84	1.59544e-60	2.61407e-54	7.83716e-49	7.7778e-44	3.51331e-39	9.87783e-35	2.2414e-30	4.19311e-26	5.52278e-22	4.19464e-18	1.68915e-14	3.46468e-11	3.39738e-08	1.44244e-05	0.00226236	0.0995934	0.708958	0.180298	0.00872608	0.000145752	1.13247e-06	4.88337e-09	1.3117e-11	2.37954e-14	3.09402e-17	3.01754e-20	2.29156e-23	1.75683e-26	
B11696	0	0	0	0	0	0	0	0	0	0	0	0	0	0	0	0	0	1	0	0	0	0	0	0	0	0	0	0	0	
B11609	0	0	0	0	0	0	0	0	0	0	0	0	0	0	0	0	0	1	0	0	0	0	0	0	0	0	0	0	0	
N8	3.85816e-102	3.13876e-76	3.21783e-68	5.3803e-61	2.6271e-54	4.87824e-48	3.96749e-42	1.42003e-36	1.11337e-31	2.48091e-29	1.29576e-24	9.41102e-20	3.06226e-15	4.02473e-11	1.83483e-07	0.000226228	0.0486695	0.769074	0.178487	0.00352819	1.46193e-05	2.0163e-08	1.21205e-11	3.77392e-15	6.84705e-19	7.87175e-23	6.1185e-27	3.51416e-31	1.20318e-34	
N9	1.61121e-86	1.76797e-63	3.01091e-58	1.01241e-53	1.02643e-49	1.76105e-46	5.80728e-44	1.79816e-39	2.67799e-34	4.21263e-29	4.69109e-24	2.51078e-19	6.11833e-15	6.22504e-11	2.29784e-07	0.000243629	0.0487543	0.769485	0.177876	0.00362398	1.62699e-05	2.54345e-08	1.79867e-11	6.79067e-15	1.531e-18	2.2403e-22	5.68842e-26	5.88953e-29	2.00562e-30	
N10	4.37508e-89	8.16033e-65	2.50406e-58	1.60027e-52	4.17245e-47	6.19992e-42	6.02726e-37	3.75866e-32	1.4056e-27	2.98953e-23	3.45675e-19	2.10368e-15	6.46812e-12	9.408e-09	5.83875e-06	0.00130915	0.0793705	0.723524	0.18809	0.00760169	9.76669e-05	5.59078e-07	1.72966e-09	3.27344e-12	4.1283e-15	3.69282e-18	2.47373e-21	1.40889e-24	7.0436e-27	
B983	0	0	0	0	0	0	0	0	0	0	0	0	0	0	0	0	0	1	0	0	0	0	0	0	0	0	0	0	0	
B11604	0	0	0	0	0	0	0	0	0	0	0	0	0	0	0	0	0	1	0	0	0	0	0	0	0	0	0	0	0	
N11	1.77359e-87	3.6554e-63	1.10024e-56	5.83245e-51	9.37928e-46	5.64638e-41	1.47051e-36	2.0777e-32	2.53455e-28	4.46135e-24	6.46047e-20	4.96914e-16	1.94447e-12	3.62875e-09	2.91712e-06	0.000856115	0.0683613	0.791727	0.135147	0.00386905	3.6624e-05	1.58197e-07	3.75435e-10	5.51748e-13	5.45568e-16	3.85632e-19	2.04037e-22	8.38994e-26	3.40009e-29	
BGAA1	0	0	0	0	0	0	0	0	0	0	0	0	0	0	0	0	0	1	0	0	0	0	0	0	0	0	0	0	0	
BGA584	0	0	0	0	0	0	0	0	0	0	0	0	0	0	0	0	0	1	0	0	0	0	0	0	0	0	0	0	0	
N12	9.88046e-87	1.56986e-62	3.71782e-56	1.57698e-50	2.11227e-45	1.1689e-40	3.49119e-36	7.91212e-32	1.69427e-27	3.0999e-23	3.47858e-19	2.06924e-15	6.26287e-12	9.04385e-09	5.63157e-06	0.00128371	0.0802652	0.752961	0.159605	0.00580907	7.02426e-05	3.88145e-07	1.179e-09	2.21807e-12	2.80774e-15	2.54068e-18	1.72092e-21	9.06558e-25	4.87838e-28	
BGA303	0	0	0	0	0	0	0	0	0	0	0	0	0	0	0	0	0	1	0	0	0	0	0	0	0	0	0	0	0	
BGAB1	0	0	0	0	0	0	0	0	0	0	0	0	0	0	0	0	0	1	0	0	0	0	0	0	0	0	0	0	0	
PGA445	0	0	0	0	0	0	0	0	0	0	0	0	0	0	0	0	0	1	0	0	0	0	0	0	0	0	0	0	0	
N13	7.06267e-85	4.14103e-59	2.88594e-51	3.10659e-44	8.81827e-38	7.84036e-32	2.21996e-26	1.45206e-21	8.28309e-19	1.32908e-14	8.30384e-11	1.12643e-07	4.04389e-05	0.00416999	0.113265	0.580598	0.291038	0.0108688	1.92516e-05	9.11239e-09	1.83078e-12	1.95203e-16	1.2553e-20	5.27633e-25	1.52941e-29	3.17701e-34	5.35714e-39	1.89629e-43	3.51956e-44	
N14	5.27846e-66	1.65285e-41	7.50311e-35	5.26998e-29	9.61615e-24	5.36375e-19	9.47995e-15	5.10405e-11	7.55e-08	2.61157e-05	0.00182773	0.0315466	0.174944	0.367102	0.311361	0.102609	0.0104185	0.000164866	6.15247e-07	1.06605e-09	1.07673e-12	7.13592e-16	3.34195e-19	1.1645e-22	3.14876e-26	7.66723e-30	9.2843e-33	3.37136e-34	3.10041e-34	
Rhaspe	0	0	0	0	0	0	0	0	0	1	0	0	0	0	0	0	0	0	0	0	0	0	0	0	0	0	0	0	0	
N15	1.62681e-53	4.41037e-32	2.13533e-28	8.03028e-25	2.35615e-20	2.7243e-16	1.13348e-12	1.68697e-09	8.43272e-07	0.0001263	0.0050314	0.058094	0.235308	0.377761	0.251496	0.0664225	0.00566438	9.56154e-05	5.58195e-07	1.70199e-09	3.2472e-12	4.28395e-15	4.16175e-18	3.11883e-21	1.9985e-24	5.25015e-27	4.24511e-29	1.66671e-30	4.3016e-31	
Rhamar	0	0	0	0	0	0	0	0	0	1	0	0	0	0	0	0	0	0	0	0	0	0	0	0	0	0	0	0	0	
Rhatem	0	0	0	0	0	0	0	0	0	0	1	0	0	0	0	0	0	0	0	0	0	0	0	0	0	0	0	0	0	
N16	7.69165e-91	2.7726e-66	4.46984e-60	7.29601e-53	7.89112e-46	2.57352e-39	2.58263e-33	2.53468e-28	5.02283e-24	8.91766e-19	5.09377e-14	7.34185e-10	2.15118e-06	0.00106825	0.0748002	0.574547	0.336805	0.0127406	3.64822e-05	2.09481e-08	4.0023e-12	3.36501e-16	1.46922e-20	4.09928e-25	1.4795e-29	2.36486e-32	3.71192e-36	7.27566e-37	9.71592e-38	
N17	2.07623e-87	7.6379e-62	3.53162e-54	2.66983e-47	5.71102e-41	4.19236e-35	1.11743e-29	9.4767e-25	6.97584e-21	1.41652e-17	2.65731e-13	1.64287e-09	2.39335e-06	0.000725857	0.0443867	0.437824	0.464519	0.0517473	0.000791138	3.02589e-06	4.28632e-09	2.85488e-12	1.04365e-15	2.32941e-19	3.42745e-23	3.52962e-27	2.77244e-31	5.85781e-35	1.36211e-37	
N18	4.5732e-76	1.56785e-51	8.38032e-45	8.39612e-39	2.73797e-33	3.57414e-28	2.0508e-23	5.35916e-19	6.33949e-15	3.23547e-11	6.37918e-08	3.79019e-05	0.00287913	0.0518793	0.284387	0.467357	0.181898	0.0113882	0.000171637	1.02444e-06	3.11035e-09	5.57439e-12	6.50623e-15	5.30144e-18	3.17548e-21	1.45689e-24	5.4727e-28	2.76692e-31	4.49788e-33	
FGA379	0	0	0	0	0	0	0	0	0	0	0	0	0	0	0	0	1	0	0	0	0	0	0	0	0	0	0	0	0	
N19	1.47217e-70	3.92935e-46	1.62568e-39	1.23296e-33	2.95166e-28	2.7143e-23	1.03947e-18	1.68847e-14	1.1269e-10	2.83461e-07	0.000225036	0.0382896	0.303013	0.441686	0.188072	0.0273849	0.00131147	1.67435e-05	7.61267e-08	1.68995e-10	2.18625e-13	1.83879e-16	1.08263e-19	4.70595e-23	1.57189e-26	4.16266e-30	8.97572e-34	1.65496e-37	9.48409e-41	
N20	4.2117e-76	5.16956e-51	8.76461e-44	2.62821e-37	2.49339e-31	9.10479e-26	1.48871e-20	1.07865e-15	2.98619e-11	2.81778e-07	0.000696203	0.194332	0.563795	0.227585	0.0133972	0.000194138	8.26019e-07	1.14971e-09	6.90741e-13	2.16615e-16	3.99671e-20	4.68949e-24	4.62321e-28	9.1215e-29	6.21785e-30	3.93204e-32	2.11933e-34	6.23128e-36	1.62814e-36	
N21	4.97156e-73	1.06917e-49	1.7998e-44	3.15835e-39	8.7964e-33	8.23422e-27	3.07785e-21	6.51786e-16	4.48823e-11	8.31574e-07	0.0027102	0.446387	0.499153	0.051083	0.000664359	1.79895e-06	1.31272e-09	3.24088e-13	3.59492e-17	2.14605e-21	7.72829e-26	1.81012e-30	3.95359e-35	2.7809e-36	9.24273e-38	5.83107e-39	1.13725e-40	1.37941e-40	2.33766e-41	
F3015	0	0	0	0	0	0	0	0	0	0	1	0	0	0	0	0	0	0	0	0	0	0	0	0	0	0	0	0	0	
N22	1.61843e-73	1.00184e-50	6.16725e-46	3.4913e-39	1.03687e-32	9.92189e-27	3.54333e-21	8.08894e-16	5.86729e-11	1.10586e-06	0.00346266	0.540993	0.434784	0.0206571	0.000101725	9.58236e-08	2.62611e-11	2.91984e-15	1.64874e-19	5.42731e-24	1.13848e-28	1.6517e-33	5.56807e-38	6.12196e-40	3.31982e-40	9.76721e-40	5.21884e-42	7.83931e-42	2.47916e-43	
N23	3.7121e-76	8.91759e-54	1.70221e-46	1.59992e-39	4.5493e-33	4.90578e-27	2.20364e-21	4.10562e-16	2.6526e-11	5.03485e-07	0.00194819	0.600955	0.387737	0.00933735	2.15507e-05	1.16883e-08	2.42116e-12	2.47889e-16	1.46084e-20	5.45842e-25	1.46746e-29	6.3477e-34	1.95469e-37	2.32952e-39	2.24175e-43	2.65583e-45	1.0194e-49	4.31726e-52	3.45815e-56	
N24	5.08629e-88	2.74126e-61	1.4427e-52	1.05484e-44	1.95432e-37	9.74274e-31	2.71172e-24	4.2205e-18	2.00264e-12	2.35965e-07	0.00397867	0.85492	0.140735	0.000366394	7.40596e-08	3.73005e-12	7.36091e-17	7.04234e-22	3.66556e-27	1.11338e-32	2.8276e-38	2.74005e-42	7.36276e-45	8.82565e-46	3.08731e-48	4.71418e-49	4.15983e-52	1.82112e-53	2.44382e-56	
N25	1.98041e-75	7.14929e-52	3.64021e-46	3.6162e-41	4.52326e-35	1.8136e-28	2.70024e-22	1.74815e-16	3.24935e-11	1.4598e-06	0.00918409	0.860779	0.12969	0.000346048	9.05496e-08	6.87343e-12	2.261e-16	3.82157e-21	3.86382e-26	3.48545e-30	3.17072e-34	3.40079e-37	1.13379e-40	2.17025e-40	4.21436e-42	8.29087e-42	1.06438e-44	1.27989e-45	2.49001e-48	
F1476	0	0	0	0	0	0	0	0	0	0	1	0	0	0	0	0	0	0	0	0	0	0	0	0	0	0	0	0	0	
N26	7.46935e-81	2.28882e-57	4.34668e-49	1.37083e-41	1.25381e-34	3.94347e-28	5.00554e-22	2.32824e-16	3.65934e-11	1.60707e-06	0.0122346	0.849127	0.137679	0.000957382	5.28441e-07	8.30497e-11	5.57374e-15	1.96022e-19	4.20099e-24	3.08477e-28	3.44144e-32	3.27369e-34	4.5471e-37	6.36796e-35	3.61218e-37	1.57529e-37	3.45159e-40	1.91217e-41	5.38856e-44	
Furcep	0	0	0	0	0	0	0	0	0	0	0	0	0	1	0	0	0	0	0	0	0	0	0	0	0	0	0	0	0	
N27	9.48319e-73	2.60148e-51	2.48109e-44	2.80543e-37	8.73249e-31	9.13513e-25	3.46134e-19	4.72749e-14	2.15265e-09	2.69649e-05	0.058185	0.85937	0.082088	0.000329898	2.05018e-07	4.61115e-11	5.12151e-15	3.30901e-19	1.37468e-23	4.45635e-28	4.25791e-32	1.99235e-35	2.50675e-38	9.48606e-40	8.83432e-44	1.60093e-45	6.07356e-50	1.81237e-52	1.03141e-56	
Furpol	0	0	0	0	0	0	0	0	0	0	0	1	0	0	0	0	0	0	0	0	0	0	0	0	0	0	0	0	0	
N28	2.13551e-72	3.70159e-47	8.72675e-40	3.53441e-33	4.186e-27	1.73351e-21	2.6524e-16	1.45635e-11	2.56884e-07	0.00113218	0.665772	0.327308	0.00577844	9.49706e-06	4.98398e-09	1.2142e-12	1.66613e-16	1.45051e-20	8.68315e-25	3.79465e-29	1.28674e-33	7.44455e-38	3.724e-41	2.33435e-43	3.0441e-47	7.22523e-50	4.93713e-54	2.2026e-57	1.68931e-61	
N29	9.88379e-73	2.15269e-47	6.25494e-40	3.08492e-33	4.3896e-27	2.14931e-21	3.80425e-16	2.34437e-11	4.42258e-07	0.00190982	0.901916	0.0957887	0.000384395	2.95142e-07	8.46194e-11	1.21377e-14	1.02594e-18	5.67015e-23	2.2009e-27	6.3922e-32	1.75045e-36	2.12897e-39	3.92276e-43	1.5604e-45	9.34329e-50	7.64405e-53	3.14871e-57	8.17822e-61	3.60541e-65	
F2241	0	0	0	0	0	0	0	0	0	0	1	0	0	0	0	0	0	0	0	0	0	0	0	0	0	0	0	0	0	
Furang	0	0	0	0	0	0	0	0	0	0	1	0	0	0	0	0	0	0	0	0	0	0	0	0	0	0	0	0	0	
FGA490	0	0	0	0	0	0	0	0	0	0	1	0	0	0	0	0	0	0	0	0	0	0	0	0	0	0	0	0	0	
N30	2.59118e-81	2.21537e-55	2.47607e-47	4.81885e-40	2.85137e-33	6.15152e-27	5.22043e-21	1.67713e-15	1.74073e-10	4.64689e-06	0.0186475	0.940294	0.04101	4.34142e-05	1.0084e-08	8.89177e-13	3.88449e-17	9.82163e-22	1.58915e-26	1.81029e-31	1.86569e-36	1.96421e-40	5.29996e-44	1.71531e-46	5.61088e-51	7.01707e-54	9.5746e-59	1.23298e-62	1.6847e-67	
N31	3.29377e-78	1.48963e-52	7.93333e-45	6.34096e-38	1.31391e-31	8.82295e-26	2.19756e-20	4.94324e-15	3.56926e-10	6.68602e-06	0.0193687	0.949393	0.0311886	4.25931e-05	1.27179e-08	1.45732e-12	8.38438e-17	2.80813e-21	6.00868e-26	1.14619e-30	5.40515e-35	2.62867e-37	4.27672e-41	1.03148e-42	6.4446e-43	1.46385e-43	3.63571e-46	1.07537e-47	3.13426e-50	
N32	1.5953e-85	2.69766e-59	6.06824e-51	2.08273e-43	1.92939e-36	5.86453e-30	6.38291e-24	5.74385e-18	1.70474e-12	1.38594e-07	0.00198166	0.953074	0.0448272	0.000117075	2.50391e-08	1.58385e-12	4.36355e-17	6.35625e-22	5.51288e-27	7.0734e-32	6.17439e-36	3.0318e-38	9.23621e-43	2.33278e-42	1.50024e-43	6.0765e-45	5.4421e-48	6.88445e-50	7.2132e-53	
N33	5.43684e-79	2.15043e-56	2.26057e-48	4.15674e-41	2.26531e-34	4.43656e-28	3.3288e-22	9.53491e-17	9.49179e-12	2.81555e-07	0.00176515	0.969358	0.0288307	4.62687e-05	1.52803e-08	1.88752e-12	1.15364e-16	4.06698e-21	9.12622e-26	2.28021e-30	1.92744e-34	5.66256e-37	2.68147e-40	4.99609e-42	1.51098e-46	5.93302e-49	1.10664e-53	7.0106e-57	1.57414e-61	
N34	9.09023e-79	2.34672e-53	9.17182e-46	6.88097e-39	1.66062e-32	1.51665e-26	5.5145e-21	7.8985e-16	4.12715e-11	6.78521e-07	0.00256041	0.984052	0.0133687	1.86639e-05	7.61933e-09	1.3639e-12	1.32395e-16	7.92818e-21	3.19014e-25	9.34581e-30	2.45706e-34	2.20845e-37	1.61076e-40	1.0587e-42	6.1772e-47	5.63114e-50	2.22939e-54	5.88173e-58	2.39339e-62	
FGA456	0	0	0	0	0	0	0	0	0	0	0	1	0	0	0	0	0	0	0	0	0	0	0	0	0	0	0	0	0	
FGA513	0	0	0	0	0	0	0	0	0	0	0	1	0	0	0	0	0	0	0	0	0	0	0	0	0	0	0	0	0	
F12278	0	0	0	0	0	0	0	0	0	0	0	1	0	0	0	0	0	0	0	0	0	0	0	0	0	0	0	0	0	
N35	1.08268e-77	1.4839e-52	2.89308e-45	1.04063e-38	1.25848e-32	6.72372e-27	1.7501e-21	2.1479e-16	1.10063e-11	1.96336e-07	0.000957308	0.70087	0.283159	0.0149942	1.96088e-05	8.17086e-09	1.61535e-12	1.83544e-16	1.34532e-20	7.17153e-25	4.63786e-29	2.73669e-31	3.22922e-34	2.96785e-36	2.79339e-40	1.54e-43	8.52188e-48	2.76159e-51	1.53664e-55	
Furant	0	0	0	0	0	0	0	0	0	0	0	1	0	0	0	0	0	0	0	0	0	0	0	0	0	0	0	0	0	
FGA331	0	0	0	0	0	0	0	0	0	0	0	0	0	1	0	0	0	0	0	0	0	0	0	0	0	0	0	0	0	
FGA465	0	0	0	0	0	0	0	0	0	0	1	0	0	0	0	0	0	0	0	0	0	0	0	0	0	0	0	0	0	
N36	1.90422e-74	4.61385e-49	1.52498e-41	8.71542e-35	1.46423e-28	8.61298e-23	1.88827e-17	1.48801e-12	3.77114e-08	0.000240262	0.210114	0.781308	0.00832727	1.06302e-05	4.30258e-09	7.98245e-13	8.25259e-17	5.36166e-21	2.37325e-25	7.62677e-30	1.95289e-34	4.07288e-38	2.54925e-41	1.14022e-43	8.01812e-48	6.74193e-51	2.98754e-55	6.25608e-59	2.6161e-63	
FGA99	0	0	0	0	0	0	0	0	0	0	1	0	0	0	0	0	0	0	0	0	0	0	0	0	0	0	0	0	0	
N37	4.72998e-74	1.05516e-48	3.21454e-41	1.68996e-34	2.60359e-28	1.40444e-22	2.80067e-17	2.01416e-12	4.68986e-08	0.000277487	0.230864	0.763895	0.0049577	5.40773e-06	2.0539e-09	3.7345e-13	3.88012e-17	2.57613e-21	1.17999e-25	4.59516e-30	6.40426e-34	9.32768e-36	1.96403e-39	1.95596e-41	1.19572e-45	1.33099e-48	5.79381e-53	2.44245e-56	1.18064e-60	
FGA15	0	0	0	0	0	0	0	0	0	0	1	0	0	0	0	0	0	0	0	0	0	0	0	0	0	0	0	0	0	
FGA581	0	0	0	0	0	0	0	0	0	0	0	1	0	0	0	0	0	0	0	0	0	0	0	0	0	0	0	0	0	
FGA104	0	0	0	0	0	0	0	0	0	0	0	0	1	0	0	0	0	0	0	0	0	0	0	0	0	0	0	0	0	
FGA489	0	0	0	0	0	0	0	0	0	0	1	0	0	0	0	0	0	0	0	0	0	0	0	0	0	0	0	0	0	
FGA174	0	0	0	0	0	0	0	0	0	0	0	0	0	1	0	0	0	0	0	0	0	0	0	0	0	0	0	0	0	
FurbGB	0	0	0	0	0	0	0	0	0	0	0	1	0	0	0	0	0	0	0	0	0	0	0	0	0	0	0	0	0	
N38	5.2061e-82	4.01584e-59	2.87809e-54	6.20942e-50	6.90278e-44	3.52327e-38	6.91987e-33	5.1166e-28	1.73529e-23	6.61665e-19	1.23035e-14	9.08316e-11	2.25132e-07	0.000143852	0.0179428	0.315104	0.555449	0.108217	0.00311968	2.35011e-05	6.66878e-08	8.93661e-11	6.56057e-14	3.18472e-17	1.50046e-20	1.19052e-22	3.59889e-25	3.89979e-26	1.17319e-27	
N39	4.86939e-85	1.31869e-60	6.22667e-54	6.54549e-48	2.78418e-42	5.90139e-37	6.6133e-32	3.92159e-27	1.21439e-22	1.91239e-18	1.47173e-14	5.24039e-11	7.90117e-08	4.36152e-05	0.00687642	0.19766	0.587824	0.196265	0.0111438	0.000185117	1.25937e-06	4.32148e-09	8.58283e-12	1.08645e-14	9.41821e-18	6.14747e-21	4.85669e-24	5.85445e-26	4.14241e-27	
N40	5.84932e-86	2.87674e-61	2.23291e-54	3.40027e-48	1.77306e-42	3.77205e-37	3.34162e-32	9.81065e-28	2.93748e-25	8.23019e-21	1.43163e-16	1.18085e-12	4.27133e-09	5.94641e-06	0.00252866	0.203124	0.654728	0.135777	0.00380571	2.9674e-05	9.38568e-08	1.49892e-10	1.38971e-13	8.22679e-17	3.32891e-20	9.68567e-24	2.10652e-27	3.54508e-31	6.18915e-35	
CGA312	0	0	0	0	0	0	0	0	0	0	0	0	0	0	0	0	0	1	0	0	0	0	0	0	0	0	0	0	0	
N41	5.95155e-100	5.96814e-74	7.93966e-66	1.645e-58	9.19115e-52	1.70111e-45	1.13983e-39	1.57608e-34	2.19453e-31	9.93356e-26	2.26731e-20	2.18959e-15	8.06913e-11	9.4088e-07	0.0023548	0.26555	0.661717	0.0698803	0.000496326	6.54118e-07	2.73339e-10	4.83438e-14	4.30198e-18	2.14903e-22	6.46766e-27	1.22581e-31	7.63883e-36	1.47548e-36	5.0947e-37	
N42	2.11194e-96	2.83852e-71	1.14906e-63	3.34788e-57	1.48755e-51	4.89631e-47	6.7862e-43	7.46051e-38	6.78231e-34	5.18883e-29	1.58746e-22	1.69609e-16	5.29094e-11	3.33843e-06	0.00960091	0.447768	0.536717	0.00590884	2.37886e-06	1.50832e-10	2.93741e-15	2.39909e-20	9.62587e-26	2.06823e-31	2.50854e-37	1.02126e-42	2.93072e-42	2.07936e-42	2.09104e-41	
N43	1.33094e-90	1.02377e-66	1.09062e-60	2.1464e-55	1.4103e-50	4.04939e-46	5.72817e-42	1.98849e-37	1.96099e-33	3.14121e-27	2.52331e-21	7.34938e-16	7.20144e-11	1.8628e-06	0.00698704	0.434738	0.552092	0.00617716	4.59522e-06	7.68076e-10	4.67431e-14	1.28296e-18	1.78382e-23	1.38828e-27	3.9329e-31	3.16176e-34	3.86877e-38	1.17715e-39	1.64899e-38	
N44	9.80081e-95	4.47769e-69	2.54318e-61	2.30674e-54	5.74009e-48	4.76694e-42	1.3998e-36	1.3024e-31	1.18465e-28	8.97481e-26	1.04931e-20	5.80988e-16	1.35933e-11	1.16449e-07	0.000282567	0.11185	0.821447	0.0662164	0.000204091	1.6388e-07	5.43471e-11	9.34728e-15	9.54269e-19	6.31353e-23	2.87642e-27	9.44131e-32	2.35557e-36	1.19729e-40	1.60169e-40	
CGA642	0	0	0	0	0	0	0	0	0	0	0	0	0	0	0	0	1	0	0	0	0	0	0	0	0	0	0	0	0	
N45	3.58513e-86	6.37125e-63	1.64107e-57	6.01825e-53	9.47222e-50	3.30282e-47	6.04765e-42	1.04753e-36	8.69141e-32	2.09552e-27	4.58393e-22	4.7967e-17	2.1237e-12	3.44623e-08	0.000157786	0.115586	0.801736	0.0823353	0.000185277	1.02185e-07	2.25148e-11	2.51721e-15	1.64627e-19	6.98221e-24	4.03687e-28	3.80096e-31	1.55689e-34	8.25147e-38	2.80942e-39	
CGA763	0	0	0	0	0	0	0	0	0	0	0	0	0	0	0	1	0	0	0	0	0	0	0	0	0	0	0	0	0	
C601	0	0	0	0	0	0	0	0	0	0	0	0	0	0	0	0	0	1	0	0	0	0	0	0	0	0	0	0	0	
N46	9.28615e-86	2.42998e-62	1.00515e-56	5.29925e-52	1.02097e-48	2.18812e-46	1.22979e-40	2.40272e-35	1.22677e-29	4.88553e-24	8.44286e-19	5.87815e-14	1.43916e-09	9.58278e-06	0.0100237	0.446902	0.536118	0.00693653	1.06209e-05	4.54469e-09	7.98681e-13	7.12226e-17	3.66779e-21	1.78704e-25	1.19387e-28	2.52917e-31	8.40657e-35	8.43947e-38	3.80584e-39	
CGA236	0	0	0	0	0	0	0	0	0	0	0	0	0	0	0	0	1	0	0	0	0	0	0	0	0	0	0	0	0	
N47	4.70232e-93	1.18979e-67	4.37271e-60	3.02959e-53	7.21267e-47	7.70899e-41	4.18067e-35	1.18777e-29	1.73209e-24	1.18576e-19	3.60247e-15	4.45069e-11	1.92192e-07	0.000221635	0.0409926	0.51307	0.438046	0.00764572	2.31638e-05	2.36026e-08	1.1136e-11	2.91933e-15	4.77478e-19	5.33454e-23	8.0933e-27	1.64147e-29	1.39678e-32	3.22025e-35	1.58502e-36	
N48	1.35835e-84	7.64508e-60	6.68208e-53	1.14316e-46	6.56132e-41	1.50533e-35	1.46468e-30	6.1474e-26	1.144e-21	1.83734e-17	2.78087e-13	1.80932e-09	4.31098e-06	0.00268675	0.0832937	0.489695	0.391836	0.0323003	0.000183577	3.43109e-07	3.07244e-10	1.58753e-13	5.29733e-17	1.23171e-20	2.11248e-24	2.93749e-28	5.13836e-32	1.14146e-34	1.33516e-36	
Calboe	0	0	0	0	0	0	0	0	0	0	0	0	0	1	0	0	0	0	0	0	0	0	0	0	0	0	0	0	0	
C3125	0	0	0	0	0	0	0	0	0	0	0	0	0	0	0	0	0	1	0	0	0	0	0	0	0	0	0	0	0	
CGA429	0	0	0	0	0	0	0	0	0	0	0	0	0	0	1	0	0	0	0	0	0	0	0	0	0	0	0	0	0	
N49	2.33281e-81	1.2481e-57	9.52599e-52	1.27254e-46	1.10212e-42	2.29059e-40	2.31877e-36	1.34108e-31	9.21276e-26	2.85841e-20	3.40881e-15	1.39505e-10	1.56661e-06	0.00300182	0.238646	0.599821	0.157876	0.000652604	2.94901e-07	4.6565e-11	3.56012e-15	1.54916e-19	4.21174e-24	7.62698e-29	3.20071e-33	2.42027e-36	7.3309e-38	6.23961e-39	1.17558e-38	
C984	0	0	0	0	0	0	0	0	0	0	0	0	0	1	0	0	0	0	0	0	0	0	0	0	0	0	0	0	0	
N50	5.41191e-78	5.28427e-55	8.64685e-50	2.3202e-45	2.08221e-42	3.90436e-39	2.8832e-33	1.00329e-27	1.57763e-22	1.08264e-17	3.07133e-13	3.23842e-09	1.04138e-05	0.00688438	0.341023	0.558746	0.0929684	0.00036787	3.42194e-07	1.31935e-10	2.69322e-14	3.32932e-18	2.70878e-22	1.80489e-26	1.40742e-29	5.14649e-32	3.25378e-35	6.26065e-38	4.79273e-39	
CGA310	0	0	0	0	0	0	0	0	0	0	0	0	0	0	1	0	0	0	0	0	0	0	0	0	0	0	0	0	0	
N51	1.13299e-82	5.82492e-58	5.10738e-51	9.83889e-45	7.25596e-39	2.45145e-33	4.00447e-28	3.20327e-23	1.2421e-18	2.22314e-14	1.73118e-10	5.26204e-07	0.000511805	0.10459	0.726081	0.163911	0.00488297	2.29253e-05	3.99174e-08	3.50186e-11	1.82304e-14	6.24111e-18	1.50778e-21	2.70639e-25	3.75817e-29	4.2937e-33	5.47037e-37	7.80013e-40	6.64984e-42	
CGA365	0	0	0	0	0	0	0	0	0	0	0	0	0	0	1	0	0	0	0	0	0	0	0	0	0	0	0	0	0	
CGA494	0	0	0	0	0	0	0	0	0	0	0	0	0	1	0	0	0	0	0	0	0	0	0	0	0	0	0	0	0	
N52	6.66471e-94	1.91178e-68	6.92193e-61	4.05674e-54	6.66007e-48	3.728e-42	7.61263e-37	5.00188e-32	1.91808e-29	3.23575e-25	2.61553e-20	1.01393e-15	1.71157e-11	1.10414e-07	0.000213777	0.0736882	0.580976	0.330404	0.0146584	5.97582e-05	7.27737e-08	3.89024e-11	1.11327e-14	1.92353e-18	2.17359e-22	1.70768e-26	1.03526e-30	2.09141e-34	1.64261e-34	
N53	9.34978e-85	1.22089e-61	2.3787e-56	8.25553e-52	6.46316e-48	9.51529e-45	3.10742e-41	4.31895e-36	6.25666e-31	1.1504e-25	1.36036e-20	7.35102e-16	1.66477e-11	1.36057e-07	0.000302749	0.0961758	0.601099	0.296142	0.00626615	1.45104e-05	1.02742e-08	3.23202e-12	5.50494e-16	5.73337e-20	3.96064e-24	1.94701e-28	2.02218e-32	8.91779e-36	1.12011e-37	
C12265	0	0	0	0	0	0	0	0	0	0	0	0	0	0	0	0	0	1	0	0	0	0	0	0	0	0	0	0	0	
N54	5.74437e-101	1.0264e-74	9.60704e-66	5.07878e-58	5.91854e-51	2.13438e-44	2.80332e-38	1.44714e-32	8.50065e-31	8.67328e-26	3.31613e-20	5.23658e-15	3.06496e-10	5.59419e-06	0.0204424	0.92205	0.0570645	0.000437594	2.99911e-07	5.41768e-11	4.01601e-15	1.49007e-19	3.08096e-24	3.83044e-29	1.69727e-33	1.88251e-36	2.15261e-39	2.83473e-42	7.82259e-44	
C404	0	0	0	0	0	0	0	0	0	0	0	0	0	0	1	0	0	0	0	0	0	0	0	0	0	0	0	0	0	
N55	3.39508e-87	9.68644e-64	3.9585e-58	2.97192e-53	6.91775e-49	5.87504e-45	1.99878e-41	5.41334e-37	1.79299e-32	1.99198e-26	9.40168e-21	1.7872e-15	1.25754e-10	2.70932e-06	0.0110093	0.952295	0.0365729	0.000119609	4.4271e-08	5.0733e-12	2.61381e-16	7.3049e-21	1.22233e-25	1.52701e-30	8.86838e-35	6.32463e-38	1.81928e-41	5.98996e-45	1.0346e-46	
Cl11778	0	0	0	0	0	0	0	0	0	0	0	0	0	0	0	1	0	0	0	0	0	0	0	0	0	0	0	0	0	
CGA48	0	0	0	0	0	0	0	0	0	0	0	0	0	0	0	1	0	0	0	0	0	0	0	0	0	0	0	0	0	
C3126	0	0	0	0	0	0	0	0	0	0	0	0	0	0	0	0	0	0	1	0	0	0	0	0	0	0	0	0	0	
N56	8.59727e-90	9.62068e-65	1.45358e-57	3.69011e-51	2.83517e-45	8.83211e-40	1.3203e-34	9.80116e-30	2.35837e-25	4.76635e-24	6.74175e-21	1.09284e-16	8.75522e-13	2.97515e-09	3.71065e-06	0.0013539	0.0992776	0.77962	0.117968	0.00176902	7.50213e-06	1.33765e-08	1.24046e-11	6.82638e-15	2.4353e-18	5.99399e-22	1.06529e-25	1.4186e-29	1.7935e-33	
CGA311	0	0	0	0	0	0	0	0	0	0	0	0	0	0	0	0	0	1	0	0	0	0	0	0	0	0	0	0	0	
N57	2.87358e-88	4.27956e-65	9.727e-60	3.9105e-55	3.53232e-51	8.05096e-48	1.19332e-42	2.0795e-37	9.84394e-33	1.01098e-28	1.20609e-23	6.96894e-19	1.77623e-14	1.79716e-10	6.1269e-07	0.0005401	0.078409	0.794285	0.125238	0.00152285	4.39804e-06	4.72632e-09	2.41196e-12	6.81125e-16	1.1815e-19	1.36025e-23	1.32753e-27	2.34349e-31	5.16161e-33	
N58	4.87484e-102	3.34319e-76	2.86673e-68	4.06289e-61	1.70897e-54	2.79471e-48	2.09339e-42	7.52968e-37	9.10936e-32	1.07554e-29	5.58569e-25	4.89836e-20	1.99724e-15	3.411e-11	2.10078e-07	0.000359779	0.101342	0.854884	0.0432208	0.000193787	2.24376e-07	1.03175e-10	2.37327e-14	3.14633e-18	2.64097e-22	1.49905e-26	6.11228e-31	2.2656e-35	1.50719e-38	
CGA45	0	0	0	0	0	0	0	0	0	0	0	0	0	0	0	0	1	0	0	0	0	0	0	0	0	0	0	0	0	
N59	4.9696e-86	4.46315e-63	6.14044e-58	1.58812e-53	8.38266e-50	4.56833e-47	2.64781e-44	2.38585e-39	1.00622e-34	7.02182e-30	9.24876e-25	6.11489e-20	1.92556e-15	2.67426e-11	1.4365e-07	0.000236153	0.0736826	0.884026	0.0418454	0.000209436	2.92253e-07	1.7021e-10	5.14123e-14	9.19595e-18	1.06493e-21	9.56913e-26	1.08309e-28	8.40827e-32	2.54931e-33	
C3043	0	0	0	0	0	0	0	0	0	0	0	0	0	0	0	0	0	1	0	0	0	0	0	0	0	0	0	0	0	
CGA364	0	0	0	0	0	0	0	0	0	0	0	0	0	0	0	0	0	1	0	0	0	0	0	0	0	0	0	0	0	
C2208	0	0	0	0	0	0	0	0	0	0	0	0	0	0	0	0	0	0	1	0	0	0	0	0	0	0	0	0	0	
N60	1.04773e-82	1.83882e-58	4.74514e-52	2.12476e-46	2.82104e-41	1.34172e-36	2.48065e-32	1.83903e-28	4.70628e-25	9.75507e-22	9.18277e-18	4.42549e-14	1.02455e-10	1.05146e-07	4.23167e-05	0.00553154	0.174538	0.766067	0.0529785	0.000837238	5.2186e-06	1.65334e-08	3.08884e-11	3.75269e-14	3.17727e-17	1.97348e-20	9.35512e-24	3.50142e-27	1.30542e-30	
N61	3.11556e-97	8.81264e-72	3.29036e-64	2.07435e-57	3.76723e-51	2.36005e-45	5.34371e-40	3.9856e-35	2.90696e-31	3.34482e-29	3.77125e-24	2.33239e-19	6.75942e-15	8.37755e-11	3.85322e-07	0.000515772	0.123661	0.858628	0.0171421	5.28111e-05	5.25339e-08	2.34625e-11	5.66549e-15	8.3242e-19	8.06886e-23	5.4694e-27	2.71543e-31	1.05485e-35	1.4746e-39	
CGA453	0	0	0	0	0	0	0	0	0	0	0	0	0	0	0	0	0	1	0	0	0	0	0	0	0	0	0	0	0	
N62	6.1776e-104	4.75809e-78	4.74111e-70	7.92027e-63	3.78967e-56	6.2225e-50	3.67073e-44	6.83355e-39	3.78488e-35	4.22488e-32	1.0076e-26	1.71071e-21	1.38978e-16	4.94624e-12	6.68919e-08	0.00026724	0.184033	0.810963	0.00473186	4.51411e-06	1.44823e-09	2.15069e-13	1.77001e-17	9.05178e-22	3.11101e-26	7.65777e-31	3.53806e-35	4.23772e-39	1.3844e-41	
CGA501	0	0	0	0	0	0	0	0	0	0	0	0	0	0	0	0	0	1	0	0	0	0	0	0	0	0	0	0	0	
C3121	0	0	0	0	0	0	0	0	0	0	0	0	0	0	0	0	1	0	0	0	0	0	0	0	0	0	0	0	0	
N63	2.09319e-101	2.13117e-75	2.81429e-67	6.24847e-60	3.98324e-53	8.79228e-47	7.02675e-41	1.93658e-35	1.35788e-30	3.35281e-32	4.49266e-30	8.21603e-25	1.08265e-19	7.16178e-15	1.92877e-10	1.76391e-06	0.00392178	0.992273	0.00380136	2.31459e-06	4.73402e-10	4.48411e-14	2.34668e-18	7.57172e-23	1.62087e-27	2.42329e-32	2.62607e-37	2.12779e-42	1.66681e-47	
Calparcri	0	0	0	0	0	0	0	0	0	0	0	0	0	0	0	0	0	1	0	0	0	0	0	0	0	0	0	0	0	
C3118	0	0	0	0	0	0	0	0	0	0	0	0	0	0	0	0	0	1	0	0	0	0	0	0	0	0	0	0	0	
N64	6.38873e-86	3.94376e-62	3.44173e-56	5.6223e-51	3.05758e-46	9.89224e-42	8.1635e-36	9.53344e-30	4.74075e-24	9.17136e-19	5.6014e-14	8.62938e-10	2.34021e-06	0.00107724	0.0733792	0.566689	0.343902	0.0148828	6.71502e-05	6.90877e-08	2.47843e-11	3.92395e-15	3.13841e-19	2.12096e-23	7.34496e-27	1.82189e-29	9.57428e-33	4.24271e-35	7.67773e-36	
N65	1.91616e-85	9.38359e-61	6.89774e-54	9.69945e-48	4.6405e-42	9.5686e-37	9.68564e-32	5.20867e-27	1.60084e-22	2.73721e-18	2.24029e-14	8.09829e-11	1.17736e-07	5.93244e-05	0.00809155	0.19274	0.551992	0.230468	0.0163317	0.000314779	2.31198e-06	8.06596e-09	1.55081e-11	1.82522e-14	1.42138e-17	7.88742e-21	4.09882e-24	2.68006e-26	5.12428e-28	
N66	2.96701e-83	1.03729e-58	5.72306e-52	6.29949e-46	2.49675e-40	4.53959e-35	4.19669e-30	2.00993e-25	4.84229e-21	5.57841e-17	2.85574e-13	5.92456e-10	4.43446e-07	0.000110226	0.00821562	0.153639	0.534432	0.28313	0.0200962	0.000374123	2.68896e-06	9.39511e-09	1.85221e-11	2.28358e-14	1.89694e-17	1.12304e-20	4.95272e-24	1.70954e-27	9.43828e-31	
N67	9.33021e-80	4.17469e-55	2.69463e-48	3.08481e-42	1.07956e-36	1.41449e-31	7.69675e-27	1.88565e-22	2.44044e-18	2.27409e-14	1.04366e-10	1.50162e-07	2.88545e-05	0.00172766	0.0367221	0.262512	0.51124	0.181607	0.0061106	5.27173e-05	1.82472e-07	3.21739e-10	3.34364e-13	2.25785e-16	1.06187e-19	3.66288e-23	9.65962e-27	2.05338e-30	1.22737e-33	
N68	4.07452e-86	2.35787e-61	1.93669e-54	2.82992e-48	1.33094e-42	2.62423e-37	2.42795e-32	9.76691e-28	9.35173e-24	6.93541e-21	9.13647e-17	5.44668e-13	1.27721e-09	1.07101e-06	0.000286566	0.0207257	0.312085	0.62089	0.0453884	0.000620484	2.86013e-06	5.97782e-09	6.76203e-12	4.65348e-15	2.11581e-18	6.77565e-22	1.65875e-25	1.05454e-28	5.29923e-31	
Triowe	0	0	0	0	0	0	0	0	0	0	0	0	0	0	0	0	0	1	0	0	0	0	0	0	0	0	0	0	0	
N69	8.39049e-90	3.49478e-65	2.09437e-58	2.21344e-52	7.48123e-47	1.1158e-41	1.00246e-36	6.90522e-32	3.64127e-27	1.24394e-22	2.24838e-18	1.94564e-14	7.51968e-11	1.16731e-07	6.19945e-05	0.00885177	0.237543	0.692128	0.0604566	0.000954053	5.03046e-06	1.20289e-08	1.56258e-11	1.24097e-14	6.54614e-18	2.45787e-21	9.11522e-25	1.16418e-27	6.75001e-29	
Trijoh	0	0	0	0	0	0	0	0	0	0	0	0	0	0	0	0	0	1	0	0	0	0	0	0	0	0	0	0	0	
Trimel	0	0	0	0	0	0	0	0	0	0	0	0	0	0	0	0	0	1	0	0	0	0	0	0	0	0	0	0	0	
N70	6.47224e-74	4.45425e-49	4.57181e-42	8.7791e-36	5.44998e-30	1.3252e-24	1.36409e-19	6.02575e-15	1.07815e-10	7.06079e-07	0.00135939	0.446988	0.455145	0.0903112	0.00602976	0.000164226	1.91398e-06	8.98866e-09	1.49607e-11	1.19434e-14	5.50111e-18	1.63612e-21	3.38438e-25	5.12959e-29	5.91911e-33	5.35305e-37	3.88057e-41	2.29751e-45	1.29636e-49	
N71	3.25734e-75	4.59902e-50	9.13975e-43	3.21496e-36	3.42349e-30	1.33226e-24	2.03107e-19	1.2143e-14	2.68154e-10	1.9051e-06	0.00327363	0.68729	0.292088	0.0170783	0.000266677	1.4614e-06	3.20354e-09	3.02372e-12	1.35406e-15	3.38958e-19	5.35053e-23	5.79003e-27	4.55935e-31	2.73755e-35	1.31541e-39	2.42149e-43	5.4533e-47	3.79648e-49	5.31971e-52	
Trihoe	0	0	0	0	0	0	0	0	0	0	0	1	0	0	0	0	0	0	0	0	0	0	0	0	0	0	0	0	0	
Tribit	0	0	0	0	0	0	0	0	0	0	0	1	0	0	0	0	0	0	0	0	0	0	0	0	0	0	0	0	0	
Trijac	0	0	0	0	0	0	0	0	0	0	0	1	0	0	0	0	0	0	0	0	0	0	0	0	0	0	0	0	0	
N72	1.24134e-84	2.89481e-60	1.00151e-53	6.29084e-48	1.292e-42	1.1381e-37	4.9687e-33	1.04344e-28	6.97074e-25	1.5971e-21	1.58784e-17	7.93887e-14	1.85616e-10	1.85838e-07	6.96321e-05	0.00792852	0.199467	0.704149	0.0862297	0.00213683	1.87887e-05	7.76034e-08	1.78091e-10	2.53801e-13	2.4302e-16	1.65753e-19	8.42416e-23	3.32394e-26	1.41885e-29	
Tricri	0	0	0	0	0	0	0	0	0	0	0	0	0	0	0	0	0	1	0	0	0	0	0	0	0	0	0	0	0	
N73	5.11331e-90	1.92701e-65	1.0378e-58	9.72751e-53	2.7516e-47	2.95677e-42	1.4689e-37	4.59558e-33	1.35557e-28	4.28331e-24	8.91431e-20	9.34553e-16	4.66925e-12	1.02174e-08	8.5807e-06	0.00223442	0.125262	0.783345	0.0874752	0.00166419	1.03836e-05	2.91388e-08	4.42291e-11	4.09498e-14	2.51527e-17	1.09034e-20	3.51525e-24	9.33323e-28	2.11832e-30	
Triwie	0	0	0	0	0	0	0	0	0	0	0	0	0	0	0	0	0	1	0	0	0	0	0	0	0	0	0	0	0	
Triqua	0	0	0	0	0	0	0	0	0	0	0	0	0	0	0	0	0	1	0	0	0	0	0	0	0	0	0	0	0	
N74	7.79498e-80	1.02813e-55	2.42695e-49	1.19023e-43	2.10118e-38	1.639e-33	6.21958e-29	1.2046e-24	1.21649e-20	6.41376e-17	1.73555e-13	2.32633e-10	1.45414e-07	3.84575e-05	0.00367173	0.0962752	0.449644	0.379262	0.0672414	0.00377684	8.98962e-05	1.09795e-06	7.83819e-09	3.58795e-11	1.12779e-13	2.57089e-16	4.57956e-19	1.5262e-21	1.48418e-22	
N75	2.17681e-79	1.1703e-55	1.00624e-49	1.64114e-44	9.55216e-40	2.85073e-35	5.77082e-31	8.75627e-27	9.14946e-23	5.82383e-19	2.02428e-15	3.63699e-12	3.22645e-09	1.31618e-06	0.000221615	0.0130717	0.210347	0.628119	0.140183	0.00787816	0.000175623	1.97103e-06	1.28956e-08	5.43012e-11	1.57991e-13	3.34993e-16	5.39456e-19	6.83684e-22	9.12352e-25	
Kinboe	0	0	0	0	0	0	0	0	0	0	0	0	0	0	0	0	0	1	0	0	0	0	0	0	0	0	0	0	0	
Kinfis	0	0	0	0	0	0	0	0	0	0	0	0	0	0	0	0	0	1	0	0	0	0	0	0	0	0	0	0	0	
Kinxen	0	0	0	0	0	0	0	0	0	0	0	0	0	0	0	0	0	1	0	0	0	0	0	0	0	0	0	0	0	
N76	1.88264e-67	4.47691e-45	1.81549e-40	1.04155e-36	5.56405e-34	4.55625e-32	2.98096e-27	1.78556e-22	4.523e-18	4.67822e-14	1.80821e-10	2.19557e-07	6.23241e-05	0.00501772	0.114541	0.564005	0.302739	0.0135298	0.000104686	2.94492e-07	4.06436e-10	3.24072e-13	1.6501e-16	5.82511e-20	3.23921e-23	3.52535e-25	2.62774e-27	1.40476e-29	5.5557e-30	
N77	1.30092e-62	5.95108e-39	4.51493e-33	6.2798e-28	2.7671e-23	4.7195e-19	3.38985e-15	1.0492e-11	1.36656e-08	6.95475e-06	0.00119193	0.0512865	0.272812	0.405141	0.219397	0.0464914	0.00358429	8.76169e-05	9.81561e-07	6.22517e-09	2.53408e-11	7.1884e-14	1.50568e-16	2.43092e-19	3.127e-22	3.29029e-25	2.89483e-28	2.19728e-31	2.59484e-34	
N78	9.9125e-72	6.60198e-47	6.27372e-40	1.04618e-33	5.24707e-28	9.56095e-23	6.81153e-18	1.90157e-13	1.96179e-09	6.58769e-06	0.0055545	0.633986	0.333879	0.0260123	0.000557206	4.23216e-06	1.321e-08	1.94534e-11	1.55769e-14	7.57729e-18	2.43061e-21	5.46522e-25	9.02302e-29	1.13394e-32	1.11604e-36	8.80166e-41	5.66889e-45	3.06523e-49	1.8848e-53	
N79	1.29532e-77	3.13976e-52	1.07098e-44	6.62898e-38	1.27634e-31	9.12697e-26	2.57734e-20	2.84519e-15	1.10727e-10	1.30162e-06	0.00337241	0.905082	0.0907328	0.00080973	1.61691e-06	1.13264e-09	3.62209e-13	6.25992e-17	6.55755e-21	4.51766e-25	2.17364e-29	7.64561e-34	2.04472e-38	5.89373e-43	2.96151e-47	2.19543e-50	1.51389e-54	6.36205e-58	6.128e-62	
N80	9.78644e-75	1.37845e-49	2.71196e-42	9.3661e-36	9.71844e-30	3.6575e-24	5.34622e-19	3.03088e-14	6.24713e-10	4.03496e-06	0.00598091	0.932433	0.0612299	0.000351553	5.27271e-07	3.22452e-10	1.01814e-13	1.91721e-17	2.37e-21	2.067e-25	1.39831e-29	4.81878e-33	7.2228e-36	1.60805e-37	2.68124e-41	1.49366e-43	1.62612e-47	2.48169e-50	3.75849e-54	
Chaafr	0	0	0	0	0	0	0	0	0	0	0	1	0	0	0	0	0	0	0	0	0	0	0	0	0	0	0	0	0	
Chacha	0	0	0	0	0	0	0	0	0	0	0	1	0	0	0	0	0	0	0	0	0	0	0	0	0	0	0	0	0	
N81	1.57548e-74	1.94487e-49	3.45672e-42	1.10678e-35	1.08619e-29	3.92488e-24	5.57247e-19	3.09678e-14	6.30215e-10	4.04791e-06	0.00601385	0.945325	0.0484207	0.00023588	3.16456e-07	1.78693e-10	5.32074e-14	9.59555e-18	1.15028e-21	9.80847e-26	6.33431e-30	7.82243e-34	7.1426e-37	8.33853e-39	1.46808e-42	4.38743e-45	5.00855e-49	4.48067e-52	6.40028e-56	
Chacaly	0	0	0	0	0	0	0	0	0	0	0	1	0	0	0	0	0	0	0	0	0	0	0	0	0	0	0	0	0	
Chazey	0	0	0	0	0	0	0	0	0	0	0	1	0	0	0	0	0	0	0	0	0	0	0	0	0	0	0	0	0	
N82	5.21071e-69	2.0525e-44	1.16586e-37	1.15345e-31	3.4138e-26	3.65908e-21	1.5238e-16	2.46764e-12	1.4629e-08	2.75942e-05	0.01244	0.687803	0.284617	0.0149108	0.000200291	9.76286e-07	2.16494e-09	2.57346e-12	1.8477e-15	8.74342e-19	2.91033e-22	7.18066e-26	1.47874e-29	6.53781e-32	4.8199e-35	1.43819e-36	6.3811e-40	8.69162e-42	1.01779e-44	
Chadil	0	0	0	0	0	0	0	0	0	0	0	1	0	0	0	0	0	0	0	0	0	0	0	0	0	0	0	0	0	
Chasen	0	0	0	0	0	0	0	0	0	0	0	1	0	0	0	0	0	0	0	0	0	0	0	0	0	0	0	0	0	
Chanam	0	0	0	0	0	0	0	0	0	0	0	1	0	0	0	0	0	0	0	0	0	0	0	0	0	0	0	0	0	
N83	9.46895e-86	5.51032e-61	4.5895e-54	6.44483e-48	2.59797e-42	3.59562e-37	1.78358e-32	2.67369e-28	2.34308e-26	2.68903e-23	6.66565e-19	8.19604e-15	4.66484e-11	1.11374e-07	9.6581e-05	0.0237293	0.950011	0.0260176	0.000145241	3.03516e-07	3.11291e-10	1.83154e-13	6.8416e-17	1.74126e-20	3.17913e-24	4.32836e-28	4.52803e-32	3.74272e-36	2.98787e-40	
N84	1.36993e-107	3.82976e-81	4.70102e-72	5.42191e-64	1.35126e-56	9.83149e-50	2.1601e-43	1.35656e-37	1.94439e-34	3.74072e-32	1.63625e-26	4.22293e-21	7.50853e-16	4.71766e-11	8.76252e-07	0.00327869	0.989352	0.00736298	5.37335e-06	1.02087e-09	7.60603e-14	2.73588e-18	5.33543e-23	6.0598e-28	4.51864e-33	4.50452e-37	1.33043e-39	1.92636e-41	7.34489e-42	
N85	2.03699e-92	1.41484e-68	1.31737e-62	2.18635e-57	1.13345e-52	2.28995e-48	2.0367e-44	8.33895e-41	3.2491e-38	8.70002e-34	1.20865e-27	7.20423e-22	1.74734e-16	1.56732e-11	4.30747e-07	0.0024148	0.991365	0.00621608	3.42703e-06	4.79644e-10	2.62888e-14	7.04102e-19	1.03902e-23	9.80303e-29	3.56494e-32	2.53212e-35	2.79354e-39	2.98196e-43	1.60139e-42	
Braset	0	0	0	0	0	0	0	0	0	0	0	0	0	0	0	0	1	0	0	0	0	0	0	0	0	0	0	0	0	
N86	2.33789e-91	9.6535e-68	5.83027e-62	6.51467e-57	1.00407e-53	1.63149e-51	6.13114e-46	2.09862e-40	5.2601e-37	1.42434e-31	6.69849e-26	1.48815e-20	1.4797e-15	5.98151e-11	8.27997e-07	0.00279612	0.991112	0.00608681	4.69301e-06	1.10339e-09	1.14111e-13	6.29608e-18	2.07981e-22	4.47201e-27	3.24933e-31	2.51444e-34	3.7894e-38	1.72203e-41	1.89286e-43	
N87	2.1378e-108	1.3527e-81	8.8326e-73	8.30259e-65	1.99528e-57	1.5342e-50	4.03626e-44	3.34404e-38	2.96759e-36	4.21441e-35	4.23948e-29	2.83114e-23	9.86597e-18	1.35953e-12	6.42398e-08	0.000766498	0.997904	0.00132968	2.48418e-07	1.51937e-11	4.17192e-16	6.00061e-21	4.92842e-26	2.40721e-31	7.1005e-37	1.45667e-42	3.809e-48	4.26422e-53	1.15316e-57	
Bramel	0	0	0	0	0	0	0	0	0	0	0	0	0	0	0	0	1	0	0	0	0	0	0	0	0	0	0	0	0	
Bratha	0	0	0	0	0	0	0	0	0	0	0	0	0	0	0	0	1	0	0	0	0	0	0	0	0	0	0	0	0	
N88	3.46217e-104	3.62737e-78	4.85728e-70	1.08922e-62	7.00865e-56	1.55551e-49	1.24769e-43	3.03699e-38	5.45782e-36	1.23772e-31	5.41025e-26	1.16325e-20	1.15403e-15	4.76901e-11	6.90892e-07	0.00251143	0.992986	0.00449904	2.82746e-06	5.74736e-10	5.33766e-14	2.72558e-18	8.57062e-23	1.78969e-27	2.77658e-32	9.94074e-37	7.2536e-41	1.93553e-44	4.02268e-47	
Bradra	0	0	0	0	0	0	0	0	0	0	0	0	0	0	0	0	1	0	0	0	0	0	0	0	0	0	0	0	0	
Bratra	0	0	0	0	0	0	0	0	0	0	0	0	0	0	0	0	1	0	0	0	0	0	0	0	0	0	0	0	0	
N89	6.9444e-101	4.26488e-75	3.36606e-67	4.4509e-60	1.6899e-53	2.21482e-47	1.05004e-41	1.50459e-36	1.97564e-34	4.35681e-30	1.13418e-24	1.45177e-19	8.58836e-15	2.12316e-10	1.84798e-06	0.00406355	0.988957	0.00697086	6.97464e-06	2.28277e-09	3.4398e-13	2.86624e-17	1.47737e-21	5.07295e-26	1.22729e-30	2.42605e-35	7.19655e-40	1.55331e-43	2.32234e-46	
Bragut	0	0	0	0	0	0	0	0	0	0	0	0	0	0	0	0	1	0	0	0	0	0	0	0	0	0	0	0	0	
Braven	0	0	0	0	0	0	0	0	0	0	0	0	0	0	0	0	1	0	0	0	0	0	0	0	0	0	0	0	0	
N90	2.66083e-95	4.04221e-70	8.36178e-63	2.98004e-56	3.12276e-50	1.15749e-44	1.61189e-39	7.35327e-35	5.16069e-31	5.7066e-26	3.86789e-21	1.2884e-16	1.97864e-12	1.26137e-08	2.79567e-05	0.0154531	0.960219	0.0242107	8.88319e-05	1.06283e-07	5.82914e-11	1.76814e-14	3.33842e-18	4.25353e-22	3.88413e-26	2.78467e-30	2.34749e-34	1.26451e-37	8.60432e-40	
Brapum	0	0	0	0	0	0	0	0	0	0	0	0	0	0	0	0	1	0	0	0	0	0	0	0	0	0	0	0	0	
Bradam	0	0	0	0	0	0	0	0	0	0	0	0	0	0	0	0	1	0	0	0	0	0	0	0	0	0	0	0	0	
