#Nodes with GAIN events with expectation above 0.5
N3: 0.987841
B3088: 1.28383
BGA709: 1.1076
BGA309: 1.1076
B983: 0.537137
B11604: 0.537137
PGA445: 2.50404
Rhatem: 0.576113
FGA379: 2.0255
Furcep: 1.99234
FGA331: 1.71842
FGA104: 0.87295
FGA174: 1.29697
CGA312: 1.49559
N44: 0.574603
C601: 1.06715
CGA236: 0.821523
C3125: 1.70254
N52: 0.598199
C12265: 0.927375
C3126: 1.83644
N56: 1.38258
C2208: 1.17235
N60: 1.72972
N65: 0.852076
N68: 0.937576
Triowe: 0.746673
Trijoh: 0.567967
Trimel: 0.567967
N72: 1.00927
Tricri: 0.60448
N75: 1.00693
Kinboe: 0.588163
Kinfis: 0.588163
Kinxen: 1.66918
Chanam: 0.504017
N83: 1.82973
Total number of gain events: 59.5102
#+++++++++++++++++++++++++++++

#Nodes with LOSS events with expectation above 0.5
B3088: 1.36355
BGA709: 1.21296
BGA309: 1.21296
B11696: 0.509221
B11609: 0.509221
B983: 0.65872
B11604: 0.65872
PGA445: 1.86826
N13: 0.837944
N14: 1.86235
Rhaspe: 4.79627
Rhamar: 4.51229
Rhatem: 3.61073
N18: 0.768124
FGA379: 0.833756
N19: 1.95618
N20: 0.847797
F3015: 1.78886
F1476: 1.25358
N28: 0.702059
FGA465: 1.09468
FGA99: 0.86095
FGA15: 0.806769
FGA489: 1.65385
FurbGB: 2.21216
CGA763: 1.00466
Calboe: 2.42289
CGA429: 1.57703
N49: 0.626911
C984: 2.07446
CGA310: 0.989389
N51: 0.728328
CGA494: 1.14216
N54: 1.19687
C404: 1.06155
CGA45: 1.06912
N60: 0.623881
C3121: 0.836186
N70: 3.83484
Trijac: 0.759714
N75: 0.509318
Kinboe: 0.507477
Kinfis: 0.507477
Kinxen: 1.09088
N77: 2.35282
N78: 1.71845
Chadil: 0.540918
Chasen: 0.540918
Chanam: 2.44852
N83: 1.0327
Total number of loss events: 91.4284
#+++++++++++++++++++++++++++++

#Nodes with duplication events with expectation above 0.5
Total number of duplication events: 0
#+++++++++++++++++++++++++++++

#Nodes with demi-duplication events with expectation above 0.5
Total number of demi-dulications events: 0
#+++++++++++++++++++++++++++++

#+++++++++++++++++++++++++++++

#Nodes with transitions in base number with expectation above 0.5
Total number of transitions in base number: 0
#+++++++++++++++++++++++++++++

#EVENTS NOT ACCOUNTED FOR IN THE SIMULATIONS: 
NONE
#+++++++++++++++++++++++++++++

#ALL EVENTS EXPECTATIONS PER NODE
NODE	GAIN	LOSS	DUPLICATION	DEMI-DUPLICATION	BASE-NUMBER
N2	0.470915	0.0768116	0	0	0
N3	0.987841	0.3271	0	0	0
N4	0.146802	0.0920616	0	0	0
B3088	1.28383	1.36355	0	0	0
N5	0.153543	0.127906	0	0	0
BGA709	1.1076	1.21296	0	0	0
BGA309	1.1076	1.21296	0	0	0
N6	0.39145	0.287808	0	0	0
N7	0.44433	0.478918	0	0	0
B11696	0.41519	0.509221	0	0	0
B11609	0.41519	0.509221	0	0	0
N8	0.103205	0.0953589	0	0	0
N9	0.0282746	0.0288093	0	0	0
N10	0.155557	0.169906	0	0	0
B983	0.537137	0.65872	0	0	0
B11604	0.537137	0.65872	0	0	0
N11	0.359861	0.422879	0	0	0
BGAA1	0.276775	0.349688	0	0	0
BGA584	0.276775	0.349688	0	0	0
N12	0.339565	0.387445	0	0	0
BGA303	0.353391	0.441976	0	0	0
BGAB1	0.353391	0.441976	0	0	0
PGA445	2.50404	1.86826	0	0	0
N13	0.0589467	0.837944	0	0	0
N14	0.0100194	1.86235	0	0	0
Rhaspe	0.491401	4.79627	0	0	0
N15	0.0101064	0.276722	0	0	0
Rhamar	0.47767	4.51229	0	0	0
Rhatem	0.576113	3.61073	0	0	0
N16	0.115839	0.02154	0	0	0
N17	0.444836	0.205735	0	0	0
N18	0.0519183	0.768124	0	0	0
FGA379	2.0255	0.833756	0	0	0
N19	0.0372942	1.95618	0	0	0
N20	0.0406439	0.847797	0	0	0
N21	0.00275608	0.456681	0	0	0
F3015	0.188257	1.78886	0	0	0
N22	0.00413696	0.131741	0	0	0
N23	0.0125003	0.080905	0	0	0
N24	0.00722029	0.274259	0	0	0
N25	0.00510569	0.0213991	0	0	0
F1476	0.132381	1.25358	0	0	0
N26	0.0215632	0.0154007	0	0	0
Furcep	1.99234	0.119694	0	0	0
N27	0.00398685	0.106824	0	0	0
Furpol	0.240396	0.264905	0	0	0
N28	0.01531	0.702059	0	0	0
N29	0.0190738	0.262186	0	0	0
F2241	0.0334683	0.128116	0	0	0
Furang	0.0334683	0.128116	0	0	0
FGA490	0.0779905	0.415751	0	0	0
N30	0.0124346	0.127483	0	0	0
N31	0.0181178	0.028666	0	0	0
N32	0.0394553	0.00826826	0	0	0
N33	0.00564311	0.021565	0	0	0
N34	0.0186282	0.0349415	0	0	0
FGA456	0.0373145	0.0481588	0	0	0
FGA513	0.0373145	0.0481588	0	0	0
F12278	0.088907	0.116065	0	0	0
N35	0.288287	0.019143	0	0	0
Furant	0.0390918	0.351341	0	0	0
FGA331	1.71842	0.030672	0	0	0
FGA465	0.0827893	1.09468	0	0	0
N36	0.0244537	0.249139	0	0	0
FGA99	0.0631954	0.86095	0	0	0
N37	0.0309885	0.0551934	0	0	0
FGA15	0.0332197	0.806769	0	0	0
FGA581	0.282448	0.0559972	0	0	0
FGA104	0.87295	0.277477	0	0	0
FGA489	0.180907	1.65385	0	0	0
FGA174	1.29697	0.356208	0	0	0
FurbGB	0.345588	2.21216	0	0	0
N38	0.249685	0.0121122	0	0	0
N39	0.309249	0.0648071	0	0	0
N40	0.417141	0.489432	0	0	0
CGA312	1.49559	0.430869	0	0	0
N41	0.0255065	0.160153	0	0	0
N42	0.00501698	0.266693	0	0	0
N43	0.028642	0.0101072	0	0	0
N44	0.574603	0.177862	0	0	0
CGA642	0.207574	0.161785	0	0	0
N45	0.0320749	0.0194808	0	0	0
CGA763	0.0378564	1.00466	0	0	0
C601	1.06715	0.0339548	0	0	0
N46	0.0171291	0.0346187	0	0	0
CGA236	0.821523	0.361503	0	0	0
N47	0.0195114	0.14752	0	0	0
N48	0.178968	0.22263	0	0	0
Calboe	0.0545843	2.42289	0	0	0
C3125	1.70254	0.0708679	0	0	0
CGA429	0.165058	1.57703	0	0	0
N49	0.00252006	0.626911	0	0	0
C984	0.159935	2.07446	0	0	0
N50	0.00607438	0.181718	0	0	0
CGA310	0.250507	0.989389	0	0	0
N51	0.0575766	0.728328	0	0	0
CGA365	0.218441	0.286572	0	0	0
CGA494	0.0740261	1.14216	0	0	0
N52	0.598199	0.113028	0	0	0
N53	0.019686	0.0935297	0	0	0
C12265	0.927375	0.139311	0	0	0
N54	0.0224212	1.19687	0	0	0
C404	0.0240595	1.06155	0	0	0
N55	0.0127847	0.0244741	0	0	0
Cl11778	0.0471156	0.0729132	0	0	0
CGA48	0.0471156	0.0729132	0	0	0
C3126	1.83644	0.122228	0	0	0
N56	1.38258	0.370615	0	0	0
CGA311	0.472333	0.491865	0	0	0
N57	0.0465747	0.0173056	0	0	0
N58	0.0599947	0.167253	0	0	0
CGA45	0.127571	1.06912	0	0	0
N59	0.0480523	0.021491	0	0	0
C3043	0.232943	0.201053	0	0	0
CGA364	0.232943	0.201053	0	0	0
C2208	1.17235	0.221158	0	0	0
N60	1.72972	0.623881	0	0	0
N61	0.158931	0.135318	0	0	0
CGA453	0.211394	0.103948	0	0	0
N62	0.0275645	0.0999454	0	0	0
CGA501	0.216926	0.0370991	0	0	0
C3121	0.0160131	0.836186	0	0	0
N63	0.367444	0.236503	0	0	0
Calparcri	0.00812814	0.00800883	0	0	0
C3118	0.00812814	0.00800883	0	0	0
N64	0.0320603	0.0191867	0	0	0
N65	0.852076	0.0954394	0	0	0
N66	0.405699	0.30663	0	0	0
N67	0.100866	0.402183	0	0	0
N68	0.937576	0.0981175	0	0	0
Triowe	0.746673	0.43891	0	0	0
N69	0.156128	0.0414191	0	0	0
Trijoh	0.567967	0.374914	0	0	0
Trimel	0.567967	0.374914	0	0	0
N70	0.0873034	3.83484	0	0	0
N71	0.0150606	0.344441	0	0	0
Trihoe	0.0733251	0.397098	0	0	0
Tribit	0.0733251	0.397098	0	0	0
Trijac	0.106552	0.759714	0	0	0
N72	1.00927	0.288305	0	0	0
Tricri	0.60448	0.479506	0	0	0
N73	0.183321	0.0972701	0	0	0
Triwie	0.367803	0.328881	0	0	0
Triqua	0.367803	0.328881	0	0	0
N74	0.472263	0.105552	0	0	0
N75	1.00693	0.509318	0	0	0
Kinboe	0.588163	0.507477	0	0	0
Kinfis	0.588163	0.507477	0	0	0
Kinxen	1.66918	1.09088	0	0	0
N76	0.0129467	0.105904	0	0	0
N77	0.0945548	2.35282	0	0	0
N78	0.156005	1.71845	0	0	0
N79	0.0639416	0.356984	0	0	0
N80	0.0211813	0.0542178	0	0	0
Chaafr	0.0957488	0.151694	0	0	0
Chacha	0.0957488	0.151694	0	0	0
N81	0.0312876	0.0773983	0	0	0
Chacaly	0.0770438	0.119915	0	0	0
Chazey	0.0770438	0.119915	0	0	0
N82	0.0317998	0.111276	0	0	0
Chadil	0.23837	0.540918	0	0	0
Chasen	0.23837	0.540918	0	0	0
Chanam	0.504017	2.44852	0	0	0
N83	1.82973	1.0327	0	0	0
N84	0.0340278	0.0323204	0	0	0
N85	0.00304309	0.00332911	0	0	0
Braset	0.136675	0.140482	0	0	0
N86	0.0105622	0.011071	0	0	0
N87	0.0607539	0.0634888	0	0	0
Bramel	0.00544162	0.00600517	0	0	0
Bratha	0.00544162	0.00600517	0	0	0
N88	0.0324699	0.0337764	0	0	0
Bradra	0.0235973	0.0255892	0	0	0
Bratra	0.0235973	0.0255892	0	0	0
N89	0.0733679	0.0745437	0	0	0
Bragut	0.0278449	0.0307625	0	0	0
Braven	0.0278449	0.0307625	0	0	0
N90	0.0826498	0.0761564	0	0	0
Brapum	0.0925521	0.101432	0	0	0
Bradam	0.0925521	0.101432	0	0	0
#+++++++++++++++++++++++++++++

#Expected number of events from root to leaf
LEAF	GAIN	LOSS	DUPLICATION	DEMI-DUPLICATION	BASE-NUMBER
B3088	2.88939	1.85952	0	0	0
BGA709	2.8667	1.83684	0	0	0
BGA309	2.8667	1.83684	0	0	0
B11696	2.70973	1.67986	0	0	0
B11609	2.70973	1.67986	0	0	0
B983	2.67438	1.64451	0	0	0
B11604	2.67438	1.64451	0	0	0
BGAA1	2.61832	1.58845	0	0	0
BGA584	2.61832	1.58845	0	0	0
BGA303	2.64637	1.6165	0	0	0
BGAB1	2.64637	1.6165	0	0	0
PGA445	2.97495	1.94507	0	0	0
Rhaspe	0.560367	7.49656	0	0	0
Rhamar	0.556742	7.4893	0	0	0
Rhatem	0.655185	6.58774	0	0	0
FGA379	2.69704	2.6671	0	0	0
F3015	0.940491	6.88286	0	0	0
F1476	0.913578	6.85588	0	0	0
Furcep	2.7951	5.7374	0	0	0
Furpol	1.04714	5.98943	0	0	0
F2241	0.874599	6.81689	0	0	0
Furang	0.874599	6.81689	0	0	0
FGA490	0.900048	6.84234	0	0	0
FGA456	0.907685	5.84999	0	0	0
FGA513	0.907685	5.84999	0	0	0
F12278	0.940649	5.88295	0	0	0
Furant	1.17348	6.11581	0	0	0
FGA331	2.85281	5.79514	0	0	0
FGA465	0.889433	6.83174	0	0	0
FGA99	0.876175	6.81848	0	0	0
FGA15	0.877188	6.81949	0	0	0
FGA581	1.12642	6.06872	0	0	0
FGA104	1.64182	5.58412	0	0	0
FGA489	0.937277	6.87959	0	0	0
FGA174	2.04645	4.99353	0	0	0
FurbGB	1.05442	6.00168	0	0	0
CGA312	3.09129	2.06244	0	0	0
CGA642	2.43704	2.40817	0	0	0
CGA763	2.2994	3.27053	0	0	0
C601	3.32869	2.29982	0	0	0
CGA236	2.49351	2.46465	0	0	0
Calboe	1.92505	4.89618	0	0	0
C3125	3.57301	2.54416	0	0	0
CGA429	1.85656	3.82769	0	0	0
C984	1.78868	4.75979	0	0	0
CGA310	1.88532	3.85643	0	0	0
CGA365	1.91083	3.88194	0	0	0
CGA494	1.76642	4.73753	0	0	0
C12265	3.16646	2.13759	0	0	0
C404	2.28557	4.2567	0	0	0
Cl11778	2.32141	3.29254	0	0	0
CGA48	2.32141	3.29254	0	0	0
C3126	4.05585	2.02698	0	0	0
CGA311	3.03347	2.00462	0	0	0
CGA45	2.79527	2.76643	0	0	0
C3043	2.9487	1.91986	0	0	0
CGA364	2.9487	1.91986	0	0	0
C2208	3.78006	1.75122	0	0	0
CGA453	2.96935	1.94048	0	0	0
CGA501	3.00244	1.97357	0	0	0
C3121	2.80153	2.77266	0	0	0
Calparcri	2.97459	1.94572	0	0	0
C3118	2.97459	1.94572	0	0	0
Triowe	3.24974	2.21995	0	0	0
Trijoh	3.22716	2.19737	0	0	0
Trimel	3.22716	2.19737	0	0	0
Trihoe	1.74118	6.2593	0	0	0
Tribit	1.74118	6.2593	0	0	0
Trijac	1.75934	6.27748	0	0	0
Tricri	3.07837	2.04855	0	0	0
Triwie	3.02501	1.9952	0	0	0
Triqua	3.02501	1.9952	0	0	0
Kinboe	3.12627	2.09646	0	0	0
Kinfis	3.12627	2.09646	0	0	0
Kinxen	3.20036	2.17055	0	0	0
Chaafr	0.651224	5.61874	0	0	0
Chacha	0.651224	5.61874	0	0	0
Chacaly	0.642625	5.61014	0	0	0
Chazey	0.642625	5.61014	0	0	0
Chadil	0.740522	5.70804	0	0	0
Chasen	0.740522	5.70804	0	0	0
Chanam	0.818364	5.78592	0	0	0
Braset	2.22327	2.1934	0	0	0
Bramel	2.16335	2.13348	0	0	0
Bratha	2.16335	2.13348	0	0	0
Bradra	2.15322	2.12336	0	0	0
Bratra	2.15322	2.12336	0	0	0
Bragut	2.18477	2.1549	0	0	0
Braven	2.18477	2.1549	0	0	0
Brapum	2.22473	2.19486	0	0	0
Bradam	2.22473	2.19486	0	0	0
