NODE	1	2	3	4	5	6	7	8	9	10	11	12	13	14	15	16	17	18	19	20	21	22	23	24	25	26	27	28	29	
N1	1.96155e-29	5.37207e-26	1.00937e-22	2.41935e-21	3.60578e-18	1.02485e-18	1.25136e-11	3.79589e-07	1.82622e-10	7.4298e-10	0.000164013	0.998334	0.00150189	5.67555e-08	1.10162e-11	6.40011e-12	1.57627e-12	5.301e-14	1.97054e-19	5.39384e-22	7.38431e-25	6.02356e-28	3.22904e-31	1.20989e-34	3.30239e-38	6.75663e-42	1.05694e-45	1.6008e-49	3.39888e-50	
N2	1.61699e-29	1.9665e-25	1.81074e-21	1.52721e-18	5.59978e-15	1.69462e-13	1.20456e-10	4.53165e-08	6.04801e-08	1.64798e-06	0.00200119	0.399181	0.00503594	7.33018e-06	9.91859e-08	2.84798e-05	0.00345298	0.581614	0.008376	0.000300295	7.41804e-07	5.41355e-10	6.12741e-12	7.68382e-13	8.29807e-15	1.05796e-16	7.61657e-18	9.99637e-22	3.70428e-24	
N3	4.89822e-35	4.47997e-30	2.77821e-25	1.34149e-22	6.79739e-18	1.97019e-17	1.52171e-13	9.44286e-10	1.7681e-10	1.1337e-09	8.63326e-06	0.00603758	4.06096e-05	1.47637e-08	3.77459e-10	1.27511e-06	0.00249168	0.978591	0.0127911	3.75709e-05	2.38518e-08	4.99795e-12	5.22531e-15	2.23818e-17	2.7737e-20	2.1938e-23	2.6923e-26	8.38864e-31	1.7856e-34	
N4	1.10774e-34	5.02052e-31	1.76517e-26	2.37445e-23	4.56767e-19	1.29269e-17	3.41075e-14	4.35754e-11	3.19168e-11	8.78494e-10	3.65839e-06	0.00165632	1.65689e-05	1.09484e-08	5.79631e-10	2.02695e-06	0.00416287	0.975051	0.0190648	4.26168e-05	2.31924e-08	5.6618e-12	2.64317e-14	2.85976e-15	7.31149e-17	2.66953e-19	5.441e-21	2.95724e-25	2.4214e-28	
B3088	0	0	0	0	0	0	0	0	0	0	0	0	0	0	0	0	0	1	0	0	0	0	0	0	0	0	0	0	0	
N5	2.74074e-33	3.04571e-29	2.58585e-25	2.58335e-22	9.28329e-19	4.26501e-17	4.07461e-14	3.00528e-11	1.43235e-10	4.30116e-09	4.92555e-06	0.000841767	1.44906e-05	2.72459e-08	1.19243e-08	1.33732e-05	0.00962568	0.960902	0.0284897	0.00010767	1.15787e-07	7.39295e-11	1.32548e-12	4.07368e-13	3.12848e-14	3.82759e-16	2.35063e-17	5.32318e-21	1.61955e-23	
N6	6.06029e-44	9.65007e-43	1.47606e-41	2.03478e-40	2.49761e-39	1.85203e-41	2.48348e-37	7.53294e-21	2.93282e-31	1.77494e-37	7.66064e-18	1.72159e-10	2.30064e-17	3.45576e-34	2.01634e-33	8.75165e-16	8.05948e-08	1	1.72481e-07	3.98172e-15	3.73214e-34	9.25417e-35	1.71118e-34	8.11897e-34	1.78345e-33	3.23975e-33	7.00647e-33	2.08357e-33	2.16918e-33	
BGA709	0	0	0	0	0	0	0	0	0	0	0	0	0	0	0	0	0	1	0	0	0	0	0	0	0	0	0	0	0	
BGA710	0	0	0	0	0	0	0	0	0	0	0	0	0	0	0	0	0	1	0	0	0	0	0	0	0	0	0	0	0	
BGA309	0	0	0	0	0	0	0	0	0	0	0	0	0	0	0	0	0	1	0	0	0	0	0	0	0	0	0	0	0	
N7	9.40728e-38	1.05014e-32	7.46268e-28	4.14579e-25	2.1271e-20	4.50013e-20	4.83182e-16	4.28346e-12	7.05449e-13	8.85629e-12	1.08865e-07	0.000144828	3.38594e-07	7.39542e-11	1.73362e-11	2.4384e-07	0.00136804	0.993581	0.00490259	2.98786e-06	5.16748e-10	5.46072e-14	7.57824e-17	7.16096e-19	1.78377e-21	1.41402e-24	2.19261e-27	4.77523e-32	6.86697e-35	
N8	1.14648e-35	2.89078e-31	5.37978e-27	3.11878e-24	4.31028e-20	3.21432e-19	1.0774e-15	2.55318e-12	1.07589e-12	1.12967e-11	2.87049e-08	8.69067e-06	6.29902e-08	5.62281e-10	1.3088e-09	4.14116e-06	0.0055863	0.98278	0.0116034	1.77894e-05	8.22077e-09	4.15174e-12	2.75039e-14	6.31016e-16	4.18724e-18	1.17308e-20	5.21124e-23	4.92373e-27	2.66437e-30	
N9	3.14931e-48	7.76285e-47	1.78592e-45	3.71553e-44	7.05371e-43	1.19919e-44	1.9885e-40	1.58759e-23	1.01767e-33	1.45256e-39	1.22845e-19	4.31106e-12	6.23079e-19	2.38744e-35	2.89503e-34	3.49578e-16	5.24265e-08	1	1.14499e-07	1.64235e-15	5.38246e-35	5.93983e-36	1.15234e-35	1.06852e-34	3.89823e-34	8.11959e-34	3.37235e-33	4.83857e-34	4.28211e-34	
B11696	0	0	0	0	0	0	0	0	0	0	0	0	0	0	0	0	0	1	0	0	0	0	0	0	0	0	0	0	0	
B11697	0	0	0	0	0	0	0	0	0	0	0	0	0	0	0	0	0	1	0	0	0	0	0	0	0	0	0	0	0	
N10	1.51429e-48	9.7578e-42	2.02388e-35	8.78901e-33	1.25733e-26	8.13477e-28	2.22899e-22	3.57745e-17	1.70104e-19	1.65401e-18	3.59812e-13	8.08792e-09	1.45833e-12	1.32243e-15	2.70753e-15	8.44134e-10	8.18028e-05	0.999736	0.000182654	4.12162e-09	2.76925e-14	1.35886e-19	5.57304e-24	4.3046e-28	3.5651e-34	7.39798e-34	3.36435e-33	4.45404e-34	3.92081e-34	
B11609	0	0	0	0	0	0	0	0	0	0	0	0	0	0	0	0	0	1	0	0	0	0	0	0	0	0	0	0	0	
BGA392	0	0	0	0	0	0	0	0	0	0	0	0	0	0	0	0	0	1	0	0	0	0	0	0	0	0	0	0	0	
N11	5.74448e-42	8.17421e-38	2.5192e-33	2.39707e-30	9.50849e-25	1.7267e-24	8.12582e-20	2.26616e-15	2.02601e-16	5.18186e-15	4.39122e-10	3.33087e-06	2.1758e-09	9.22834e-14	8.88025e-14	8.71944e-09	0.000283275	0.997904	0.00180912	2.52262e-07	8.01155e-12	1.27749e-16	5.50658e-20	4.59893e-22	8.18743e-25	4.88173e-28	1.39729e-28	2.11772e-31	4.6898e-33	
N12	2.33592e-38	6.12965e-35	1.16849e-31	2.51337e-30	1.1829e-26	1.01544e-25	3.67207e-21	6.36274e-17	1.67532e-17	1.38934e-15	1.01301e-10	7.09076e-07	4.42614e-10	2.42112e-14	1.19707e-13	1.02139e-08	0.000302655	0.997978	0.0017185	2.35312e-07	7.55949e-12	1.1276e-16	1.19115e-19	1.11408e-20	2.2851e-22	2.04487e-25	3.19934e-27	2.08729e-32	4.42221e-36	
N13	8.16277e-42	5.19237e-37	2.38298e-32	3.91264e-29	1.20309e-24	2.84652e-23	2.04781e-19	1.02535e-15	1.3407e-15	3.53277e-14	1.82847e-10	1.13506e-07	4.44379e-10	2.47865e-11	1.58666e-10	9.92872e-07	0.00275369	0.991119	0.00612175	4.84424e-06	1.13653e-09	2.5327e-13	2.06731e-15	1.46002e-16	2.70552e-18	1.07068e-20	1.47805e-22	6.93729e-27	4.20484e-30	
N14	4.65959e-50	1.26311e-48	3.23366e-47	7.48666e-46	1.54752e-44	3.53755e-46	4.39516e-42	4.14203e-25	2.05635e-35	3.04431e-41	2.88911e-21	2.18005e-13	1.02734e-18	4.41913e-35	4.56905e-34	6.09386e-16	6.88434e-08	1	1.40258e-07	2.52332e-15	7.19163e-35	1.04798e-35	2.19806e-35	1.73962e-34	5.6856e-34	1.21403e-33	4.24975e-33	6.96808e-34	6.14392e-34	
B985	0	0	0	0	0	0	0	0	0	0	0	0	0	0	0	0	0	1	0	0	0	0	0	0	0	0	0	0	0	
B983	0	0	0	0	0	0	0	0	0	0	0	0	0	0	0	0	0	1	0	0	0	0	0	0	0	0	0	0	0	
N15	1.675e-43	2.57237e-38	2.673e-33	1.77241e-30	1.64747e-25	2.97236e-25	5.51083e-21	7.13628e-17	6.29885e-18	7.06122e-17	1.08695e-12	2.11128e-09	8.99617e-11	3.06461e-12	7.58941e-12	1.54826e-07	0.00110235	0.996554	0.00234306	6.93114e-07	6.09341e-11	5.51186e-15	7.13802e-18	3.52319e-20	4.81303e-23	2.48207e-26	2.21754e-29	3.41594e-34	3.06848e-38	
N16	9.90656e-55	5.40871e-53	2.58758e-51	1.05104e-49	3.57212e-48	6.18948e-50	2.51303e-45	2.12077e-28	3.56379e-38	9.55703e-44	1.94794e-23	2.28156e-15	3.67387e-21	8.36633e-37	2.3716e-35	4.17912e-17	1.82902e-08	1	4.03543e-08	1.99814e-16	4.47301e-36	1.95937e-37	3.93033e-37	8.43173e-36	6.46335e-35	1.50759e-34	1.4504e-33	8.68669e-35	6.76323e-35	
B199	0	0	0	0	0	0	0	0	0	0	0	0	0	0	0	0	0	1	0	0	0	0	0	0	0	0	0	0	0	
BGAA3	0	0	0	0	0	0	0	0	0	0	0	0	0	0	0	0	0	1	0	0	0	0	0	0	0	0	0	0	0	
N17	9.86257e-55	5.38955e-53	2.58066e-51	1.04908e-49	3.56786e-48	1.23974e-49	2.51059e-45	4.24553e-28	5.03766e-38	1.91526e-43	3.90685e-23	3.23125e-15	7.34084e-21	8.34259e-37	2.36688e-35	8.36801e-17	2.58757e-08	1	5.7103e-08	4.00246e-16	4.46633e-36	1.95422e-37	3.91891e-37	8.41444e-36	6.45492e-35	1.5054e-34	1.44956e-33	8.67528e-35	6.75466e-35	
B11604	0	0	0	0	0	0	0	0	0	0	0	0	0	0	0	0	0	1	0	0	0	0	0	0	0	0	0	0	0	
BGA583	0	0	0	0	0	0	0	0	0	0	0	0	0	0	0	0	0	1	0	0	0	0	0	0	0	0	0	0	0	
N18	2.62292e-43	4.46261e-38	4.99641e-33	4.95117e-30	4.25865e-25	1.8322e-24	3.00565e-20	3.4089e-16	7.70405e-17	1.17813e-15	1.50527e-11	2.03428e-08	8.42384e-11	4.03998e-12	1.41394e-11	2.26589e-07	0.00135078	0.995148	0.00349981	1.4378e-06	1.66794e-10	1.96765e-14	4.7715e-17	5.66686e-19	1.7694e-21	1.67829e-24	3.29813e-27	5.8128e-32	7.50606e-35	
N19	1.0049e-51	3.21038e-50	9.79602e-49	2.74745e-47	6.98251e-46	2.4596e-45	3.0996e-43	4.56907e-24	2.56732e-35	5.41884e-40	6.6042e-20	5.803e-13	3.95575e-17	1.74682e-35	2.29095e-34	4.79476e-14	6.11441e-07	0.999998	1.24605e-06	1.98654e-13	3.58435e-35	3.99625e-36	8.57512e-36	8.5727e-35	3.40723e-34	7.73963e-34	3.41038e-33	4.35705e-34	3.6295e-34	
BGA89	0	0	0	0	0	0	0	0	0	0	0	0	0	0	0	0	0	1	0	0	0	0	0	0	0	0	0	0	0	
BGA40	0	0	0	0	0	0	0	0	0	0	0	0	0	0	0	0	0	1	0	0	0	0	0	0	0	0	0	0	0	
N20	1.63839e-36	2.10806e-33	2.03827e-30	4.27711e-29	5.79871e-26	1.88325e-25	1.63568e-21	9.00431e-18	4.36066e-18	1.42559e-16	1.93766e-12	2.89958e-09	1.16243e-11	1.40678e-12	1.08815e-11	1.8715e-07	0.00123472	0.995614	0.00314988	1.13888e-06	1.14874e-10	8.46641e-15	2.69514e-17	1.27416e-18	1.46773e-20	2.26152e-23	2.05764e-25	4.23687e-30	1.42155e-33	
N21	1.10253e-53	4.67396e-52	1.87522e-50	6.87579e-49	2.27001e-47	9.03964e-49	1.67523e-44	2.77674e-27	2.16292e-37	5.53163e-43	9.13431e-23	1.22376e-14	1.03774e-19	6.68313e-36	1.11648e-34	2.60181e-16	4.53416e-08	1	9.42864e-08	1.11942e-15	1.83352e-35	1.52191e-36	3.23609e-36	4.1038e-35	1.99335e-34	4.68e-34	2.62795e-33	2.63427e-34	2.11696e-34	
BGAA2	0	0	0	0	0	0	0	0	0	0	0	0	0	0	0	0	0	1	0	0	0	0	0	0	0	0	0	0	0	
BGAA1	0	0	0	0	0	0	0	0	0	0	0	0	0	0	0	0	0	1	0	0	0	0	0	0	0	0	0	0	0	
N22	6.96096e-54	3.05861e-52	9.12447e-74	1.79762e-52	3.95172e-33	6.16512e-44	1.94257e-28	2.10791e-22	3.02572e-25	4.14397e-24	7.20544e-18	2.8518e-12	7.10713e-15	4.00903e-18	1.07467e-17	2.10819e-11	1.29385e-05	0.99996	2.71184e-05	9.20356e-11	9.77478e-17	1.27916e-36	2.70095e-36	3.62416e-35	1.84737e-34	4.3559e-34	2.59223e-33	2.45883e-34	1.96502e-34	
BGA584	0	0	0	0	0	0	0	0	0	0	0	0	0	0	0	0	0	1	0	0	0	0	0	0	0	0	0	0	0	
BGA706	0	0	0	0	0	0	0	0	0	0	0	0	0	0	0	0	0	1	0	0	0	0	0	0	0	0	0	0	0	
N23	1.18594e-38	4.76511e-34	1.358e-29	1.06412e-26	2.15095e-22	1.85507e-21	8.50846e-18	2.71475e-14	1.24645e-14	1.57369e-13	5.35707e-10	2.14988e-07	2.09272e-09	1.81387e-10	5.47471e-10	2.35541e-06	0.00423848	0.987167	0.0085827	9.63568e-06	3.25152e-09	1.24485e-12	7.81758e-15	1.96035e-16	1.38973e-18	3.72072e-21	1.79458e-23	1.2401e-27	5.75774e-31	
N24	1.97257e-50	5.60459e-49	4.26627e-72	5.29228e-51	7.43312e-32	2.29816e-42	1.69941e-27	4.04832e-21	1.46723e-24	1.4714e-23	4.68916e-17	1.78747e-11	3.04039e-15	4.3306e-19	9.03465e-19	4.10865e-12	5.70402e-06	0.999982	1.23405e-05	1.89744e-11	8.89108e-18	3.65785e-36	7.25445e-36	7.59631e-35	3.07619e-34	6.5816e-34	3.08244e-33	3.85889e-34	3.3164e-34	
BGA304	0	0	0	0	0	0	0	0	0	0	0	0	0	0	0	0	0	1	0	0	0	0	0	0	0	0	0	0	0	
BGA303	0	0	0	0	0	0	0	0	0	0	0	0	0	0	0	0	0	1	0	0	0	0	0	0	0	0	0	0	0	
N25	2.26924e-50	6.32044e-49	1.65152e-47	3.94134e-46	8.64883e-45	9.20895e-47	3.22537e-42	1.57119e-25	1.52228e-35	1.77411e-41	1.70007e-21	1.08123e-13	1.2361e-19	1.61032e-35	2.1628e-34	1.56088e-16	3.50904e-08	1	7.553e-08	7.14344e-16	3.87312e-35	3.90499e-36	7.78457e-36	7.95363e-35	3.15874e-34	6.76084e-34	3.088e-33	3.95537e-34	3.40536e-34	
BGAB1	0	0	0	0	0	0	0	0	0	0	0	0	0	0	0	0	0	1	0	0	0	0	0	0	0	0	0	0	0	
BGA7	0	0	0	0	0	0	0	0	0	0	0	0	0	0	0	0	0	1	0	0	0	0	0	0	0	0	0	0	0	
N26	4.26037e-39	3.88938e-38	3.5306e-37	2.88868e-36	2.10674e-35	3.84373e-35	7.43821e-34	5.58093e-15	6.38362e-27	4.8307e-32	1.3057e-12	9.71354e-07	2.65547e-12	1.31322e-32	1.214e-32	8.70599e-13	2.20101e-06	0.999992	4.44787e-06	4.12636e-12	2.37456e-33	9.06579e-34	1.17088e-33	2.96644e-33	4.27902e-33	6.40371e-33	9.66333e-33	4.51263e-33	5.70392e-33	
PGA445	0	0	0	0	0	0	0	0	0	0	0	0	0	0	0	0	0	1	0	0	0	0	0	0	0	0	0	0	0	
PGA363	0	0	0	0	0	0	0	0	0	0	0	0	0	0	0	0	0	1	0	0	0	0	0	0	0	0	0	0	0	
N27	3.16827e-36	2.54486e-30	9.54773e-25	2.22842e-21	1.16928e-16	1.71661e-15	2.16424e-11	1.30711e-08	2.97706e-08	4.77388e-06	0.0106245	0.989	0.000370812	1.94753e-08	8.53359e-13	1.43677e-15	6.10022e-18	6.20079e-19	2.29533e-23	2.6389e-27	3.20734e-32	2.41084e-37	9.31347e-40	8.32586e-41	1.01655e-42	1.70698e-44	7.02365e-45	7.84067e-44	6.10119e-42	
N28	1.49496e-30	4.13524e-26	8.60011e-22	3.24006e-18	4.65022e-15	3.73384e-12	2.60003e-09	1.20814e-07	2.69607e-05	0.0120262	0.364865	0.621552	0.00152908	7.96946e-07	4.7791e-10	2.28954e-11	2.45031e-13	9.37507e-15	7.20821e-19	4.04644e-22	2.36031e-26	1.54409e-30	5.68178e-32	5.36888e-32	4.78554e-33	6.29824e-34	6.42514e-34	1.0417e-36	5.99477e-38	
Rhaspe	0	0	0	0	0	0	0	0	0	1	0	0	0	0	0	0	0	0	0	0	0	0	0	0	0	0	0	0	0	
N29	3.54696e-25	2.48861e-23	2.88079e-20	5.57723e-17	5.319e-14	2.76202e-11	1.3693e-08	8.4359e-07	9.35675e-05	0.018151	0.410551	0.568738	0.00246237	2.66034e-06	3.23532e-08	5.67428e-09	1.32516e-10	1.57087e-11	3.94418e-15	2.30719e-17	5.54293e-21	3.50345e-24	2.10295e-26	1.17347e-27	2.72041e-30	1.15561e-32	5.14265e-34	2.07609e-38	9.38296e-41	
Rhamar	0	0	0	0	0	0	0	0	0	1	0	0	0	0	0	0	0	0	0	0	0	0	0	0	0	0	0	0	0	
Rhatem	0	0	0	0	0	0	0	0	0	0	1	0	0	0	0	0	0	0	0	0	0	0	0	0	0	0	0	0	0	
N30	1.43197e-39	2.7501e-34	2.92035e-28	6.45598e-25	4.09435e-19	1.70001e-18	1.2486e-13	4.08121e-09	1.36227e-09	6.92936e-08	0.0018542	0.997835	0.000311066	9.15583e-09	1.68607e-11	2.50109e-12	1.46212e-11	2.51019e-11	1.82945e-15	1.05882e-18	1.2308e-23	8.87784e-28	1.07611e-30	4.5895e-31	6.76374e-33	1.75402e-34	2.42839e-35	5.60002e-39	1.48049e-40	
N31	1.14845e-37	7.70426e-32	2.83842e-26	2.99525e-23	6.98064e-18	3.60228e-17	1.59492e-12	1.16689e-08	2.32328e-09	1.3142e-07	0.00194183	0.995803	0.00210986	2.96616e-07	8.77553e-09	8.84324e-07	1.74951e-05	0.00012634	8.61952e-08	6.84833e-11	5.8356e-15	1.80168e-19	4.96343e-23	7.03074e-26	1.10648e-29	1.92973e-33	3.42349e-36	1.73092e-39	2.30953e-41	
N32	3.76111e-32	1.17301e-27	2.55354e-23	3.3829e-20	2.55808e-16	1.72637e-14	5.05438e-11	2.7152e-08	1.50735e-07	1.35233e-05	0.0169628	0.974188	0.00866884	2.02703e-05	5.88204e-06	4.12088e-05	8.43034e-05	1.52025e-05	1.11819e-08	2.6393e-12	2.86735e-16	3.24058e-20	1.20244e-22	4.2176e-24	4.16328e-26	9.67896e-29	8.08342e-31	2.98928e-35	3.12821e-36	
N33	4.72089e-40	6.55705e-39	8.8098e-38	1.06663e-36	1.15001e-35	1.08742e-34	9.69508e-19	2.25631e-35	4.66334e-34	2.90219e-15	1.1336e-07	4.28403e-13	2.06848e-31	4.24593e-32	7.87162e-15	1.65633e-07	0.999998	2.10146e-06	1.65681e-13	1.26769e-32	3.98169e-33	8.65156e-34	7.38532e-34	1.77748e-33	2.0388e-33	3.26086e-33	7.86752e-33	2.12725e-33	2.94002e-33	
FGA379	0	0	0	0	0	0	0	0	0	0	0	0	0	0	0	0	1	0	0	0	0	0	0	0	0	0	0	0	0	
F647	0	0	0	0	0	0	0	0	0	0	0	0	0	0	0	0	1	0	0	0	0	0	0	0	0	0	0	0	0	
N34	7.63631e-31	2.39573e-26	5.22842e-22	5.45896e-19	5.35576e-15	2.1225e-13	4.00624e-10	4.53643e-07	1.41373e-06	2.60248e-05	0.0125818	0.963043	0.0241979	0.000125817	2.08635e-05	2.18831e-06	7.85178e-08	6.86057e-10	1.38776e-13	1.0315e-17	3.93644e-22	5.87229e-26	1.15938e-28	9.75925e-31	2.15621e-33	1.2136e-36	1.88363e-39	3.76865e-44	1.69662e-45	
N35	1.33823e-33	3.46965e-28	4.89413e-23	1.00082e-19	1.54593e-15	2.07563e-13	2.99379e-10	1.49804e-07	7.26625e-07	0.000122374	0.0195677	0.939605	0.0404694	0.000233975	7.60135e-07	3.10187e-09	3.30348e-12	5.55868e-15	1.21526e-19	1.5947e-22	1.18659e-24	2.48132e-26	1.38497e-27	2.03534e-28	4.47469e-30	1.85099e-31	2.47132e-32	4.2904e-35	2.30166e-36	
N36	2.1137e-36	1.75661e-31	1.45903e-25	4.21821e-22	4.03893e-17	2.21881e-15	8.69316e-11	4.42866e-08	7.26179e-08	2.1982e-05	0.0263823	0.958362	0.0152206	1.32584e-05	4.18412e-09	1.20046e-12	5.41789e-17	7.90039e-21	2.1033e-25	2.56492e-27	6.36325e-29	3.33742e-31	1.13702e-32	3.30447e-34	9.56912e-37	2.55857e-38	1.24997e-39	5.3134e-42	5.40792e-43	
N37	3.81787e-43	8.87021e-42	1.96188e-40	3.93338e-39	2.18799e-23	6.74912e-21	2.3894e-12	3.54153e-17	1.85029e-16	3.31014e-08	0.999999	1.39406e-06	5.62387e-14	4.61665e-33	1.00736e-33	1.82089e-33	3.75245e-33	1.16664e-32	2.42976e-33	1.227e-33	2.87249e-34	3.36859e-35	2.16528e-35	6.52375e-35	8.02541e-35	1.45655e-34	5.75408e-34	9.94032e-35	1.42897e-34	
F3016	0	0	0	0	0	0	0	0	0	0	1	0	0	0	0	0	0	0	0	0	0	0	0	0	0	0	0	0	0	
F3015	0	0	0	0	0	0	0	0	0	0	1	0	0	0	0	0	0	0	0	0	0	0	0	0	0	0	0	0	0	
N38	5.41385e-35	2.56827e-31	6.17081e-27	4.79795e-23	6.48371e-18	7.72666e-16	1.32694e-11	9.3127e-09	4.36438e-08	8.71403e-06	0.026197	0.961847	0.0119441	2.89878e-06	2.10714e-10	2.91146e-13	1.82248e-16	5.13536e-19	1.32782e-23	2.09204e-27	1.2185e-30	9.30048e-34	2.46577e-35	1.36472e-36	2.04143e-38	6.10006e-40	2.22039e-40	3.1192e-43	2.09468e-44	
N39	1.09761e-34	3.75586e-31	6.82129e-27	4.49264e-23	2.18288e-18	6.34669e-16	2.05136e-12	6.16655e-09	6.75452e-08	1.07028e-05	0.0178472	0.967685	0.0144547	2.34439e-06	1.15421e-09	2.24548e-11	2.04357e-14	3.39161e-17	4.26821e-22	8.70982e-26	5.38328e-31	1.09291e-35	1.3836e-36	1.3109e-33	1.07915e-34	3.30416e-36	5.07751e-37	2.57513e-40	1.34859e-41	
N40	1.32937e-44	7.74361e-38	1.02065e-30	5.23512e-27	9.22768e-21	7.67453e-19	6.81584e-13	4.9472e-10	1.08094e-10	9.32779e-07	0.0268486	0.971359	0.00179146	3.90786e-08	2.35663e-13	5.99097e-17	3.69776e-21	8.22356e-25	1.24154e-30	2.33902e-33	5.41268e-37	6.84203e-41	3.37973e-41	7.93341e-38	2.06629e-37	3.01254e-37	6.89315e-36	6.4414e-37	1.73708e-36	
N41	9.30025e-36	5.94846e-32	2.32999e-28	2.81149e-26	5.32465e-21	5.56733e-18	3.40261e-13	6.50256e-11	6.83077e-10	8.4717e-06	0.0400915	0.957826	0.00207347	2.10262e-07	4.33469e-12	1.05329e-13	6.87939e-17	7.88379e-19	2.10172e-24	1.7592e-28	2.03002e-33	2.60194e-37	4.56028e-39	6.90344e-39	1.00037e-40	2.99358e-42	3.74736e-42	6.29021e-46	2.19655e-47	
N42	2.17191e-44	7.05503e-43	2.13038e-41	5.76655e-40	1.16654e-23	4.77682e-21	1.35293e-12	4.34876e-17	2.97581e-16	4.20998e-08	0.999997	2.91497e-06	1.22202e-13	2.38042e-33	4.8584e-34	1.27826e-33	2.80688e-33	1.12699e-32	1.51158e-33	6.19531e-34	9.87293e-35	9.52334e-36	7.72957e-36	3.44444e-35	4.31716e-35	8.17906e-35	4.21733e-34	4.66136e-35	5.65991e-35	
F1476	0	0	0	0	0	0	0	0	0	0	1	0	0	0	0	0	0	0	0	0	0	0	0	0	0	0	0	0	0	
FGA81	0	0	0	0	0	0	0	0	0	0	1	0	0	0	0	0	0	0	0	0	0	0	0	0	0	0	0	0	0	
N43	3.72202e-35	2.59726e-31	1.17453e-27	5.40315e-25	2.12019e-20	6.81497e-17	4.63295e-13	6.26031e-10	6.68031e-08	9.98078e-05	0.04528	0.947215	0.00739861	6.91112e-06	2.91677e-09	9.46643e-11	6.80262e-14	2.82426e-16	6.96203e-22	1.25646e-24	7.88539e-28	1.10614e-30	5.15782e-32	7.19065e-32	1.08602e-33	3.16868e-35	1.52413e-35	2.59124e-39	6.51035e-41	
Furcep	0	0	0	0	0	0	0	0	0	0	0	0	0	1	0	0	0	0	0	0	0	0	0	0	0	0	0	0	0	
N44	3.52785e-33	6.6867e-30	9.63347e-27	1.39757e-23	1.53103e-18	7.03605e-16	3.70891e-11	4.88889e-09	4.1885e-08	2.8894e-05	0.0758245	0.921357	0.00278843	7.75321e-07	7.93333e-11	2.89117e-13	6.39556e-17	5.9188e-19	3.07713e-23	1.02167e-26	3.31536e-31	1.85315e-36	2.6958e-40	2.27668e-43	2.55576e-48	2.78548e-52	4.56143e-55	5.51346e-56	2.42153e-55	
Furpol	0	0	0	0	0	0	0	0	0	0	0	1	0	0	0	0	0	0	0	0	0	0	0	0	0	0	0	0	0	
N45	1.69932e-36	4.78158e-31	7.93083e-26	4.84062e-22	8.61058e-18	5.56177e-15	2.0674e-10	3.047e-10	6.68115e-09	0.0001668	0.845955	0.153811	6.72847e-05	4.96691e-09	1.82799e-13	4.49418e-16	4.83397e-19	2.13272e-21	2.96154e-26	3.02977e-30	2.46768e-35	2.35089e-40	2.31702e-41	6.24155e-40	1.03457e-41	2.65717e-43	5.77638e-44	2.62172e-47	4.59322e-49	
N46	2.39178e-37	8.52495e-32	1.88229e-26	1.56741e-22	4.36482e-18	4.46397e-15	2.93209e-10	4.06717e-10	9.48907e-09	0.0002486	0.977326	0.0224219	3.49874e-06	1.22259e-10	4.78555e-14	2.01669e-16	7.8417e-20	6.45275e-23	4.15076e-28	2.55744e-32	1.30885e-37	1.73873e-42	1.68497e-46	1.32256e-49	3.09805e-54	1.14949e-58	1.74499e-62	2.91666e-68	1.05525e-70	
N47	8.12463e-48	6.22377e-46	4.44901e-44	2.89906e-42	3.42601e-23	3.40457e-20	1.4739e-12	1.713e-15	2.55075e-14	4.46601e-07	0.999996	3.81548e-06	7.62302e-13	2.5413e-35	1.13547e-34	6.76055e-34	6.72627e-34	3.15468e-34	1.31031e-35	4.69099e-36	3.16697e-37	5.26836e-37	8.25152e-37	8.71761e-36	4.58228e-36	4.48171e-36	3.92745e-36	1.36017e-37	2.98879e-37	
F2241	0	0	0	0	0	0	0	0	0	0	1	0	0	0	0	0	0	0	0	0	0	0	0	0	0	0	0	0	0	
F12266	0	0	0	0	0	0	0	0	0	0	1	0	0	0	0	0	0	0	0	0	0	0	0	0	0	0	0	0	0	
Furang	0	0	0	0	0	0	0	0	0	0	1	0	0	0	0	0	0	0	0	0	0	0	0	0	0	0	0	0	0	
Fga490	0	0	0	0	0	0	0	0	0	0	1	0	0	0	0	0	0	0	0	0	0	0	0	0	0	0	0	0	0	
N48	9.48617e-42	1.84236e-35	2.09243e-29	1.00089e-25	4.07656e-20	2.99798e-18	7.50142e-13	7.61836e-10	3.75138e-10	1.63547e-06	0.0360295	0.963669	0.000299379	8.73321e-09	3.43029e-13	1.05291e-15	2.46878e-19	2.52321e-22	5.37691e-28	1.7411e-32	3.41321e-36	7.8142e-40	5.94115e-42	7.85934e-43	3.17816e-45	2.47364e-47	2.00525e-48	2.08757e-49	1.88675e-47	
N49	7.86585e-36	5.74916e-32	3.86329e-28	7.73579e-25	1.46554e-19	1.54197e-17	7.68959e-13	1.83576e-09	1.08228e-08	1.62617e-06	0.0315883	0.967864	0.000546079	2.66069e-08	1.40489e-11	1.56506e-13	7.18887e-17	8.23443e-20	2.24391e-25	8.33937e-30	3.6389e-34	9.00157e-37	2.66146e-38	1.33407e-38	1.20408e-40	2.05618e-42	2.48287e-43	4.54889e-47	7.24302e-49	
N50	2.14297e-38	4.87028e-34	1.07057e-29	4.34326e-26	1.99424e-20	1.45441e-18	1.45637e-14	3.18534e-09	2.20259e-08	1.03907e-07	0.00127967	0.995665	0.00305453	6.44601e-07	1.24369e-09	7.25691e-12	1.28785e-15	1.38616e-19	1.10874e-25	1.75523e-29	3.64709e-33	1.96386e-35	2.05047e-37	8.89756e-38	7.94068e-37	3.81823e-36	1.50751e-35	1.73966e-37	2.68658e-37	
N51	2.13764e-35	7.81941e-32	2.32165e-28	2.69067e-25	1.21546e-19	1.40489e-18	7.68255e-14	2.72975e-09	9.03136e-10	1.03925e-08	0.000351121	0.998397	0.00125215	9.75692e-08	1.27416e-11	2.4845e-14	1.34286e-17	8.36767e-20	1.01441e-24	1.55915e-28	8.14869e-34	4.52716e-39	1.06794e-41	2.61949e-42	3.5187e-42	5.7851e-44	1.88232e-44	5.46135e-48	1.30918e-49	
N52	1.29064e-38	5.52907e-33	1.34879e-27	2.16842e-24	3.44338e-19	1.35526e-18	4.01682e-14	1.07065e-09	3.51714e-10	8.17586e-09	0.000244101	0.999151	0.000604669	4.27585e-08	2.13669e-12	1.30613e-14	1.51273e-17	8.75224e-20	7.07061e-25	6.03304e-29	3.52964e-34	7.00908e-40	3.44993e-44	3.22249e-47	1.90304e-51	1.54589e-55	1.11056e-58	6.75919e-65	7.96959e-69	
FGA456	0	0	0	0	0	0	0	0	0	0	0	1	0	0	0	0	0	0	0	0	0	0	0	0	0	0	0	0	0	
N53	1.1116e-49	8.63456e-48	1.71215e-66	1.05079e-44	9.34049e-25	6.97444e-35	1.19239e-19	3.52451e-12	6.96241e-16	1.06706e-14	2.90349e-07	0.999999	5.97803e-07	4.51386e-14	6.05312e-36	4.02552e-35	1.04436e-34	1.24981e-33	5.62042e-35	2.18769e-35	1.2763e-36	3.96903e-38	3.00079e-38	3.5333e-37	4.7399e-37	1.01168e-36	1.56727e-35	5.47983e-37	6.12226e-37	
FGA516	0	0	0	0	0	0	0	0	0	0	0	1	0	0	0	0	0	0	0	0	0	0	0	0	0	0	0	0	0	
FGA513	0	0	0	0	0	0	0	0	0	0	0	1	0	0	0	0	0	0	0	0	0	0	0	0	0	0	0	0	0	
N54	1.27885e-47	6.85458e-46	6.51937e-67	2.7687e-45	1.66448e-25	9.92609e-35	8.91355e-21	2.00589e-12	2.01633e-17	1.90448e-16	3.88618e-08	1	7.97329e-08	8.02392e-16	2.57935e-35	1.11781e-34	2.79563e-34	2.04825e-33	1.5072e-34	5.86514e-35	5.40253e-36	2.76267e-37	2.13317e-37	1.61152e-36	2.17533e-36	4.50372e-36	4.24443e-35	2.47886e-36	2.81352e-36	
F12278	0	0	0	0	0	0	0	0	0	0	0	1	0	0	0	0	0	0	0	0	0	0	0	0	0	0	0	0	0	
F12279	0	0	0	0	0	0	0	0	0	0	0	1	0	0	0	0	0	0	0	0	0	0	0	0	0	0	0	0	0	
N55	1.75721e-36	6.43191e-31	1.37997e-25	1.57886e-21	1.51173e-17	8.91805e-15	1.68586e-12	2.52698e-08	3.1133e-06	1.40455e-05	0.000589345	0.858916	0.137686	0.0027898	1.28891e-06	2.41344e-08	5.28899e-11	4.78769e-13	6.67873e-18	7.60661e-22	7.25381e-27	4.52151e-32	6.93661e-36	1.22923e-38	1.01193e-42	1.2755e-46	1.25902e-49	1.26488e-55	4.26222e-60	
Furant	0	0	0	0	0	0	0	0	0	0	0	1	0	0	0	0	0	0	0	0	0	0	0	0	0	0	0	0	0	
N56	3.72132e-46	2.37794e-44	1.40651e-42	7.6572e-41	1.32142e-42	1.39748e-21	5.18744e-31	1.03114e-17	3.16751e-09	2.33028e-13	2.67424e-30	1.49718e-11	1.09054e-05	0.999989	1.17873e-07	2.50129e-13	5.86376e-32	5.90521e-31	3.08636e-32	1.18395e-32	7.9409e-34	2.99797e-35	2.38543e-35	2.43976e-34	3.18182e-34	6.66242e-34	8.70967e-33	3.56904e-34	3.96581e-34	
FGA331	0	0	0	0	0	0	0	0	0	0	0	0	0	1	0	0	0	0	0	0	0	0	0	0	0	0	0	0	0	
FGA332	0	0	0	0	0	0	0	0	0	0	0	0	0	1	0	0	0	0	0	0	0	0	0	0	0	0	0	0	0	
FGA465	0	0	0	0	0	0	0	0	0	0	1	0	0	0	0	0	0	0	0	0	0	0	0	0	0	0	0	0	0	
N57	5.18908e-38	2.27374e-32	6.15642e-27	2.6501e-23	1.73527e-18	4.16736e-16	3.08028e-11	1.54059e-09	3.25405e-09	3.16653e-05	0.225516	0.774236	0.000216396	1.01086e-08	6.67075e-13	2.98934e-15	2.5004e-18	8.3379e-21	5.45544e-26	2.7117e-30	1.27501e-35	1.62814e-40	4.36605e-42	1.75712e-40	7.64907e-42	1.88829e-43	3.79373e-44	1.13415e-47	1.23617e-49	
N58	3.03353e-46	1.55607e-44	7.37024e-43	3.13205e-41	2.71359e-23	1.73502e-20	1.4523e-12	3.75641e-16	3.88075e-15	1.54317e-07	0.999979	2.04918e-05	2.58122e-12	1.04152e-33	1.93483e-34	7.84627e-34	1.55896e-33	9.03772e-33	6.89395e-34	2.56225e-34	2.42743e-35	1.90257e-36	1.98423e-36	1.38456e-35	1.40408e-35	2.54885e-35	2.00497e-34	1.2297e-35	1.37267e-35	
FGA99	0	0	0	0	0	0	0	0	0	0	1	0	0	0	0	0	0	0	0	0	0	0	0	0	0	0	0	0	0	
F12269	0	0	0	0	0	0	0	0	0	0	1	0	0	0	0	0	0	0	0	0	0	0	0	0	0	0	0	0	0	
N59	8.78178e-37	2.67689e-31	4.77072e-26	2.00746e-22	1.00898e-17	1.04553e-15	3.89997e-11	1.01603e-08	4.8564e-08	3.50905e-05	0.234191	0.76554	0.000233997	1.21303e-08	1.26408e-11	1.52799e-13	1.08951e-16	1.61397e-19	1.19921e-24	1.26295e-28	7.42173e-34	2.256e-38	4.00448e-42	8.17358e-45	3.27746e-49	2.08163e-53	5.6455e-57	3.42456e-63	9.95181e-67	
N60	4.94599e-47	2.79749e-45	1.44756e-43	6.76476e-42	1.24304e-25	9.25284e-23	6.87693e-14	3.07765e-18	4.14626e-17	1.59787e-08	0.999996	3.71409e-06	4.92077e-14	8.02011e-34	1.09114e-34	5.64716e-34	1.14737e-33	8.85283e-33	5.11965e-34	1.92991e-34	1.42068e-35	8.13056e-37	8.25776e-37	7.44598e-36	7.50851e-36	1.39279e-35	1.46443e-34	6.6957e-36	7.44032e-36	
FGA15	0	0	0	0	0	0	0	0	0	0	1	0	0	0	0	0	0	0	0	0	0	0	0	0	0	0	0	0	0	
FGA440	0	0	0	0	0	0	0	0	0	0	1	0	0	0	0	0	0	0	0	0	0	0	0	0	0	0	0	0	0	
N61	1.76856e-46	1.24156e-44	1.84897e-65	9.42991e-44	6.52607e-24	3.84118e-33	4.07617e-19	8.24564e-11	8.70626e-16	6.88004e-15	7.9799e-07	0.999999	6.02018e-08	6.52172e-16	5.98131e-34	2.87181e-33	2.86378e-33	1.54236e-33	8.05454e-35	2.85052e-35	2.4303e-36	3.56853e-36	5.58436e-36	4.72411e-35	2.52162e-35	2.46631e-35	2.44555e-35	1.08197e-36	2.22175e-36	
FGA581	0	0	0	0	0	0	0	0	0	0	0	1	0	0	0	0	0	0	0	0	0	0	0	0	0	0	0	0	0	
FGA582	0	0	0	0	0	0	0	0	0	0	0	1	0	0	0	0	0	0	0	0	0	0	0	0	0	0	0	0	0	
N62	9.56786e-43	2.45856e-41	5.90092e-40	1.26455e-38	2.38641e-37	3.53495e-20	1.58301e-36	2.42137e-16	2.28411e-09	5.72694e-15	1.19761e-13	2.18869e-06	0.999998	1.62017e-07	2.8743e-14	5.22616e-33	8.48495e-33	2.27993e-32	3.39447e-33	1.32421e-33	2.35008e-34	4.49476e-35	5.13507e-35	1.92803e-34	1.7365e-34	2.69017e-34	9.96957e-34	1.26428e-34	1.55997e-34	
FGA104	0	0	0	0	0	0	0	0	0	0	0	0	1	0	0	0	0	0	0	0	0	0	0	0	0	0	0	0	0	
FGA105	0	0	0	0	0	0	0	0	0	0	0	0	1	0	0	0	0	0	0	0	0	0	0	0	0	0	0	0	0	
FGA489	0	0	0	0	0	0	0	0	0	0	1	0	0	0	0	0	0	0	0	0	0	0	0	0	0	0	0	0	0	
N63	1.88312e-41	4.0869e-40	1.69884e-45	3.18383e-25	5.74768e-23	2.70087e-16	2.24467e-19	1.6506e-13	4.45837e-07	2.73251e-10	1.67749e-14	1.30144e-09	9.80281e-05	0.999885	1.60382e-05	3.76903e-10	3.62094e-15	1.90427e-31	3.39149e-32	1.36895e-32	2.80198e-33	4.49512e-34	4.35724e-34	1.48882e-33	1.63332e-33	2.77229e-33	9.8874e-33	1.52143e-33	1.88863e-33	
FGA174	0	0	0	0	0	0	0	0	0	0	0	0	0	1	0	0	0	0	0	0	0	0	0	0	0	0	0	0	0	
FGA175	0	0	0	0	0	0	0	0	0	0	0	0	0	1	0	0	0	0	0	0	0	0	0	0	0	0	0	0	0	
FurbGB	0	0	0	0	0	0	0	0	0	0	0	1	0	0	0	0	0	0	0	0	0	0	0	0	0	0	0	0	0	
N64	4.78072e-34	5.56097e-31	3.54054e-27	9.11712e-24	5.97149e-19	2.38373e-17	3.1567e-13	6.78184e-10	4.09806e-10	6.07787e-08	0.000667882	0.288593	0.000735393	1.36736e-07	5.13001e-09	1.20263e-05	0.00230113	0.70557	0.00208565	3.49061e-05	1.20076e-08	1.11295e-12	2.78307e-15	1.00266e-16	1.12105e-19	2.0848e-22	6.15742e-24	7.33271e-29	7.615e-32	
N65	2.71431e-35	1.2539e-30	4.07158e-26	6.91385e-23	1.00841e-18	6.56847e-17	4.40563e-13	3.95446e-10	1.1163e-09	2.05311e-07	0.00065225	0.0607	0.000301603	2.63034e-07	4.52292e-08	4.48387e-05	0.0186228	0.912968	0.00667519	3.52227e-05	2.67849e-08	6.25525e-12	2.29512e-14	1.30559e-15	1.51515e-17	7.03729e-20	1.56999e-21	7.85072e-26	7.28815e-29	
N66	1.83266e-36	2.28491e-31	1.95785e-26	2.98428e-23	7.40661e-19	5.52123e-17	1.06441e-12	5.39593e-11	1.41802e-10	8.21418e-08	0.00017235	0.000771102	2.15693e-06	2.10954e-07	1.53641e-06	0.00225338	0.272614	0.722129	0.00205495	1.07072e-06	1.89771e-10	2.10966e-14	2.32111e-17	1.1746e-19	1.69262e-22	1.01193e-25	1.85141e-28	9.56606e-30	1.07618e-29	
N67	4.95407e-44	1.04749e-42	2.08208e-41	3.6884e-40	5.73457e-39	3.26189e-37	8.58847e-37	1.87956e-16	1.01049e-28	4.93874e-33	1.76912e-13	2.20014e-08	2.71596e-13	1.38454e-33	8.38853e-33	2.01712e-11	1.68372e-05	0.999975	7.85554e-06	9.01281e-12	1.47909e-34	2.38245e-34	6.09289e-34	2.84422e-33	4.63101e-33	4.89238e-33	4.84974e-33	9.00157e-34	1.26614e-33	
CGA312	0	0	0	0	0	0	0	0	0	0	0	0	0	0	0	0	0	1	0	0	0	0	0	0	0	0	0	0	0	
CGA963	0	0	0	0	0	0	0	0	0	0	0	0	0	0	0	0	0	1	0	0	0	0	0	0	0	0	0	0	0	
N68	1.80517e-41	6.83102e-37	2.21795e-31	2.15242e-27	2.72652e-22	1.04529e-19	6.64485e-15	7.11171e-14	9.63656e-12	3.14086e-08	2.04313e-05	3.09041e-05	8.63683e-07	2.1599e-07	8.33791e-06	0.009061	0.453803	0.536806	0.000268934	1.18302e-08	1.15757e-13	4.65717e-19	2.83692e-23	5.36409e-25	1.71224e-25	5.90346e-27	1.88953e-27	1.71825e-30	2.55348e-32	
N69	5.48069e-43	2.87429e-40	6.88606e-35	1.20294e-31	6.74264e-27	2.29559e-22	2.13288e-17	8.17483e-17	9.27149e-14	8.16e-09	1.38042e-06	5.40612e-07	1.94e-07	3.24013e-07	0.000871968	0.114486	0.878057	0.00658246	3.43835e-08	2.31635e-14	3.92976e-21	1.97837e-28	9.18243e-33	8.5936e-33	2.15258e-31	3.76001e-31	1.2424e-29	3.69262e-31	3.33007e-31	
N70	1.03173e-41	3.19241e-38	6.82503e-34	1.45412e-31	5.26757e-28	2.94635e-24	1.64667e-18	2.72483e-16	6.11911e-14	1.36e-09	1.5846e-07	1.8982e-07	1.71195e-07	1.45789e-07	0.000639172	0.109127	0.886512	0.00372135	7.87165e-08	1.62639e-12	1.31448e-15	2.65815e-18	2.38647e-22	9.75049e-26	5.70614e-28	1.52744e-29	1.84635e-31	2.19091e-35	1.53399e-36	
N71	3.87095e-45	3.37032e-40	7.74226e-34	1.66468e-30	2.30492e-25	2.29669e-23	3.39123e-18	5.00156e-17	8.58603e-18	1.24202e-13	2.24985e-09	8.38212e-09	1.79277e-10	1.80766e-10	2.5226e-06	0.0208603	0.962535	0.0166005	1.92408e-06	6.80898e-11	6.96059e-14	3.38727e-17	3.00283e-21	3.61715e-25	9.46173e-29	1.29046e-30	3.2152e-33	3.99727e-36	3.06158e-37	
CGA642	0	0	0	0	0	0	0	0	0	0	0	0	0	0	0	0	1	0	0	0	0	0	0	0	0	0	0	0	0	
N72	8.09435e-38	3.18328e-34	9.06202e-31	4.43218e-29	6.74689e-26	1.81934e-24	9.81806e-20	2.56461e-18	2.5156e-17	6.41769e-14	1.15823e-09	3.94063e-09	4.3905e-11	1.266e-09	1.07877e-06	0.0249067	0.949387	0.0257032	1.65405e-06	2.45493e-11	1.9746e-15	3.78739e-17	3.67912e-20	6.82702e-22	8.99614e-25	1.71527e-28	1.27103e-33	1.32686e-39	1.43574e-42	
N73	3.41138e-54	2.31663e-52	1.52744e-50	2.74769e-72	8.57262e-52	2.44642e-45	9.76082e-30	5.40784e-38	1.20557e-43	3.39528e-23	2.57201e-15	2.19414e-21	4.98523e-36	5.43408e-18	5.68894e-09	0.999998	2.46783e-06	9.08155e-14	1.09682e-32	3.68353e-34	1.01446e-35	1.95574e-35	6.81251e-35	1.14775e-33	6.00159e-33	6.10516e-33	5.06515e-33	2.63169e-34	3.72164e-34	
CGA763	0	0	0	0	0	0	0	0	0	0	0	0	0	0	0	1	0	0	0	0	0	0	0	0	0	0	0	0	0	
CGA764	0	0	0	0	0	0	0	0	0	0	0	0	0	0	0	1	0	0	0	0	0	0	0	0	0	0	0	0	0	
N74	1.72034e-53	1.303e-51	8.97979e-50	5.48027e-48	2.91609e-46	5.31102e-48	5.08168e-43	3.63586e-26	7.68007e-36	1.69522e-41	5.76306e-21	3.13183e-12	2.09936e-17	5.04914e-33	7.79685e-32	3.45491e-14	1.5404e-06	0.999998	1.34808e-08	3.31866e-17	8.02522e-35	6.64127e-34	1.77709e-33	1.86752e-32	1.22014e-32	1.13145e-32	1.14104e-33	6.36148e-35	6.88683e-34	
C601	0	0	0	0	0	0	0	0	0	0	0	0	0	0	0	0	0	1	0	0	0	0	0	0	0	0	0	0	0	
C602	0	0	0	0	0	0	0	0	0	0	0	0	0	0	0	0	0	1	0	0	0	0	0	0	0	0	0	0	0	
N75	1.68665e-37	7.71956e-34	2.36256e-30	9.12745e-28	8.15551e-26	1.85472e-22	1.25086e-18	3.659e-16	5.36366e-13	8.35308e-10	7.69091e-08	1.70759e-07	1.71524e-07	1.22613e-06	0.00117527	0.121222	0.875158	0.00244318	1.50305e-07	1.99952e-12	1.54216e-16	3.34125e-18	2.41392e-21	2.90813e-23	9.41579e-26	3.06334e-27	2.09507e-29	5.23346e-33	6.28098e-34	
CGA236	0	0	0	0	0	0	0	0	0	0	0	0	0	0	0	0	1	0	0	0	0	0	0	0	0	0	0	0	0	
N76	6.23735e-33	8.57143e-30	8.69858e-27	1.07527e-24	8.86169e-23	1.49211e-20	1.32403e-17	9.58402e-15	2.04887e-11	1.94582e-09	5.11176e-08	1.33502e-07	5.74896e-07	0.000302115	0.0212564	0.244821	0.73139	0.00222974	3.40592e-07	1.28537e-11	6.45553e-16	1.89867e-17	5.69796e-20	1.86066e-21	9.57863e-24	4.25251e-27	1.45276e-31	6.02151e-37	1.04529e-39	
N77	7.76292e-38	9.73008e-33	8.17769e-28	4.51048e-24	2.53285e-20	7.89316e-18	1.15457e-15	4.93352e-12	1.98007e-10	5.85761e-10	1.2844e-08	2.16347e-05	0.00163989	0.0205953	0.0188605	0.271817	0.664769	0.0222903	5.54925e-06	4.41503e-10	1.90983e-12	1.42012e-14	2.01255e-17	9.66978e-20	4.80023e-23	1.67994e-26	5.20945e-31	6.29605e-36	1.26371e-38	
Calboe	0	0	0	0	0	0	0	0	0	0	0	0	0	1	0	0	0	0	0	0	0	0	0	0	0	0	0	0	0	
C3125	0	0	0	0	0	0	0	0	0	0	0	0	0	0	0	0	0	1	0	0	0	0	0	0	0	0	0	0	0	
N78	9.93231e-49	2.91106e-47	7.99681e-46	1.98334e-44	1.04121e-65	8.65681e-42	2.01088e-44	9.75392e-61	1.71792e-40	7.08316e-23	8.74401e-38	4.73962e-35	7.45391e-36	6.23263e-18	1	1.04958e-15	1.40935e-31	1.4073e-31	1.30438e-32	8.18628e-34	2.48965e-34	9.22162e-34	2.53297e-33	1.59885e-32	3.22157e-32	3.01466e-32	8.24065e-33	9.75657e-34	3.34332e-33	
CGA429	0	0	0	0	0	0	0	0	0	0	0	0	0	0	1	0	0	0	0	0	0	0	0	0	0	0	0	0	0	
CGA430	0	0	0	0	0	0	0	0	0	0	0	0	0	0	1	0	0	0	0	0	0	0	0	0	0	0	0	0	0	
N79	4.85743e-36	3.90413e-32	2.05381e-28	2.15104e-25	6.08714e-24	7.13391e-21	4.62684e-18	9.33814e-16	1.36624e-10	1.01813e-07	3.53373e-08	1.32017e-08	2.03453e-07	0.00132603	0.509064	0.440038	0.0495282	4.41427e-05	4.69961e-10	1.54516e-15	2.28129e-21	7.0632e-25	7.68692e-28	1.15575e-27	8.63657e-28	2.5965e-29	8.93561e-31	2.37332e-34	6.42442e-36	
N80	6.49722e-47	1.5917e-45	3.60672e-44	7.21355e-43	7.44016e-65	2.56049e-44	2.28221e-44	1.96029e-41	1.88475e-23	1.08367e-37	6.56125e-35	1.00533e-35	7.43862e-18	1	8.33799e-16	8.90525e-32	3.98826e-31	6.86795e-32	6.4943e-33	7.80089e-34	2.71674e-33	7.39419e-33	1.22346e-32	3.7398e-32	2.04958e-32	1.67963e-32	4.34467e-33	7.87294e-34	4.04666e-33	
C985	0	0	0	0	0	0	0	0	0	0	0	0	0	1	0	0	0	0	0	0	0	0	0	0	0	0	0	0	0	
C984	0	0	0	0	0	0	0	0	0	0	0	0	0	1	0	0	0	0	0	0	0	0	0	0	0	0	0	0	0	
N81	2.03923e-34	3.07075e-31	3.51713e-28	1.10418e-25	3.66985e-24	4.23713e-20	5.99847e-17	3.09016e-15	6.16014e-11	3.94703e-08	8.53426e-09	2.97072e-09	2.86437e-07	0.0022399	0.652929	0.329155	0.0156696	5.89091e-06	2.03315e-10	2.41207e-15	3.15677e-18	3.99115e-20	3.70386e-23	4.02236e-25	3.68916e-28	1.35578e-31	5.30896e-36	1.15668e-41	1.52456e-44	
N82	3.84622e-48	1.0365e-46	3.53029e-50	1.52924e-47	8.76708e-29	4.83128e-25	6.67742e-20	5.77647e-22	7.55054e-16	3.40786e-10	6.79587e-13	4.47476e-16	4.32611e-11	1.73562e-05	0.99968	0.000302739	7.15897e-09	2.72391e-14	3.01843e-34	1.25485e-34	7.81523e-34	1.91022e-33	2.38793e-33	4.65604e-33	1.23752e-33	8.58488e-34	1.85548e-34	5.44127e-35	4.25871e-34	
CGA310	0	0	0	0	0	0	0	0	0	0	0	0	0	0	1	0	0	0	0	0	0	0	0	0	0	0	0	0	0	
CGA314	0	0	0	0	0	0	0	0	0	0	0	0	0	0	1	0	0	0	0	0	0	0	0	0	0	0	0	0	0	
N83	3.16737e-39	3.76762e-34	2.99464e-29	5.13559e-25	5.16618e-22	3.60563e-18	2.07692e-16	1.1359e-14	7.34333e-11	2.65381e-09	3.55344e-10	4.91981e-09	1.75076e-05	0.0534913	0.905285	0.0410496	0.000156134	3.54168e-08	2.52822e-12	2.00562e-16	1.72071e-18	5.82843e-21	3.86413e-24	6.33335e-27	7.32635e-31	1.73179e-34	4.47089e-39	6.47035e-44	1.3299e-46	
N84	6.3898e-50	2.60857e-48	8.11504e-53	5.37591e-50	4.83155e-31	4.37311e-27	2.73735e-21	1.66357e-23	9.80893e-17	1.76993e-10	1.9734e-13	6.5606e-17	1.93746e-11	1.83176e-05	0.999952	2.95021e-05	7.69855e-11	5.62571e-17	8.44998e-35	2.03846e-34	1.53251e-33	1.21864e-33	1.15687e-33	6.40741e-34	5.31381e-35	2.50627e-35	3.23167e-36	6.70293e-36	1.01998e-34	
CGA382	0	0	0	0	0	0	0	0	0	0	0	0	0	0	1	0	0	0	0	0	0	0	0	0	0	0	0	0	0	
CGA365	0	0	0	0	0	0	0	0	0	0	0	0	0	0	1	0	0	0	0	0	0	0	0	0	0	0	0	0	0	
N85	4.0655e-50	1.68968e-48	6.49037e-47	2.23706e-45	7.54483e-48	4.73713e-27	1.88132e-36	1.43342e-23	6.64955e-15	3.16062e-19	1.78169e-35	8.2642e-17	2.21402e-08	0.999996	4.17969e-06	4.48996e-13	1.80192e-32	1.23003e-33	1.01244e-34	1.58668e-34	1.73422e-33	6.05967e-33	6.2413e-33	5.68938e-33	5.6371e-34	2.92645e-34	3.73671e-35	2.97247e-35	4.5364e-34	
CGA494	0	0	0	0	0	0	0	0	0	0	0	0	0	1	0	0	0	0	0	0	0	0	0	0	0	0	0	0	0	
CGA495	0	0	0	0	0	0	0	0	0	0	0	0	0	1	0	0	0	0	0	0	0	0	0	0	0	0	0	0	0	
N86	1.01019e-41	6.70525e-36	2.49484e-30	1.32435e-26	4.3496e-22	2.31873e-19	6.46849e-16	3.24617e-13	3.3074e-12	1.33314e-10	2.01349e-07	6.5799e-07	1.1698e-07	3.00797e-07	7.78923e-06	0.00267092	0.288077	0.694981	0.0142592	2.47887e-06	4.67458e-10	1.58882e-12	1.47546e-15	2.8407e-18	6.33427e-22	3.60995e-24	5.96591e-26	1.04698e-28	5.42783e-30	
N87	1.04709e-36	3.0194e-33	6.51518e-30	1.07698e-27	4.47378e-23	9.09413e-21	3.78316e-16	3.24658e-14	9.92452e-13	5.73e-11	1.10639e-07	3.47734e-07	5.06857e-08	2.34463e-07	3.0168e-06	0.00712513	0.321111	0.668706	0.00305337	2.13608e-07	5.60812e-12	9.35747e-16	1.31221e-19	3.82438e-22	1.7425e-24	5.25123e-28	8.98687e-31	4.61303e-35	6.54241e-39	
C12265	0	0	0	0	0	0	0	0	0	0	0	0	0	0	0	0	0	1	0	0	0	0	0	0	0	0	0	0	0	
N88	1.92797e-46	5.6372e-44	1.30089e-36	1.79231e-32	6.73189e-27	1.13357e-23	1.26742e-18	5.87316e-20	1.67053e-16	2.21471e-11	2.21229e-09	7.90479e-12	1.09062e-12	2.79606e-08	0.00330846	0.97819	0.0184473	5.41618e-05	1.81414e-09	6.58175e-15	4.42084e-21	1.17788e-27	7.51809e-31	2.17442e-31	1.95605e-32	3.94213e-34	3.50907e-35	2.76925e-38	1.68732e-40	
C404	0	0	0	0	0	0	0	0	0	0	0	0	0	0	1	0	0	0	0	0	0	0	0	0	0	0	0	0	0	
N89	7.67617e-43	9.28237e-39	7.68577e-35	1.04423e-32	1.53244e-29	6.39062e-27	2.86357e-21	1.5238e-21	1.48237e-18	2.71916e-13	1.10902e-10	1.36151e-13	2.50735e-14	4.11436e-09	0.000612679	0.993811	0.00557338	2.59365e-06	2.26947e-11	5.09875e-17	1.05464e-20	6.527e-23	7.30841e-27	2.83904e-30	6.62683e-35	2.39164e-39	5.0429e-43	5.4381e-46	2.55547e-44	
N90	3.9495e-56	3.86118e-54	3.3671e-52	1.01072e-71	3.78632e-51	9.37435e-47	5.54829e-29	2.90324e-38	8.60604e-43	3.61066e-22	6.29366e-15	2.59692e-19	1.03382e-35	1.42393e-15	1.06824e-07	0.999999	3.98772e-07	1.62141e-14	5.95451e-36	2.34448e-37	3.67825e-36	3.67151e-35	8.81682e-35	1.11481e-33	7.55939e-35	4.75451e-35	3.73725e-36	5.60355e-37	1.50845e-35	
Cl11778	0	0	0	0	0	0	0	0	0	0	0	0	0	0	0	1	0	0	0	0	0	0	0	0	0	0	0	0	0	
Cl11779	0	0	0	0	0	0	0	0	0	0	0	0	0	0	0	1	0	0	0	0	0	0	0	0	0	0	0	0	0	
N91	1.93468e-48	4.24883e-43	3.14183e-38	4.09015e-37	1.12805e-33	1.73676e-30	3.02967e-24	1.91032e-25	6.06586e-23	2.26126e-17	6.09909e-13	8.04653e-15	2.69804e-16	8.29554e-11	2.63666e-05	0.99983	0.000143915	1.68937e-09	4.71048e-15	5.81727e-21	2.20184e-24	2.70927e-28	4.73096e-35	8.24494e-34	5.68767e-35	4.29699e-35	2.98451e-36	2.05771e-37	7.31141e-36	
CGA594	0	0	0	0	0	0	0	0	0	0	0	0	0	0	0	1	0	0	0	0	0	0	0	0	0	0	0	0	0	
CGA48	0	0	0	0	0	0	0	0	0	0	0	0	0	0	0	1	0	0	0	0	0	0	0	0	0	0	0	0	0	
N92	1.12376e-47	4.03898e-46	1.36251e-44	4.15397e-43	1.12498e-41	2.64513e-40	5.23607e-39	8.36107e-38	2.50487e-21	2.66471e-37	3.7218e-35	3.60357e-17	5.47469e-10	2.92412e-15	1.4704e-31	8.25353e-31	1.83175e-12	4.41687e-06	0.999995	9.57948e-08	7.74822e-15	2.31854e-33	6.12932e-33	4.11071e-32	6.15991e-32	5.89326e-32	2.56961e-32	2.51329e-33	6.19067e-33	
C3134	0	0	0	0	0	0	0	0	0	0	0	0	0	0	0	0	0	0	1	0	0	0	0	0	0	0	0	0	0	
C3126	0	0	0	0	0	0	0	0	0	0	0	0	0	0	0	0	0	0	1	0	0	0	0	0	0	0	0	0	0	
N93	1.12583e-37	3.27928e-32	5.51101e-27	2.6284e-24	2.80026e-19	1.02292e-18	4.32545e-15	5.24855e-11	1.53461e-11	1.62221e-11	2.15407e-07	0.000284034	4.46763e-06	8.51618e-10	3.18318e-11	2.83517e-07	0.00151408	0.962151	0.0360229	2.33094e-05	3.80085e-09	6.91133e-13	6.76096e-16	1.22305e-18	5.76722e-22	1.53761e-25	3.17298e-27	1.73453e-29	4.76569e-31	
CGA311	0	0	0	0	0	0	0	0	0	0	0	0	0	0	0	0	0	1	0	0	0	0	0	0	0	0	0	0	0	
N94	1.063e-38	4.12654e-35	1.86082e-30	8.50364e-27	3.39182e-22	2.56498e-20	8.26364e-17	8.73153e-13	3.26212e-13	1.9594e-12	2.03504e-08	4.99035e-05	9.61923e-07	1.03113e-10	3.00168e-11	6.54698e-08	0.000935802	0.958526	0.0404737	1.38596e-05	9.07585e-10	3.54299e-14	2.03599e-17	8.70195e-19	7.08159e-21	3.27653e-24	1.61377e-26	1.27859e-31	2.36364e-34	
N95	1.7027e-41	2.42123e-37	2.99165e-33	2.38182e-30	4.32993e-25	4.04473e-24	3.21902e-19	3.25033e-16	7.71371e-17	4.80745e-14	3.10863e-09	8.14487e-07	8.87294e-10	1.69406e-13	3.90191e-12	3.62263e-07	0.00768204	0.989623	0.0026934	2.07197e-07	3.88469e-12	2.83373e-17	9.5031e-22	5.00394e-24	6.33721e-27	5.33687e-30	1.51513e-30	8.45186e-33	1.59538e-34	
N96	8.12686e-51	3.90986e-49	1.74598e-47	7.02761e-46	2.51697e-44	7.89359e-43	1.00449e-26	7.72258e-43	5.24932e-41	1.06553e-21	2.02791e-13	1.49729e-18	1.60011e-36	2.28705e-35	7.40418e-17	2.10185e-08	0.999997	3.24854e-06	7.95633e-14	2.05313e-33	9.03699e-35	6.06105e-36	1.1104e-35	1.50647e-34	7.84031e-34	1.92946e-33	1.15207e-32	1.18393e-33	9.67823e-34	
CGA45	0	0	0	0	0	0	0	0	0	0	0	0	0	0	0	0	1	0	0	0	0	0	0	0	0	0	0	0	0	
CGA46	0	0	0	0	0	0	0	0	0	0	0	0	0	0	0	0	1	0	0	0	0	0	0	0	0	0	0	0	0	
N97	3.62708e-39	1.34275e-35	3.6023e-32	7.52251e-31	5.56227e-27	2.01965e-26	8.87657e-22	3.74506e-17	2.16782e-17	1.34506e-15	7.83069e-11	9.92268e-08	5.06037e-11	5.6252e-14	7.98883e-13	7.56006e-08	0.00194967	0.996741	0.00130874	9.81168e-08	1.77251e-12	7.37974e-17	1.5742e-19	5.35354e-21	3.73294e-23	1.09249e-26	1.0651e-29	7.20385e-35	9.4673e-39	
N98	8.01809e-50	7.90051e-44	4.99582e-38	8.166e-35	4.86473e-29	9.34394e-29	1.06133e-23	8.34483e-19	7.72246e-20	2.13547e-18	1.91056e-13	1.71051e-09	5.75484e-13	8.35762e-15	4.96025e-14	6.04754e-09	0.000230184	0.999369	0.000400567	1.93384e-08	2.70235e-13	5.0444e-18	3.36542e-21	1.60139e-23	1.74275e-26	2.67976e-30	1.6684e-33	2.59277e-39	1.86337e-43	
N99	5.62755e-60	3.05006e-52	5.1503e-45	7.46796e-42	9.11032e-35	8.41955e-36	2.017e-29	2.79822e-23	1.85054e-25	6.0792e-24	1.10349e-17	2.02751e-12	2.71043e-16	6.72815e-19	4.66916e-18	1.23152e-11	9.9287e-06	0.99997	2.01773e-05	5.06968e-11	3.79709e-17	2.31213e-23	4.63698e-28	4.82209e-32	2.61442e-35	6.75307e-35	1.02852e-33	3.62804e-35	2.58467e-35	
C3043	0	0	0	0	0	0	0	0	0	0	0	0	0	0	0	0	0	1	0	0	0	0	0	0	0	0	0	0	0	
CGA87	0	0	0	0	0	0	0	0	0	0	0	0	0	0	0	0	0	1	0	0	0	0	0	0	0	0	0	0	0	
N100	3.36519e-49	1.45517e-43	2.18519e-38	4.31078e-37	5.6324e-32	2.4726e-35	4.42475e-29	4.6909e-23	4.4635e-25	1.52452e-23	2.08862e-17	2.89995e-12	4.17133e-16	1.49182e-18	1.08667e-17	2.15335e-11	1.31327e-05	0.99996	2.67796e-05	8.92069e-11	8.87709e-17	7.05803e-23	1.94234e-27	2.9253e-31	2.44358e-35	6.29139e-35	9.97123e-34	3.38622e-35	2.41292e-35	
CGA368	0	0	0	0	0	0	0	0	0	0	0	0	0	0	0	0	0	1	0	0	0	0	0	0	0	0	0	0	0	
CGA557	0	0	0	0	0	0	0	0	0	0	0	0	0	0	0	0	0	1	0	0	0	0	0	0	0	0	0	0	0	
CGA364	0	0	0	0	0	0	0	0	0	0	0	0	0	0	0	0	0	1	0	0	0	0	0	0	0	0	0	0	0	
C2208	0	0	0	0	0	0	0	0	0	0	0	0	0	0	0	0	0	0	1	0	0	0	0	0	0	0	0	0	0	
N101	8.8192e-33	4.29729e-28	1.45692e-23	4.83889e-21	1.32158e-16	2.0221e-16	1.22168e-12	3.78449e-09	2.52423e-10	2.06421e-09	8.12578e-06	0.00296616	1.18827e-05	5.47729e-09	1.30614e-09	3.77024e-06	0.00501174	0.985546	0.00644342	8.78111e-06	4.30118e-09	1.33854e-12	1.86391e-15	5.91408e-18	6.42972e-21	4.73698e-24	3.58153e-27	1.96445e-31	3.84458e-35	
N102	6.92744e-41	3.21495e-35	9.15499e-30	8.36748e-27	1.60361e-21	6.77877e-21	3.20015e-16	5.46056e-13	8.71802e-15	2.43333e-12	9.81994e-08	4.42311e-05	1.92022e-08	9.48962e-13	8.69291e-12	4.54207e-07	0.00592326	0.993203	0.000829049	8.60247e-08	2.58801e-12	5.04514e-17	1.89139e-20	7.19572e-23	6.44452e-26	1.12742e-29	6.73039e-33	9.84904e-38	1.71674e-39	
N103	1.77678e-50	9.15465e-49	5.38312e-72	1.1492e-50	2.75379e-31	1.93026e-41	1.90211e-26	1.07284e-19	5.30638e-23	9.36243e-22	6.5297e-15	4.37778e-09	1.04139e-14	3.45131e-20	1.16928e-19	1.17053e-12	3.29966e-06	0.999992	4.26244e-06	2.27596e-12	3.72491e-19	3.97493e-37	1.18321e-36	2.14914e-35	1.32436e-34	2.29532e-34	1.57777e-33	8.91941e-35	6.80392e-35	
CGA453	0	0	0	0	0	0	0	0	0	0	0	0	0	0	0	0	0	1	0	0	0	0	0	0	0	0	0	0	0	
CGA383	0	0	0	0	0	0	0	0	0	0	0	0	0	0	0	0	0	1	0	0	0	0	0	0	0	0	0	0	0	
N104	6.16455e-41	5.37199e-37	3.9225e-33	2.42738e-30	4.02999e-25	1.44595e-23	1.41185e-18	2.28772e-16	6.55885e-17	1.89249e-13	1.74333e-08	1.09092e-06	1.07777e-10	2.2807e-14	7.79299e-12	1.03204e-06	0.0318519	0.967988	0.000158065	4.04151e-09	3.29924e-14	2.12554e-19	9.25995e-23	8.1282e-25	1.75368e-27	3.96057e-31	6.53951e-34	1.07768e-39	3.83675e-44	
N105	1.73986e-53	1.64115e-51	1.4619e-49	1.20633e-47	9.03358e-46	1.74971e-46	3.33348e-42	2.52695e-24	2.63016e-34	1.62814e-39	2.70265e-19	3.12816e-12	1.53393e-19	4.29295e-36	1.45054e-34	1.32269e-15	2.21846e-07	1	4.92817e-08	3.08324e-16	8.74828e-37	5.52483e-37	1.98777e-36	5.05709e-35	3.9637e-34	4.3032e-34	1.00564e-33	3.56374e-35	3.26306e-35	
CGA501	0	0	0	0	0	0	0	0	0	0	0	0	0	0	0	0	0	1	0	0	0	0	0	0	0	0	0	0	0	
C11776	0	0	0	0	0	0	0	0	0	0	0	0	0	0	0	0	0	1	0	0	0	0	0	0	0	0	0	0	0	
N106	1.18197e-53	1.05872e-51	8.80152e-50	6.80539e-48	4.93726e-46	3.34461e-44	1.38994e-27	2.55581e-43	4.25055e-41	2.12591e-21	8.32928e-13	1.77945e-17	1.92013e-36	1.60119e-36	1.76439e-17	1.02715e-08	0.999991	9.38383e-06	9.8433e-14	6.50696e-34	1.05931e-35	3.22737e-37	7.34525e-37	2.43446e-35	2.84324e-34	7.57141e-34	1.11454e-32	4.07721e-34	2.88561e-34	
C3121	0	0	0	0	0	0	0	0	0	0	0	0	0	0	0	0	1	0	0	0	0	0	0	0	0	0	0	0	0	
C3123	0	0	0	0	0	0	0	0	0	0	0	0	0	0	0	0	1	0	0	0	0	0	0	0	0	0	0	0	0	
N107	3.5011e-45	1.9576e-38	3.43252e-32	1.55388e-29	1.63708e-23	1.15366e-24	1.78336e-19	1.58454e-14	9.0554e-17	1.04966e-15	2.0991e-10	4.28993e-06	4.34317e-10	5.94454e-15	3.77453e-15	1.04291e-09	9.10636e-05	0.999719	0.000185961	4.39472e-09	3.16983e-14	1.84739e-19	1.05907e-23	1.24859e-27	2.53531e-34	5.22235e-34	2.80085e-33	2.90612e-34	2.44678e-34	
Calparcri	0	0	0	0	0	0	0	0	0	0	0	0	0	0	0	0	0	1	0	0	0	0	0	0	0	0	0	0	0	
C3118	0	0	0	0	0	0	0	0	0	0	0	0	0	0	0	0	0	1	0	0	0	0	0	0	0	0	0	0	0	
N108	1.30119e-36	8.65674e-33	4.06225e-29	1.96482e-26	1.42429e-20	1.21125e-18	6.96379e-14	5.04233e-10	3.26898e-10	5.62516e-08	0.00169018	0.997708	0.000601532	4.77324e-08	1.09191e-10	1.84564e-10	3.89005e-10	3.82555e-09	2.83602e-13	3.63204e-16	5.02946e-21	6.25874e-26	2.87679e-29	5.7062e-31	4.24731e-33	1.38867e-34	1.17925e-34	1.5596e-38	4.00163e-40	
N109	5.38116e-34	5.08446e-29	3.1208e-24	3.49967e-21	1.35589e-16	1.6421e-15	1.03194e-11	5.00952e-08	3.85433e-08	4.44093e-07	0.00194225	0.991503	0.0060943	3.04245e-06	1.01854e-08	7.21179e-08	3.16857e-06	0.000451011	2.98925e-06	2.17444e-08	1.40631e-11	3.06619e-15	6.45555e-18	7.85581e-20	1.01371e-22	1.58142e-25	8.97834e-28	2.26612e-32	9.44118e-36	
N110	1.96607e-32	1.04787e-27	3.7684e-23	2.58336e-20	6.69787e-16	4.28475e-15	2.34542e-11	1.02505e-07	4.45212e-08	4.6532e-07	0.00189128	0.992165	0.0054587	3.18815e-06	2.24442e-08	3.34406e-07	2.7701e-05	0.000450782	2.28326e-06	2.16804e-09	6.70646e-13	1.16333e-16	2.37204e-19	3.28513e-21	1.29976e-23	1.89493e-26	5.74388e-29	2.18803e-33	5.99926e-37	
N111	6.03371e-33	3.48943e-28	1.30792e-23	1.14885e-20	2.54674e-16	2.06038e-15	8.57773e-12	2.95295e-08	1.95806e-08	3.14461e-07	0.00153931	0.993524	0.00445263	2.11427e-06	1.46547e-07	6.15593e-06	0.000104979	0.000369808	3.68202e-07	7.53619e-11	5.76431e-15	3.47302e-19	5.48029e-22	9.61497e-24	4.6023e-26	4.99413e-29	2.01777e-31	4.97692e-36	1.2903e-39	
N112	4.4993e-36	5.27396e-31	4.07996e-26	2.90603e-23	1.67558e-18	6.78592e-18	7.93649e-14	6.93287e-10	1.9303e-10	2.86982e-09	3.11575e-05	0.0341508	9.75762e-05	2.15957e-08	3.65196e-10	1.12514e-06	0.00121766	0.960671	0.00381284	1.80179e-05	7.6658e-09	9.17391e-13	8.52748e-16	4.26586e-18	2.87335e-21	2.41866e-24	7.24581e-27	1.24926e-31	5.74124e-34	
Triowe	0	0	0	0	0	0	0	0	0	0	0	0	0	0	0	0	0	1	0	0	0	0	0	0	0	0	0	0	0	
N113	6.10107e-35	1.08976e-31	3.32009e-27	5.36257e-24	1.61551e-19	3.04785e-18	1.65144e-14	4.88075e-11	3.37994e-11	1.22334e-09	1.00909e-05	0.00940049	2.8956e-05	8.00542e-09	1.15707e-10	5.84108e-07	0.00176128	0.984062	0.00472921	7.51857e-06	2.48238e-09	2.97958e-13	5.29885e-16	3.56749e-17	5.80056e-19	1.58955e-21	3.25942e-23	1.02319e-27	6.85775e-31	
Trijoh	0	0	0	0	0	0	0	0	0	0	0	0	0	0	0	0	0	1	0	0	0	0	0	0	0	0	0	0	0	
Trimel	0	0	0	0	0	0	0	0	0	0	0	0	0	0	0	0	0	1	0	0	0	0	0	0	0	0	0	0	0	
N114	1.58161e-32	1.49609e-27	8.98807e-23	5.19797e-20	2.25841e-15	5.76907e-15	4.52163e-11	2.84537e-07	4.54561e-08	2.79491e-07	0.00138633	0.995052	0.00354716	1.3223e-05	3.42413e-07	4.06171e-09	1.99784e-11	3.3342e-14	1.94093e-18	4.11574e-23	4.31849e-28	7.7304e-33	6.93794e-35	7.48551e-35	5.476e-34	2.05996e-35	1.38428e-36	2.53896e-39	2.83931e-41	
N115	3.3756e-34	3.94962e-29	2.96976e-24	3.88945e-21	1.83667e-16	1.39979e-15	1.00647e-11	3.82318e-08	5.24016e-09	8.25731e-08	0.000768773	0.997103	0.00212654	1.21009e-06	2.65175e-09	3.66725e-12	2.85561e-15	2.2611e-17	6.16806e-22	1.86004e-25	1.15147e-29	1.28003e-33	3.08609e-37	7.83932e-41	3.28602e-45	5.79345e-49	8.31231e-52	2.63e-57	4.95711e-61	
Trihoe	0	0	0	0	0	0	0	0	0	0	0	1	0	0	0	0	0	0	0	0	0	0	0	0	0	0	0	0	0	
Tribit	0	0	0	0	0	0	0	0	0	0	0	1	0	0	0	0	0	0	0	0	0	0	0	0	0	0	0	0	0	
Trijac	0	0	0	0	0	0	0	0	0	0	0	1	0	0	0	0	0	0	0	0	0	0	0	0	0	0	0	0	0	
N116	2.46219e-33	1.21032e-28	4.228e-24	2.06009e-21	5.7482e-17	1.95248e-16	1.18963e-12	5.22411e-09	1.05101e-09	9.63997e-09	4.82346e-05	0.0264139	0.000122711	5.26335e-08	1.65621e-09	2.86371e-06	0.00240504	0.964719	0.00625721	3.137e-05	2.45944e-08	5.95553e-12	7.69036e-15	3.96188e-17	4.05064e-20	4.74352e-23	1.23537e-25	4.92915e-30	1.91909e-33	
Tricri	0	0	0	0	0	0	0	0	0	0	0	0	0	0	0	0	0	1	0	0	0	0	0	0	0	0	0	0	0	
N117	1.14724e-35	7.26953e-31	3.12719e-26	3.10965e-23	8.75366e-19	7.11476e-18	3.39614e-14	8.92882e-11	2.65215e-11	5.82607e-10	4.36681e-06	0.00360053	1.17868e-05	3.54415e-09	1.08151e-10	6.48067e-07	0.00203537	0.989046	0.00529513	6.26851e-06	1.99263e-09	2.70206e-13	4.50336e-16	1.47353e-17	1.24539e-19	2.32692e-22	1.98568e-24	7.0028e-29	3.23771e-32	
Triwie	0	0	0	0	0	0	0	0	0	0	0	0	0	0	0	0	0	1	0	0	0	0	0	0	0	0	0	0	0	
Triqua	0	0	0	0	0	0	0	0	0	0	0	0	0	0	0	0	0	1	0	0	0	0	0	0	0	0	0	0	0	
N118	3.10835e-30	3.61709e-26	3.14272e-22	2.55282e-19	9.98314e-16	3.19321e-14	3.43709e-11	2.98938e-08	9.56951e-08	2.00034e-06	0.00215508	0.334348	0.00552849	9.83885e-06	1.6657e-07	4.32576e-05	0.00489156	0.64077	0.0117954	0.000454928	1.34876e-06	1.10258e-09	1.01621e-11	7.93171e-13	6.07391e-15	6.15673e-17	3.06856e-18	4.58595e-22	1.7043e-24	
N119	7.43147e-30	9.99332e-26	1.00695e-21	4.18271e-19	2.83128e-15	1.95639e-14	3.25676e-11	3.80616e-08	1.5063e-08	1.07584e-07	0.000131144	0.0200108	0.000295047	4.84304e-07	2.91259e-08	1.98895e-05	0.00964018	0.948984	0.0207907	0.000127633	2.47858e-07	2.10258e-10	8.79601e-13	1.31793e-14	6.56479e-17	2.18288e-19	9.84439e-22	1.89711e-25	1.79812e-28	
Kinboe	0	0	0	0	0	0	0	0	0	0	0	0	0	0	0	0	0	1	0	0	0	0	0	0	0	0	0	0	0	
Kinfis	0	0	0	0	0	0	0	0	0	0	0	0	0	0	0	0	0	1	0	0	0	0	0	0	0	0	0	0	0	
Kinxen	0	0	0	0	0	0	0	0	0	0	0	0	0	0	0	0	0	1	0	0	0	0	0	0	0	0	0	0	0	
N120	1.41821e-29	3.43227e-27	6.83125e-25	5.8282e-23	6.22108e-19	1.83388e-16	7.50905e-13	4.10583e-10	5.55682e-09	2.14898e-06	0.00633682	0.991257	0.00240172	1.74264e-06	1.95114e-08	2.76252e-07	1.37255e-07	2.8568e-07	5.80007e-11	2.92468e-13	3.13633e-17	1.27897e-21	4.32404e-24	6.99017e-25	1.8015e-27	7.39182e-30	8.43075e-31	9.37635e-36	1.46653e-38	
N121	1.32834e-26	9.03424e-23	4.60421e-19	2.58612e-16	5.74263e-13	1.50519e-11	8.79955e-09	4.08417e-06	8.93717e-06	6.22604e-05	0.0165137	0.952676	0.0305945	0.000139732	9.03496e-07	5.21452e-08	1.61804e-09	4.6754e-11	2.99214e-14	3.01595e-17	1.17048e-20	2.93764e-24	6.69078e-27	7.17119e-29	2.04124e-31	5.41238e-34	3.13878e-36	3.1965e-40	2.80835e-43	
N122	3.91001e-31	3.56189e-26	1.94927e-21	7.03599e-19	2.57051e-14	3.95452e-14	2.06678e-10	9.44006e-07	1.0201e-07	4.12987e-07	0.00175313	0.992177	0.00606496	3.74512e-06	1.61825e-09	2.98893e-12	3.2064e-15	4.18121e-18	2.06452e-22	2.1807e-26	6.91203e-31	9.08534e-36	4.70828e-39	7.49373e-40	2.23248e-40	3.67475e-42	1.30851e-43	1.35786e-46	6.17411e-47	
N123	1.12325e-35	4.40997e-30	9.60466e-25	6.58411e-22	9.60802e-17	9.63925e-17	1.58815e-12	1.89019e-08	1.14602e-09	1.20814e-08	0.000304339	0.998611	0.00108464	1.24923e-07	8.90329e-12	1.63747e-14	1.06327e-17	1.64489e-20	1.58383e-25	7.04734e-30	4.01518e-35	9.99736e-41	6.82815e-43	1.25075e-40	1.62829e-36	3.39564e-36	3.74459e-35	2.12888e-36	3.05567e-36	
N124	1.75717e-35	2.15644e-30	1.63639e-25	2.41464e-22	1.13608e-17	1.09533e-16	8.1795e-13	3.7326e-09	1.74438e-09	4.91975e-08	0.000576195	0.998036	0.0013872	2.32798e-07	2.83085e-11	5.94578e-13	1.99692e-15	4.07575e-17	7.99805e-22	2.05295e-25	3.21537e-30	1.77781e-35	3.04979e-39	1.23834e-41	2.82172e-45	9.6261e-49	3.80973e-51	9.40583e-57	1.30521e-60	
Chaafr	0	0	0	0	0	0	0	0	0	0	0	1	0	0	0	0	0	0	0	0	0	0	0	0	0	0	0	0	0	
Chacha	0	0	0	0	0	0	0	0	0	0	0	1	0	0	0	0	0	0	0	0	0	0	0	0	0	0	0	0	0	
N125	1.80166e-35	2.55895e-30	2.15456e-25	2.59417e-22	1.31611e-17	7.63301e-17	6.52396e-13	4.69086e-09	2.41149e-09	5.04315e-08	0.000588934	0.998087	0.00132339	2.1691e-07	2.89696e-11	3.64943e-13	9.56189e-16	1.04739e-17	1.94777e-22	3.19355e-26	4.44784e-31	2.26765e-36	2.63741e-40	5.04955e-43	6.95562e-47	1.25519e-50	1.69628e-53	2.43594e-59	1.18206e-63	
Chacaly	0	0	0	0	0	0	0	0	0	0	0	1	0	0	0	0	0	0	0	0	0	0	0	0	0	0	0	0	0	
Chazey	0	0	0	0	0	0	0	0	0	0	0	1	0	0	0	0	0	0	0	0	0	0	0	0	0	0	0	0	0	
N126	9.57944e-31	2.94248e-26	5.72202e-22	6.12722e-19	6.07642e-15	1.42183e-13	3.00536e-10	3.12671e-07	5.78578e-08	9.28548e-07	0.0023743	0.990747	0.00687223	5.20318e-06	2.19962e-09	9.01881e-11	7.33395e-13	3.75723e-14	3.46538e-18	3.78652e-21	2.67988e-25	5.82368e-30	2.97491e-33	2.35101e-35	1.30911e-38	1.2866e-41	1.47879e-43	1.706e-48	1.12149e-51	
Chadil	0	0	0	0	0	0	0	0	0	0	0	1	0	0	0	0	0	0	0	0	0	0	0	0	0	0	0	0	0	
Chasen	0	0	0	0	0	0	0	0	0	0	0	1	0	0	0	0	0	0	0	0	0	0	0	0	0	0	0	0	0	
Chanam	0	0	0	0	0	0	0	0	0	0	0	1	0	0	0	0	0	0	0	0	0	0	0	0	0	0	0	0	0	
N127	3.91546e-36	8.23031e-31	1.14436e-25	1.61392e-22	3.04458e-18	3.96803e-16	2.13208e-11	4.65296e-12	2.56545e-12	5.88101e-08	0.000486033	9.43599e-06	3.6717e-09	6.27754e-11	1.71968e-07	0.000778222	0.988289	0.0104325	4.25868e-06	1.17638e-09	1.25722e-13	6.14292e-18	7.72284e-22	1.78371e-25	1.36735e-29	1.00955e-33	1.4901e-37	1.95054e-40	5.40862e-41	
N128	3.68083e-44	4.24181e-41	3.48392e-35	3.29226e-31	4.89295e-25	3.01162e-22	1.5528e-16	8.06205e-18	1.32816e-17	9.59863e-12	1.79598e-06	2.91716e-09	4.52048e-14	3.47584e-16	1.63105e-10	3.60495e-05	0.999417	0.000545214	1.07025e-08	5.64231e-14	1.11225e-19	8.18046e-24	3.05581e-28	1.13657e-29	1.24657e-30	1.57625e-32	8.16028e-35	2.07308e-38	3.15556e-40	
N129	1.54513e-43	3.11753e-39	3.39207e-35	4.78475e-33	3.41631e-28	6.91637e-25	2.9755e-19	5.03444e-20	9.39685e-19	6.24729e-13	1.11982e-07	1.08977e-10	1.17534e-15	1.14971e-16	9.67188e-11	2.84259e-05	0.999712	0.000259312	3.43743e-09	1.07141e-14	1.42612e-20	8.09959e-23	3.60218e-26	4.20809e-28	7.21972e-30	1.28574e-31	1.47864e-34	1.22415e-38	1.45251e-39	
Braset	0	0	0	0	0	0	0	0	0	0	0	0	0	0	0	0	1	0	0	0	0	0	0	0	0	0	0	0	0	
N130	1.81617e-42	1.69024e-38	1.08432e-34	1.24455e-32	1.61756e-29	7.38033e-27	4.932e-21	2.88386e-20	3.13583e-19	6.07428e-14	3.10772e-09	1.88636e-12	2.71495e-16	2.64168e-15	7.68522e-10	7.83327e-05	0.999719	0.000203052	4.89553e-09	3.3933e-14	2.92241e-19	2.81421e-21	2.31651e-24	2.17909e-26	4.25332e-29	3.09641e-33	6.16404e-39	1.86185e-44	4.60533e-44	
N131	2.52225e-56	6.80248e-49	5.55516e-42	6.5497e-38	4.16384e-32	4.04008e-29	6.3329e-23	1.21226e-23	3.79524e-23	2.25493e-17	3.18999e-12	4.35445e-15	3.48704e-17	1.11693e-16	1.00109e-10	2.82712e-05	0.999916	5.61084e-05	3.94138e-10	8.33847e-16	3.28243e-21	7.13994e-25	1.83028e-29	1.17633e-34	7.36625e-34	7.18169e-34	6.16929e-35	2.3115e-36	2.07953e-35	
Bramel	0	0	0	0	0	0	0	0	0	0	0	0	0	0	0	0	1	0	0	0	0	0	0	0	0	0	0	0	0	
Bratha	0	0	0	0	0	0	0	0	0	0	0	0	0	0	0	0	1	0	0	0	0	0	0	0	0	0	0	0	0	
N132	4.19837e-44	7.63096e-40	9.05181e-36	1.16605e-33	6.40423e-31	8.51873e-28	4.35242e-22	5.60227e-22	2.90325e-21	5.07208e-16	2.22487e-11	2.13953e-14	7.44664e-16	3.73216e-15	1.00059e-09	8.93751e-05	0.99973	0.000180969	4.09482e-09	2.75831e-14	4.05066e-19	1.02268e-21	3.91358e-25	7.79012e-28	2.97164e-31	7.57467e-36	6.72552e-42	1.17138e-48	2.97067e-53	
Bradra	0	0	0	0	0	0	0	0	0	0	0	0	0	0	0	0	1	0	0	0	0	0	0	0	0	0	0	0	0	
Bratra	0	0	0	0	0	0	0	0	0	0	0	0	0	0	0	0	1	0	0	0	0	0	0	0	0	0	0	0	0	
N133	5.57067e-48	7.3516e-42	5.90398e-36	5.06062e-32	5.1229e-27	4.01667e-24	1.14381e-18	1.03573e-18	3.49526e-18	3.52467e-13	8.98865e-09	6.80083e-12	5.93552e-15	1.84974e-14	2.89638e-09	0.00015189	0.999532	0.000316504	1.25223e-08	1.47284e-13	3.53797e-18	6.43684e-21	2.67562e-24	3.83659e-27	1.08027e-30	3.02521e-35	4.67781e-41	1.43761e-47	2.67681e-52	
Bragut	0	0	0	0	0	0	0	0	0	0	0	0	0	0	0	0	1	0	0	0	0	0	0	0	0	0	0	0	0	
Braven	0	0	0	0	0	0	0	0	0	0	0	0	0	0	0	0	1	0	0	0	0	0	0	0	0	0	0	0	0	
N134	4.10489e-40	9.77885e-35	1.44088e-29	5.55364e-26	9.29341e-22	2.52243e-19	7.15596e-15	9.69205e-15	4.07713e-14	1.17978e-09	9.50444e-06	5.34931e-08	9.07473e-12	8.07309e-13	3.2791e-08	0.00050732	0.997154	0.00232861	4.58945e-07	2.38227e-11	8.67754e-16	3.02493e-18	4.50401e-21	2.89378e-23	4.04893e-26	7.3584e-30	2.5976e-34	1.19219e-39	3.35825e-43	
Brapum	0	0	0	0	0	0	0	0	0	0	0	0	0	0	0	0	1	0	0	0	0	0	0	0	0	0	0	0	0	
Bradam	0	0	0	0	0	0	0	0	0	0	0	0	0	0	0	0	1	0	0	0	0	0	0	0	0	0	0	0	0	
