#Nodes with GAIN events with expectation above 0.5
N3: 0.987893
B3088: 1.27599
BGA709: 1.10475
BGA309: 1.10475
B983: 0.537914
B11604: 0.537914
PGA445: 2.50728
Rhatem: 0.584465
FGA379: 2.04314
Furcep: 1.97325
FGA331: 1.71198
FGA104: 0.874986
FGA174: 1.2982
CGA312: 1.49365
N44: 0.567628
C601: 1.0702
CGA236: 0.80994
C3125: 1.69265
N52: 0.593197
C12265: 0.934928
C3126: 1.84159
N56: 1.39696
C2208: 1.19281
N60: 1.7143
N65: 0.846827
N68: 0.934923
Triowe: 0.754251
Trijoh: 0.562584
Trimel: 0.562584
N72: 1.00589
Tricri: 0.608637
N75: 1.01655
Kinboe: 0.593988
Kinfis: 0.593988
Kinxen: 1.67215
Chanam: 0.509251
N83: 1.82214
Total number of gain events: 59.1298
#+++++++++++++++++++++++++++++

#Nodes with LOSS events with expectation above 0.5
B3088: 1.35571
BGA709: 1.2101
BGA309: 1.2101
B11696: 0.502579
B11609: 0.502579
B983: 0.659496
B11604: 0.659496
PGA445: 1.8715
N13: 0.83481
N14: 1.86427
Rhaspe: 4.77997
Rhamar: 4.4993
Rhatem: 3.61908
N18: 0.764079
FGA379: 0.851396
N19: 1.94785
N20: 0.84593
F3015: 1.77902
F1476: 1.2384
N28: 0.70025
FGA465: 1.08273
FGA99: 0.851666
FGA15: 0.803214
FGA489: 1.64156
FurbGB: 2.22049
CGA763: 1.00086
Calboe: 2.4082
CGA429: 1.56973
N49: 0.623701
C984: 2.07076
CGA310: 0.992757
N51: 0.725603
CGA494: 1.13442
N54: 1.19754
C404: 1.05596
CGA45: 1.0721
N60: 0.608461
C3121: 0.841166
N70: 4.20758
Trijac: 0.758052
N75: 0.51895
Kinboe: 0.513302
Kinfis: 0.513302
Kinxen: 1.09385
N77: 2.33934
N78: 1.71467
Chadil: 0.534978
Chasen: 0.534978
Chanam: 2.45375
N83: 1.0251
Total number of loss events: 91.4976
#+++++++++++++++++++++++++++++

#Nodes with duplication events with expectation above 0.5
Total number of duplication events: 0
#+++++++++++++++++++++++++++++

#Nodes with demi-duplication events with expectation above 0.5
Total number of demi-dulications events: 0
#+++++++++++++++++++++++++++++

#+++++++++++++++++++++++++++++

#Nodes with transitions in base number with expectation above 0.5
Total number of transitions in base number: 0
#+++++++++++++++++++++++++++++

#EVENTS NOT ACCOUNTED FOR IN THE SIMULATIONS: 
NONE
#+++++++++++++++++++++++++++++

#ALL EVENTS EXPECTATIONS PER NODE
NODE	GAIN	LOSS	DUPLICATION	DEMI-DUPLICATION	BASE-NUMBER
N2	0.468298	0.0744799	0	0	0
N3	0.987893	0.32714	0	0	0
N4	0.148643	0.093905	0	0	0
B3088	1.27599	1.35571	0	0	0
N5	0.155337	0.129703	0	0	0
BGA709	1.10475	1.2101	0	0	0
BGA309	1.10475	1.2101	0	0	0
N6	0.396096	0.292454	0	0	0
N7	0.444863	0.479451	0	0	0
B11696	0.408548	0.502579	0	0	0
B11609	0.408548	0.502579	0	0	0
N8	0.105107	0.0972607	0	0	0
N9	0.0284337	0.0289681	0	0	0
N10	0.157268	0.171617	0	0	0
B983	0.537914	0.659496	0	0	0
B11604	0.537914	0.659496	0	0	0
N11	0.364499	0.427517	0	0	0
BGAA1	0.281836	0.354749	0	0	0
BGA584	0.281836	0.354749	0	0	0
N12	0.346666	0.394546	0	0	0
BGA303	0.353296	0.441881	0	0	0
BGAB1	0.353296	0.441881	0	0	0
PGA445	2.50728	1.8715	0	0	0
N13	0.0558127	0.83481	0	0	0
N14	0.00975519	1.86427	0	0	0
Rhaspe	0.475103	4.77997	0	0	0
N15	0.00999735	0.277405	0	0	0
Rhamar	0.464684	4.4993	0	0	0
Rhatem	0.584465	3.61908	0	0	0
N16	0.114799	0.0205004	0	0	0
N17	0.436935	0.197848	0	0	0
N18	0.0478726	0.764079	0	0	0
FGA379	2.04314	0.851396	0	0	0
N19	0.0292321	1.94785	0	0	0
N20	0.0387766	0.84593	0	0	0
N21	0.00295125	0.460994	0	0	0
F3015	0.17841	1.77902	0	0	0
N22	0.00440783	0.132068	0	0	0
N23	0.0125527	0.0809634	0	0	0
N24	0.0062717	0.273311	0	0	0
N25	0.00491289	0.0212077	0	0	0
F1476	0.117201	1.2384	0	0	0
N26	0.0213625	0.0152368	0	0	0
Furcep	1.97325	0.100607	0	0	0
N27	0.0038351	0.106672	0	0	0
Furpol	0.235321	0.25983	0	0	0
N28	0.0135013	0.70025	0	0	0
N29	0.0174123	0.260525	0	0	0
F2241	0.0320149	0.126663	0	0	0
Furang	0.0320149	0.126663	0	0	0
FGA490	0.0732174	0.410978	0	0	0
N30	0.0106303	0.125679	0	0	0
N31	0.01669	0.0272382	0	0	0
N32	0.0390366	0.00784951	0	0	0
N33	0.00596513	0.021887	0	0	0
N34	0.0178652	0.0341786	0	0	0
FGA456	0.0337729	0.0446172	0	0	0
FGA513	0.0337729	0.0446172	0	0	0
F12278	0.0794954	0.106653	0	0	0
N35	0.284357	0.0152138	0	0	0
Furant	0.035581	0.34783	0	0	0
FGA331	1.71198	0.024231	0	0	0
FGA465	0.0708359	1.08273	0	0	0
N36	0.0211606	0.245846	0	0	0
FGA99	0.0539121	0.851666	0	0	0
N37	0.0291291	0.0533341	0	0	0
FGA15	0.0296648	0.803214	0	0	0
FGA581	0.27433	0.047879	0	0	0
FGA104	0.874986	0.279513	0	0	0
FGA489	0.168624	1.64156	0	0	0
FGA174	1.2982	0.357438	0	0	0
FurbGB	0.353915	2.22049	0	0	0
N38	0.249771	0.0119168	0	0	0
N39	0.306433	0.062001	0	0	0
N40	0.412993	0.485283	0	0	0
CGA312	1.49365	0.428926	0	0	0
N41	0.0252015	0.159867	0	0	0
N42	0.00421284	0.265749	0	0	0
N43	0.0280141	0.00965089	0	0	0
N44	0.567628	0.170888	0	0	0
CGA642	0.198128	0.152338	0	0	0
N45	0.0320192	0.019425	0	0	0
CGA763	0.0340522	1.00086	0	0	0
C601	1.0702	0.0370054	0	0	0
N46	0.0165189	0.034008	0	0	0
CGA236	0.80994	0.34992	0	0	0
N47	0.0185944	0.146572	0	0	0
N48	0.17344	0.217102	0	0	0
Calboe	0.0408099	2.4082	0	0	0
C3125	1.69265	0.0717226	0	0	0
CGA429	0.157754	1.56973	0	0	0
N49	0.00142095	0.623701	0	0	0
C984	0.156236	2.07076	0	0	0
N50	0.00505456	0.180586	0	0	0
CGA310	0.253875	0.992757	0	0	0
N51	0.0548519	0.725603	0	0	0
CGA365	0.224142	0.292273	0	0	0
CGA494	0.0662863	1.13442	0	0	0
N52	0.593197	0.108027	0	0	0
N53	0.0196774	0.0935211	0	0	0
C12265	0.934928	0.146864	0	0	0
N54	0.0233337	1.19754	0	0	0
C404	0.0184702	1.05596	0	0	0
N55	0.0118399	0.0235441	0	0	0
Cl11778	0.0458158	0.0716134	0	0	0
CGA48	0.0458158	0.0716134	0	0	0
C3126	1.84159	0.127372	0	0	0
N56	1.39696	0.385009	0	0	0
CGA311	0.476499	0.496031	0	0	0
N57	0.0465988	0.0173297	0	0	0
N58	0.0616672	0.168925	0	0	0
CGA45	0.13055	1.0721	0	0	0
N59	0.0484335	0.0218722	0	0	0
C3043	0.235243	0.203353	0	0	0
CGA364	0.235243	0.203353	0	0	0
C2208	1.19281	0.24162	0	0	0
N60	1.7143	0.608461	0	0	0
N61	0.160612	0.136998	0	0	0
CGA453	0.217589	0.110143	0	0	0
N62	0.0313265	0.103707	0	0	0
CGA501	0.218502	0.0386755	0	0	0
C3121	0.0209931	0.841166	0	0	0
N63	0.371867	0.240927	0	0	0
Calparcri	0.0113874	0.0112681	0	0	0
C3118	0.0113874	0.0112681	0	0	0
N64	0.0312477	0.0186254	0	0	0
N65	0.846827	0.0904147	0	0	0
N66	0.40127	0.302204	0	0	0
N67	0.0974375	0.398754	0	0	0
N68	0.934923	0.0974319	0	0	0
Triowe	0.754251	0.446488	0	0	0
N69	0.158522	0.0438927	0	0	0
Trijoh	0.562584	0.369531	0	0	0
Trimel	0.562584	0.369531	0	0	0
N70	0.0274889	4.20758	0	0	0
N71	0.0139642	0.343277	0	0	0
Trihoe	0.0684884	0.392262	0	0	0
Tribit	0.0684884	0.392262	0	0	0
Trijac	0.10489	0.758052	0	0	0
N72	1.00589	0.284928	0	0	0
Tricri	0.608637	0.483663	0	0	0
N73	0.184616	0.0985665	0	0	0
Triwie	0.368911	0.329989	0	0	0
Triqua	0.368911	0.329989	0	0	0
N74	0.469469	0.103072	0	0	0
N75	1.01655	0.51895	0	0	0
Kinboe	0.593988	0.513302	0	0	0
Kinfis	0.593988	0.513302	0	0	0
Kinxen	1.67215	1.09385	0	0	0
N76	0.0120011	0.104848	0	0	0
N77	0.081072	2.33934	0	0	0
N78	0.15223	1.71467	0	0	0
N79	0.0594026	0.352445	0	0	0
N80	0.0192873	0.0523238	0	0	0
Chaafr	0.0907041	0.14665	0	0	0
Chacha	0.0907041	0.14665	0	0	0
N81	0.0295008	0.0756114	0	0	0
Chacaly	0.0669619	0.109833	0	0	0
Chazey	0.0669619	0.109833	0	0	0
N82	0.0302363	0.109712	0	0	0
Chadil	0.232429	0.534978	0	0	0
Chasen	0.232429	0.534978	0	0	0
Chanam	0.509251	2.45375	0	0	0
N83	1.82214	1.0251	0	0	0
N84	0.0333645	0.0316575	0	0	0
N85	0.00283359	0.00312045	0	0	0
Braset	0.124669	0.128476	0	0	0
N86	0.0103113	0.0108202	0	0	0
N87	0.0530617	0.0557966	0	0	0
Bramel	0.00498013	0.00554368	0	0	0
Bratha	0.00498013	0.00554368	0	0	0
N88	0.0290943	0.0304008	0	0	0
Bradra	0.0218785	0.0238703	0	0	0
Bratra	0.0218785	0.0238703	0	0	0
N89	0.0629258	0.0641015	0	0	0
Bragut	0.0252357	0.0281533	0	0	0
Braven	0.0252357	0.0281533	0	0	0
N90	0.07727	0.0707765	0	0	0
Brapum	0.0840298	0.0929094	0	0	0
Bradam	0.0840298	0.0929094	0	0	0
#+++++++++++++++++++++++++++++

#Expected number of events from root to leaf
LEAF	GAIN	LOSS	DUPLICATION	DEMI-DUPLICATION	BASE-NUMBER
B3088	2.88082	1.85123	0	0	0
BGA709	2.86492	1.83533	0	0	0
BGA309	2.86492	1.83533	0	0	0
B11696	2.7057	1.6761	0	0	0
B11609	2.7057	1.6761	0	0	0
B983	2.68101	1.65142	0	0	0
B11604	2.68101	1.65142	0	0	0
BGAA1	2.63216	1.60257	0	0	0
BGA584	2.63216	1.60257	0	0	0
BGA303	2.65736	1.62776	0	0	0
BGAB1	2.65736	1.62776	0	0	0
PGA445	2.97558	1.94598	0	0	0
Rhaspe	0.540671	7.47904	0	0	0
Rhamar	0.54025	7.47578	0	0	0
Rhatem	0.66003	6.59556	0	0	0
FGA379	2.69856	2.66863	0	0	0
F3015	0.90479	6.85102	0	0	0
F1476	0.871726	6.81795	0	0	0
Furcep	2.74914	5.6954	0	0	0
Furpol	1.01504	5.96129	0	0	0
F2241	0.842651	6.7889	0	0	0
Furang	0.842651	6.7889	0	0	0
FGA490	0.866441	6.81269	0	0	0
FGA456	0.873572	5.8198	0	0	0
FGA513	0.873572	5.8198	0	0	0
F12278	0.90143	5.84765	0	0	0
Furant	1.13591	6.08216	0	0	0
FGA331	2.81231	5.75856	0	0	0
FGA465	0.847768	6.79399	0	0	0
FGA99	0.835315	6.78154	0	0	0
FGA15	0.840197	6.78642	0	0	0
FGA581	1.08486	6.03109	0	0	0
FGA104	1.61833	5.56455	0	0	0
FGA489	0.899411	6.84564	0	0	0
FGA174	2.02163	4.96845	0	0	0
FurbGB	1.03857	5.98557	0	0	0
CGA312	3.07039	2.04129	0	0	0
CGA642	2.39993	2.37085	0	0	0
CGA763	2.26787	3.2388	0	0	0
C601	3.30402	2.27494	0	0	0
CGA236	2.46063	2.43155	0	0	0
Calboe	1.88354	4.85351	0	0	0
C3125	3.53537	2.51703	0	0	0
CGA429	1.82704	3.79793	0	0	0
C984	1.76382	4.73244	0	0	0
CGA310	1.86651	3.83502	0	0	0
CGA365	1.89163	3.86014	0	0	0
CGA494	1.73377	4.70228	0	0	0
C12265	3.14975	2.12064	0	0	0
C404	2.25662	4.22728	0	0	0
Cl11778	2.29581	3.26648	0	0	0
CGA48	2.29581	3.26648	0	0	0
C3126	4.03673	2.00762	0	0	0
CGA311	3.03721	2.00812	0	0	0
CGA45	2.79953	2.77044	0	0	0
C3043	2.95266	1.92357	0	0	0
CGA364	2.95266	1.92357	0	0	0
C2208	3.80013	1.77104	0	0	0
CGA453	2.94981	1.92068	0	0	0
CGA501	2.98205	1.95292	0	0	0
C3121	2.78454	2.75541	0	0	0
Calparcri	2.95487	1.92573	0	0	0
C3118	2.95487	1.92573	0	0	0
Triowe	3.23657	2.20923	0	0	0
Trijoh	3.20342	2.17617	0	0	0
Trimel	3.20342	2.17617	0	0	0
Trihoe	1.65734	6.60843	0	0	0
Tribit	1.65734	6.60843	0	0	0
Trijac	1.67977	6.63094	0	0	0
Tricri	3.06449	2.03515	0	0	0
Triwie	3.00938	1.98004	0	0	0
Triqua	3.00938	1.98004	0	0	0
Kinboe	3.1287	2.09967	0	0	0
Kinfis	3.1287	2.09967	0	0	0
Kinxen	3.1903	2.16128	0	0	0
Chaafr	0.616557	5.58422	0	0	0
Chacha	0.616557	5.58422	0	0	0
Chacaly	0.603028	5.57069	0	0	0
Chazey	0.603028	5.57069	0	0	0
Chadil	0.709828	5.67749	0	0	0
Chasen	0.709828	5.67749	0	0	0
Chanam	0.804184	5.77188	0	0	0
Braset	2.19687	2.16714	0	0	0
Bramel	2.14055	2.11082	0	0	0
Bratha	2.14055	2.11082	0	0	0
Bradra	2.13348	2.10375	0	0	0
Bratra	2.13348	2.10375	0	0	0
Bragut	2.15752	2.1278	0	0	0
Braven	2.15752	2.1278	0	0	0
Brapum	2.1973	2.16757	0	0	0
Bradam	2.1973	2.16757	0	0	0
