#Nodes with GAIN events with expectation above 0.5
N3: 0.802035
B3088: 1.00435
N6: 0.851418
BGA309: 0.85193
N26: 2.00183
N33: 1.66327
Furcep: 1.90077
N56: 1.70386
N62: 0.743615
N63: 1.08105
N67: 1.23244
N74: 1.0281
CGA236: 0.600944
C3125: 1.54281
N86: 0.509484
C12265: 0.781784
N92: 1.68121
N93: 1.15223
C2208: 1.08043
N101: 1.41277
N109: 0.78108
N112: 0.808752
Triowe: 0.546191
N116: 0.813178
N119: 0.803413
Kinxen: 1.32267
N127: 1.42176
Total number of gain events: 47.5038
#+++++++++++++++++++++++++++++

#Nodes with LOSS events with expectation above 0.5
B3088: 1.12386
N6: 0.991222
BGA309: 0.991736
N26: 1.52149
N27: 0.762464
N28: 2.01258
Rhaspe: 4.71073
Rhamar: 4.42844
Rhatem: 3.52273
N32: 0.751869
N33: 0.703159
N34: 2.06898
N35: 0.826595
N36: 0.503333
N37: 1.80231
N42: 1.239
N45: 0.729845
FGA465: 1.07711
N58: 0.871649
N60: 0.835057
FGA489: 1.66326
FurbGB: 2.2322
N73: 1.02851
Calboe: 2.54515
N78: 1.66922
N79: 0.7506
N80: 2.057
N82: 0.922884
N83: 0.713829
N85: 1.12612
N88: 1.30266
C404: 1.05335
N96: 1.06206
N106: 0.887317
N114: 3.78886
Trijac: 0.718592
Kinxen: 0.897059
N121: 2.51359
N122: 1.74673
Chanam: 2.38526
N127: 0.867073
Total number of loss events: 85.0074
#+++++++++++++++++++++++++++++

#Nodes with duplication events with expectation above 0.5
Total number of duplication events: 0
#+++++++++++++++++++++++++++++

#Nodes with demi-duplication events with expectation above 0.5
Total number of demi-dulications events: 0
#+++++++++++++++++++++++++++++

#+++++++++++++++++++++++++++++

#Nodes with transitions in base number with expectation above 0.5
Total number of transitions in base number: 0
#+++++++++++++++++++++++++++++

#EVENTS NOT ACCOUNTED FOR IN THE SIMULATIONS: 
NONE
#+++++++++++++++++++++++++++++

#ALL EVENTS EXPECTATIONS PER NODE
NODE	GAIN	LOSS	DUPLICATION	DEMI-DUPLICATION	BASE-NUMBER
N2	0.412312	0.0573071	0	0	0
N3	0.802035	0.250569	0	0	0
N4	0.116937	0.0685755	0	0	0
B3088	1.00435	1.12386	0	0	0
N5	0.119803	0.0995009	0	0	0
N6	0.851418	0.991222	0	0	0
BGA709	9.61761e-07	1.94094e-06	0	0	0
BGA710	9.61761e-07	1.94094e-06	0	0	0
BGA309	0.85193	0.991736	0	0	0
N7	0.272826	0.232258	0	0	0
N8	0.323497	0.354321	0	0	0
N9	0.293525	0.374406	0	0	0
B11696	8.35845e-07	1.8441e-06	0	0	0
B11697	8.35845e-07	1.8441e-06	0	0	0
N10	0.24995	0.329128	0	0	0
B11609	0.00382058	0.00552425	0	0	0
BGA392	0.00382058	0.00552425	0	0	0
N11	0.0646328	0.0733944	0	0	0
N12	0.0158597	0.0195208	0	0	0
N13	0.101934	0.11316	0	0	0
N14	0.389376	0.477433	0	0	0
B985	1.00146e-06	2.13388e-06	0	0	0
B983	1.00146e-06	2.13388e-06	0	0	0
N15	0.224065	0.289551	0	0	0
N16	0.0660333	0.0886047	0	0	0
B199	3.51582e-07	8.18536e-07	0	0	0
BGAA3	3.51582e-07	8.18536e-07	0	0	0
N17	0.0660182	0.0885895	0	0	0
B11604	4.97556e-07	1.15877e-06	0	0	0
BGA583	4.97556e-07	1.15877e-06	0	0	0
N18	0.163094	0.198813	0	0	0
N19	0.267659	0.331212	0	0	0
BGA89	9.59517e-06	2.06916e-05	0	0	0
BGA40	9.59517e-06	2.06916e-05	0	0	0
N20	0.0475679	0.0622647	0	0	0
N21	0.174292	0.223159	0	0	0
BGAA2	7.66269e-07	1.70484e-06	0	0	0
BGAA1	7.66269e-07	1.70484e-06	0	0	0
N22	0.158162	0.206748	0	0	0
BGA584	0.000538767	0.000820548	0	0	0
BGA706	0.000538767	0.000820548	0	0	0
N23	0.241519	0.272752	0	0	0
N24	0.237244	0.308839	0	0	0
BGA304	9.39876e-05	0.000211076	0	0	0
BGA303	9.39876e-05	0.000211076	0	0	0
N25	0.247409	0.319121	0	0	0
BGAB1	5.72489e-07	1.27622e-06	0	0	0
BGA7	5.72489e-07	1.27622e-06	0	0	0
N26	2.00183	1.52149	0	0	0
PGA445	2.65923e-05	3.53766e-05	0	0	0
PGA363	2.65923e-05	3.53766e-05	0	0	0
N27	0.0454636	0.762464	0	0	0
N28	0.00534375	2.01258	0	0	0
Rhaspe	0.3426	4.71073	0	0	0
N29	0.00688551	0.285039	0	0	0
Rhamar	0.341362	4.42844	0	0	0
Rhatem	0.435644	3.52273	0	0	0
N30	0.107568	0.0161575	0	0	0
N31	0.37899	0.162325	0	0	0
N32	0.0375505	0.751869	0	0	0
N33	1.66327	0.703159	0	0	0
FGA379	3.25876e-06	2.54642e-06	0	0	0
F647	3.25876e-06	2.54642e-06	0	0	0
N34	0.0265015	2.06898	0	0	0
N35	0.0311341	0.826595	0	0	0
N36	0.0020724	0.503333	0	0	0
N37	0.135145	1.80231	0	0	0
F3016	1.23963e-07	5.09433e-06	0	0	0
F3015	1.23963e-07	5.09433e-06	0	0	0
N38	0.00292524	0.134443	0	0	0
N39	0.00984663	0.0771371	0	0	0
N40	0.00500588	0.307077	0	0	0
N41	0.00387046	0.0199704	0	0	0
N42	0.0888874	1.239	0	0	0
F1476	1.87299e-07	7.71798e-06	0	0	0
FGA81	1.87299e-07	7.71798e-06	0	0	0
N43	0.0182392	0.0128495	0	0	0
Furcep	1.90077	0.0562834	0	0	0
N44	0.00273576	0.10961	0	0	0
Furpol	0.179129	0.227757	0	0	0
N45	0.00986165	0.729845	0	0	0
N46	0.0123457	0.255033	0	0	0
N47	0.0219127	0.107841	0	0	0
F2241	0.000103346	0.00013187	0	0	0
F12266	0.000103346	0.00013187	0	0	0
Furang	0.0237684	0.109725	0	0	0
Fga490	0.0559946	0.384639	0	0	0
N48	0.00909381	0.140607	0	0	0
N49	0.0126166	0.0268311	0	0	0
N50	0.0304462	0.00711819	0	0	0
N51	0.00392357	0.0217008	0	0	0
N52	0.0143849	0.0311786	0	0	0
FGA456	0.0244501	0.0337014	0	0	0
N53	0.023839	0.0330854	0	0	0
FGA516	0.000102798	0.00010771	0	0	0
FGA513	0.000102798	0.00010771	0	0	0
N54	0.0602439	0.0862883	0	0	0
F12278	2.29539e-07	8.7946e-07	0	0	0
F12279	2.29539e-07	8.7946e-07	0	0	0
N55	0.269716	0.0124548	0	0	0
Furant	0.0254743	0.326558	0	0	0
N56	1.70386	0.00496387	0	0	0
FGA331	2.05682e-05	3.95587e-07	0	0	0
FGA332	2.05682e-05	3.95587e-07	0	0	0
FGA465	0.0566166	1.07711	0	0	0
N57	0.0168678	0.222743	0	0	0
N58	0.0428631	0.871649	0	0	0
FGA99	7.2077e-07	4.79074e-05	0	0	0
F12269	7.2077e-07	4.79074e-05	0	0	0
N59	0.0243503	0.0456231	0	0	0
N60	0.0275044	0.835057	0	0	0
FGA15	7.55364e-08	8.46035e-06	0	0	0
FGA440	7.55364e-08	8.46035e-06	0	0	0
N61	0.230691	0.0382529	0	0	0
FGA581	1.28174e-06	5.63067e-07	0	0	0
FGA582	1.28174e-06	5.63067e-07	0	0	0
N62	0.743615	0.211909	0	0	0
FGA104	2.92608e-06	2.01696e-06	0	0	0
FGA105	2.92608e-06	2.01696e-06	0	0	0
FGA489	0.127669	1.66326	0	0	0
N63	1.08105	0.254667	0	0	0
FGA174	0.000217832	0.000166931	0	0	0
FGA175	0.000217832	0.000166931	0	0	0
FurbGB	0.263016	2.2322	0	0	0
N64	0.232538	0.0100304	0	0	0
N65	0.259821	0.0499729	0	0	0
N66	0.316268	0.408537	0	0	0
N67	1.23244	0.32898	0	0	0
CGA312	0.000156118	7.27375e-05	0	0	0
CGA963	0.000156118	7.27375e-05	0	0	0
N68	0.0174252	0.146822	0	0	0
N69	0.00317379	0.27515	0	0	0
N70	0.0224381	0.00825062	0	0	0
N71	0.428782	0.145114	0	0	0
CGA642	0.135134	0.127866	0	0	0
N72	0.0265004	0.015863	0	0	0
N73	0.0251423	1.02851	0	0	0
CGA763	7.41126e-08	5.73312e-06	0	0	0
CGA764	7.41126e-08	5.73312e-06	0	0	0
N74	1.0281	0.0314731	0	0	0
C601	4.28368e-06	2.16529e-07	0	0	0
C602	4.28368e-06	2.16529e-07	0	0	0
N75	0.0118196	0.0304633	0	0	0
CGA236	0.600944	0.291367	0	0	0
N76	0.0134716	0.146961	0	0	0
N77	0.1397	0.191005	0	0	0
Calboe	0.0402251	2.54515	0	0	0
C3125	1.54281	0.0484439	0	0	0
N78	0.112289	1.66922	0	0	0
CGA429	0	0	0	0	0
CGA430	0	0	0	0	0
N79	0.00115516	0.7506	0	0	0
N80	0.115852	2.057	0	0	0
C985	0	0	0	0	0
C984	0	0	0	0	0
N81	0.00384572	0.198045	0	0	0
N82	0.177428	0.922884	0	0	0
CGA310	0.000874922	0.00227442	0	0	0
CGA314	0.000874922	0.00227442	0	0	0
N83	0.0441544	0.713829	0	0	0
N84	0.15999	0.236988	0	0	0
CGA382	0.000400308	0.00058111	0	0	0
CGA365	0.000400308	0.00058111	0	0	0
N85	0.0489504	1.12612	0	0	0
CGA494	1.97338e-07	1.03967e-05	0	0	0
CGA495	1.97338e-07	1.03967e-05	0	0	0
N86	0.509484	0.0855969	0	0	0
N87	0.0141451	0.0869725	0	0	0
C12265	0.781784	0.0998678	0	0	0
N88	0.0173517	1.30266	0	0	0
C404	0.0205728	1.05335	0	0	0
N89	0.00910619	0.023755	0	0	0
N90	0.0303939	0.0485218	0	0	0
Cl11778	1.37457e-06	4.31782e-06	0	0	0
Cl11779	1.37457e-06	4.31782e-06	0	0	0
N91	0.0165349	0.0335851	0	0	0
CGA594	0.00351224	0.00459285	0	0	0
CGA48	0.00351224	0.00459285	0	0	0
N92	1.68121	0.07217	0	0	0
C3134	1.67734e-05	1.38586e-06	0	0	0
C3126	1.67734e-05	1.38586e-06	0	0	0
N93	1.15223	0.287782	0	0	0
CGA311	0.326686	0.379856	0	0	0
N94	0.0347134	0.0117231	0	0	0
N95	0.0383479	0.137258	0	0	0
N96	0.0848198	1.06206	0	0	0
CGA45	3.1407e-07	7.81209e-06	0	0	0
CGA46	3.1407e-07	7.81209e-06	0	0	0
N97	0.0317651	0.0141276	0	0	0
N98	0.0495243	0.0418748	0	0	0
N99	0.0262711	0.0286356	0	0	0
C3043	0.00094431	0.00111885	0	0	0
CGA87	0.00094431	0.00111885	0	0	0
N100	0.0246374	0.0269413	0	0	0
CGA368	0.0011267	0.00136184	0	0	0
CGA557	0.0011267	0.00136184	0	0	0
CGA364	0.135598	0.130488	0	0	0
C2208	1.08043	0.156593	0	0	0
N101	1.41277	0.471025	0	0	0
N102	0.113453	0.0996954	0	0	0
N103	0.131549	0.0659255	0	0	0
CGA453	7.78638e-05	6.86323e-05	0	0	0
CGA383	7.78638e-05	6.86323e-05	0	0	0
N104	0.01684	0.080161	0	0	0
N105	0.15449	0.0255385	0	0	0
CGA501	2.61123e-06	7.80126e-07	0	0	0
C11776	2.61123e-06	7.80126e-07	0	0	0
N106	0.0162893	0.887317	0	0	0
C3121	1.66207e-07	1.96877e-05	0	0	0
C3123	1.66207e-07	1.96877e-05	0	0	0
N107	0.253956	0.174157	0	0	0
Calparcri	0.00513417	0.00554269	0	0	0
C3118	0.00513417	0.00554269	0	0	0
N108	0.0260297	0.0161743	0	0	0
N109	0.78108	0.0718088	0	0	0
N110	0.328125	0.246541	0	0	0
N111	0.0749234	0.354893	0	0	0
N112	0.808752	0.0754189	0	0	0
Triowe	0.546191	0.339365	0	0	0
N113	0.119012	0.0306053	0	0	0
Trijoh	0.402338	0.283931	0	0	0
Trimel	0.402338	0.283931	0	0	0
N114	0.0164609	3.78886	0	0	0
N115	0.0107426	0.341848	0	0	0
Trihoe	0.0513175	0.361156	0	0	0
Tribit	0.0513175	0.361156	0	0	0
Trijac	0.0775794	0.718592	0	0	0
N116	0.813178	0.220298	0	0	0
Tricri	0.433376	0.366092	0	0	0
N117	0.132928	0.0737445	0	0	0
Triwie	0.248795	0.240694	0	0	0
Triqua	0.248795	0.240694	0	0	0
N118	0.39728	0.0812421	0	0	0
N119	0.803413	0.409897	0	0	0
Kinboe	0.430895	0.398797	0	0	0
Kinfis	0.430895	0.398797	0	0	0
Kinxen	1.32267	0.897059	0	0	0
N120	0.00875807	0.106676	0	0	0
N121	0.0670557	2.51359	0	0	0
N122	0.113126	1.74673	0	0	0
N123	0.0429054	0.333676	0	0	0
N124	0.0155697	0.0456922	0	0	0
Chaafr	0.0657247	0.112934	0	0	0
Chacha	0.0657247	0.112934	0	0	0
N125	0.0233572	0.0649852	0	0	0
Chacaly	0.0516882	0.0873917	0	0	0
Chazey	0.0516882	0.0873917	0	0	0
N126	0.02384	0.102404	0	0	0
Chadil	0.174604	0.464142	0	0	0
Chasen	0.174604	0.464142	0	0	0
Chanam	0.383534	2.38526	0	0	0
N127	1.42176	0.867073	0	0	0
N128	0.0207912	0.023201	0	0	0
N129	0.00211995	0.00255824	0	0	0
Braset	0.0951459	0.0978712	0	0	0
N130	0.00744337	0.00788661	0	0	0
N131	0.0374437	0.0393127	0	0	0
Bramel	0.0036898	0.00410282	0	0	0
Bratha	0.0036898	0.00410282	0	0	0
N132	0.0199725	0.0208127	0	0	0
Bradra	0.0148438	0.0162856	0	0	0
Bratra	0.0148438	0.0162856	0	0	0
N133	0.0456206	0.0465852	0	0	0
Bragut	0.0170322	0.019231	0	0	0
Braven	0.0170322	0.019231	0	0	0
N134	0.0536245	0.0512965	0	0	0
Brapum	0.0579757	0.0658768	0	0	0
Bradam	0.0579757	0.0658768	0	0	0
#+++++++++++++++++++++++++++++

#Expected number of events from root to leaf
LEAF	GAIN	LOSS	DUPLICATION	DEMI-DUPLICATION	BASE-NUMBER
B3088	2.33564	1.50031	0	0	0
BGA709	2.30251	1.46718	0	0	0
BGA710	2.30251	1.46718	0	0	0
BGA309	2.30302	1.46769	0	0	0
B11696	2.10419	1.26886	0	0	0
B11697	2.10419	1.26886	0	0	0
B11609	2.06444	1.22911	0	0	0
BGA392	2.06444	1.22911	0	0	0
B985	2.05898	1.22364	0	0	0
B983	2.05898	1.22364	0	0	0
B199	1.9597	1.12437	0	0	0
BGAA3	1.9597	1.12437	0	0	0
B11604	1.95968	1.12435	0	0	0
BGA583	1.95968	1.12435	0	0	0
BGA89	1.99843	1.1631	0	0	0
BGA40	1.99843	1.1631	0	0	0
BGAA2	1.95262	1.11729	0	0	0
BGAA1	1.95262	1.11729	0	0	0
BGA584	1.93703	1.1017	0	0	0
BGA706	1.93703	1.1017	0	0	0
BGA304	2.03066	1.19533	0	0	0
BGA303	2.03066	1.19533	0	0	0
BGAB1	2.04073	1.2054	0	0	0
BGA7	2.04073	1.2054	0	0	0
PGA445	2.41416	1.57883	0	0	0
PGA363	2.41416	1.57883	0	0	0
Rhaspe	0.393407	7.48578	0	0	0
Rhamar	0.399055	7.48853	0	0	0
Rhatem	0.493337	6.58281	0	0	0
FGA379	2.23285	2.39598	0	0	0
F647	2.23285	2.39598	0	0	0
F3016	0.764426	6.89403	0	0	0
F3015	0.764426	6.89403	0	0	0
F1476	0.739816	6.86936	0	0	0
FGA81	0.739816	6.86936	0	0	0
Furcep	2.56994	5.69948	0	0	0
Furpol	0.851032	5.98056	0	0	0
F2241	0.716127	6.84566	0	0	0
F12266	0.716127	6.84566	0	0	0
Furang	0.717879	6.84741	0	0	0
Fga490	0.73776	6.86729	0	0	0
FGA456	0.741973	5.87151	0	0	0
FGA516	0.741465	5.871	0	0	0
FGA513	0.741465	5.871	0	0	0
F12278	0.763382	5.89292	0	0	0
F12279	0.763382	5.89292	0	0	0
Furant	0.994405	6.12394	0	0	0
FGA331	2.67281	5.80235	0	0	0
FGA332	2.67281	5.80235	0	0	0
FGA465	0.725385	6.85492	0	0	0
FGA99	0.715884	6.84542	0	0	0
F12269	0.715884	6.84542	0	0	0
FGA15	0.724875	6.85441	0	0	0
FGA440	0.724875	6.85441	0	0	0
FGA581	0.928063	6.0576	0	0	0
FGA582	0.928063	6.0576	0	0	0
FGA104	1.38567	5.51521	0	0	0
FGA105	1.38567	5.51521	0	0	0
FGA489	0.759874	6.88942	0	0	0
FGA174	1.70847	4.84322	0	0	0
FGA175	1.70847	4.84322	0	0	0
FurbGB	0.85909	5.99399	0	0	0
CGA312	2.57325	1.73854	0	0	0
CGA963	2.57325	1.73854	0	0	0
CGA642	1.9476	2.11269	0	0	0
CGA763	1.86411	3.0292	0	0	0
CGA764	1.86411	3.0292	0	0	0
C601	2.86707	2.03216	0	0	0
C602	2.86707	2.03216	0	0	0
CGA236	1.99645	2.16154	0	0	0
Calboe	1.5889	4.75329	0	0	0
C3125	3.09149	2.25658	0	0	0
CGA429	1.52127	3.68636	0	0	0
CGA430	1.52127	3.68636	0	0	0
C985	1.47826	4.63906	0	0	0
C984	1.47826	4.63906	0	0	0
CGA310	1.54455	3.70526	0	0	0
CGA314	1.54455	3.70526	0	0	0
CGA382	1.57079	3.7315	0	0	0
CGA365	1.57079	3.7315	0	0	0
CGA494	1.45935	4.62006	0	0	0
CGA495	1.45935	4.62006	0	0	0
C12265	2.66349	1.82875	0	0	0
C404	1.91963	4.08488	0	0	0
Cl11778	1.93856	3.10382	0	0	0
Cl11779	1.93856	3.10382	0	0	0
CGA594	1.92821	3.09347	0	0	0
CGA48	1.92821	3.09347	0	0	0
C3134	3.54879	1.71408	0	0	0
C3126	3.54879	1.71408	0	0	0
CGA311	2.5033	1.66859	0	0	0
CGA45	2.33449	2.49978	0	0	0
CGA46	2.33449	2.49978	0	0	0
C3043	2.35818	1.52347	0	0	0
CGA87	2.35818	1.52347	0	0	0
CGA368	2.35673	1.52202	0	0	0
CGA557	2.35673	1.52202	0	0	0
CGA364	2.41704	1.58233	0	0	0
C2208	3.29176	1.45705	0	0	0
CGA453	2.42241	1.58769	0	0	0
CGA383	2.42241	1.58769	0	0	0
CGA501	2.46212	1.6274	0	0	0
C11776	2.46212	1.6274	0	0	0
C3121	2.32391	2.48919	0	0	0
C3123	2.32391	2.48919	0	0	0
Calparcri	2.43642	1.6017	0	0	0
C3118	2.43642	1.6017	0	0	0
Triowe	2.71813	1.88282	0	0	0
Trijoh	2.69329	1.85799	0	0	0
Trimel	2.69329	1.85799	0	0	0
Trihoe	1.44171	5.9599	0	0	0
Tribit	1.44171	5.9599	0	0	0
Trijac	1.45723	5.97549	0	0	0
Tricri	2.53482	1.69954	0	0	0
Triwie	2.48317	1.64788	0	0	0
Triqua	2.48317	1.64788	0	0	0
Kinboe	2.59173	1.75654	0	0	0
Kinfis	2.59173	1.75654	0	0	0
Kinxen	2.6801	1.84491	0	0	0
Chaafr	0.492201	5.65409	0	0	0
Chacha	0.492201	5.65409	0	0	0
Chacaly	0.485952	5.64784	0	0	0
Chazey	0.485952	5.64784	0	0	0
Chadil	0.566445	5.72833	0	0	0
Chasen	0.566445	5.72833	0	0	0
Chanam	0.638409	5.80032	0	0	0
Braset	1.72764	1.89218	0	0	0
Bramel	1.68107	1.84561	0	0	0
Bratha	1.68107	1.84561	0	0	0
Bradra	1.67475	1.83929	0	0	0
Bratra	1.67475	1.83929	0	0	0
Bragut	1.69302	1.85756	0	0	0
Braven	1.69302	1.85756	0	0	0
Brapum	1.72118	1.88572	0	0	0
Bradam	1.72118	1.88572	0	0	0
