NODE	1	2	3	4	5	6	7	8	9	10	11	12	13	14	15	16	17	18	19	20	21	22	23	24	25	26	27	28	29	30	31	32	33	34	35	36	37	38	39	40	41	
N1	6.78897e-30	8.24317e-27	2.90081e-24	1.8748e-21	1.12157e-19	1.08528e-20	1.08854e-18	3.25846e-16	2.46937e-14	3.09227e-14	2.44922e-15	6.77831e-17	1.43226e-17	5.55045e-16	6.77634e-14	3.39416e-12	4.52677e-11	1	5.11568e-11	7.3852e-12	4.23589e-13	1.20895e-14	1.98468e-16	2.06783e-18	1.46691e-20	7.4659e-23	2.83825e-25	8.32052e-28	1.93008e-30	3.61859e-33	5.58152e-36	7.19026e-39	7.83628e-42	7.30616e-45	5.88444e-48	4.12923e-51	2.5437e-54	1.38489e-57	6.70403e-61	2.9012e-64	1.14475e-67	
N2	6.94278e-32	4.14449e-29	1.72747e-26	4.70802e-24	2.51426e-22	1.3204e-21	1.97579e-19	3.88072e-17	6.1789e-15	2.70172e-13	2.17203e-12	7.24902e-12	2.1414e-11	1.5859e-09	8.52139e-07	0.000258358	0.0291911	0.756725	0.204185	0.00950147	0.000137753	8.41702e-07	2.59664e-09	5.15137e-12	4.5775e-14	4.93489e-14	1.99013e-15	1.28503e-15	3.39163e-17	1.24132e-17	2.30642e-19	4.88334e-20	6.70927e-22	8.06651e-23	7.87077e-25	4.78198e-26	2.38957e-29	1.65524e-31	4.36405e-35	2.63151e-37	1.3311e-39	
N3	1.05706e-37	2.86217e-33	1.87053e-29	2.85639e-25	3.35461e-22	2.1081e-22	5.03106e-19	3.29575e-15	7.17331e-12	3.9647e-11	8.7869e-12	6.53243e-13	6.27328e-14	3.5772e-11	7.49834e-08	6.36675e-05	0.0154705	0.546518	0.410832	0.0267583	0.000356627	1.5224e-06	2.70897e-09	2.74692e-12	4.29616e-15	1.26386e-16	5.35276e-19	1.01601e-20	2.54486e-23	2.51868e-25	4.02808e-28	2.17827e-30	2.23201e-33	6.64316e-36	3.77445e-39	5.91513e-42	8.32677e-46	5.44597e-49	4.16755e-53	1.75358e-56	2.73237e-60	
N4	2.4282e-37	2.96332e-33	1.52369e-29	9.92095e-26	7.13759e-23	5.4435e-22	6.32217e-19	8.4333e-16	2.63772e-13	8.6432e-13	2.10351e-13	9.97635e-14	2.51155e-13	1.53148e-10	2.10536e-07	0.000122088	0.0202047	0.522947	0.422842	0.0333095	0.00057064	3.21416e-06	7.60855e-09	8.92478e-12	6.18337e-15	1.71581e-16	2.58763e-18	6.61385e-19	6.17426e-21	8.37959e-22	4.84947e-24	3.68499e-25	1.20167e-27	5.41486e-29	7.10242e-32	2.03329e-33	4.09129e-37	5.45723e-39	5.15801e-43	2.64653e-45	5.81881e-49	
B3088	0	0	0	0	0	0	0	0	0	0	0	0	0	0	0	0	0	1	0	0	0	0	0	0	0	0	0	0	0	0	0	0	0	0	0	0	0	0	0	0	0	
N5	4.3109e-34	7.50931e-31	1.07367e-27	1.09662e-24	1.63969e-22	7.70453e-21	2.66671e-18	6.53181e-16	4.75414e-14	3.60036e-13	1.84735e-12	5.93561e-12	2.70115e-11	4.39305e-09	2.05175e-06	0.000460487	0.0344864	0.516176	0.408528	0.0393522	0.000984922	9.32537e-06	4.14984e-08	9.99394e-11	1.48731e-13	5.61153e-15	1.90988e-16	1.03306e-16	2.40167e-18	7.48107e-19	1.17997e-20	2.18607e-21	2.1378e-23	2.45048e-24	1.08853e-26	8.17932e-28	6.75618e-31	2.71226e-32	9.98369e-36	1.625e-37	1.30496e-40	
N6	9.10842e-43	7.83584e-42	7.00891e-41	5.88136e-40	4.60754e-39	3.31341e-43	2.25511e-37	1.37736e-21	5.58088e-14	2.65835e-19	1.563e-36	1.99933e-29	1.46097e-34	7.30567e-33	1.76817e-32	5.2485e-14	5.46537e-07	0.999997	2.42465e-06	9.5476e-13	3.96364e-33	8.7314e-34	1.52415e-34	2.39841e-35	5.03978e-36	9.69619e-36	1.01067e-35	3.42877e-35	3.66843e-35	1.06894e-34	1.12298e-34	2.73184e-34	2.67085e-34	5.2058e-34	4.21034e-34	6.21022e-34	3.40476e-34	3.85653e-34	1.48835e-34	1.44348e-34	7.76338e-35	
BGA709	0	0	0	0	0	0	0	0	0	0	0	0	0	0	0	0	0	1	0	0	0	0	0	0	0	0	0	0	0	0	0	0	0	0	0	0	0	0	0	0	0	
BGA710	0	0	0	0	0	0	0	0	0	0	0	0	0	0	0	0	0	1	0	0	0	0	0	0	0	0	0	0	0	0	0	0	0	0	0	0	0	0	0	0	0	
BGA309	0	0	0	0	0	0	0	0	0	0	0	0	0	0	0	0	0	1	0	0	0	0	0	0	0	0	0	0	0	0	0	0	0	0	0	0	0	0	0	0	0	
N7	1.97486e-37	3.5073e-33	1.53323e-29	1.37799e-25	2.76948e-23	3.27692e-23	9.45607e-20	2.89571e-16	4.05306e-13	5.91397e-13	1.43219e-13	1.59794e-14	3.0211e-15	3.90325e-12	1.34596e-08	1.9742e-05	0.008922	0.641044	0.338659	0.0112792	7.58805e-05	1.68243e-07	1.60508e-10	7.82822e-14	2.43158e-17	1.34504e-19	4.29024e-22	9.93412e-24	2.04748e-26	2.59167e-28	3.58394e-31	2.55688e-33	2.34381e-36	9.47027e-39	4.78822e-42	1.10587e-44	1.58484e-48	1.99906e-51	1.26003e-55	7.59678e-59	7.03666e-63	
N8	1.71144e-34	6.19961e-31	1.23566e-27	3.09059e-24	3.06952e-22	4.91059e-21	9.53277e-18	1.5082e-14	8.42859e-12	1.88333e-11	1.08726e-11	3.12394e-12	1.541e-12	5.57568e-10	5.43496e-07	0.000235154	0.032631	0.752419	0.207516	0.00713039	6.79339e-05	2.59034e-07	4.85967e-10	5.22047e-13	4.59123e-16	1.01138e-17	7.32364e-20	3.13523e-21	1.54878e-23	3.87211e-25	1.37003e-27	2.04328e-29	5.25397e-32	4.61053e-34	7.63376e-37	3.65634e-39	1.77238e-42	4.5801e-45	1.03095e-48	1.32741e-51	4.51765e-55	
N9	3.57036e-46	3.5717e-45	3.59565e-44	3.4388e-43	3.28404e-42	4.62068e-46	3.60264e-40	5.61129e-24	3.66323e-16	4.03967e-21	4.6283e-38	9.63657e-31	1.5977e-35	1.06325e-33	4.7001e-33	3.43659e-14	4.84584e-07	0.999997	2.30909e-06	6.79381e-13	1.13963e-33	1.36341e-34	1.25672e-35	9.77061e-37	1.014e-37	3.30481e-37	3.41339e-37	2.21815e-36	2.31392e-36	1.25888e-35	1.2924e-35	5.69464e-35	5.39669e-35	1.83888e-34	1.32835e-34	3.29484e-34	9.43571e-35	1.53306e-34	2.81925e-35	3.20151e-35	1.10694e-35	
B11696	0	0	0	0	0	0	0	0	0	0	0	0	0	0	0	0	0	1	0	0	0	0	0	0	0	0	0	0	0	0	0	0	0	0	0	0	0	0	0	0	0	
B11697	0	0	0	0	0	0	0	0	0	0	0	0	0	0	0	0	0	1	0	0	0	0	0	0	0	0	0	0	0	0	0	0	0	0	0	0	0	0	0	0	0	
N10	1.66215e-43	4.17827e-38	4.46769e-34	6.32219e-29	3.96661e-27	7.81355e-28	8.30202e-23	7.51595e-18	3.00764e-13	6.38207e-15	5.05686e-17	1.97611e-19	1.43959e-21	4.16389e-17	2.88923e-12	8.5033e-08	0.000766535	0.995285	0.00394606	1.90661e-06	2.54513e-10	1.34849e-14	3.46576e-19	5.04913e-24	6.4808e-29	2.12815e-32	1.79733e-36	8.08907e-40	4.16322e-44	9.61009e-48	3.00617e-52	3.48226e-56	6.15139e-61	3.36198e-65	2.6372e-70	6.13226e-75	1.01238e-80	7.87112e-86	3.73172e-92	7.40644e-98	1.8215e-104	
B11609	0	0	0	0	0	0	0	0	0	0	0	0	0	0	0	0	0	1	0	0	0	0	0	0	0	0	0	0	0	0	0	0	0	0	0	0	0	0	0	0	0	
BGA392	0	0	0	0	0	0	0	0	0	0	0	0	0	0	0	0	0	1	0	0	0	0	0	0	0	0	0	0	0	0	0	0	0	0	0	0	0	0	0	0	0	
N11	1.78139e-44	2.49849e-39	3.59653e-35	2.68475e-30	2.89009e-27	1.54361e-27	2.38311e-23	4.35811e-19	2.08344e-15	8.50342e-16	5.48794e-17	3.76261e-18	1.0982e-18	1.54791e-14	2.85101e-10	1.98529e-06	0.00354309	0.694952	0.296539	0.00495179	1.22966e-05	8.29381e-09	2.10552e-12	2.45956e-16	1.53794e-20	1.35535e-23	1.71374e-26	3.67954e-28	2.76971e-31	1.16566e-32	1.32787e-32	1.77671e-32	7.11719e-34	4.15859e-34	7.61657e-36	3.30252e-36	1.2884e-38	3.41618e-39	6.25145e-42	7.42476e-43	3.28676e-45	
N12	2.35952e-37	2.64315e-34	8.86174e-32	5.99018e-29	1.00443e-27	2.27997e-28	2.35564e-24	2.56476e-20	5.53356e-17	2.18951e-17	1.96863e-18	8.10627e-19	1.8467e-18	1.99543e-14	3.3942e-10	2.21315e-06	0.00376192	0.709455	0.282509	0.00426141	9.66652e-06	6.10066e-09	1.48364e-12	1.69428e-16	1.03875e-20	1.09713e-23	4.19361e-26	7.88831e-27	1.83538e-29	1.92966e-30	2.72776e-33	1.63864e-34	1.20249e-37	4.48014e-39	1.07458e-42	2.73401e-44	5.54063e-49	7.07839e-51	5.52728e-56	1.94704e-58	5.04421e-63	
N13	1.10948e-40	8.57113e-37	3.84755e-33	2.12638e-29	5.83289e-27	2.51644e-25	1.02696e-21	3.47025e-18	4.08712e-15	2.87609e-14	4.85183e-14	4.0008e-14	5.91833e-14	4.47792e-11	8.44134e-08	7.01275e-05	0.0182704	0.743529	0.232532	0.00556495	3.29134e-05	7.39394e-08	7.92222e-11	4.67572e-14	1.85784e-17	4.9505e-19	4.56952e-21	6.18795e-22	3.84311e-24	2.998e-25	1.32794e-27	6.07505e-29	1.9663e-31	5.19598e-33	1.07259e-35	1.56978e-37	4.0219e-41	2.84373e-43	3.08501e-47	6.56472e-50	1.44146e-53	
N14	2.47586e-46	3.74617e-45	5.66131e-44	8.02183e-43	1.06066e-41	2.34959e-45	1.47458e-39	2.76687e-23	1.39099e-15	1.5002e-20	1.47086e-37	2.30704e-30	3.75329e-35	1.67093e-33	6.4498e-33	5.3892e-14	5.97651e-07	0.999997	2.68313e-06	9.49168e-13	1.322e-33	1.72439e-34	1.75171e-35	1.55254e-36	2.09851e-37	7.13196e-37	7.41988e-37	4.14802e-36	4.36872e-36	2.05842e-35	2.15859e-35	8.29341e-35	8.28155e-35	2.45738e-34	1.9827e-34	4.08912e-34	1.39931e-34	1.9057e-34	4.12329e-35	4.05576e-35	1.59266e-35	
B985	0	0	0	0	0	0	0	0	0	0	0	0	0	0	0	0	0	1	0	0	0	0	0	0	0	0	0	0	0	0	0	0	0	0	0	0	0	0	0	0	0	
B983	0	0	0	0	0	0	0	0	0	0	0	0	0	0	0	0	0	1	0	0	0	0	0	0	0	0	0	0	0	0	0	0	0	0	0	0	0	0	0	0	0	
N15	1.53137e-39	5.00133e-35	4.21923e-31	7.89486e-27	1.02728e-24	5.23142e-24	5.717e-20	4.63851e-16	1.38748e-12	5.95329e-13	7.91548e-14	5.23904e-15	6.31168e-16	1.26695e-12	6.44465e-09	1.40728e-05	0.0094777	0.934362	0.0557736	0.000371882	6.68661e-07	4.75762e-10	1.65569e-13	3.30018e-17	5.79276e-21	3.32777e-23	4.87156e-26	4.49858e-28	4.44888e-31	2.37924e-33	1.66594e-36	5.26531e-39	2.59826e-42	4.80406e-45	1.43216e-48	1.48776e-51	1.19408e-55	6.43014e-59	2.61173e-63	5.90044e-66	7.81203e-67	
N16	1.14392e-49	2.58007e-48	5.30641e-47	9.40303e-46	1.4007e-44	1.48539e-48	1.60612e-42	1.01123e-26	5.00677e-19	5.07093e-24	1.23406e-40	7.42251e-33	2.23025e-37	5.3732e-35	5.3473e-34	5.42888e-15	2.05206e-07	0.999999	1.01865e-06	1.11351e-13	1.33056e-34	6.98974e-36	2.80197e-37	9.19268e-39	4.08888e-40	2.9317e-39	2.98535e-39	4.47211e-38	4.56767e-38	5.67474e-37	5.74109e-37	5.70283e-36	5.38705e-36	4.0916e-35	2.80248e-35	1.5728e-34	1.57246e-35	3.75765e-35	2.62308e-36	3.40951e-36	8.02905e-37	
B199	0	0	0	0	0	0	0	0	0	0	0	0	0	0	0	0	0	1	0	0	0	0	0	0	0	0	0	0	0	0	0	0	0	0	0	0	0	0	0	0	0	
BGAA3	0	0	0	0	0	0	0	0	0	0	0	0	0	0	0	0	0	1	0	0	0	0	0	0	0	0	0	0	0	0	0	0	0	0	0	0	0	0	0	0	0	
N17	1.13699e-49	2.56712e-48	5.28514e-47	9.37479e-46	1.39789e-44	2.97458e-48	1.60584e-42	2.02747e-26	7.07063e-19	1.01206e-23	2.46341e-40	1.04627e-32	4.45911e-37	5.36334e-35	5.3416e-34	1.08794e-14	2.90359e-07	0.999998	1.44249e-06	2.23424e-13	1.33124e-34	6.98972e-36	2.80035e-37	9.1811e-39	4.07717e-40	2.92148e-39	2.97489e-39	4.46009e-38	4.55528e-38	5.6639e-37	5.72979e-37	5.69611e-36	5.37972e-36	4.08943e-35	2.7995e-35	1.57275e-34	1.57116e-35	3.75918e-35	2.6219e-36	3.41043e-36	8.02294e-37	
B11604	0	0	0	0	0	0	0	0	0	0	0	0	0	0	0	0	0	1	0	0	0	0	0	0	0	0	0	0	0	0	0	0	0	0	0	0	0	0	0	0	0	
BGA583	0	0	0	0	0	0	0	0	0	0	0	0	0	0	0	0	0	1	0	0	0	0	0	0	0	0	0	0	0	0	0	0	0	0	0	0	0	0	0	0	0	
N18	2.16635e-41	7.71399e-37	7.27185e-33	1.4695e-28	4.21811e-26	2.57422e-25	2.6515e-21	2.3204e-17	7.12847e-14	8.99034e-14	2.47838e-14	3.3368e-15	1.47558e-15	3.58141e-12	1.4258e-08	2.38344e-05	0.0118222	0.82342	0.162326	0.00239949	8.16826e-06	1.00408e-08	5.67291e-12	1.72651e-15	3.81417e-19	3.68775e-21	1.05167e-23	2.6497e-25	4.92811e-28	6.96441e-30	8.99743e-33	7.30794e-35	6.75964e-38	3.11283e-40	1.84936e-43	4.47117e-46	5.13806e-50	6.20698e-53	2.97483e-57	1.32854e-60	1.05785e-64	
N19	7.66297e-48	1.25934e-46	2.19389e-45	3.74033e-44	6.10806e-43	2.09816e-44	1.34071e-40	3.93664e-22	2.21657e-15	3.41368e-19	4.22975e-36	7.41753e-30	1.71781e-33	7.76679e-34	3.75341e-33	4.82091e-12	5.76828e-06	0.999968	2.5904e-05	8.43829e-11	7.60758e-34	7.89921e-35	6.36512e-36	4.40451e-37	4.7293e-38	2.00778e-37	2.07775e-37	1.46689e-36	1.53272e-36	9.08094e-36	9.48229e-36	4.55299e-35	4.58051e-35	1.68338e-34	1.3787e-34	3.44884e-34	8.98549e-35	1.33184e-34	2.21646e-35	2.22788e-35	7.79391e-36	
BGA89	0	0	0	0	0	0	0	0	0	0	0	0	0	0	0	0	0	1	0	0	0	0	0	0	0	0	0	0	0	0	0	0	0	0	0	0	0	0	0	0	0	
BGA40	0	0	0	0	0	0	0	0	0	0	0	0	0	0	0	0	0	1	0	0	0	0	0	0	0	0	0	0	0	0	0	0	0	0	0	0	0	0	0	0	0	
N20	1.47175e-40	3.03532e-36	2.40599e-32	2.32384e-28	4.40631e-26	7.49809e-25	2.7925e-21	6.50371e-18	4.21469e-15	4.25074e-15	2.67934e-15	1.42891e-15	1.42811e-15	2.51924e-12	1.13758e-08	2.1444e-05	0.0118075	0.86559	0.121261	0.00131675	3.38137e-06	3.19514e-09	1.40743e-12	3.35364e-16	5.19359e-20	6.88026e-22	3.0585e-24	2.57368e-25	7.64288e-28	3.67526e-29	7.43034e-32	2.10821e-33	2.66617e-36	4.63102e-38	2.60114e-41	2.94653e-43	2.14238e-47	1.11236e-49	3.86704e-54	6.79931e-57	5.70417e-61	
N21	1.34277e-49	3.03057e-48	6.9881e-47	1.54926e-45	3.25086e-44	1.24687e-47	1.15722e-41	3.77115e-25	2.9168e-17	5.23751e-22	8.19572e-39	1.96551e-31	5.27928e-36	3.42177e-34	2.066e-33	2.88206e-14	4.58101e-07	0.999997	2.14274e-06	5.32066e-13	4.43638e-34	3.692e-35	2.371e-36	1.28476e-37	1.06057e-38	5.43713e-38	5.59556e-38	4.98106e-37	5.16389e-37	3.84191e-36	3.97633e-36	2.38446e-35	2.3698e-35	1.08266e-34	8.60875e-35	2.71722e-34	5.37503e-35	9.17623e-35	1.17293e-35	1.24247e-35	3.80805e-36	
BGAA2	0	0	0	0	0	0	0	0	0	0	0	0	0	0	0	0	0	1	0	0	0	0	0	0	0	0	0	0	0	0	0	0	0	0	0	0	0	0	0	0	0	
BGAA1	0	0	0	0	0	0	0	0	0	0	0	0	0	0	0	0	0	1	0	0	0	0	0	0	0	0	0	0	0	0	0	0	0	0	0	0	0	0	0	0	0	
N22	1.77177e-50	4.64495e-44	1.38692e-39	2.24206e-33	3.33718e-31	3.05826e-32	2.99518e-26	2.02684e-20	5.47771e-15	3.19849e-17	7.14065e-20	7.63524e-23	1.45148e-25	2.87348e-20	1.28481e-14	2.36677e-09	0.000131956	0.999221	0.00064748	4.69848e-08	9.32525e-13	7.17326e-18	2.54669e-23	4.76419e-29	8.24598e-35	6.14639e-39	5.68894e-44	2.70181e-48	6.67945e-54	3.70859e-59	3.57421e-36	2.2599e-35	2.23617e-35	1.0769e-34	8.46295e-35	2.8376e-34	5.36523e-35	9.74274e-35	1.18169e-35	1.28419e-35	3.73894e-36	
BGA584	0	0	0	0	0	0	0	0	0	0	0	0	0	0	0	0	0	1	0	0	0	0	0	0	0	0	0	0	0	0	0	0	0	0	0	0	0	0	0	0	0	
BGA706	0	0	0	0	0	0	0	0	0	0	0	0	0	0	0	0	0	1	0	0	0	0	0	0	0	0	0	0	0	0	0	0	0	0	0	0	0	0	0	0	0	
N23	7.47597e-37	5.97582e-33	2.39538e-29	1.13864e-25	1.71251e-23	3.48308e-22	9.49488e-19	2.03094e-15	1.5209e-12	3.70498e-12	2.36488e-12	7.5232e-13	4.11519e-13	1.99477e-10	2.60271e-07	0.000149589	0.0271825	0.783371	0.184493	0.00477112	3.32903e-05	9.22199e-08	1.25388e-10	9.72646e-14	6.26817e-17	1.53257e-18	9.97013e-21	4.66927e-22	2.06234e-24	5.62888e-26	1.78643e-28	2.89944e-30	6.79439e-33	6.44717e-35	1.00224e-37	5.05122e-40	1.82295e-43	4.7012e-46	7.65522e-50	8.59548e-53	2.31717e-56	
N24	1.68437e-50	1.17961e-43	1.99432e-39	5.99304e-33	4.83051e-31	7.41159e-33	1.82993e-26	2.6596e-20	1.62072e-14	2.49993e-17	1.50689e-20	3.45982e-24	1.0161e-27	7.94626e-22	1.01717e-15	4.25101e-10	5.47e-05	0.999676	0.000269752	8.73898e-09	7.89715e-14	2.18987e-19	1.99585e-25	5.28383e-32	4.93321e-38	1.79169e-37	1.84687e-37	1.35378e-36	1.40765e-36	8.62125e-36	8.84387e-36	4.37447e-35	4.16023e-35	1.58531e-34	1.14318e-34	3.16115e-34	8.00268e-35	1.39493e-34	2.23537e-35	2.5673e-35	8.16158e-36	
BGA304	0	0	0	0	0	0	0	0	0	0	0	0	0	0	0	0	0	1	0	0	0	0	0	0	0	0	0	0	0	0	0	0	0	0	0	0	0	0	0	0	0	
BGA303	0	0	0	0	0	0	0	0	0	0	0	0	0	0	0	0	0	1	0	0	0	0	0	0	0	0	0	0	0	0	0	0	0	0	0	0	0	0	0	0	0	
N25	3.77843e-47	4.3636e-46	5.17495e-45	6.07002e-44	7.35644e-43	7.09207e-47	1.23469e-40	1.20005e-24	1.19183e-16	1.06885e-21	1.34937e-38	4.20559e-31	5.64272e-36	7.62203e-34	3.70032e-33	1.60538e-14	3.3485e-07	0.999998	1.61589e-06	3.18845e-13	8.8945e-34	9.54928e-35	7.88887e-36	5.48428e-37	5.22584e-38	1.92668e-37	1.98805e-37	1.42268e-36	1.48087e-36	8.8597e-36	9.10509e-36	4.40183e-35	4.20287e-35	1.56486e-34	1.1392e-34	3.06471e-34	7.90507e-35	1.33871e-34	2.19567e-35	2.48033e-35	8.06509e-36	
BGAB1	0	0	0	0	0	0	0	0	0	0	0	0	0	0	0	0	0	1	0	0	0	0	0	0	0	0	0	0	0	0	0	0	0	0	0	0	0	0	0	0	0	
BGA7	0	0	0	0	0	0	0	0	0	0	0	0	0	0	0	0	0	1	0	0	0	0	0	0	0	0	0	0	0	0	0	0	0	0	0	0	0	0	0	0	0	
N26	2.50566e-39	1.2171e-38	2.14073e-49	1.08869e-28	3.49634e-27	2.78972e-38	1.46194e-23	4.32164e-17	5.29485e-11	3.15486e-15	7.59532e-20	4.48893e-27	4.17003e-31	6.70605e-36	4.08591e-17	4.08313e-11	1.46582e-05	0.999942	4.31311e-05	3.52112e-10	1.02693e-15	1.1552e-33	2.77937e-34	1.00721e-34	6.30715e-35	1.34963e-34	1.45642e-34	3.16668e-34	3.42202e-34	6.51663e-34	6.81027e-34	1.1052e-33	1.04989e-33	1.3874e-33	1.07784e-33	1.10358e-33	6.31479e-34	5.29249e-34	2.53213e-34	2.24957e-34	1.64869e-34	
PGA445	0	0	0	0	0	0	0	0	0	0	0	0	0	0	0	0	0	1	0	0	0	0	0	0	0	0	0	0	0	0	0	0	0	0	0	0	0	0	0	0	0	
PGA363	0	0	0	0	0	0	0	0	0	0	0	0	0	0	0	0	0	1	0	0	0	0	0	0	0	0	0	0	0	0	0	0	0	0	0	0	0	0	0	0	0	
N27	4.52352e-37	1.99041e-32	1.17066e-28	5.57454e-25	2.85548e-23	5.58953e-22	5.75091e-19	4.82119e-15	2.2253e-11	1.72286e-10	3.23331e-10	1.97406e-10	2.66803e-08	1.09737e-05	0.00162957	0.0747828	0.639272	0.283727	0.000577784	2.13777e-07	2.73668e-11	1.60798e-15	5.08677e-20	1.11579e-24	1.08201e-28	8.66725e-31	3.26496e-34	1.59473e-36	3.95278e-40	1.08508e-42	1.8559e-46	2.88856e-49	8.64751e-50	2.71256e-49	4.35513e-51	4.14207e-52	1.35475e-54	1.7606e-55	1.62325e-57	2.08398e-56	2.5613e-55	
N28	9.12099e-32	2.44343e-28	7.1847e-25	9.94584e-22	1.2811e-18	2.3522e-16	2.06413e-14	1.09906e-11	7.3087e-09	2.11695e-06	0.000190598	0.00531587	0.0528571	0.211687	0.365909	0.274854	0.0821545	0.00700633	2.39283e-05	3.03874e-08	1.94967e-11	7.28276e-15	1.72596e-18	3.76744e-22	7.52557e-25	9.66891e-26	4.87782e-28	3.97836e-29	1.48817e-31	1.51016e-32	4.07414e-33	1.7188e-32	8.84573e-33	6.48961e-32	1.48193e-32	3.31697e-32	3.281e-34	5.35119e-35	2.14158e-37	1.97718e-38	1.19248e-39	
Rhaspe	0	0	0	0	0	0	0	0	0	1	0	0	0	0	0	0	0	0	0	0	0	0	0	0	0	0	0	0	0	0	0	0	0	0	0	0	0	0	0	0	0	
N29	9.58936e-29	1.20119e-25	1.83319e-22	1.79385e-19	1.06414e-16	1.93354e-14	2.21243e-12	5.01317e-10	1.26784e-07	1.62174e-05	0.000781818	0.013563	0.0927931	0.272289	0.35807	0.209349	0.0496162	0.00350256	1.89561e-05	4.16785e-08	4.95231e-11	3.76831e-14	5.11092e-17	3.14318e-17	4.2604e-19	2.85456e-19	2.19746e-21	1.0946e-21	4.72183e-24	1.79915e-24	4.18915e-27	1.23526e-27	1.4266e-30	3.18886e-31	1.52551e-34	2.22835e-35	3.71594e-39	8.46539e-41	1.03643e-44	1.26402e-46	1.18229e-48	
Rhamar	0	0	0	0	0	0	0	0	0	1	0	0	0	0	0	0	0	0	0	0	0	0	0	0	0	0	0	0	0	0	0	0	0	0	0	0	0	0	0	0	0	
Rhatem	0	0	0	0	0	0	0	0	0	0	1	0	0	0	0	0	0	0	0	0	0	0	0	0	0	0	0	0	0	0	0	0	0	0	0	0	0	0	0	0	0	
N30	9.3894e-44	3.17835e-38	1.09529e-33	2.39929e-28	3.18335e-27	6.24054e-25	9.15651e-20	5.7434e-15	4.06688e-12	1.18621e-12	1.28813e-13	1.20336e-13	4.52366e-11	2.09367e-07	0.000264749	0.0502643	0.648639	0.299548	0.00128351	5.97513e-07	6.94198e-11	4.20066e-14	5.32937e-17	2.05846e-18	7.29769e-22	1.26586e-23	1.36659e-27	1.4156e-29	3.11572e-31	1.76008e-30	1.0094e-32	8.36299e-33	1.50013e-35	8.4049e-36	8.11388e-39	2.67277e-39	1.36444e-42	6.14051e-44	2.23964e-47	9.04516e-49	2.39734e-49	
N31	1.94117e-38	1.32848e-33	1.61794e-29	2.35619e-25	3.89454e-22	4.04559e-21	1.90041e-17	2.74312e-14	7.98504e-12	1.60808e-10	4.35736e-10	5.05235e-10	1.98251e-09	1.76395e-06	0.000580813	0.0447898	0.545571	0.395527	0.0134665	6.23912e-05	7.56108e-08	3.43318e-11	8.30781e-15	4.65679e-17	1.05534e-19	1.60207e-21	1.9664e-24	1.39779e-26	1.01777e-29	3.59527e-32	1.50853e-35	2.6958e-38	4.48972e-42	1.68108e-43	8.84462e-46	3.99064e-47	8.50378e-50	1.597e-51	2.2258e-54	1.04511e-55	1.68472e-55	
N32	7.23042e-31	2.97417e-27	9.11467e-24	2.32702e-21	1.4038e-18	7.18077e-16	4.17332e-14	3.12221e-13	6.27265e-12	5.49192e-10	4.39983e-08	2.3632e-06	0.000158771	0.0060669	0.0799718	0.355574	0.452646	0.103356	0.00221284	1.2118e-05	2.65835e-08	2.9102e-11	1.81425e-14	7.71609e-18	9.24525e-21	1.14844e-21	8.55864e-24	7.7464e-25	4.14869e-27	2.23783e-28	8.75173e-31	2.79578e-32	7.0714e-35	1.32981e-36	1.08583e-39	1.32478e-41	2.38785e-45	1.08451e-47	1.13828e-51	2.21082e-54	8.46946e-58	
N33	1.02914e-38	5.80978e-38	3.51039e-37	1.96069e-36	1.00465e-35	4.68978e-35	5.32144e-58	3.30298e-18	7.46334e-17	3.13908e-35	2.68038e-28	1.01387e-32	6.7376e-32	9.42064e-32	7.0698e-13	1.96162e-06	0.999995	3.38774e-06	2.13581e-12	1.676e-33	3.55919e-34	1.58914e-34	1.21873e-34	2.87436e-34	2.94834e-34	6.28201e-34	5.9795e-34	1.07446e-33	8.96397e-34	1.34544e-33	9.28257e-34	1.15803e-33	6.25493e-34	6.46909e-34	2.6353e-34	2.28434e-34	7.15756e-35	5.76435e-35	2.19009e-35	3.39484e-35	5.88302e-35	
FGA379	0	0	0	0	0	0	0	0	0	0	0	0	0	0	0	0	1	0	0	0	0	0	0	0	0	0	0	0	0	0	0	0	0	0	0	0	0	0	0	0	0	
F647	0	0	0	0	0	0	0	0	0	0	0	0	0	0	0	0	1	0	0	0	0	0	0	0	0	0	0	0	0	0	0	0	0	0	0	0	0	0	0	0	0	
N34	8.79689e-30	2.84402e-26	7.37867e-23	8.98372e-21	1.71845e-17	1.67746e-14	2.17102e-13	4.71408e-13	2.91708e-11	4.66074e-08	3.69666e-05	0.00835624	0.149595	0.4215	0.324884	0.087028	0.00836064	0.000238395	1.24192e-06	2.27544e-09	1.98571e-12	9.69884e-16	2.93286e-19	6.77333e-23	4.55044e-26	1.58365e-27	4.80332e-30	1.27573e-31	2.87734e-34	4.8257e-36	7.76816e-39	8.28565e-41	8.08445e-44	5.61245e-46	2.20946e-49	1.01959e-51	1.20911e-55	2.78366e-58	4.41075e-62	2.95981e-64	4.47416e-67	
N35	1.73743e-31	6.28091e-27	1.58109e-22	8.03945e-21	9.04106e-17	7.57276e-13	3.29233e-12	1.51854e-12	2.2073e-10	9.94167e-08	0.000155623	0.0682857	0.481557	0.404384	0.0444255	0.00118281	9.16522e-06	2.03301e-08	1.2698e-11	3.27579e-15	4.29586e-19	4.38102e-23	1.53015e-26	1.23473e-28	8.08365e-32	4.14508e-34	1.43768e-37	8.03127e-39	7.92853e-40	2.20676e-37	9.08583e-37	3.27343e-37	3.89668e-39	1.43522e-39	1.0889e-39	2.28775e-38	1.39787e-39	1.38052e-40	4.12696e-43	2.71519e-44	2.59023e-45	
N36	1.90169e-34	2.51995e-29	1.92325e-24	1.8383e-22	6.16282e-18	3.18246e-14	1.98545e-14	1.57975e-14	2.6424e-11	2.60257e-07	0.0008303	0.220204	0.637396	0.137864	0.00368508	1.97845e-05	2.64442e-08	9.42872e-12	1.03037e-15	4.75908e-20	1.11848e-24	1.41139e-28	6.37661e-32	8.47446e-31	8.23949e-31	2.52273e-30	5.07871e-32	8.93697e-32	5.17515e-34	7.10512e-34	1.7639e-36	1.72512e-36	2.34057e-39	1.3972e-39	1.25076e-42	3.66093e-43	2.52977e-46	3.25516e-47	1.90895e-50	2.48262e-51	2.86245e-51	
N37	1.70113e-39	1.51994e-38	1.36462e-37	1.11199e-36	1.01709e-20	4.46774e-19	2.34574e-30	1.08355e-34	1.16161e-14	2.45008e-07	0.999992	7.59694e-06	9.23273e-12	6.36332e-32	2.1588e-32	4.74299e-33	7.5388e-34	1.09717e-34	2.81409e-35	7.74853e-35	8.05896e-35	2.63905e-34	2.57117e-34	6.50708e-34	4.96464e-34	9.27559e-34	3.96793e-34	5.40863e-34	1.4336e-34	1.37996e-34	2.62906e-35	2.20307e-35	3.19368e-36	2.63711e-36	3.1112e-37	2.97132e-37	7.56739e-38	3.02033e-37	1.2059e-36	5.00263e-36	1.64538e-35	
F3016	0	0	0	0	0	0	0	0	0	0	1	0	0	0	0	0	0	0	0	0	0	0	0	0	0	0	0	0	0	0	0	0	0	0	0	0	0	0	0	0	0	
F3015	0	0	0	0	0	0	0	0	0	0	1	0	0	0	0	0	0	0	0	0	0	0	0	0	0	0	0	0	0	0	0	0	0	0	0	0	0	0	0	0	0	
N38	1.53443e-32	9.43311e-30	6.07931e-26	8.72502e-24	2.26931e-19	1.19483e-15	4.5823e-15	2.85061e-14	2.938e-11	3.8071e-07	0.00118415	0.294368	0.63398	0.0697056	0.00076006	1.40925e-06	6.11358e-10	7.94398e-14	4.07234e-18	2.97936e-22	2.25592e-25	1.20926e-26	4.23627e-30	1.37611e-31	1.48748e-35	3.14049e-37	1.02232e-41	2.17493e-43	3.88054e-46	1.96831e-43	5.38878e-44	3.98845e-44	2.32782e-47	6.46729e-48	1.86623e-50	4.86933e-49	1.62793e-50	1.76005e-51	4.29999e-54	1.10306e-53	2.34644e-53	
N39	9.00089e-36	9.32144e-31	6.52118e-26	1.3055e-23	5.62519e-19	1.26225e-14	1.08877e-13	8.86123e-14	1.8601e-11	1.58417e-07	0.000620106	0.350837	0.611565	0.0368011	0.000175869	1.4364e-07	3.39435e-11	3.25165e-15	2.76628e-19	1.16335e-20	1.71959e-23	7.31933e-25	2.76059e-28	6.7774e-30	6.01924e-34	8.86181e-36	2.0975e-40	1.63403e-42	4.78702e-47	2.76549e-44	8.75338e-44	1.48453e-44	1.08734e-47	8.64242e-49	1.65148e-50	8.49034e-49	1.98681e-50	1.89029e-51	8.46799e-52	1.64763e-51	2.37261e-51	
N40	4.58016e-39	4.71951e-33	2.69577e-27	3.36576e-26	1.46693e-20	2.29044e-15	6.43982e-16	4.84205e-17	9.96223e-13	7.6895e-08	0.00125494	0.646634	0.349104	0.0030054	1.14119e-06	7.39561e-11	1.49223e-15	1.27657e-20	9.24528e-26	2.28652e-28	3.1038e-32	7.76225e-35	7.58106e-39	1.1414e-37	4.43235e-39	1.29068e-39	8.81528e-43	1.00475e-43	2.73865e-47	9.31262e-49	1.79909e-52	2.3754e-54	3.34601e-58	2.71787e-60	2.73411e-64	1.76208e-66	1.36275e-70	3.31223e-72	5.02644e-73	8.81879e-74	1.10422e-74	
N41	1.99595e-35	2.75344e-33	3.58831e-28	8.83863e-26	5.43653e-21	5.01306e-17	7.23648e-16	9.77899e-15	3.42388e-11	7.31568e-07	0.00411577	0.663682	0.329645	0.00255596	9.45517e-07	7.76661e-11	2.31897e-15	1.55341e-19	2.31574e-22	2.69623e-23	2.50749e-26	1.26217e-27	4.29558e-31	1.23151e-31	2.70644e-33	1.26433e-32	6.81618e-36	3.12222e-36	1.09521e-39	1.0177e-40	2.72062e-44	1.35393e-45	2.62821e-49	1.02556e-50	1.48198e-54	2.22798e-55	8.09876e-59	3.10206e-58	1.56363e-57	1.2091e-55	9.47466e-54	
N42	2.32297e-40	2.73413e-39	3.15117e-38	3.27692e-37	1.03245e-20	5.69082e-19	2.24126e-30	2.07907e-34	2.63863e-14	3.82441e-07	0.999988	1.15401e-05	1.5793e-11	1.85469e-32	3.05806e-33	3.51638e-34	3.25081e-35	1.42444e-35	1.28565e-35	6.09087e-35	6.31393e-35	2.35e-34	2.12352e-34	5.5113e-34	2.50588e-34	4.69554e-34	9.28429e-35	8.70383e-35	1.15925e-35	9.82518e-36	9.76367e-37	8.3976e-37	6.64644e-38	6.09012e-38	6.69964e-39	2.39012e-38	1.0871e-38	7.1208e-38	3.22434e-37	1.70111e-36	6.7027e-36	
F1476	0	0	0	0	0	0	0	0	0	0	1	0	0	0	0	0	0	0	0	0	0	0	0	0	0	0	0	0	0	0	0	0	0	0	0	0	0	0	0	0	0	
FGA81	0	0	0	0	0	0	0	0	0	0	1	0	0	0	0	0	0	0	0	0	0	0	0	0	0	0	0	0	0	0	0	0	0	0	0	0	0	0	0	0	0	
N43	9.81502e-36	3.35947e-32	8.26815e-27	5.16267e-24	3.72455e-19	1.09268e-14	2.2463e-13	1.76704e-12	1.50166e-09	1.39609e-06	0.00600844	0.660349	0.329381	0.00425669	2.95438e-06	4.74844e-10	2.83317e-14	1.14313e-16	2.96957e-19	2.57827e-20	2.9461e-23	1.05937e-24	5.21754e-28	4.42697e-26	1.94847e-28	2.36617e-28	1.90681e-31	3.00338e-32	1.77659e-35	1.11721e-36	4.57881e-40	2.1234e-41	6.07852e-45	2.47703e-46	1.66575e-49	3.30861e-49	2.18445e-52	4.44608e-52	1.82041e-52	3.68975e-52	5.087e-52	
Furcep	0	0	0	0	0	0	0	0	0	0	0	0	0	1	0	0	0	0	0	0	0	0	0	0	0	0	0	0	0	0	0	0	0	0	0	0	0	0	0	0	0	
N44	1.90184e-32	1.80859e-29	5.38688e-25	9.0995e-22	1.43349e-17	1.45672e-14	2.40076e-14	6.98391e-13	2.87007e-09	2.09305e-05	0.0380884	0.747995	0.212335	0.00155954	1.09478e-06	2.31848e-10	2.10788e-14	1.84308e-18	1.95949e-21	2.46787e-22	5.39002e-25	4.13448e-26	4.7427e-29	1.92388e-30	2.1184e-34	5.39014e-36	8.17293e-41	5.65204e-43	4.69962e-48	5.20824e-51	2.82691e-56	1.51523e-59	5.27205e-65	1.95523e-68	4.63907e-74	3.69832e-77	1.54048e-82	1.0209e-84	8.81597e-87	1.09582e-88	9.30109e-91	
Furpol	0	0	0	0	0	0	0	0	0	0	0	1	0	0	0	0	0	0	0	0	0	0	0	0	0	0	0	0	0	0	0	0	0	0	0	0	0	0	0	0	0	
N45	1.83409e-32	1.04898e-27	2.85617e-23	8.82326e-20	1.46267e-15	3.31804e-13	1.86178e-13	5.25219e-11	4.18394e-07	0.00117304	0.581924	0.39863	0.0182306	4.17544e-05	2.37213e-08	5.2764e-12	5.77725e-16	1.58868e-19	2.55964e-22	6.63036e-24	8.41611e-27	1.09629e-28	8.09235e-32	5.28709e-34	6.61693e-38	2.49088e-40	6.26808e-45	5.13947e-48	7.56563e-53	2.553e-56	2.20693e-61	5.33612e-65	2.85996e-70	5.54889e-74	2.20956e-79	1.37414e-82	2.17601e-87	6.54453e-90	1.19886e-92	2.42486e-95	3.35838e-98	
N46	1.9069e-32	1.39543e-27	4.45543e-23	1.9665e-19	3.97827e-15	6.43483e-13	2.23366e-13	8.66775e-11	7.61294e-07	0.00212426	0.863124	0.133615	0.00113541	1.06016e-06	3.01189e-10	3.7219e-14	3.17669e-18	2.8362e-20	4.05876e-23	6.43744e-25	4.96577e-28	3.86023e-30	5.78994e-34	2.6417e-36	9.07224e-41	1.76069e-43	2.69449e-48	1.21267e-51	1.11719e-56	2.91138e-60	1.67611e-65	4.67739e-69	4.0183e-73	6.36627e-75	1.93146e-77	4.92556e-78	3.63774e-81	7.02643e-82	2.50611e-83	4.98265e-84	5.69408e-85	
N47	1.35571e-43	4.13046e-42	7.28002e-31	4.23137e-27	5.17394e-20	6.58049e-18	1.26836e-21	5.46733e-19	2.86677e-12	4.65206e-06	0.999935	5.99034e-05	2.38208e-10	2.23252e-16	1.60086e-35	7.8402e-37	2.21046e-37	2.56521e-36	2.5709e-36	2.44816e-35	2.07822e-35	1.37548e-34	1.82606e-35	7.44972e-35	5.0608e-36	8.01007e-36	4.11997e-37	4.17487e-37	1.61015e-38	1.52254e-38	4.65158e-40	5.56165e-40	1.99127e-41	1.41027e-40	1.25092e-40	1.95323e-39	1.8015e-40	2.19473e-39	4.39431e-39	5.84459e-38	3.63491e-37	
F2241	0	0	0	0	0	0	0	0	0	0	1	0	0	0	0	0	0	0	0	0	0	0	0	0	0	0	0	0	0	0	0	0	0	0	0	0	0	0	0	0	0	
F12266	0	0	0	0	0	0	0	0	0	0	1	0	0	0	0	0	0	0	0	0	0	0	0	0	0	0	0	0	0	0	0	0	0	0	0	0	0	0	0	0	0	
Furang	0	0	0	0	0	0	0	0	0	0	1	0	0	0	0	0	0	0	0	0	0	0	0	0	0	0	0	0	0	0	0	0	0	0	0	0	0	0	0	0	0	
Fga490	0	0	0	0	0	0	0	0	0	0	1	0	0	0	0	0	0	0	0	0	0	0	0	0	0	0	0	0	0	0	0	0	0	0	0	0	0	0	0	0	0	
N48	5.88075e-36	1.5016e-30	2.12807e-25	1.89853e-23	1.8929e-18	4.03534e-14	1.63146e-14	1.4137e-14	1.5482e-10	2.72996e-06	0.00991417	0.848193	0.141579	0.000311359	9.56594e-08	8.78858e-12	3.37301e-16	2.31295e-20	1.49663e-23	2.39693e-25	1.19102e-28	8.64217e-31	2.25953e-34	7.65593e-37	2.69212e-41	5.07543e-44	2.6092e-49	1.0257e-52	3.00971e-56	3.47366e-55	1.19923e-56	1.52139e-58	2.81175e-62	3.42547e-64	3.74509e-66	2.5761e-65	2.80336e-67	1.03154e-67	2.01164e-68	7.88978e-69	7.51586e-68	
N49	4.01188e-35	6.06408e-30	5.28616e-25	1.5836e-22	8.80316e-18	5.83539e-14	1.3532e-13	7.5682e-13	3.90849e-10	4.67477e-06	0.012004	0.876596	0.111148	0.000246924	8.62992e-08	9.53736e-12	4.795e-16	1.98229e-18	3.23499e-21	1.08801e-22	9.14748e-26	1.37337e-27	2.83477e-31	2.39486e-33	4.31723e-38	1.43688e-40	9.03913e-46	3.7099e-49	7.15972e-54	2.15545e-52	1.73731e-52	6.52237e-54	2.08482e-57	6.0042e-59	1.79238e-61	1.17829e-58	3.34657e-59	5.05893e-59	1.07787e-59	8.89711e-60	4.9435e-60	
N50	5.77158e-37	3.16608e-31	1.00106e-25	4.40849e-24	7.34643e-19	7.27523e-14	7.47609e-13	9.02698e-14	3.85908e-12	9.4395e-08	0.00116019	0.87412	0.124166	0.000554233	1.33133e-07	7.9923e-12	3.19291e-16	5.97169e-18	4.43711e-21	6.8302e-23	1.99886e-26	1.33421e-28	4.42291e-33	1.58049e-35	6.34368e-41	5.1847e-44	1.03544e-49	2.09402e-51	1.6213e-54	1.10433e-53	4.85489e-55	6.26263e-57	6.88876e-61	1.26409e-62	3.99019e-64	4.07625e-62	7.36225e-64	2.4564e-64	6.31921e-66	2.01724e-66	3.47765e-67	
N51	1.73895e-34	1.47335e-29	6.76015e-25	8.99451e-23	2.378e-18	2.2662e-14	1.99364e-14	1.03022e-14	1.27366e-11	2.41412e-07	0.00134408	0.917263	0.0811908	0.000201499	7.03797e-08	7.70148e-12	3.6633e-16	1.59352e-19	3.30164e-22	2.49267e-23	3.09591e-26	1.10238e-27	5.21635e-31	1.02514e-32	2.49333e-37	2.34919e-39	1.70015e-44	2.84561e-47	1.29852e-52	4.96985e-56	1.36066e-61	3.27455e-65	5.50695e-71	1.02977e-74	1.53489e-80	1.33908e-82	1.78875e-86	6.87008e-87	1.0745e-87	3.74761e-88	9.07967e-89	
N52	1.09562e-32	6.43141e-28	2.22805e-23	2.47948e-21	6.29986e-17	6.54651e-13	5.10208e-13	1.57562e-13	7.15905e-11	7.3848e-07	0.00233785	0.96659	0.031018	5.34739e-05	2.17489e-08	3.33018e-12	2.51009e-16	5.0334e-19	8.85698e-22	2.40165e-23	2.55589e-26	3.34476e-28	1.9716e-31	1.2633e-33	4.29406e-38	1.01201e-40	1.45708e-45	6.74023e-49	5.69959e-54	1.49933e-57	7.62289e-63	1.56122e-66	9.04657e-72	5.36616e-74	2.56662e-77	6.09374e-78	5.20421e-81	1.51863e-81	2.19867e-82	5.03758e-83	8.11261e-84	
FGA456	0	0	0	0	0	0	0	0	0	0	0	1	0	0	0	0	0	0	0	0	0	0	0	0	0	0	0	0	0	0	0	0	0	0	0	0	0	0	0	0	0	
N53	3.31908e-45	1.11263e-43	8.12744e-28	3.66505e-43	9.48204e-22	7.98112e-15	2.81806e-18	9.76034e-30	5.16208e-33	1.31745e-12	3.17597e-06	0.999982	1.52933e-05	2.47349e-11	5.20064e-35	1.9946e-36	7.03221e-38	1.96267e-37	1.98787e-37	2.55429e-36	2.55787e-36	2.48213e-35	2.08369e-35	1.39204e-34	1.06009e-35	2.32076e-35	1.2677e-36	1.3526e-36	5.43669e-38	5.17025e-38	1.59729e-39	1.5154e-39	3.7921e-41	4.20291e-41	6.79323e-42	1.17316e-40	1.34277e-41	2.26633e-40	1.93877e-39	2.80961e-38	2.90837e-37	
FGA516	0	0	0	0	0	0	0	0	0	0	0	1	0	0	0	0	0	0	0	0	0	0	0	0	0	0	0	0	0	0	0	0	0	0	0	0	0	0	0	0	0	
FGA513	0	0	0	0	0	0	0	0	0	0	0	1	0	0	0	0	0	0	0	0	0	0	0	0	0	0	0	0	0	0	0	0	0	0	0	0	0	0	0	0	0	
N54	4.19181e-43	9.09265e-42	2.94255e-28	8.47558e-44	1.39362e-22	9.13585e-15	1.66937e-19	4.51664e-30	1.24332e-34	2.03806e-14	3.91502e-07	0.999998	2.00064e-06	4.18093e-13	2.02712e-34	1.2339e-35	6.77571e-37	1.13421e-36	1.14965e-36	9.41686e-36	9.64718e-36	5.98943e-35	5.36657e-35	2.18655e-34	3.16944e-35	5.99049e-35	5.61078e-36	5.43973e-36	3.59659e-37	3.25832e-37	1.63907e-38	1.50698e-38	6.13318e-40	6.51262e-40	1.0483e-40	1.06695e-39	2.25576e-40	2.47541e-39	1.5569e-38	1.40674e-37	9.11183e-37	
F12278	0	0	0	0	0	0	0	0	0	0	0	1	0	0	0	0	0	0	0	0	0	0	0	0	0	0	0	0	0	0	0	0	0	0	0	0	0	0	0	0	0	
F12279	0	0	0	0	0	0	0	0	0	0	0	1	0	0	0	0	0	0	0	0	0	0	0	0	0	0	0	0	0	0	0	0	0	0	0	0	0	0	0	0	0	
N55	3.42791e-31	1.64284e-26	4.76208e-22	1.26831e-19	9.43505e-16	9.91764e-12	7.43749e-10	4.10109e-10	3.73737e-09	2.85017e-07	0.000786723	0.612653	0.360882	0.0256445	3.34944e-05	1.22457e-08	2.77615e-12	1.01547e-13	3.46465e-16	1.49904e-17	2.80577e-20	5.46314e-22	5.38844e-25	4.86743e-27	1.86245e-31	2.09837e-34	4.41028e-39	2.27758e-42	2.67304e-47	1.02579e-50	7.34011e-56	2.26061e-59	1.0699e-64	3.83472e-68	2.9252e-72	4.42076e-74	3.06458e-77	8.90417e-78	1.18781e-78	2.76383e-79	4.45235e-80	
Furant	0	0	0	0	0	0	0	0	0	0	0	1	0	0	0	0	0	0	0	0	0	0	0	0	0	0	0	0	0	0	0	0	0	0	0	0	0	0	0	0	0	
N56	1.57598e-42	4.45918e-41	1.20106e-39	2.93632e-38	3.14828e-42	9.6457e-20	4.02191e-12	1.4569e-16	5.83024e-28	1.13715e-31	1.32894e-30	4.53765e-11	1.90253e-05	0.99998	5.65945e-07	6.09264e-14	5.46429e-36	2.88306e-35	2.93954e-35	3.18371e-34	3.1799e-34	2.60128e-33	2.13654e-33	1.20237e-32	9.43999e-34	1.26797e-33	7.16652e-35	7.01965e-35	2.97021e-36	2.77988e-36	9.2503e-38	8.8066e-38	2.45744e-39	3.55234e-39	1.30571e-39	2.04254e-38	2.69099e-39	3.83141e-38	2.69927e-37	3.35128e-36	2.93305e-35	
FGA331	0	0	0	0	0	0	0	0	0	0	0	0	0	1	0	0	0	0	0	0	0	0	0	0	0	0	0	0	0	0	0	0	0	0	0	0	0	0	0	0	0	
FGA332	0	0	0	0	0	0	0	0	0	0	0	0	0	1	0	0	0	0	0	0	0	0	0	0	0	0	0	0	0	0	0	0	0	0	0	0	0	0	0	0	0	
FGA465	0	0	0	0	0	0	0	0	0	0	1	0	0	0	0	0	0	0	0	0	0	0	0	0	0	0	0	0	0	0	0	0	0	0	0	0	0	0	0	0	0	
N57	1.6919e-32	1.30227e-27	5.32369e-23	2.08966e-20	5.26761e-16	8.73781e-13	3.74634e-13	5.93877e-12	5.29534e-08	0.000215975	0.160248	0.813269	0.0262241	4.34785e-05	1.84743e-08	3.09517e-12	2.60194e-16	3.04117e-19	4.86992e-22	9.66278e-24	9.53068e-27	9.00676e-29	5.00376e-32	2.21003e-34	1.16074e-38	2.333e-41	3.67589e-46	1.51203e-49	6.85732e-52	6.63969e-51	1.49089e-52	3.53455e-54	1.77646e-57	1.10681e-58	2.45083e-59	1.20593e-56	4.51281e-57	1.01118e-55	1.25639e-54	2.19174e-53	2.80817e-52	
N58	4.57003e-42	8.6525e-41	1.55371e-39	2.50026e-38	3.30336e-20	2.767e-18	3.10252e-30	2.23648e-33	4.08396e-13	1.55249e-06	0.999934	6.47487e-05	1.75318e-10	3.63532e-33	3.14784e-34	2.01485e-35	1.47071e-36	4.50373e-36	4.60548e-36	3.17191e-35	3.10807e-35	1.6031e-34	1.15102e-34	4.23652e-34	5.9696e-35	9.34372e-35	8.94987e-36	8.47991e-36	5.82093e-37	5.2475e-37	2.77215e-38	2.56753e-38	1.12833e-39	1.49676e-39	5.0894e-40	4.97554e-39	9.65528e-40	8.95419e-39	4.07067e-38	3.42457e-37	1.97115e-36	
FGA99	0	0	0	0	0	0	0	0	0	0	1	0	0	0	0	0	0	0	0	0	0	0	0	0	0	0	0	0	0	0	0	0	0	0	0	0	0	0	0	0	0	
F12269	0	0	0	0	0	0	0	0	0	0	1	0	0	0	0	0	0	0	0	0	0	0	0	0	0	0	0	0	0	0	0	0	0	0	0	0	0	0	0	0	0	
N59	8.10906e-32	3.73168e-27	9.43859e-23	9.7534e-20	1.70964e-15	2.11047e-12	2.38222e-12	4.05019e-11	7.17079e-08	0.000262457	0.181524	0.806423	0.0117732	1.65801e-05	6.4951e-09	1.05529e-12	1.55869e-16	6.57781e-18	1.66124e-20	6.78198e-22	8.3658e-25	1.68326e-26	2.79933e-30	3.26391e-32	9.83604e-37	3.34177e-39	5.40699e-44	4.24005e-47	4.21194e-52	1.9013e-55	1.18707e-60	4.02775e-64	1.92538e-69	9.39667e-72	5.49344e-73	1.60148e-71	6.52514e-73	1.6183e-71	4.5855e-71	1.33282e-69	2.13601e-68	
N60	3.03266e-43	7.50397e-42	1.75835e-40	3.71271e-39	1.21821e-22	1.34453e-20	1.45899e-31	1.88324e-35	4.51237e-15	1.64853e-07	0.999989	1.11651e-05	2.96984e-12	2.40185e-33	1.55076e-34	7.43705e-36	4.35976e-37	1.94001e-36	1.976e-36	1.78816e-35	1.73679e-35	1.17725e-34	8.15633e-35	4.02365e-34	3.83707e-35	6.04035e-35	4.12922e-36	4.09365e-36	2.06203e-37	1.91346e-37	7.48263e-39	7.07464e-39	2.30775e-40	3.31496e-40	1.2332e-40	1.62803e-39	2.26066e-40	2.7041e-39	1.45084e-38	1.60767e-37	1.21955e-36	
FGA15	0	0	0	0	0	0	0	0	0	0	1	0	0	0	0	0	0	0	0	0	0	0	0	0	0	0	0	0	0	0	0	0	0	0	0	0	0	0	0	0	0	
FGA440	0	0	0	0	0	0	0	0	0	0	1	0	0	0	0	0	0	0	0	0	0	0	0	0	0	0	0	0	0	0	0	0	0	0	0	0	0	0	0	0	0	
N61	1.88707e-42	4.56262e-41	2.0285e-27	6.34269e-43	1.11478e-21	6.84505e-14	1.42669e-18	3.3871e-29	9.6535e-34	1.32396e-13	1.53067e-06	0.999997	1.0576e-06	1.5137e-13	3.99072e-35	2.44558e-36	8.02759e-37	7.4614e-36	7.54182e-36	5.75359e-35	5.00556e-35	2.62269e-34	4.8157e-35	1.65711e-34	1.40937e-35	1.78019e-35	1.10239e-36	1.05264e-36	4.87547e-38	4.52135e-38	1.68491e-39	2.09469e-39	9.91887e-41	6.46137e-40	5.704e-40	7.09455e-39	8.46732e-40	8.3901e-39	1.74515e-38	1.84643e-37	9.65018e-37	
FGA581	0	0	0	0	0	0	0	0	0	0	0	1	0	0	0	0	0	0	0	0	0	0	0	0	0	0	0	0	0	0	0	0	0	0	0	0	0	0	0	0	0	
FGA582	0	0	0	0	0	0	0	0	0	0	0	1	0	0	0	0	0	0	0	0	0	0	0	0	0	0	0	0	0	0	0	0	0	0	0	0	0	0	0	0	0	
N62	1.58376e-39	1.55488e-38	1.51409e-37	1.32981e-36	1.04082e-35	6.53653e-19	2.61846e-17	1.6911e-34	1.79984e-28	1.60065e-33	8.39857e-13	2.69465e-06	0.999994	3.52813e-06	1.96417e-12	4.20788e-34	4.93608e-35	2.95527e-35	2.75069e-35	1.09543e-34	1.13092e-34	3.52131e-34	3.06946e-34	6.52906e-34	2.60467e-34	3.84683e-34	8.94598e-35	8.65731e-35	1.42351e-35	1.19723e-35	1.48246e-36	1.24844e-36	1.23687e-37	1.13763e-37	1.73296e-38	5.96879e-38	2.82739e-38	1.56048e-37	5.73616e-37	2.62596e-36	8.81216e-36	
FGA104	0	0	0	0	0	0	0	0	0	0	0	0	1	0	0	0	0	0	0	0	0	0	0	0	0	0	0	0	0	0	0	0	0	0	0	0	0	0	0	0	0	
FGA105	0	0	0	0	0	0	0	0	0	0	0	0	1	0	0	0	0	0	0	0	0	0	0	0	0	0	0	0	0	0	0	0	0	0	0	0	0	0	0	0	0	
FGA489	0	0	0	0	0	0	0	0	0	0	1	0	0	0	0	0	0	0	0	0	0	0	0	0	0	0	0	0	0	0	0	0	0	0	0	0	0	0	0	0	0	
N63	6.30038e-40	4.91964e-33	1.53621e-26	8.13164e-25	1.19065e-21	1.29805e-15	5.4579e-10	1.96186e-13	2.557e-17	1.19652e-20	5.16132e-15	1.37156e-09	9.83222e-05	0.9998	0.000102172	1.83396e-09	1.12326e-14	3.76718e-20	1.2417e-25	8.97068e-31	1.96258e-34	5.54244e-34	5.00091e-34	1.04236e-33	6.20903e-34	9.8295e-34	3.56511e-34	4.19e-34	1.0829e-34	1.02417e-34	2.01918e-35	1.714e-35	2.66445e-36	2.21549e-36	2.99727e-37	3.52879e-37	1.22705e-37	5.13163e-37	1.7867e-36	7.09002e-36	2.15657e-35	
FGA174	0	0	0	0	0	0	0	0	0	0	0	0	0	1	0	0	0	0	0	0	0	0	0	0	0	0	0	0	0	0	0	0	0	0	0	0	0	0	0	0	0	
FGA175	0	0	0	0	0	0	0	0	0	0	0	0	0	1	0	0	0	0	0	0	0	0	0	0	0	0	0	0	0	0	0	0	0	0	0	0	0	0	0	0	0	
FurbGB	0	0	0	0	0	0	0	0	0	0	0	1	0	0	0	0	0	0	0	0	0	0	0	0	0	0	0	0	0	0	0	0	0	0	0	0	0	0	0	0	0	
N64	1.4743e-38	4.01704e-34	3.81588e-30	4.91046e-26	2.97165e-23	2.97035e-22	1.10169e-18	4.91979e-15	8.27019e-12	9.3647e-11	1.26311e-10	6.61164e-11	1.86248e-10	1.62741e-07	0.000119519	0.020212	0.449157	0.500945	0.0293082	0.00025754	6.19201e-07	7.61271e-10	5.82426e-12	3.91337e-12	4.48958e-14	1.40261e-14	6.36799e-17	1.05042e-17	1.57012e-20	1.55104e-21	6.9857e-25	4.28855e-26	5.74149e-30	1.91654e-31	9.3411e-36	9.36254e-38	2.83911e-42	9.4022e-45	1.97396e-49	4.52993e-52	4.54695e-54	
N65	1.4791e-35	1.11266e-31	4.48352e-28	1.72518e-24	2.55066e-22	9.33606e-21	1.54359e-17	1.89269e-14	5.09603e-12	2.45446e-11	2.85246e-11	2.06338e-11	1.71981e-10	7.74895e-08	4.96482e-05	0.010226	0.356793	0.573713	0.0581713	0.00104069	5.67779e-06	1.27949e-08	1.56126e-11	4.05875e-13	7.04239e-15	1.70425e-15	2.02973e-17	2.72689e-18	1.96085e-20	1.44001e-21	5.10076e-24	2.23034e-25	2.55025e-28	7.062e-30	1.94396e-33	2.42096e-35	3.31402e-39	1.45631e-41	1.3007e-45	3.30664e-48	7.77356e-51	
N66	6.10658e-35	7.68529e-31	2.50667e-27	1.9037e-23	7.31789e-23	6.64619e-21	4.14366e-17	1.59182e-13	1.38967e-11	5.61198e-12	6.67682e-13	1.2556e-13	1.62377e-11	2.25283e-08	3.0475e-05	0.0123371	0.514597	0.454602	0.0183001	0.000132996	3.05136e-07	2.9604e-10	1.45441e-13	6.93381e-17	1.05797e-19	1.79486e-21	3.57425e-24	3.36778e-26	4.27596e-29	2.1762e-31	1.77149e-34	5.62947e-37	5.54786e-36	2.16255e-36	6.33261e-38	9.4625e-39	1.21057e-40	9.88646e-42	1.86092e-43	3.92083e-42	1.01079e-41	
N67	1.38015e-43	1.57758e-42	3.47507e-51	3.82773e-30	2.65186e-28	1.1449e-39	5.03567e-24	7.89372e-18	5.15183e-12	2.41238e-15	4.51321e-19	3.33997e-27	2.20417e-30	2.42439e-34	2.34489e-15	8.18145e-10	8.24003e-05	0.99983	8.74037e-05	1.27307e-09	6.38267e-15	5.23834e-35	5.61872e-36	4.39368e-36	4.25644e-36	1.97553e-35	2.09445e-35	8.25671e-35	8.68086e-35	2.79667e-34	2.75987e-34	6.88223e-34	5.39944e-34	9.49448e-34	3.59007e-34	4.27659e-34	1.04291e-34	9.15893e-35	1.73894e-35	1.85005e-35	1.99064e-35	
CGA312	0	0	0	0	0	0	0	0	0	0	0	0	0	0	0	0	0	1	0	0	0	0	0	0	0	0	0	0	0	0	0	0	0	0	0	0	0	0	0	0	0	
CGA963	0	0	0	0	0	0	0	0	0	0	0	0	0	0	0	0	0	1	0	0	0	0	0	0	0	0	0	0	0	0	0	0	0	0	0	0	0	0	0	0	0	
N68	2.00996e-41	4.01832e-36	9.39704e-32	9.55185e-27	2.95174e-26	7.60975e-24	3.68308e-19	7.24351e-15	5.72804e-14	2.70123e-15	2.62359e-17	1.52586e-16	1.02885e-13	2.38989e-09	2.14157e-05	0.0199525	0.636254	0.339571	0.00419534	5.39408e-06	1.639e-09	1.73682e-13	7.99321e-18	1.97438e-22	4.72997e-27	9.34969e-30	2.39392e-33	6.2658e-32	2.75102e-32	4.55552e-32	1.07003e-33	7.42782e-34	8.76411e-36	4.68739e-36	1.88729e-38	7.69827e-39	8.10646e-42	1.6522e-42	1.06355e-45	1.01145e-46	2.37992e-49	
N69	1.91179e-41	8.71389e-37	1.55895e-33	1.96875e-29	6.72787e-31	7.64496e-27	4.57916e-21	1.87525e-17	2.4153e-17	2.04738e-20	2.32761e-21	2.41416e-19	1.20893e-13	2.20575e-08	0.000330902	0.0814227	0.857341	0.0608591	4.64289e-05	2.78346e-09	3.75635e-14	1.77291e-19	3.68426e-25	3.86213e-31	2.45853e-37	8.95754e-41	4.34729e-42	6.93232e-41	6.53523e-39	3.29273e-36	3.61488e-36	1.30255e-34	7.86648e-35	2.33451e-33	4.66491e-34	1.23952e-32	3.00689e-34	3.80891e-33	5.82651e-35	2.21752e-34	1.49258e-35	
N70	1.05331e-38	4.59706e-35	2.01952e-32	2.95372e-29	2.66564e-31	8.75656e-29	7.48774e-24	1.1757e-19	5.86165e-19	5.87621e-19	2.33914e-19	7.16578e-18	2.2723e-13	1.31965e-08	0.000167704	0.0743948	0.868607	0.0567768	5.36434e-05	7.43276e-09	2.96423e-13	4.72032e-18	4.35904e-23	1.31015e-24	1.3146e-27	9.62839e-29	5.30962e-32	9.00147e-33	4.37872e-33	3.99036e-32	2.14439e-34	4.80271e-34	5.3802e-37	8.39554e-37	3.36139e-40	2.38866e-40	5.46354e-44	4.04996e-45	7.16936e-49	2.65166e-50	8.11565e-51	
N71	1.65991e-40	2.34313e-35	3.22878e-31	2.32258e-26	2.81836e-26	4.5309e-24	2.39841e-19	5.87018e-15	1.08442e-12	5.96764e-14	1.27945e-15	4.44428e-17	1.87003e-13	3.02275e-09	1.78474e-05	0.0229898	0.859564	0.117138	0.00029025	1.55173e-07	2.97772e-11	2.69769e-15	2.00983e-19	6.00498e-22	3.4328e-25	1.21509e-27	3.99687e-31	7.40141e-34	2.99044e-34	3.10622e-34	1.73983e-35	1.89492e-36	2.39445e-38	1.69035e-39	5.50898e-42	1.4222e-43	2.86192e-46	4.89947e-48	7.29882e-51	2.10629e-52	1.10744e-53	
CGA642	0	0	0	0	0	0	0	0	0	0	0	0	0	0	0	0	1	0	0	0	0	0	0	0	0	0	0	0	0	0	0	0	0	0	0	0	0	0	0	0	0	
N72	3.71564e-35	4.3019e-32	1.44761e-29	9.06697e-27	3.46088e-26	1.08617e-23	2.55506e-19	2.19564e-15	7.72865e-14	2.97641e-15	6.71385e-17	4.16525e-16	7.58359e-14	1.05586e-09	1.19154e-05	0.0294321	0.83521	0.135118	0.000227083	7.82976e-08	9.43327e-12	5.1561e-16	1.51509e-20	1.10819e-23	2.00954e-26	2.03498e-27	2.35193e-30	1.32257e-31	8.83523e-35	2.9464e-36	9.32195e-40	2.01078e-41	1.75864e-45	2.66002e-47	1.3214e-52	3.82153e-55	1.26376e-60	2.05575e-63	1.57307e-67	9.06158e-69	1.94269e-68	
N73	4.07005e-50	8.85429e-49	1.78247e-47	7.95691e-35	1.28523e-51	8.91944e-44	6.7319e-28	1.7708e-19	2.45524e-24	6.97554e-41	1.72662e-33	1.6775e-38	9.08624e-35	6.13613e-16	5.97338e-08	0.999992	7.46235e-06	3.51211e-12	1.73083e-32	1.25362e-33	6.13277e-35	2.25825e-36	6.67498e-38	5.69506e-39	4.17385e-39	6.79599e-38	6.94355e-38	9.53506e-37	9.76935e-37	1.08144e-35	1.09864e-35	9.26e-35	8.31278e-35	4.79485e-34	9.89406e-35	4.03702e-34	3.04435e-35	3.29043e-35	1.74126e-36	1.82494e-36	2.04733e-36	
CGA763	0	0	0	0	0	0	0	0	0	0	0	0	0	0	0	1	0	0	0	0	0	0	0	0	0	0	0	0	0	0	0	0	0	0	0	0	0	0	0	0	0	
CGA764	0	0	0	0	0	0	0	0	0	0	0	0	0	0	0	1	0	0	0	0	0	0	0	0	0	0	0	0	0	0	0	0	0	0	0	0	0	0	0	0	0	
N74	1.02715e-49	2.60563e-48	7.11691e-47	2.05445e-45	6.11267e-44	1.02246e-47	4.89047e-41	7.00966e-25	1.48039e-16	2.06891e-21	4.51746e-38	2.68238e-30	4.9144e-35	1.25884e-32	7.65723e-32	2.42734e-13	2.84611e-06	0.999997	2.16927e-07	7.89948e-15	7.34928e-36	2.28746e-37	1.12005e-38	9.30131e-38	9.48845e-38	1.3268e-36	1.35926e-36	1.53912e-35	1.56805e-35	1.36282e-34	1.25371e-34	7.5853e-34	2.34726e-34	1.09938e-33	8.52692e-35	9.85938e-35	5.37432e-36	5.0746e-36	2.42063e-37	6.21282e-37	3.99519e-36	
C601	0	0	0	0	0	0	0	0	0	0	0	0	0	0	0	0	0	1	0	0	0	0	0	0	0	0	0	0	0	0	0	0	0	0	0	0	0	0	0	0	0	
C602	0	0	0	0	0	0	0	0	0	0	0	0	0	0	0	0	0	1	0	0	0	0	0	0	0	0	0	0	0	0	0	0	0	0	0	0	0	0	0	0	0	
N75	2.44922e-36	3.63064e-33	1.15921e-30	8.36742e-28	9.71749e-30	2.76736e-29	5.87295e-25	4.80642e-21	2.13607e-19	4.43293e-19	9.08631e-19	6.60822e-16	1.00199e-11	1.36254e-07	0.000430621	0.0890467	0.86004	0.050402	8.01819e-05	2.54839e-08	2.74379e-12	1.30233e-16	3.20338e-21	8.36015e-24	2.11324e-26	3.24216e-27	4.89695e-30	3.77031e-31	3.49956e-34	1.38247e-35	5.07568e-39	5.90537e-39	8.83281e-40	2.52178e-39	2.1321e-42	1.62873e-42	8.85394e-46	9.24195e-46	2.12282e-47	2.46872e-47	2.35764e-47	
CGA236	0	0	0	0	0	0	0	0	0	0	0	0	0	0	0	0	1	0	0	0	0	0	0	0	0	0	0	0	0	0	0	0	0	0	0	0	0	0	0	0	0	
N76	1.54368e-41	7.53365e-38	1.37506e-34	1.62124e-31	2.7011e-30	2.50606e-26	3.57269e-22	6.21158e-19	2.07667e-17	6.15005e-17	1.62466e-15	1.85732e-12	6.44394e-09	1.33088e-05	0.00595867	0.190621	0.762602	0.0406871	0.000117263	8.31956e-08	2.29092e-11	3.07476e-15	2.31616e-19	3.30502e-22	1.48096e-24	2.54989e-25	7.59571e-28	7.23363e-29	1.48002e-31	7.92284e-33	1.03903e-35	3.20819e-37	1.51376e-40	3.07911e-42	8.39427e-47	5.23911e-49	7.6796e-54	8.05341e-57	7.70968e-62	5.58263e-65	1.50629e-67	
N77	7.20815e-36	1.79262e-31	2.15185e-27	6.13701e-24	4.31395e-21	1.51548e-18	6.75306e-15	7.34768e-13	2.52813e-11	5.04103e-11	1.77633e-09	4.38826e-08	8.38219e-07	0.000391148	0.0209236	0.259605	0.639761	0.0789709	0.00034695	4.2063e-07	2.13939e-10	5.72583e-14	1.58762e-17	4.97818e-19	1.73191e-21	6.08951e-23	1.38756e-25	2.6705e-27	4.05218e-30	4.34366e-32	3.51217e-35	2.27734e-37	6.87704e-41	2.81035e-43	1.61844e-47	1.66292e-50	5.67155e-55	2.98083e-58	6.70803e-63	5.35637e-66	1.1194e-68	
Calboe	0	0	0	0	0	0	0	0	0	0	0	0	0	1	0	0	0	0	0	0	0	0	0	0	0	0	0	0	0	0	0	0	0	0	0	0	0	0	0	0	0	
C3125	0	0	0	0	0	0	0	0	0	0	0	0	0	0	0	0	0	1	0	0	0	0	0	0	0	0	0	0	0	0	0	0	0	0	0	0	0	0	0	0	0	
N78	1.36256e-45	2.28646e-44	3.78738e-43	5.84604e-42	2.83671e-65	1.10288e-39	1.8077e-42	1.33841e-40	1.70779e-57	1.29566e-40	7.69176e-55	6.23699e-34	7.21191e-34	6.16944e-17	1	3.15479e-15	1.40692e-30	6.01888e-32	1.28081e-32	1.76414e-33	1.77214e-34	1.40601e-35	1.03866e-36	1.12072e-36	1.12088e-36	7.1872e-36	7.52711e-36	4.05014e-35	4.2154e-35	1.83418e-34	1.80082e-34	5.99138e-34	4.59233e-34	1.05996e-33	2.65931e-34	3.45897e-34	5.62198e-35	4.99942e-35	6.24119e-36	7.44373e-36	1.15273e-35	
CGA429	0	0	0	0	0	0	0	0	0	0	0	0	0	0	1	0	0	0	0	0	0	0	0	0	0	0	0	0	0	0	0	0	0	0	0	0	0	0	0	0	0	
CGA430	0	0	0	0	0	0	0	0	0	0	0	0	0	0	1	0	0	0	0	0	0	0	0	0	0	0	0	0	0	0	0	0	0	0	0	0	0	0	0	0	0	
N79	1.20615e-34	2.70204e-31	1.28476e-28	5.22111e-26	2.74374e-26	1.63589e-24	1.714e-20	5.61108e-19	7.66166e-20	2.23464e-20	1.3115e-16	6.90334e-12	1.3158e-07	0.000558302	0.118889	0.555501	0.317942	0.00710668	3.11457e-06	3.49752e-10	1.58457e-14	3.57389e-19	4.50583e-24	5.0547e-29	2.22792e-32	1.26873e-33	2.53808e-35	9.57344e-34	8.03437e-35	2.5906e-34	1.45885e-35	3.04313e-35	1.23694e-36	1.69702e-36	4.63539e-39	4.48689e-39	2.72898e-42	2.63829e-43	1.22489e-46	5.11857e-48	2.49433e-49	
N80	6.90937e-44	9.71807e-43	1.35713e-41	1.75893e-40	1.78323e-64	3.13177e-42	6.103e-25	1.89507e-39	4.27125e-41	9.33953e-55	7.0262e-34	7.62534e-34	6.23884e-17	1	3.33377e-15	1.84152e-30	1.67174e-31	5.89943e-32	1.19273e-32	1.64497e-33	1.70386e-34	1.53355e-35	2.33696e-36	8.27515e-36	8.64565e-36	4.35574e-35	4.57036e-35	1.89531e-34	1.90693e-34	6.24142e-34	5.32145e-34	1.31682e-33	7.23993e-34	1.33165e-33	3.23411e-34	3.39575e-34	5.59417e-35	4.73935e-35	6.76282e-36	1.00832e-35	2.15434e-35	
C985	0	0	0	0	0	0	0	0	0	0	0	0	0	1	0	0	0	0	0	0	0	0	0	0	0	0	0	0	0	0	0	0	0	0	0	0	0	0	0	0	0	
C984	0	0	0	0	0	0	0	0	0	0	0	0	0	1	0	0	0	0	0	0	0	0	0	0	0	0	0	0	0	0	0	0	0	0	0	0	0	0	0	0	0	
N81	3.45432e-33	1.6982e-30	4.70011e-28	3.54339e-26	3.20879e-26	7.00295e-25	7.29638e-21	1.6153e-18	8.67091e-18	2.6114e-17	2.43037e-14	2.77904e-10	1.34772e-06	0.00170336	0.208346	0.590065	0.19708	0.00280201	2.13874e-06	5.25379e-10	5.87858e-14	3.5451e-18	1.38171e-22	3.70048e-24	1.42887e-26	2.48074e-27	5.94894e-30	5.74783e-31	6.11675e-34	3.85119e-35	1.60947e-38	7.1915e-40	1.00031e-43	3.2318e-45	6.08136e-50	7.85676e-52	6.94814e-57	8.3305e-60	4.94296e-65	3.70732e-68	1.26696e-70	
N82	7.6133e-44	1.22007e-37	4.0093e-33	1.83147e-27	1.17205e-28	6.33634e-23	2.30551e-17	1.43759e-15	2.35999e-18	1.82412e-21	5.49532e-20	1.76991e-14	2.50534e-09	0.000119608	0.997573	0.00230718	6.75694e-07	3.73256e-11	6.67785e-16	4.99383e-21	1.79517e-26	4.67282e-32	2.67583e-37	1.41889e-41	8.28755e-47	1.10154e-51	8.89454e-58	1.03038e-34	9.69738e-35	3.0022e-34	2.06018e-34	4.91296e-34	1.89985e-34	3.36673e-34	6.66138e-35	6.6018e-35	9.05109e-36	7.76847e-36	1.06709e-36	2.16029e-36	6.46015e-36	
CGA310	0	0	0	0	0	0	0	0	0	0	0	0	0	0	1	0	0	0	0	0	0	0	0	0	0	0	0	0	0	0	0	0	0	0	0	0	0	0	0	0	0	
CGA314	0	0	0	0	0	0	0	0	0	0	0	0	0	0	1	0	0	0	0	0	0	0	0	0	0	0	0	0	0	0	0	0	0	0	0	0	0	0	0	0	0	
N83	6.15913e-36	1.34008e-31	1.54489e-27	2.90476e-24	6.09297e-22	4.33565e-18	1.5037e-14	2.26851e-13	1.32685e-13	1.07197e-13	3.67687e-11	1.20657e-07	0.000166535	0.0592901	0.709223	0.221326	0.00994847	4.58487e-05	6.02971e-08	3.34768e-11	9.59612e-15	1.68523e-18	4.70395e-22	1.19755e-23	2.96255e-26	6.62974e-28	1.14455e-30	1.4675e-32	1.72494e-35	1.26342e-37	7.36921e-41	3.3833e-43	7.0287e-47	2.02856e-49	1.1624e-53	1.07605e-56	3.67125e-61	2.21448e-64	1.27676e-67	1.13685e-67	5.32087e-67	
N84	9.27593e-48	1.02185e-40	5.89223e-36	1.29535e-29	3.84119e-31	9.81471e-25	1.31985e-18	1.18536e-16	1.06567e-19	3.47474e-23	1.36583e-21	1.70523e-15	6.63113e-10	7.30163e-05	0.999491	0.000436308	2.13998e-08	2.40721e-13	7.44329e-19	7.15099e-25	2.10658e-31	7.0567e-37	7.08606e-37	5.56943e-36	5.64041e-36	3.46447e-35	3.07784e-35	1.38242e-34	6.16451e-35	2.21982e-34	5.17934e-35	1.40778e-34	1.96345e-35	3.4008e-35	3.35202e-36	3.48625e-36	2.55575e-37	2.37668e-37	4.07049e-38	2.47385e-37	1.59007e-36	
CGA382	0	0	0	0	0	0	0	0	0	0	0	0	0	0	1	0	0	0	0	0	0	0	0	0	0	0	0	0	0	0	0	0	0	0	0	0	0	0	0	0	0	
CGA365	0	0	0	0	0	0	0	0	0	0	0	0	0	0	1	0	0	0	0	0	0	0	0	0	0	0	0	0	0	0	0	0	0	0	0	0	0	0	0	0	0	
N85	2.86812e-46	6.6344e-45	1.50658e-43	3.19027e-42	9.79683e-47	2.79558e-24	2.02388e-16	4.33798e-21	3.53518e-32	5.135e-36	3.10033e-34	8.90539e-15	2.24523e-07	0.999986	1.39005e-05	1.9585e-11	3.96746e-32	6.66514e-33	6.87974e-34	5.03627e-35	2.86332e-36	4.97432e-37	3.85464e-37	3.39526e-36	3.50214e-36	2.53582e-35	2.5438e-35	1.42348e-34	1.20487e-34	4.8344e-34	1.61563e-34	4.89841e-34	8.12814e-35	1.55964e-34	1.69897e-35	1.82439e-35	1.46313e-36	1.35702e-36	1.54173e-37	6.60723e-37	3.80508e-36	
CGA494	0	0	0	0	0	0	0	0	0	0	0	0	0	1	0	0	0	0	0	0	0	0	0	0	0	0	0	0	0	0	0	0	0	0	0	0	0	0	0	0	0	
CGA495	0	0	0	0	0	0	0	0	0	0	0	0	0	1	0	0	0	0	0	0	0	0	0	0	0	0	0	0	0	0	0	0	0	0	0	0	0	0	0	0	0	
N86	1.4187e-39	7.79879e-35	6.98333e-31	2.5461e-26	5.66136e-25	1.55561e-23	1.41297e-19	2.80878e-15	1.0827e-12	1.82294e-12	1.84028e-13	3.53162e-14	2.47211e-12	1.12318e-09	5.15164e-06	0.00692217	0.34771	0.605077	0.0401659	0.0001202	8.81183e-08	2.47926e-11	3.70171e-15	1.34611e-17	2.38094e-20	3.55558e-22	3.61294e-25	2.65012e-27	1.68438e-30	6.32877e-33	2.49164e-36	4.29656e-37	2.4246e-36	1.03023e-36	5.4113e-39	3.93745e-40	1.22429e-42	4.30046e-44	1.20463e-46	2.87415e-46	1.71467e-45	
N87	1.34435e-40	9.03329e-36	1.94387e-31	6.47997e-27	1.57051e-25	8.07881e-23	1.42785e-18	1.0357e-14	2.90828e-13	1.03234e-13	5.05668e-15	9.54091e-15	3.64008e-13	2.22359e-09	1.32331e-05	0.0169909	0.392955	0.57285	0.0171645	2.72672e-05	1.09377e-08	1.70916e-12	1.30484e-16	1.12108e-20	2.41535e-24	1.1274e-26	8.62051e-30	4.99166e-31	5.40615e-34	2.0169e-35	1.31693e-38	2.98417e-40	8.68512e-44	1.28509e-45	6.27461e-50	6.24104e-52	8.59988e-57	4.67073e-59	2.44236e-64	2.54602e-67	4.25065e-72	
C12265	0	0	0	0	0	0	0	0	0	0	0	0	0	0	0	0	0	1	0	0	0	0	0	0	0	0	0	0	0	0	0	0	0	0	0	0	0	0	0	0	0	
N88	2.35977e-42	7.40674e-37	1.52641e-32	1.53565e-27	2.14499e-28	1.34789e-24	7.70374e-20	2.25526e-16	5.39862e-18	1.05239e-19	5.28886e-20	2.30625e-16	2.1626e-11	8.13293e-07	0.00785752	0.923973	0.0674643	0.000704096	4.56904e-07	4.84458e-11	1.81775e-15	3.1808e-20	3.00486e-25	1.70067e-30	9.86041e-36	1.09375e-38	6.79772e-42	1.03239e-39	3.45736e-39	1.07899e-39	2.07179e-41	4.2909e-42	6.80432e-44	9.40168e-45	8.51104e-47	8.15565e-48	1.09533e-50	4.92004e-52	3.56814e-55	5.1706e-57	1.0803e-59	
C404	0	0	0	0	0	0	0	0	0	0	0	0	0	0	1	0	0	0	0	0	0	0	0	0	0	0	0	0	0	0	0	0	0	0	0	0	0	0	0	0	0	
N89	1.45385e-36	3.73396e-33	1.54028e-30	1.05383e-27	3.44807e-30	8.22343e-27	3.54688e-22	2.69117e-18	3.75017e-19	2.14274e-19	6.67289e-20	2.64681e-17	3.73632e-12	2.06377e-07	0.00262377	0.959929	0.0373205	0.000126693	2.7838e-08	1.37706e-12	2.57495e-17	2.32035e-22	1.31196e-27	1.17922e-29	6.61159e-33	2.53096e-34	8.72612e-38	1.76077e-39	3.10387e-43	3.4862e-45	3.76627e-50	2.70935e-52	9.37334e-58	4.03785e-60	5.84959e-66	1.96984e-68	6.86473e-72	2.78492e-71	4.25452e-73	1.28479e-71	8.54087e-70	
N90	1.49816e-52	8.38357e-51	4.41944e-49	7.09745e-34	3.08004e-50	3.87531e-44	7.3255e-26	2.37253e-18	4.70035e-22	1.53734e-38	3.65141e-32	4.43387e-36	1.85235e-34	1.58677e-13	1.11005e-06	0.999992	6.50155e-06	4.2221e-12	6.29888e-35	2.37726e-36	6.75194e-38	1.87142e-39	3.77768e-40	7.45499e-39	7.58091e-39	1.34362e-37	1.36898e-37	1.93601e-36	1.93757e-36	2.05476e-35	1.6563e-35	1.23542e-34	8.98709e-36	2.45355e-35	1.26947e-36	1.6218e-36	6.43471e-38	6.1975e-38	3.04091e-39	2.0855e-38	2.35301e-37	
Cl11778	0	0	0	0	0	0	0	0	0	0	0	0	0	0	0	1	0	0	0	0	0	0	0	0	0	0	0	0	0	0	0	0	0	0	0	0	0	0	0	0	0	
Cl11779	0	0	0	0	0	0	0	0	0	0	0	0	0	0	0	1	0	0	0	0	0	0	0	0	0	0	0	0	0	0	0	0	0	0	0	0	0	0	0	0	0	
N91	3.56304e-47	3.10399e-41	1.98034e-36	9.47509e-31	8.17676e-32	8.52542e-28	3.18341e-22	4.59993e-17	4.56286e-18	1.61869e-19	2.83439e-21	3.49274e-19	8.58736e-14	8.88833e-09	0.000267789	0.997343	0.00238897	4.55187e-07	1.9659e-11	3.07099e-16	2.21418e-21	9.26357e-27	1.47566e-31	5.05596e-34	4.93597e-38	9.41839e-41	5.55366e-45	5.14461e-48	1.82813e-52	7.80613e-56	1.184e-60	2.32199e-64	1.62711e-70	7.54742e-75	1.97287e-81	1.7919e-86	1.70316e-93	3.35322e-99	8.34455e-107	1.24445e-112	1.28445e-37	
CGA594	0	0	0	0	0	0	0	0	0	0	0	0	0	0	0	1	0	0	0	0	0	0	0	0	0	0	0	0	0	0	0	0	0	0	0	0	0	0	0	0	0	
CGA48	0	0	0	0	0	0	0	0	0	0	0	0	0	0	0	1	0	0	0	0	0	0	0	0	0	0	0	0	0	0	0	0	0	0	0	0	0	0	0	0	0	
N92	3.69406e-46	7.19496e-45	1.42832e-43	2.70732e-42	4.82286e-41	7.96546e-40	1.20518e-38	1.6514e-37	2.02312e-20	1.48003e-18	2.05487e-34	1.43308e-34	2.36233e-28	3.63816e-33	2.10401e-31	5.29243e-31	1.0989e-11	9.61095e-06	0.999989	1.35602e-06	3.33155e-13	2.9921e-35	1.77967e-36	2.30945e-36	2.32666e-36	1.82327e-35	1.89702e-35	1.22888e-34	1.2694e-34	6.51199e-34	6.16925e-34	2.33822e-33	1.4481e-33	4.06785e-33	8.23026e-34	1.28365e-33	1.67047e-34	1.56558e-34	1.53388e-35	1.86962e-35	3.31644e-35	
C3134	0	0	0	0	0	0	0	0	0	0	0	0	0	0	0	0	0	0	1	0	0	0	0	0	0	0	0	0	0	0	0	0	0	0	0	0	0	0	0	0	0	
C3126	0	0	0	0	0	0	0	0	0	0	0	0	0	0	0	0	0	0	1	0	0	0	0	0	0	0	0	0	0	0	0	0	0	0	0	0	0	0	0	0	0	
N93	1.0396e-36	4.58434e-32	2.29456e-28	5.92836e-24	2.8044e-21	1.04067e-21	7.10775e-18	7.67403e-14	2.98769e-10	1.63038e-10	7.40531e-12	1.53106e-13	5.80999e-15	9.26667e-12	3.4017e-08	4.83394e-05	0.017944	0.786771	0.192826	0.00240429	6.75927e-06	6.87187e-09	3.39017e-12	5.10656e-15	9.99667e-18	7.76849e-20	9.49236e-23	3.57448e-25	2.57078e-28	5.8059e-30	1.40612e-29	4.62294e-30	2.16317e-31	2.31567e-32	4.66798e-34	3.14322e-35	3.47971e-37	1.45466e-38	1.09781e-40	4.40591e-42	1.45612e-43	
CGA311	0	0	0	0	0	0	0	0	0	0	0	0	0	0	0	0	0	1	0	0	0	0	0	0	0	0	0	0	0	0	0	0	0	0	0	0	0	0	0	0	0	
N94	2.74739e-37	3.30512e-34	3.00762e-31	5.72803e-27	5.31865e-24	2.61564e-23	1.75017e-19	2.17785e-15	6.56486e-12	5.90282e-12	2.07602e-13	2.52644e-15	4.80356e-16	3.54518e-13	3.24753e-09	1.2388e-05	0.0107141	0.788105	0.199238	0.00192678	3.50484e-06	2.02702e-09	4.99337e-13	1.37324e-16	5.97579e-20	4.72504e-22	6.02421e-25	5.75263e-26	5.84675e-29	3.58112e-30	1.66729e-33	6.68008e-35	1.15963e-38	3.20715e-40	1.4374e-44	2.65228e-46	2.53896e-51	1.74214e-53	9.81418e-59	2.66165e-61	7.72862e-66	
N95	1.24584e-42	1.58998e-37	2.38497e-33	1.46311e-28	7.13971e-27	5.58438e-26	1.49961e-21	2.02641e-17	1.98068e-14	7.13242e-16	3.56684e-18	2.4145e-19	3.7695e-18	1.14475e-13	2.13957e-09	1.44392e-05	0.0213711	0.928311	0.0501796	0.000124174	6.60545e-08	1.23856e-11	1.05417e-15	4.75604e-20	1.3043e-24	1.22969e-27	9.64202e-31	1.37813e-32	7.10567e-36	5.59554e-38	1.95871e-41	8.64705e-44	7.89734e-45	6.42352e-43	1.31773e-44	3.75831e-45	1.48388e-47	2.77765e-48	3.82724e-51	2.17008e-52	5.30056e-54	
N96	2.72314e-49	4.08288e-48	6.61667e-47	1.1485e-45	2.15797e-44	4.20635e-43	9.30941e-66	2.74387e-25	3.04779e-23	6.50703e-41	4.45143e-33	6.02114e-37	5.2731e-35	4.36069e-34	8.62197e-15	2.24529e-07	0.99999	9.51083e-06	4.50313e-12	5.46126e-33	5.60759e-34	4.12415e-35	2.35002e-36	1.13808e-37	9.2483e-39	5.69577e-38	5.85459e-38	5.71672e-37	5.9151e-37	4.83422e-36	5.02078e-36	3.31087e-35	3.39349e-35	1.69931e-34	1.49099e-34	4.90293e-34	8.74201e-35	1.40413e-34	1.63149e-35	1.5922e-35	5.12086e-36	
CGA45	0	0	0	0	0	0	0	0	0	0	0	0	0	0	0	0	1	0	0	0	0	0	0	0	0	0	0	0	0	0	0	0	0	0	0	0	0	0	0	0	0	
CGA46	0	0	0	0	0	0	0	0	0	0	0	0	0	0	0	0	1	0	0	0	0	0	0	0	0	0	0	0	0	0	0	0	0	0	0	0	0	0	0	0	0	
N97	3.22669e-45	3.25604e-40	7.86057e-36	3.88837e-31	1.34094e-28	1.47954e-27	2.45514e-23	2.06435e-19	3.05398e-16	1.32529e-17	4.59006e-18	2.06821e-18	1.8612e-18	2.15469e-14	5.09447e-10	4.54191e-06	0.00949371	0.95425	0.0361813	7.03953e-05	3.04707e-08	4.74673e-12	3.4058e-16	1.32063e-20	6.80194e-25	4.82344e-26	8.34036e-29	5.71655e-30	6.36342e-33	2.39846e-34	1.69139e-37	3.63027e-39	1.25938e-42	1.63953e-44	6.82216e-49	5.74826e-51	5.0411e-56	1.60579e-58	7.27227e-64	4.58812e-67	1.03896e-71	
N98	5.71106e-47	6.56353e-42	1.1064e-37	6.45788e-33	1.12072e-30	3.94061e-30	2.07204e-25	9.72557e-21	1.8762e-16	8.64979e-17	1.31643e-17	9.83525e-19	1.37458e-19	1.76134e-15	5.30319e-11	6.55927e-07	0.00231734	0.987166	0.0105056	1.05594e-05	2.77999e-09	2.87646e-13	1.45319e-17	4.21853e-22	1.92583e-26	2.3575e-28	1.45261e-31	1.50044e-33	6.09606e-37	3.51404e-39	9.93742e-43	3.21587e-45	6.18409e-49	1.09842e-51	9.34844e-56	9.83488e-59	7.95282e-64	4.11068e-66	1.11089e-67	1.2853e-67	3.28196e-68	
N99	6.97426e-54	1.48373e-47	5.55068e-43	5.63525e-37	9.48705e-35	1.90243e-35	1.29708e-29	8.4019e-24	2.73501e-18	7.9253e-20	8.78769e-22	4.6611e-24	4.37641e-26	1.13759e-20	6.65059e-15	1.588e-09	0.000112364	0.999485	0.000402125	1.88942e-08	2.51521e-13	1.32704e-18	3.27945e-24	4.30693e-30	9.00375e-36	4.98259e-39	8.85382e-44	2.10778e-47	9.96813e-53	2.77629e-57	9.48041e-38	1.52338e-36	1.50491e-36	1.82517e-35	1.44122e-35	1.24146e-34	6.38059e-36	1.12807e-35	4.40288e-37	4.78598e-37	2.08801e-37	
C3043	0	0	0	0	0	0	0	0	0	0	0	0	0	0	0	0	0	1	0	0	0	0	0	0	0	0	0	0	0	0	0	0	0	0	0	0	0	0	0	0	0	
CGA87	0	0	0	0	0	0	0	0	0	0	0	0	0	0	0	0	0	1	0	0	0	0	0	0	0	0	0	0	0	0	0	0	0	0	0	0	0	0	0	0	0	
N100	2.64709e-53	4.29985e-47	1.59748e-42	1.21898e-36	2.08946e-34	5.63615e-35	2.61243e-29	1.15802e-23	2.73071e-18	1.12727e-19	1.7801e-21	1.34602e-23	1.79975e-25	3.52504e-20	1.55423e-14	2.79832e-09	0.000149237	0.999306	0.000544619	3.43442e-08	6.11103e-13	4.30027e-18	1.41551e-23	2.46747e-29	6.61673e-35	5.13623e-38	1.25726e-42	4.2831e-46	2.79391e-51	1.11679e-55	8.4356e-38	1.40587e-36	1.38443e-36	1.74213e-35	1.3562e-35	1.22024e-34	6.01595e-36	1.10708e-35	4.16705e-37	4.58551e-37	1.95162e-37	
CGA368	0	0	0	0	0	0	0	0	0	0	0	0	0	0	0	0	0	1	0	0	0	0	0	0	0	0	0	0	0	0	0	0	0	0	0	0	0	0	0	0	0	
CGA557	0	0	0	0	0	0	0	0	0	0	0	0	0	0	0	0	0	1	0	0	0	0	0	0	0	0	0	0	0	0	0	0	0	0	0	0	0	0	0	0	0	
CGA364	0	0	0	0	0	0	0	0	0	0	0	0	0	0	0	0	0	1	0	0	0	0	0	0	0	0	0	0	0	0	0	0	0	0	0	0	0	0	0	0	0	
C2208	0	0	0	0	0	0	0	0	0	0	0	0	0	0	0	0	0	0	1	0	0	0	0	0	0	0	0	0	0	0	0	0	0	0	0	0	0	0	0	0	0	
N101	7.9149e-32	7.34971e-28	2.17129e-24	1.17024e-20	6.65555e-19	2.0569e-18	6.2217e-15	1.40693e-11	1.08922e-08	3.20827e-09	2.62269e-10	1.05028e-11	1.5745e-12	1.09421e-09	1.11891e-06	0.000459861	0.0536312	0.88437	0.0607863	0.000748681	3.06647e-06	5.67509e-09	6.3255e-12	2.8651e-14	1.13751e-16	1.32321e-18	3.47962e-21	2.20228e-23	3.78008e-26	1.35992e-28	1.5338e-31	3.16635e-34	2.13809e-37	2.46969e-40	7.78977e-44	5.18284e-47	8.4495e-51	3.43255e-54	3.57279e-58	1.42236e-61	4.94161e-65	
N102	2.56493e-38	2.00808e-33	2.32165e-29	8.87146e-25	6.872e-23	1.61005e-22	2.43917e-18	1.95202e-14	2.73211e-11	6.07185e-13	3.42581e-15	4.03341e-17	6.44403e-17	7.1694e-13	8.41755e-09	3.561e-05	0.0328349	0.951156	0.0159416	3.23889e-05	1.81258e-08	4.01059e-12	4.30838e-16	2.88681e-20	3.21133e-24	2.74501e-26	1.90853e-29	1.35364e-31	5.89864e-35	2.28185e-37	6.01525e-41	1.31109e-43	4.47878e-46	3.68709e-45	2.66571e-47	3.08958e-48	5.21172e-51	2.55227e-52	2.86166e-55	2.09736e-56	5.52002e-55	
N103	4.93397e-52	7.98097e-45	2.16385e-40	1.18983e-33	1.08653e-31	1.08955e-33	2.20117e-27	1.81347e-21	4.22403e-16	2.39031e-19	2.0224e-22	6.68375e-26	2.79131e-29	5.15721e-23	1.52616e-16	1.39623e-10	3.54719e-05	0.999892	7.29687e-05	6.67388e-10	1.79277e-15	1.53419e-21	4.43306e-28	4.73791e-35	6.32645e-40	9.543e-39	9.75102e-39	1.33543e-37	1.36788e-37	1.52831e-36	1.55158e-36	1.34978e-35	1.23926e-35	7.84012e-35	3.57352e-35	1.76899e-34	1.49255e-35	2.06912e-35	1.26944e-36	1.31528e-36	6.74129e-37	
CGA453	0	0	0	0	0	0	0	0	0	0	0	0	0	0	0	0	0	1	0	0	0	0	0	0	0	0	0	0	0	0	0	0	0	0	0	0	0	0	0	0	0	
CGA383	0	0	0	0	0	0	0	0	0	0	0	0	0	0	0	0	0	1	0	0	0	0	0	0	0	0	0	0	0	0	0	0	0	0	0	0	0	0	0	0	0	
N104	2.19036e-42	3.18601e-37	7.40981e-33	5.24168e-28	9.83404e-27	3.78726e-25	1.16921e-20	1.60612e-16	5.46215e-14	1.96198e-16	3.97426e-19	5.10292e-20	3.53157e-18	1.02638e-13	3.07303e-09	3.34772e-05	0.0781515	0.91788	0.00393317	2.23577e-06	3.73147e-10	2.57911e-14	8.94726e-19	1.77755e-23	3.86386e-28	5.12994e-30	3.18066e-33	5.14361e-35	2.12252e-38	1.93801e-40	5.49557e-44	2.86301e-46	5.15274e-50	1.55743e-52	1.18286e-56	2.24343e-59	1.86582e-64	6.6192e-66	8.87523e-68	1.42588e-67	2.99783e-68	
N105	9.72796e-52	2.90121e-50	7.72085e-49	1.74513e-47	3.26398e-46	2.06947e-49	5.99916e-44	3.12638e-27	2.28463e-19	1.34369e-23	4.99431e-40	1.89854e-32	1.69993e-36	1.11791e-34	1.39062e-33	7.7537e-14	1.23338e-06	0.999998	7.95489e-07	8.18746e-14	9.59774e-36	2.52889e-37	5.30307e-39	2.28114e-40	1.39387e-40	3.3644e-39	3.41483e-39	6.95283e-38	7.0711e-38	1.15752e-36	1.16892e-36	1.45246e-35	1.30955e-35	1.1202e-34	1.75719e-35	1.09473e-34	5.50166e-36	6.94119e-36	2.55098e-37	2.71871e-37	3.15532e-37	
CGA501	0	0	0	0	0	0	0	0	0	0	0	0	0	0	0	0	0	1	0	0	0	0	0	0	0	0	0	0	0	0	0	0	0	0	0	0	0	0	0	0	0	
C11776	0	0	0	0	0	0	0	0	0	0	0	0	0	0	0	0	0	1	0	0	0	0	0	0	0	0	0	0	0	0	0	0	0	0	0	0	0	0	0	0	0	
N106	3.09431e-51	9.90296e-50	2.84348e-48	6.98918e-47	1.43074e-45	2.34417e-44	4.77381e-67	6.57542e-27	2.23272e-25	2.26904e-43	3.08285e-35	1.19395e-38	1.75216e-36	3.44266e-35	2.29008e-15	1.16817e-07	0.999975	2.43936e-05	4.76467e-12	1.48294e-33	5.7847e-35	1.65252e-36	3.70637e-38	7.09056e-40	3.79327e-41	7.48742e-40	7.59341e-40	1.78075e-38	1.80825e-38	3.53023e-37	3.58851e-37	5.60208e-36	5.59399e-36	6.58234e-35	5.47952e-35	4.47597e-34	2.3799e-35	3.69773e-35	1.47231e-36	1.55312e-36	7.77605e-37	
C3121	0	0	0	0	0	0	0	0	0	0	0	0	0	0	0	0	1	0	0	0	0	0	0	0	0	0	0	0	0	0	0	0	0	0	0	0	0	0	0	0	0	
C3123	0	0	0	0	0	0	0	0	0	0	0	0	0	0	0	0	1	0	0	0	0	0	0	0	0	0	0	0	0	0	0	0	0	0	0	0	0	0	0	0	0	
N107	1.48495e-40	3.35602e-35	3.76286e-31	4.29363e-26	2.49284e-24	4.67956e-25	2.01598e-20	4.76355e-16	2.99363e-12	1.23839e-14	7.65302e-17	4.18793e-19	4.39382e-21	1.08618e-16	6.3421e-12	1.53007e-07	0.00108104	0.99599	0.00292749	1.13266e-06	1.29e-10	6.08566e-15	1.43578e-19	2.37873e-24	1.07906e-28	1.21499e-31	1.33107e-35	8.69349e-39	5.72072e-43	1.89413e-46	7.42928e-51	1.2207e-54	2.5544e-59	1.97792e-63	1.59071e-68	5.38364e-73	6.79054e-79	5.44096e-84	2.22652e-90	5.1052e-96	1.98681e-102	
Calparcri	0	0	0	0	0	0	0	0	0	0	0	0	0	0	0	0	0	1	0	0	0	0	0	0	0	0	0	0	0	0	0	0	0	0	0	0	0	0	0	0	0	
C3118	0	0	0	0	0	0	0	0	0	0	0	0	0	0	0	0	0	1	0	0	0	0	0	0	0	0	0	0	0	0	0	0	0	0	0	0	0	0	0	0	0	
N108	3.72881e-38	1.89183e-34	1.10266e-31	2.63574e-28	3.20636e-27	1.8862e-24	1.08801e-19	1.01505e-15	4.37529e-14	8.46975e-14	6.79392e-14	3.8741e-13	4.35025e-11	1.58239e-07	0.000266129	0.0527275	0.651514	0.293834	0.0016571	1.08161e-06	1.71726e-10	1.16431e-14	1.11136e-18	8.32542e-21	5.17313e-24	1.17589e-24	4.83337e-27	1.25575e-27	4.37634e-30	9.61161e-30	9.73036e-32	1.95393e-31	5.86613e-34	9.04013e-34	6.66194e-37	5.82566e-37	1.72243e-40	1.82101e-41	4.184e-45	1.85327e-46	9.08432e-48	
N109	4.08804e-37	8.96415e-33	6.87376e-29	8.04507e-25	5.45998e-22	2.47245e-21	7.2683e-18	3.3626e-14	3.83232e-11	2.81714e-10	2.22661e-10	7.80781e-11	8.58268e-11	4.80741e-08	3.52995e-05	0.0078792	0.283324	0.622261	0.0846255	0.0018642	1.14603e-05	2.76495e-08	5.32719e-11	5.74996e-12	8.00499e-14	7.80108e-15	5.79634e-17	2.61486e-18	1.13945e-20	2.52112e-22	5.91086e-25	6.64204e-27	4.60893e-30	2.87404e-32	5.16378e-36	1.07446e-38	1.03115e-42	9.85107e-46	5.78703e-50	7.75959e-53	2.13085e-55	
N110	7.82535e-33	6.11275e-29	1.9655e-25	5.78679e-22	2.36015e-19	1.71045e-18	3.59215e-16	2.91062e-13	9.73246e-11	1.96357e-09	7.33513e-09	8.38266e-09	7.2379e-09	6.28706e-07	0.000153605	0.0131357	0.266495	0.646373	0.0724964	0.00133807	7.28425e-06	1.59725e-08	1.71035e-11	1.63172e-14	5.67352e-17	3.10364e-18	1.57336e-20	4.79998e-22	1.56565e-24	2.6068e-26	5.52519e-29	5.12011e-31	6.05012e-34	3.19601e-36	1.24946e-39	3.83819e-42	5.92852e-46	8.64742e-49	7.77594e-53	6.5442e-56	1.82264e-59	
N111	2.22828e-31	1.83921e-27	7.21253e-24	1.03975e-20	6.57263e-18	2.73593e-16	2.61511e-14	1.29813e-12	3.09564e-10	7.78239e-09	9.53879e-08	5.98796e-07	1.21737e-06	6.72922e-05	0.00327181	0.0631254	0.399989	0.509677	0.0236857	0.000181309	4.3587e-07	4.49928e-10	2.39004e-13	7.50911e-17	2.34387e-20	6.83348e-22	2.73163e-24	1.17721e-25	3.24272e-28	8.19833e-30	1.53664e-32	2.33407e-34	2.5965e-37	2.45565e-39	1.07428e-42	6.67441e-45	7.45519e-49	2.21561e-51	1.34946e-55	1.88216e-58	2.58933e-62	
N112	1.64433e-34	3.59441e-30	2.0828e-26	2.73997e-22	7.7327e-20	2.18439e-19	1.134e-15	5.5932e-12	8.92724e-09	8.30006e-09	1.15549e-09	6.88744e-11	1.28386e-11	7.62863e-09	5.9586e-06	0.00158801	0.102403	0.825015	0.0702083	0.0007779	2.36968e-06	6.39024e-09	4.78223e-11	2.63327e-12	1.317e-14	3.19758e-16	6.92068e-19	8.65635e-21	8.53922e-24	6.15636e-26	2.8663e-29	1.25608e-31	2.8143e-35	7.42135e-38	8.15627e-42	1.159e-44	6.84908e-49	4.4402e-52	1.70532e-56	1.13027e-59	1.35661e-62	
Triowe	0	0	0	0	0	0	0	0	0	0	0	0	0	0	0	0	0	1	0	0	0	0	0	0	0	0	0	0	0	0	0	0	0	0	0	0	0	0	0	0	0	
N113	1.89107e-34	2.3125e-30	1.39854e-26	8.52482e-23	1.87111e-20	5.74144e-19	1.30439e-15	1.80993e-12	5.78695e-10	4.60039e-10	5.54195e-11	3.19299e-12	1.3261e-12	7.52774e-10	1.08542e-06	0.000564568	0.0686264	0.851375	0.0785009	0.000929024	3.03388e-06	4.29046e-09	5.03351e-12	4.84079e-14	1.11292e-16	5.73753e-18	3.16041e-20	3.73606e-21	1.37868e-23	9.93959e-25	1.7659e-27	8.28555e-29	5.83754e-32	1.86804e-33	4.14383e-37	8.33987e-39	5.75593e-43	3.78871e-45	1.68744e-49	4.79351e-52	1.52195e-55	
Trijoh	0	0	0	0	0	0	0	0	0	0	0	0	0	0	0	0	0	1	0	0	0	0	0	0	0	0	0	0	0	0	0	0	0	0	0	0	0	0	0	0	0	
Trimel	0	0	0	0	0	0	0	0	0	0	0	0	0	0	0	0	0	1	0	0	0	0	0	0	0	0	0	0	0	0	0	0	0	0	0	0	0	0	0	0	0	
N114	2.20968e-29	2.42981e-25	1.94666e-21	7.82164e-20	5.86597e-16	1.95768e-12	1.15829e-12	2.84716e-13	1.12824e-10	4.94625e-07	0.000867879	0.33575	0.505248	0.144016	0.0135905	0.000518383	8.38759e-06	5.24617e-08	8.43113e-11	4.98311e-14	1.43247e-17	2.34014e-21	2.39498e-25	1.71451e-29	1.43393e-33	3.67854e-36	2.31426e-39	8.38401e-42	4.04363e-45	9.4405e-48	3.52189e-51	5.24323e-54	1.46203e-57	1.34289e-60	2.35013e-64	1.25682e-67	6.60757e-72	1.85504e-75	5.1157e-80	8.07474e-84	3.6455e-88	
N115	2.15905e-30	2.68058e-26	1.99856e-22	2.74218e-20	1.69646e-16	5.33788e-13	1.10913e-12	1.0217e-12	4.0092e-10	1.75421e-06	0.00254733	0.590262	0.373563	0.0328641	0.000755994	5.87839e-06	1.71307e-08	1.86982e-11	7.08675e-15	1.22899e-18	1.49591e-22	1.40203e-24	1.99918e-27	4.01803e-29	1.57286e-32	2.04145e-34	3.3024e-38	2.89428e-40	2.35114e-44	1.40188e-46	6.37723e-51	2.53422e-53	6.92396e-58	1.73024e-60	2.98816e-65	4.14046e-68	4.73829e-73	2.84697e-76	2.58314e-81	2.50437e-84	7.85836e-87	
Trihoe	0	0	0	0	0	0	0	0	0	0	0	1	0	0	0	0	0	0	0	0	0	0	0	0	0	0	0	0	0	0	0	0	0	0	0	0	0	0	0	0	0	
Tribit	0	0	0	0	0	0	0	0	0	0	0	1	0	0	0	0	0	0	0	0	0	0	0	0	0	0	0	0	0	0	0	0	0	0	0	0	0	0	0	0	0	
Trijac	0	0	0	0	0	0	0	0	0	0	0	1	0	0	0	0	0	0	0	0	0	0	0	0	0	0	0	0	0	0	0	0	0	0	0	0	0	0	0	0	0	
N116	2.91756e-33	2.49142e-29	7.0976e-26	3.46301e-22	3.68874e-20	1.13124e-19	2.84307e-16	6.49713e-13	5.39051e-10	4.66266e-10	8.43946e-11	7.352e-12	1.81801e-12	1.15174e-09	1.20428e-06	0.000495937	0.0555261	0.822822	0.118708	0.00243245	1.43304e-05	3.40888e-08	4.15101e-11	1.71162e-13	1.09616e-15	3.39798e-17	1.46191e-19	2.3636e-21	6.3262e-24	5.59198e-26	9.18112e-29	4.58652e-31	4.07364e-34	1.18389e-36	4.37296e-40	7.27889e-43	1.17534e-46	9.57465e-50	9.07475e-54	5.39378e-57	2.04308e-60	
Tricri	0	0	0	0	0	0	0	0	0	0	0	0	0	0	0	0	0	1	0	0	0	0	0	0	0	0	0	0	0	0	0	0	0	0	0	0	0	0	0	0	0	
N117	4.25584e-35	4.66237e-31	2.22034e-27	1.20395e-23	1.61906e-21	2.32888e-20	4.81662e-17	6.08186e-14	1.87874e-11	8.28878e-12	8.99355e-13	1.47451e-13	9.85906e-14	8.17682e-11	1.70734e-07	0.000142104	0.0320622	0.864244	0.102077	0.00146909	5.71231e-06	8.65365e-09	6.30363e-12	2.83543e-15	2.14916e-18	1.51053e-19	8.09781e-22	5.29174e-23	1.84155e-25	6.90034e-27	1.46707e-29	3.32704e-31	3.64734e-34	5.32203e-36	2.07706e-39	1.99541e-41	1.91941e-45	7.66631e-48	4.31573e-52	8.02865e-55	1.31796e-58	
Triwie	0	0	0	0	0	0	0	0	0	0	0	0	0	0	0	0	0	1	0	0	0	0	0	0	0	0	0	0	0	0	0	0	0	0	0	0	0	0	0	0	0	
Triqua	0	0	0	0	0	0	0	0	0	0	0	0	0	0	0	0	0	1	0	0	0	0	0	0	0	0	0	0	0	0	0	0	0	0	0	0	0	0	0	0	0	
N118	8.0965e-32	1.51742e-28	2.1111e-25	2.2857e-22	3.35439e-20	8.26533e-19	3.09953e-16	1.04532e-13	1.40786e-11	1.54993e-10	4.75605e-10	7.09637e-10	1.52285e-09	1.72543e-07	4.90366e-05	0.0058688	0.185457	0.628174	0.1708	0.0094779	0.000172176	1.33889e-06	5.31661e-09	5.85505e-11	2.50484e-12	1.32687e-12	4.26512e-14	1.18658e-14	2.43338e-16	3.70344e-17	4.59809e-19	3.97919e-20	2.20205e-22	1.16489e-23	1.53188e-26	4.24146e-28	2.37671e-31	2.49505e-33	8.76891e-37	5.37056e-39	1.79271e-41	
N119	2.07087e-30	4.96853e-27	7.2637e-24	1.11794e-20	8.37717e-19	1.15367e-17	1.04407e-14	7.61624e-12	1.92781e-09	3.64268e-09	1.70938e-09	3.93248e-10	1.48429e-10	2.18708e-08	8.64413e-06	0.0014813	0.0791298	0.725774	0.184846	0.00862833	0.000130791	8.58832e-07	2.92472e-09	9.6917e-12	7.43934e-14	4.22146e-15	4.25796e-17	1.44828e-18	9.67778e-21	1.89212e-22	8.51238e-25	9.75093e-27	2.73926e-29	1.83234e-31	2.55706e-34	1.03222e-36	6.63967e-40	1.5266e-42	5.84935e-46	9.61887e-49	7.58175e-52	
Kinboe	0	0	0	0	0	0	0	0	0	0	0	0	0	0	0	0	0	1	0	0	0	0	0	0	0	0	0	0	0	0	0	0	0	0	0	0	0	0	0	0	0	
Kinfis	0	0	0	0	0	0	0	0	0	0	0	0	0	0	0	0	0	1	0	0	0	0	0	0	0	0	0	0	0	0	0	0	0	0	0	0	0	0	0	0	0	
Kinxen	0	0	0	0	0	0	0	0	0	0	0	0	0	0	0	0	0	1	0	0	0	0	0	0	0	0	0	0	0	0	0	0	0	0	0	0	0	0	0	0	0	
N120	1.75336e-34	1.84353e-31	7.5748e-29	3.23224e-26	2.14349e-25	2.21519e-22	4.25219e-19	1.902e-16	1.26771e-14	7.78915e-14	8.92586e-14	1.04357e-11	1.28871e-08	1.0569e-05	0.00254936	0.118771	0.661085	0.216379	0.0012032	1.25809e-06	4.49512e-10	7.18127e-14	6.52681e-18	1.60427e-21	3.00625e-23	2.12295e-22	1.69963e-23	5.85312e-23	2.19424e-24	2.72082e-24	3.57917e-26	1.39434e-26	3.74257e-29	5.6967e-30	1.37961e-33	9.80787e-35	2.58708e-39	1.98888e-41	3.23004e-46	2.62013e-48	2.88327e-50	
N121	2.44007e-26	2.5973e-23	2.65105e-20	6.94024e-18	4.39036e-15	1.19179e-12	1.32692e-11	6.29319e-11	5.28722e-09	1.76724e-06	0.000304054	0.0169173	0.144333	0.35681	0.332356	0.128327	0.019935	0.00100405	1.09477e-05	5.09094e-08	1.2774e-10	1.95892e-13	2.00469e-16	4.33285e-19	3.69699e-21	2.91788e-22	2.70152e-24	1.39358e-25	9.99074e-28	3.30511e-29	1.83235e-31	3.80119e-33	1.45853e-35	1.80235e-37	2.94115e-40	2.2457e-42	1.17154e-45	3.33166e-48	1.02426e-51	2.47268e-54	4.18324e-57	
N122	1.99219e-27	3.364e-23	3.56516e-19	8.10776e-18	5.9006e-14	1.69905e-10	7.20332e-11	7.58555e-12	1.72483e-09	3.98272e-06	0.00322393	0.480233	0.452886	0.0613983	0.00222778	2.75173e-05	1.2765e-07	2.3084e-10	1.76968e-13	6.75006e-17	1.46961e-20	3.91332e-24	2.34392e-27	7.54023e-30	5.04653e-33	1.02264e-35	4.27161e-39	5.36947e-42	1.37213e-45	1.11516e-48	1.69498e-52	9.10622e-56	7.94891e-60	2.80074e-63	1.3637e-67	2.99078e-71	8.4818e-76	1.13986e-79	2.32538e-84	3.80034e-88	7.96135e-92	
N123	2.56636e-30	1.0915e-25	2.89435e-21	4.78227e-20	1.18478e-15	1.31163e-11	2.97695e-12	2.28613e-13	1.47487e-10	1.12976e-06	0.00258511	0.833767	0.161074	0.0025652	7.87738e-06	7.12625e-09	2.46787e-12	4.02727e-16	4.83629e-20	1.61008e-22	1.25905e-25	5.87934e-28	2.43543e-31	5.51576e-34	6.31626e-38	8.02354e-41	3.29623e-45	2.2466e-48	4.58627e-53	1.64245e-56	1.97767e-61	3.8387e-65	2.93997e-70	3.36075e-74	1.67357e-79	1.28916e-83	4.44246e-89	5.07898e-93	1.44857e-96	7.6551e-100	2.76331e-103	
N124	1.24438e-29	1.47306e-25	9.98401e-22	1.35408e-19	5.68781e-16	1.16246e-12	2.50785e-12	2.75962e-12	1.08861e-09	4.27856e-06	0.0052854	0.885126	0.108633	0.000950089	1.73878e-06	1.08499e-09	3.01279e-13	1.96807e-16	7.83371e-19	6.74168e-20	1.96133e-22	8.3047e-24	1.18162e-26	2.62182e-28	2.61266e-32	2.54642e-34	1.03772e-38	3.3061e-41	8.40225e-46	1.09135e-48	1.84693e-53	1.34088e-56	1.51266e-61	7.70192e-65	6.32471e-70	9.05163e-73	1.57943e-77	1.47357e-79	6.47342e-82	5.07172e-84	2.70184e-86	
Chaafr	0	0	0	0	0	0	0	0	0	0	0	1	0	0	0	0	0	0	0	0	0	0	0	0	0	0	0	0	0	0	0	0	0	0	0	0	0	0	0	0	0	
Chacha	0	0	0	0	0	0	0	0	0	0	0	1	0	0	0	0	0	0	0	0	0	0	0	0	0	0	0	0	0	0	0	0	0	0	0	0	0	0	0	0	0	
N125	1.74883e-29	2.11938e-25	1.59455e-21	1.75122e-19	1.2322e-15	4.19083e-12	5.99416e-12	3.59102e-12	1.13534e-09	4.43641e-06	0.00544302	0.908771	0.0851849	0.00059556	9.28497e-07	5.15127e-10	1.31404e-13	1.12252e-16	3.67935e-19	1.76909e-20	4.01714e-23	9.4137e-25	1.13964e-27	1.33534e-29	1.40512e-33	7.23477e-36	3.11744e-40	5.31433e-43	1.40116e-47	1.07144e-50	1.81229e-55	8.66709e-59	9.50587e-64	3.45213e-67	2.97067e-72	4.21164e-75	9.20335e-80	5.0439e-82	1.39593e-84	5.82813e-87	1.65308e-89	
Chacaly	0	0	0	0	0	0	0	0	0	0	0	1	0	0	0	0	0	0	0	0	0	0	0	0	0	0	0	0	0	0	0	0	0	0	0	0	0	0	0	0	0	
Chazey	0	0	0	0	0	0	0	0	0	0	0	1	0	0	0	0	0	0	0	0	0	0	0	0	0	0	0	0	0	0	0	0	0	0	0	0	0	0	0	0	0	
N126	2.16192e-26	7.36212e-23	1.66823e-19	4.05622e-17	4.03742e-14	1.11641e-11	2.44171e-11	7.81552e-11	1.92024e-08	2.21621e-05	0.00876116	0.553377	0.400927	0.036131	0.000775966	5.36454e-06	1.43056e-08	1.70289e-11	1.14672e-14	3.3705e-16	2.87101e-18	3.71625e-19	1.53173e-21	1.08712e-22	6.12931e-26	2.5071e-27	5.73657e-31	1.32442e-32	1.67184e-36	2.13038e-38	1.72981e-42	1.19766e-44	6.81214e-49	2.57207e-51	1.06774e-55	2.31717e-58	7.08656e-63	1.12685e-65	2.41274e-68	6.31799e-70	1.17416e-71	
Chadil	0	0	0	0	0	0	0	0	0	0	0	1	0	0	0	0	0	0	0	0	0	0	0	0	0	0	0	0	0	0	0	0	0	0	0	0	0	0	0	0	0	
Chasen	0	0	0	0	0	0	0	0	0	0	0	1	0	0	0	0	0	0	0	0	0	0	0	0	0	0	0	0	0	0	0	0	0	0	0	0	0	0	0	0	0	
Chanam	0	0	0	0	0	0	0	0	0	0	0	1	0	0	0	0	0	0	0	0	0	0	0	0	0	0	0	0	0	0	0	0	0	0	0	0	0	0	0	0	0	
N127	1.87012e-29	6.62498e-28	2.60692e-26	7.80044e-25	3.6145e-24	5.17501e-22	4.32284e-19	1.5548e-16	8.18176e-15	7.28551e-14	6.01437e-13	4.85791e-11	2.44064e-08	1.41825e-05	0.0029595	0.125834	0.656609	0.212517	0.00206108	5.59332e-06	6.51546e-09	3.98538e-12	2.33252e-15	2.08124e-14	1.93158e-14	2.03748e-12	9.15124e-13	5.2175e-11	7.25217e-12	2.0299e-10	6.73364e-12	7.71661e-11	4.62031e-13	2.35166e-12	2.01759e-15	3.69338e-15	9.89104e-19	1.127e-19	1.85508e-23	7.59408e-25	7.21175e-26	
Riebrev	0	0	0	0	0	0	0	0	0	0	0	0	0	0	0	0	0	0	0	0	0	0	0	0	0	0	0	0	0	0	1	0	0	0	0	0	0	0	0	0	0	
N128	2.20401e-33	6.4994e-29	2.70146e-25	4.76266e-21	2.12077e-21	8.94724e-20	1.24191e-15	8.70322e-12	4.01692e-10	8.9306e-12	8.06255e-14	8.28118e-16	8.28845e-13	4.24882e-09	9.62214e-06	0.0072299	0.962225	0.0303785	0.000156625	2.51959e-07	1.71226e-10	6.61535e-14	2.35809e-17	3.95102e-20	3.16898e-23	4.8285e-26	2.62518e-29	2.14874e-32	7.86932e-36	3.3848e-39	7.32733e-43	1.56709e-46	8.55391e-48	2.60038e-48	2.22532e-50	2.38058e-52	1.22261e-54	1.10667e-56	5.90259e-59	7.8128e-59	2.28938e-57	
N129	1.71899e-43	9.13958e-38	1.97281e-33	5.37938e-28	4.60415e-28	6.83943e-26	1.15464e-20	6.33964e-16	5.59393e-14	4.84751e-17	1.55439e-20	1.44526e-22	5.53624e-18	7.98627e-13	4.36265e-08	0.000631032	0.991013	0.0083502	5.24477e-06	7.07544e-10	3.21309e-14	6.25709e-19	6.12216e-24	1.95267e-28	3.15085e-32	2.62076e-33	7.8851e-35	5.92484e-35	1.34886e-36	7.13438e-37	1.01713e-38	3.95376e-39	2.51097e-41	7.43004e-42	4.96073e-45	5.19558e-46	2.31739e-49	1.09367e-50	3.81056e-54	1.0634e-55	1.58378e-57	
N130	3.88113e-40	1.3945e-36	7.09345e-34	1.59104e-30	6.23912e-31	4.32916e-28	5.95765e-23	2.52688e-18	2.40693e-16	1.18626e-19	5.95836e-23	3.731e-23	2.02174e-18	3.62992e-13	2.5497e-08	0.000483143	0.992811	0.00670244	2.89019e-06	2.61878e-10	8.07736e-15	1.09302e-19	7.49896e-25	3.41425e-29	6.24217e-32	2.49593e-33	1.30313e-36	6.67802e-38	2.17636e-41	5.75357e-43	1.013e-46	2.00505e-48	4.5147e-48	6.57503e-47	1.22796e-50	3.67697e-51	5.13218e-55	3.97314e-56	5.25391e-60	2.82139e-59	1.99457e-57	
Braset	0	0	0	0	0	0	0	0	0	0	0	0	0	0	0	0	1	0	0	0	0	0	0	0	0	0	0	0	0	0	0	0	0	0	0	0	0	0	0	0	0	
N131	6.35295e-48	1.33136e-42	4.61638e-38	4.50158e-33	1.49933e-32	6.80743e-30	3.10985e-25	5.02494e-21	2.99009e-19	2.03655e-20	5.76595e-21	2.48707e-21	5.46265e-17	3.745e-12	1.07996e-07	0.000921091	0.993868	0.00520831	2.71371e-06	3.73451e-10	2.01803e-14	5.30361e-19	7.78064e-24	3.78775e-27	4.04786e-30	1.85028e-31	1.20961e-34	3.19323e-36	1.42845e-39	2.11074e-41	6.68901e-45	5.4759e-47	1.05427e-50	4.73495e-53	1.77239e-58	8.64759e-62	2.09412e-67	3.32088e-71	5.07404e-77	1.04141e-80	1.6352e-83	
N132	7.72945e-51	9.8619e-45	4.96156e-40	3.55823e-34	9.20022e-35	6.26897e-32	3.55339e-26	1.02039e-20	1.99066e-18	4.26409e-20	4.27659e-22	7.9838e-24	6.78159e-19	1.38873e-13	1.19748e-08	0.000307117	0.998795	0.000897904	1.01282e-07	3.36823e-12	4.68122e-17	3.28697e-22	1.40388e-27	3.17347e-31	3.22706e-35	4.88316e-38	2.95148e-42	2.24806e-45	8.36603e-50	3.1661e-53	7.27199e-58	1.28013e-61	1.59154e-66	1.10686e-70	5.62686e-77	3.83683e-82	6.96977e-89	1.74367e-94	9.97202e-102	1.66042e-107	2.27642e-113	
Bramel	0	0	0	0	0	0	0	0	0	0	0	0	0	0	0	0	1	0	0	0	0	0	0	0	0	0	0	0	0	0	0	0	0	0	0	0	0	0	0	0	0	
Bratha	0	0	0	0	0	0	0	0	0	0	0	0	0	0	0	0	1	0	0	0	0	0	0	0	0	0	0	0	0	0	0	0	0	0	0	0	0	0	0	0	0	
N133	7.86598e-50	2.79096e-44	1.26985e-39	2.78087e-34	5.16605e-34	4.93905e-31	8.89517e-26	8.0894e-21	2.22694e-18	3.35399e-19	2.25367e-20	2.78085e-21	7.14455e-17	4.5578e-12	1.22765e-07	0.000982269	0.995875	0.0031412	1.21706e-06	1.36955e-10	6.39146e-15	1.5052e-19	2.09588e-24	1.68543e-27	8.49346e-31	9.60847e-33	3.08653e-36	1.91434e-38	4.1874e-42	1.45113e-44	2.24349e-48	4.2572e-51	4.21544e-55	4.09864e-58	1.50153e-63	1.6346e-67	3.42786e-73	2.00413e-77	2.63633e-83	2.85871e-87	1.15147e-90	
Bradra	0	0	0	0	0	0	0	0	0	0	0	0	0	0	0	0	1	0	0	0	0	0	0	0	0	0	0	0	0	0	0	0	0	0	0	0	0	0	0	0	0	
Bratra	0	0	0	0	0	0	0	0	0	0	0	0	0	0	0	0	1	0	0	0	0	0	0	0	0	0	0	0	0	0	0	0	0	0	0	0	0	0	0	0	0	
N134	7.53203e-44	8.55383e-39	1.17261e-34	6.35831e-30	3.20406e-30	6.72891e-28	2.4062e-23	5.83572e-19	7.85162e-17	8.26593e-18	4.02952e-19	3.60917e-20	5.50577e-16	2.09409e-11	3.3706e-07	0.00161723	0.993388	0.00499131	3.1457e-06	5.81652e-10	4.48929e-14	1.75837e-18	4.18899e-23	4.1472e-26	2.31669e-29	1.90585e-31	6.82199e-35	3.07998e-37	7.51891e-41	1.90181e-43	3.30432e-47	4.58069e-50	5.28785e-54	3.60149e-57	2.36857e-62	2.4583e-66	8.82644e-72	5.41612e-76	1.23128e-81	1.29988e-85	3.61149e-89	
Bragut	0	0	0	0	0	0	0	0	0	0	0	0	0	0	0	0	1	0	0	0	0	0	0	0	0	0	0	0	0	0	0	0	0	0	0	0	0	0	0	0	0	
Braven	0	0	0	0	0	0	0	0	0	0	0	0	0	0	0	0	1	0	0	0	0	0	0	0	0	0	0	0	0	0	0	0	0	0	0	0	0	0	0	0	0	
N135	2.45877e-37	8.8933e-33	7.74111e-29	1.31358e-24	2.51446e-24	4.78843e-22	4.0324e-18	1.23546e-14	2.23516e-13	1.37596e-15	6.94194e-17	1.91367e-17	8.07561e-14	8.76534e-10	4.01872e-06	0.0054821	0.973795	0.0206645	5.40984e-05	4.05292e-08	1.24094e-11	1.89495e-15	1.68023e-19	2.53631e-22	4.72102e-25	1.29613e-26	1.59612e-29	2.42996e-31	2.04876e-34	1.78208e-36	1.02536e-39	5.12338e-42	1.64223e-45	4.69968e-48	1.1716e-52	7.609e-56	1.15244e-60	3.74232e-64	3.7933e-69	1.20881e-72	9.30171e-76	
Brapum	0	0	0	0	0	0	0	0	0	0	0	0	0	0	0	0	1	0	0	0	0	0	0	0	0	0	0	0	0	0	0	0	0	0	0	0	0	0	0	0	0	
Bradam	0	0	0	0	0	0	0	0	0	0	0	0	0	0	0	0	1	0	0	0	0	0	0	0	0	0	0	0	0	0	0	0	0	0	0	0	0	0	0	0	0	
