NODE	1	2	3	4	5	6	7	8	9	10	11	12	13	14	15	16	17	18	19	20	21	22	23	24	25	26	27	28	29	30	31	32	33	34	35	36	37	38	39	40	41	
N1	3.27289e-40	2.26765e-37	1.41091e-34	7.28643e-32	3.07472e-29	1.04088e-26	2.7659e-24	5.6196e-22	8.45412e-20	9.04883e-18	6.5511e-16	3.00493e-14	8.0115e-13	1.10636e-11	6.78559e-11	0.509754	0.382811	0.107436	3.68413e-12	1.98439e-13	5.73891e-15	9.89821e-17	1.10291e-18	8.4397e-21	4.65126e-23	1.91706e-25	6.09159e-28	1.53002e-30	3.10141e-33	5.16332e-36	7.16628e-39	8.3993e-42	8.40681e-45	7.25616e-48	5.44773e-51	3.5849e-54	2.08186e-57	1.07347e-60	4.94178e-64	2.04123e-67	7.89156e-71	
N2	5.69262e-43	1.89377e-39	7.31088e-36	2.41572e-32	6.50497e-29	1.38935e-25	2.30128e-22	2.88719e-19	2.66976e-16	1.76059e-13	7.94804e-11	2.33082e-08	4.1399e-06	0.000403179	0.0184038	0.289859	0.45197	0.210746	0.027329	0.00125897	2.53992e-05	2.60628e-07	1.51503e-09	5.40522e-12	1.25855e-14	2.00721e-17	2.27972e-20	1.90366e-23	1.20022e-26	5.84307e-30	2.23897e-33	6.86539e-37	1.70901e-40	3.49765e-44	5.95126e-48	8.50279e-52	1.0292e-55	1.06392e-59	9.46172e-64	7.30141e-68	5.79104e-72	
N3	1.51779e-50	2.60102e-46	4.0066e-42	4.88681e-38	4.6384e-34	3.359e-30	1.81333e-26	7.09921e-23	1.95001e-19	3.6091e-16	4.27992e-13	3.05014e-10	1.20129e-07	2.33479e-05	0.00191129	0.0524957	0.35613	0.484932	0.0996922	0.00474171	7.30955e-05	4.61459e-07	1.40435e-09	2.31629e-12	2.25887e-15	1.39227e-18	5.71551e-22	1.62994e-25	3.34227e-29	5.07119e-33	5.83256e-37	5.19066e-41	3.63822e-45	2.03954e-49	9.26808e-54	3.45465e-58	1.06741e-62	2.75948e-67	6.01896e-72	1.11613e-76	1.91829e-81	
N4	3.08416e-49	4.15212e-45	5.15465e-41	5.05076e-37	3.83623e-33	2.21499e-29	9.50338e-26	2.94964e-22	6.41404e-19	9.39978e-16	8.85064e-13	5.04227e-10	1.60882e-07	2.59515e-05	0.00183971	0.0470412	0.330011	0.486889	0.125921	0.00809658	0.000173866	1.54225e-06	6.58313e-09	1.51291e-11	2.0378e-14	1.71817e-17	9.55461e-21	3.65556e-24	9.96294e-28	1.99119e-31	2.99072e-35	3.44725e-39	3.10487e-43	2.21975e-47	1.27711e-51	5.98513e-56	2.30943e-60	7.40756e-65	1.99207e-69	4.52853e-74	9.74565e-79	
B3088	0	0	0	0	0	0	0	0	0	0	0	0	0	0	0	0	0	1	0	0	0	0	0	0	0	0	0	0	0	0	0	0	0	0	0	0	0	0	0	0	0	
N5	1.6027e-43	6.29089e-40	2.46429e-36	7.8443e-33	1.99628e-29	3.99358e-26	6.15857e-23	7.15491e-20	6.09389e-17	3.68194e-14	1.51579e-11	4.04263e-09	6.54656e-07	5.9088e-05	0.00264372	0.0496461	0.307977	0.471711	0.153077	0.0143657	0.000511714	8.38256e-06	7.23118e-08	3.625e-10	1.13711e-12	2.36334e-15	3.40539e-18	3.52901e-21	2.7109e-24	1.58318e-27	7.18157e-31	2.5773e-34	7.43509e-38	1.74835e-41	3.39245e-45	5.49115e-49	7.48671e-53	8.67308e-57	8.60442e-61	7.36771e-65	6.36382e-69	
N6	6.06534e-42	4.6925e-41	3.76847e-40	2.83124e-39	1.97846e-38	1.27936e-37	7.61133e-37	4.13839e-36	2.04059e-35	9.04323e-35	3.56401e-34	1.23354e-33	3.69386e-33	9.40135e-33	1.99149e-32	2.63283e-12	3.66545e-06	0.999993	3.08756e-06	1.88731e-12	1.37087e-32	5.87462e-33	2.12294e-33	6.59411e-34	1.78896e-34	4.29643e-35	9.23817e-36	1.79554e-36	3.18045e-37	5.1704e-38	7.76172e-39	1.08171e-39	1.40614e-40	1.71207e-41	1.95979e-42	2.1161e-43	2.16178e-44	2.09515e-45	1.93119e-46	1.69761e-47	1.53847e-48	
BGA709	0	0	0	0	0	0	0	0	0	0	0	0	0	0	0	0	0	1	0	0	0	0	0	0	0	0	0	0	0	0	0	0	0	0	0	0	0	0	0	0	0	
BGA710	0	0	0	0	0	0	0	0	0	0	0	0	0	0	0	0	0	1	0	0	0	0	0	0	0	0	0	0	0	0	0	0	0	0	0	0	0	0	0	0	0	
BGA309	0	0	0	0	0	0	0	0	0	0	0	0	0	0	0	0	0	1	0	0	0	0	0	0	0	0	0	0	0	0	0	0	0	0	0	0	0	0	0	0	0	
N7	3.30709e-55	9.24088e-51	2.31168e-46	4.61896e-42	7.25824e-38	8.81191e-34	8.09473e-30	5.48891e-26	2.66692e-22	8.95399e-19	1.98573e-15	2.74678e-12	2.19893e-09	9.2082e-07	0.00017496	0.0122241	0.226336	0.645918	0.111931	0.00338486	3.073e-05	1.12417e-07	1.99036e-10	1.93093e-13	1.12207e-16	4.17512e-20	1.04746e-23	1.84598e-27	2.36255e-31	2.25692e-35	1.64665e-39	9.35603e-44	4.2094e-48	1.52138e-52	4.47285e-57	1.0815e-61	2.17151e-66	3.6518e-71	5.1828e-76	6.25043e-81	6.93367e-86	
N8	2.92606e-49	2.38242e-45	1.8327e-41	1.15602e-37	5.89637e-34	2.39412e-30	7.59903e-27	1.84578e-23	3.34533e-20	4.38837e-17	4.0136e-14	2.44198e-11	9.30299e-09	2.04664e-06	0.000232236	0.0114956	0.189537	0.638265	0.152603	0.00773002	0.000134418	1.04219e-06	4.23507e-09	1.00588e-11	1.50996e-14	1.51913e-17	1.07207e-20	5.50348e-24	2.11703e-27	6.25452e-31	1.449e-34	2.67956e-38	4.01647e-42	4.94568e-46	5.06198e-50	4.35172e-54	3.17167e-58	1.97619e-62	1.06061e-66	4.9372e-71	2.21285e-75	
N9	1.95081e-46	3.18974e-45	5.14677e-44	7.74233e-43	1.08038e-41	1.39066e-40	1.64063e-39	1.76064e-38	1.70349e-37	1.47028e-36	1.11744e-35	7.35925e-35	4.11519e-34	1.90277e-33	7.02064e-33	2.13026e-12	3.62784e-06	0.999993	3.31479e-06	1.79651e-12	6.13594e-33	1.61764e-33	3.42291e-34	6.0161e-35	9.01051e-36	1.17286e-36	1.34759e-37	1.38401e-38	1.28377e-39	1.08481e-40	8.41247e-42	6.02464e-43	4.0063e-44	2.4856e-45	1.44484e-46	7.89826e-48	4.07394e-49	1.9887e-50	9.21243e-52	4.05996e-53	1.77422e-54	
B11696	0	0	0	0	0	0	0	0	0	0	0	0	0	0	0	0	0	1	0	0	0	0	0	0	0	0	0	0	0	0	0	0	0	0	0	0	0	0	0	0	0	
B11697	0	0	0	0	0	0	0	0	0	0	0	0	0	0	0	0	0	1	0	0	0	0	0	0	0	0	0	0	0	0	0	0	0	0	0	0	0	0	0	0	0	
N10	3.14827e-82	4.73436e-76	5.38983e-70	4.44231e-64	2.6606e-58	1.15672e-52	3.62989e-47	8.13672e-42	1.28262e-36	1.39108e-31	1.00769e-26	4.68419e-22	1.32291e-17	2.10255e-13	1.68132e-09	5.6783e-06	0.00596336	0.988628	0.00539866	4.71221e-06	1.29356e-09	1.51284e-13	8.96086e-18	3.00215e-22	6.13542e-27	8.07222e-32	7.11244e-37	4.32126e-42	1.84974e-47	5.66504e-53	1.25405e-58	2.01762e-64	2.36138e-70	2.0025e-76	1.21869e-82	5.23471e-89	1.5457e-95	3.01213e-102	3.63122e-109	2.4274e-116	7.55878e-124	
B11609	0	0	0	0	0	0	0	0	0	0	0	0	0	0	0	0	0	1	0	0	0	0	0	0	0	0	0	0	0	0	0	0	0	0	0	0	0	0	0	0	0	
BGA392	0	0	0	0	0	0	0	0	0	0	0	0	0	0	0	0	0	1	0	0	0	0	0	0	0	0	0	0	0	0	0	0	0	0	0	0	0	0	0	0	0	
N11	9.37938e-66	7.16439e-61	1.14711e-55	1.42718e-50	1.35778e-45	9.69289e-41	5.07635e-36	1.89809e-31	4.90167e-27	8.39081e-23	9.04152e-19	5.73779e-15	1.96363e-11	3.21211e-08	2.11286e-05	0.00429992	0.17698	0.716567	0.100557	0.00156839	5.49103e-06	6.38209e-09	3.12864e-12	7.58129e-16	1.01532e-19	8.15787e-24	4.18574e-28	1.43997e-32	3.45298e-37	5.95628e-42	7.58486e-47	7.28559e-52	5.37494e-57	3.09275e-62	6.71558e-67	7.33417e-68	6.57298e-69	3.67153e-70	1.20805e-71	2.15905e-73	1.93875e-75	
N12	5.57643e-66	7.1828e-61	1.06113e-55	1.22745e-50	1.09447e-45	7.385e-41	3.68894e-36	1.32852e-31	3.34005e-27	5.63293e-23	6.06022e-19	3.89831e-15	1.37582e-11	2.36658e-08	1.67183e-05	0.00372471	0.168563	0.72487	0.10127	0.00154985	5.34156e-06	6.17617e-09	3.04892e-12	7.5288e-16	1.03882e-19	8.68571e-24	4.67975e-28	1.70458e-32	4.36092e-37	8.08283e-42	1.11338e-46	1.16424e-51	9.40817e-57	5.96708e-62	5.26624e-66	7.21898e-67	6.65945e-68	3.71865e-69	1.17675e-70	1.92143e-72	1.47449e-74	
N13	1.83528e-53	2.96662e-49	4.43497e-45	5.41212e-41	5.31519e-37	4.13394e-33	2.49913e-29	1.14882e-25	3.91185e-22	9.55915e-19	1.61205e-15	1.78569e-12	1.21844e-09	4.6956e-07	9.03603e-05	0.00719935	0.173286	0.680998	0.133661	0.0047122	5.24512e-05	2.47633e-07	5.92657e-10	8.09347e-13	6.85879e-16	3.83932e-19	1.48962e-22	4.16216e-26	8.63913e-30	1.36675e-33	1.68407e-37	1.64613e-41	1.29684e-45	8.34835e-50	4.44484e-54	1.97828e-58	7.4304e-63	2.3753e-67	6.51207e-72	1.5419e-76	3.4569e-81	
N14	1.26809e-45	1.77244e-44	2.47042e-43	3.21843e-42	3.9e-41	4.37242e-40	4.5077e-39	4.24287e-38	3.61555e-37	2.76137e-36	1.86722e-35	1.10107e-34	5.55488e-34	2.33887e-33	7.95136e-33	2.92541e-12	4.18333e-06	0.999992	3.88518e-06	2.54369e-12	7.25609e-33	2.0999e-33	4.93065e-34	9.6987e-35	1.63701e-35	2.41528e-36	3.16117e-37	3.71417e-38	3.95615e-39	3.85172e-40	3.45176e-41	2.86443e-42	2.21262e-43	1.59819e-44	1.08379e-45	6.92497e-47	4.18243e-48	2.39457e-49	1.303e-50	6.75531e-52	3.50137e-53	
B985	0	0	0	0	0	0	0	0	0	0	0	0	0	0	0	0	0	1	0	0	0	0	0	0	0	0	0	0	0	0	0	0	0	0	0	0	0	0	0	0	0	
B983	0	0	0	0	0	0	0	0	0	0	0	0	0	0	0	0	0	1	0	0	0	0	0	0	0	0	0	0	0	0	0	0	0	0	0	0	0	0	0	0	0	
N15	1.98662e-61	9.50779e-57	4.07496e-52	1.4268e-47	4.02655e-43	9.01817e-39	1.57435e-34	2.09739e-30	2.07908e-26	1.48721e-22	7.39198e-19	2.43377e-15	4.98805e-12	5.85121e-09	3.48664e-06	0.000879668	0.0688577	0.867426	0.0621015	0.000729291	2.6963e-06	4.26335e-09	3.44863e-12	1.60485e-15	4.66694e-19	9.017e-23	1.21342e-26	1.18063e-30	8.56102e-35	4.74366e-39	2.05114e-43	7.04565e-48	1.9523e-52	4.42231e-57	8.28479e-62	1.29687e-66	1.71179e-71	1.92276e-76	1.97823e-81	1.69955e-85	2.98748e-87	
N16	2.60137e-52	1.0263e-50	3.87242e-49	1.35987e-47	4.42268e-46	1.32458e-44	3.62917e-43	9.02586e-42	2.01874e-40	4.01498e-39	7.00234e-38	1.05221e-36	1.33137e-35	1.37519e-34	1.10956e-33	4.44666e-13	1.85031e-06	0.999996	1.74477e-06	3.99075e-13	1.06057e-33	1.30964e-34	1.26702e-35	1.00289e-36	6.69594e-38	3.85716e-39	1.95061e-40	8.77987e-42	3.5568e-43	1.3088e-44	4.40835e-46	1.36806e-47	3.93364e-49	1.05308e-50	2.63599e-52	6.19255e-54	1.36986e-55	2.86183e-57	5.66133e-59	1.063e-60	1.93083e-62	
B199	0	0	0	0	0	0	0	0	0	0	0	0	0	0	0	0	0	1	0	0	0	0	0	0	0	0	0	0	0	0	0	0	0	0	0	0	0	0	0	0	0	
BGAA3	0	0	0	0	0	0	0	0	0	0	0	0	0	0	0	0	0	1	0	0	0	0	0	0	0	0	0	0	0	0	0	0	0	0	0	0	0	0	0	0	0	
N17	2.57692e-52	1.0175e-50	3.84223e-49	1.35033e-47	4.39507e-46	1.31732e-44	3.61201e-43	8.98982e-42	2.01214e-40	4.00468e-39	6.98915e-38	1.05092e-36	1.33057e-35	1.37516e-34	1.11013e-33	8.92251e-13	2.61937e-06	0.999995	2.46984e-06	8.00704e-13	1.061e-33	1.30946e-34	1.26609e-35	1.00152e-36	6.68231e-38	3.84665e-39	1.9439e-40	8.7433e-42	3.53934e-43	1.30139e-44	4.38001e-46	1.3582e-47	3.90221e-49	1.04383e-50	2.61073e-52	6.12824e-54	1.35452e-55	2.82746e-57	5.58871e-59	1.04849e-60	1.90286e-62	
B11604	0	0	0	0	0	0	0	0	0	0	0	0	0	0	0	0	0	1	0	0	0	0	0	0	0	0	0	0	0	0	0	0	0	0	0	0	0	0	0	0	0	
BGA583	0	0	0	0	0	0	0	0	0	0	0	0	0	0	0	0	0	1	0	0	0	0	0	0	0	0	0	0	0	0	0	0	0	0	0	0	0	0	0	0	0	
N18	1.75952e-58	6.56106e-54	2.18811e-49	5.90156e-45	1.26889e-40	2.13933e-36	2.77434e-32	2.70504e-28	1.92962e-24	9.74197e-21	3.34065e-17	7.38509e-14	9.83126e-11	7.18493e-08	2.52648e-05	0.00349434	0.135232	0.748329	0.110435	0.00246812	1.59626e-05	4.14363e-08	5.24394e-11	3.67683e-14	1.56291e-17	4.30485e-21	8.08614e-25	1.07847e-28	1.05518e-32	7.77936e-37	4.41991e-41	1.97236e-45	7.02638e-50	2.02655e-54	4.79058e-59	9.382e-64	1.53676e-68	2.12316e-73	2.49282e-78	2.50426e-83	2.31384e-88	
N19	3.29485e-47	5.90356e-46	1.04165e-44	1.71726e-43	2.63237e-42	3.73177e-41	4.86211e-40	5.7797e-39	6.21445e-38	5.98141e-37	5.08857e-36	3.76615e-35	2.37635e-34	1.24458e-33	5.89097e-16	2.79527e-10	4.25966e-05	0.999917	3.99552e-05	2.47877e-10	4.97215e-16	1.15793e-33	2.1996e-34	3.47823e-35	4.69961e-36	5.53425e-37	5.76878e-38	5.38942e-39	4.55892e-40	3.52154e-41	2.50192e-42	1.64496e-43	1.00621e-44	5.75294e-46	3.08702e-47	1.56031e-48	7.45274e-50	3.37377e-51	1.45129e-52	5.94683e-54	2.41297e-55	
BGA89	0	0	0	0	0	0	0	0	0	0	0	0	0	0	0	0	0	1	0	0	0	0	0	0	0	0	0	0	0	0	0	0	0	0	0	0	0	0	0	0	0	
BGA40	0	0	0	0	0	0	0	0	0	0	0	0	0	0	0	0	0	1	0	0	0	0	0	0	0	0	0	0	0	0	0	0	0	0	0	0	0	0	0	0	0	
N20	5.45366e-60	2.45242e-55	9.80644e-51	3.17951e-46	8.24152e-42	1.68029e-37	2.64384e-33	3.13902e-29	2.73756e-25	1.69711e-21	7.18094e-18	1.96948e-14	3.27255e-11	3.00532e-08	1.3373e-05	0.00235447	0.115801	0.780047	0.099942	0.00183163	9.60078e-06	2.01883e-08	2.07539e-11	1.18644e-14	4.12767e-18	9.33984e-22	1.44626e-25	1.59533e-29	1.29482e-33	7.94132e-38	3.76324e-42	1.40409e-46	4.19175e-51	1.01534e-55	2.01979e-60	3.33511e-65	4.61427e-70	5.39393e-75	5.3672e-80	4.57669e-85	3.57808e-90	
N21	8.41683e-49	1.93531e-47	4.3345e-46	9.06167e-45	1.75973e-43	3.15688e-42	5.19839e-41	7.79867e-40	1.05644e-38	1.27842e-37	1.36388e-36	1.26167e-35	9.90606e-35	6.41567e-34	3.29372e-33	1.92102e-12	3.63163e-06	0.999993	3.42378e-06	1.72273e-12	3.14553e-33	6.1063e-34	9.42713e-35	1.2034e-35	1.30622e-36	1.23117e-37	1.02423e-38	7.61891e-40	5.1216e-41	3.13872e-42	1.76664e-43	9.19043e-45	4.44306e-46	2.00563e-47	8.48886e-49	3.3813e-50	1.27169e-51	4.52919e-53	1.53163e-54	4.9299e-56	1.55795e-57	
BGAA2	0	0	0	0	0	0	0	0	0	0	0	0	0	0	0	0	0	1	0	0	0	0	0	0	0	0	0	0	0	0	0	0	0	0	0	0	0	0	0	0	0	
BGAA1	0	0	0	0	0	0	0	0	0	0	0	0	0	0	0	0	0	1	0	0	0	0	0	0	0	0	0	0	0	0	0	0	0	0	0	0	0	0	0	0	0	
N22	4.49669e-49	1.0931e-47	2.58236e-46	5.69235e-45	1.16509e-43	3.88151e-65	9.0161e-58	5.66667e-51	1.52293e-44	2.05045e-38	1.48701e-32	5.92265e-27	1.27956e-21	1.43443e-16	7.63152e-12	1.65134e-07	0.00107583	0.997913	0.00101094	1.47321e-07	6.5112e-12	1.17625e-16	1.01195e-21	4.5289e-27	1.10155e-32	1.47368e-38	1.06321e-44	3.84665e-51	5.95587e-58	2.4969e-65	1.15762e-43	5.71275e-45	2.61886e-46	1.1206e-47	4.49449e-49	1.69599e-50	6.04108e-52	2.03725e-53	6.52192e-55	1.98686e-56	5.93257e-58	
BGA584	0	0	0	0	0	0	0	0	0	0	0	0	0	0	0	0	0	1	0	0	0	0	0	0	0	0	0	0	0	0	0	0	0	0	0	0	0	0	0	0	0	
BGA706	0	0	0	0	0	0	0	0	0	0	0	0	0	0	0	0	0	1	0	0	0	0	0	0	0	0	0	0	0	0	0	0	0	0	0	0	0	0	0	0	0	
N23	1.6025e-51	1.81855e-47	1.92549e-43	1.67258e-39	1.17563e-35	6.58268e-32	2.88345e-28	9.67295e-25	2.42301e-21	4.3957e-18	5.56212e-15	4.68184e-12	2.4654e-09	7.47844e-07	0.000116321	0.00778747	0.16809	0.67648	0.141694	0.00575284	7.73442e-05	4.55462e-07	1.39177e-09	2.47079e-12	2.76158e-15	2.06334e-18	1.07947e-21	4.10302e-25	1.16756e-28	2.55007e-32	4.36531e-36	5.96257e-40	6.59939e-44	5.99871e-48	4.53129e-52	2.87429e-56	1.54535e-60	7.10124e-65	2.81005e-69	9.64177e-74	3.15421e-78	
N24	2.83171e-47	5.29587e-46	9.71378e-45	1.66095e-43	2.63436e-42	3.85395e-41	5.16696e-40	6.30036e-39	6.92461e-38	6.78631e-37	5.85263e-36	5.46194e-30	8.39051e-24	3.71842e-18	5.60818e-13	2.75148e-08	0.000422224	0.999186	0.000391354	2.38768e-08	4.59548e-13	2.89548e-18	6.23801e-24	3.89091e-30	5.13385e-36	5.93935e-37	6.05762e-38	5.51732e-39	4.53529e-40	3.39433e-41	2.33027e-42	1.47682e-43	8.68778e-45	4.76689e-46	2.44986e-47	1.18374e-48	5.39547e-50	2.32682e-51	9.51979e-53	3.70431e-54	1.42246e-55	
BGA304	0	0	0	0	0	0	0	0	0	0	0	0	0	0	0	0	0	1	0	0	0	0	0	0	0	0	0	0	0	0	0	0	0	0	0	0	0	0	0	0	0	
BGA303	0	0	0	0	0	0	0	0	0	0	0	0	0	0	0	0	0	1	0	0	0	0	0	0	0	0	0	0	0	0	0	0	0	0	0	0	0	0	0	0	0	
N25	3.58432e-47	6.54045e-46	1.17201e-44	1.9583e-43	3.0359e-42	4.34247e-41	5.69413e-40	6.79336e-39	7.30854e-38	7.01469e-37	5.92831e-36	4.34023e-35	2.69595e-34	1.38246e-33	5.63871e-33	1.01787e-12	2.55199e-06	0.999995	2.37001e-06	8.86208e-13	5.16069e-33	1.24662e-33	2.40612e-34	3.84724e-35	5.23332e-36	6.18024e-37	6.43797e-38	5.9919e-39	5.0351e-40	3.85372e-41	2.7064e-42	1.75506e-43	1.05672e-44	5.93567e-46	3.12355e-47	1.54566e-48	7.21628e-50	3.18815e-51	1.33647e-52	5.32909e-54	2.09904e-55	
BGAB1	0	0	0	0	0	0	0	0	0	0	0	0	0	0	0	0	0	1	0	0	0	0	0	0	0	0	0	0	0	0	0	0	0	0	0	0	0	0	0	0	0	
BGA7	0	0	0	0	0	0	0	0	0	0	0	0	0	0	0	0	0	1	0	0	0	0	0	0	0	0	0	0	0	0	0	0	0	0	0	0	0	0	0	0	0	
N26	1.035e-38	4.57117e-38	2.21311e-37	1.00835e-36	4.28211e-36	1.68664e-35	6.12959e-35	2.04327e-34	6.20636e-34	1.70507e-33	4.20189e-33	9.20417e-33	1.77456e-32	2.98095e-32	1.20539e-14	1.64202e-09	8.78106e-05	0.999853	5.88328e-05	7.45698e-10	3.78761e-15	7.66187e-33	3.44705e-33	1.3874e-33	5.03687e-34	1.66169e-34	5.01495e-35	1.39285e-35	3.5792e-36	8.5505e-37	1.90718e-37	3.98723e-38	7.84064e-39	1.45483e-39	2.55448e-40	4.25571e-41	6.74317e-42	1.01845e-42	1.46924e-43	2.03225e-44	3.02566e-45	
PGA445	0	0	0	0	0	0	0	0	0	0	0	0	0	0	0	0	0	1	0	0	0	0	0	0	0	0	0	0	0	0	0	0	0	0	0	0	0	0	0	0	0	
PGA363	0	0	0	0	0	0	0	0	0	0	0	0	0	0	0	0	0	1	0	0	0	0	0	0	0	0	0	0	0	0	0	0	0	0	0	0	0	0	0	0	0	
N27	7.16541e-49	5.78193e-44	3.6234e-39	1.56944e-34	4.52608e-30	8.30057e-26	9.14293e-22	5.63729e-18	1.78975e-14	2.6743e-11	1.73731e-08	4.65245e-06	0.000491786	0.0190003	0.226644	0.580722	0.167021	0.00609546	2.02896e-05	1.68842e-08	5.35862e-12	8.13422e-16	6.7899e-20	3.42358e-24	1.11508e-28	2.46639e-33	3.85006e-38	4.37222e-43	3.70133e-48	2.38283e-53	1.18618e-58	4.63385e-64	1.44309e-69	3.87394e-75	5.13369e-77	2.83494e-77	2.61742e-77	1.66499e-77	5.10177e-78	5.72367e-79	2.10651e-80	
N28	2.66593e-27	4.19462e-24	6.87184e-21	7.84488e-18	5.87366e-15	2.75121e-12	7.6396e-10	1.18225e-07	9.52709e-06	0.00037395	0.00679523	0.0560781	0.210906	0.361676	0.274165	0.0825565	0.00729681	0.000141411	8.19724e-07	2.14792e-09	3.06847e-12	2.6613e-15	1.50457e-18	5.83632e-22	1.61537e-25	3.29091e-29	5.06191e-33	6.01724e-37	1.01387e-40	1.14561e-42	1.9586e-44	2.26121e-46	1.73076e-48	8.7077e-51	2.90469e-53	6.68596e-56	1.14462e-58	1.59239e-61	1.93092e-64	2.12113e-67	2.3441e-70	
Rhaspe	0	0	0	0	0	0	0	0	0	1	0	0	0	0	0	0	0	0	0	0	0	0	0	0	0	0	0	0	0	0	0	0	0	0	0	0	0	0	0	0	0	
N29	4.8555e-24	3.12847e-21	2.15066e-18	1.07348e-15	3.68352e-13	8.34008e-11	1.18876e-08	1.01e-06	4.81127e-05	0.00120634	0.015078	0.0909796	0.26177	0.354526	0.217425	0.0545098	0.00435937	9.61096e-05	8.31266e-07	3.67878e-09	9.6288e-12	1.62985e-14	1.89596e-17	1.58423e-20	9.83456e-24	4.65794e-27	1.71981e-30	5.03881e-34	1.18903e-37	2.28852e-41	3.63166e-45	4.96502e-49	1.08695e-50	4.67929e-51	1.33267e-51	2.44591e-52	2.85519e-53	2.09424e-54	9.45866e-56	2.54303e-57	4.53217e-59	
Rhamar	0	0	0	0	0	0	0	0	0	1	0	0	0	0	0	0	0	0	0	0	0	0	0	0	0	0	0	0	0	0	0	0	0	0	0	0	0	0	0	0	0	
Rhatem	0	0	0	0	0	0	0	0	0	0	1	0	0	0	0	0	0	0	0	0	0	0	0	0	0	0	0	0	0	0	0	0	0	0	0	0	0	0	0	0	0	
N30	2.28252e-46	3.74697e-43	5.11409e-40	4.73175e-37	2.13365e-34	7.7791e-32	2.55438e-27	8.83795e-23	1.66059e-18	1.53691e-14	6.19026e-11	9.37052e-08	4.53867e-05	0.0058251	0.154146	0.597907	0.231445	0.0105638	6.69826e-05	9.15745e-08	3.80649e-11	6.13896e-15	4.56661e-19	1.77516e-23	3.95258e-28	5.39778e-33	4.75938e-38	2.82548e-43	3.87635e-48	3.09195e-51	1.56945e-54	3.81453e-55	1.21777e-54	2.17008e-54	2.04445e-54	9.76963e-55	2.36923e-55	3.0267e-56	2.15396e-57	9.20957e-59	2.73762e-60	
N31	2.97579e-49	1.49199e-44	6.169e-40	1.89475e-35	4.21214e-31	6.56765e-27	6.90844e-23	4.66755e-19	1.90075e-15	4.28524e-12	4.75357e-09	2.19183e-06	0.000335582	0.0155836	0.197122	0.542299	0.228981	0.0154623	0.000214011	8.60554e-07	1.3167e-09	9.24497e-13	3.39835e-16	7.19928e-20	9.44936e-24	8.12786e-28	4.79e-32	2.00492e-36	6.13873e-41	1.40907e-45	2.47521e-50	3.38621e-55	3.66206e-60	3.17499e-65	2.71315e-69	1.10711e-70	3.18391e-72	5.65465e-74	5.82211e-76	3.31263e-78	2.71821e-80	
N32	1.17747e-36	6.21432e-33	3.04253e-29	1.13995e-25	3.18131e-22	6.41122e-19	8.97721e-16	8.31323e-13	4.76807e-10	1.54562e-07	2.47041e-05	0.00156316	0.0282508	0.176822	0.406837	0.317523	0.0656916	0.00323497	5.17579e-05	3.52771e-07	1.21775e-09	2.39224e-12	2.90656e-15	2.32432e-18	1.28366e-21	5.08701e-25	1.49227e-28	3.32507e-32	5.75084e-36	7.86422e-40	8.63928e-44	7.73031e-48	5.70263e-52	3.50554e-56	1.81286e-60	7.95412e-65	2.98366e-69	9.63445e-74	2.69484e-78	6.56969e-83	1.56056e-87	
N33	3.02438e-38	1.59173e-37	8.86895e-37	4.55986e-36	2.14199e-35	9.12506e-35	3.49587e-34	1.19286e-33	3.58552e-33	9.37537e-33	2.10277e-32	3.98405e-32	6.27759e-32	8.10992e-32	2.919e-11	1.19081e-05	0.999984	4.52172e-06	4.32964e-12	5.49565e-33	1.92784e-33	5.92574e-34	1.61532e-34	3.94594e-35	8.71672e-36	1.75502e-36	3.24274e-37	5.53167e-38	8.75812e-39	1.29304e-39	1.78759e-40	2.32273e-41	2.84617e-42	3.2989e-43	3.62671e-44	3.79119e-45	3.77702e-46	3.59369e-47	3.27179e-48	2.85675e-49	2.58553e-50	
FGA379	0	0	0	0	0	0	0	0	0	0	0	0	0	0	0	0	1	0	0	0	0	0	0	0	0	0	0	0	0	0	0	0	0	0	0	0	0	0	0	0	0	
F647	0	0	0	0	0	0	0	0	0	0	0	0	0	0	0	0	1	0	0	0	0	0	0	0	0	0	0	0	0	0	0	0	0	0	0	0	0	0	0	0	0	
N34	1.50196e-32	6.62299e-29	2.66613e-25	7.97837e-22	1.71658e-18	2.55485e-15	2.50498e-12	1.51789e-09	5.21081e-07	8.94174e-05	0.00630815	0.129512	0.402595	0.34679	0.103071	0.0112066	0.000421927	5.36659e-06	2.84682e-08	7.56407e-11	1.14143e-13	1.06804e-16	6.60779e-20	2.83835e-23	8.79604e-27	2.02842e-30	3.57059e-34	4.90117e-38	5.342e-42	4.69586e-46	3.37445e-50	2.0059e-54	9.96718e-59	4.1785e-63	1.49034e-67	4.56964e-72	1.28505e-76	5.40717e-81	5.97102e-85	7.91074e-89	9.81834e-93	
N35	1.44748e-37	3.14718e-33	5.72077e-29	7.45297e-25	6.7144e-21	4.00008e-17	1.48616e-13	3.1796e-10	3.49306e-07	0.000164588	0.0238472	0.432985	0.445572	0.0929169	0.00445258	6.07194e-05	2.71095e-07	4.63814e-10	3.63478e-13	1.49657e-16	3.57594e-20	5.33467e-24	5.2504e-28	3.5576e-32	1.71635e-36	6.05694e-41	1.59808e-45	3.20949e-50	5.02332e-54	5.80795e-54	4.63674e-54	2.19438e-54	5.72678e-55	7.36919e-56	3.8927e-57	6.1075e-59	1.70845e-61	1.91126e-64	1.8585e-67	1.65147e-70	1.43082e-73	
N36	9.55499e-41	6.88292e-36	3.91556e-31	1.51458e-26	3.80563e-22	5.86411e-18	5.13383e-14	2.29859e-10	4.51923e-07	0.000307437	0.0474817	0.642222	0.290908	0.0188525	0.000227405	6.64922e-07	5.8635e-10	1.9483e-13	2.96075e-17	2.36589e-21	1.09808e-25	3.18378e-30	6.09205e-35	8.02636e-40	7.52889e-45	5.16443e-50	2.64726e-55	1.03292e-60	3.31542e-64	8.62397e-65	1.42834e-65	1.61687e-65	7.26008e-63	1.43978e-60	9.27362e-59	1.35967e-57	2.45649e-57	8.20065e-58	1.21027e-58	9.11713e-60	9.85329e-61	
N37	3.95547e-39	3.3493e-38	2.83493e-37	2.17017e-36	1.48495e-35	8.96305e-35	4.69413e-34	2.08849e-33	7.44599e-13	1.97642e-06	0.999991	6.59163e-06	7.19013e-12	5.45584e-32	2.67404e-32	9.96264e-33	2.95744e-33	7.2462e-34	1.50515e-34	2.70598e-35	4.28033e-36	6.03651e-37	7.67322e-38	8.87144e-39	9.40085e-40	9.19065e-41	8.33671e-42	7.05114e-43	5.58508e-44	4.15888e-45	2.92141e-46	1.94183e-47	1.22473e-48	7.34802e-50	4.20333e-51	2.29729e-52	1.20191e-53	6.03005e-55	2.90588e-56	1.34755e-57	6.32199e-59	
F3016	0	0	0	0	0	0	0	0	0	0	1	0	0	0	0	0	0	0	0	0	0	0	0	0	0	0	0	0	0	0	0	0	0	0	0	0	0	0	0	0	0	
F3015	0	0	0	0	0	0	0	0	0	0	1	0	0	0	0	0	0	0	0	0	0	0	0	0	0	0	0	0	0	0	0	0	0	0	0	0	0	0	0	0	0	
N38	1.94245e-41	1.77615e-36	1.27008e-31	6.14873e-27	1.9239e-22	3.66614e-18	3.92777e-14	2.116e-10	4.86516e-07	0.000368465	0.0582361	0.713847	0.220269	0.00724147	3.73639e-05	4.44913e-08	1.70968e-11	2.74671e-15	2.19785e-19	9.86627e-24	2.70268e-28	4.80497e-33	5.80838e-38	4.94886e-43	3.05718e-48	1.40049e-53	4.84432e-59	1.28382e-64	2.66465e-70	4.65133e-73	3.52133e-70	8.15286e-67	8.33477e-64	3.20761e-61	3.63898e-59	7.95875e-58	1.16822e-57	1.78486e-58	1.1644e-59	4.97046e-61	1.92585e-62	
N39	1.61427e-41	1.22854e-36	7.43167e-32	3.14735e-27	8.95582e-23	1.62396e-18	1.74767e-14	1.01039e-10	2.70628e-07	0.000263924	0.0591197	0.762844	0.174476	0.00328616	9.74399e-06	7.99585e-09	2.55467e-12	3.90527e-16	3.26644e-20	1.64043e-24	5.29134e-29	1.15315e-33	1.76562e-38	1.95874e-43	1.61377e-48	1.00735e-53	4.84271e-59	1.81713e-64	5.38096e-70	6.37889e-75	6.41198e-76	4.87903e-77	2.10269e-78	4.6439e-80	4.51608e-82	1.53058e-84	1.36702e-87	4.34694e-91	7.65782e-95	1.08317e-98	1.49936e-102	
N40	1.85549e-48	2.5991e-43	1.3295e-37	4.48025e-32	9.5292e-27	1.20674e-21	8.3818e-17	2.83126e-12	3.85596e-08	0.000153599	0.0925409	0.860133	0.0470645	0.000107861	3.39545e-08	2.91388e-12	9.64914e-17	1.5089e-21	1.26708e-26	6.23356e-32	1.91066e-37	3.91569e-43	1.49682e-46	5.7158e-49	2.3841e-52	3.98499e-56	5.14446e-60	5.64047e-64	5.31627e-68	4.33852e-72	3.0844e-76	1.92028e-80	1.05164e-84	5.08686e-89	2.33706e-93	8.34618e-97	1.24871e-99	9.85978e-103	4.71866e-106	1.57326e-109	4.21826e-113	
N41	5.34847e-43	2.02608e-40	4.73802e-35	7.42802e-30	7.31165e-25	4.29513e-20	1.39884e-15	2.26326e-11	1.52957e-07	0.000319421	0.110962	0.84454	0.0440552	0.000123286	5.63941e-08	7.87772e-12	4.59279e-16	1.33604e-20	2.1688e-25	2.11692e-30	1.30801e-35	5.3064e-41	5.82815e-45	1.74712e-46	6.03618e-49	2.75022e-52	8.63901e-56	2.2968e-59	5.26475e-63	1.07941e-63	2.4669e-62	3.81562e-61	3.74521e-60	2.11899e-59	5.88149e-59	5.76688e-59	6.24403e-60	2.85638e-61	3.77695e-62	2.98228e-62	2.95828e-62	
N42	4.75555e-40	5.31109e-39	5.79241e-38	5.6845e-37	4.95774e-36	3.78559e-35	2.48265e-34	1.36332e-33	1.5959e-12	2.98607e-06	0.999987	1.03477e-05	1.30213e-11	2.32301e-32	7.1745e-33	1.69474e-33	3.22569e-34	5.1271e-35	6.98383e-36	8.31339e-37	8.78114e-38	8.33142e-39	7.17173e-40	5.64782e-41	4.09773e-42	2.75566e-43	1.72658e-44	1.01252e-45	5.57972e-47	2.89972e-48	1.42565e-49	6.6499e-51	2.95041e-52	1.24804e-53	5.04398e-55	1.95148e-56	7.24075e-58	2.58306e-59	9.129e-61	5.8512e-62	3.07757e-62	
F1476	0	0	0	0	0	0	0	0	0	0	1	0	0	0	0	0	0	0	0	0	0	0	0	0	0	0	0	0	0	0	0	0	0	0	0	0	0	0	0	0	0	
FGA81	0	0	0	0	0	0	0	0	0	0	1	0	0	0	0	0	0	0	0	0	0	0	0	0	0	0	0	0	0	0	0	0	0	0	0	0	0	0	0	0	0	
N43	3.05504e-44	5.33935e-39	7.14492e-34	6.59591e-29	4.02878e-24	1.54111e-19	3.42564e-15	3.97715e-11	2.05051e-07	0.00035679	0.118667	0.822092	0.0584504	0.000432473	4.6048e-07	1.41704e-10	1.76315e-14	1.0753e-18	3.63752e-23	7.43332e-28	9.7618e-33	8.62989e-38	5.32242e-43	2.35488e-48	7.64176e-54	1.85282e-59	3.45429e-65	6.03551e-71	1.09962e-73	4.29933e-71	3.21407e-67	1.0843e-63	1.4402e-60	6.10603e-58	5.79575e-56	6.20047e-55	1.48265e-55	5.66905e-57	1.8508e-58	5.79482e-60	1.79867e-61	
Furcep	0	0	0	0	0	0	0	0	0	0	0	0	0	1	0	0	0	0	0	0	0	0	0	0	0	0	0	0	0	0	0	0	0	0	0	0	0	0	0	0	0	
N44	1.24872e-39	7.46264e-35	3.51223e-30	1.14906e-25	2.50465e-21	3.4427e-17	2.77051e-13	1.17553e-09	2.24618e-06	0.00148672	0.20147	0.75766	0.0391635	0.000216591	2.68226e-07	1.19707e-10	2.46964e-14	2.73917e-18	1.80647e-22	7.60968e-27	2.1594e-31	4.30001e-36	6.20482e-41	6.65734e-46	5.42345e-51	3.41282e-56	1.68257e-61	6.57568e-67	2.05695e-72	3.97915e-77	1.45293e-77	4.00368e-78	6.88151e-79	6.82409e-80	3.42902e-81	6.77485e-83	2.48411e-85	9.76082e-89	2.54091e-92	5.94383e-96	1.33222e-99	
Furpol	0	0	0	0	0	0	0	0	0	0	0	1	0	0	0	0	0	0	0	0	0	0	0	0	0	0	0	0	0	0	0	0	0	0	0	0	0	0	0	0	0	
N45	1.0981e-35	3.07952e-31	6.85692e-27	1.06858e-22	1.11323e-18	7.30704e-15	2.7907e-11	5.54172e-08	4.82189e-05	0.0137215	0.684074	0.297025	0.00511517	1.63263e-05	1.738e-08	8.19624e-12	2.02433e-15	2.92431e-19	2.67211e-23	1.63732e-27	7.03859e-32	2.20051e-36	5.15186e-41	9.25431e-46	1.30178e-50	1.45917e-55	1.32302e-60	9.83086e-66	6.05546e-71	3.12338e-76	1.36121e-81	5.05281e-87	1.60908e-92	4.42468e-98	1.05682e-103	2.20422e-109	4.03425e-115	6.50835e-121	9.2961e-127	1.18352e-132	1.42351e-138	
N46	1.33439e-36	5.10556e-32	1.52754e-27	3.18846e-23	4.4294e-19	3.85142e-15	1.92849e-11	4.93486e-08	5.3628e-05	0.0178702	0.880016	0.101374	0.000685799	1.07032e-06	6.16258e-10	1.66733e-13	2.45719e-17	2.1788e-21	1.2485e-25	4.87862e-30	1.35555e-34	2.76932e-39	4.27499e-44	5.10107e-49	4.79581e-54	3.61102e-59	2.20839e-64	1.11049e-69	4.64098e-75	1.62745e-80	4.85993e-86	1.80319e-91	9.71436e-96	1.38865e-99	1.85329e-103	2.25633e-107	2.51285e-111	2.56724e-115	2.41223e-119	2.08953e-123	1.70155e-127	
N47	3.6391e-43	1.03143e-41	2.69993e-40	6.25206e-39	1.26033e-37	2.1661e-36	3.08579e-35	2.75579e-16	1.80498e-10	3.68567e-05	0.999897	6.65951e-05	4.60949e-10	8.90799e-16	1.36922e-34	1.14216e-35	7.6964e-37	4.34037e-38	2.10131e-39	8.90195e-41	3.34939e-42	1.13263e-43	3.47583e-45	9.75821e-47	2.52326e-48	6.04423e-50	1.34793e-51	2.81071e-53	5.5009e-55	1.01384e-56	1.76487e-58	2.90944e-60	4.55288e-62	6.77753e-64	9.61613e-66	1.30265e-67	1.68751e-69	2.09354e-71	2.49059e-73	2.8447e-75	3.15592e-77	
F2241	0	0	0	0	0	0	0	0	0	0	1	0	0	0	0	0	0	0	0	0	0	0	0	0	0	0	0	0	0	0	0	0	0	0	0	0	0	0	0	0	0	
F12266	0	0	0	0	0	0	0	0	0	0	1	0	0	0	0	0	0	0	0	0	0	0	0	0	0	0	0	0	0	0	0	0	0	0	0	0	0	0	0	0	0	
Furang	0	0	0	0	0	0	0	0	0	0	1	0	0	0	0	0	0	0	0	0	0	0	0	0	0	0	0	0	0	0	0	0	0	0	0	0	0	0	0	0	0	
Fga490	0	0	0	0	0	0	0	0	0	0	1	0	0	0	0	0	0	0	0	0	0	0	0	0	0	0	0	0	0	0	0	0	0	0	0	0	0	0	0	0	0	
N48	2.28884e-43	3.54095e-38	4.13265e-33	3.33304e-28	1.77375e-23	5.86509e-19	1.11109e-14	1.07513e-10	4.46573e-07	0.000594408	0.140391	0.841948	0.017036	2.97373e-05	1.26473e-08	2.0015e-12	1.4829e-16	5.93794e-21	1.41727e-25	2.16417e-30	2.23005e-35	1.61632e-40	8.51682e-46	3.35131e-51	1.00682e-56	2.35242e-62	4.34194e-68	6.41541e-74	7.67497e-80	7.50749e-86	6.05556e-92	4.05732e-98	2.27252e-104	1.06992e-110	4.25431e-117	1.4384e-123	5.80935e-130	1.30827e-135	4.28007e-141	9.51284e-147	1.57669e-152	
N49	2.45076e-42	2.72811e-37	2.33959e-32	1.38584e-27	5.43732e-23	1.33751e-18	1.9141e-14	1.43264e-10	4.76926e-07	0.000537402	0.117901	0.862142	0.0193767	4.24246e-05	2.34291e-08	4.92116e-12	4.9206e-16	2.69314e-20	8.86592e-25	1.8777e-29	2.68947e-34	2.70674e-39	1.97214e-44	1.06519e-49	4.3465e-55	1.36045e-60	3.30615e-66	6.29818e-72	9.47388e-78	1.14335e-83	4.50628e-86	1.05836e-86	1.48671e-87	1.1463e-88	4.23188e-90	5.86508e-92	1.79262e-94	2.37766e-98	2.26231e-102	1.94494e-106	1.56569e-110	
N50	6.44087e-48	2.46746e-42	6.94112e-37	1.33593e-31	1.68754e-26	1.32433e-21	5.99147e-17	1.40544e-12	1.45701e-08	5.12562e-05	0.0363955	0.92391	0.0395115	0.000131376	5.64238e-08	7.05249e-12	3.6114e-16	9.16372e-21	1.30017e-25	1.12069e-30	6.2307e-36	2.33673e-41	6.11796e-47	1.14852e-52	1.57883e-58	1.61579e-64	1.24719e-70	7.33373e-77	4.66188e-83	2.15008e-81	5.21686e-78	5.98553e-75	2.84477e-72	4.59374e-70	1.81987e-68	9.51844e-68	1.70491e-68	1.84458e-70	1.69415e-72	1.48558e-74	1.25946e-76	
N51	3.72952e-44	4.79379e-39	4.75101e-34	3.3039e-29	1.55125e-24	4.67698e-20	8.46387e-16	8.36375e-12	3.92039e-08	6.93076e-05	0.0298465	0.938606	0.0313885	8.98226e-05	5.96244e-08	1.43413e-11	1.5921e-15	9.4713e-20	3.3372e-24	7.47776e-29	1.12315e-33	1.17716e-38	8.88355e-44	4.94875e-49	2.07601e-54	6.66447e-60	1.65854e-65	3.23293e-71	4.97638e-77	2.06587e-81	6.92507e-82	1.48388e-82	1.84543e-83	1.20256e-84	3.65538e-86	1.29046e-87	4.17313e-89	3.47206e-91	2.31687e-93	1.45278e-95	8.67045e-98	
N52	6.43801e-42	4.12816e-37	2.09779e-32	7.67098e-28	1.94302e-23	3.24727e-19	3.35842e-15	1.96838e-11	5.75362e-08	6.85668e-05	0.0231738	0.953403	0.0232855	6.92984e-05	5.84394e-08	2.00665e-11	3.43179e-15	3.32191e-19	1.98767e-23	7.8394e-28	2.13983e-32	4.19964e-37	6.1104e-42	6.75803e-47	5.80076e-52	3.93234e-57	2.13682e-62	9.42692e-68	3.41377e-73	1.02451e-78	2.56993e-84	5.49168e-90	1.84602e-95	1.04468e-99	1.08814e-103	1.03494e-107	8.88663e-112	6.91921e-116	6.82178e-120	2.05307e-122	2.01743e-124	
FGA456	0	0	0	0	0	0	0	0	0	0	0	1	0	0	0	0	0	0	0	0	0	0	0	0	0	0	0	0	0	0	0	0	0	0	0	0	0	0	0	0	0	
N53	1.06631e-44	3.43411e-43	1.02729e-41	2.74891e-40	6.49451e-39	1.3325e-37	2.32357e-36	3.3441e-35	8.72384e-17	8.64691e-11	2.6061e-05	0.999948	2.56311e-05	8.36251e-11	8.29527e-17	3.60223e-35	2.54927e-36	1.48893e-37	7.39058e-39	3.18569e-40	1.21236e-41	4.12695e-43	1.26994e-44	3.56341e-46	9.18421e-48	2.18771e-49	4.84183e-51	1.00021e-52	1.93631e-54	3.52522e-56	6.05452e-58	9.83689e-60	1.51564e-61	2.21955e-63	3.0955e-65	4.11893e-67	5.2377e-69	6.37457e-71	7.43546e-73	8.32251e-75	9.04179e-77	
FGA516	0	0	0	0	0	0	0	0	0	0	0	1	0	0	0	0	0	0	0	0	0	0	0	0	0	0	0	0	0	0	0	0	0	0	0	0	0	0	0	0	0	
FGA513	0	0	0	0	0	0	0	0	0	0	0	1	0	0	0	0	0	0	0	0	0	0	0	0	0	0	0	0	0	0	0	0	0	0	0	0	0	0	0	0	0	
N54	9.8726e-43	2.00715e-41	3.85794e-40	6.6542e-39	1.01692e-37	1.35524e-36	1.54283e-35	1.4591e-34	1.10178e-33	1.19448e-12	2.95759e-06	0.999994	2.92508e-06	1.1681e-12	1.18459e-33	1.60645e-34	1.73913e-35	1.56384e-36	1.20105e-37	8.04289e-39	4.77151e-40	2.53967e-41	1.22526e-42	5.40384e-44	2.19432e-45	8.25405e-47	2.89125e-48	9.47423e-50	2.91599e-51	8.45973e-53	2.32077e-54	6.03732e-56	1.49315e-57	3.519e-59	7.91959e-61	1.70525e-62	3.51918e-64	6.97212e-66	1.32802e-67	2.43537e-69	4.37867e-71	
F12278	0	0	0	0	0	0	0	0	0	0	0	1	0	0	0	0	0	0	0	0	0	0	0	0	0	0	0	0	0	0	0	0	0	0	0	0	0	0	0	0	0	
F12279	0	0	0	0	0	0	0	0	0	0	0	1	0	0	0	0	0	0	0	0	0	0	0	0	0	0	0	0	0	0	0	0	0	0	0	0	0	0	0	0	0	
N55	7.4423e-42	3.7007e-37	1.49262e-32	4.41786e-28	9.26703e-24	1.31835e-19	1.20113e-15	6.48408e-12	1.85529e-08	2.36623e-05	0.00989694	0.675009	0.296975	0.0180424	5.2688e-05	4.50153e-08	1.65524e-11	3.17553e-15	3.57803e-19	2.56728e-23	1.2443e-27	4.26113e-32	1.06823e-36	2.01729e-41	2.9382e-46	3.36651e-51	3.0856e-56	2.29515e-61	1.40282e-66	7.12268e-72	3.03315e-77	1.09255e-82	3.44993e-88	4.23017e-92	1.23846e-94	6.56631e-97	2.64973e-98	4.26076e-100	5.42143e-102	6.43771e-104	7.42903e-106	
Furant	0	0	0	0	0	0	0	0	0	0	0	1	0	0	0	0	0	0	0	0	0	0	0	0	0	0	0	0	0	0	0	0	0	0	0	0	0	0	0	0	0	
N56	1.01738e-42	2.73689e-41	6.86681e-40	1.53941e-38	3.04275e-37	5.21402e-36	7.57731e-35	9.06385e-34	8.55024e-33	5.95348e-32	2.72586e-31	3.89151e-10	5.41659e-05	0.999944	1.4367e-06	3.90798e-13	5.53732e-35	3.70112e-36	2.10916e-37	1.04645e-38	4.59337e-40	1.80662e-41	6.43262e-43	2.09112e-44	6.25064e-46	1.72841e-47	4.44422e-49	1.06738e-50	2.40396e-52	5.09461e-54	1.01907e-55	1.92923e-57	3.46507e-59	5.91748e-61	9.62754e-63	1.49494e-64	2.21905e-66	3.15344e-68	4.29597e-70	5.61736e-72	7.14337e-74	
FGA331	0	0	0	0	0	0	0	0	0	0	0	0	0	1	0	0	0	0	0	0	0	0	0	0	0	0	0	0	0	0	0	0	0	0	0	0	0	0	0	0	0	
FGA332	0	0	0	0	0	0	0	0	0	0	0	0	0	1	0	0	0	0	0	0	0	0	0	0	0	0	0	0	0	0	0	0	0	0	0	0	0	0	0	0	0	
FGA465	0	0	0	0	0	0	0	0	0	0	1	0	0	0	0	0	0	0	0	0	0	0	0	0	0	0	0	0	0	0	0	0	0	0	0	0	0	0	0	0	0	
N57	2.07445e-37	8.31413e-33	2.62125e-28	5.76971e-24	8.47067e-20	7.81913e-16	4.19182e-12	1.16672e-08	1.42252e-05	0.00569705	0.412015	0.573947	0.00830587	2.08827e-05	1.70423e-08	6.0594e-12	1.11521e-15	1.18989e-19	7.97316e-24	3.56077e-28	1.10952e-32	2.50131e-37	4.20161e-42	5.38787e-47	5.38266e-52	4.26221e-57	2.71479e-62	1.40876e-67	6.02224e-73	2.1415e-78	6.38908e-84	1.61142e-89	3.46009e-95	6.44943e-101	1.68697e-106	4.66903e-111	2.72609e-115	1.48424e-119	7.34186e-124	3.30367e-128	1.37198e-132	
N58	1.18989e-41	2.12213e-40	3.58048e-39	5.39071e-38	7.14111e-37	8.17673e-36	7.90602e-35	1.88627e-17	2.71617e-11	1.29735e-05	0.999933	5.38942e-05	2.33721e-10	2.6137e-16	1.79102e-33	2.52528e-34	2.86074e-35	2.70424e-36	2.19099e-37	1.55208e-38	9.76225e-40	5.51901e-41	2.83252e-42	1.33068e-43	5.76213e-45	2.31357e-46	8.65769e-48	3.03306e-49	9.98683e-51	3.10138e-52	9.11196e-54	2.53985e-55	6.73339e-57	1.70168e-58	4.10808e-60	9.4916e-62	2.10248e-63	4.47205e-65	9.14755e-67	1.80185e-68	3.48484e-70	
FGA99	0	0	0	0	0	0	0	0	0	0	1	0	0	0	0	0	0	0	0	0	0	0	0	0	0	0	0	0	0	0	0	0	0	0	0	0	0	0	0	0	0	
F12269	0	0	0	0	0	0	0	0	0	0	1	0	0	0	0	0	0	0	0	0	0	0	0	0	0	0	0	0	0	0	0	0	0	0	0	0	0	0	0	0	0	
N59	2.33996e-37	8.91108e-33	2.67777e-28	5.65361e-24	8.02302e-20	7.22576e-16	3.82316e-12	1.06545e-08	1.32495e-05	0.00554577	0.432413	0.554516	0.00749436	1.80892e-05	1.45049e-08	5.15987e-12	9.63787e-16	1.05562e-19	7.32889e-24	3.41718e-28	1.11869e-32	2.66354e-37	4.74562e-42	6.47754e-47	6.90781e-52	5.85196e-57	3.99451e-62	2.22406e-67	1.02087e-72	3.89919e-78	1.24946e-83	3.3934e-89	9.22364e-95	2.19043e-99	2.2671e-102	1.3097e-104	7.77857e-107	4.3791e-109	2.33543e-111	1.18057e-113	5.6848e-116	
N60	9.01866e-43	2.12584e-41	4.68236e-40	9.18833e-39	1.58374e-37	2.35488e-36	2.94951e-35	3.01183e-34	3.25025e-13	1.42611e-06	0.99999	8.72057e-06	4.45221e-12	7.68945e-33	1.1373e-33	1.26368e-34	1.12095e-35	8.25864e-37	5.19602e-38	2.84972e-39	1.3841e-40	6.02838e-42	2.37854e-43	8.57304e-45	2.84266e-46	8.72313e-48	2.49003e-49	6.64127e-51	1.6615e-52	3.91234e-54	8.69712e-56	1.83016e-57	3.65446e-59	6.9394e-61	1.25555e-62	2.16835e-64	3.58017e-66	5.6597e-68	8.57784e-70	1.24792e-71	1.76809e-73	
FGA15	0	0	0	0	0	0	0	0	0	0	1	0	0	0	0	0	0	0	0	0	0	0	0	0	0	0	0	0	0	0	0	0	0	0	0	0	0	0	0	0	0	
FGA440	0	0	0	0	0	0	0	0	0	0	1	0	0	0	0	0	0	0	0	0	0	0	0	0	0	0	0	0	0	0	0	0	0	0	0	0	0	0	0	0	0	
N61	3.84649e-42	8.68196e-41	1.82563e-39	3.4015e-38	5.52795e-37	7.67818e-36	8.86829e-35	8.19206e-34	5.70271e-33	6.45524e-12	9.70994e-06	0.999988	2.03113e-06	6.34829e-13	3.77573e-34	3.84735e-35	3.17704e-36	2.20138e-37	1.31233e-38	6.85858e-40	3.18877e-41	1.33438e-42	5.07386e-44	1.76698e-45	5.67348e-47	1.6891e-48	4.68563e-50	1.21628e-51	2.96526e-53	6.81211e-55	1.47895e-56	3.04229e-58	5.94342e-60	1.10501e-61	1.95888e-63	3.31669e-65	5.37195e-67	8.33491e-69	1.24043e-70	1.77281e-72	2.46795e-74	
FGA581	0	0	0	0	0	0	0	0	0	0	0	1	0	0	0	0	0	0	0	0	0	0	0	0	0	0	0	0	0	0	0	0	0	0	0	0	0	0	0	0	0	
FGA582	0	0	0	0	0	0	0	0	0	0	0	1	0	0	0	0	0	0	0	0	0	0	0	0	0	0	0	0	0	0	0	0	0	0	0	0	0	0	0	0	0	
N62	2.8597e-39	2.63298e-38	2.3967e-37	1.96204e-36	1.42626e-35	9.07037e-35	4.95193e-34	2.26421e-33	8.38534e-33	2.39921e-32	3.50662e-11	1.56228e-05	0.999979	5.61264e-06	5.76914e-12	2.4032e-33	5.36554e-34	1.00464e-34	1.61651e-35	2.27727e-36	2.85036e-37	3.2076e-38	3.27706e-39	3.06441e-40	2.64099e-41	2.11015e-42	1.57114e-43	1.09502e-44	7.17222e-46	4.43034e-47	2.58904e-48	1.43544e-49	7.56983e-51	3.80582e-52	1.82806e-53	8.40527e-55	3.70601e-56	1.56952e-57	6.39425e-59	2.50961e-60	9.84753e-62	
FGA104	0	0	0	0	0	0	0	0	0	0	0	0	1	0	0	0	0	0	0	0	0	0	0	0	0	0	0	0	0	0	0	0	0	0	0	0	0	0	0	0	0	
FGA105	0	0	0	0	0	0	0	0	0	0	0	0	1	0	0	0	0	0	0	0	0	0	0	0	0	0	0	0	0	0	0	0	0	0	0	0	0	0	0	0	0	
FGA489	0	0	0	0	0	0	0	0	0	0	1	0	0	0	0	0	0	0	0	0	0	0	0	0	0	0	0	0	0	0	0	0	0	0	0	0	0	0	0	0	0	
N63	1.41901e-38	1.09476e-37	8.48662e-37	5.93768e-36	3.70351e-35	2.03148e-34	9.63483e-34	2.33832e-29	3.13715e-23	1.15869e-17	1.37824e-12	4.9835e-08	0.000535669	0.999309	0.000155053	4.69037e-09	5.1659e-14	2.05507e-19	2.99658e-25	1.32456e-31	4.4624e-36	6.58267e-37	8.78257e-38	1.06871e-38	1.19459e-39	1.23412e-40	1.18468e-41	1.06164e-42	8.91845e-44	7.04903e-45	5.2593e-46	3.71512e-47	2.49131e-48	1.58982e-49	9.676e-51	5.62804e-52	3.1343e-53	1.67415e-54	8.59032e-56	4.24099e-57	2.10929e-58	
FGA174	0	0	0	0	0	0	0	0	0	0	0	0	0	1	0	0	0	0	0	0	0	0	0	0	0	0	0	0	0	0	0	0	0	0	0	0	0	0	0	0	0	
FGA175	0	0	0	0	0	0	0	0	0	0	0	0	0	1	0	0	0	0	0	0	0	0	0	0	0	0	0	0	0	0	0	0	0	0	0	0	0	0	0	0	0	
FurbGB	0	0	0	0	0	0	0	0	0	0	0	1	0	0	0	0	0	0	0	0	0	0	0	0	0	0	0	0	0	0	0	0	0	0	0	0	0	0	0	0	0	
N64	7.43902e-49	2.3768e-44	6.62115e-40	1.40548e-35	2.22279e-31	2.55086e-27	2.05617e-23	1.1176e-19	3.88706e-16	8.07371e-13	9.11598e-10	4.90251e-07	0.00010444	0.00722819	0.133186	0.510101	0.313512	0.0349846	0.000876515	6.71632e-06	2.01045e-08	2.80009e-11	2.05713e-14	8.7437e-18	2.30594e-21	3.98373e-25	4.70648e-29	3.93665e-33	2.39833e-37	1.08955e-41	3.76426e-46	1.16311e-50	6.14293e-52	1.45676e-52	1.98774e-53	1.43489e-54	4.84873e-56	6.6027e-58	3.70373e-60	9.42468e-63	1.40875e-65	
N65	5.44319e-45	5.57143e-41	5.2157e-37	3.85561e-33	2.2073e-29	9.5697e-26	3.05945e-22	6.98428e-19	1.09431e-15	1.11964e-12	7.01476e-10	2.47012e-07	4.34135e-05	0.00320864	0.0774261	0.431513	0.405861	0.078122	0.00376386	6.12782e-05	4.23717e-07	1.45985e-09	2.80806e-12	3.27921e-15	2.47808e-18	1.2739e-21	4.63683e-25	1.23475e-28	2.47183e-32	3.80624e-36	4.5973e-40	4.42958e-44	3.45502e-48	2.20984e-52	1.17229e-56	5.21075e-61	1.97166e-65	8.8005e-70	2.45265e-73	1.13003e-76	4.18037e-80	
N66	9.95374e-51	2.28648e-46	4.79432e-42	7.98479e-38	1.03801e-33	1.03242e-29	7.67187e-26	4.13851e-22	1.56433e-18	3.96329e-15	6.35444e-12	5.96957e-09	2.94714e-06	0.000647287	0.0470402	0.519857	0.387339	0.0440249	0.00107996	8.4857e-06	2.77804e-08	4.50381e-11	4.07305e-14	2.23923e-17	7.98255e-21	1.93978e-24	3.34317e-28	4.22019e-32	4.00674e-36	2.92533e-40	1.67358e-44	7.62411e-49	2.80437e-53	8.43008e-58	2.093e-62	4.33206e-67	7.53667e-72	1.11023e-76	1.41545e-81	3.57331e-86	6.11136e-90	
N67	2.1716e-42	2.30636e-41	2.46576e-40	2.44545e-39	2.23551e-38	1.87089e-37	1.42201e-36	9.72326e-36	5.91284e-35	3.15312e-34	1.44877e-33	1.74983e-29	2.51983e-23	9.90828e-18	1.24331e-12	4.6906e-08	0.000520526	0.999351	0.000128088	3.20828e-09	2.93294e-14	9.713e-20	1.18234e-25	4.3703e-32	2.67719e-36	3.71412e-37	4.67116e-38	5.36967e-39	5.68138e-40	5.56605e-41	5.07564e-42	4.32779e-43	3.46437e-44	2.61288e-45	1.8627e-46	1.25877e-47	8.08462e-49	4.94665e-50	2.88959e-51	1.61492e-52	9.09205e-54	
CGA312	0	0	0	0	0	0	0	0	0	0	0	0	0	0	0	0	0	1	0	0	0	0	0	0	0	0	0	0	0	0	0	0	0	0	0	0	0	0	0	0	0	
CGA963	0	0	0	0	0	0	0	0	0	0	0	0	0	0	0	0	0	1	0	0	0	0	0	0	0	0	0	0	0	0	0	0	0	0	0	0	0	0	0	0	0	
N68	1.17381e-64	4.67147e-59	1.48817e-53	3.57263e-48	6.35312e-43	8.19227e-38	7.4604e-33	4.6418e-28	1.89194e-23	4.78311e-19	6.97231e-15	5.29255e-11	1.79863e-07	0.000213617	0.0541294	0.618294	0.312466	0.0148095	8.74795e-05	1.15801e-07	5.06643e-11	9.33553e-15	8.49626e-19	4.26567e-23	1.28001e-27	2.43776e-32	3.08576e-37	2.69168e-42	1.66496e-47	7.47134e-53	2.47667e-58	6.15126e-64	1.15939e-69	6.73201e-72	1.09084e-71	9.28362e-72	3.69203e-72	5.58422e-73	2.12344e-74	7.59789e-77	2.67685e-80	
N69	2.34742e-63	4.96326e-59	7.90172e-55	5.28035e-51	5.04685e-48	9.37687e-45	1.03697e-38	8.02833e-33	3.69043e-27	9.39543e-22	1.19691e-16	6.53294e-12	1.1816e-07	0.000434893	0.104487	0.733348	0.160896	0.000833846	3.0765e-07	2.12131e-11	4.55923e-16	4.04236e-21	1.75219e-26	4.1465e-32	5.77645e-38	4.99487e-44	8.51426e-50	1.48128e-52	6.34573e-56	5.89607e-60	2.71623e-64	6.54137e-67	1.57739e-66	2.47623e-66	5.52232e-64	1.56706e-59	1.62405e-55	4.69047e-52	2.48819e-49	1.53701e-47	2.22125e-46	
N70	1.93952e-57	8.17535e-54	2.02964e-50	1.37432e-47	1.47906e-45	1.22827e-41	4.53547e-36	1.07832e-30	1.58768e-25	1.37068e-20	6.40472e-16	1.43495e-11	1.26551e-07	0.000306902	0.0914303	0.731122	0.175986	0.00115388	8.76911e-07	1.642e-10	1.10988e-14	3.3702e-19	5.27047e-24	4.64876e-29	2.46142e-34	8.45129e-40	1.93563e-42	1.37975e-44	1.21419e-47	4.23485e-51	1.07554e-54	2.28971e-58	2.22716e-61	2.22577e-60	1.86814e-59	1.01902e-58	3.35984e-58	6.006e-58	4.89298e-58	1.36369e-58	1.03661e-59	
N71	1.20021e-63	2.2351e-58	3.52573e-53	4.34817e-48	4.1254e-43	2.95362e-38	1.55892e-33	5.89405e-29	1.5402e-24	2.65769e-20	2.85289e-16	1.75717e-12	5.5368e-09	7.50051e-06	0.00326655	0.258913	0.691487	0.0461468	0.000178052	1.77183e-07	6.92433e-11	1.31877e-14	1.39856e-18	9.04249e-23	3.80576e-27	1.09545e-31	2.24085e-36	3.35875e-41	3.78129e-46	3.26319e-51	2.1955e-56	1.16806e-61	4.97311e-67	5.6822e-72	1.47019e-72	3.7261e-73	6.22558e-74	6.49035e-75	3.87861e-76	1.15271e-77	1.54787e-79	
CGA642	0	0	0	0	0	0	0	0	0	0	0	0	0	0	0	0	1	0	0	0	0	0	0	0	0	0	0	0	0	0	0	0	0	0	0	0	0	0	0	0	0	
N72	2.73909e-67	8.98124e-62	2.45288e-56	5.25429e-51	8.68331e-46	1.08552e-40	1.0024e-35	6.6412e-31	3.04445e-26	9.22202e-22	1.73822e-17	1.87978e-13	1.03978e-09	2.47176e-06	0.00188386	0.254436	0.683204	0.0602924	0.000181225	1.2866e-07	3.41962e-11	4.2921e-15	2.93278e-19	1.20123e-23	3.16117e-28	5.63156e-33	7.07266e-38	6.46722e-43	4.41966e-48	2.3064e-53	9.35689e-59	2.9958e-64	7.88307e-70	2.39383e-72	1.80756e-73	9.03869e-75	2.90013e-76	1.07426e-77	3.69985e-78	2.29425e-78	9.01918e-78	
N73	3.70756e-51	1.48196e-49	5.6537e-48	2.00329e-46	6.55756e-45	1.97068e-43	5.39717e-42	1.33527e-40	2.95246e-39	5.75803e-38	9.74041e-37	1.39843e-35	1.65459e-34	4.65976e-14	5.27271e-07	0.999994	5.83499e-06	2.44697e-12	2.50365e-32	4.29483e-33	5.1842e-34	4.80194e-35	3.59907e-36	2.26181e-37	1.22255e-38	5.79274e-40	2.44185e-41	9.26559e-43	3.1952e-44	1.00933e-45	2.94017e-47	7.94285e-49	1.99969e-50	4.71164e-52	1.04283e-53	2.17522e-55	4.28844e-57	8.01167e-59	1.42159e-60	2.40082e-62	3.92569e-64	
CGA763	0	0	0	0	0	0	0	0	0	0	0	0	0	0	0	1	0	0	0	0	0	0	0	0	0	0	0	0	0	0	0	0	0	0	0	0	0	0	0	0	0	
CGA764	0	0	0	0	0	0	0	0	0	0	0	0	0	0	0	1	0	0	0	0	0	0	0	0	0	0	0	0	0	0	0	0	0	0	0	0	0	0	0	0	0	
N74	1.41256e-49	5.38487e-48	1.95514e-46	6.56966e-45	2.03081e-43	5.73468e-42	1.46699e-40	3.36527e-39	6.83686e-38	1.21083e-36	1.83142e-35	2.30115e-34	2.30913e-33	1.74223e-32	8.91018e-32	1.10495e-11	1.03284e-05	0.999989	4.92946e-07	4.31168e-14	9.69345e-35	7.3173e-36	4.63116e-37	2.52057e-38	1.20233e-39	5.10116e-41	1.94773e-42	6.75714e-44	2.1469e-45	6.28886e-47	1.7081e-48	4.32272e-50	1.02364e-51	2.27668e-53	4.77134e-55	9.44984e-57	1.77329e-58	3.16017e-60	5.35949e-62	8.66637e-64	1.35818e-65	
C601	0	0	0	0	0	0	0	0	0	0	0	0	0	0	0	0	0	1	0	0	0	0	0	0	0	0	0	0	0	0	0	0	0	0	0	0	0	0	0	0	0	
C602	0	0	0	0	0	0	0	0	0	0	0	0	0	0	0	0	0	1	0	0	0	0	0	0	0	0	0	0	0	0	0	0	0	0	0	0	0	0	0	0	0	
N75	2.6119e-63	9.32052e-58	2.72018e-52	5.96649e-47	9.66337e-42	1.13084e-36	9.30332e-32	5.19599e-27	1.88289e-22	4.16896e-18	5.19526e-14	3.24061e-10	8.46774e-07	0.000689705	0.0999657	0.720772	0.176806	0.00176331	2.96687e-06	1.48382e-09	2.99135e-13	2.92879e-17	1.57603e-21	5.08416e-26	1.04775e-30	1.4471e-35	1.39e-40	9.5592e-46	4.81942e-51	1.83364e-56	6.09914e-62	3.85966e-67	2.30837e-71	2.65267e-71	1.53837e-67	4.85931e-64	5.91072e-61	2.20501e-58	1.70988e-56	1.3008e-55	4.43027e-56	
CGA236	0	0	0	0	0	0	0	0	0	0	0	0	0	0	0	0	1	0	0	0	0	0	0	0	0	0	0	0	0	0	0	0	0	0	0	0	0	0	0	0	0	
N76	4.92433e-54	3.53674e-49	2.14242e-44	9.88536e-40	3.411e-35	8.60657e-31	1.54428e-26	1.90245e-22	1.53821e-18	7.69295e-15	2.19577e-11	3.19107e-08	1.98977e-05	0.00404109	0.166652	0.679887	0.146976	0.00241491	8.69266e-06	1.08335e-08	6.04881e-12	1.77482e-15	3.04481e-19	3.29388e-23	2.37604e-27	1.19268e-31	4.30738e-36	1.14941e-40	2.31548e-45	3.58358e-50	4.32239e-55	4.11095e-60	3.11241e-65	2.15487e-70	1.92578e-71	9.04124e-72	2.59504e-72	4.18439e-73	3.2909e-74	9.57997e-76	4.84865e-78	
N77	1.99537e-49	5.53816e-45	1.35138e-40	2.61052e-36	3.91553e-32	4.45683e-28	3.74492e-24	2.24539e-20	9.20424e-17	2.43981e-13	3.87761e-10	3.31271e-07	0.000127836	0.0159671	0.213105	0.558491	0.198363	0.0138418	0.000103568	2.51768e-07	2.77427e-10	1.6484e-13	5.88858e-17	1.36357e-20	2.1633e-24	2.4536e-28	2.05776e-32	1.31161e-36	6.49989e-41	2.55284e-45	8.07711e-50	2.08804e-54	4.46492e-59	7.98331e-64	1.20505e-68	1.54877e-73	1.70787e-78	1.62703e-83	1.34747e-88	9.75652e-94	6.55389e-99	
Calboe	0	0	0	0	0	0	0	0	0	0	0	0	0	1	0	0	0	0	0	0	0	0	0	0	0	0	0	0	0	0	0	0	0	0	0	0	0	0	0	0	0	
C3125	0	0	0	0	0	0	0	0	0	0	0	0	0	0	0	0	0	1	0	0	0	0	0	0	0	0	0	0	0	0	0	0	0	0	0	0	0	0	0	0	0	
N78	1.24401e-44	1.90771e-43	2.88098e-42	4.03256e-41	5.19953e-40	6.13304e-39	6.56387e-38	6.31194e-37	5.38904e-36	4.02524e-35	2.58139e-34	1.38691e-33	6.36673e-32	5.94478e-16	1	2.18029e-15	6.58673e-31	3.49932e-32	1.24601e-32	3.30635e-33	6.93339e-34	1.19651e-34	1.74969e-35	2.21622e-36	2.47311e-37	2.46442e-38	2.21711e-39	1.81719e-40	1.3673e-41	9.50584e-43	6.14058e-44	3.70363e-45	2.09459e-46	1.11496e-47	5.60485e-49	2.66883e-50	1.20699e-51	5.19731e-53	2.13557e-54	8.39099e-56	3.27225e-57	
CGA429	0	0	0	0	0	0	0	0	0	0	0	0	0	0	1	0	0	0	0	0	0	0	0	0	0	0	0	0	0	0	0	0	0	0	0	0	0	0	0	0	0	
CGA430	0	0	0	0	0	0	0	0	0	0	0	0	0	0	1	0	0	0	0	0	0	0	0	0	0	0	0	0	0	0	0	0	0	0	0	0	0	0	0	0	0	
N79	9.29893e-60	3.07647e-54	8.17044e-49	1.58786e-43	2.21244e-38	2.15408e-33	1.41811e-28	6.05041e-24	1.58223e-19	2.3524e-15	1.78988e-11	5.96815e-08	6.81284e-05	0.0171466	0.385222	0.549918	0.047512	0.000132524	7.27236e-08	1.42276e-11	1.28801e-15	6.2708e-20	1.81144e-24	3.32665e-29	4.08655e-34	3.49026e-39	2.13575e-44	9.58749e-50	3.21717e-55	8.19071e-61	1.60459e-66	1.7241e-70	5.00427e-72	9.39401e-74	5.23364e-74	4.97762e-70	1.77011e-66	1.81142e-63	3.60044e-61	7.48084e-60	1.25464e-59	
N80	1.76108e-43	2.37468e-42	3.17214e-41	3.92376e-40	4.46533e-39	4.64168e-38	4.36982e-37	3.68785e-36	2.75539e-35	1.79453e-34	9.98852e-34	4.88198e-32	5.04917e-16	1	2.83724e-15	1.29893e-30	1.01147e-31	4.9829e-32	1.74959e-32	4.7014e-33	1.01566e-33	1.82708e-34	2.809e-35	3.76491e-36	4.46824e-37	4.75486e-38	4.58368e-39	4.03716e-40	3.27234e-41	2.45608e-42	1.7161e-43	1.12146e-44	6.88237e-46	3.98093e-47	2.17735e-48	1.12935e-49	5.56962e-51	2.61786e-52	1.17525e-53	5.04969e-55	2.16229e-56	
C985	0	0	0	0	0	0	0	0	0	0	0	0	0	1	0	0	0	0	0	0	0	0	0	0	0	0	0	0	0	0	0	0	0	0	0	0	0	0	0	0	0	
C984	0	0	0	0	0	0	0	0	0	0	0	0	0	1	0	0	0	0	0	0	0	0	0	0	0	0	0	0	0	0	0	0	0	0	0	0	0	0	0	0	0	
N81	5.86642e-53	4.68925e-48	3.16389e-43	1.61641e-38	6.12132e-34	1.67453e-29	3.20474e-25	4.12108e-21	3.38015e-17	1.65027e-13	4.36023e-10	5.42982e-07	0.000256897	0.0317348	0.4741	0.46462	0.0291726	0.000114656	1.27625e-07	5.91432e-11	1.3898e-14	1.87121e-18	1.56889e-22	8.70085e-27	3.34033e-31	9.19699e-36	1.86788e-40	2.86274e-45	3.37309e-50	3.10289e-55	2.25699e-60	1.31193e-65	9.37895e-71	2.09924e-71	8.844e-72	2.30084e-72	3.43344e-73	2.6147e-74	8.327e-76	7.86171e-78	2.49564e-80	
N82	8.20843e-44	1.17987e-42	9.60009e-64	1.51892e-56	6.55142e-50	1.21841e-43	1.14642e-37	5.88031e-32	1.68157e-26	2.65971e-21	2.24102e-16	9.30304e-12	1.66306e-07	0.000985116	0.997056	0.00195849	5.51154e-07	4.50831e-11	1.45572e-15	2.18227e-20	1.67048e-25	6.85411e-31	1.53071e-36	1.82871e-42	1.08869e-48	2.76013e-55	1.88805e-62	3.94558e-41	2.85508e-42	1.91475e-43	1.19632e-44	6.99522e-46	3.84334e-47	1.99119e-48	9.75872e-50	4.53718e-51	2.00637e-52	8.45833e-54	3.40666e-55	1.31344e-56	5.02819e-58	
CGA310	0	0	0	0	0	0	0	0	0	0	0	0	0	0	1	0	0	0	0	0	0	0	0	0	0	0	0	0	0	0	0	0	0	0	0	0	0	0	0	0	0	
CGA314	0	0	0	0	0	0	0	0	0	0	0	0	0	0	1	0	0	0	0	0	0	0	0	0	0	0	0	0	0	0	0	0	0	0	0	0	0	0	0	0	0	
N83	1.97188e-45	3.96471e-41	6.97334e-37	9.55804e-33	9.9875e-29	7.75103e-25	4.32795e-21	1.67149e-17	4.24642e-14	6.6427e-11	5.84262e-08	2.52964e-05	0.00435218	0.197583	0.671406	0.123808	0.00281028	1.62484e-05	3.63227e-08	3.93868e-11	2.38308e-14	8.84414e-18	2.15535e-21	3.63129e-25	4.40267e-29	3.967e-33	2.72743e-37	1.46265e-41	6.23307e-46	2.14468e-50	6.04102e-55	1.40988e-59	2.75542e-64	4.5521e-69	6.41068e-74	7.7556e-79	8.18119e-84	1.03781e-88	2.35208e-92	2.06968e-94	3.37478e-96	
N84	2.77988e-45	6.10068e-44	9.875e-70	5.96623e-62	9.68345e-55	6.68437e-48	2.29876e-41	4.2298e-35	4.23924e-29	2.27931e-23	6.26067e-18	7.97253e-13	3.97469e-08	0.000558016	0.998998	0.000443686	2.81087e-08	5.26606e-13	3.94953e-18	1.38881e-23	2.51017e-29	2.44259e-35	1.29738e-41	3.69188e-48	5.23836e-55	3.16282e-62	5.13179e-70	4.92722e-44	2.19232e-45	9.04343e-47	3.47594e-48	1.25037e-49	4.22588e-51	1.34652e-52	4.05759e-54	1.15955e-55	3.15041e-57	8.1563e-59	2.01636e-60	4.76894e-62	1.10446e-63	
CGA382	0	0	0	0	0	0	0	0	0	0	0	0	0	0	1	0	0	0	0	0	0	0	0	0	0	0	0	0	0	0	0	0	0	0	0	0	0	0	0	0	0	
CGA365	0	0	0	0	0	0	0	0	0	0	0	0	0	0	1	0	0	0	0	0	0	0	0	0	0	0	0	0	0	0	0	0	0	0	0	0	0	0	0	0	0	
N85	1.07336e-45	2.37544e-44	5.0616e-43	9.92265e-42	1.77684e-40	2.88201e-39	4.19156e-38	5.39907e-37	6.06473e-36	5.82418e-35	4.65746e-34	5.8482e-13	1.82149e-06	0.999986	1.22231e-05	1.65136e-11	4.07519e-32	1.15191e-32	2.32098e-33	3.5947e-34	4.49528e-35	4.69727e-36	4.2057e-37	3.28885e-38	2.28027e-39	1.41877e-40	8.00086e-42	4.12338e-43	1.95573e-44	8.58844e-46	3.51019e-47	1.34133e-48	4.81133e-50	1.6258e-51	5.19181e-53	1.5713e-54	4.51862e-56	1.23757e-57	3.235e-59	8.08664e-61	1.98097e-62	
CGA494	0	0	0	0	0	0	0	0	0	0	0	0	0	1	0	0	0	0	0	0	0	0	0	0	0	0	0	0	0	0	0	0	0	0	0	0	0	0	0	0	0	
CGA495	0	0	0	0	0	0	0	0	0	0	0	0	0	1	0	0	0	0	0	0	0	0	0	0	0	0	0	0	0	0	0	0	0	0	0	0	0	0	0	0	0	
N86	5.84339e-61	6.64272e-56	6.45176e-51	4.92807e-46	2.91486e-41	1.31058e-36	4.37999e-32	1.0585e-27	1.78725e-23	2.01806e-19	1.43879e-15	5.99115e-12	1.30362e-08	1.2503e-05	0.00395803	0.231214	0.579143	0.178988	0.00665362	3.07841e-05	4.22811e-08	2.43369e-11	7.09165e-15	1.17951e-18	1.21659e-22	8.26808e-27	3.87689e-31	1.30027e-35	3.21048e-40	5.97414e-45	8.54167e-50	9.53571e-55	8.42502e-60	2.13192e-64	5.1438e-65	1.14703e-65	1.63032e-66	1.38303e-67	6.30678e-69	1.28382e-70	8.22066e-73	
N87	5.23542e-63	8.91371e-58	1.27973e-52	1.44075e-47	1.2512e-42	8.21871e-38	3.98766e-33	1.38816e-28	3.34367e-24	5.32138e-20	5.26738e-16	2.98745e-12	8.63559e-09	1.06311e-05	0.00409443	0.258101	0.580284	0.154516	0.00298573	8.25848e-06	6.8672e-09	2.39528e-12	4.22838e-16	4.26141e-20	2.66598e-24	1.10088e-28	3.14418e-33	6.44277e-38	9.75403e-43	1.11748e-47	9.88178e-53	6.85737e-58	3.78676e-63	1.68799e-68	4.43199e-72	3.16681e-73	1.50031e-74	4.39119e-76	7.27951e-78	5.92515e-80	1.90366e-82	
C12265	0	0	0	0	0	0	0	0	0	0	0	0	0	0	0	0	0	1	0	0	0	0	0	0	0	0	0	0	0	0	0	0	0	0	0	0	0	0	0	0	0	
N88	3.50456e-54	7.46657e-51	1.36991e-47	9.80335e-46	1.58378e-44	3.22221e-41	6.37583e-36	8.55864e-31	7.53682e-26	4.17075e-21	1.36497e-16	2.41934e-12	2.02936e-08	6.41138e-05	0.0477551	0.913387	0.038588	0.000205511	1.46004e-07	2.97075e-11	2.47427e-15	1.02217e-19	2.3557e-24	3.27334e-29	2.89334e-34	1.69616e-39	1.31207e-42	8.99587e-44	1.37387e-45	8.37559e-49	4.19894e-52	1.82248e-55	6.91256e-59	2.30901e-62	6.83856e-66	1.80659e-69	4.27978e-73	9.13509e-77	1.76436e-80	3.09536e-84	5.07185e-88	
C404	0	0	0	0	0	0	0	0	0	0	0	0	0	0	1	0	0	0	0	0	0	0	0	0	0	0	0	0	0	0	0	0	0	0	0	0	0	0	0	0	0	
N89	4.66006e-60	2.18195e-56	6.61811e-53	8.64137e-50	3.44272e-47	1.52552e-43	5.09669e-38	1.18723e-32	1.82989e-27	1.78018e-22	1.02364e-17	3.16415e-13	4.54458e-09	2.37155e-05	0.027291	0.950377	0.0222635	4.46743e-05	1.4059e-08	1.37065e-12	5.69195e-17	1.20621e-21	1.4619e-26	1.09421e-31	5.33983e-37	1.76762e-42	1.07508e-47	6.07613e-50	4.26506e-53	1.28361e-56	2.63672e-60	4.55974e-64	6.89704e-68	9.18747e-72	1.08459e-75	1.25077e-79	2.1998e-82	2.49188e-81	4.32009e-80	5.08059e-79	3.16858e-78	
N90	6.20675e-52	3.24239e-50	1.6007e-48	7.29955e-47	3.05536e-45	1.16504e-43	4.01062e-42	1.23277e-40	3.33733e-39	7.819e-38	1.54929e-36	2.51551e-35	3.19717e-34	1.18624e-11	9.81825e-06	0.999981	9.12864e-06	1.06195e-11	3.11954e-34	2.51605e-35	1.59728e-36	8.33601e-38	3.6864e-39	1.41245e-40	4.76929e-42	1.43834e-43	3.91643e-45	9.71406e-47	2.21116e-48	4.64816e-50	9.07239e-52	1.65183e-53	2.81694e-55	4.51549e-57	6.82524e-59	9.75511e-61	1.32171e-62	1.70138e-64	2.085e-66	2.43694e-68	2.75011e-70	
Cl11778	0	0	0	0	0	0	0	0	0	0	0	0	0	0	0	1	0	0	0	0	0	0	0	0	0	0	0	0	0	0	0	0	0	0	0	0	0	0	0	0	0	
Cl11779	0	0	0	0	0	0	0	0	0	0	0	0	0	0	0	1	0	0	0	0	0	0	0	0	0	0	0	0	0	0	0	0	0	0	0	0	0	0	0	0	0	
N91	1.00009e-78	3.37959e-72	8.43143e-66	1.52203e-59	1.97812e-53	1.83267e-47	1.19193e-41	5.32403e-36	1.58455e-30	3.0142e-25	3.45816e-20	2.20155e-15	6.85707e-11	8.50106e-07	0.00284779	0.994593	0.0025576	7.52378e-07	6.14613e-11	2.01694e-15	3.24723e-20	2.90147e-25	1.56218e-30	5.36856e-36	1.22749e-41	1.92471e-47	2.11566e-53	1.65568e-59	9.31779e-66	3.7904e-72	1.11501e-78	2.36109e-85	3.56234e-92	3.76353e-99	2.70965e-106	1.2753e-113	3.67488e-121	5.806e-129	4.06894e-137	7.34283e-146	2.78389e-74	
CGA594	0	0	0	0	0	0	0	0	0	0	0	0	0	0	0	1	0	0	0	0	0	0	0	0	0	0	0	0	0	0	0	0	0	0	0	0	0	0	0	0	0	
CGA48	0	0	0	0	0	0	0	0	0	0	0	0	0	0	0	1	0	0	0	0	0	0	0	0	0	0	0	0	0	0	0	0	0	0	0	0	0	0	0	0	0	
N92	1.72012e-45	3.44416e-44	6.71024e-43	1.21174e-41	2.01591e-40	3.06828e-39	4.23737e-38	5.25742e-37	5.78973e-36	5.57414e-35	4.60146e-34	3.17413e-33	1.76554e-32	7.51514e-32	2.25305e-31	4.11045e-31	2.68723e-10	4.01192e-05	0.999957	2.68713e-06	1.42815e-12	2.831e-34	3.41111e-35	3.54019e-36	3.22224e-37	2.60904e-38	1.9011e-39	1.25852e-40	7.62977e-42	4.26477e-43	2.21074e-44	1.06813e-45	4.83146e-47	2.05393e-48	8.23473e-50	3.12327e-51	1.12375e-52	3.84524e-54	1.25416e-55	3.90722e-57	1.19813e-58	
C3134	0	0	0	0	0	0	0	0	0	0	0	0	0	0	0	0	0	0	1	0	0	0	0	0	0	0	0	0	0	0	0	0	0	0	0	0	0	0	0	0	0	
C3126	0	0	0	0	0	0	0	0	0	0	0	0	0	0	0	0	0	0	1	0	0	0	0	0	0	0	0	0	0	0	0	0	0	0	0	0	0	0	0	0	0	
N93	3.89812e-56	8.25426e-53	3.09063e-48	9.14271e-44	2.10391e-39	3.70161e-35	4.87768e-31	4.69611e-27	3.20531e-23	1.49431e-19	4.54083e-16	8.47005e-13	8.96212e-10	4.8344e-07	0.000114584	0.00965477	0.212327	0.692578	0.083978	0.00134011	6.15185e-06	1.14746e-08	1.05679e-11	5.4476e-15	1.7152e-18	3.51695e-22	4.93183e-26	4.91483e-30	3.58955e-34	1.97024e-38	8.29818e-43	2.72896e-47	7.11142e-52	1.48696e-56	3.64988e-61	1.03919e-61	6.56091e-62	2.73913e-62	7.1835e-63	1.0969e-63	9.38704e-65	
CGA311	0	0	0	0	0	0	0	0	0	0	0	0	0	0	0	0	0	1	0	0	0	0	0	0	0	0	0	0	0	0	0	0	0	0	0	0	0	0	0	0	0	
N94	4.92507e-64	6.40598e-59	7.10198e-54	6.19327e-49	4.17504e-44	2.13224e-39	8.05612e-35	2.18898e-30	4.13389e-26	5.2038e-22	4.14443e-18	1.95376e-14	4.996e-11	6.15741e-08	3.09889e-05	0.00500457	0.179963	0.724315	0.0895251	0.00115762	3.60654e-06	4.01473e-09	2.00127e-12	5.16911e-16	7.66043e-20	7.0215e-24	4.21618e-28	1.73547e-32	5.07946e-37	1.08938e-41	1.75552e-46	2.17117e-51	2.09857e-56	2.21031e-61	2.38366e-63	6.38698e-65	1.12141e-66	1.23708e-68	8.1132e-71	2.94883e-73	5.75962e-76	
N95	2.12318e-69	5.40494e-64	1.17218e-58	1.99624e-53	2.63343e-48	2.64758e-43	1.98921e-38	1.09064e-33	4.23804e-29	1.12547e-24	1.95044e-20	2.07721e-16	1.25418e-12	3.83479e-09	5.0218e-06	0.00214766	0.180661	0.789686	0.0273891	0.000111586	1.20108e-07	4.97232e-11	9.79478e-15	1.05169e-18	6.75946e-23	2.78362e-27	7.73194e-32	1.50759e-36	2.12997e-41	2.23715e-46	1.78392e-51	1.09892e-56	5.30585e-62	2.03238e-67	6.42933e-73	4.06755e-75	5.90642e-76	5.6335e-77	3.35445e-78	1.15773e-79	2.17502e-81	
N96	1.82659e-49	4.6357e-48	1.1442e-46	2.64129e-45	5.67609e-44	1.12956e-42	2.06892e-41	3.46294e-40	5.25196e-39	7.14369e-38	8.60561e-37	9.03708e-36	8.10549e-35	6.04116e-34	5.32499e-13	1.75605e-06	0.999989	9.05725e-06	7.01159e-12	1.68847e-32	3.82901e-33	6.54243e-34	8.93046e-35	1.01241e-35	9.79854e-37	8.26453e-38	6.17204e-39	4.13319e-40	2.5076e-41	1.39011e-42	7.0922e-44	3.35053e-45	1.47348e-46	6.05999e-48	2.3402e-49	8.51615e-51	2.92973e-52	9.5554e-54	2.96226e-55	8.74931e-57	2.53372e-58	
CGA45	0	0	0	0	0	0	0	0	0	0	0	0	0	0	0	0	1	0	0	0	0	0	0	0	0	0	0	0	0	0	0	0	0	0	0	0	0	0	0	0	0	
CGA46	0	0	0	0	0	0	0	0	0	0	0	0	0	0	0	0	1	0	0	0	0	0	0	0	0	0	0	0	0	0	0	0	0	0	0	0	0	0	0	0	0	
N97	2.02254e-71	6.05322e-66	1.52714e-60	3.05851e-55	4.79956e-50	5.81016e-45	5.32541e-40	3.61299e-35	1.76476e-30	5.99547e-26	1.35605e-21	1.92894e-17	1.59865e-13	6.93384e-10	1.34089e-06	0.000888647	0.12135	0.852462	0.0252099	8.73718e-05	8.07548e-08	2.89482e-11	4.97296e-15	4.68547e-19	2.65707e-23	9.70245e-28	2.40058e-32	4.18696e-37	5.31241e-42	5.02972e-47	3.62836e-52	2.02905e-57	8.92368e-63	3.12456e-68	1.09175e-72	1.14132e-73	8.40713e-75	3.81702e-76	9.94095e-78	1.33275e-79	7.9855e-82	
N98	2.4249e-74	7.91398e-69	2.21616e-63	5.05589e-58	9.2694e-53	1.34429e-47	1.51385e-42	1.29512e-37	8.19876e-33	3.71923e-28	1.16157e-23	2.373e-19	2.96369e-15	2.06093e-11	6.95648e-08	9.13936e-05	0.0309289	0.954562	0.0143889	2.87884e-05	1.69339e-08	4.13662e-12	5.09395e-16	3.57961e-20	1.56442e-24	4.52917e-29	9.11525e-34	1.32463e-38	1.4332e-43	1.184e-48	7.62762e-54	3.90096e-59	1.60823e-64	5.41588e-70	1.50713e-75	3.50111e-81	6.85064e-87	1.13813e-92	1.61693e-98	1.977e-104	2.15506e-110	
N99	7.73791e-98	1.04256e-90	1.02536e-83	7.3015e-77	3.77976e-70	1.42115e-63	3.85937e-57	7.49159e-51	1.0232e-44	9.61679e-39	6.03397e-33	2.42498e-27	5.89535e-22	7.99194e-17	5.34876e-12	1.45129e-07	0.00110984	0.998023	0.000866628	9.52197e-08	3.07082e-12	4.11624e-17	2.76949e-22	1.05128e-27	2.4349e-33	3.63613e-39	3.64378e-45	2.52327e-51	1.23364e-57	4.32346e-64	1.09703e-70	2.02593e-77	2.72465e-84	2.65723e-91	1.86068e-98	9.19724e-106	3.12459e-113	7.00159e-121	9.69604e-129	7.43404e-137	2.58147e-145	
C3043	0	0	0	0	0	0	0	0	0	0	0	0	0	0	0	0	0	1	0	0	0	0	0	0	0	0	0	0	0	0	0	0	0	0	0	0	0	0	0	0	0	
CGA87	0	0	0	0	0	0	0	0	0	0	0	0	0	0	0	0	0	1	0	0	0	0	0	0	0	0	0	0	0	0	0	0	0	0	0	0	0	0	0	0	0	
N100	9.97754e-96	1.01379e-88	7.52025e-82	4.03894e-75	1.57686e-68	4.47094e-62	9.15471e-56	1.33964e-49	1.37894e-43	9.76443e-38	4.61382e-32	1.39558e-26	2.55154e-21	2.59842e-16	1.30422e-11	2.64681e-07	0.00150644	0.997332	0.00116144	1.70528e-07	7.33251e-12	1.3085e-16	1.1708e-21	5.90566e-27	1.81652e-32	3.60086e-38	4.7882e-44	4.39862e-50	2.8522e-56	1.32553e-62	4.45957e-69	1.09188e-75	1.94682e-82	2.51708e-89	2.33671e-96	1.53138e-103	6.8985e-111	2.05002e-118	3.76576e-126	3.83101e-134	1.76548e-142	
CGA368	0	0	0	0	0	0	0	0	0	0	0	0	0	0	0	0	0	1	0	0	0	0	0	0	0	0	0	0	0	0	0	0	0	0	0	0	0	0	0	0	0	
CGA557	0	0	0	0	0	0	0	0	0	0	0	0	0	0	0	0	0	1	0	0	0	0	0	0	0	0	0	0	0	0	0	0	0	0	0	0	0	0	0	0	0	
CGA364	0	0	0	0	0	0	0	0	0	0	0	0	0	0	0	0	0	1	0	0	0	0	0	0	0	0	0	0	0	0	0	0	0	0	0	0	0	0	0	0	0	
C2208	0	0	0	0	0	0	0	0	0	0	0	0	0	0	0	0	0	0	1	0	0	0	0	0	0	0	0	0	0	0	0	0	0	0	0	0	0	0	0	0	0	
N101	1.25811e-49	1.33144e-45	1.33933e-41	1.0908e-37	7.07609e-34	3.59275e-30	1.39888e-26	4.07751e-23	8.6451e-20	1.28749e-16	1.29004e-13	8.23775e-11	3.12642e-08	6.4315e-06	0.000632773	0.0249512	0.299852	0.624052	0.0495692	0.000929763	6.6716e-06	2.31319e-08	4.45768e-11	5.24511e-14	4.03254e-17	2.13229e-20	8.07243e-24	2.25995e-27	4.80481e-31	7.93223e-35	1.03622e-38	1.08864e-42	9.32816e-47	6.59984e-51	3.89771e-55	1.94005e-59	8.20884e-64	2.97563e-68	9.30543e-73	2.5271e-77	6.61876e-82	
N102	1.76055e-66	2.70022e-61	3.53588e-56	3.69181e-51	3.0275e-46	1.91609e-41	9.16772e-37	3.2355e-32	8.17645e-28	1.42669e-23	1.64239e-19	1.17681e-15	4.85984e-12	1.04062e-08	9.90564e-06	0.00328111	0.237868	0.741323	0.0174537	6.44933e-05	7.31695e-08	3.48756e-11	8.37977e-15	1.14327e-18	9.62963e-23	5.32737e-27	2.03012e-31	5.53314e-36	1.11192e-40	1.68929e-45	1.98131e-50	1.82602e-55	1.34255e-60	7.97797e-66	3.8753e-71	1.55403e-76	5.18951e-82	1.45443e-87	3.4789e-93	1.1468e-98	5.30739e-103	
N103	1.38284e-51	5.35823e-50	1.9853e-48	6.84125e-47	2.18133e-45	6.39746e-44	1.71381e-42	4.15892e-41	9.05142e-40	1.74511e-38	2.93484e-37	1.02595e-31	3.94105e-25	4.23154e-19	1.47493e-13	1.53331e-08	0.000412501	0.999441	0.000146169	3.04312e-09	1.95796e-14	4.11952e-20	2.97576e-26	6.23848e-33	1.89212e-38	9.84161e-40	4.5363e-41	1.87587e-42	7.02938e-44	2.4068e-45	7.58221e-47	2.21083e-48	5.99696e-50	1.52e-51	3.61384e-53	8.08703e-55	1.7085e-56	3.41677e-58	6.48392e-60	1.1701e-61	2.04496e-63	
CGA453	0	0	0	0	0	0	0	0	0	0	0	0	0	0	0	0	0	1	0	0	0	0	0	0	0	0	0	0	0	0	0	0	0	0	0	0	0	0	0	0	0	
CGA383	0	0	0	0	0	0	0	0	0	0	0	0	0	0	0	0	0	1	0	0	0	0	0	0	0	0	0	0	0	0	0	0	0	0	0	0	0	0	0	0	0	
N104	1.56996e-73	6.31973e-68	2.15149e-62	5.89512e-57	1.28153e-51	2.17355e-46	2.81995e-41	2.73338e-36	1.92375e-31	9.49119e-27	3.14062e-22	6.58308e-18	8.09817e-14	5.25265e-10	1.52984e-06	0.00153036	0.303956	0.689226	0.00528008	6.44037e-06	2.47395e-09	4.08447e-13	3.46667e-17	1.69933e-21	5.22015e-26	1.06737e-30	1.52146e-35	1.56813e-40	1.20364e-45	7.04914e-51	3.21441e-56	1.16099e-61	3.3703e-67	7.96329e-73	1.54842e-78	2.51895e-84	5.48902e-90	3.50882e-94	1.11313e-96	8.49031e-99	6.25698e-101	
N105	2.12834e-54	1.28949e-52	7.41112e-51	3.96233e-49	1.96062e-47	8.92539e-46	3.71198e-44	1.39861e-42	4.72609e-41	1.41445e-39	3.69046e-38	8.22305e-37	1.52163e-35	2.24669e-34	2.48797e-33	6.06645e-12	1.17531e-05	0.999987	1.7203e-06	4.26299e-13	1.21973e-34	8.08012e-36	4.30194e-37	1.91113e-38	7.27502e-40	2.42036e-41	7.14593e-43	1.89512e-44	4.55922e-46	1.00314e-47	2.03248e-49	3.81427e-51	6.6634e-53	1.08835e-54	1.66831e-56	2.40815e-58	3.28303e-60	4.23841e-62	5.19392e-64	6.05451e-66	6.79786e-68	
CGA501	0	0	0	0	0	0	0	0	0	0	0	0	0	0	0	0	0	1	0	0	0	0	0	0	0	0	0	0	0	0	0	0	0	0	0	0	0	0	0	0	0	
C11776	0	0	0	0	0	0	0	0	0	0	0	0	0	0	0	0	0	1	0	0	0	0	0	0	0	0	0	0	0	0	0	0	0	0	0	0	0	0	0	0	0	
N106	2.60068e-55	1.62602e-53	9.66054e-52	5.35248e-50	2.75259e-48	1.30676e-46	5.6907e-45	2.25625e-43	8.07169e-42	2.57722e-40	7.24549e-39	1.76295e-37	3.62976e-36	6.1325e-35	1.71416e-13	1.02322e-06	0.99998	1.9231e-05	8.8371e-12	6.64849e-33	6.48389e-34	4.6902e-35	2.68664e-36	1.27094e-37	5.11259e-39	1.78686e-40	5.51601e-42	1.52365e-43	3.80571e-45	8.67022e-47	1.81474e-48	3.51121e-50	6.31314e-52	1.05964e-53	1.66699e-55	2.4665e-57	3.44313e-59	4.54723e-61	5.69552e-63	6.78069e-65	7.77157e-67	
C3121	0	0	0	0	0	0	0	0	0	0	0	0	0	0	0	0	1	0	0	0	0	0	0	0	0	0	0	0	0	0	0	0	0	0	0	0	0	0	0	0	0	
C3123	0	0	0	0	0	0	0	0	0	0	0	0	0	0	0	0	1	0	0	0	0	0	0	0	0	0	0	0	0	0	0	0	0	0	0	0	0	0	0	0	0	
N107	1.20219e-80	1.60453e-74	1.60711e-68	1.16066e-62	6.06333e-57	2.28731e-51	6.1906e-46	1.18845e-40	1.59123e-35	1.45147e-30	8.73808e-26	3.32616e-21	7.54967e-17	9.41025e-13	5.7081e-09	1.39422e-05	0.00985238	0.985271	0.00485881	3.79331e-06	9.4175e-10	1.01056e-13	5.56739e-18	1.75576e-22	3.4126e-27	4.30818e-32	3.67031e-37	2.17055e-42	9.09661e-48	2.74167e-53	6.00011e-59	9.58275e-65	1.11745e-70	9.47335e-77	5.78129e-83	2.49717e-89	7.43445e-96	1.46433e-102	1.78847e-109	1.21403e-116	3.81938e-124	
Calparcri	0	0	0	0	0	0	0	0	0	0	0	0	0	0	0	0	0	1	0	0	0	0	0	0	0	0	0	0	0	0	0	0	0	0	0	0	0	0	0	0	0	
C3118	0	0	0	0	0	0	0	0	0	0	0	0	0	0	0	0	0	1	0	0	0	0	0	0	0	0	0	0	0	0	0	0	0	0	0	0	0	0	0	0	0	
N108	3.41075e-49	5.59664e-47	4.97492e-45	3.36979e-43	8.40143e-39	7.9159e-34	6.54158e-29	3.37057e-24	9.81737e-20	1.46761e-15	9.8988e-12	2.53281e-08	1.97169e-05	0.00365952	0.124427	0.573613	0.278906	0.0191243	0.000250572	8.78745e-07	1.05669e-09	5.17633e-13	1.1664e-16	1.3205e-20	8.02541e-25	3.80323e-29	2.59253e-31	1.9216e-33	5.0211e-36	6.95611e-39	6.99677e-42	5.47998e-45	3.4124e-48	1.71701e-51	8.5201e-55	2.06841e-55	1.62661e-55	6.71492e-56	1.49515e-56	1.88692e-57	1.45486e-58	
N109	5.56091e-46	7.17819e-42	8.19822e-38	7.28452e-34	4.93574e-30	2.49185e-26	9.12155e-23	2.34348e-19	4.06239e-16	4.52591e-13	3.04792e-10	1.146e-07	2.163e-05	0.00176618	0.0501063	0.353464	0.459735	0.126098	0.0086198	0.000187047	1.59801e-06	6.33993e-09	1.32107e-11	1.58637e-14	1.17901e-17	5.73669e-21	1.91167e-24	4.52668e-28	7.85333e-32	1.0243e-35	1.02668e-39	8.05929e-44	5.03668e-48	2.54235e-52	1.04976e-56	3.58604e-61	1.02375e-65	2.4647e-70	5.04805e-75	9.47314e-80	1.01024e-83	
N110	6.71566e-44	6.73646e-40	6.04869e-36	4.22473e-32	2.24608e-28	8.86143e-25	2.5163e-21	4.95427e-18	6.45596e-15	5.24903e-12	2.46781e-09	6.0845e-07	6.9969e-05	0.00336056	0.0595989	0.329715	0.457115	0.140515	0.00943056	0.000192269	1.54792e-06	5.89901e-09	1.20868e-11	1.46092e-14	1.11708e-17	5.70506e-21	2.03196e-24	5.22757e-28	1.00006e-31	1.45773e-35	1.65294e-39	1.48425e-43	1.07188e-47	6.31037e-52	3.06495e-56	1.24124e-60	4.23129e-65	1.22452e-69	3.0316e-74	6.46622e-79	1.29644e-83	
N111	1.72072e-42	1.94057e-38	1.94941e-34	1.50773e-30	8.76399e-27	3.72076e-23	1.11387e-19	2.24906e-16	2.88988e-13	2.18193e-10	8.61373e-08	1.47508e-05	0.000804015	0.0166588	0.135955	0.404538	0.363849	0.0754625	0.0026892	2.75724e-05	1.12794e-07	2.2467e-10	2.48283e-13	1.66774e-16	7.28172e-20	2.17546e-23	4.63065e-27	7.256e-31	8.59821e-35	7.88078e-39	5.6951e-43	3.29881e-47	1.55362e-51	6.02427e-56	1.94463e-60	5.27726e-65	1.2146e-69	2.3897e-74	4.04793e-79	5.94195e-84	8.14097e-89	
N112	1.00811e-50	2.36659e-46	4.9136e-42	7.97676e-38	9.92385e-34	9.24202e-30	6.26444e-26	2.98674e-22	9.60294e-19	1.97478e-15	2.4283e-12	1.63897e-09	5.46938e-07	8.06326e-05	0.00463326	0.0886255	0.452059	0.421851	0.0322336	0.000514221	2.74192e-06	6.3365e-09	7.46786e-12	5.01511e-15	2.07951e-18	5.65671e-22	1.05836e-25	1.41455e-29	1.39303e-33	1.03711e-37	5.96535e-42	2.70035e-46	9.77468e-51	2.8688e-55	6.91015e-60	1.38075e-64	2.3105e-69	3.26548e-74	3.92764e-79	4.04821e-84	3.85894e-89	
Triowe	0	0	0	0	0	0	0	0	0	0	0	0	0	0	0	0	0	1	0	0	0	0	0	0	0	0	0	0	0	0	0	0	0	0	0	0	0	0	0	0	0	
N113	2.8184e-52	6.36851e-48	1.28809e-43	2.07289e-39	2.60781e-35	2.51299e-31	1.81065e-27	9.47648e-24	3.47823e-20	8.57235e-17	1.34317e-13	1.2474e-10	6.26552e-08	1.50794e-05	0.00148094	0.0480207	0.38794	0.513245	0.0483719	0.000919896	5.76287e-06	1.5569e-08	2.14465e-11	1.6872e-14	8.22369e-18	2.64007e-21	5.8537e-25	9.3101e-29	1.0954e-32	9.78094e-37	6.77184e-41	3.70247e-45	1.62393e-49	5.79245e-54	1.70045e-58	4.15188e-63	8.51048e-68	1.47673e-72	2.18532e-77	2.77674e-82	3.28721e-87	
Trijoh	0	0	0	0	0	0	0	0	0	0	0	0	0	0	0	0	0	1	0	0	0	0	0	0	0	0	0	0	0	0	0	0	0	0	0	0	0	0	0	0	0	
Trimel	0	0	0	0	0	0	0	0	0	0	0	0	0	0	0	0	0	1	0	0	0	0	0	0	0	0	0	0	0	0	0	0	0	0	0	0	0	0	0	0	0	
N114	1.75713e-36	2.23534e-32	2.44257e-28	1.98038e-24	1.15386e-20	4.64321e-17	1.2261e-13	1.98403e-10	1.78663e-07	7.73544e-05	0.012547	0.449591	0.440594	0.0907351	0.00627849	0.000174558	2.06055e-06	1.01744e-08	2.1198e-11	2.17323e-14	1.24669e-17	4.39011e-21	1.01522e-24	1.62208e-28	1.86275e-32	1.58662e-36	1.02842e-40	5.18188e-45	2.06639e-49	6.62177e-54	1.72778e-58	3.71293e-63	6.63743e-68	9.9577e-73	1.2635e-77	1.36539e-82	1.2644e-87	1.00891e-92	6.97119e-98	4.18993e-103	2.34439e-108	
N115	7.78757e-38	1.76549e-33	3.285e-29	4.42572e-25	4.16167e-21	2.60832e-17	1.02629e-13	2.33868e-10	2.75297e-07	0.000140627	0.0231555	0.659938	0.296125	0.0202641	0.000373692	2.40344e-06	6.20988e-09	7.12882e-12	4.04868e-15	1.26841e-18	2.39622e-22	2.92447e-26	2.43233e-30	1.43791e-34	6.24964e-39	2.05301e-43	5.21565e-48	1.04472e-52	1.67733e-57	2.18937e-62	2.35207e-67	2.1023e-72	1.57824e-77	1.00355e-82	5.44571e-88	2.5388e-93	1.02301e-98	3.58236e-104	1.09555e-109	2.939e-115	7.22831e-121	
Trihoe	0	0	0	0	0	0	0	0	0	0	0	1	0	0	0	0	0	0	0	0	0	0	0	0	0	0	0	0	0	0	0	0	0	0	0	0	0	0	0	0	0	
Tribit	0	0	0	0	0	0	0	0	0	0	0	1	0	0	0	0	0	0	0	0	0	0	0	0	0	0	0	0	0	0	0	0	0	0	0	0	0	0	0	0	0	
Trijac	0	0	0	0	0	0	0	0	0	0	0	1	0	0	0	0	0	0	0	0	0	0	0	0	0	0	0	0	0	0	0	0	0	0	0	0	0	0	0	0	0	
N116	4.18321e-49	4.85467e-45	5.20887e-41	4.47884e-37	3.03511e-33	1.59072e-29	6.30764e-26	1.84377e-22	3.85119e-19	5.53456e-16	5.22164e-13	3.04799e-10	1.01945e-07	1.76441e-05	0.00137591	0.0399825	0.334882	0.550642	0.0710357	0.00204356	2.06716e-05	9.40867e-08	2.24746e-10	3.12944e-13	2.74101e-16	1.59974e-19	6.50823e-23	1.91374e-26	4.1899e-30	7.00141e-34	9.11867e-38	9.42415e-42	7.84999e-46	5.3421e-50	3.00583e-54	1.4133e-58	5.60573e-63	1.89168e-67	5.47281e-72	1.36705e-76	3.24057e-81	
Tricri	0	0	0	0	0	0	0	0	0	0	0	0	0	0	0	0	0	1	0	0	0	0	0	0	0	0	0	0	0	0	0	0	0	0	0	0	0	0	0	0	0	
N117	5.91718e-54	1.31216e-49	2.61574e-45	4.20054e-41	5.34901e-37	5.30453e-33	4.01103e-29	2.25562e-25	9.15578e-22	2.58666e-18	4.8616e-15	5.73993e-12	3.95008e-09	1.43222e-06	0.000237463	0.0146331	0.244344	0.657781	0.0811172	0.00187169	1.38804e-05	4.39124e-08	7.04391e-11	6.43234e-14	3.63238e-17	1.34953e-20	3.46103e-24	6.36629e-28	8.66513e-32	8.95599e-36	7.18409e-40	4.55649e-44	2.32199e-48	9.64123e-53	3.30199e-57	9.42985e-62	2.26734e-66	4.62987e-71	8.09175e-76	1.21903e-80	1.70946e-85	
Triwie	0	0	0	0	0	0	0	0	0	0	0	0	0	0	0	0	0	1	0	0	0	0	0	0	0	0	0	0	0	0	0	0	0	0	0	0	0	0	0	0	0	
Triqua	0	0	0	0	0	0	0	0	0	0	0	0	0	0	0	0	0	1	0	0	0	0	0	0	0	0	0	0	0	0	0	0	0	0	0	0	0	0	0	0	0	
N118	3.75929e-40	1.13161e-36	3.37466e-33	8.10755e-30	1.54205e-26	2.2797e-23	2.56393e-20	2.13869e-17	1.28336e-14	5.33701e-12	1.4681e-09	2.51627e-07	2.4825e-05	0.0012635	0.0282948	0.219767	0.452149	0.25319	0.0426164	0.00262204	7.06756e-05	9.60535e-07	7.31745e-09	3.38668e-11	1.01359e-13	2.061e-16	2.96302e-19	3.11203e-22	2.45388e-25	1.48651e-28	7.05568e-32	2.66898e-35	8.16615e-39	2.04738e-42	4.25482e-46	7.40469e-50	1.08906e-53	1.36487e-57	1.46847e-61	1.36647e-65	1.27929e-69	
N119	4.71333e-43	1.67897e-39	5.85021e-36	1.6619e-32	3.7909e-29	6.82916e-26	9.53045e-23	1.00732e-19	7.85013e-17	4.36726e-14	1.66714e-11	4.15628e-09	6.35353e-07	5.48395e-05	0.00239299	0.0453745	0.302719	0.517964	0.123162	0.00811816	0.000211277	2.66179e-06	1.85187e-08	7.79983e-11	2.12818e-13	3.96212e-16	5.24399e-19	5.10077e-22	3.74762e-25	2.12822e-28	9.52608e-32	3.41796e-35	9.9755e-39	2.39882e-42	4.80714e-46	8.10952e-50	1.16213e-53	1.4263e-57	1.51031e-61	1.38946e-65	1.26454e-69	
Kinboe	0	0	0	0	0	0	0	0	0	0	0	0	0	0	0	0	0	1	0	0	0	0	0	0	0	0	0	0	0	0	0	0	0	0	0	0	0	0	0	0	0	
Kinfis	0	0	0	0	0	0	0	0	0	0	0	0	0	0	0	0	0	1	0	0	0	0	0	0	0	0	0	0	0	0	0	0	0	0	0	0	0	0	0	0	0	
Kinxen	0	0	0	0	0	0	0	0	0	0	0	0	0	0	0	0	0	1	0	0	0	0	0	0	0	0	0	0	0	0	0	0	0	0	0	0	0	0	0	0	0	
N120	6.97011e-44	1.11606e-40	1.5781e-37	1.7701e-34	1.54397e-31	1.10025e-28	2.2968e-25	2.34855e-21	1.76508e-17	7.26492e-14	1.46764e-10	1.2769e-07	4.1415e-05	0.00438462	0.118787	0.539705	0.303395	0.0326139	0.00105887	1.37446e-05	8.41836e-08	2.708e-10	4.9221e-13	5.32101e-16	3.54683e-19	1.49441e-22	4.04438e-26	7.09482e-30	8.10311e-34	6.08317e-38	3.29112e-42	2.21254e-46	3.33539e-50	6.98872e-51	9.76488e-51	6.55244e-51	1.92208e-51	2.14929e-52	7.7345e-54	9.60492e-56	2.44346e-57	
N121	1.82489e-26	1.61061e-23	1.43456e-20	9.6922e-18	4.80907e-15	1.69417e-12	4.06475e-10	6.3019e-08	5.89836e-06	0.000304428	0.00765501	0.0791118	0.276303	0.370716	0.209449	0.0510529	0.00518037	0.000217002	4.31135e-06	4.64242e-08	2.99287e-10	1.24291e-12	3.51404e-15	7.06066e-18	1.04342e-20	1.16632e-23	1.00936e-26	6.89745e-30	3.7851e-33	1.69258e-36	6.24677e-40	1.92434e-43	4.99775e-47	1.10413e-50	2.09177e-54	3.42307e-58	4.87078e-62	6.06295e-66	6.63855e-70	6.42898e-74	6.31128e-78	
N122	5.69649e-33	4.72468e-29	3.31246e-25	1.65335e-21	5.654e-18	1.26398e-14	1.73954e-11	1.36114e-08	5.42285e-06	0.000934139	0.0532309	0.597995	0.315623	0.0312733	0.000928336	1.03469e-05	4.97162e-08	1.15038e-10	1.41504e-13	1.00629e-16	4.43071e-20	1.27672e-23	2.51834e-27	3.52805e-31	3.61926e-35	2.78926e-39	1.65031e-43	7.63694e-48	2.80873e-52	8.32528e-57	2.01324e-61	4.01497e-66	6.66668e-71	9.29552e-76	1.09669e-80	1.10232e-85	9.49792e-91	7.05441e-96	4.53938e-101	2.54254e-106	1.32804e-111	
N123	7.25545e-39	2.82909e-34	8.66662e-30	1.86038e-25	2.68319e-21	2.46552e-17	1.3466e-13	3.97943e-10	5.56557e-07	0.000300149	0.0439769	0.841415	0.112588	0.00171335	6.21495e-06	7.83397e-09	4.31033e-12	1.2044e-15	1.90195e-19	1.83701e-23	1.15281e-27	4.92911e-32	1.49188e-36	3.29783e-41	5.46432e-46	6.93673e-51	6.87334e-56	5.40156e-61	3.41368e-66	1.75599e-71	7.43048e-77	2.61074e-82	7.67993e-88	1.90541e-93	4.01336e-99	7.21872e-105	1.11461e-110	1.48438e-116	1.71222e-122	1.71716e-128	1.54908e-134	
N124	3.60837e-37	8.24004e-33	1.53611e-28	2.05479e-24	1.8969e-20	1.1504e-16	4.29705e-13	9.05449e-10	9.48737e-07	0.000406447	0.0505197	0.859264	0.0887612	0.00104405	3.22785e-06	3.84335e-09	2.18682e-12	6.82356e-16	1.28405e-19	1.56186e-23	1.29439e-27	7.61686e-32	3.28975e-36	1.07155e-40	2.69231e-45	5.31835e-50	8.395e-55	1.07383e-59	1.12667e-64	9.80003e-70	7.13324e-75	4.38097e-80	2.28704e-85	1.02151e-90	3.92673e-96	1.30592e-101	3.77536e-107	9.52788e-113	2.10713e-118	4.09766e-124	7.30753e-130	
Chaafr	0	0	0	0	0	0	0	0	0	0	0	1	0	0	0	0	0	0	0	0	0	0	0	0	0	0	0	0	0	0	0	0	0	0	0	0	0	0	0	0	0	
Chacha	0	0	0	0	0	0	0	0	0	0	0	1	0	0	0	0	0	0	0	0	0	0	0	0	0	0	0	0	0	0	0	0	0	0	0	0	0	0	0	0	0	
N125	2.80562e-37	6.37013e-33	1.18089e-28	1.5786e-24	1.46405e-20	8.97157e-17	3.40835e-13	7.36176e-10	7.98409e-07	0.000358518	0.0474911	0.875747	0.0756217	0.000779176	2.1849e-06	2.41664e-09	1.29948e-12	3.88219e-16	7.06695e-20	8.38632e-24	6.83051e-28	3.97614e-32	1.70912e-36	5.57254e-41	1.40947e-45	2.81873e-50	4.5305e-55	5.93593e-60	6.41894e-65	5.79181e-70	4.40302e-75	2.84466e-80	1.57408e-85	7.51242e-91	3.11204e-96	1.12545e-101	3.57202e-107	9.99761e-113	2.47854e-118	5.46495e-124	1.11686e-129	
Chacaly	0	0	0	0	0	0	0	0	0	0	0	1	0	0	0	0	0	0	0	0	0	0	0	0	0	0	0	0	0	0	0	0	0	0	0	0	0	0	0	0	0	
Chazey	0	0	0	0	0	0	0	0	0	0	0	1	0	0	0	0	0	0	0	0	0	0	0	0	0	0	0	0	0	0	0	0	0	0	0	0	0	0	0	0	0	
N126	1.89592e-31	1.0931e-27	5.47841e-24	1.9738e-20	4.91925e-17	8.08915e-14	8.25692e-11	4.82214e-08	1.43757e-05	0.0018455	0.0772384	0.622949	0.276702	0.0208055	0.000441455	3.5144e-06	1.26533e-08	2.35607e-11	2.50767e-14	1.64686e-17	7.08317e-21	2.09189e-24	4.40767e-28	6.83738e-32	8.01589e-36	7.26078e-40	5.17796e-44	2.95472e-48	1.36824e-52	5.20521e-57	1.64456e-61	4.3567e-66	9.76054e-71	1.86343e-75	3.05248e-80	4.31696e-85	5.30049e-90	5.67893e-95	5.33372e-100	4.41013e-105	3.44433e-110	
Chadil	0	0	0	0	0	0	0	0	0	0	0	1	0	0	0	0	0	0	0	0	0	0	0	0	0	0	0	0	0	0	0	0	0	0	0	0	0	0	0	0	0	
Chasen	0	0	0	0	0	0	0	0	0	0	0	1	0	0	0	0	0	0	0	0	0	0	0	0	0	0	0	0	0	0	0	0	0	0	0	0	0	0	0	0	0	
Chanam	0	0	0	0	0	0	0	0	0	0	0	1	0	0	0	0	0	0	0	0	0	0	0	0	0	0	0	0	0	0	0	0	0	0	0	0	0	0	0	0	0	
N127	5.14166e-39	2.89745e-37	8.41324e-36	6.62098e-35	1.65074e-31	1.32236e-27	7.80776e-24	3.29546e-20	9.54208e-17	1.7902e-13	2.0081e-10	1.20136e-07	3.26802e-05	0.0033098	0.0930195	0.467837	0.355088	0.0741521	0.00628945	0.00026474	6.235e-06	8.86754e-08	8.003e-10	4.7325e-12	1.89509e-14	2.84756e-15	1.03656e-14	1.16371e-14	4.38344e-15	9.45923e-16	1.51748e-16	1.84912e-17	1.73084e-18	1.26787e-19	7.42145e-21	3.54148e-22	1.40268e-23	4.68413e-25	1.33765e-26	3.34257e-28	9.52287e-30	
Riebrev	0	0	0	0	0	0	0	0	0	0	0	0	0	0	0	0	0	0	0	0	0	0	0	0	0	0	0	0	0	0	1	0	0	0	0	0	0	0	0	0	0	
N128	2.20713e-56	7.90005e-52	2.64791e-47	7.09998e-43	1.49655e-38	2.43616e-34	2.99962e-30	2.72535e-26	1.77349e-22	7.96981e-19	2.36341e-15	4.36435e-12	4.6501e-09	2.57446e-06	0.000635004	0.0540307	0.906593	0.0384087	0.000329127	1.00805e-06	1.42658e-09	1.08442e-12	4.89465e-16	1.40962e-19	2.73443e-23	3.72714e-27	3.69276e-31	2.73538e-35	1.55572e-39	7.09927e-44	3.0315e-48	1.82381e-52	1.74047e-56	1.73251e-60	1.44753e-64	9.75425e-69	5.30637e-73	2.34997e-77	8.58253e-82	2.69067e-86	8.9656e-91	
N129	8.09689e-59	2.6384e-55	7.61207e-52	1.75381e-48	2.27684e-46	6.31509e-45	4.02753e-42	1.02922e-36	1.76387e-31	1.92259e-26	1.26682e-21	4.70738e-17	8.94499e-13	7.52107e-09	2.2241e-05	0.0153586	0.973004	0.0116021	1.32003e-05	3.62839e-09	3.60596e-13	1.62106e-17	3.79266e-22	5.07521e-27	4.15274e-32	2.18136e-37	7.79983e-43	1.61264e-45	5.25154e-47	3.668e-49	1.50727e-52	4.97764e-56	1.41403e-59	3.48864e-63	7.53199e-67	1.43267e-70	2.41551e-74	3.63026e-78	4.88974e-82	5.93581e-86	6.67243e-90	
N130	9.99653e-63	5.28603e-59	2.43796e-55	8.35435e-52	3.08756e-49	2.55817e-47	1.4484e-43	4.99874e-38	1.16371e-32	1.75351e-27	1.62723e-22	8.67622e-18	2.40527e-13	2.98206e-09	1.29598e-05	0.0126499	0.977389	0.00993908	8.56645e-06	1.72192e-09	1.24154e-13	4.06443e-18	6.98874e-23	6.95193e-28	4.2782e-33	1.70907e-38	4.68112e-44	2.59087e-47	2.46684e-49	5.15401e-52	1.40418e-55	2.92409e-59	5.14815e-63	7.72034e-67	4.18596e-69	7.17573e-68	8.75399e-67	7.03278e-66	3.43936e-65	9.0415e-65	1.04154e-64	
Braset	0	0	0	0	0	0	0	0	0	0	0	0	0	0	0	0	1	0	0	0	0	0	0	0	0	0	0	0	0	0	0	0	0	0	0	0	0	0	0	0	0	
N131	2.63737e-74	1.74934e-68	9.45563e-63	3.98466e-57	1.29366e-51	3.18814e-46	5.85519e-41	7.83197e-36	7.41368e-31	4.78774e-26	2.01148e-21	5.15951e-17	7.3975e-13	5.20812e-09	1.4647e-05	0.0112985	0.978677	0.00999828	1.19634e-05	3.99717e-09	5.38622e-13	3.58484e-17	1.33879e-21	3.06068e-26	4.56083e-31	4.64307e-36	3.34839e-41	1.75997e-46	6.89714e-52	2.0523e-57	4.70526e-63	8.40965e-69	1.18254e-74	1.31753e-80	4.36373e-86	9.20672e-87	1.63332e-87	1.67188e-88	8.92939e-90	2.10829e-91	1.65677e-93	
N132	4.52202e-84	1.5552e-77	3.98358e-71	7.44661e-65	1.01542e-58	1.00499e-52	7.14981e-47	3.60235e-41	1.25864e-35	2.9629e-30	4.51816e-25	4.22723e-20	2.24627e-15	6.04071e-11	6.82274e-07	0.00229332	0.995482	0.00222296	6.42112e-07	5.52732e-11	2.00053e-15	3.66769e-20	3.82192e-25	2.4451e-30	1.01386e-35	2.83377e-41	5.49477e-47	7.54821e-53	7.45573e-59	5.34664e-65	2.79756e-71	1.06847e-77	2.96556e-84	5.92174e-91	8.36314e-98	8.13299e-105	5.22643e-112	2.07962e-119	4.59081e-127	4.55099e-135	1.19116e-143	
Bramel	0	0	0	0	0	0	0	0	0	0	0	0	0	0	0	0	1	0	0	0	0	0	0	0	0	0	0	0	0	0	0	0	0	0	0	0	0	0	0	0	0	
Bratha	0	0	0	0	0	0	0	0	0	0	0	0	0	0	0	0	1	0	0	0	0	0	0	0	0	0	0	0	0	0	0	0	0	0	0	0	0	0	0	0	0	
N133	1.06717e-74	6.37383e-69	3.16679e-63	1.25249e-57	3.89019e-52	9.337e-47	1.69856e-41	2.28771e-36	2.21631e-31	1.48958e-26	6.6308e-22	1.83884e-17	2.92038e-13	2.35022e-09	7.89969e-06	0.00781338	0.98467	0.00750132	7.31509e-06	2.10587e-09	2.53797e-13	1.55263e-17	5.44683e-22	1.19166e-26	1.72821e-31	1.73997e-36	1.2608e-41	6.7672e-47	2.75414e-52	8.66476e-58	2.14142e-63	4.21403e-69	6.67905e-75	8.60949e-81	9.10092e-87	7.94515e-93	5.76274e-99	3.49028e-105	1.77266e-111	7.57577e-118	2.78879e-124	
Bradra	0	0	0	0	0	0	0	0	0	0	0	0	0	0	0	0	1	0	0	0	0	0	0	0	0	0	0	0	0	0	0	0	0	0	0	0	0	0	0	0	0	
Bratra	0	0	0	0	0	0	0	0	0	0	0	0	0	0	0	0	1	0	0	0	0	0	0	0	0	0	0	0	0	0	0	0	0	0	0	0	0	0	0	0	0	
N134	3.29164e-71	1.15835e-65	3.41985e-60	8.04547e-55	1.48812e-49	2.12976e-44	2.31371e-39	1.86419e-34	1.08258e-29	4.37201e-25	1.17283e-20	1.9671e-16	1.89813e-12	9.33784e-09	1.93546e-05	0.0119747	0.976597	0.011391	1.75893e-05	8.1354e-09	1.58972e-12	1.58726e-16	9.13421e-21	3.29145e-25	7.88838e-30	1.31615e-34	1.5842e-39	1.41534e-44	9.60508e-50	5.04671e-55	2.08588e-60	6.87301e-66	1.82599e-71	3.94925e-77	7.01056e-83	1.02858e-88	1.25469e-94	1.27883e-100	1.09363e-106	7.87377e-113	4.90985e-119	
Bragut	0	0	0	0	0	0	0	0	0	0	0	0	0	0	0	0	1	0	0	0	0	0	0	0	0	0	0	0	0	0	0	0	0	0	0	0	0	0	0	0	0	
Braven	0	0	0	0	0	0	0	0	0	0	0	0	0	0	0	0	1	0	0	0	0	0	0	0	0	0	0	0	0	0	0	0	0	0	0	0	0	0	0	0	0	
N135	6.7754e-62	5.9338e-57	4.50346e-52	2.75076e-47	1.33156e-42	5.01748e-38	1.441e-33	3.07575e-29	4.73232e-25	5.0539e-21	3.5714e-17	1.56891e-13	3.93616e-10	4.99309e-07	0.000264922	0.0419864	0.92065	0.0368909	0.000207092	3.50944e-07	2.5094e-10	9.1391e-14	1.91266e-17	2.50159e-21	2.17486e-25	1.31764e-29	5.77432e-34	1.88643e-38	4.70989e-43	9.17591e-48	1.41981e-52	1.77148e-57	1.80582e-62	1.52135e-67	1.06999e-72	6.33894e-78	3.18852e-83	1.37148e-88	5.07688e-94	1.62672e-99	4.7231e-105	
Brapum	0	0	0	0	0	0	0	0	0	0	0	0	0	0	0	0	1	0	0	0	0	0	0	0	0	0	0	0	0	0	0	0	0	0	0	0	0	0	0	0	0	
Bradam	0	0	0	0	0	0	0	0	0	0	0	0	0	0	0	0	1	0	0	0	0	0	0	0	0	0	0	0	0	0	0	0	0	0	0	0	0	0	0	0	0	
