NODE	1	2	3	4	5	6	7	8	9	10	11	12	13	14	15	16	17	18	19	20	21	22	23	24	25	26	27	28	29	30	31	32	33	34	35	36	37	38	39	40	41	
N1	1.71655e-28	1.96172e-24	5.68735e-22	8.54407e-20	1.03491e-18	1.02033e-17	7.04041e-13	1.91423e-10	3.97385e-09	1.02193e-08	2.47001e-08	8.17423e-08	6.69806e-07	2.46609e-05	0.00105883	0.021959	0.160152	0.380397	0.316429	0.103811	0.0150611	0.00106571	3.9889e-05	8.44511e-07	1.06914e-08	8.47844e-11	4.37993e-13	8.78941e-18	4.3162e-19	1.78655e-20	6.30076e-22	1.91143e-23	5.02985e-25	1.15671e-26	2.34028e-28	4.19071e-30	6.67788e-32	9.51622e-34	1.21872e-35	1.42452e-37	2.14091e-39	
Leiolep	0	0	0	0	0	0	0	0	0	0	0	0	0	0	0	0	0	1	0	0	0	0	0	0	0	0	0	0	0	0	0	0	0	0	0	0	0	0	0	0	0	
N2	2.9763e-34	1.97651e-27	3.89635e-23	9.93571e-20	4.6021e-17	5.95545e-15	9.93181e-14	7.14085e-11	7.06386e-09	1.04086e-07	1.49074e-06	1.39993e-05	1.56492e-05	6.4687e-05	0.00421073	0.115815	0.468499	0.355456	0.0536802	0.00220952	3.32412e-05	2.23952e-07	7.86224e-10	1.69276e-12	2.6461e-15	4.29672e-18	8.48853e-21	1.14148e-23	1.28254e-26	1.34436e-29	7.87798e-33	5.71732e-36	2.7336e-39	1.77512e-42	6.36143e-46	3.3237e-49	8.59577e-53	3.02532e-56	5.96457e-60	1.70135e-63	4.95171e-67	
N3	6.94279e-35	1.01004e-28	1.15816e-24	5.25404e-21	2.05199e-18	2.78594e-16	2.91563e-14	2.3417e-11	4.98562e-09	3.43242e-08	1.1703e-07	8.99504e-07	3.20142e-06	2.45844e-05	0.00146658	0.0528666	0.361288	0.469826	0.107701	0.00663596	0.000177402	8.69988e-06	8.05137e-07	1.36265e-07	2.6857e-09	7.20376e-11	1.07195e-12	9.87419e-15	8.37098e-17	5.98261e-18	2.35062e-20	1.31938e-21	2.21227e-24	5.07821e-26	5.22908e-29	4.85813e-31	3.53828e-34	1.59678e-36	8.85118e-40	2.44223e-42	1.11945e-44	
N4	2.94676e-39	6.61287e-32	2.10679e-27	2.43107e-23	1.01745e-20	2.16238e-18	2.12761e-17	1.34037e-13	1.74673e-10	1.50218e-10	2.90674e-10	2.79187e-08	4.90748e-08	2.8349e-08	7.25618e-06	0.00187026	0.101553	0.685177	0.203073	0.00822988	8.86951e-05	4.27523e-07	2.20882e-09	2.32765e-11	8.64122e-14	2.60342e-16	5.63129e-19	5.26818e-22	4.52717e-25	8.19015e-28	4.96893e-31	9.70802e-34	3.50755e-37	3.61776e-40	7.48839e-44	3.73723e-47	4.88525e-51	1.29616e-54	1.13936e-58	1.99941e-62	3.58454e-66	
N5	9.96383e-42	1.41706e-34	4.3137e-30	1.17558e-25	8.69292e-23	2.18427e-20	2.4454e-18	7.17366e-15	2.18456e-12	4.04139e-12	1.648e-11	4.60204e-10	1.30312e-09	1.55725e-08	6.75678e-06	0.00168949	0.0954588	0.662682	0.22864	0.0113723	0.000149684	7.51413e-07	2.43012e-09	1.36044e-10	5.12074e-12	7.46417e-14	1.87226e-15	3.34249e-18	1.32855e-20	2.28265e-23	1.58211e-26	3.59329e-28	3.76194e-31	9.13188e-33	3.75679e-36	4.74574e-38	8.37442e-42	2.73194e-44	3.32407e-48	4.00583e-51	1.00625e-54	
B3088	0	0	0	0	0	0	0	0	0	0	0	0	0	0	0	0	0	1	0	0	0	0	0	0	0	0	0	0	0	0	0	0	0	0	0	0	0	0	0	0	0	
N6	1.27211e-39	2.75831e-33	4.34722e-29	3.03705e-25	1.28502e-22	2.10407e-20	3.07832e-18	1.8194e-15	2.11647e-13	1.0981e-12	8.08679e-12	2.39097e-10	3.46748e-09	1.15355e-07	2.30777e-05	0.00293791	0.106649	0.629186	0.244185	0.0166622	0.000353513	3.18814e-06	1.72629e-08	1.23808e-09	1.18125e-10	4.391e-12	3.09919e-13	1.70156e-15	1.86434e-17	9.01013e-20	1.59392e-22	6.8821e-24	2.82856e-26	1.96868e-27	3.37006e-30	1.32134e-31	9.29538e-35	1.02787e-36	5.03703e-40	2.03612e-42	2.04275e-45	
BGA709	0	0	0	0	0	0	0	0	0	0	0	0	0	0	0	0	0	1	0	0	0	0	0	0	0	0	0	0	0	0	0	0	0	0	0	0	0	0	0	0	0	
BGA309	0	0	0	0	0	0	0	0	0	0	0	0	0	0	0	0	0	1	0	0	0	0	0	0	0	0	0	0	0	0	0	0	0	0	0	0	0	0	0	0	0	
N7	6.81807e-42	1.77801e-34	1.07428e-29	9.48314e-26	3.17874e-23	1.98563e-20	1.55451e-19	9.41601e-16	1.52479e-12	7.0315e-13	2.62231e-12	5.67575e-10	9.82643e-10	7.46289e-10	3.38738e-07	0.000232118	0.0386931	0.783929	0.173267	0.00385708	2.13434e-05	4.46209e-08	5.24871e-11	2.46675e-13	1.41571e-15	5.12974e-18	1.98095e-20	1.43203e-23	1.20976e-26	7.35072e-30	2.12168e-33	4.31338e-36	1.85231e-39	4.0461e-42	8.97294e-46	1.01222e-48	1.15341e-52	4.87416e-56	3.56566e-60	7.02145e-64	7.68785e-68	
N8	1.00469e-39	4.14085e-33	6.45966e-29	3.1459e-25	6.92861e-23	1.99966e-20	7.58334e-19	2.1819e-15	1.88726e-12	4.03298e-12	2.3621e-11	2.11748e-09	4.54094e-09	1.15828e-08	3.23244e-06	0.00087088	0.0670233	0.773804	0.153337	0.00491219	4.98059e-05	2.21603e-07	5.8101e-10	4.38978e-12	6.40748e-14	7.0577e-16	7.6717e-18	1.63223e-20	3.48398e-23	5.40162e-26	4.29456e-29	1.73156e-31	2.63887e-34	1.61323e-36	1.71183e-39	5.70121e-42	2.67308e-45	2.85814e-48	8.36586e-52	4.75208e-55	2.06624e-58	
B11696	0	0	0	0	0	0	0	0	0	0	0	0	0	0	0	0	0	1	0	0	0	0	0	0	0	0	0	0	0	0	0	0	0	0	0	0	0	0	0	0	0	
B11609	0	0	0	0	0	0	0	0	0	0	0	0	0	0	0	0	0	1	0	0	0	0	0	0	0	0	0	0	0	0	0	0	0	0	0	0	0	0	0	0	0	
N9	2.80146e-49	5.91927e-41	1.68226e-35	6.04761e-31	6.83651e-28	1.623e-24	1.32145e-23	4.92142e-19	2.9718e-15	7.97538e-16	5.49365e-15	2.47538e-12	6.16051e-12	4.95126e-12	1.43829e-08	4.07862e-05	0.0217601	0.824924	0.151545	0.00172704	3.62618e-06	2.3527e-09	6.92763e-13	1.8794e-15	9.37089e-18	1.50826e-20	4.84592e-23	1.02843e-26	4.19123e-30	5.04913e-32	3.0552e-33	8.09641e-34	1.71343e-35	7.99983e-36	7.66338e-38	2.34608e-38	9.84383e-41	9.91357e-42	3.18071e-44	1.21179e-45	7.77937e-48	
N10	2.17362e-42	2.48796e-36	5.78796e-33	5.4203e-30	1.3863e-28	1.25612e-26	1.10175e-24	2.18929e-20	5.249e-17	2.98768e-17	2.63286e-16	7.68755e-14	4.85324e-13	6.38044e-12	2.09487e-08	4.8094e-05	0.0224798	0.826275	0.149443	0.00175084	4.0268e-06	3.01313e-09	1.05454e-12	2.29386e-14	1.04647e-15	5.88897e-18	1.62926e-19	9.31622e-23	1.76725e-25	6.15756e-29	4.30975e-33	3.3392e-35	1.31136e-38	4.68925e-40	5.11768e-44	1.13586e-45	2.71212e-50	1.18461e-52	1.94817e-57	1.84684e-60	7.10365e-65	
N11	6.9622e-46	4.78301e-39	1.52105e-34	2.06469e-30	1.52545e-27	1.03003e-24	1.96291e-22	1.05749e-18	1.48474e-15	1.32781e-14	2.0865e-13	2.71284e-11	2.11602e-10	2.42103e-09	1.14804e-06	0.000449807	0.0495487	0.788423	0.157483	0.0040634	3.06484e-05	9.7223e-08	1.81814e-10	4.70637e-12	2.27782e-13	4.43199e-15	1.57992e-16	3.15711e-19	1.10371e-21	1.52966e-24	8.46998e-28	7.89409e-30	1.82765e-32	4.3266e-34	5.73182e-37	7.68e-39	2.52313e-42	6.5998e-45	1.45416e-48	1.29506e-51	4.96416e-55	
B983	0	0	0	0	0	0	0	0	0	0	0	0	0	0	0	0	0	1	0	0	0	0	0	0	0	0	0	0	0	0	0	0	0	0	0	0	0	0	0	0	0	
B11604	0	0	0	0	0	0	0	0	0	0	0	0	0	0	0	0	0	1	0	0	0	0	0	0	0	0	0	0	0	0	0	0	0	0	0	0	0	0	0	0	0	
N12	2.17312e-43	3.36102e-36	1.6786e-31	1.95854e-27	9.3237e-25	8.3497e-22	3.10624e-20	2.03824e-16	3.88562e-13	5.65932e-13	3.58326e-12	6.61298e-10	1.00316e-09	1.40418e-09	6.17621e-07	0.000311815	0.0437778	0.847381	0.106569	0.00194887	1.09102e-05	2.64061e-08	3.74906e-11	1.8881e-13	1.92073e-15	1.37004e-17	1.00556e-19	1.21845e-22	1.54287e-25	1.31424e-28	5.58568e-32	1.38727e-34	1.29429e-37	5.4913e-40	3.64309e-43	8.28043e-46	2.17616e-49	1.42091e-52	2.32038e-56	7.63078e-60	1.80841e-63	
BGAA1	0	0	0	0	0	0	0	0	0	0	0	0	0	0	0	0	0	1	0	0	0	0	0	0	0	0	0	0	0	0	0	0	0	0	0	0	0	0	0	0	0	
BGA584	0	0	0	0	0	0	0	0	0	0	0	0	0	0	0	0	0	1	0	0	0	0	0	0	0	0	0	0	0	0	0	0	0	0	0	0	0	0	0	0	0	
N13	5.51348e-43	5.16061e-36	1.85251e-31	2.01204e-27	9.66686e-25	6.61148e-22	3.64704e-20	1.86733e-16	2.66167e-13	5.99313e-13	4.2706e-12	5.80863e-10	1.29571e-09	3.13892e-09	1.20764e-06	0.000473983	0.052221	0.81464	0.129604	0.00303811	2.1841e-05	6.78815e-08	1.24187e-10	9.24804e-13	1.39002e-14	1.39554e-16	1.50377e-18	2.4035e-21	4.18164e-24	4.69336e-27	2.57987e-30	9.19141e-33	1.18548e-35	7.51536e-38	6.81748e-41	2.31202e-43	7.88418e-47	7.27651e-50	1.54988e-53	6.98312e-57	2.20276e-60	
BGA303	0	0	0	0	0	0	0	0	0	0	0	0	0	0	0	0	0	1	0	0	0	0	0	0	0	0	0	0	0	0	0	0	0	0	0	0	0	0	0	0	0	
BGAB1	0	0	0	0	0	0	0	0	0	0	0	0	0	0	0	0	0	1	0	0	0	0	0	0	0	0	0	0	0	0	0	0	0	0	0	0	0	0	0	0	0	
PGA445	0	0	0	0	0	0	0	0	0	0	0	0	0	0	0	0	0	1	0	0	0	0	0	0	0	0	0	0	0	0	0	0	0	0	0	0	0	0	0	0	0	
N14	1.63379e-38	2.71122e-30	1.52149e-25	7.9281e-21	3.60241e-18	7.2264e-16	1.07111e-13	2.0498e-10	1.07417e-08	3.68318e-08	9.2793e-06	3.11001e-05	1.47436e-05	0.00093529	0.043033	0.454588	0.472561	0.0286395	0.000187373	2.64749e-07	1.2243e-10	2.41448e-14	2.42673e-18	1.84121e-22	4.07114e-26	1.48683e-29	9.55298e-33	1.09454e-36	1.40196e-40	1.39686e-44	3.65363e-49	8.46126e-53	6.13759e-52	8.02098e-53	4.9129e-55	9.82286e-56	5.00549e-57	5.20927e-57	3.58975e-57	9.96421e-56	1.57498e-55	
N15	7.41605e-36	8.49683e-29	9.05428e-24	2.79183e-20	1.88617e-16	2.00663e-14	5.30114e-13	6.59042e-11	2.03786e-08	7.15544e-06	0.00072508	0.0174843	0.128347	0.339846	0.35277	0.141845	0.0186085	0.00036498	1.38368e-06	2.04421e-09	1.54681e-12	7.82374e-16	1.71149e-18	6.08423e-20	5.50853e-22	1.97951e-24	7.27667e-27	3.1056e-30	3.10485e-33	1.01454e-34	3.2856e-35	1.17532e-34	3.76454e-35	3.28109e-34	4.52131e-35	4.99339e-35	1.01164e-36	1.03209e-37	9.66423e-40	4.2805e-41	1.6143e-42	
Rhaspe	0	0	0	0	0	0	0	0	0	1	0	0	0	0	0	0	0	0	0	0	0	0	0	0	0	0	0	0	0	0	0	0	0	0	0	0	0	0	0	0	0	
N16	2.95815e-33	2.6004e-27	5.10644e-23	1.17581e-19	1.82183e-16	2.7505e-14	2.48996e-12	5.69534e-10	2.11915e-07	4.17443e-05	0.00233357	0.0360439	0.18719	0.371672	0.29825	0.0943235	0.00995911	0.000184829	9.34431e-07	2.18572e-09	6.12442e-12	2.12116e-13	6.37957e-15	5.85319e-16	6.48326e-18	1.0778e-19	7.34333e-22	4.30858e-24	1.11309e-26	1.81076e-27	1.97736e-30	3.22267e-31	1.89188e-34	1.72492e-35	5.6696e-39	1.35768e-40	3.46948e-44	2.31484e-46	5.32331e-50	1.73816e-52	2.00181e-54	
Rhamar	0	0	0	0	0	0	0	0	0	1	0	0	0	0	0	0	0	0	0	0	0	0	0	0	0	0	0	0	0	0	0	0	0	0	0	0	0	0	0	0	0	
Rhatem	0	0	0	0	0	0	0	0	0	0	1	0	0	0	0	0	0	0	0	0	0	0	0	0	0	0	0	0	0	0	0	0	0	0	0	0	0	0	0	0	0	
N17	7.81943e-44	3.42408e-35	6.48394e-31	9.39783e-25	2.41484e-23	1.12239e-20	5.42595e-17	2.18484e-12	5.28708e-11	9.73571e-11	1.78303e-08	1.48556e-07	1.14162e-06	9.98293e-05	0.0204851	0.431554	0.517475	0.0302501	0.000134692	1.29108e-07	7.24783e-10	1.35185e-12	2.02522e-15	3.05288e-18	4.05736e-22	5.52728e-25	3.37891e-29	1.20892e-30	3.08436e-32	4.16259e-32	1.09829e-34	3.92256e-35	6.28786e-38	1.13293e-38	1.45941e-41	1.19195e-42	1.30549e-45	4.41161e-47	6.47756e-50	1.09373e-51	1.64187e-52	
N18	9.4665e-42	9.8611e-34	1.80742e-28	1.37392e-24	7.05731e-22	3.38733e-18	1.43782e-16	1.66419e-13	5.72806e-11	2.73656e-10	3.0973e-08	6.58916e-06	3.56229e-05	0.000120566	0.0128005	0.290554	0.604962	0.0903594	0.00115755	3.00116e-06	4.71633e-09	2.40215e-11	1.01322e-13	4.49824e-16	2.63389e-19	1.71705e-22	5.1356e-26	1.72235e-29	4.92468e-33	7.62698e-36	1.18162e-39	9.80617e-43	1.13007e-46	7.40318e-47	3.97269e-49	6.65174e-51	3.87187e-53	3.91657e-55	1.44001e-57	3.18547e-58	7.14038e-58	
N19	1.22115e-36	7.15144e-30	4.90981e-25	5.26185e-22	3.21034e-19	5.18524e-16	2.97329e-14	2.82684e-12	6.00222e-11	2.67225e-09	5.01698e-07	4.62287e-05	0.00123938	0.0242025	0.195563	0.480673	0.278135	0.0199045	0.000234974	9.55352e-07	1.82571e-09	2.40638e-12	1.44708e-14	7.37711e-16	8.83576e-18	5.41373e-20	3.03459e-22	2.41506e-25	3.69973e-28	7.62059e-31	1.12518e-33	1.9839e-35	1.90837e-38	2.04e-40	6.90834e-44	2.6747e-46	5.47857e-50	5.48577e-53	7.75099e-57	4.21676e-60	2.40967e-63	
FGA379	0	0	0	0	0	0	0	0	0	0	0	0	0	0	0	0	1	0	0	0	0	0	0	0	0	0	0	0	0	0	0	0	0	0	0	0	0	0	0	0	0	
N20	9.20683e-36	4.82137e-29	6.6875e-24	1.15357e-21	2.2476e-18	1.16733e-14	1.28551e-13	6.15447e-12	1.82358e-10	5.90082e-08	6.68986e-05	0.0182702	0.23516	0.461559	0.241371	0.0412991	0.00224612	2.73783e-05	9.14029e-08	1.32509e-10	1.04018e-13	5.6674e-17	7.76665e-20	9.68698e-22	3.69847e-24	9.13715e-27	2.13078e-29	9.62477e-33	7.32989e-36	8.19671e-39	5.09511e-42	3.11822e-44	1.45798e-47	5.78733e-50	1.18076e-53	1.91924e-56	2.51731e-60	1.79625e-63	5.86267e-67	1.45401e-69	2.99677e-72	
N21	4.70575e-38	2.89994e-30	3.33812e-24	1.33051e-21	2.85376e-18	1.17491e-13	1.59433e-12	2.18652e-10	7.19838e-10	2.56813e-07	0.000239164	0.111162	0.548935	0.317351	0.0219662	0.000344873	1.45688e-06	1.68045e-09	7.38498e-13	1.65422e-16	7.17015e-20	6.91952e-23	6.70129e-26	8.41743e-29	1.93396e-32	8.65863e-36	1.62906e-39	1.619e-41	6.35709e-42	5.5127e-40	6.96096e-39	1.7157e-39	6.62817e-41	1.65214e-41	7.52626e-42	8.24842e-41	8.9193e-42	3.02255e-43	1.81518e-45	5.19748e-47	7.42453e-48	
N22	2.00593e-41	5.01178e-33	1.95396e-26	1.68062e-23	2.04617e-19	4.90598e-15	1.10883e-14	4.02491e-12	9.9725e-11	2.25471e-07	0.00110228	0.315983	0.599047	0.0826307	0.00123271	3.42871e-06	2.25864e-09	4.15983e-13	3.11964e-17	2.23423e-21	7.80637e-24	3.66295e-27	2.02302e-30	7.27761e-30	1.70142e-30	2.71684e-31	3.37455e-33	3.49718e-33	1.47581e-35	1.41087e-35	3.38937e-38	1.57484e-38	2.87196e-41	5.38888e-42	8.50276e-45	6.00583e-46	8.43781e-49	3.04098e-50	9.21934e-53	3.19718e-54	2.50515e-54	
F3015	0	0	0	0	0	0	0	0	0	0	1	0	0	0	0	0	0	0	0	0	0	0	0	0	0	0	0	0	0	0	0	0	0	0	0	0	0	0	0	0	0	
N23	5.47607e-39	3.87142e-33	4.32241e-28	4.42065e-25	6.84662e-21	2.23838e-16	2.30871e-15	2.31922e-12	2.67209e-10	2.77483e-07	0.00146742	0.400838	0.561346	0.0361483	0.000199957	1.81091e-07	4.07676e-11	4.40021e-15	5.75324e-18	8.64211e-21	3.09984e-23	5.95901e-27	3.66792e-30	1.59179e-33	7.382e-38	9.72631e-40	1.83113e-44	2.47334e-46	1.40878e-48	9.94845e-47	2.42363e-46	5.41617e-47	1.57462e-49	1.19446e-50	7.97261e-53	8.47839e-52	1.09324e-52	6.71418e-53	3.84372e-54	7.55478e-56	2.93528e-56	
N24	1.77117e-42	3.50251e-34	1.53725e-27	1.18103e-24	1.37621e-20	2.06668e-15	2.884e-14	1.33387e-11	1.65361e-10	1.2842e-07	0.000662084	0.457546	0.524461	0.0172887	4.20878e-05	2.00351e-08	3.80135e-12	2.17531e-14	5.74903e-17	1.04896e-19	1.49696e-22	3.00647e-26	1.08999e-29	7.28588e-32	3.73614e-36	3.54607e-38	6.25691e-43	2.0809e-45	3.81466e-49	1.53503e-47	4.89576e-46	2.2464e-47	7.37471e-50	1.84756e-51	4.38693e-52	4.623e-49	4.82262e-50	1.66508e-50	9.173e-52	1.63564e-53	2.63276e-54	
N25	7.98829e-46	1.77837e-36	7.98217e-29	2.17384e-26	4.38041e-22	4.14344e-16	3.30183e-16	7.05759e-13	2.21355e-12	5.00419e-08	0.00136146	0.75587	0.241843	0.000925027	1.81558e-07	7.55723e-12	1.29265e-16	6.56589e-20	2.80323e-23	3.78004e-27	3.06737e-31	2.28587e-36	5.76847e-40	7.40682e-39	1.84342e-40	4.4246e-41	2.81109e-44	1.54685e-45	6.54277e-49	6.6715e-51	2.33019e-54	1.0361e-56	3.13175e-60	9.42477e-63	1.05414e-65	7.88436e-67	4.58609e-70	2.14502e-71	1.56144e-73	3.85338e-76	5.89356e-78	
N26	4.12934e-42	5.51648e-37	3.62919e-30	5.88279e-27	2.08274e-22	8.27346e-18	4.54211e-16	2.12608e-13	1.00837e-10	6.66653e-07	0.00461646	0.76824	0.226318	0.00082431	1.93296e-07	1.51724e-11	2.32434e-14	1.44938e-15	7.67426e-19	7.01622e-22	5.25587e-26	1.93929e-29	4.19022e-33	1.02471e-32	1.95472e-34	5.29729e-34	4.23904e-37	5.28684e-38	3.3982e-41	1.01328e-42	6.07977e-46	1.4557e-47	1.57021e-49	5.3233e-51	1.31384e-52	2.79639e-52	1.49404e-55	3.66992e-56	1.63141e-57	2.00595e-59	2.10909e-60	
F1476	0	0	0	0	0	0	0	0	0	0	1	0	0	0	0	0	0	0	0	0	0	0	0	0	0	0	0	0	0	0	0	0	0	0	0	0	0	0	0	0	0	
N27	1.20991e-42	6.61398e-36	8.28681e-29	2.16326e-25	8.1515e-21	8.19295e-16	3.58973e-13	2.95823e-11	1.95571e-09	4.35498e-06	0.00673815	0.761126	0.23026	0.00187057	9.01372e-07	6.42174e-10	3.91233e-12	1.50644e-13	4.6718e-17	5.39664e-20	4.07674e-24	2.0221e-26	2.03766e-29	4.8564e-27	2.16246e-29	1.19739e-29	1.60702e-32	7.4551e-34	8.06193e-37	2.11654e-38	2.08417e-41	1.85284e-42	9.52283e-44	2.53864e-45	4.58251e-47	6.05255e-47	4.98604e-50	3.72672e-51	1.54646e-52	2.22752e-54	4.21922e-55	
Furcep	0	0	0	0	0	0	0	0	0	0	0	0	0	1	0	0	0	0	0	0	0	0	0	0	0	0	0	0	0	0	0	0	0	0	0	0	0	0	0	0	0	
N28	5.74569e-39	3.71302e-33	6.64654e-27	8.53185e-24	4.65016e-19	2.07402e-15	1.24459e-13	6.40397e-12	1.81662e-09	1.29999e-05	0.0399132	0.819086	0.140362	0.000625421	3.25735e-07	7.46809e-11	6.41821e-14	1.92824e-15	4.71644e-18	9.74538e-21	4.68331e-24	1.05742e-27	7.08235e-31	2.03143e-32	1.20862e-36	1.96136e-38	3.29439e-43	7.00281e-46	8.35119e-51	2.65576e-54	2.39008e-59	6.21074e-63	9.02539e-68	5.87397e-71	3.07052e-75	2.07971e-77	1.49504e-82	2.15936e-85	5.01449e-89	3.25012e-93	1.23513e-96	
Furpol	0	0	0	0	0	0	0	0	0	0	0	1	0	0	0	0	0	0	0	0	0	0	0	0	0	0	0	0	0	0	0	0	0	0	0	0	0	0	0	0	0	
N29	3.59893e-39	3.7453e-31	4.56796e-25	8.56064e-22	1.08535e-16	4.7136e-14	8.53338e-12	8.00245e-11	1.06922e-07	0.000688248	0.628559	0.360647	0.0100896	1.56117e-05	6.84847e-09	1.48176e-12	1.38715e-15	1.66465e-17	1.51093e-20	1.56273e-23	3.44891e-27	2.24055e-30	1.04282e-33	5.23592e-36	3.99908e-40	8.56194e-43	2.61666e-47	6.80662e-51	1.35565e-55	1.62121e-59	2.15004e-64	1.98256e-68	7.68195e-73	1.27871e-76	1.3686e-80	1.73239e-83	2.06165e-88	4.60922e-92	5.0715e-96	2.41937e-100	5.04559e-104	
N30	4.57322e-39	5.90474e-31	7.92481e-25	1.84391e-21	3.02722e-16	9.33489e-14	2.77187e-11	1.41058e-10	2.00828e-07	0.0012425	0.886941	0.111228	0.000588396	4.14318e-07	1.02778e-10	7.11297e-14	1.51784e-16	6.25742e-19	1.3366e-22	1.1182e-25	2.6745e-29	1.17976e-31	1.24103e-35	4.10026e-38	1.32085e-42	1.01991e-45	2.13422e-50	3.27191e-54	4.4139e-59	4.53225e-63	5.66262e-68	2.21979e-71	4.01783e-75	3.21314e-79	1.32814e-83	1.37564e-86	1.06771e-91	8.88652e-96	7.02297e-100	4.60513e-104	1.87516e-107	
F2241	0	0	0	0	0	0	0	0	0	0	1	0	0	0	0	0	0	0	0	0	0	0	0	0	0	0	0	0	0	0	0	0	0	0	0	0	0	0	0	0	0	
Furang	0	0	0	0	0	0	0	0	0	0	1	0	0	0	0	0	0	0	0	0	0	0	0	0	0	0	0	0	0	0	0	0	0	0	0	0	0	0	0	0	0	
FGA490	0	0	0	0	0	0	0	0	0	0	1	0	0	0	0	0	0	0	0	0	0	0	0	0	0	0	0	0	0	0	0	0	0	0	0	0	0	0	0	0	0	
N31	1.22408e-42	6.06734e-34	5.97365e-27	2.1501e-24	5.95927e-20	6.31745e-15	1.71388e-14	9.20595e-12	1.30736e-10	1.45745e-06	0.00965328	0.909099	0.0811527	9.3719e-05	1.96603e-08	1.5991e-12	6.88762e-16	5.67069e-18	2.78627e-21	1.19603e-24	7.5306e-29	1.2306e-32	1.91454e-36	4.89771e-39	9.80516e-44	1.10381e-46	6.66824e-52	6.43747e-56	9.46476e-59	2.62657e-58	6.87934e-59	4.8694e-61	2.94833e-63	1.00851e-64	1.77825e-65	8.91382e-64	1.07681e-65	3.98478e-67	4.2364e-69	1.61679e-71	2.93653e-73	
N32	6.92194e-42	2.00097e-33	9.16123e-27	1.09863e-23	3.30426e-19	9.21459e-15	1.13977e-13	3.75417e-11	3.61234e-09	2.50455e-06	0.0114544	0.927489	0.0609698	8.47205e-05	2.19593e-08	9.91433e-12	3.13613e-14	4.15023e-16	9.7059e-20	7.39629e-23	6.29907e-27	2.27592e-29	2.95492e-33	1.92154e-35	2.86931e-40	3.75569e-43	3.17568e-48	3.66697e-52	4.41931e-56	1.10771e-55	1.45284e-54	1.04901e-55	8.02902e-57	1.79398e-58	5.77048e-60	2.54356e-57	1.19343e-57	7.14417e-59	1.98552e-60	2.33582e-62	2.78214e-63	
N33	8.07721e-44	9.04705e-35	2.04233e-27	8.9747e-25	1.16415e-20	8.66694e-15	1.18747e-13	2.73537e-11	2.71974e-10	5.77872e-08	0.000912894	0.925783	0.0730872	0.000216629	4.3122e-08	8.49972e-11	1.35738e-13	4.53598e-16	2.09249e-20	7.5776e-24	5.51124e-28	2.30107e-30	4.78919e-35	1.18286e-37	4.89944e-43	1.16641e-46	3.19142e-52	2.16626e-54	6.12312e-57	6.98193e-57	9.69064e-57	1.06312e-57	3.52438e-59	2.02779e-61	3.15014e-63	2.38675e-61	6.83472e-63	5.111e-65	3.88085e-67	2.3322e-69	1.85959e-70	
N34	1.50009e-41	2.49777e-33	8.31978e-27	3.04858e-24	2.83011e-20	2.72097e-15	5.38388e-15	5.46131e-12	2.49632e-11	9.29696e-08	0.000941194	0.953106	0.0458777	7.52947e-05	2.09458e-08	4.0456e-12	8.02265e-15	2.80971e-16	1.27115e-19	1.44474e-22	1.93607e-26	2.44462e-29	7.56523e-33	1.19325e-34	2.09149e-39	8.76279e-42	8.21769e-47	3.98355e-50	2.6961e-55	3.43053e-59	1.70746e-64	3.20138e-68	1.72256e-72	2.31414e-76	1.84713e-80	6.87071e-83	2.10071e-88	6.0789e-92	6.96835e-96	2.46942e-100	7.73029e-104	
N35	2.03414e-39	2.24095e-31	5.29171e-25	1.4233e-22	1.07067e-18	8.68304e-14	1.1825e-13	8.1158e-11	1.46385e-10	2.89984e-07	0.00163551	0.980493	0.017848	2.29579e-05	7.78039e-09	2.73266e-12	1.05753e-14	1.5196e-16	3.60966e-20	2.73011e-23	3.8359e-27	1.0324e-29	4.23555e-33	2.26542e-35	6.99345e-40	6.0653e-43	1.20277e-47	1.8583e-51	2.32191e-56	2.29911e-60	2.1104e-65	3.37722e-69	4.53676e-73	7.81817e-77	7.85621e-81	1.10498e-83	7.76316e-89	6.565e-93	5.32383e-97	2.7622e-101	1.1549e-104	
FGA456	0	0	0	0	0	0	0	0	0	0	0	1	0	0	0	0	0	0	0	0	0	0	0	0	0	0	0	0	0	0	0	0	0	0	0	0	0	0	0	0	0	
FGA513	0	0	0	0	0	0	0	0	0	0	0	1	0	0	0	0	0	0	0	0	0	0	0	0	0	0	0	0	0	0	0	0	0	0	0	0	0	0	0	0	0	
F12278	0	0	0	0	0	0	0	0	0	0	0	1	0	0	0	0	0	0	0	0	0	0	0	0	0	0	0	0	0	0	0	0	0	0	0	0	0	0	0	0	0	
N36	4.30216e-38	3.87296e-30	5.44861e-24	4.14429e-21	1.67449e-17	6.71422e-13	1.44741e-10	2.96559e-09	5.57478e-08	3.60892e-06	0.000672861	0.673217	0.308522	0.0175654	1.98482e-05	8.00436e-08	1.00844e-09	2.52082e-11	5.62349e-15	4.58723e-18	1.6696e-21	1.84997e-23	1.2455e-26	9.23895e-29	4.32778e-33	1.57123e-36	4.73811e-41	7.81951e-45	1.43464e-49	2.09937e-53	3.88418e-58	3.44506e-61	1.03495e-64	2.66126e-68	3.9172e-72	6.98339e-75	7.74344e-80	4.53712e-84	2.40233e-88	3.64489e-92	4.05238e-95	
Furant	0	0	0	0	0	0	0	0	0	0	0	1	0	0	0	0	0	0	0	0	0	0	0	0	0	0	0	0	0	0	0	0	0	0	0	0	0	0	0	0	0	
FGA331	0	0	0	0	0	0	0	0	0	0	0	0	0	1	0	0	0	0	0	0	0	0	0	0	0	0	0	0	0	0	0	0	0	0	0	0	0	0	0	0	0	
FGA465	0	0	0	0	0	0	0	0	0	0	1	0	0	0	0	0	0	0	0	0	0	0	0	0	0	0	0	0	0	0	0	0	0	0	0	0	0	0	0	0	0	
N37	3.52389e-39	4.90613e-31	1.0303e-24	7.14213e-22	2.613e-17	1.33504e-13	2.16329e-12	1.52744e-10	1.53637e-08	0.000117277	0.15938	0.826257	0.0142289	1.68687e-05	5.67193e-09	1.47345e-12	3.71841e-15	3.73641e-17	1.29364e-20	9.45384e-24	1.34341e-27	2.0464e-30	7.77772e-34	2.87488e-36	1.17645e-40	1.07694e-43	2.46015e-48	3.06148e-52	4.1028e-57	3.45018e-61	3.2772e-66	3.34105e-70	2.91548e-74	4.29739e-78	3.63438e-82	3.27061e-85	2.57031e-90	2.22201e-94	1.5523e-98	6.27945e-103	1.43372e-106	
FGA99	0	0	0	0	0	0	0	0	0	0	1	0	0	0	0	0	0	0	0	0	0	0	0	0	0	0	0	0	0	0	0	0	0	0	0	0	0	0	0	0	0	
N38	1.70931e-38	1.44862e-30	1.91689e-24	1.9424e-21	6.59233e-17	3.13897e-13	8.51617e-12	6.12175e-10	4.85513e-08	0.000141727	0.177928	0.815221	0.00670296	6.86837e-06	2.45177e-09	8.43246e-12	3.52635e-14	2.79702e-16	5.6027e-20	8.49915e-23	3.57601e-26	4.90225e-28	5.71978e-32	4.70924e-34	1.4923e-38	1.55881e-41	3.52873e-46	8.65774e-50	1.2953e-54	2.42384e-58	4.92265e-63	7.95915e-66	2.6937e-69	3.10116e-73	1.51646e-77	3.84286e-80	3.06244e-85	3.26064e-89	3.78981e-93	4.62406e-97	4.97167e-100	
FGA15	0	0	0	0	0	0	0	0	0	0	1	0	0	0	0	0	0	0	0	0	0	0	0	0	0	0	0	0	0	0	0	0	0	0	0	0	0	0	0	0	0	
FGA581	0	0	0	0	0	0	0	0	0	0	0	1	0	0	0	0	0	0	0	0	0	0	0	0	0	0	0	0	0	0	0	0	0	0	0	0	0	0	0	0	0	
FGA104	0	0	0	0	0	0	0	0	0	0	0	0	1	0	0	0	0	0	0	0	0	0	0	0	0	0	0	0	0	0	0	0	0	0	0	0	0	0	0	0	0	
FGA489	0	0	0	0	0	0	0	0	0	0	1	0	0	0	0	0	0	0	0	0	0	0	0	0	0	0	0	0	0	0	0	0	0	0	0	0	0	0	0	0	0	
FGA174	0	0	0	0	0	0	0	0	0	0	0	0	0	1	0	0	0	0	0	0	0	0	0	0	0	0	0	0	0	0	0	0	0	0	0	0	0	0	0	0	0	
FurbGB	0	0	0	0	0	0	0	0	0	0	0	1	0	0	0	0	0	0	0	0	0	0	0	0	0	0	0	0	0	0	0	0	0	0	0	0	0	0	0	0	0	
N39	3.8654e-43	1.32977e-35	5.99112e-31	3.60115e-26	1.33649e-23	9.34717e-21	1.75182e-18	1.71561e-14	2.14796e-11	1.24345e-10	4.41054e-09	3.05544e-07	1.18854e-06	1.853e-05	0.00392452	0.176632	0.645102	0.170063	0.00422339	2.96223e-05	5.01402e-06	2.77365e-07	6.1495e-09	1.62871e-10	2.38492e-13	1.77912e-15	1.9882e-18	7.67653e-20	4.06627e-23	2.26449e-24	4.13916e-28	9.99242e-30	8.71056e-34	4.96325e-36	2.95736e-40	4.49169e-43	1.93515e-47	1.26697e-50	7.9044e-55	5.14565e-58	8.03335e-60	
N40	9.41478e-41	9.07499e-34	1.81898e-29	5.57261e-25	1.24683e-22	4.40094e-20	2.02568e-17	6.07549e-14	1.22327e-11	5.83424e-11	1.1658e-09	2.79114e-08	1.64329e-07	6.89136e-06	0.00137248	0.0954416	0.618144	0.27134	0.0135248	0.000168068	2.06162e-06	7.48558e-08	2.15012e-09	1.39617e-10	8.29292e-13	7.10624e-15	2.45834e-17	5.78846e-20	1.60646e-22	5.68551e-24	7.37707e-27	1.82243e-28	8.11193e-32	7.25961e-34	1.89073e-37	4.93406e-40	8.98311e-44	9.53371e-47	1.34953e-50	1.03697e-53	4.07093e-56	
N41	1.40581e-39	2.60975e-32	1.49236e-28	1.25988e-23	4.04523e-22	2.27216e-20	3.65265e-17	3.03978e-13	4.6205e-12	8.17347e-12	7.56881e-10	2.59032e-09	4.53378e-09	9.72869e-07	0.000557926	0.0960746	0.706307	0.1925	0.00453443	2.4884e-05	5.10099e-08	6.07463e-11	1.2917e-13	8.63144e-16	1.89086e-18	3.08677e-21	3.69806e-24	1.45578e-27	6.1008e-31	5.384e-34	2.01916e-37	9.72932e-40	6.21961e-38	1.35044e-38	4.77048e-40	7.19667e-41	1.36519e-42	7.26098e-44	1.89567e-44	1.94455e-43	2.55474e-43	
CGA312	0	0	0	0	0	0	0	0	0	0	0	0	0	0	0	0	0	1	0	0	0	0	0	0	0	0	0	0	0	0	0	0	0	0	0	0	0	0	0	0	0	
N42	9.68835e-47	2.99708e-38	7.84768e-34	7.57676e-28	6.75643e-26	7.46804e-24	7.6469e-20	3.19314e-15	1.53627e-14	1.55343e-13	4.24643e-12	5.41678e-12	1.6129e-10	1.16525e-07	0.000495548	0.135576	0.752067	0.111228	0.00063345	5.32985e-07	1.2839e-10	1.32121e-14	1.30314e-18	3.10594e-21	2.93929e-24	1.13211e-27	6.91627e-31	2.96662e-35	3.9019e-39	2.18602e-43	6.81374e-48	6.73701e-45	5.55494e-45	3.56887e-45	1.12269e-47	4.99581e-48	1.22651e-50	2.48342e-51	3.89521e-51	2.62136e-50	4.83087e-52	
N43	1.26492e-54	9.85766e-45	1.33725e-39	1.16056e-32	3.5967e-30	3.42358e-27	1.02707e-21	3.82142e-18	2.99059e-17	6.76952e-17	4.66641e-15	8.3494e-14	6.47349e-12	4.82821e-07	0.00325967	0.291766	0.696044	0.00892764	2.34124e-06	8.05603e-11	7.94669e-16	3.24577e-21	1.76854e-26	1.87912e-29	4.88999e-33	1.93672e-37	2.09783e-41	1.20056e-43	2.06432e-44	1.48677e-46	7.40284e-46	3.36466e-41	2.24864e-41	9.41452e-40	2.46701e-40	7.12147e-39	2.26581e-39	2.4505e-36	7.32416e-36	4.2627e-35	7.31957e-36	
N44	6.90301e-44	4.49928e-37	1.24223e-34	2.43298e-30	2.59837e-31	1.59672e-29	5.11609e-25	1.70577e-20	2.08396e-19	4.6184e-18	1.20125e-14	2.41716e-13	2.02163e-11	2.88246e-07	0.00210307	0.279891	0.709483	0.00851806	4.21131e-06	4.14642e-10	1.29831e-13	3.6673e-15	5.23425e-18	2.76895e-20	6.00426e-24	2.63611e-27	1.94111e-31	3.19719e-33	6.09758e-34	3.01366e-33	7.67147e-36	1.33039e-35	1.17167e-38	8.17299e-39	4.71302e-42	5.65511e-43	2.83102e-46	4.94267e-48	4.79904e-51	3.69519e-53	2.33775e-53	
N45	6.86145e-46	1.71294e-37	1.65882e-33	2.20298e-27	3.44719e-26	2.65723e-23	3.60934e-20	3.06408e-15	2.14657e-13	3.96736e-14	6.44799e-11	3.61558e-10	4.85101e-11	2.24227e-08	9.16838e-05	0.068231	0.866001	0.0655442	0.000131864	6.42987e-08	1.80529e-11	1.87218e-14	2.53768e-17	3.67653e-20	8.07338e-24	1.68396e-27	1.49863e-31	3.52543e-35	5.21015e-35	2.72659e-35	8.53842e-37	7.35129e-38	5.95504e-40	2.18608e-41	1.11326e-43	1.28812e-45	4.22672e-48	3.42061e-50	9.79498e-53	1.07969e-54	5.34128e-56	
CGA642	0	0	0	0	0	0	0	0	0	0	0	0	0	0	0	0	1	0	0	0	0	0	0	0	0	0	0	0	0	0	0	0	0	0	0	0	0	0	0	0	0	
N46	5.69679e-41	9.57305e-35	1.09893e-31	2.66325e-28	4.70484e-27	5.8458e-24	8.97417e-21	2.3506e-16	1.5061e-14	2.80646e-14	1.70667e-12	1.21996e-11	9.92874e-11	1.3747e-08	5.14188e-05	0.0738651	0.844322	0.0816459	0.000115352	3.7171e-08	4.94502e-12	1.18832e-14	4.89803e-17	1.73287e-18	4.23963e-21	4.5029e-24	8.56646e-28	2.57582e-32	7.14375e-36	2.53726e-38	3.68802e-42	5.9055e-44	1.83212e-48	1.72315e-50	1.24405e-55	8.63146e-59	4.76426e-64	1.00239e-67	6.40218e-73	5.01367e-77	3.21986e-80	
CGA763	0	0	0	0	0	0	0	0	0	0	0	0	0	0	0	1	0	0	0	0	0	0	0	0	0	0	0	0	0	0	0	0	0	0	0	0	0	0	0	0	0	
C601	0	0	0	0	0	0	0	0	0	0	0	0	0	0	0	0	0	1	0	0	0	0	0	0	0	0	0	0	0	0	0	0	0	0	0	0	0	0	0	0	0	
N47	7.15386e-42	1.55824e-35	5.64225e-33	5.57721e-29	8.1115e-30	4.35776e-30	2.6134e-25	4.12162e-21	1.38305e-19	3.16486e-17	9.4078e-15	7.85801e-13	6.77658e-10	2.23501e-06	0.00352402	0.296191	0.691626	0.00864813	9.07391e-06	2.35934e-09	3.26154e-13	6.46846e-15	3.18006e-17	1.27106e-18	2.13626e-21	2.57541e-24	4.61086e-28	1.29918e-32	3.43869e-36	3.82019e-38	5.48559e-42	1.19295e-40	6.03023e-42	1.58353e-41	3.79445e-44	7.9642e-45	5.48968e-47	3.4788e-47	9.29668e-49	1.07642e-49	1.30387e-49	
CGA236	0	0	0	0	0	0	0	0	0	0	0	0	0	0	0	0	1	0	0	0	0	0	0	0	0	0	0	0	0	0	0	0	0	0	0	0	0	0	0	0	0	
N48	1.08792e-48	1.47916e-41	2.79501e-37	7.12953e-33	4.42463e-30	2.25329e-26	2.49349e-22	3.25759e-19	2.56803e-17	3.60288e-15	3.606e-13	2.19827e-10	2.46516e-07	0.00010446	0.0221782	0.392496	0.576218	0.00898454	1.89188e-05	1.20286e-08	3.53307e-12	2.01133e-14	2.47755e-16	1.54422e-17	9.45215e-20	2.24892e-22	9.44703e-26	8.17211e-30	3.73649e-33	2.75249e-35	1.79656e-38	3.84349e-40	5.67048e-44	7.15857e-46	2.23571e-50	1.85513e-53	4.24447e-58	1.12908e-61	3.10198e-66	4.33693e-70	1.17817e-72	
N49	1.96392e-42	8.08457e-35	1.96881e-29	1.28167e-25	1.48405e-22	9.07738e-19	6.27959e-16	1.16946e-13	7.2958e-11	2.31568e-10	3.85167e-09	4.26206e-06	0.000172296	0.00233676	0.0512812	0.413087	0.493833	0.0391377	0.000147865	1.71422e-07	1.52874e-10	1.21254e-12	8.62831e-15	1.04129e-16	1.65373e-19	2.65257e-22	1.26353e-25	4.42315e-29	2.83362e-32	1.78956e-34	7.90326e-38	3.36895e-40	5.51458e-44	1.04482e-46	8.22412e-51	2.33641e-54	1.10363e-58	1.89251e-62	8.03329e-67	1.47898e-70	2.06718e-73	
Calboe	0	0	0	0	0	0	0	0	0	0	0	0	0	1	0	0	0	0	0	0	0	0	0	0	0	0	0	0	0	0	0	0	0	0	0	0	0	0	0	0	0	
C3125	0	0	0	0	0	0	0	0	0	0	0	0	0	0	0	0	0	1	0	0	0	0	0	0	0	0	0	0	0	0	0	0	0	0	0	0	0	0	0	0	0	
CGA429	0	0	0	0	0	0	0	0	0	0	0	0	0	0	1	0	0	0	0	0	0	0	0	0	0	0	0	0	0	0	0	0	0	0	0	0	0	0	0	0	0	
N50	2.9469e-52	1.18501e-43	3.0949e-38	4.19649e-33	6.87237e-30	3.04569e-26	1.92215e-21	3.45181e-20	3.70435e-19	2.39252e-16	9.33288e-15	2.2271e-11	4.33521e-07	0.00157005	0.205148	0.597769	0.194713	0.000800069	2.25633e-07	2.0528e-11	8.54153e-16	7.54234e-20	2.08123e-22	5.53401e-24	2.67883e-26	1.67302e-29	3.06434e-30	4.50088e-32	9.55288e-34	1.74152e-35	5.94525e-37	1.05519e-36	2.04678e-38	2.61604e-38	4.3534e-41	1.04209e-41	1.34399e-44	3.00621e-46	3.59109e-49	5.11697e-51	5.19706e-52	
C984	0	0	0	0	0	0	0	0	0	0	0	0	0	1	0	0	0	0	0	0	0	0	0	0	0	0	0	0	0	0	0	0	0	0	0	0	0	0	0	0	0	
N51	2.66765e-39	1.82134e-33	3.94455e-30	1.64763e-27	2.90196e-27	3.42186e-26	2.17974e-21	3.90976e-19	3.77332e-17	2.99011e-14	6.82577e-13	7.30136e-10	3.46842e-06	0.0038645	0.308565	0.574983	0.112206	0.00037665	2.33276e-07	5.47934e-11	1.15472e-14	2.43001e-16	1.48334e-18	6.12409e-20	2.37335e-22	5.24907e-25	1.84242e-28	1.60034e-32	7.65367e-36	1.909e-37	3.95605e-41	1.29915e-42	9.09807e-47	1.79994e-48	3.53363e-53	4.74747e-56	7.17913e-61	2.11518e-64	4.97943e-69	6.25058e-73	3.0668e-75	
CGA310	0	0	0	0	0	0	0	0	0	0	0	0	0	0	1	0	0	0	0	0	0	0	0	0	0	0	0	0	0	0	0	0	0	0	0	0	0	0	0	0	0	
N52	2.01043e-42	6.82422e-35	8.48654e-30	9.02377e-26	1.213e-22	2.20037e-19	3.06695e-15	4.45325e-14	1.16158e-12	7.37627e-11	5.9002e-10	1.76275e-07	0.000246698	0.0812459	0.74109	0.172311	0.00508924	1.70804e-05	1.95644e-08	1.07212e-11	6.78562e-15	3.53878e-17	1.54993e-19	1.09352e-21	1.13946e-24	1.36421e-27	5.53939e-31	2.31749e-34	1.35978e-37	6.66192e-40	2.32624e-43	7.28632e-46	1.07195e-49	1.47917e-52	1.15526e-56	2.91442e-60	1.36948e-64	2.1445e-68	8.9239e-73	1.66549e-76	2.14468e-79	
CGA365	0	0	0	0	0	0	0	0	0	0	0	0	0	0	1	0	0	0	0	0	0	0	0	0	0	0	0	0	0	0	0	0	0	0	0	0	0	0	0	0	0	
CGA494	0	0	0	0	0	0	0	0	0	0	0	0	0	1	0	0	0	0	0	0	0	0	0	0	0	0	0	0	0	0	0	0	0	0	0	0	0	0	0	0	0	
N53	1.55194e-45	1.64345e-37	3.39055e-33	9.0033e-28	3.08988e-25	3.63476e-23	3.46254e-20	1.18385e-15	3.09972e-13	9.72309e-13	5.84273e-11	1.17765e-09	7.0747e-09	3.79106e-07	6.55188e-05	0.0362381	0.54802	0.399198	0.0164351	4.30377e-05	3.76914e-08	1.07243e-10	5.30084e-13	3.34248e-15	2.63205e-18	1.88571e-21	5.29667e-25	7.17954e-29	1.5566e-32	2.62174e-35	5.66758e-39	1.45836e-39	1.03831e-38	2.96495e-39	2.93212e-41	1.10983e-42	7.37643e-45	1.90989e-46	3.41659e-48	4.21533e-48	1.54839e-47	
N54	6.22652e-47	6.48567e-39	4.18223e-34	1.08007e-28	2.83984e-26	1.68892e-23	5.53343e-20	1.03301e-15	4.34357e-14	2.8388e-13	6.82329e-12	1.0234e-10	3.44909e-09	9.65587e-08	9.19542e-05	0.0547549	0.574302	0.364343	0.00649888	9.12327e-06	3.80009e-09	1.26125e-12	8.44143e-16	3.65592e-18	1.8524e-20	2.92261e-23	9.24806e-26	2.27179e-29	1.59075e-32	2.09184e-36	1.2334e-40	1.22459e-42	1.25872e-46	1.33706e-48	3.64589e-53	1.84454e-55	2.63287e-60	4.73085e-63	4.57457e-68	1.31832e-71	3.04859e-76	
C12265	0	0	0	0	0	0	0	0	0	0	0	0	0	0	0	0	0	1	0	0	0	0	0	0	0	0	0	0	0	0	0	0	0	0	0	0	0	0	0	0	0	
N55	1.49143e-48	8.28952e-40	1.24331e-35	2.28972e-29	2.73266e-27	2.08898e-26	6.15284e-21	4.55552e-17	9.0917e-18	2.41608e-15	1.91359e-13	8.29706e-14	6.4177e-11	2.03433e-06	0.013679	0.929583	0.0563176	0.000417704	1.96724e-07	2.13081e-11	9.05151e-16	1.92835e-20	3.39928e-25	1.73905e-28	6.99544e-32	1.02908e-35	1.20339e-37	1.76315e-37	1.3055e-37	6.32528e-40	1.60361e-42	1.19637e-43	1.28699e-45	1.51855e-46	8.12678e-49	6.16216e-50	1.17968e-52	1.90302e-54	2.78048e-57	1.71295e-59	4.95621e-62	
C404	0	0	0	0	0	0	0	0	0	0	0	0	0	0	1	0	0	0	0	0	0	0	0	0	0	0	0	0	0	0	0	0	0	0	0	0	0	0	0	0	0	
N56	2.2145e-41	5.37746e-35	1.00749e-32	1.10001e-28	1.04232e-29	2.23634e-28	2.90533e-23	1.06265e-18	6.89927e-19	1.5293e-17	3.54876e-14	5.90417e-14	2.7115e-11	9.29706e-07	0.00656756	0.958432	0.0348979	0.000101554	2.42687e-08	1.64118e-12	1.18321e-16	1.40374e-18	1.51185e-21	4.69043e-24	1.02392e-27	4.65066e-31	7.7886e-35	2.73904e-39	3.97113e-43	3.97898e-45	3.92987e-50	2.54789e-52	1.07443e-57	2.83041e-60	7.07318e-66	5.43186e-69	9.53414e-75	8.98803e-79	1.45827e-84	4.83976e-89	1.60442e-92	
Cl11778	0	0	0	0	0	0	0	0	0	0	0	0	0	0	0	1	0	0	0	0	0	0	0	0	0	0	0	0	0	0	0	0	0	0	0	0	0	0	0	0	0	
CGA48	0	0	0	0	0	0	0	0	0	0	0	0	0	0	0	1	0	0	0	0	0	0	0	0	0	0	0	0	0	0	0	0	0	0	0	0	0	0	0	0	0	
C3126	0	0	0	0	0	0	0	0	0	0	0	0	0	0	0	0	0	0	1	0	0	0	0	0	0	0	0	0	0	0	0	0	0	0	0	0	0	0	0	0	0	
N57	4.31155e-42	2.72533e-34	4.17129e-29	3.54987e-25	2.25494e-22	2.87498e-19	9.74012e-19	2.17263e-14	1.51114e-10	4.03306e-11	1.17192e-10	3.15743e-08	2.63506e-08	2.32897e-09	5.86368e-07	0.000415182	0.0606657	0.827179	0.110672	0.00106429	2.82051e-06	4.72857e-09	1.34374e-11	5.05148e-14	5.91794e-17	5.24058e-20	2.86054e-23	8.76394e-27	2.46731e-30	1.27849e-30	8.89788e-31	1.64742e-31	5.26111e-33	3.71461e-34	7.55672e-36	2.68704e-37	3.81492e-39	8.90378e-41	9.71989e-43	2.07641e-44	8.04782e-46	
CGA311	0	0	0	0	0	0	0	0	0	0	0	0	0	0	0	0	0	1	0	0	0	0	0	0	0	0	0	0	0	0	0	0	0	0	0	0	0	0	0	0	0	
N58	2.74901e-43	4.80067e-37	3.54954e-33	6.64858e-29	1.95094e-25	2.50881e-22	1.35245e-20	2.80182e-16	1.45316e-12	9.46072e-13	3.5078e-12	3.82892e-10	3.68989e-10	2.40777e-10	9.08339e-08	0.000141295	0.0449116	0.836303	0.117763	0.000880034	1.44661e-06	1.04483e-09	9.53207e-13	1.93584e-14	1.36445e-16	3.56587e-19	1.61927e-21	3.36218e-25	3.35984e-28	1.18986e-31	1.28127e-35	2.85842e-37	2.02814e-41	3.57087e-43	8.7941e-48	7.23917e-50	8.63379e-55	1.5174e-57	1.3467e-62	8.32234e-66	2.49876e-70	
N59	1.0863e-48	2.21786e-40	3.62245e-35	2.53099e-30	4.94144e-28	1.66787e-24	5.72721e-23	2.00173e-18	2.35352e-15	2.86033e-16	1.16963e-14	1.21546e-12	8.72532e-13	6.7582e-12	3.36726e-08	0.000113351	0.0653735	0.899824	0.0346002	8.91637e-05	5.49341e-08	1.2791e-11	1.55059e-15	2.20175e-18	8.56282e-21	1.04553e-23	2.91598e-26	5.56434e-30	1.69734e-33	1.58387e-37	4.60446e-42	2.3e-45	1.35216e-46	8.69552e-45	1.01417e-46	2.42502e-47	1.77984e-49	1.53028e-50	4.17767e-53	1.24267e-54	3.10858e-55	
CGA45	0	0	0	0	0	0	0	0	0	0	0	0	0	0	0	0	1	0	0	0	0	0	0	0	0	0	0	0	0	0	0	0	0	0	0	0	0	0	0	0	0	
N60	3.13796e-50	2.39759e-42	5.03693e-37	1.7969e-32	2.25426e-29	6.29639e-26	2.77175e-24	2.97541e-20	5.29972e-17	3.14631e-17	3.70159e-16	3.55109e-13	2.06286e-12	9.27036e-12	2.46548e-08	7.41329e-05	0.0445301	0.923346	0.0319544	9.53182e-05	7.35567e-08	2.30925e-11	1.6695e-14	1.64548e-15	3.55965e-17	1.09853e-19	6.3629e-22	1.40618e-25	1.51582e-28	2.64441e-32	3.72606e-36	8.891e-38	2.92901e-41	5.68125e-43	2.73831e-47	2.25825e-49	4.93053e-54	6.80073e-57	1.10634e-61	3.52517e-65	2.18663e-69	
C3043	0	0	0	0	0	0	0	0	0	0	0	0	0	0	0	0	0	1	0	0	0	0	0	0	0	0	0	0	0	0	0	0	0	0	0	0	0	0	0	0	0	
CGA364	0	0	0	0	0	0	0	0	0	0	0	0	0	0	0	0	0	1	0	0	0	0	0	0	0	0	0	0	0	0	0	0	0	0	0	0	0	0	0	0	0	
C2208	0	0	0	0	0	0	0	0	0	0	0	0	0	0	0	0	0	0	1	0	0	0	0	0	0	0	0	0	0	0	0	0	0	0	0	0	0	0	0	0	0	
N61	2.79967e-37	3.51854e-30	1.14984e-25	6.82203e-22	1.11157e-19	8.00062e-17	6.27585e-16	3.34591e-12	4.5722e-09	1.10147e-09	3.68367e-09	3.63327e-07	9.75473e-08	3.31254e-08	9.51911e-06	0.00221361	0.121271	0.832772	0.0432679	0.000463496	1.99554e-06	6.20981e-09	2.79899e-11	1.52727e-13	3.42354e-16	6.32383e-19	7.87755e-22	7.47509e-25	5.61692e-28	8.69228e-31	5.50733e-34	6.33499e-37	2.53988e-40	1.55417e-43	3.75866e-47	1.19277e-50	1.78956e-54	3.49407e-58	3.65813e-62	6.25498e-66	1.82301e-69	
N62	4.78276e-44	5.68516e-36	8.1096e-31	2.3171e-26	5.03371e-24	2.04425e-20	1.52847e-19	3.12796e-15	7.12628e-12	3.34908e-13	5.41028e-12	4.51853e-10	2.78727e-11	2.11652e-11	7.25323e-08	0.000180729	0.0817703	0.905747	0.012279	2.30534e-05	1.31417e-08	3.34506e-12	8.59878e-16	3.24115e-18	5.14792e-21	4.17572e-24	4.69352e-27	4.79141e-31	9.09976e-35	1.16016e-38	8.70614e-43	1.13099e-45	9.57228e-50	9.68489e-53	3.6887e-57	1.91595e-60	3.28838e-65	3.7948e-69	4.40778e-74	2.39352e-78	5.51228e-83	
CGA453	0	0	0	0	0	0	0	0	0	0	0	0	0	0	0	0	0	1	0	0	0	0	0	0	0	0	0	0	0	0	0	0	0	0	0	0	0	0	0	0	0	
N63	2.30989e-48	5.35978e-40	5.0335e-35	8.99592e-30	1.56386e-27	3.82197e-24	4.65194e-22	1.79416e-17	7.84474e-15	3.20367e-16	2.91552e-14	7.68118e-13	6.54268e-14	1.77203e-12	1.46656e-08	0.000105656	0.136613	0.860139	0.00314108	1.7479e-06	3.10282e-10	2.45353e-14	1.97404e-18	1.53319e-20	5.55361e-23	4.49642e-26	1.17152e-28	5.22866e-33	8.22977e-37	3.22368e-41	6.71202e-46	1.22817e-48	1.14291e-52	2.49036e-55	8.4206e-60	1.06986e-62	7.02358e-68	7.49014e-72	3.35561e-77	1.30386e-81	1.74765e-86	
CGA501	0	0	0	0	0	0	0	0	0	0	0	0	0	0	0	0	0	1	0	0	0	0	0	0	0	0	0	0	0	0	0	0	0	0	0	0	0	0	0	0	0	
C3121	0	0	0	0	0	0	0	0	0	0	0	0	0	0	0	0	1	0	0	0	0	0	0	0	0	0	0	0	0	0	0	0	0	0	0	0	0	0	0	0	0	
N64	2.27209e-46	9.23859e-38	7.85384e-32	5.95706e-28	1.49247e-25	2.47496e-21	7.08385e-22	5.31674e-17	1.47947e-12	1.25186e-14	2.43759e-14	1.10836e-10	2.61015e-12	2.15919e-14	3.51294e-11	5.65172e-07	0.00225201	0.995159	0.00258717	9.73872e-07	1.15836e-10	6.32024e-15	3.52341e-19	1.45832e-22	3.00396e-26	3.78182e-30	4.67283e-34	9.12159e-39	1.96867e-43	3.82951e-48	4.62137e-53	3.88013e-57	4.52781e-62	2.21123e-66	1.0404e-71	1.89318e-76	3.02112e-82	9.34303e-88	5.19298e-94	4.41066e-100	1.49678e-106	
Calparcri	0	0	0	0	0	0	0	0	0	0	0	0	0	0	0	0	0	1	0	0	0	0	0	0	0	0	0	0	0	0	0	0	0	0	0	0	0	0	0	0	0	
C3118	0	0	0	0	0	0	0	0	0	0	0	0	0	0	0	0	0	1	0	0	0	0	0	0	0	0	0	0	0	0	0	0	0	0	0	0	0	0	0	0	0	
N65	1.44456e-43	1.05942e-36	3.29258e-33	1.66796e-28	1.66873e-25	1.44133e-21	8.11438e-18	1.90504e-14	1.10995e-12	1.83276e-11	6.99559e-10	8.36746e-08	1.37801e-06	8.67703e-05	0.0201135	0.431705	0.516156	0.0317596	0.000178151	2.06954e-07	3.37411e-10	3.91525e-12	1.64126e-14	2.33303e-16	2.11599e-19	4.19847e-22	2.46003e-25	1.35932e-28	4.65914e-31	7.0544e-31	2.05669e-33	2.8785e-33	3.37621e-36	2.16012e-36	1.56865e-39	2.29952e-40	1.40132e-43	5.14372e-45	3.45555e-48	5.39708e-50	5.35034e-51	
N66	2.3558e-41	6.02075e-34	3.62752e-29	5.92601e-25	3.45909e-22	3.35766e-19	1.98138e-17	1.12093e-13	6.26007e-11	2.53619e-10	5.89039e-09	5.82711e-07	2.67226e-06	1.17415e-05	0.00163092	0.0986117	0.553741	0.325417	0.0202891	0.000288741	6.84197e-06	3.65125e-07	8.99202e-09	2.20765e-10	5.74904e-13	2.04956e-15	3.22841e-18	1.49936e-20	2.90752e-23	3.15554e-25	2.43242e-28	1.24702e-30	3.71416e-34	4.95534e-37	8.80999e-41	4.34879e-44	4.60113e-48	1.37929e-51	1.24805e-55	6.8511e-59	1.92079e-61	
N67	1.17962e-37	1.43063e-30	1.3525e-25	1.52903e-22	1.2866e-19	1.84932e-16	1.64538e-15	1.11368e-12	1.89377e-10	2.89413e-09	1.43287e-07	1.90783e-05	5.48564e-05	8.74368e-05	0.00245812	0.0797948	0.51071	0.384062	0.022528	0.000284997	1.32136e-06	4.16172e-09	2.77451e-11	5.38452e-13	2.61701e-15	1.00685e-17	2.79677e-20	2.30885e-23	2.3961e-26	6.79931e-29	6.3932e-32	3.12505e-34	1.51928e-37	3.8089e-40	9.59486e-44	9.76644e-47	1.5645e-50	6.89064e-54	7.43016e-58	2.05852e-61	6.68645e-65	
N68	4.01743e-37	5.35137e-30	5.19788e-25	8.55409e-22	9.02814e-19	1.51419e-15	1.4496e-14	7.00988e-12	9.0192e-10	1.66269e-08	8.98079e-07	0.000154656	0.000557673	0.000883495	0.0160794	0.176384	0.535602	0.263787	0.00651633	3.50284e-05	6.9613e-08	6.91393e-11	7.18893e-14	1.07982e-15	7.44055e-18	2.7529e-20	1.28935e-22	7.54622e-26	8.07409e-29	6.12278e-32	2.67905e-35	1.87564e-37	9.20698e-41	5.11823e-43	1.08608e-46	2.94989e-49	3.35342e-53	2.748e-56	2.2099e-60	8.34973e-64	1.33915e-67	
N69	4.00204e-40	1.39638e-32	1.06935e-27	1.76535e-23	8.73987e-21	9.85341e-18	1.71374e-16	2.02008e-12	5.12823e-09	3.0177e-09	1.42056e-08	1.42864e-06	9.04995e-07	3.22626e-07	6.21963e-05	0.00839618	0.230339	0.720733	0.0400674	0.000394654	5.11062e-06	5.84322e-08	5.18251e-10	4.12461e-12	6.38939e-15	1.97366e-17	2.14325e-20	8.15845e-23	4.53045e-26	1.7419e-28	5.11539e-32	1.01943e-34	1.73957e-38	1.60022e-41	1.7306e-45	6.83079e-49	4.85051e-53	9.75561e-57	5.30298e-61	1.18168e-64	1.14083e-67	
Triowe	0	0	0	0	0	0	0	0	0	0	0	0	0	0	0	0	0	1	0	0	0	0	0	0	0	0	0	0	0	0	0	0	0	0	0	0	0	0	0	0	0	
N70	8.00436e-41	1.41966e-33	8.85033e-29	1.64596e-24	1.22982e-21	9.49283e-19	7.1955e-17	2.66225e-13	1.8245e-10	1.86414e-10	6.8346e-10	3.75459e-08	2.37344e-08	3.3459e-08	1.13772e-05	0.00315525	0.16471	0.780313	0.051271	0.000536798	2.515e-06	1.07301e-08	7.93761e-11	4.43824e-12	4.23173e-14	2.94777e-16	1.89775e-18	1.24309e-21	2.45834e-24	1.2759e-26	9.58289e-30	2.87104e-31	9.56238e-35	1.65436e-36	2.5466e-40	1.78719e-42	1.68694e-46	2.78908e-49	1.9866e-53	1.50339e-56	5.8435e-60	
Trijoh	0	0	0	0	0	0	0	0	0	0	0	0	0	0	0	0	0	1	0	0	0	0	0	0	0	0	0	0	0	0	0	0	0	0	0	0	0	0	0	0	0	
Trimel	0	0	0	0	0	0	0	0	0	0	0	0	0	0	0	0	0	1	0	0	0	0	0	0	0	0	0	0	0	0	0	0	0	0	0	0	0	0	0	0	0	
N71	1.85003e-35	3.47836e-28	1.61793e-22	1.25063e-20	2.71343e-17	5.76488e-13	4.73818e-13	1.00674e-10	2.3259e-10	2.48887e-07	0.000751662	0.41152	0.477074	0.103173	0.00727583	0.000203244	2.34564e-06	1.01712e-08	1.19178e-11	6.02226e-15	1.64572e-18	2.79476e-22	3.83892e-26	2.21154e-29	1.90066e-32	1.32117e-35	9.54921e-39	1.60382e-42	2.85481e-46	4.30814e-50	3.80136e-54	1.85983e-57	2.81836e-61	1.57057e-64	1.54784e-68	4.79156e-72	2.382e-76	2.55756e-80	8.09239e-85	4.96829e-89	2.34945e-93	
N72	4.2048e-37	1.01363e-29	5.26379e-24	9.45183e-22	3.91106e-18	8.99867e-14	2.956e-13	8.28664e-11	5.04001e-10	7.77917e-07	0.00200638	0.660359	0.317351	0.0199638	0.000318062	1.67581e-06	3.28023e-09	2.49645e-12	8.5233e-16	3.93935e-19	1.40733e-21	1.10981e-24	1.32982e-27	1.85621e-30	3.63791e-34	1.37258e-36	1.61651e-40	7.16577e-43	4.46675e-47	1.31772e-49	5.41617e-54	8.54995e-57	2.53663e-61	1.99198e-64	4.50028e-69	1.62398e-72	2.83541e-77	4.72378e-81	1.97983e-85	2.92293e-89	3.89537e-92	
Trihoe	0	0	0	0	0	0	0	0	0	0	0	1	0	0	0	0	0	0	0	0	0	0	0	0	0	0	0	0	0	0	0	0	0	0	0	0	0	0	0	0	0	
Tribit	0	0	0	0	0	0	0	0	0	0	0	1	0	0	0	0	0	0	0	0	0	0	0	0	0	0	0	0	0	0	0	0	0	0	0	0	0	0	0	0	0	
Trijac	0	0	0	0	0	0	0	0	0	0	0	1	0	0	0	0	0	0	0	0	0	0	0	0	0	0	0	0	0	0	0	0	0	0	0	0	0	0	0	0	0	
N73	5.87353e-38	8.42702e-31	3.21819e-26	2.55716e-22	6.8292e-20	3.93341e-17	5.0902e-16	2.40006e-12	2.69123e-09	1.16201e-09	3.08551e-09	2.02978e-07	1.1284e-07	5.77279e-08	1.36609e-05	0.00290787	0.13829	0.783685	0.0738837	0.00121251	6.96555e-06	3.01767e-08	2.64227e-10	3.56826e-12	1.34947e-14	4.38125e-17	9.14582e-20	1.04078e-22	1.03973e-25	3.13499e-28	2.58251e-31	6.98937e-34	3.30801e-37	4.57713e-40	1.21823e-43	7.28617e-47	1.20821e-50	3.69949e-54	4.03308e-58	9.03656e-62	3.31407e-65	
Tricri	0	0	0	0	0	0	0	0	0	0	0	0	0	0	0	0	0	1	0	0	0	0	0	0	0	0	0	0	0	0	0	0	0	0	0	0	0	0	0	0	0	
N74	2.30408e-40	3.61996e-33	1.80908e-28	2.18513e-24	1.00435e-21	6.64936e-19	2.10248e-17	6.71091e-14	4.21064e-11	1.83988e-11	4.43283e-11	2.79786e-09	1.82635e-09	3.00084e-09	1.50601e-06	0.000735358	0.0797684	0.848114	0.0705219	0.000856021	3.15953e-06	5.35279e-09	1.14156e-11	3.74127e-13	3.88114e-15	2.08905e-17	1.4399e-19	1.00232e-22	1.50777e-25	1.64616e-28	9.69488e-32	1.19463e-33	6.06092e-37	5.39871e-39	1.16329e-42	4.96206e-45	5.65412e-49	6.46346e-52	5.2818e-56	2.71482e-59	5.06037e-63	
Triwie	0	0	0	0	0	0	0	0	0	0	0	0	0	0	0	0	0	1	0	0	0	0	0	0	0	0	0	0	0	0	0	0	0	0	0	0	0	0	0	0	0	
Triqua	0	0	0	0	0	0	0	0	0	0	0	0	0	0	0	0	0	1	0	0	0	0	0	0	0	0	0	0	0	0	0	0	0	0	0	0	0	0	0	0	0	
N75	9.6826e-38	2.39816e-31	3.56813e-27	2.70375e-23	1.13272e-20	2.04625e-18	3.29125e-16	3.65814e-13	9.10159e-11	7.29044e-10	4.82171e-09	9.72042e-08	6.1673e-07	8.63648e-06	0.000874566	0.045958	0.407307	0.468053	0.0746484	0.00309238	5.53295e-05	2.08005e-06	1.96066e-07	3.46551e-08	7.76169e-10	1.78231e-11	2.18397e-13	9.74875e-16	6.77005e-18	3.3093e-19	1.70985e-21	8.25042e-23	1.55956e-25	3.23932e-27	3.28678e-30	2.19981e-32	1.50333e-35	4.12848e-38	2.01336e-41	3.71108e-44	1.89426e-46	
N76	6.52313e-36	1.85242e-29	2.25216e-25	9.68564e-22	1.93494e-19	3.98289e-17	1.38029e-15	2.17617e-12	9.22616e-10	1.42575e-09	4.8835e-09	1.92758e-07	2.66572e-07	4.66758e-07	5.6223e-05	0.00577474	0.159789	0.700084	0.129101	0.00511908	7.43469e-05	5.70407e-07	4.83766e-09	1.00488e-10	1.02317e-12	8.44714e-15	5.24296e-17	1.45896e-19	3.72728e-22	1.69588e-24	3.63753e-27	2.21479e-29	3.49153e-32	1.26246e-34	1.17948e-37	2.1384e-40	1.27898e-43	1.26639e-46	5.12809e-50	3.57597e-53	2.92564e-56	
Kinboe	0	0	0	0	0	0	0	0	0	0	0	0	0	0	0	0	0	1	0	0	0	0	0	0	0	0	0	0	0	0	0	0	0	0	0	0	0	0	0	0	0	
Kinfis	0	0	0	0	0	0	0	0	0	0	0	0	0	0	0	0	0	1	0	0	0	0	0	0	0	0	0	0	0	0	0	0	0	0	0	0	0	0	0	0	0	
Kinxen	0	0	0	0	0	0	0	0	0	0	0	0	0	0	0	0	0	1	0	0	0	0	0	0	0	0	0	0	0	0	0	0	0	0	0	0	0	0	0	0	0	
N77	3.84347e-41	2.64348e-34	7.14366e-31	1.22606e-27	4.16773e-25	1.75051e-21	5.57147e-18	4.74076e-15	1.94561e-13	8.87005e-12	1.11087e-09	8.12571e-08	3.24809e-06	0.000635606	0.0468836	0.486252	0.440982	0.0250034	0.000239321	7.39388e-07	8.56227e-10	3.80036e-12	7.95925e-14	3.76765e-14	2.77274e-15	9.64497e-17	1.71657e-18	1.52006e-21	9.21703e-24	1.26265e-25	2.55706e-28	3.74867e-29	1.0839e-32	6.2488e-34	3.49929e-38	3.30807e-40	1.03133e-44	4.43181e-47	3.45167e-50	6.26042e-52	2.49851e-53	
N78	2.22235e-32	2.95555e-26	1.22382e-21	3.08578e-19	4.46693e-16	5.92e-13	8.85718e-12	2.62426e-10	8.03475e-09	2.0853e-06	0.00052014	0.0343033	0.23165	0.410563	0.256396	0.0612695	0.00518057	0.000113764	9.96752e-07	4.50815e-09	1.24287e-11	3.10961e-14	2.55121e-16	6.51419e-18	5.64609e-20	3.73191e-22	1.73238e-24	3.12435e-27	6.72656e-30	4.15308e-32	1.1179e-34	1.26983e-36	2.34048e-39	1.51811e-41	1.38467e-44	3.29314e-47	1.96498e-50	2.391e-53	9.86089e-57	8.96524e-60	1.32736e-62	
N79	7.32305e-34	2.35395e-26	1.72017e-20	9.89645e-19	2.00692e-15	4.27754e-11	2.26332e-11	2.26109e-09	3.55135e-09	1.98137e-06	0.00283077	0.587466	0.376109	0.0328465	0.000739873	5.4923e-06	1.51616e-08	1.73892e-11	9.91388e-15	3.47081e-18	1.55666e-21	9.17041e-25	6.44868e-28	4.68442e-31	1.19055e-34	4.86266e-38	1.05425e-41	4.78302e-45	7.13578e-49	3.10647e-52	3.01679e-56	7.90384e-60	5.02093e-64	7.27108e-68	3.08516e-72	2.47814e-76	7.06541e-81	3.64852e-85	8.20316e-90	4.96258e-94	7.59833e-98	
N80	4.65008e-37	4.04968e-29	8.02986e-23	6.66339e-21	2.32084e-17	2.04946e-12	7.25784e-13	4.04539e-10	3.49458e-10	4.19106e-07	0.00182951	0.889889	0.107264	0.00101482	1.90746e-06	1.14016e-09	3.22914e-13	2.95407e-16	2.0213e-19	1.41248e-22	6.36567e-26	1.3555e-29	3.13877e-33	3.70332e-36	2.61344e-40	1.95442e-43	6.42913e-48	1.8535e-51	3.78141e-56	4.55718e-60	6.31239e-65	3.76277e-69	3.78516e-74	1.39676e-78	1.70768e-83	3.01441e-87	2.6012e-92	1.96608e-96	8.37245e-101	2.35362e-105	2.28665e-109	
N81	1.40582e-36	3.21064e-29	1.52859e-23	2.7168e-21	9.72305e-18	1.69825e-13	5.92362e-13	1.51569e-10	1.1023e-09	1.66062e-06	0.00373	0.925318	0.0705592	0.000390449	5.02877e-07	3.10141e-10	1.15062e-12	4.95484e-14	4.6534e-17	1.11488e-19	5.92614e-23	1.95513e-25	1.88198e-28	3.32226e-30	2.69955e-34	1.1482e-36	5.58741e-41	5.21689e-44	1.79958e-48	6.84477e-52	1.72413e-56	4.6589e-60	6.05997e-64	2.35395e-67	5.92526e-71	2.788e-73	4.72162e-78	1.79216e-81	4.86963e-85	6.01131e-89	5.70215e-92	
Chaafr	0	0	0	0	0	0	0	0	0	0	0	1	0	0	0	0	0	0	0	0	0	0	0	0	0	0	0	0	0	0	0	0	0	0	0	0	0	0	0	0	0	
Chacha	0	0	0	0	0	0	0	0	0	0	0	1	0	0	0	0	0	0	0	0	0	0	0	0	0	0	0	0	0	0	0	0	0	0	0	0	0	0	0	0	0	
N82	2.26153e-36	5.54263e-29	3.09495e-23	5.21784e-21	2.23539e-17	5.8295e-13	1.35722e-12	3.58356e-10	1.36659e-09	1.71989e-06	0.00382727	0.94101	0.0549089	0.000251504	2.86275e-07	1.69205e-10	5.67314e-13	1.36832e-14	1.03313e-17	1.78125e-20	7.97825e-24	2.23204e-26	1.8141e-29	1.69088e-31	1.45567e-35	3.27162e-38	1.68373e-42	8.82877e-46	3.09795e-50	7.59e-54	1.87716e-58	3.74007e-62	4.40408e-66	1.40799e-69	2.79931e-73	6.90821e-76	1.25319e-80	2.81384e-84	5.18438e-88	5.4874e-92	3.63959e-95	
Chacaly	0	0	0	0	0	0	0	0	0	0	0	1	0	0	0	0	0	0	0	0	0	0	0	0	0	0	0	0	0	0	0	0	0	0	0	0	0	0	0	0	0	
Chazey	0	0	0	0	0	0	0	0	0	0	0	1	0	0	0	0	0	0	0	0	0	0	0	0	0	0	0	0	0	0	0	0	0	0	0	0	0	0	0	0	0	
N83	3.3866e-33	1.97674e-26	2.57051e-21	5.26823e-19	9.55478e-16	2.08056e-12	9.02548e-12	5.74284e-10	1.39666e-08	1.08574e-05	0.00741349	0.650878	0.323002	0.0184483	0.000245869	1.07729e-06	2.10429e-09	2.63124e-11	1.62328e-13	1.36167e-15	7.18959e-18	1.52207e-20	4.34851e-23	1.49799e-24	5.58761e-28	1.28157e-29	2.5218e-33	2.35611e-35	3.1599e-39	1.25179e-41	1.27046e-45	2.27872e-48	1.89518e-52	1.7298e-55	2.0242e-59	1.44915e-61	9.34251e-66	2.23626e-68	2.26516e-71	9.35996e-75	2.72903e-77	
Chadil	0	0	0	0	0	0	0	0	0	0	0	1	0	0	0	0	0	0	0	0	0	0	0	0	0	0	0	0	0	0	0	0	0	0	0	0	0	0	0	0	0	
Chasen	0	0	0	0	0	0	0	0	0	0	0	1	0	0	0	0	0	0	0	0	0	0	0	0	0	0	0	0	0	0	0	0	0	0	0	0	0	0	0	0	0	
Chanam	0	0	0	0	0	0	0	0	0	0	0	1	0	0	0	0	0	0	0	0	0	0	0	0	0	0	0	0	0	0	0	0	0	0	0	0	0	0	0	0	0	
N84	1.18685e-35	4.69133e-31	1.79796e-28	5.50476e-26	2.08752e-24	1.46162e-21	3.11869e-18	1.95782e-15	1.99634e-13	1.71756e-11	1.14465e-09	6.88247e-08	4.04524e-06	0.000737271	0.0493894	0.484444	0.435175	0.0295644	0.000676121	6.93154e-06	6.98186e-07	7.19758e-07	1.54293e-07	3.65225e-07	8.84639e-08	4.76531e-08	3.24404e-09	5.28003e-10	1.65567e-11	1.76249e-10	1.20399e-12	6.1573e-12	9.41543e-15	1.30806e-14	8.26175e-18	1.0134e-18	4.11556e-22	7.92349e-24	5.38613e-27	2.78931e-29	1.41183e-29	
Riebrev	0	0	0	0	0	0	0	0	0	0	0	0	0	0	0	0	0	0	0	0	0	0	0	0	0	0	0	0	0	0	1	0	0	0	0	0	0	0	0	0	0	
N85	2.87208e-38	1.25554e-30	3.46795e-27	9.18916e-22	4.84657e-21	8.82905e-19	3.78874e-16	6.25749e-12	1.11226e-10	1.5993e-11	2.13325e-08	5.29719e-09	1.38737e-10	2.14493e-08	3.30319e-05	0.0143292	0.965513	0.020047	7.80872e-05	1.09448e-07	8.61833e-11	5.77301e-14	4.50409e-17	3.38038e-20	1.24727e-23	4.23436e-27	1.0375e-30	2.76208e-34	5.64915e-38	1.29054e-41	1.73178e-45	2.09137e-49	9.72372e-50	8.02242e-51	7.09915e-53	1.39179e-53	8.96631e-56	5.72823e-58	3.10092e-60	1.93241e-60	4.06915e-59	
N86	7.54411e-49	7.18779e-40	1.00144e-35	4.37937e-29	9.15101e-28	1.20481e-24	1.91121e-21	2.45664e-16	7.16364e-15	3.43216e-16	4.78322e-12	3.51e-13	3.60225e-15	5.01045e-12	1.86437e-07	0.001482	0.993707	0.00480882	2.10372e-06	2.26307e-10	9.42715e-15	7.51561e-19	3.09702e-22	5.94431e-25	2.0541e-28	2.32471e-30	2.59177e-32	6.09436e-35	6.69675e-37	4.38703e-38	3.60825e-40	1.23442e-40	4.58216e-43	1.08632e-43	1.14588e-46	4.02503e-48	3.50125e-51	5.17921e-53	4.25534e-56	3.57851e-58	5.72921e-60	
N87	1.84762e-45	1.01876e-38	4.04202e-36	1.41298e-31	3.57214e-31	6.73701e-28	4.06323e-24	4.58531e-19	1.53684e-17	2.06294e-18	1.84555e-14	1.27082e-15	2.43488e-16	1.74844e-12	9.15874e-08	0.00105872	0.99501	0.00393	1.26023e-06	9.74159e-11	2.8503e-15	1.29312e-18	3.03416e-21	1.12784e-22	4.66779e-25	2.0906e-28	1.12861e-32	7.08169e-38	7.31942e-42	2.38199e-45	1.96897e-49	4.70995e-51	2.9151e-50	2.15202e-49	7.91979e-53	9.09367e-53	3.10254e-56	6.61223e-58	4.71852e-61	2.89321e-61	1.34236e-59	
Braset	0	0	0	0	0	0	0	0	0	0	0	0	0	0	0	0	1	0	0	0	0	0	0	0	0	0	0	0	0	0	0	0	0	0	0	0	0	0	0	0	0	
N88	4.11407e-54	1.44526e-45	3.94069e-41	6.78589e-35	3.37483e-33	3.26098e-30	9.12797e-27	4.14999e-22	1.73856e-20	2.59118e-20	4.00325e-16	2.54518e-15	2.43159e-15	9.99219e-12	2.40292e-07	0.00147811	0.994664	0.00385539	1.79217e-06	2.42838e-10	1.41243e-14	7.97475e-18	3.08766e-20	7.044e-22	3.31488e-24	1.80019e-27	1.11559e-31	1.63485e-36	1.23063e-40	7.14006e-44	1.27584e-47	7.70451e-50	7.50746e-54	2.53844e-56	1.47119e-61	1.60362e-65	6.38559e-71	2.85382e-75	2.07547e-80	4.1311e-85	3.18433e-88	
N89	1.35927e-56	3.12812e-47	6.3806e-43	8.62048e-36	3.05688e-34	3.637e-31	2.58684e-27	1.44762e-21	1.44711e-19	1.75346e-19	2.0574e-14	5.25335e-15	1.28848e-16	2.89276e-13	2.23997e-08	0.000448444	0.998682	0.000869559	1.00641e-07	3.61784e-12	5.90861e-17	2.91913e-21	9.99417e-25	8.28829e-28	1.62365e-31	8.45482e-36	9.39726e-41	3.22298e-46	2.12521e-51	1.15726e-55	1.54154e-60	2.07463e-64	1.54467e-69	8.07816e-74	6.41219e-80	1.53829e-85	4.43186e-92	3.73556e-98	4.98397e-105	1.23e-111	7.40405e-118	
Bramel	0	0	0	0	0	0	0	0	0	0	0	0	0	0	0	0	1	0	0	0	0	0	0	0	0	0	0	0	0	0	0	0	0	0	0	0	0	0	0	0	0	
Bratha	0	0	0	0	0	0	0	0	0	0	0	0	0	0	0	0	1	0	0	0	0	0	0	0	0	0	0	0	0	0	0	0	0	0	0	0	0	0	0	0	0	
N90	9.20251e-56	6.09931e-47	1.75546e-42	7.2455e-36	4.55634e-34	7.03023e-31	5.03366e-27	1.19176e-21	1.74533e-19	4.35753e-19	1.15324e-14	1.88261e-14	3.85402e-15	9.83809e-12	2.34867e-07	0.00145112	0.995619	0.00292838	1.13431e-06	1.35388e-10	7.2814e-15	1.85485e-18	3.32919e-21	1.91627e-23	2.52854e-26	6.77669e-30	3.05894e-34	4.11021e-39	1.49207e-43	5.26596e-47	4.71273e-51	6.83068e-54	3.90758e-58	2.86905e-61	1.66343e-66	5.58771e-71	1.89769e-76	3.56881e-81	1.4253e-86	1.8603e-91	3.35069e-95	
Bradra	0	0	0	0	0	0	0	0	0	0	0	0	0	0	0	0	1	0	0	0	0	0	0	0	0	0	0	0	0	0	0	0	0	0	0	0	0	0	0	0	0	
Bratra	0	0	0	0	0	0	0	0	0	0	0	0	0	0	0	0	1	0	0	0	0	0	0	0	0	0	0	0	0	0	0	0	0	0	0	0	0	0	0	0	0	
N91	1.14309e-49	2.19836e-41	1.89656e-37	1.9392e-31	3.14509e-30	1.14459e-27	1.94319e-24	1.22543e-19	7.42677e-18	1.05029e-17	1.5218e-13	1.78296e-13	2.71652e-14	4.48353e-11	6.40308e-07	0.00237826	0.99299	0.00462789	2.89159e-06	5.61774e-10	4.96919e-14	1.21312e-17	2.11989e-20	8.94211e-23	9.22685e-26	2.72309e-29	1.88056e-33	4.22136e-38	1.85011e-42	6.76875e-46	6.76666e-50	7.08669e-53	4.84085e-57	2.46177e-60	2.46735e-65	8.60013e-70	4.72063e-75	9.72212e-80	4.83839e-85	8.38686e-90	1.06578e-93	
Bragut	0	0	0	0	0	0	0	0	0	0	0	0	0	0	0	0	1	0	0	0	0	0	0	0	0	0	0	0	0	0	0	0	0	0	0	0	0	0	0	0	0	
Braven	0	0	0	0	0	0	0	0	0	0	0	0	0	0	0	0	1	0	0	0	0	0	0	0	0	0	0	0	0	0	0	0	0	0	0	0	0	0	0	0	0	
N92	5.39733e-43	3.0505e-35	2.69251e-31	8.12605e-26	1.73168e-24	4.86427e-22	5.03508e-19	5.1106e-15	9.61194e-14	5.3281e-14	2.826e-11	6.2786e-12	2.34382e-12	2.47947e-09	9.26427e-06	0.00893441	0.973995	0.0170214	4.01969e-05	2.92377e-08	9.59018e-12	7.32461e-15	3.49672e-17	4.47665e-19	1.23056e-21	1.23402e-24	3.47988e-28	2.94378e-32	5.57506e-36	7.71261e-39	2.43672e-42	8.66867e-45	1.48641e-48	2.96005e-51	1.03382e-55	1.99349e-59	4.48051e-64	4.46036e-68	8.37096e-73	6.24194e-77	2.50057e-80	
Brapum	0	0	0	0	0	0	0	0	0	0	0	0	0	0	0	0	1	0	0	0	0	0	0	0	0	0	0	0	0	0	0	0	0	0	0	0	0	0	0	0	0	
Bradam	0	0	0	0	0	0	0	0	0	0	0	0	0	0	0	0	1	0	0	0	0	0	0	0	0	0	0	0	0	0	0	0	0	0	0	0	0	0	0	0	0	
