NODE	1	2	3	4	5	6	7	8	9	10	11	12	13	14	15	16	17	18	19	20	21	22	23	24	25	26	27	28	29	30	31	32	33	34	35	36	37	38	39	40	41	
N1	3.82921e-34	1.2697e-28	7.87416e-25	1.47482e-22	6.05655e-20	8.08875e-19	1.06084e-18	1.07839e-16	1.02017e-14	4.18618e-14	1.19773e-13	2.79225e-13	2.08123e-13	6.99092e-14	3.23042e-13	7.32822e-12	5.66709e-11	1	5.48981e-11	1.13671e-11	1.12046e-12	6.25292e-14	2.22727e-15	5.5099e-17	1.00673e-18	1.42288e-20	1.61225e-22	1.50652e-24	1.18766e-26	8.04813e-29	4.76119e-31	2.49127e-33	1.16581e-35	4.92561e-38	1.89447e-40	6.68064e-43	2.17354e-45	6.56041e-48	1.84599e-50	4.86397e-53	1.26836e-55	
N2	8.51341e-38	2.97272e-32	1.93888e-28	3.43691e-25	1.47498e-22	2.48537e-21	2.67244e-20	7.11869e-18	1.82869e-15	1.18878e-13	2.13073e-12	8.60533e-11	3.51565e-09	7.29742e-08	4.02862e-06	0.000616665	0.0420692	0.687408	0.247906	0.0212859	0.000696647	1.17655e-05	6.17818e-07	7.39881e-07	3.73666e-07	9.88761e-08	2.91265e-08	3.6516e-10	8.25659e-12	9.79503e-14	1.92711e-15	6.13086e-16	4.3863e-17	1.01442e-17	4.86658e-19	5.84337e-20	3.11172e-22	5.7426e-24	1.87362e-26	3.16616e-28	7.09722e-30	
N3	1.47675e-44	2.86599e-37	3.91309e-32	1.06987e-27	1.02288e-23	1.07207e-21	3.62711e-20	3.55325e-16	1.5502e-12	1.88967e-11	2.10757e-11	1.46735e-09	1.54732e-08	1.56864e-08	4.67138e-07	0.00019329	0.0231664	0.420872	0.48046	0.07242	0.00284241	4.42171e-05	5.38422e-07	2.0962e-08	6.51005e-10	1.45236e-11	2.33107e-13	1.15681e-15	5.85107e-18	2.97737e-20	1.32197e-22	1.56083e-24	8.52303e-27	7.35257e-29	2.4211e-31	1.20576e-33	1.82719e-36	4.80433e-39	4.81989e-42	9.49587e-45	1.38231e-47	
N4	9.56393e-45	8.59357e-38	6.63448e-33	2.67166e-28	8.58034e-25	1.7614e-22	2.89795e-20	9.91654e-17	6.3651e-14	6.57757e-13	2.25109e-12	6.14131e-11	6.14502e-10	6.2086e-09	1.22391e-06	0.000355677	0.029358	0.409034	0.475024	0.0822115	0.0039393	7.50595e-05	7.7665e-07	2.59421e-08	3.75243e-09	3.09999e-10	4.28178e-11	6.62057e-13	1.64899e-14	2.05821e-16	7.58549e-19	3.09003e-20	5.07245e-22	4.88414e-23	4.3941e-25	2.91991e-26	8.282e-29	3.01386e-30	4.82116e-33	8.47297e-35	2.47701e-37	
B3088	0	0	0	0	0	0	0	0	0	0	0	0	0	0	0	0	0	1	0	0	0	0	0	0	0	0	0	0	0	0	0	0	0	0	0	0	0	0	0	0	0	
N5	1.06998e-41	1.30109e-35	3.50659e-31	3.54848e-27	2.64127e-24	6.46823e-22	1.32379e-19	1.12272e-16	2.39365e-14	3.20245e-13	3.89279e-12	1.52659e-10	2.99061e-09	6.79903e-08	8.81068e-06	0.00110097	0.0459823	0.413438	0.44595	0.0878266	0.00553575	0.000154459	2.40725e-06	9.33574e-08	2.09389e-08	3.18326e-09	7.74198e-10	2.71983e-11	1.38659e-12	4.03732e-14	3.49229e-16	2.45299e-17	9.06759e-19	1.76216e-19	4.19385e-21	5.9037e-22	5.10115e-24	4.30278e-25	2.07561e-27	9.0308e-29	7.93326e-31	
BGA709	0	0	0	0	0	0	0	0	0	0	0	0	0	0	0	0	0	1	0	0	0	0	0	0	0	0	0	0	0	0	0	0	0	0	0	0	0	0	0	0	0	
BGA309	0	0	0	0	0	0	0	0	0	0	0	0	0	0	0	0	0	1	0	0	0	0	0	0	0	0	0	0	0	0	0	0	0	0	0	0	0	0	0	0	0	
N6	1.4568e-44	2.00113e-37	2.60262e-32	3.80896e-28	9.50631e-25	2.93457e-22	4.21497e-21	3.9966e-17	1.49612e-13	5.30591e-13	1.00331e-12	2.43433e-10	1.67754e-09	1.37698e-09	8.81713e-08	6.69834e-05	0.0142984	0.46823	0.472543	0.0438815	0.000972129	8.08781e-06	3.4914e-08	2.63189e-10	5.26121e-12	9.54862e-14	1.5872e-15	7.2636e-18	3.6102e-20	1.29106e-22	2.28024e-25	1.54343e-27	6.4926e-30	6.12809e-32	1.75184e-34	1.06327e-36	1.47454e-39	5.34335e-42	4.48105e-45	1.00712e-47	1.06083e-50	
N7	4.25677e-41	1.01199e-34	3.41549e-30	3.17923e-26	1.54768e-23	9.17317e-21	5.245e-19	2.18445e-15	2.44196e-12	6.7739e-12	3.77206e-11	3.62252e-09	1.06151e-08	1.94256e-08	2.904e-06	0.000706542	0.0509768	0.622738	0.300155	0.0247389	0.000672719	8.44952e-06	6.4889e-08	9.97673e-10	3.80326e-11	1.38425e-12	4.27711e-14	4.67544e-16	5.04746e-18	4.09598e-20	1.98014e-22	3.10637e-24	3.51724e-26	7.46046e-28	6.29975e-30	8.63461e-32	3.92699e-34	3.34806e-36	9.3075e-39	5.14617e-41	1.76219e-43	
B11696	0	0	0	0	0	0	0	0	0	0	0	0	0	0	0	0	0	1	0	0	0	0	0	0	0	0	0	0	0	0	0	0	0	0	0	0	0	0	0	0	0	
B11609	0	0	0	0	0	0	0	0	0	0	0	0	0	0	0	0	0	1	0	0	0	0	0	0	0	0	0	0	0	0	0	0	0	0	0	0	0	0	0	0	0	
N8	2.01082e-51	2.29752e-43	1.78777e-37	9.26394e-33	1.15909e-28	9.97745e-26	1.33704e-24	5.40121e-20	7.09535e-16	1.84835e-15	3.23385e-15	1.78511e-12	1.57245e-11	1.40185e-11	4.06237e-09	1.25722e-05	0.00824812	0.506358	0.457366	0.0277083	0.00030521	1.03944e-06	1.52997e-09	4.02174e-12	6.3317e-14	5.96927e-16	9.18023e-18	1.724e-20	4.63499e-23	6.86008e-26	2.57969e-29	8.1664e-32	1.16687e-34	1.66356e-36	4.51525e-38	2.05605e-38	7.50178e-40	2.61502e-40	3.37346e-42	1.19597e-42	1.83934e-42	
N9	1.43193e-49	1.51604e-44	4.07187e-40	4.91128e-35	4.48484e-31	7.75431e-28	8.63107e-26	2.80463e-21	1.40209e-17	3.80798e-17	1.73852e-16	5.65094e-14	7.8201e-13	5.35981e-12	6.25977e-09	1.63303e-05	0.00926718	0.517773	0.446761	0.025903	0.000277842	9.43145e-07	1.3932e-09	7.32204e-12	8.10935e-13	1.97137e-14	1.96638e-15	9.50421e-18	8.28797e-20	2.62523e-22	1.23142e-25	1.16444e-27	3.87123e-30	3.32287e-31	5.76855e-34	3.78935e-35	1.24265e-38	4.47196e-40	7.10375e-44	9.68051e-46	3.97515e-49	
N10	6.05913e-47	2.43039e-40	1.64277e-35	3.96164e-31	5.71026e-28	6.35057e-25	1.57026e-22	1.0853e-18	1.89345e-15	2.24088e-14	3.28626e-13	4.41987e-11	4.61482e-10	3.61176e-09	9.45368e-07	0.000329657	0.0337725	0.56461	0.372663	0.028009	0.000609252	5.73371e-06	3.08442e-08	8.17496e-10	9.84788e-11	7.41979e-12	6.88567e-13	9.62926e-15	1.73595e-16	1.46565e-18	4.5204e-21	1.04953e-22	1.97101e-24	1.35961e-25	1.92229e-27	8.23296e-29	3.38805e-31	8.17225e-33	1.69357e-35	1.7268e-37	5.28206e-40	
B985	0	0	0	0	0	0	0	0	0	0	0	0	0	0	0	0	0	1	0	0	0	0	0	0	0	0	0	0	0	0	0	0	0	0	0	0	0	0	0	0	0	
B199	0	0	0	0	0	0	0	0	0	0	0	0	0	0	0	0	0	1	0	0	0	0	0	0	0	0	0	0	0	0	0	0	0	0	0	0	0	0	0	0	0	
N11	5.11716e-45	2.99315e-38	2.41766e-33	5.17219e-29	5.3687e-26	6.08091e-23	6.29537e-21	4.30416e-17	7.55846e-14	3.32935e-13	2.8477e-12	4.07087e-10	1.82448e-09	5.10748e-09	1.12233e-06	0.000392957	0.039659	0.630543	0.308785	0.0202116	0.000404375	3.60665e-06	1.92191e-08	3.38078e-10	1.88121e-11	8.23317e-13	3.41314e-14	3.46297e-16	3.8283e-18	2.53726e-20	8.15104e-23	1.31308e-24	1.608e-26	4.83034e-28	4.40824e-30	8.12554e-32	3.06503e-34	3.29714e-36	6.73989e-39	3.78724e-41	1.01698e-43	
BGA89	0	0	0	0	0	0	0	0	0	0	0	0	0	0	0	0	0	1	0	0	0	0	0	0	0	0	0	0	0	0	0	0	0	0	0	0	0	0	0	0	0	
BGAA2	0	0	0	0	0	0	0	0	0	0	0	0	0	0	0	0	0	1	0	0	0	0	0	0	0	0	0	0	0	0	0	0	0	0	0	0	0	0	0	0	0	
N12	8.70939e-44	4.55197e-37	3.25261e-32	5.66621e-28	4.65429e-25	5.1065e-22	3.46618e-20	2.31345e-16	4.03629e-13	1.13303e-12	7.64703e-12	1.11514e-09	3.38251e-09	5.92744e-09	1.18979e-06	0.000415125	0.0417166	0.660635	0.279596	0.0172963	0.000336661	2.96662e-06	1.59247e-08	2.29337e-10	9.01199e-12	3.02954e-13	8.89089e-15	7.84807e-17	7.05514e-19	4.25608e-21	1.41292e-23	1.89724e-25	1.89714e-27	3.95442e-29	2.93692e-31	3.79942e-33	1.34321e-35	1.03938e-37	2.09249e-40	9.40463e-43	2.37499e-45	
BGA304	0	0	0	0	0	0	0	0	0	0	0	0	0	0	0	0	0	1	0	0	0	0	0	0	0	0	0	0	0	0	0	0	0	0	0	0	0	0	0	0	0	
BGAB1	0	0	0	0	0	0	0	0	0	0	0	0	0	0	0	0	0	1	0	0	0	0	0	0	0	0	0	0	0	0	0	0	0	0	0	0	0	0	0	0	0	
PGA445	0	0	0	0	0	0	0	0	0	0	0	0	0	0	0	0	0	1	0	0	0	0	0	0	0	0	0	0	0	0	0	0	0	0	0	0	0	0	0	0	0	
N13	3.82114e-43	1.3677e-35	1.10377e-30	1.83091e-26	5.92944e-24	2.5337e-21	1.56448e-19	2.22902e-15	1.02515e-11	1.73091e-10	9.28233e-08	4.84708e-06	7.35199e-06	4.23812e-05	0.00406077	0.12226	0.642035	0.230455	0.00113343	1.20807e-06	5.06392e-10	1.15057e-13	7.21918e-17	7.99464e-19	4.10494e-21	1.22403e-23	3.65248e-26	6.97763e-30	2.07831e-33	3.81248e-37	1.11095e-40	3.5726e-43	3.35599e-46	9.58363e-47	4.37759e-48	6.33784e-49	1.22036e-50	1.16323e-51	1.25477e-52	1.46907e-51	1.68443e-50	
N14	5.02506e-40	3.68281e-33	6.06709e-28	6.81618e-24	1.12777e-19	3.22625e-17	5.35435e-15	4.95483e-12	7.6052e-09	4.1568e-06	0.000421781	0.00998842	0.0782247	0.249052	0.356975	0.234793	0.0650645	0.00543837	3.7528e-05	1.12879e-07	1.98735e-10	2.58019e-13	1.97889e-15	2.26228e-16	1.00236e-17	2.2803e-19	7.40984e-21	1.56979e-23	8.06409e-26	2.61451e-28	1.90467e-30	7.90215e-31	1.03187e-30	1.03702e-29	8.73736e-30	1.86279e-29	9.05271e-31	1.74954e-31	3.9993e-33	4.66271e-34	5.05099e-35	
Rhaspe	0	0	0	0	0	0	0	0	0	1	0	0	0	0	0	0	0	0	0	0	0	0	0	0	0	0	0	0	0	0	0	0	0	0	0	0	0	0	0	0	0	
N15	7.02211e-36	5.21386e-30	2.41416e-25	1.89378e-21	8.956e-18	3.15777e-15	6.41722e-13	2.57649e-10	1.26582e-07	2.70512e-05	0.00148704	0.0227648	0.126709	0.30187	0.333474	0.172459	0.0384265	0.00275473	2.7953e-05	1.34788e-07	4.82688e-10	1.45373e-11	1.18899e-12	3.25613e-13	1.52554e-14	8.30665e-16	4.50393e-17	3.23362e-19	6.647e-21	1.57765e-21	1.69033e-23	7.52489e-24	4.83091e-26	1.65988e-26	5.55733e-29	1.20505e-29	2.1291e-32	1.05112e-33	1.67175e-36	4.91974e-38	1.68363e-39	
Rhamar	0	0	0	0	0	0	0	0	0	1	0	0	0	0	0	0	0	0	0	0	0	0	0	0	0	0	0	0	0	0	0	0	0	0	0	0	0	0	0	0	0	
Rhatem	0	0	0	0	0	0	0	0	0	0	1	0	0	0	0	0	0	0	0	0	0	0	0	0	0	0	0	0	0	0	0	0	0	0	0	0	0	0	0	0	0	
N16	3.78035e-50	9.64487e-42	1.12661e-36	3.06678e-30	7.92514e-28	6.42121e-24	1.60001e-20	1.92598e-15	1.28161e-12	1.5113e-12	4.15603e-10	2.36665e-08	2.05141e-07	4.83069e-06	0.00109602	0.0913993	0.656906	0.247861	0.002727	5.38888e-06	5.78714e-08	8.15439e-10	6.92447e-12	7.83857e-14	1.05671e-16	3.31924e-19	3.57384e-22	1.04725e-24	3.22535e-28	9.65744e-29	1.7438e-30	1.42341e-30	1.00825e-32	5.11011e-33	2.34689e-35	6.65337e-36	2.04761e-38	1.09809e-39	3.52713e-42	1.82818e-43	6.71007e-44	
N17	1.37196e-44	8.54317e-37	5.61541e-31	5.91057e-27	4.29414e-23	1.0323e-19	5.04522e-18	9.45326e-15	7.98197e-12	2.34717e-10	6.06592e-09	1.92828e-06	2.79597e-05	5.77695e-05	0.0019348	0.0830576	0.570864	0.325654	0.0181959	0.000205162	8.55773e-07	6.24188e-09	1.33048e-10	2.92489e-12	1.65541e-14	7.17664e-17	1.79329e-19	1.78435e-22	3.28427e-25	1.88305e-27	4.04586e-30	1.89663e-32	1.9762e-35	5.30011e-38	2.28866e-41	7.41188e-44	8.55876e-46	3.25255e-47	3.31372e-49	6.13571e-50	1.5359e-49	
N18	4.01808e-38	1.26371e-31	1.38822e-26	2.3585e-23	2.49501e-20	6.21891e-17	4.91738e-15	6.57233e-13	2.20539e-11	1.2253e-09	2.49326e-07	2.69868e-05	0.00067751	0.012216	0.116518	0.393152	0.392215	0.0822096	0.00295023	3.47029e-05	1.93915e-07	6.62864e-10	3.69484e-12	2.96818e-13	1.32879e-14	3.48829e-16	1.06926e-17	4.85828e-20	4.23641e-22	2.36726e-24	1.426e-26	6.82514e-28	7.7926e-30	2.8391e-31	1.34705e-33	3.17918e-35	6.13203e-38	6.66188e-40	8.92757e-43	5.33946e-45	1.51888e-47	
FGA379	0	0	0	0	0	0	0	0	0	0	0	0	0	0	0	0	1	0	0	0	0	0	0	0	0	0	0	0	0	0	0	0	0	0	0	0	0	0	0	0	0	
N19	7.37377e-37	2.11993e-30	4.07423e-25	1.24891e-22	4.10117e-19	3.16373e-15	4.45156e-14	3.02806e-12	1.0998e-10	3.90707e-08	4.84959e-05	0.0139565	0.189776	0.431478	0.287424	0.0704926	0.00661226	0.00020902	1.93232e-06	7.82577e-09	1.77203e-11	2.67808e-14	5.51101e-17	1.04977e-18	1.33621e-20	1.32687e-22	1.42662e-24	3.36811e-27	1.34585e-29	4.97357e-32	1.64286e-34	2.79866e-36	1.26327e-38	1.7481e-40	4.18085e-43	3.90995e-45	4.74928e-48	2.60893e-50	3.99558e-53	6.45814e-55	7.61453e-57	
N20	5.78525e-39	1.75818e-31	3.01033e-25	2.00633e-22	7.67214e-19	4.46536e-14	8.06406e-13	1.39562e-10	5.82238e-10	2.55842e-07	0.000231385	0.0981894	0.516362	0.350703	0.0336468	0.00086016	7.20865e-06	2.10294e-08	2.41794e-11	1.43616e-14	8.84355e-18	1.52366e-20	4.36044e-23	1.62902e-25	1.53078e-28	2.4165e-31	2.37957e-34	3.4457e-37	1.35775e-38	1.28849e-36	4.87501e-35	1.84093e-35	2.29594e-36	1.13086e-36	1.64291e-36	5.04126e-35	1.41884e-35	1.58519e-36	2.91241e-38	2.7492e-39	4.42776e-40	
N21	3.18659e-42	3.77814e-34	2.09453e-27	3.33933e-24	6.32391e-20	2.0678e-15	6.47049e-15	2.83706e-12	8.75958e-11	2.28542e-07	0.00115001	0.29818	0.596527	0.101771	0.00235879	1.26113e-05	1.99304e-08	1.07118e-11	2.41205e-15	3.37358e-19	8.93987e-22	1.37031e-24	2.00211e-27	3.38438e-30	7.21079e-34	1.02994e-36	3.27726e-40	3.12469e-42	2.41264e-43	6.6642e-41	2.74282e-40	2.70128e-40	4.58734e-42	5.72604e-42	4.78023e-43	2.399e-41	2.06375e-42	3.72139e-43	1.99854e-45	2.67976e-46	1.92986e-46	
F3016	0	0	0	0	0	0	0	0	0	0	1	0	0	0	0	0	0	0	0	0	0	0	0	0	0	0	0	0	0	0	0	0	0	0	0	0	0	0	0	0	0	
N22	1.13465e-43	1.15295e-35	5.32685e-29	1.01649e-25	2.30587e-21	9.62667e-17	1.33254e-15	1.65428e-12	2.38099e-10	3.09152e-07	0.00160254	0.384203	0.566698	0.0470547	0.00044117	8.48856e-07	4.75899e-10	1.10797e-13	1.04467e-16	3.32568e-19	3.00722e-21	1.90973e-24	3.48383e-27	4.38928e-30	9.96476e-34	2.62212e-35	3.42279e-39	7.24495e-41	6.70099e-45	4.15318e-43	2.18426e-42	1.36967e-42	9.35504e-45	2.61651e-45	5.37576e-47	1.49506e-45	3.26968e-46	2.10517e-46	2.96432e-47	2.46183e-48	2.22398e-48	
N23	2.78105e-43	2.58713e-35	1.56265e-28	2.17157e-25	4.30195e-21	8.76655e-16	1.76737e-14	1.0398e-11	1.78129e-10	2.09831e-07	0.000960846	0.443013	0.532839	0.0230913	9.55319e-05	8.61832e-08	3.03922e-11	1.53506e-13	8.1473e-16	3.27719e-18	1.25638e-20	6.8381e-24	9.83249e-27	1.32811e-28	3.98787e-32	9.46278e-34	1.04863e-37	1.34942e-39	7.68252e-44	3.32701e-46	1.47643e-50	2.30809e-53	9.32922e-58	7.05138e-61	8.6402e-65	6.80345e-67	4.92987e-71	2.82917e-73	3.60166e-76	1.96959e-79	6.70001e-82	
N24	1.21085e-46	1.18701e-37	7.33523e-30	3.8522e-27	1.60468e-22	1.58929e-16	2.86314e-16	5.21111e-13	3.6343e-12	1.34445e-07	0.00338809	0.751843	0.243441	0.00132727	4.43191e-07	3.32355e-11	1.06104e-15	6.53214e-19	5.782e-22	1.82817e-25	4.34012e-29	9.65403e-34	1.34301e-37	3.22956e-37	2.28092e-38	6.07611e-39	1.05009e-41	1.01677e-42	9.64632e-46	2.65497e-47	2.14189e-50	2.63101e-52	1.93058e-55	1.61479e-57	5.35604e-60	5.2174e-61	1.54456e-63	1.24209e-64	2.40219e-66	2.25739e-68	9.18099e-70	
N25	7.51439e-41	4.24334e-37	4.09006e-31	1.30651e-27	8.23183e-23	5.35483e-18	5.48773e-16	2.81132e-13	1.65418e-10	1.13627e-06	0.00678499	0.764002	0.228059	0.00115279	4.08144e-07	5.58624e-11	1.6131e-13	1.32424e-14	1.42519e-17	2.99885e-20	6.82854e-24	9.71045e-27	7.81583e-30	3.15247e-31	1.13495e-35	2.16143e-37	2.92262e-42	7.50492e-45	2.9609e-49	4.50558e-48	5.10359e-48	1.87865e-48	1.09507e-49	1.38452e-50	3.1981e-50	4.40076e-48	1.00076e-49	1.11287e-49	1.51839e-50	5.96961e-52	1.7906e-52	
F1476	0	0	0	0	0	0	0	0	0	0	1	0	0	0	0	0	0	0	0	0	0	0	0	0	0	0	0	0	0	0	0	0	0	0	0	0	0	0	0	0	0	
N26	4.00193e-45	1.20414e-36	1.84375e-29	6.76174e-26	4.13995e-21	5.5647e-16	3.3514e-13	3.03489e-11	2.47803e-09	6.36124e-06	0.00874902	0.757113	0.231864	0.0022665	1.52079e-06	2.01021e-09	2.16265e-11	1.21277e-12	7.77858e-16	2.08638e-18	5.12743e-22	7.63976e-24	5.22427e-27	1.59488e-28	7.42253e-33	6.71791e-35	1.77418e-39	2.67407e-42	3.02909e-44	1.26509e-42	2.22154e-43	1.07829e-43	2.16458e-44	5.29778e-45	6.21882e-44	1.0489e-41	5.65505e-44	1.20887e-44	1.36079e-45	7.15915e-47	3.33886e-47	
Furcep	0	0	0	0	0	0	0	0	0	0	0	0	0	1	0	0	0	0	0	0	0	0	0	0	0	0	0	0	0	0	0	0	0	0	0	0	0	0	0	0	0	
N27	9.4576e-42	4.79516e-34	1.17896e-27	2.65884e-24	2.24395e-19	1.36781e-15	9.62448e-14	6.38916e-12	1.83082e-09	1.36611e-05	0.0426625	0.815268	0.141279	0.000776107	5.4718e-07	2.17947e-10	4.68425e-13	1.6365e-14	6.6383e-17	2.89326e-19	3.48049e-22	2.07301e-25	6.04763e-28	3.2117e-29	9.96442e-33	3.64398e-34	2.6226e-38	2.29735e-40	1.22621e-44	2.089e-47	1.01369e-51	1.87965e-54	1.88792e-58	1.12897e-60	6.00397e-64	1.29194e-65	1.02087e-69	8.87027e-72	1.7943e-74	1.31629e-77	4.99343e-80	
Furpol	0	0	0	0	0	0	0	0	0	0	0	1	0	0	0	0	0	0	0	0	0	0	0	0	0	0	0	0	0	0	0	0	0	0	0	0	0	0	0	0	0	
N28	4.66491e-40	2.24317e-32	4.10321e-26	1.42926e-22	2.82466e-17	1.78978e-14	5.11638e-12	5.19668e-11	8.54265e-08	0.00064224	0.643324	0.346124	0.00989054	1.83219e-05	1.0592e-08	3.40358e-12	6.44484e-15	1.18866e-16	2.12588e-19	4.6252e-22	2.56181e-25	4.42432e-28	8.94978e-31	8.49835e-33	3.04236e-36	1.65304e-38	2.02813e-42	2.33514e-45	2.12659e-49	1.31797e-52	9.42474e-57	5.35449e-60	1.51942e-63	2.18385e-66	2.64929e-69	1.17736e-71	1.60477e-75	2.92309e-78	2.8161e-81	1.80691e-84	3.30745e-87	
N29	5.557e-40	3.31902e-32	6.889e-26	2.95248e-22	7.59567e-17	3.51909e-14	1.6476e-11	8.88717e-11	1.57709e-07	0.00114312	0.895053	0.103237	0.000566025	4.67389e-07	1.52923e-10	1.75347e-13	6.46361e-16	4.3832e-18	1.86322e-21	3.30476e-24	2.58622e-27	2.17847e-29	9.2488e-33	6.20091e-35	7.36608e-39	1.76706e-41	1.38648e-45	8.95089e-49	5.2312e-53	2.62969e-56	2.15277e-60	4.33314e-63	4.13985e-66	2.23283e-69	1.05434e-72	3.63952e-75	2.19899e-79	1.53919e-82	1.00047e-85	8.4077e-89	1.9258e-91	
F2241	0	0	0	0	0	0	0	0	0	0	1	0	0	0	0	0	0	0	0	0	0	0	0	0	0	0	0	0	0	0	0	0	0	0	0	0	0	0	0	0	0	
Furang	0	0	0	0	0	0	0	0	0	0	1	0	0	0	0	0	0	0	0	0	0	0	0	0	0	0	0	0	0	0	0	0	0	0	0	0	0	0	0	0	0	
Fga490	0	0	0	0	0	0	0	0	0	0	1	0	0	0	0	0	0	0	0	0	0	0	0	0	0	0	0	0	0	0	0	0	0	0	0	0	0	0	0	0	0	
N30	1.4041e-43	3.35101e-35	4.14075e-28	5.66021e-25	5.07431e-20	2.03013e-15	2.34958e-14	7.14501e-12	4.77115e-10	5.21454e-06	0.0303363	0.898258	0.0712944	0.000105726	3.15977e-08	4.04744e-12	3.26796e-15	4.43757e-17	4.92755e-20	4.99022e-23	9.51003e-27	4.09051e-30	3.25083e-33	1.78542e-35	2.18581e-39	7.15473e-42	2.15025e-46	1.12992e-49	2.52425e-54	5.34878e-58	9.10337e-63	1.66184e-66	1.14518e-70	5.22444e-74	2.13898e-77	4.40264e-80	1.53737e-84	3.05565e-87	1.05418e-89	1.98936e-92	1.10963e-94	
N31	2.85384e-42	3.97213e-34	2.6853e-27	6.02609e-24	2.79816e-19	1.11764e-14	2.08265e-13	7.83095e-11	9.41984e-09	5.84247e-06	0.0246355	0.919844	0.05542	9.47034e-05	3.41746e-08	6.29325e-11	3.13442e-13	3.69579e-15	1.51464e-18	2.6534e-21	1.0777e-24	1.36835e-26	3.70085e-30	4.08744e-32	2.25817e-36	8.08626e-39	2.59905e-43	1.29614e-46	3.01759e-51	3.11909e-52	1.27437e-50	4.03876e-51	7.70827e-52	3.56907e-53	2.79846e-54	1.15134e-51	1.56767e-51	2.43066e-52	1.78352e-53	9.46206e-55	2.8156e-55	
N32	2.94451e-44	1.45123e-35	4.54864e-28	3.69187e-25	7.71378e-21	8.23929e-15	1.48734e-13	4.74537e-11	6.04184e-10	1.18933e-07	0.00174508	0.928731	0.0692817	0.00024177	7.77412e-08	5.35369e-10	1.38742e-12	4.5339e-15	4.03953e-19	4.41604e-22	1.85255e-25	1.56709e-27	8.48728e-32	3.79099e-34	5.67522e-39	4.45446e-42	4.97727e-47	1.16261e-50	1.57647e-53	4.53792e-53	3.67536e-52	8.43888e-53	6.65637e-54	9.61405e-56	3.79216e-57	3.43835e-55	2.99787e-56	7.0302e-58	1.7209e-59	7.55495e-61	1.35099e-61	
N33	6.06564e-42	4.77119e-34	2.22253e-27	1.4849e-24	2.13791e-20	2.79525e-15	4.58385e-15	8.06652e-12	3.249e-11	1.1944e-07	0.00117135	0.95473	0.0440115	8.71345e-05	3.3171e-08	1.73455e-11	5.25365e-14	2.24498e-15	1.8595e-18	4.553e-21	1.57952e-24	7.50072e-27	7.90649e-30	2.22053e-31	1.57726e-35	1.76614e-37	6.49731e-42	1.34084e-44	3.97999e-49	2.66884e-52	7.7027e-57	1.53754e-59	4.05446e-63	3.69421e-66	2.76912e-69	3.08784e-71	8.1096e-76	1.69598e-78	1.58094e-81	6.28504e-85	1.71263e-87	
N34	3.49902e-40	1.74967e-32	5.66348e-26	2.77811e-23	3.31251e-19	3.89014e-14	4.75507e-14	6.77914e-11	1.15615e-10	2.61037e-07	0.0016	0.98084	0.0175334	2.61372e-05	1.15352e-08	7.02662e-12	5.43586e-14	1.15517e-15	5.18094e-19	8.23797e-22	3.2264e-25	2.21032e-27	3.87075e-30	3.73947e-32	4.14493e-36	1.0793e-38	7.98135e-43	5.17838e-46	2.79101e-50	1.34405e-53	6.6349e-58	6.79051e-61	5.86869e-64	7.56753e-67	7.67038e-70	3.22389e-72	1.73197e-76	1.17785e-79	7.54072e-83	5.21835e-86	1.29348e-88	
FGA456	0	0	0	0	0	0	0	0	0	0	0	1	0	0	0	0	0	0	0	0	0	0	0	0	0	0	0	0	0	0	0	0	0	0	0	0	0	0	0	0	0	
FGA516	0	0	0	0	0	0	0	0	0	0	0	1	0	0	0	0	0	0	0	0	0	0	0	0	0	0	0	0	0	0	0	0	0	0	0	0	0	0	0	0	0	
F12278	0	0	0	0	0	0	0	0	0	0	0	1	0	0	0	0	0	0	0	0	0	0	0	0	0	0	0	0	0	0	0	0	0	0	0	0	0	0	0	0	0	
N35	9.50642e-39	3.83824e-31	8.13528e-25	9.36477e-22	7.09195e-18	3.97172e-13	9.29172e-11	2.51641e-09	5.92456e-08	4.40748e-06	0.000717917	0.673336	0.30731	0.0186036	2.73888e-05	2.21536e-07	4.86888e-09	1.7388e-10	7.38371e-14	1.33266e-16	1.82239e-19	3.88889e-21	1.01757e-23	1.35997e-25	2.03416e-29	2.55893e-32	2.85405e-36	1.92973e-39	1.52584e-43	1.1073e-46	1.67209e-50	7.655e-53	1.31881e-55	2.33085e-58	3.28427e-61	1.75577e-63	1.37808e-67	6.66588e-71	3.74837e-74	8.6995e-77	3.96106e-79	
Furant	0	0	0	0	0	0	0	0	0	0	0	1	0	0	0	0	0	0	0	0	0	0	0	0	0	0	0	0	0	0	0	0	0	0	0	0	0	0	0	0	0	
FGA331	0	0	0	0	0	0	0	0	0	0	0	0	0	1	0	0	0	0	0	0	0	0	0	0	0	0	0	0	0	0	0	0	0	0	0	0	0	0	0	0	0	
FGA465	0	0	0	0	0	0	0	0	0	0	1	0	0	0	0	0	0	0	0	0	0	0	0	0	0	0	0	0	0	0	0	0	0	0	0	0	0	0	0	0	0	
N36	2.74487e-38	5.5554e-31	4.03387e-25	1.7119e-21	1.50818e-16	6.8551e-14	1.37356e-11	2.5488e-10	3.82563e-07	0.00121664	0.52635	0.460847	0.0115565	2.89114e-05	2.61816e-08	2.31493e-11	2.65981e-13	9.94445e-15	1.84808e-17	7.5598e-20	7.51002e-23	7.43732e-25	3.37206e-27	6.52941e-29	3.16288e-32	2.56038e-34	6.51697e-38	1.05407e-40	1.88925e-44	2.41643e-47	3.77736e-51	7.20298e-54	1.30442e-56	4.8413e-59	1.36037e-61	1.29426e-63	3.02978e-67	7.96997e-70	1.59526e-72	2.85331e-75	1.52547e-77	
FGA99	0	0	0	0	0	0	0	0	0	0	1	0	0	0	0	0	0	0	0	0	0	0	0	0	0	0	0	0	0	0	0	0	0	0	0	0	0	0	0	0	0	
FGA15	0	0	0	0	0	0	0	0	0	0	1	0	0	0	0	0	0	0	0	0	0	0	0	0	0	0	0	0	0	0	0	0	0	0	0	0	0	0	0	0	0	
FGA104	0	0	0	0	0	0	0	0	0	0	0	0	1	0	0	0	0	0	0	0	0	0	0	0	0	0	0	0	0	0	0	0	0	0	0	0	0	0	0	0	0	
FGA489	0	0	0	0	0	0	0	0	0	0	1	0	0	0	0	0	0	0	0	0	0	0	0	0	0	0	0	0	0	0	0	0	0	0	0	0	0	0	0	0	0	
FGA174	0	0	0	0	0	0	0	0	0	0	0	0	0	1	0	0	0	0	0	0	0	0	0	0	0	0	0	0	0	0	0	0	0	0	0	0	0	0	0	0	0	
FurbGB	0	0	0	0	0	0	0	0	0	0	0	1	0	0	0	0	0	0	0	0	0	0	0	0	0	0	0	0	0	0	0	0	0	0	0	0	0	0	0	0	0	
N37	3.0912e-45	5.70872e-38	7.61769e-33	4.84553e-28	1.27289e-24	7.44274e-22	1.39171e-19	2.05501e-15	6.10451e-12	1.13307e-10	1.37475e-09	1.21594e-07	1.04286e-06	4.3252e-06	0.000547563	0.0444254	0.496312	0.419918	0.0379784	0.00076362	4.07518e-05	7.96174e-06	6.79704e-07	9.73842e-08	1.2116e-09	3.528e-11	2.86491e-13	9.37578e-15	5.90702e-17	1.00524e-17	2.44602e-20	2.75548e-21	2.75764e-24	1.63412e-25	8.80843e-29	1.82784e-30	7.48583e-34	6.55534e-36	2.81678e-39	1.89629e-41	7.12427e-43	
N38	2.41599e-42	1.28221e-35	6.386e-31	2.36232e-26	1.81361e-23	9.03323e-21	2.66006e-18	1.07881e-14	5.66832e-12	4.25907e-11	5.46069e-10	1.70962e-08	1.10452e-07	1.66553e-06	0.000227324	0.0236318	0.404089	0.495712	0.0735824	0.00269874	5.34318e-05	2.82942e-06	2.31054e-07	3.75177e-08	1.31016e-09	4.45981e-11	9.12895e-13	5.2397e-15	8.02799e-17	5.34003e-18	7.60823e-20	5.96167e-21	3.47263e-23	1.72238e-24	4.04948e-27	9.37167e-29	1.44686e-31	1.55285e-33	1.94268e-36	1.51605e-38	1.78553e-40	
N39	3.41363e-41	3.20289e-34	4.29917e-30	4.69423e-25	2.82605e-23	1.02246e-20	4.53241e-18	5.16834e-14	5.96896e-12	4.37621e-12	5.16941e-10	4.89029e-09	3.2908e-09	1.72597e-07	9.35872e-05	0.022713	0.55199	0.399199	0.0256082	0.000393566	2.34849e-06	8.07827e-09	4.1684e-11	6.43803e-13	5.34302e-15	3.54612e-17	1.84277e-19	3.58506e-22	8.64347e-25	3.10558e-27	8.62102e-30	5.33695e-32	1.22841e-34	5.01233e-37	6.31063e-40	1.58949e-42	1.17505e-45	1.77633e-48	9.347e-52	1.09162e-54	1.16256e-57	
CGA312	0	0	0	0	0	0	0	0	0	0	0	0	0	0	0	0	0	1	0	0	0	0	0	0	0	0	0	0	0	0	0	0	0	0	0	0	0	0	0	0	0	
N40	3.30008e-48	4.76994e-40	3.06604e-35	3.81958e-29	7.13713e-27	1.42334e-24	1.03804e-20	7.39537e-16	1.27312e-14	4.1998e-14	2.61359e-12	9.13245e-12	5.06253e-11	1.59521e-08	5.11e-05	0.0314852	0.660255	0.301441	0.00674511	2.3004e-05	2.32618e-08	1.04943e-11	4.00527e-15	9.50505e-18	2.88364e-20	4.94133e-23	1.48868e-25	4.26247e-29	3.12013e-32	1.09727e-35	1.52197e-39	2.07347e-41	1.21065e-40	1.16671e-40	1.74428e-42	1.52204e-42	3.16292e-44	1.67654e-44	1.6204e-44	2.83674e-43	3.89881e-44	
N41	7.12091e-55	2.32033e-46	5.46367e-41	9.08051e-34	2.21943e-31	1.26836e-27	1.4437e-22	1.41316e-18	2.37454e-17	2.09317e-17	4.19115e-15	2.67579e-13	7.96007e-12	9.72899e-08	0.000426359	0.0911962	0.806834	0.101185	0.000358682	1.48634e-07	1.64383e-11	7.32913e-16	2.07077e-20	3.88508e-23	9.03639e-26	4.30243e-29	6.13322e-32	3.94202e-36	4.68066e-37	1.33337e-38	2.6649e-41	1.39915e-40	2.43896e-40	5.49325e-39	2.94061e-39	6.02149e-38	3.06791e-38	7.20129e-36	5.93815e-36	4.14923e-35	6.26412e-36	
N42	3.50309e-42	2.58276e-36	7.52983e-34	1.26451e-29	4.07112e-30	1.40175e-29	2.49465e-25	9.51051e-21	2.22898e-19	2.11671e-18	6.13446e-15	2.67754e-13	9.44888e-12	7.24994e-08	0.000340899	0.0912578	0.815984	0.0920952	0.000321339	1.90171e-07	4.04381e-11	3.37996e-13	2.88671e-15	1.47108e-16	5.32782e-19	1.57628e-21	3.03218e-24	2.73599e-28	3.24785e-31	3.21301e-33	1.18703e-36	5.2663e-38	1.89032e-38	7.43479e-38	3.6685e-40	9.59869e-40	3.11294e-42	2.78607e-42	2.40369e-43	1.01257e-42	1.94711e-42	
CGA642	0	0	0	0	0	0	0	0	0	0	0	0	0	0	0	0	1	0	0	0	0	0	0	0	0	0	0	0	0	0	0	0	0	0	0	0	0	0	0	0	0	
N43	1.23975e-49	2.73259e-43	1.72043e-39	2.91853e-34	8.63837e-34	1.00499e-30	6.6662e-26	1.52072e-21	1.09034e-19	1.28467e-17	5.18219e-15	3.88448e-13	2.39903e-10	5.3409e-07	0.000819158	0.11107	0.807478	0.0802921	0.000339818	3.23469e-07	1.18833e-10	3.37911e-13	6.81112e-15	8.44945e-16	1.04901e-17	5.15953e-20	1.54333e-22	2.31735e-26	3.76713e-29	1.63297e-31	3.22326e-34	1.5514e-35	1.33925e-37	5.08927e-37	4.21663e-39	6.00424e-39	8.58232e-41	2.73398e-40	1.03978e-41	6.86172e-42	3.63925e-42	
CGA236	0	0	0	0	0	0	0	0	0	0	0	0	0	0	0	0	1	0	0	0	0	0	0	0	0	0	0	0	0	0	0	0	0	0	0	0	0	0	0	0	0	
N44	3.29191e-47	4.26562e-43	1.96599e-39	4.41392e-34	5.63461e-31	3.84179e-27	5.86902e-23	1.24339e-19	1.41926e-17	1.77899e-15	2.0256e-13	1.00604e-10	1.16161e-07	4.46271e-05	0.00892315	0.220359	0.71003	0.060268	0.000375138	6.72038e-07	5.37221e-10	1.11323e-12	4.31294e-14	6.44111e-15	1.88666e-16	1.64544e-18	8.36887e-21	3.64836e-24	9.30975e-27	4.95431e-29	3.05379e-31	1.74599e-32	4.71138e-35	1.85289e-36	5.70619e-40	8.33413e-42	1.54615e-45	4.65665e-48	7.64407e-52	1.45305e-54	8.19029e-57	
N45	1.33587e-43	2.65148e-36	1.16628e-30	1.11971e-26	2.48165e-23	2.35527e-19	2.10085e-16	4.46041e-14	3.96503e-11	1.53943e-10	2.31822e-09	2.71009e-06	0.000131579	0.00161642	0.0291573	0.294672	0.585753	0.0878774	0.000787428	2.25477e-06	3.99531e-09	4.34862e-11	9.70677e-13	2.87215e-14	1.94036e-16	1.09552e-18	2.65487e-21	3.19279e-24	1.1177e-26	1.75595e-28	6.65351e-31	8.56255e-33	1.52636e-35	1.25201e-37	7.28024e-41	2.01579e-43	8.10384e-47	1.25478e-49	4.57957e-53	9.30056e-56	5.11198e-58	
Calboe	0	0	0	0	0	0	0	0	0	0	0	0	0	1	0	0	0	0	0	0	0	0	0	0	0	0	0	0	0	0	0	0	0	0	0	0	0	0	0	0	0	
C3125	0	0	0	0	0	0	0	0	0	0	0	0	0	0	0	0	0	1	0	0	0	0	0	0	0	0	0	0	0	0	0	0	0	0	0	0	0	0	0	0	0	
CGA429	0	0	0	0	0	0	0	0	0	0	0	0	0	0	1	0	0	0	0	0	0	0	0	0	0	0	0	0	0	0	0	0	0	0	0	0	0	0	0	0	0	
N46	7.2838e-49	9.91165e-42	2.63261e-36	6.22358e-32	1.6278e-28	7.18115e-25	5.25563e-21	2.0804e-19	4.87168e-18	9.32901e-16	1.35482e-13	1.90713e-10	5.77077e-07	0.000485851	0.0397778	0.339059	0.570503	0.0499422	0.000231611	3.4756e-07	2.58994e-10	1.71409e-13	5.45391e-15	2.26606e-15	2.42743e-16	4.16196e-18	1.0296e-19	7.87232e-23	4.8704e-25	7.63775e-28	6.75336e-30	1.29265e-30	1.27607e-32	1.63154e-33	1.41249e-36	1.04426e-37	3.34293e-41	3.44444e-43	9.40868e-47	4.25705e-49	2.90691e-51	
C985	0	0	0	0	0	0	0	0	0	0	0	0	0	1	0	0	0	0	0	0	0	0	0	0	0	0	0	0	0	0	0	0	0	0	0	0	0	0	0	0	0	
CGA382	0	0	0	0	0	0	0	0	0	0	0	0	0	0	1	0	0	0	0	0	0	0	0	0	0	0	0	0	0	0	0	0	0	0	0	0	0	0	0	0	0	
N47	5.95356e-47	2.90384e-39	1.26534e-34	4.98854e-29	3.99907e-26	8.92706e-24	7.57272e-21	2.62042e-16	1.71811e-13	8.2244e-13	3.7538e-11	9.88951e-10	9.34846e-09	3.48854e-07	3.31111e-05	0.0118603	0.38059	0.559251	0.0479211	0.000343213	7.82523e-07	3.32407e-09	5.29694e-11	9.5444e-13	4.38758e-15	1.33785e-17	2.02355e-20	1.12443e-23	1.35958e-26	6.33704e-29	1.17254e-31	5.10253e-34	7.38706e-35	4.05935e-35	1.48649e-36	1.638e-37	3.33675e-39	3.79277e-40	2.34359e-41	6.25055e-41	1.59283e-40	
N48	1.80413e-45	1.84319e-40	2.06936e-35	7.97902e-30	4.71551e-27	4.83397e-24	2.12699e-20	3.69517e-16	2.11868e-14	3.64526e-13	4.18431e-12	9.48957e-11	6.10773e-09	1.57528e-07	8.26483e-05	0.024731	0.426659	0.524699	0.0237267	0.000101345	1.34643e-07	1.39126e-10	4.19234e-13	2.90235e-15	3.10874e-17	1.91491e-19	2.86473e-21	3.74847e-24	1.24568e-26	9.99367e-30	3.20735e-33	7.61663e-35	1.30353e-37	4.16038e-39	1.73422e-42	3.81269e-44	6.36996e-48	7.72971e-50	7.06795e-54	2.44639e-56	5.4675e-60	
C12265	0	0	0	0	0	0	0	0	0	0	0	0	0	0	0	0	0	1	0	0	0	0	0	0	0	0	0	0	0	0	0	0	0	0	0	0	0	0	0	0	0	
N49	3.60663e-46	1.16239e-38	3.33971e-34	1.35803e-28	2.89641e-26	1.85214e-24	1.07747e-19	1.69683e-16	2.64197e-16	5.38041e-14	1.57688e-12	5.06079e-12	5.1495e-09	3.08777e-05	0.0419604	0.751208	0.197533	0.0092221	4.51498e-05	5.30749e-08	2.71982e-11	7.85525e-15	2.21394e-18	1.43226e-20	9.23482e-23	3.37903e-25	1.66172e-27	8.85311e-31	8.68759e-34	3.61041e-37	9.82313e-41	4.00862e-43	5.70054e-46	2.70364e-48	2.14814e-51	6.55272e-54	1.33319e-57	1.81771e-60	2.28878e-64	1.3101e-67	2.83281e-71	
C404	0	0	0	0	0	0	0	0	0	0	0	0	0	0	1	0	0	0	0	0	0	0	0	0	0	0	0	0	0	0	0	0	0	0	0	0	0	0	0	0	0	
Cl11778	0	0	0	0	0	0	0	0	0	0	0	0	0	0	0	1	0	0	0	0	0	0	0	0	0	0	0	0	0	0	0	0	0	0	0	0	0	0	0	0	0	
C3134	0	0	0	0	0	0	0	0	0	0	0	0	0	0	0	0	0	0	1	0	0	0	0	0	0	0	0	0	0	0	0	0	0	0	0	0	0	0	0	0	0	
N50	3.01561e-43	8.94031e-36	2.66286e-30	3.34882e-26	1.02481e-22	7.55081e-20	3.83452e-19	8.90555e-15	8.31864e-11	7.64022e-11	7.90173e-11	2.51714e-08	4.64883e-08	5.32077e-09	2.55935e-07	0.000193006	0.0347987	0.712386	0.245199	0.00735983	6.24946e-05	3.14365e-07	2.6329e-09	3.05748e-11	1.57635e-13	6.34868e-16	1.76571e-18	2.86574e-21	5.29514e-24	1.66897e-26	3.11256e-29	8.72122e-32	1.06967e-34	1.02541e-35	7.37955e-37	7.48771e-38	5.96727e-39	5.23482e-40	1.85295e-41	1.75333e-42	5.20794e-42	
CGA311	0	0	0	0	0	0	0	0	0	0	0	0	0	0	0	0	0	1	0	0	0	0	0	0	0	0	0	0	0	0	0	0	0	0	0	0	0	0	0	0	0	
N51	8.60071e-48	4.2368e-40	1.88e-34	1.05962e-29	7.02849e-26	9.81021e-23	6.70698e-21	1.53672e-16	1.10025e-12	1.25993e-12	3.83843e-12	4.09117e-10	7.03476e-10	2.91404e-10	5.03299e-08	6.63877e-05	0.0248418	0.715865	0.252839	0.00634875	3.82882e-05	1.07583e-07	3.53141e-10	5.24948e-12	1.06419e-13	1.0713e-15	2.22456e-17	2.80827e-20	1.37352e-22	2.54412e-25	1.76429e-28	9.17915e-30	9.06218e-33	4.96869e-34	1.73405e-37	6.45137e-39	8.36809e-43	1.36624e-44	1.27443e-48	1.0082e-50	3.37144e-54	
N52	1.02015e-49	9.73685e-42	3.44392e-36	3.53695e-31	1.94901e-28	7.768e-25	2.90804e-23	1.31686e-18	2.626e-15	5.47991e-16	1.29105e-14	1.79155e-12	2.23282e-12	1.18602e-11	2.53763e-08	8.12754e-05	0.0457873	0.849847	0.103362	0.000920341	2.00924e-06	1.74137e-09	8.24754e-13	1.9491e-15	2.26664e-17	1.373e-19	1.30292e-21	1.5742e-24	2.52136e-27	1.66731e-30	3.37812e-34	6.7202e-37	8.8295e-40	3.26621e-40	1.87013e-41	5.55449e-42	1.80301e-43	3.49906e-44	3.10079e-46	2.97861e-47	1.62892e-47	
CGA45	0	0	0	0	0	0	0	0	0	0	0	0	0	0	0	0	1	0	0	0	0	0	0	0	0	0	0	0	0	0	0	0	0	0	0	0	0	0	0	0	0	
N53	1.529e-50	1.91839e-43	7.48848e-38	4.16903e-33	8.55675e-30	4.01451e-26	2.17396e-24	3.25856e-20	7.67382e-17	4.75073e-17	5.66591e-16	6.17793e-13	4.87715e-12	1.69991e-11	2.2417e-08	6.00313e-05	0.0326404	0.874353	0.0921327	0.000811562	1.89823e-06	1.85957e-09	2.28512e-12	3.44155e-13	1.95664e-14	2.27822e-16	5.49198e-18	7.56269e-21	3.93076e-23	4.09976e-26	3.03412e-29	1.67009e-30	6.17322e-33	3.15924e-34	2.07258e-37	6.98507e-39	1.51895e-42	2.09927e-44	3.03276e-48	1.24614e-50	5.00265e-54	
C3043	0	0	0	0	0	0	0	0	0	0	0	0	0	0	0	0	0	1	0	0	0	0	0	0	0	0	0	0	0	0	0	0	0	0	0	0	0	0	0	0	0	
CGA364	0	0	0	0	0	0	0	0	0	0	0	0	0	0	0	0	0	1	0	0	0	0	0	0	0	0	0	0	0	0	0	0	0	0	0	0	0	0	0	0	0	
C2208	0	0	0	0	0	0	0	0	0	0	0	0	0	0	0	0	0	0	1	0	0	0	0	0	0	0	0	0	0	0	0	0	0	0	0	0	0	0	0	0	0	
N54	5.22948e-38	2.75105e-31	1.54144e-26	1.30202e-22	3.75795e-20	3.71146e-17	3.87444e-16	2.38366e-12	3.65226e-09	1.30327e-09	3.99621e-09	4.14443e-07	1.99768e-07	5.32522e-08	7.87461e-06	0.00172447	0.0977929	0.796277	0.101228	0.00293209	3.62326e-05	3.33978e-07	4.57989e-09	7.69793e-11	7.03539e-13	5.54589e-15	3.25007e-17	1.50975e-19	7.1345e-22	4.95858e-24	2.13723e-26	1.20724e-28	3.63743e-31	1.35986e-33	2.64206e-36	6.64772e-39	8.94042e-42	1.66081e-44	1.87443e-47	3.5568e-50	7.17127e-53	
N55	5.84653e-45	3.19245e-37	1.02404e-31	3.87189e-27	1.54162e-24	1.13006e-20	8.28716e-20	2.30779e-15	8.06107e-12	4.22392e-13	5.92445e-12	7.31084e-10	8.30937e-11	3.05438e-11	6.33492e-08	0.00014701	0.0635033	0.904208	0.0319682	0.000173291	3.09219e-07	2.69448e-10	2.19488e-13	1.34548e-15	6.2876e-18	1.98561e-20	7.20837e-23	3.84343e-26	3.78744e-29	2.73478e-32	1.53125e-35	6.14376e-38	5.07938e-41	1.66876e-43	6.88978e-47	1.46799e-49	2.42945e-53	2.43025e-56	2.7885e-60	1.66277e-63	3.41895e-67	
CGA453	0	0	0	0	0	0	0	0	0	0	0	0	0	0	0	0	0	1	0	0	0	0	0	0	0	0	0	0	0	0	0	0	0	0	0	0	0	0	0	0	0	
N56	2.90008e-49	3.07576e-41	6.25661e-36	1.65007e-30	4.78233e-28	2.42698e-24	2.89363e-22	1.48857e-17	1.08453e-14	4.00652e-16	4.03036e-14	1.44043e-12	1.86145e-13	2.96169e-12	1.58067e-08	0.000102514	0.11753	0.873692	0.00866263	1.33433e-05	6.87311e-09	1.67217e-12	4.04932e-16	5.83469e-18	5.53572e-20	1.85758e-22	1.34105e-24	3.25781e-28	2.70576e-31	6.46597e-35	9.98713e-39	6.04214e-41	6.29357e-44	4.15761e-46	1.97665e-49	8.83978e-52	5.94992e-56	7.48447e-59	3.65723e-63	2.01437e-66	2.54514e-70	
CGA501	0	0	0	0	0	0	0	0	0	0	0	0	0	0	0	0	0	1	0	0	0	0	0	0	0	0	0	0	0	0	0	0	0	0	0	0	0	0	0	0	0	
C3121	0	0	0	0	0	0	0	0	0	0	0	0	0	0	0	0	1	0	0	0	0	0	0	0	0	0	0	0	0	0	0	0	0	0	0	0	0	0	0	0	0	
Calparcri	0	0	0	0	0	0	0	0	0	0	0	0	0	0	0	0	0	1	0	0	0	0	0	0	0	0	0	0	0	0	0	0	0	0	0	0	0	0	0	0	0	
N57	9.03941e-43	1.23844e-36	3.63186e-33	1.00385e-29	4.01537e-28	2.38684e-24	9.30028e-21	8.33287e-17	1.34402e-14	7.34039e-13	3.96746e-11	7.30969e-09	2.2826e-07	6.1438e-06	0.00113004	0.0933107	0.655205	0.246622	0.00371411	1.19507e-05	4.06806e-08	6.17929e-10	1.18219e-11	1.36356e-12	1.39712e-14	1.24505e-16	9.12109e-19	5.05658e-22	2.32012e-24	1.00931e-25	1.54272e-28	1.61123e-29	6.56268e-33	3.92695e-34	1.8736e-37	9.14317e-37	9.42122e-39	4.98517e-39	5.59091e-41	1.48796e-41	3.43287e-42	
N58	1.59563e-43	2.24539e-36	3.3078e-31	7.61306e-27	2.52663e-23	1.54268e-20	1.19591e-18	7.18805e-15	9.65677e-12	1.21337e-10	1.54077e-09	1.13582e-07	1.2199e-06	4.04727e-06	0.000205378	0.0203647	0.345028	0.527406	0.102174	0.00469342	0.000111307	9.95662e-06	1.22022e-06	1.37533e-07	3.16674e-09	6.74351e-11	6.90882e-13	4.80708e-15	6.46252e-17	2.62695e-18	2.83619e-20	7.34999e-22	3.16968e-24	4.56718e-26	8.41727e-29	4.95266e-31	5.82631e-34	1.97003e-36	1.98284e-39	9.48816e-42	9.78767e-44	
N59	2.95954e-39	1.83644e-32	2.93489e-27	5.90905e-24	1.22572e-20	1.83466e-17	2.4087e-16	2.07613e-13	5.2529e-11	1.4953e-09	5.75058e-08	7.41933e-06	4.12951e-05	6.2189e-05	0.00080305	0.0305331	0.33727	0.536293	0.0913324	0.00360333	5.34791e-05	4.85175e-07	7.10751e-09	2.92408e-10	6.36001e-12	1.08119e-13	1.50072e-15	6.37668e-18	3.78835e-20	3.18723e-22	2.13533e-24	3.93428e-26	2.17125e-28	2.62014e-30	7.05551e-33	5.14215e-35	8.02776e-38	3.38864e-40	3.7958e-43	1.16441e-45	2.53937e-48	
N60	1.69914e-38	1.14e-31	1.8402e-26	4.94664e-23	1.36291e-19	2.29554e-16	2.60209e-15	1.85598e-12	3.06494e-10	1.09814e-08	4.79095e-07	8.39729e-05	0.000514124	0.00078341	0.00802568	0.106458	0.45161	0.400144	0.0318058	0.000570593	3.89324e-06	1.3719e-08	3.90238e-11	6.7683e-13	1.54225e-14	2.46866e-16	4.7602e-18	1.64323e-20	9.50716e-23	3.71889e-25	9.0249e-28	1.73582e-29	9.26285e-32	1.78806e-33	4.85562e-36	6.33546e-38	7.81133e-41	5.6738e-43	4.73609e-46	2.03784e-48	2.88164e-51	
N61	3.03973e-41	5.1853e-34	7.86686e-29	1.93282e-24	3.16409e-21	2.95583e-18	6.57115e-17	9.17458e-13	3.03193e-09	4.25885e-09	1.05928e-08	1.13162e-06	1.473e-06	4.24741e-07	3.16347e-05	0.00480051	0.16416	0.725196	0.102976	0.00276485	6.56425e-05	2.05499e-06	6.28184e-08	1.69299e-09	1.18138e-11	1.37399e-13	8.44841e-16	1.00787e-17	4.26687e-20	5.96614e-22	1.49135e-24	1.36933e-26	2.06568e-29	1.18005e-31	1.12989e-34	3.81019e-37	2.51233e-40	5.11406e-43	3.01519e-46	7.95964e-49	3.78304e-51	
Triowe	0	0	0	0	0	0	0	0	0	0	0	0	0	0	0	0	0	1	0	0	0	0	0	0	0	0	0	0	0	0	0	0	0	0	0	0	0	0	0	0	0	
N62	1.13695e-41	9.71015e-35	1.085e-29	3.01347e-25	3.72276e-22	4.4322e-19	4.0824e-17	1.9217e-13	1.59269e-10	2.04042e-10	6.80936e-10	4.03936e-08	3.8876e-08	3.73859e-08	6.95279e-06	0.00198122	0.11935	0.758515	0.116905	0.00319931	4.1286e-05	5.16542e-07	8.89528e-09	6.52558e-10	2.03738e-11	5.03311e-13	1.35059e-14	4.19419e-17	4.15854e-19	5.85078e-21	3.8091e-23	3.01466e-24	1.12163e-26	6.40964e-28	1.02497e-30	3.61707e-32	2.89793e-35	4.22157e-37	2.63024e-40	2.11112e-42	5.48803e-45	
Trijoh	0	0	0	0	0	0	0	0	0	0	0	0	0	0	0	0	0	1	0	0	0	0	0	0	0	0	0	0	0	0	0	0	0	0	0	0	0	0	0	0	0	
Trimel	0	0	0	0	0	0	0	0	0	0	0	0	0	0	0	0	0	1	0	0	0	0	0	0	0	0	0	0	0	0	0	0	0	0	0	0	0	0	0	0	0	
N63	1.68737e-36	1.63507e-29	1.11001e-23	1.65254e-21	6.04882e-18	1.95628e-13	1.6551e-13	6.72046e-11	1.64976e-10	1.9625e-07	0.000668952	0.392284	0.478759	0.117711	0.0101909	0.000379724	6.46682e-06	4.82266e-08	1.35951e-10	1.78474e-13	1.34388e-16	6.69296e-20	2.87063e-23	4.01057e-26	1.02044e-28	2.4956e-31	5.49457e-34	4.50099e-37	4.12111e-40	3.38263e-43	2.09377e-46	4.27447e-49	5.05395e-52	1.0704e-54	8.96732e-58	1.25852e-60	5.77575e-64	5.07065e-67	1.57673e-70	9.87085e-74	3.9208e-77	
N64	6.25179e-38	7.30201e-31	5.21638e-25	1.66006e-22	1.08893e-18	3.58632e-14	1.09645e-13	6.11057e-11	3.63683e-10	6.49561e-07	0.00185898	0.645008	0.328004	0.0245948	0.000528914	4.2758e-06	1.47065e-08	2.27654e-11	1.76759e-14	1.55253e-17	1.02897e-19	2.15869e-22	7.39247e-25	3.02701e-27	2.47822e-30	2.44829e-32	1.67669e-35	1.99814e-37	8.19227e-41	8.01093e-43	2.28932e-46	1.54516e-48	3.32812e-52	1.46677e-54	2.51677e-58	6.78491e-61	9.67123e-65	1.55572e-67	4.65488e-71	9.61568e-74	6.6865e-76	
Trihoe	0	0	0	0	0	0	0	0	0	0	0	1	0	0	0	0	0	0	0	0	0	0	0	0	0	0	0	0	0	0	0	0	0	0	0	0	0	0	0	0	0	
Tribit	0	0	0	0	0	0	0	0	0	0	0	1	0	0	0	0	0	0	0	0	0	0	0	0	0	0	0	0	0	0	0	0	0	0	0	0	0	0	0	0	0	
Trijac	0	0	0	0	0	0	0	0	0	0	0	1	0	0	0	0	0	0	0	0	0	0	0	0	0	0	0	0	0	0	0	0	0	0	0	0	0	0	0	0	0	
N65	4.01882e-39	2.83796e-32	2.06331e-27	2.46801e-23	1.68379e-20	1.019e-17	1.63832e-16	9.70116e-13	1.40716e-09	1.16955e-09	2.19031e-09	1.60829e-07	1.77271e-07	7.28699e-08	7.30879e-06	0.00165223	0.0937442	0.728623	0.16849	0.00736521	0.000116658	1.25661e-06	2.78866e-08	1.02296e-09	1.54685e-11	2.01907e-13	1.89449e-15	9.42538e-18	5.47483e-20	6.0158e-22	3.56854e-24	3.91608e-26	1.58407e-28	1.12553e-30	2.63782e-33	1.16832e-35	1.73684e-38	4.89059e-41	5.47022e-44	1.35062e-46	3.33729e-49	
Tricri	0	0	0	0	0	0	0	0	0	0	0	0	0	0	0	0	0	1	0	0	0	0	0	0	0	0	0	0	0	0	0	0	0	0	0	0	0	0	0	0	0	
N66	2.74441e-41	2.05839e-34	1.86569e-29	3.41362e-25	2.56903e-22	2.70109e-19	1.03152e-17	4.28715e-14	3.2931e-11	1.8291e-11	4.35481e-11	3.17759e-09	3.2591e-09	4.07623e-09	1.10977e-06	0.00052732	0.0598682	0.781936	0.152764	0.00485292	5.0644e-05	2.59203e-07	1.39682e-09	6.54008e-11	2.06237e-12	4.2e-14	1.05506e-15	3.6514e-18	2.62903e-20	1.29803e-22	4.85598e-25	1.62846e-26	8.62422e-29	2.3998e-30	5.86307e-33	1.08057e-34	1.14726e-37	1.03959e-39	7.83211e-43	4.07904e-45	6.17177e-48	
Triwie	0	0	0	0	0	0	0	0	0	0	0	0	0	0	0	0	0	1	0	0	0	0	0	0	0	0	0	0	0	0	0	0	0	0	0	0	0	0	0	0	0	
Triqua	0	0	0	0	0	0	0	0	0	0	0	0	0	0	0	0	0	1	0	0	0	0	0	0	0	0	0	0	0	0	0	0	0	0	0	0	0	0	0	0	0	
N67	4.24025e-39	5.71151e-33	1.48056e-28	1.55714e-24	1.38134e-21	2.82191e-19	5.48042e-17	7.04532e-14	2.36155e-11	3.30699e-10	2.16991e-09	4.11851e-08	3.8632e-07	3.73145e-06	0.000233829	0.0144413	0.235591	0.535098	0.193827	0.0199043	0.000859834	3.29674e-05	5.49743e-06	2.41718e-06	2.86513e-07	2.52868e-08	1.6373e-09	2.6062e-11	8.53235e-13	6.76329e-14	2.94775e-15	4.44343e-16	1.08161e-17	1.04753e-18	9.93247e-21	5.1078e-22	2.91622e-24	7.46037e-26	3.23093e-28	5.89273e-30	1.06201e-31	
N68	6.17662e-37	9.23626e-31	2.06517e-26	1.36575e-22	4.71317e-20	1.53618e-17	6.75561e-16	1.39359e-12	7.41691e-10	1.51135e-09	4.95148e-09	2.11702e-07	4.11679e-07	5.32709e-07	3.74794e-05	0.00384969	0.116098	0.631414	0.227847	0.0200339	0.000703992	1.39772e-05	3.07242e-07	1.46441e-08	4.81881e-10	1.38399e-11	3.08662e-13	3.62829e-15	4.63944e-17	8.48879e-19	1.10562e-20	2.51802e-22	2.74251e-24	4.40322e-26	3.0917e-28	3.33476e-30	1.55957e-32	1.16477e-34	4.18273e-37	2.67399e-39	1.47748e-41	
Kinboe	0	0	0	0	0	0	0	0	0	0	0	0	0	0	0	0	0	1	0	0	0	0	0	0	0	0	0	0	0	0	0	0	0	0	0	0	0	0	0	0	0	
Kinfis	0	0	0	0	0	0	0	0	0	0	0	0	0	0	0	0	0	1	0	0	0	0	0	0	0	0	0	0	0	0	0	0	0	0	0	0	0	0	0	0	0	
Kinxen	0	0	0	0	0	0	0	0	0	0	0	0	0	0	0	0	0	1	0	0	0	0	0	0	0	0	0	0	0	0	0	0	0	0	0	0	0	0	0	0	0	
N69	1.64444e-47	4.02574e-42	1.16685e-36	2.89301e-31	1.60652e-27	1.04968e-23	2.50033e-20	5.04953e-17	6.46725e-15	5.92797e-13	1.14293e-10	1.02824e-08	3.92961e-07	5.25161e-05	0.00588508	0.156412	0.637542	0.196616	0.00346996	2.21249e-05	8.84978e-08	4.89692e-10	1.18236e-11	5.8534e-12	9.99306e-13	7.88381e-14	1.5084e-14	8.51309e-17	3.45676e-18	3.00365e-20	6.86245e-22	4.01432e-22	4.93179e-24	1.65952e-24	2.9891e-27	5.09039e-28	2.46369e-31	6.77714e-33	2.33219e-36	2.08176e-38	7.67317e-41	
N70	1.92806e-33	1.5217e-27	8.32692e-23	3.42184e-20	7.97833e-17	1.48633e-13	2.42782e-12	1.06234e-10	3.8181e-09	1.16111e-06	0.000328282	0.023686	0.176014	0.370731	0.303562	0.10814	0.0165743	0.000945365	1.83587e-05	1.8424e-07	1.16964e-09	6.18323e-12	9.29708e-14	5.35556e-15	1.65053e-16	4.21654e-18	9.11572e-20	6.7579e-22	6.6454e-24	1.11468e-25	1.80917e-27	6.98073e-29	1.05455e-30	2.79582e-32	2.39012e-34	4.06717e-36	1.90108e-38	1.77696e-40	6.07609e-43	4.94089e-45	4.00993e-47	
N71	8.39854e-35	1.29882e-27	1.3202e-21	1.41067e-19	4.56337e-16	1.42404e-11	8.70018e-12	1.45082e-09	2.52116e-09	1.51508e-06	0.00245629	0.556837	0.395616	0.0436513	0.00142026	1.75937e-05	9.44045e-08	2.40695e-10	3.29617e-13	2.88558e-16	2.69922e-19	3.84708e-22	8.20777e-25	1.83161e-27	1.91043e-30	2.88941e-33	3.11217e-36	4.88701e-39	4.51552e-42	7.77163e-45	5.31758e-48	6.84525e-51	3.34034e-54	3.06317e-57	1.06873e-60	6.97441e-64	1.80786e-67	8.91592e-71	2.24581e-74	1.44396e-77	1.17203e-80	
N72	6.24248e-38	2.53402e-30	6.97571e-24	1.07817e-21	5.89617e-18	7.68675e-13	2.8346e-13	2.96009e-10	2.76938e-10	3.47819e-07	0.00169554	0.879396	0.117441	0.00146327	4.17888e-06	4.25981e-09	2.22245e-12	2.93208e-15	4.12766e-18	6.5568e-21	7.72642e-24	4.45162e-27	3.9791e-30	1.03627e-32	3.6427e-36	7.35334e-39	1.25593e-42	1.39741e-45	1.5509e-49	9.75532e-53	8.06654e-57	3.12662e-60	2.12181e-64	6.00374e-68	6.59846e-72	5.3291e-75	5.54923e-79	3.55716e-82	1.40921e-85	5.74631e-89	4.06573e-92	
N73	2.35739e-37	2.62488e-30	1.72118e-24	5.39556e-22	3.02282e-18	7.3179e-14	2.32612e-13	1.16014e-10	8.241e-10	1.43125e-06	0.0035487	0.919105	0.0768026	0.000541587	9.865e-07	9.1327e-10	5.48858e-12	3.54554e-13	6.90563e-16	3.51947e-18	4.93081e-21	3.57157e-23	1.54866e-25	4.9303e-27	1.64095e-30	2.07956e-32	4.05501e-36	1.66187e-38	2.5587e-42	5.1183e-45	6.6965e-49	1.03342e-51	6.96512e-55	2.13055e-57	5.9251e-60	8.6148e-62	1.26995e-65	4.15617e-68	9.21242e-71	1.40313e-73	9.20467e-76	
Chaafr	0	0	0	0	0	0	0	0	0	0	0	1	0	0	0	0	0	0	0	0	0	0	0	0	0	0	0	0	0	0	0	0	0	0	0	0	0	0	0	0	0	
Chacha	0	0	0	0	0	0	0	0	0	0	0	1	0	0	0	0	0	0	0	0	0	0	0	0	0	0	0	0	0	0	0	0	0	0	0	0	0	0	0	0	0	
N74	3.67446e-37	4.31092e-30	3.27396e-24	9.69306e-22	6.51065e-18	2.42449e-13	5.20123e-13	2.75555e-10	1.02059e-09	1.48221e-06	0.00364411	0.936382	0.0596301	0.000341469	5.37344e-07	4.74418e-10	2.74042e-12	9.92786e-14	1.55185e-16	5.69543e-19	6.75303e-22	4.29468e-24	1.50789e-26	2.57762e-28	8.95775e-32	6.08491e-34	1.24332e-37	2.84825e-40	4.46376e-44	5.61181e-47	7.25722e-51	8.23917e-54	5.61689e-57	1.40102e-59	2.90057e-62	2.26573e-64	3.58131e-68	7.12455e-71	1.08738e-73	1.47324e-76	6.32034e-79	
Chacaly	0	0	0	0	0	0	0	0	0	0	0	1	0	0	0	0	0	0	0	0	0	0	0	0	0	0	0	0	0	0	0	0	0	0	0	0	0	0	0	0	0	
Chazey	0	0	0	0	0	0	0	0	0	0	0	1	0	0	0	0	0	0	0	0	0	0	0	0	0	0	0	0	0	0	0	0	0	0	0	0	0	0	0	0	0	
N75	6.10459e-34	1.8477e-27	3.2182e-22	1.10538e-19	3.1888e-16	9.50632e-13	3.82461e-12	4.12947e-10	1.0318e-08	9.19061e-06	0.0068615	0.626518	0.341325	0.024795	0.000487759	3.61616e-06	1.30482e-08	1.76921e-10	2.11303e-12	3.71918e-14	4.89444e-16	2.43713e-18	2.62128e-20	1.70858e-21	3.01255e-24	1.69746e-25	1.60849e-28	5.13115e-30	3.4484e-33	6.25174e-35	3.40316e-38	3.57899e-40	1.72674e-43	1.11868e-45	9.20913e-49	2.2165e-50	1.35978e-53	2.20601e-55	1.64107e-57	7.78655e-60	1.51673e-61	
Chadil	0	0	0	0	0	0	0	0	0	0	0	1	0	0	0	0	0	0	0	0	0	0	0	0	0	0	0	0	0	0	0	0	0	0	0	0	0	0	0	0	0	
Chasen	0	0	0	0	0	0	0	0	0	0	0	1	0	0	0	0	0	0	0	0	0	0	0	0	0	0	0	0	0	0	0	0	0	0	0	0	0	0	0	0	0	
Chanam	0	0	0	0	0	0	0	0	0	0	0	1	0	0	0	0	0	0	0	0	0	0	0	0	0	0	0	0	0	0	0	0	0	0	0	0	0	0	0	0	0	
N76	3.17537e-34	2.50272e-30	5.79357e-28	8.55416e-26	1.4299e-25	1.45819e-23	4.2051e-20	7.11318e-17	1.63711e-14	1.70861e-12	1.56363e-10	8.54495e-09	4.76472e-07	6.67851e-05	0.00662647	0.161321	0.628152	0.198049	0.00569516	8.22097e-05	1.16554e-06	1.22007e-06	6.20416e-07	1.87951e-06	7.01107e-07	4.3694e-07	1.99909e-07	7.64359e-09	1.89862e-09	1.14345e-08	7.36729e-10	7.31763e-09	1.36369e-10	7.71707e-10	3.61223e-12	6.78689e-12	1.70935e-14	3.76078e-15	8.98865e-18	7.5767e-19	2.84222e-19	
Riebrev	0	0	0	0	0	0	0	0	0	0	0	0	0	0	0	0	0	0	0	0	0	0	0	0	0	0	0	0	0	0	1	0	0	0	0	0	0	0	0	0	0	
N77	1.44931e-39	3.17224e-32	2.61071e-28	7.97894e-23	8.60839e-22	5.17708e-19	1.21799e-16	2.65372e-12	1.53367e-10	1.51505e-11	1.72017e-08	9.52598e-09	3.45626e-10	1.44926e-08	2.43316e-05	0.0119221	0.94121	0.0463954	0.000446237	1.61113e-06	3.32444e-09	6.08113e-12	1.39602e-14	3.25165e-17	4.73144e-20	6.7803e-23	8.28858e-26	1.04554e-28	1.16176e-31	1.2775e-34	1.01362e-37	7.38718e-41	3.83939e-44	1.82377e-47	6.21841e-51	2.02951e-54	4.90029e-58	1.28435e-61	2.99954e-65	9.67602e-69	3.4438e-72	
N78	6.47088e-50	2.49736e-41	1.09503e-36	5.11537e-30	2.07143e-28	1.04586e-24	8.56162e-22	1.50823e-16	1.76322e-14	4.11144e-16	4.79393e-12	1.12069e-12	1.65781e-14	4.3092e-12	1.64446e-07	0.00135539	0.982682	0.0159393	2.32995e-05	8.66879e-09	1.31712e-12	2.00536e-16	2.35363e-19	1.44294e-21	1.58022e-24	7.66039e-28	1.70786e-31	7.59965e-36	1.20886e-35	7.39554e-35	2.90508e-36	1.12896e-36	2.10986e-38	6.14134e-39	2.12031e-41	2.24549e-42	5.92632e-45	3.13761e-46	7.65676e-49	2.58121e-50	6.10626e-52	
N79	2.3204e-44	2.30338e-38	1.11652e-35	2.29311e-31	9.80579e-32	6.28894e-28	2.52157e-24	3.86964e-19	4.88478e-17	2.93279e-18	2.22234e-14	4.65073e-15	9.1186e-16	1.91393e-12	9.57026e-08	0.00105272	0.985613	0.0133203	1.39584e-05	3.55369e-09	3.54118e-13	1.37597e-16	1.14691e-18	9.95546e-20	1.32149e-21	2.22587e-24	8.30579e-28	2.98255e-32	1.87326e-35	1.31348e-38	1.15504e-41	3.28168e-43	1.49468e-45	1.85598e-44	1.95543e-47	5.84415e-47	5.77212e-50	5.52482e-51	7.18893e-54	1.8367e-53	8.42191e-52	
Braset	0	0	0	0	0	0	0	0	0	0	0	0	0	0	0	0	1	0	0	0	0	0	0	0	0	0	0	0	0	0	0	0	0	0	0	0	0	0	0	0	0	
N80	1.44278e-54	1.26732e-46	7.72588e-42	1.73438e-35	1.65029e-33	4.28214e-30	9.25591e-27	5.73723e-22	5.88714e-20	5.51306e-20	8.86051e-16	9.45063e-15	1.00411e-14	1.43859e-11	3.15663e-07	0.00171538	0.987936	0.0103363	1.20638e-05	4.21064e-09	6.6446e-13	7.96971e-16	1.14483e-17	5.43357e-19	6.48948e-21	1.25415e-23	4.48326e-27	3.13429e-31	1.34482e-34	2.83168e-37	4.74007e-40	7.24552e-42	7.70226e-45	6.89264e-47	2.84902e-51	3.41967e-54	1.0761e-58	4.57878e-62	2.07984e-66	6.4372e-70	2.18809e-72	
N81	2.64771e-57	2.77727e-48	1.46774e-43	2.74647e-36	1.76229e-34	5.47739e-31	3.13271e-27	2.16943e-21	5.1445e-19	4.16513e-19	5.21206e-14	2.01213e-14	5.90644e-16	4.49305e-13	3.13763e-08	0.000541488	0.997812	0.00164597	3.93574e-07	3.17478e-11	1.31354e-15	2.84662e-19	3.3622e-22	5.59466e-25	2.66877e-28	4.59049e-32	2.05236e-36	3.1154e-41	1.31448e-45	3.96981e-49	4.60144e-53	1.6385e-56	1.0181e-60	1.48745e-64	7.8327e-70	1.45694e-74	3.21795e-80	2.28163e-85	2.70602e-91	9.36564e-97	3.25621e-102	
Bramel	0	0	0	0	0	0	0	0	0	0	0	0	0	0	0	0	1	0	0	0	0	0	0	0	0	0	0	0	0	0	0	0	0	0	0	0	0	0	0	0	0	
Bratha	0	0	0	0	0	0	0	0	0	0	0	0	0	0	0	0	1	0	0	0	0	0	0	0	0	0	0	0	0	0	0	0	0	0	0	0	0	0	0	0	0	
N82	1.90778e-56	5.73816e-48	4.15521e-43	2.36028e-36	2.69057e-34	1.03024e-30	5.98292e-27	1.80001e-21	6.06099e-19	1.09322e-18	2.93514e-14	7.17236e-14	1.62836e-14	1.53208e-11	3.28559e-07	0.00174871	0.992402	0.00584437	4.84746e-06	1.33052e-09	1.81484e-13	1.72348e-16	1.07877e-18	1.23543e-20	3.91503e-23	3.52622e-26	6.82316e-30	4.05266e-34	8.65534e-38	1.6024e-40	1.27371e-43	4.69886e-46	2.4436e-49	4.80657e-52	1.8585e-56	5.17193e-60	1.35061e-64	2.13827e-68	6.90104e-73	1.28451e-76	1.21556e-79	
Bradra	0	0	0	0	0	0	0	0	0	0	0	0	0	0	0	0	1	0	0	0	0	0	0	0	0	0	0	0	0	0	0	0	0	0	0	0	0	0	0	0	0	
Bratra	0	0	0	0	0	0	0	0	0	0	0	0	0	0	0	0	1	0	0	0	0	0	0	0	0	0	0	0	0	0	0	0	0	0	0	0	0	0	0	0	0	
N83	1.67079e-50	1.52578e-42	3.38331e-38	4.8468e-32	1.44236e-30	1.30252e-27	1.81066e-24	1.52014e-19	2.30449e-17	2.53061e-17	3.7977e-13	6.68908e-13	1.12393e-13	6.89669e-11	8.85921e-07	0.00284219	0.988163	0.00898251	1.18591e-05	5.25732e-09	1.18135e-12	1.13345e-15	6.72198e-18	5.68577e-20	1.43248e-22	1.38736e-25	3.97321e-29	3.98142e-33	1.09601e-36	2.08739e-39	1.79299e-42	4.97489e-45	2.79248e-48	3.95734e-51	2.64003e-55	7.33972e-59	3.1133e-63	5.37742e-67	2.31068e-71	5.30617e-75	3.71606e-78	
Bragut	0	0	0	0	0	0	0	0	0	0	0	0	0	0	0	0	1	0	0	0	0	0	0	0	0	0	0	0	0	0	0	0	0	0	0	0	0	0	0	0	0	
Braven	0	0	0	0	0	0	0	0	0	0	0	0	0	0	0	0	1	0	0	0	0	0	0	0	0	0	0	0	0	0	0	0	0	0	0	0	0	0	0	0	0	
N84	4.91552e-44	1.32909e-36	2.89025e-32	1.21532e-26	4.81589e-25	3.16593e-22	2.86925e-19	3.80221e-15	1.49637e-13	5.95324e-14	3.10685e-11	1.58728e-11	6.74019e-12	3.08701e-09	1.08633e-05	0.00965002	0.955976	0.0341829	0.000179588	3.13704e-07	2.67898e-10	5.41099e-13	8.33795e-15	2.28062e-16	1.7206e-18	5.74343e-21	7.05839e-24	2.69125e-27	2.98739e-30	1.65772e-32	4.39939e-35	4.27866e-37	6.93036e-40	3.98747e-42	9.8509e-46	1.49253e-48	2.59947e-52	2.26137e-55	3.60006e-59	3.09266e-62	6.8109e-65	
Brapum	0	0	0	0	0	0	0	0	0	0	0	0	0	0	0	0	1	0	0	0	0	0	0	0	0	0	0	0	0	0	0	0	0	0	0	0	0	0	0	0	0	
Bradam	0	0	0	0	0	0	0	0	0	0	0	0	0	0	0	0	1	0	0	0	0	0	0	0	0	0	0	0	0	0	0	0	0	0	0	0	0	0	0	0	0	
