#Nodes with GAIN events with expectation above 0.5
N3: 0.578023
B3088: 0.886093
BGA709: 0.755068
BGA309: 0.755068
PGA445: 1.66648
FGA379: 1.4176
Furcep: 1.75314
FGA331: 1.61789
FGA104: 0.627692
FGA174: 0.972426
CGA312: 1.03199
C601: 0.939599
C3125: 1.35082
C12265: 0.627804
C3126: 1.4918
N56: 0.935211
C2208: 1.00348
N60: 1.17163
N65: 0.613759
N68: 0.643037
N72: 0.64055
N75: 0.666241
Kinxen: 1.14082
N83: 1.14328
Total number of gain events: 42.233
#+++++++++++++++++++++++++++++

#Nodes with LOSS events with expectation above 0.5
B3088: 1.33697
BGA709: 1.18898
BGA309: 1.18898
B983: 0.616669
B11604: 0.616669
PGA445: 1.84976
N13: 0.920574
N14: 1.87152
Rhaspe: 5.41845
Rhamar: 5.10673
Rhatem: 4.2088
N18: 0.835989
FGA379: 0.874397
N19: 2.16436
N20: 0.929616
F3015: 2.061
F1476: 1.4333
N28: 0.760268
FGA465: 1.1641
FGA99: 0.925115
FGA15: 0.8685
FGA489: 1.90955
FurbGB: 2.57937
CGA763: 1.10658
Calboe: 2.72594
CGA429: 1.86887
N49: 0.73163
C984: 2.31026
CGA310: 1.15042
N51: 0.833858
CGA494: 1.2302
N54: 1.44214
C404: 1.08672
CGA45: 1.10983
N60: 0.602458
C3121: 0.915078
N70: 3.71944
Trijac: 0.895999
Kinxen: 1.05801
N77: 2.669
N78: 1.99068
Chadil: 0.651258
Chasen: 0.651258
Chanam: 2.83309
N83: 1.16131
Total number of loss events: 98.2056
#+++++++++++++++++++++++++++++

#Nodes with duplication events with expectation above 0.5
Total number of duplication events: 1.25918e-43
#+++++++++++++++++++++++++++++

#Nodes with demi-duplication events with expectation above 0.5
Total number of demi-dulications events: 0
#+++++++++++++++++++++++++++++

#+++++++++++++++++++++++++++++

#Nodes with transitions in base number with expectation above 0.5
Total number of transitions in base number: 0
#+++++++++++++++++++++++++++++

#EVENTS NOT ACCOUNTED FOR IN THE SIMULATIONS: 
NONE
#+++++++++++++++++++++++++++++

#ALL EVENTS EXPECTATIONS PER NODE
NODE	GAIN	LOSS	DUPLICATION	DEMI-DUPLICATION	BASE-NUMBER
N2	0.2554	0.0721186	5.10819e-67	0	0
N3	0.578023	0.326183	4.92754e-79	0	0
N4	0.102161	0.0864583	8.69321e-79	0	0
B3088	0.886093	1.33697	0	0	0
N5	0.107263	0.124299	1.57514e-76	0	0
BGA709	0.755068	1.18898	0	0	0
BGA309	0.755068	1.18898	0	0	0
N6	0.238639	0.30726	6.90352e-83	0	0
N7	0.30402	0.467285	9.44294e-77	0	0
B11696	0.276383	0.479626	0	0	0
B11609	0.276383	0.479626	0	0	0
N8	0.0651434	0.1032	2.00386e-89	0	0
N9	0.0192073	0.0305019	9.26815e-93	0	0
N10	0.107006	0.163853	5.88071e-77	0	0
B983	0.356355	0.616669	0	0	0
B11604	0.356355	0.616669	0	0	0
N11	0.244274	0.420052	1.95033e-80	0	0
BGAA1	0.184423	0.325806	0	0	0
BGA584	0.184423	0.325806	0	0	0
N12	0.233993	0.383957	1.30056e-84	0	0
BGA303	0.236613	0.415105	0	0	0
BGAB1	0.236613	0.415105	0	0	0
PGA445	1.66648	1.84976	0	0	0
N13	0.0355534	0.920574	6.15678e-69	0	0
N14	0.00708161	1.87152	2.89243e-64	0	0
Rhaspe	0.391083	5.41845	0	0	0
N15	0.00774052	0.309693	1.25918e-43	0	0
Rhamar	0.385695	5.10673	0	0	0
Rhatem	0.487764	4.2088	0	0	0
N16	0.0721537	0.0230401	5.2775e-84	0	0
N17	0.298455	0.2051	7.28925e-87	0	0
N18	0.0353531	0.835989	6.27697e-72	0	0
FGA379	1.4176	0.874397	0	0	0
N19	0.0222674	2.16436	9.73315e-62	0	0
N20	0.032445	0.929616	1.98112e-60	0	0
N21	0.00195684	0.491252	2.05322e-62	0	0
F3015	0.152644	2.061	0	0	0
N22	0.00345239	0.147612	1.09762e-58	0	0
N23	0.0102427	0.0952432	1.53182e-61	0	0
N24	0.00632514	0.335693	5.94234e-72	0	0
N25	0.00520651	0.0275155	2.10166e-72	0	0
F1476	0.105916	1.4333	0	0	0
N26	0.022198	0.0204651	6.54479e-65	0	0
Furcep	1.75314	0.0822527	0	0	0
N27	0.0037721	0.156455	2.30561e-65	0	0
Furpol	0.19008	0.366483	0	0	0
N28	0.0120322	0.760268	5.20229e-59	0	0
N29	0.0148271	0.310575	6.1687e-58	0	0
F2241	0.0276796	0.160098	0	0	0
Furang	0.0276796	0.160098	0	0	0
FGA490	0.0649457	0.493113	0	0	0
N30	0.0112169	0.23078	1.6118e-74	0	0
N31	0.0171639	0.049671	3.54615e-65	0	0
N32	0.0373889	0.0150671	3.18436e-71	0	0
N33	0.00570078	0.0485668	2.66671e-72	0	0
N34	0.0171211	0.066373	1.77834e-68	0	0
FGA456	0.0324692	0.0602865	0	0	0
FGA513	0.0324692	0.0602865	0	0	0
F12278	0.073951	0.15102	0	0	0
N35	0.300877	0.0201003	9.29678e-71	0	0
Furant	0.0343282	0.435041	0	0	0
FGA331	1.61789	0.0186016	0	0	0
FGA465	0.066486	1.1641	0	0	0
N36	0.0211069	0.274881	9.5986e-67	0	0
FGA99	0.0487691	0.925115	0	0	0
N37	0.0263044	0.0603579	6.55197e-58	0	0
FGA15	0.0262073	0.8685	0	0	0
FGA581	0.213606	0.0558985	0	0	0
FGA104	0.627692	0.306743	0	0	0
FGA489	0.145478	1.90955	0	0	0
FGA174	0.972426	0.376858	0	0	0
FurbGB	0.277488	2.57937	0	0	0
N38	0.173523	0.0114193	5.23544e-79	0	0
N39	0.211096	0.0612081	2.01055e-73	0	0
N40	0.281878	0.487296	2.1382e-77	0	0
CGA312	1.03199	0.396484	0	0	0
N41	0.0160643	0.165724	8.81409e-83	0	0
N42	0.00246786	0.307236	4.4476e-101	0	0
N43	0.0168581	0.0102028	7.87272e-91	0	0
N44	0.315923	0.161784	2.52526e-91	0	0
CGA642	0.0984841	0.169098	0	0	0
N45	0.027007	0.0159728	9.70672e-85	0	0
CGA763	0.0249307	1.10658	0	0	0
C601	0.939599	0.0212464	0	0	0
N46	0.00967328	0.0308499	2.54249e-83	0	0
CGA236	0.442596	0.337894	0	0	0
N47	0.0136172	0.142121	1.82214e-76	0	0
N48	0.135165	0.199916	8.08247e-71	0	0
Calboe	0.0238968	2.72594	0	0	0
C3125	1.35082	0.0528684	0	0	0
CGA429	0.102074	1.86887	0	0	0
N49	0.00104525	0.73163	3.15206e-88	0	0
C984	0.131082	2.31026	0	0	0
N50	0.00343318	0.213312	9.88328e-70	0	0
CGA310	0.181222	1.15042	0	0	0
N51	0.0407828	0.833858	1.37404e-69	0	0
CGA365	0.15695	0.333069	0	0	0
CGA494	0.0540782	1.2302	0	0	0
N52	0.463614	0.0914899	2.00161e-96	0	0
N53	0.0125901	0.0992999	2.43363e-84	0	0
C12265	0.627804	0.128013	0	0	0
N54	0.0111317	1.44214	8.74597e-83	0	0
C404	0.0175231	1.08672	0	0	0
N55	0.00777424	0.0305168	3.56249e-90	0	0
Cl11778	0.0314186	0.077875	0	0	0
CGA48	0.0314186	0.077875	0	0	0
C3126	1.4918	0.0787585	0	0	0
N56	0.935211	0.34295	1.22249e-78	0	0
CGA311	0.302075	0.464245	0	0	0
N57	0.0318087	0.0157543	1.73708e-81	0	0
N58	0.0356343	0.187368	1.0831e-87	0	0
CGA45	0.0833427	1.10983	0	0	0
N59	0.0280853	0.0232023	9.1964e-92	0	0
C3043	0.141671	0.173046	0	0	0
CGA364	0.141671	0.173046	0	0	0
C2208	1.00348	0.181707	0	0	0
N60	1.17163	0.602458	4.85121e-77	0	0
N61	0.0930343	0.113922	1.20264e-79	0	0
CGA453	0.11079	0.0789244	0	0	0
N62	0.0171653	0.081847	2.62578e-91	0	0
CGA501	0.125949	0.029402	0	0	0
C3121	0.0116246	0.915078	0	0	0
N63	0.21976	0.206967	3.71897e-86	0	0
Calparcri	0.00650613	0.00832203	0	0	0
C3118	0.00650613	0.00832203	0	0	0
N64	0.0199641	0.0211928	4.84717e-85	0	0
N65	0.613759	0.0855787	5.32751e-82	0	0
N66	0.279347	0.2914	2.26393e-76	0	0
N67	0.0687784	0.38343	3.43036e-69	0	0
N68	0.643037	0.0877652	1.73974e-75	0	0
Triowe	0.462131	0.382326	0	0	0
N69	0.096462	0.0375541	8.71649e-74	0	0
Trijoh	0.348397	0.327536	0	0	0
Trimel	0.348397	0.327536	0	0	0
N70	0.0397678	3.71944	9.43794e-66	0	0
N71	0.01327	0.397364	1.61073e-58	0	0
Trihoe	0.0610133	0.481043	0	0	0
Tribit	0.0610133	0.481043	0	0	0
Trijac	0.0917213	0.895999	0	0	0
N72	0.64055	0.276662	1.46696e-74	0	0
Tricri	0.378736	0.421829	0	0	0
N73	0.107779	0.0894932	1.63246e-75	0	0
Triwie	0.226864	0.288257	0	0	0
Triqua	0.226864	0.288257	0	0	0
N74	0.322336	0.0964387	4.52473e-73	0	0
N75	0.666241	0.486278	3.35286e-67	0	0
Kinboe	0.37555	0.472706	0	0	0
Kinfis	0.37555	0.472706	0	0	0
Kinxen	1.14082	1.05801	0	0	0
N76	0.0074263	0.128422	4.25277e-68	0	0
N77	0.0624498	2.669	5.06954e-52	0	0
N78	0.124602	1.99068	5.0658e-53	0	0
N79	0.0540033	0.457759	1.51766e-63	0	0
N80	0.019738	0.0745882	1.51079e-60	0	0
Chaafr	0.0809471	0.178594	0	0	0
Chacha	0.0809471	0.178594	0	0	0
N81	0.0288388	0.106404	1.61882e-62	0	0
Chacaly	0.0664884	0.14142	0	0	0
Chazey	0.0664884	0.14142	0	0	0
N82	0.0279236	0.136011	4.07321e-52	0	0
Chadil	0.203094	0.651258	0	0	0
Chasen	0.203094	0.651258	0	0	0
Chanam	0.410759	2.83309	0	0	0
N83	1.14328	1.16131	1.24341e-68	0	0
N84	0.0165843	0.032136	6.26172e-88	0	0
N85	0.00192657	0.00345143	1.24119e-100	0	0
Braset	0.0923332	0.0989698	0	0	0
N86	0.00673139	0.0086975	7.62433e-89	0	0
N87	0.0387268	0.0427378	2.71352e-94	0	0
Bramel	0.00374918	0.00440859	0	0	0
Bratha	0.00374918	0.00440859	0	0	0
N88	0.0216763	0.0239479	7.06879e-92	0	0
Bradra	0.0158546	0.0182535	0	0	0
Bratra	0.0158546	0.0182535	0	0	0
N89	0.0477448	0.0521937	1.52078e-103	0	0
Bragut	0.0186032	0.0223157	0	0	0
Braven	0.0186032	0.0223157	0	0	0
N90	0.053216	0.060789	8.39992e-81	0	0
Brapum	0.0575374	0.0736776	0	0	0
Bradam	0.0575374	0.0736776	0	0	0
#+++++++++++++++++++++++++++++

#Expected number of events from root to leaf
LEAF	GAIN	LOSS	DUPLICATION	DEMI-DUPLICATION	BASE-NUMBER
B3088	1.82168	1.82173	5.10819e-67	0	0
BGA709	1.79792	1.79804	5.10819e-67	0	0
BGA309	1.79792	1.79804	5.10819e-67	0	0
B11696	1.65247	1.65247	5.10819e-67	0	0
B11609	1.65247	1.65247	5.10819e-67	0	0
B983	1.61978	1.61979	5.10819e-67	0	0
B11604	1.61978	1.61979	5.10819e-67	0	0
BGAA1	1.58511	1.58512	5.10819e-67	0	0
BGA584	1.58511	1.58512	5.10819e-67	0	0
BGA303	1.60781	1.60782	5.10819e-67	0	0
BGAB1	1.60781	1.60782	5.10819e-67	0	0
PGA445	1.92188	1.92188	5.10819e-67	0	0
Rhaspe	0.433718	8.21054	2.89249e-64	0	0
Rhamar	0.436071	8.20852	1.25918e-43	0	0
Rhatem	0.53814	7.31059	1.25918e-43	0	0
FGA379	1.85911	2.8591	6.16306e-69	0	0
F3015	0.650828	7.63093	2.09898e-60	0	0
F1476	0.629327	7.60929	1.12014e-58	0	0
Furcep	2.29875	6.27871	1.12014e-58	0	0
Furpol	0.739461	6.7194	1.12014e-58	0	0
F2241	0.60392	7.58386	7.80907e-58	0	0
Furang	0.60392	7.58386	7.80907e-58	0	0
FGA490	0.626359	7.6063	1.64037e-58	0	0
FGA456	0.639265	6.61922	1.12014e-58	0	0
FGA513	0.639265	6.61922	1.12014e-58	0	0
F12278	0.663626	6.64358	1.12014e-58	0	0
Furant	0.91918	6.89914	1.12014e-58	0	0
FGA331	2.50274	6.4827	1.12014e-58	0	0
FGA465	0.613071	7.59303	1.12014e-58	0	0
FGA99	0.599297	7.57925	1.12014e-58	0	0
FGA15	0.60304	7.583	7.67211e-58	0	0
FGA581	0.790439	6.7704	7.67211e-58	0	0
FGA104	1.13957	6.11953	1.12014e-58	0	0
FGA489	0.647114	7.62709	1.1186e-58	0	0
FGA174	1.46865	5.45554	2.07845e-60	0	0
FurbGB	0.741271	6.72843	9.73315e-62	0	0
CGA312	2.10465	2.10512	6.15699e-69	0	0
CGA642	1.52246	2.52268	6.15699e-69	0	0
CGA763	1.47591	3.47614	6.15699e-69	0	0
C601	2.39058	2.3908	6.15699e-69	0	0
CGA236	1.56032	2.56054	6.15699e-69	0	0
Calboe	1.2904	5.29063	6.23781e-69	0	0
C3125	2.61733	2.61756	6.23781e-69	0	0
CGA429	1.23341	4.23364	6.15699e-69	0	0
C984	1.22332	5.22349	6.15699e-69	0	0
CGA310	1.27689	4.27696	7.14531e-69	0	0
CGA365	1.2934	4.29347	8.51936e-69	0	0
CGA494	1.19053	5.19059	8.51936e-69	0	0
C12265	2.19273	2.19316	6.15699e-69	0	0
C404	1.59358	4.59401	6.15699e-69	0	0
Cl11778	1.61525	3.61568	6.15699e-69	0	0
CGA48	1.61525	3.61568	6.15699e-69	0	0
C3126	3.04414	2.04461	6.15699e-69	0	0
CGA311	2.02807	2.02854	6.15699e-69	0	0
CGA45	1.87678	2.87725	6.15699e-69	0	0
C3043	1.96319	1.96366	6.15699e-69	0	0
CGA364	1.96319	1.96366	6.15699e-69	0	0
C2208	2.76128	1.76175	6.15699e-69	0	0
CGA453	1.95514	1.95544	6.15678e-69	0	0
CGA501	1.98746	1.98776	6.15678e-69	0	0
C3121	1.87314	2.87344	6.15678e-69	0	0
Calparcri	1.97758	1.97788	6.15678e-69	0	0
C3118	1.97758	1.97788	6.15678e-69	0	0
Triowe	2.19472	2.19531	9.58715e-69	0	0
Trijoh	2.17745	2.17807	9.58723e-69	0	0
Trimel	2.17745	2.17807	9.58723e-69	0	0
Trihoe	1.20361	6.32306	1.61073e-58	0	0
Tribit	1.20361	6.32306	1.61073e-58	0	0
Trijac	1.22104	6.34065	9.44752e-66	0	0
Tricri	2.04006	2.04028	6.1568e-69	0	0
Triwie	1.99597	1.9962	6.1568e-69	0	0
Triqua	1.99597	1.9962	6.1568e-69	0	0
Kinboe	2.10556	2.10581	3.41444e-67	0	0
Kinfis	2.10556	2.10581	3.41444e-67	0	0
Kinxen	2.20458	2.20484	6.15724e-69	0	0
Chaafr	0.476837	6.46385	5.57612e-52	0	0
Chacha	0.476837	6.46385	5.57612e-52	0	0
Chacaly	0.471479	6.45849	5.57612e-52	0	0
Chazey	0.471479	6.45849	5.57612e-52	0	0
Chadil	0.553166	6.54018	9.64933e-52	0	0
Chasen	0.553166	6.54018	9.64933e-52	0	0
Chanam	0.608306	6.59533	5.06954e-52	0	0
Braset	1.38922	2.38909	6.11185e-68	0	0
Bramel	1.3461	2.34597	6.11185e-68	0	0
Bratha	1.3461	2.34597	6.11185e-68	0	0
Bradra	1.34115	2.34102	6.11185e-68	0	0
Bratra	1.34115	2.34102	6.11185e-68	0	0
Bragut	1.36131	2.36118	6.11185e-68	0	0
Braven	1.36131	2.36118	6.11185e-68	0	0
Brapum	1.38913	2.389	6.11185e-68	0	0
Bradam	1.38913	2.389	6.11185e-68	0	0
