#Nodes with GAIN events with expectation above 0.5
N3: 0.785395
B3088: 0.958895
BGA709: 0.808757
BGA309: 0.808757
PGA445: 1.97063
Rhaspe: 0.557895
Rhamar: 0.543796
Rhatem: 0.655564
FGA379: 1.60051
Furcep: 1.91608
FGA331: 1.6518
FGA104: 0.828042
FGA174: 1.18505
CGA312: 1.08613
CGA642: 0.506059
C3125: 1.39071
C12265: 0.655157
C3134: 1.53668
N50: 1.04139
C2208: 1.03497
N54: 1.292
N58: 0.731104
N61: 0.718726
Triowe: 0.50518
N65: 0.722061
N68: 0.741902
Kinxen: 1.25141
Chanam: 0.527588
N76: 1.33761
Total number of gain events: 46.7627
#+++++++++++++++++++++++++++++

#Nodes with LOSS events with expectation above 0.5
B3088: 1.27469
BGA709: 1.12563
BGA309: 1.12563
B985: 0.594654
B199: 0.594654
PGA445: 1.73828
N13: 0.719833
N14: 1.8598
Rhaspe: 5.36772
Rhamar: 5.06241
Rhatem: 4.17418
N18: 0.8241
FGA379: 0.843527
N19: 2.09793
N20: 0.955783
F3016: 1.97595
F1476: 1.35147
N28: 0.694771
FGA465: 1.11444
N36: 0.542349
FGA99: 0.597585
FGA15: 0.597585
FGA489: 1.81852
FurbGB: 2.49083
Calboe: 2.69375
CGA429: 1.87077
C985: 2.66478
CGA382: 1.72956
N49: 1.35263
C404: 1.16189
CGA45: 1.10369
N54: 0.565248
C3121: 0.899419
N63: 4.46265
Trijac: 0.90898
Kinxen: 1.02864
N70: 2.5505
N71: 1.9349
Chadil: 0.690543
Chasen: 0.690543
Chanam: 2.80516
N76: 1.07078
Total number of loss events: 93.584
#+++++++++++++++++++++++++++++

#Nodes with duplication events with expectation above 0.5
Total number of duplication events: 4.43983e-34
#+++++++++++++++++++++++++++++

#Nodes with demi-duplication events with expectation above 0.5
Total number of demi-dulications events: 0
#+++++++++++++++++++++++++++++

#+++++++++++++++++++++++++++++

#Nodes with transitions in base number with expectation above 0.5
Total number of transitions in base number: 0
#+++++++++++++++++++++++++++++

#EVENTS NOT ACCOUNTED FOR IN THE SIMULATIONS: 
NONE
#+++++++++++++++++++++++++++++

#ALL EVENTS EXPECTATIONS PER NODE
NODE	GAIN	LOSS	DUPLICATION	DEMI-DUPLICATION	BASE-NUMBER
N2	0.405409	0.0618331	4.32004e-57	0	0
N3	0.785395	0.274116	9.75386e-66	0	0
N4	0.116142	0.0793441	4.28434e-69	0	0
B3088	0.958895	1.27469	0	0	0
N5	0.116208	0.115131	2.6353e-64	0	0
BGA709	0.808757	1.12563	0	0	0
BGA309	0.808757	1.12563	0	0	0
N6	0.279335	0.275055	3.47877e-71	0	0
N7	0.320899	0.438383	1.95456e-67	0	0
B11696	0.287743	0.453474	0	0	0
B11609	0.287743	0.453474	0	0	0
N8	0.0726532	0.0926779	5.24499e-81	0	0
N9	0.0197455	0.0266292	9.47969e-84	0	0
N10	0.113477	0.155941	1.00635e-69	0	0
B985	0.380803	0.594654	0	0	0
B199	0.380803	0.594654	0	0	0
N11	0.19127	0.279843	5.35972e-71	0	0
BGA89	0.279966	0.447708	0	0	0
BGAA2	0.279966	0.447708	0	0	0
N12	0.242138	0.357743	1.03966e-77	0	0
BGA304	0.247805	0.395399	0	0	0
BGAB1	0.247805	0.395399	0	0	0
PGA445	1.97063	1.73828	0	0	0
N13	0.0565574	0.719833	2.49828e-60	0	0
N14	0.0114164	1.8598	4.6991e-51	0	0
Rhaspe	0.557895	5.36772	0	0	0
N15	0.00963344	0.298966	4.43983e-34	0	0
Rhamar	0.543796	5.06241	0	0	0
Rhatem	0.655564	4.17418	0	0	0
N16	0.106897	0.0187499	1.70681e-71	0	0
N17	0.370696	0.190847	7.09601e-73	0	0
N18	0.0416938	0.8241	4.76336e-60	0	0
FGA379	1.60051	0.843527	0	0	0
N19	0.0267235	2.09793	1.33195e-50	0	0
N20	0.0440753	0.955783	2.09228e-49	0	0
N21	0.00423229	0.480178	9.9352e-53	0	0
F3016	0.236982	1.97595	0	0	0
N22	0.00527191	0.148841	8.65143e-51	0	0
N23	0.0147009	0.100932	6.41216e-53	0	0
N24	0.00899331	0.314031	2.54221e-63	0	0
N25	0.00696393	0.0261207	1.79786e-60	0	0
F1476	0.166698	1.35147	0	0	0
N26	0.026047	0.020334	7.38694e-56	0	0
Furcep	1.91608	0.106563	0	0	0
N27	0.00496682	0.126478	1.11606e-54	0	0
Furpol	0.282768	0.351722	0	0	0
N28	0.0180328	0.694771	3.21933e-49	0	0
N29	0.022767	0.293157	1.87656e-47	0	0
F2241	0.0412298	0.163055	0	0	0
Furang	0.0412298	0.163055	0	0	0
Fga490	0.0994594	0.491674	0	0	0
N30	0.0153083	0.197861	6.50029e-66	0	0
N31	0.0312892	0.0356166	9.11051e-57	0	0
N32	0.0605678	0.0112802	5.47159e-61	0	0
N33	0.00830981	0.0304252	1.44669e-60	0	0
N34	0.0267878	0.0532459	9.9946e-60	0	0
FGA456	0.0445031	0.0622701	0	0	0
FGA516	0.0445031	0.0622701	0	0	0
F12278	0.10945	0.153675	0	0	0
N35	0.316581	0.0224718	3.42079e-60	0	0
Furant	0.0442171	0.404787	0	0	0
FGA331	1.6518	0.0123723	0	0	0
FGA465	0.0973935	1.11444	0	0	0
N36	0.0229154	0.542349	2.18184e-50	0	0
FGA99	0.0956404	0.597585	0	0	0
FGA15	0.0956404	0.597585	0	0	0
FGA104	0.828042	0.33708	0	0	0
FGA489	0.223245	1.81852	0	0	0
FGA174	1.18505	0.400451	0	0	0
FurbGB	0.363088	2.49083	0	0	0
N37	0.212886	0.0110906	6.28114e-67	0	0
N38	0.252069	0.0570459	1.059e-63	0	0
N39	0.328057	0.450256	5.32782e-69	0	0
CGA312	1.08613	0.389769	0	0	0
N40	0.0191766	0.147437	1.82087e-75	0	0
N41	0.00395737	0.260157	2.67804e-92	0	0
N42	0.0116052	0.0167678	3.08009e-80	0	0
CGA642	0.506059	0.419913	0	0	0
N43	0.00988875	0.0384013	1.17967e-73	0	0
CGA236	0.4881	0.373439	0	0	0
N44	0.0135947	0.156714	6.49695e-68	0	0
N45	0.142426	0.220955	9.19621e-71	0	0
Calboe	0.0317011	2.69375	0	0	0
C3125	1.39071	0.0579801	0	0	0
CGA429	0.12857	1.87077	0	0	0
N46	0.00380654	0.381172	4.02527e-70	0	0
C985	0.12408	2.66478	0	0	0
CGA382	0.188856	1.72956	0	0	0
N47	0.485143	0.100486	3.17614e-82	0	0
N48	0.0136198	0.0970481	1.76039e-75	0	0
C12265	0.655157	0.131725	0	0	0
N49	0.0172709	1.35263	9.26256e-70	0	0
C404	0.0207369	1.16189	0	0	0
Cl11778	0.0875104	0.228668	0	0	0
C3134	1.53668	0.0967173	0	0	0
N50	1.04139	0.338346	2.52908e-69	0	0
CGA311	0.314482	0.443357	0	0	0
N51	0.0336013	0.0144439	6.98901e-73	0	0
N52	0.0382618	0.17656	6.74107e-76	0	0
CGA45	0.0939577	1.10369	0	0	0
N53	0.0296816	0.0208284	2.29142e-82	0	0
C3043	0.158454	0.177042	0	0	0
CGA364	0.158454	0.177042	0	0	0
C2208	1.03497	0.183003	0	0	0
N54	1.292	0.565248	3.86894e-67	0	0
N55	0.112483	0.118114	1.07043e-69	0	0
CGA453	0.135023	0.0869474	0	0	0
N56	0.0182492	0.0832962	1.01173e-83	0	0
CGA501	0.143898	0.0307745	0	0	0
C3121	0.0125426	0.899419	0	0	0
Calparcri	0.292924	0.250479	0	0	0
N57	0.0264756	0.0185698	9.82571e-74	0	0
N58	0.731104	0.0816117	3.33466e-70	0	0
N59	0.319415	0.280584	5.64519e-65	0	0
N60	0.0778672	0.380016	1.15629e-59	0	0
N61	0.718726	0.0879243	2.59083e-63	0	0
Triowe	0.50518	0.379162	0	0	0
N62	0.107068	0.0365279	7.29935e-67	0	0
Trijoh	0.371743	0.316306	0	0	0
Trimel	0.371743	0.316306	0	0	0
N63	0.0352836	4.46265	3.14206e-55	0	0
N64	0.0188444	0.394567	4.80847e-50	0	0
Trihoe	0.0896914	0.495299	0	0	0
Tribit	0.0896914	0.495299	0	0	0
Trijac	0.127628	0.90898	0	0	0
N65	0.722061	0.263486	2.5895e-64	0	0
Tricri	0.405464	0.409342	0	0	0
N66	0.121155	0.0873025	5.84539e-67	0	0
Triwie	0.240975	0.278704	0	0	0
Triqua	0.240975	0.278704	0	0	0
N67	0.367678	0.0969618	3.82121e-62	0	0
N68	0.741902	0.47083	1.08496e-57	0	0
Kinboe	0.402715	0.451012	0	0	0
Kinfis	0.402715	0.451012	0	0	0
Kinxen	1.25141	1.02864	0	0	0
N69	0.00940657	0.116775	1.01436e-58	0	0
N70	0.08132	2.5505	4.7779e-42	0	0
N71	0.167102	1.9349	2.49446e-41	0	0
N72	0.0742391	0.444129	3.30522e-53	0	0
N73	0.0275577	0.0776251	5.16669e-52	0	0
Chaafr	0.118844	0.208523	0	0	0
Chacha	0.118844	0.208523	0	0	0
N74	0.0406826	0.111314	2.19998e-51	0	0
Chacaly	0.0923483	0.161463	0	0	0
Chazey	0.0923483	0.161463	0	0	0
N75	0.037696	0.139926	9.55173e-44	0	0
Chadil	0.283136	0.690543	0	0	0
Chasen	0.283136	0.690543	0	0	0
Chanam	0.527588	2.80516	0	0	0
N76	1.33761	1.07078	3.4517e-56	0	0
N77	0.0202759	0.029762	1.19139e-80	0	0
N78	0.00204571	0.00313702	9.64122e-90	0	0
Braset	0.103306	0.108757	0	0	0
N79	0.00838297	0.0098558	9.56932e-82	0	0
N80	0.0457072	0.049107	1.32702e-84	0	0
Bramel	0.00475571	0.00533394	0	0	0
Bratha	0.00475571	0.00533394	0	0	0
N81	0.0217913	0.0236652	1.34239e-82	0	0
Bradra	0.0155937	0.0176978	0	0	0
Bratra	0.0155937	0.0176978	0	0	0
N82	0.0528727	0.0561968	8.60934e-93	0	0
Bragut	0.0189449	0.0221628	0	0	0
Braven	0.0189449	0.0221628	0	0	0
N83	0.0598724	0.0627393	3.14191e-72	0	0
Brapum	0.0668606	0.0800218	0	0	0
Bradam	0.0668606	0.0800218	0	0	0
#+++++++++++++++++++++++++++++

#Expected number of events from root to leaf
LEAF	GAIN	LOSS	DUPLICATION	DEMI-DUPLICATION	BASE-NUMBER
B3088	2.26584	1.68998	4.32004e-57	0	0
BGA709	2.23191	1.65606	4.32005e-57	0	0
BGA309	2.23191	1.65606	4.32005e-57	0	0
B11696	2.07878	1.50286	4.32004e-57	0	0
B11609	2.07878	1.50286	4.32004e-57	0	0
B985	2.05682	1.48091	4.32004e-57	0	0
B199	2.05682	1.48091	4.32004e-57	0	0
BGA89	2.03377	1.45786	4.32004e-57	0	0
BGAA2	2.03377	1.45786	4.32004e-57	0	0
BGA304	2.03273	1.45682	4.32004e-57	0	0
BGAB1	2.03273	1.45682	4.32004e-57	0	0
PGA445	2.37604	1.80011	4.32004e-57	0	0
Rhaspe	0.625869	7.94735	4.6991e-51	0	0
Rhamar	0.621403	7.94101	4.43983e-34	0	0
Rhatem	0.733171	7.05278	4.43983e-34	0	0
FGA379	2.17635	2.59706	7.26164e-60	0	0
F3016	0.887857	7.26337	2.22647e-49	0	0
F1476	0.853503	7.22882	2.31362e-49	0	0
Furcep	2.62893	6.00424	2.31363e-49	0	0
Furpol	1.00059	6.37588	2.31364e-49	0	0
F2241	0.799849	7.17514	1.93189e-47	0	0
Furang	0.799849	7.17514	1.93189e-47	0	0
Fga490	0.835312	7.2106	5.53297e-49	0	0
FGA456	0.866608	6.24193	2.31362e-49	0	0
FGA516	0.866608	6.24193	2.31362e-49	0	0
F12278	0.904767	6.28008	2.31362e-49	0	0
Furant	1.1478	6.52324	2.31362e-49	0	0
FGA331	2.75539	6.13083	2.31362e-49	0	0
FGA465	0.823833	7.19915	2.31362e-49	0	0
FGA99	0.813706	7.18902	2.53181e-49	0	0
FGA15	0.813706	7.18902	2.53181e-49	0	0
FGA104	1.49889	5.87427	2.31362e-49	0	0
FGA489	0.879392	7.25478	2.31298e-49	0	0
FGA174	1.83169	5.20769	2.22548e-49	0	0
FurbGB	0.965656	6.34229	1.33195e-50	0	0
CGA312	2.4133	1.83759	2.49934e-60	0	0
CGA642	1.86796	2.2921	2.49934e-60	0	0
CGA236	1.85989	2.28402	2.49934e-60	0	0
Calboe	1.55951	4.98201	2.49934e-60	0	0
C3125	2.91852	2.34623	2.49934e-60	0	0
CGA429	1.51396	3.93807	2.49934e-60	0	0
C985	1.47818	4.90137	2.49934e-60	0	0
CGA382	1.54296	3.96615	2.49934e-60	0	0
C12265	2.50026	1.92452	2.49934e-60	0	0
C404	1.88311	4.30732	2.49934e-60	0	0
Cl11778	1.94988	3.37409	2.49934e-60	0	0
C3134	3.36817	1.79246	2.49934e-60	0	0
CGA311	2.35497	1.77927	2.49934e-60	0	0
CGA45	2.20631	2.63061	2.49934e-60	0	0
C3043	2.30049	1.72479	2.49934e-60	0	0
CGA364	2.30049	1.72479	2.49934e-60	0	0
C2208	3.10906	1.53336	2.49934e-60	0	0
CGA453	2.28654	1.71083	2.49828e-60	0	0
CGA501	2.31366	1.73795	2.49828e-60	0	0
C3121	2.18231	2.6066	2.49828e-60	0	0
Calparcri	2.33196	1.75625	2.49828e-60	0	0
Triowe	2.54222	1.96645	1.40639e-59	0	0
Trijoh	2.51585	1.94012	1.40639e-59	0	0
Trimel	2.51585	1.94012	1.40639e-59	0	0
Trihoe	1.46214	6.85188	4.80851e-50	0	0
Tribit	1.46214	6.85188	4.80851e-50	0	0
Trijac	1.48123	6.87099	3.1422e-55	0	0
Tricri	2.36798	1.79218	2.4986e-60	0	0
Triwie	2.32464	1.74884	2.4986e-60	0	0
Triqua	2.32464	1.74884	2.4986e-60	0	0
Kinboe	2.43333	1.85757	1.0875e-57	0	0
Kinfis	2.43333	1.85757	1.0875e-57	0	0
Kinxen	2.54013	1.96436	2.53649e-60	0	0
Chaafr	0.668399	6.08961	2.97225e-41	0	0
Chacha	0.668399	6.08961	2.97225e-41	0	0
Chacaly	0.655029	6.07624	2.97225e-41	0	0
Chazey	0.655029	6.07624	2.97225e-41	0	0
Chadil	0.768591	6.1898	2.9818e-41	0	0
Chasen	0.768591	6.1898	2.9818e-41	0	0
Chanam	0.808245	6.22959	4.7779e-42	0	0
Braset	1.66257	2.08636	3.4621e-56	0	0
Bramel	1.61811	2.0419	3.4621e-56	0	0
Bratha	1.61811	2.0419	3.4621e-56	0	0
Bradra	1.60503	2.02883	3.4621e-56	0	0
Bratra	1.60503	2.02883	3.4621e-56	0	0
Bragut	1.62904	2.05283	3.4621e-56	0	0
Braven	1.62904	2.05283	3.4621e-56	0	0
Brapum	1.66368	2.08747	3.4621e-56	0	0
Bradam	1.66368	2.08747	3.4621e-56	0	0
