NODE	1	2	3	4	5	6	7	8	9	10	11	12	13	14	15	16	17	18	19	20	21	22	23	24	25	26	27	28	29	30	31	32	33	34	35	36	37	38	39	40	41	
N1	4.31783e-73	1.36327e-48	2.33065e-43	8.21173e-39	1.04235e-34	5.91374e-31	1.66591e-27	2.45588e-24	1.93364e-21	8.09732e-19	1.75529e-16	1.86905e-14	8.98966e-13	1.72531e-11	1.1102e-10	0.643441	0.307122	0.049437	9.2343e-13	2.69557e-14	4.27179e-16	4.09585e-18	2.57189e-20	1.12226e-22	3.56183e-25	8.52294e-28	1.58266e-30	2.33532e-33	2.7926e-36	2.75157e-39	2.26571e-42	1.57824e-45	9.39905e-49	4.83015e-52	2.1595e-55	8.46078e-59	2.92374e-62	8.96304e-66	2.45033e-69	6.00233e-73	1.45106e-76	
N2	1.22447e-75	1.78928e-50	1.69317e-44	3.27608e-39	2.26636e-34	6.96994e-30	1.0628e-25	8.51896e-22	3.6943e-18	8.73445e-15	1.11438e-11	7.45453e-09	2.48272e-06	0.000377839	0.022653	0.392532	0.44136	0.131408	0.0112947	0.000366482	5.52466e-06	4.47463e-08	2.16033e-10	6.71343e-13	1.42383e-15	2.15757e-18	2.42317e-21	2.07824e-24	1.39522e-27	7.48588e-31	3.26705e-34	1.17748e-37	3.55076e-41	9.06209e-45	1.97714e-48	3.72057e-52	6.08666e-56	8.71811e-60	1.10053e-63	1.24307e-67	1.92532e-71	
N3	5.03654e-84	3.98057e-58	1.72134e-51	1.47304e-45	4.35595e-40	5.51738e-35	3.32359e-30	1.00356e-25	1.55161e-21	1.22616e-17	4.84286e-14	9.14475e-11	7.68607e-08	2.57822e-05	0.00292379	0.0868216	0.467919	0.396124	0.0449475	0.00122658	1.16815e-05	4.92152e-08	1.07449e-10	1.35834e-13	1.07853e-16	5.721e-20	2.12748e-23	5.76442e-27	1.17435e-30	1.84633e-34	2.2899e-38	2.28253e-42	1.85813e-46	1.25268e-50	7.07937e-55	3.38998e-59	1.3886e-63	4.90704e-68	1.50738e-72	4.05466e-77	1.17671e-81	
N4	3.7402e-83	2.56966e-57	9.93289e-51	7.53463e-45	1.95789e-39	2.15977e-34	1.12277e-29	2.89934e-25	3.80049e-21	2.52669e-17	8.34746e-14	1.31569e-10	9.27178e-08	2.65072e-05	0.00266027	0.0753248	0.437136	0.418039	0.0642671	0.00251174	3.45159e-05	2.07688e-07	6.37309e-10	1.11308e-12	1.20084e-15	8.52162e-19	4.1795e-22	1.47425e-25	3.86373e-29	7.73024e-33	1.20791e-36	1.50305e-40	1.5145e-44	1.25381e-48	8.63722e-53	5.0068e-57	2.46659e-61	1.04189e-65	3.80359e-70	1.21196e-74	4.45755e-79	
B3088	0	0	0	0	0	0	0	0	0	0	0	0	0	0	0	0	0	1	0	0	0	0	0	0	0	0	0	0	0	0	0	0	0	0	0	0	0	0	0	0	0	
N5	1.84702e-76	2.91713e-51	2.83945e-45	5.60885e-40	3.93796e-35	1.22253e-30	1.87158e-26	1.49741e-22	6.44059e-19	1.5e-15	1.87184e-12	1.21679e-09	3.92433e-07	5.8207e-05	0.00353685	0.0736309	0.398936	0.426646	0.0912025	0.0058373	0.000149607	1.86413e-06	1.29035e-08	5.459e-11	1.51531e-13	2.91393e-16	4.05153e-19	4.21553e-22	3.37603e-25	2.13034e-28	1.08033e-31	4.47756e-35	1.53886e-38	4.44128e-42	1.08833e-45	2.28661e-49	4.15486e-53	6.57969e-57	9.1446e-61	1.12664e-64	1.8255e-68	
BGA709	0	0	0	0	0	0	0	0	0	0	0	0	0	0	0	0	0	1	0	0	0	0	0	0	0	0	0	0	0	0	0	0	0	0	0	0	0	0	0	0	0	
BGA309	0	0	0	0	0	0	0	0	0	0	0	0	0	0	0	0	0	1	0	0	0	0	0	0	0	0	0	0	0	0	0	0	0	0	0	0	0	0	0	0	0	
N6	3.76701e-88	4.32472e-62	2.7216e-55	3.43261e-49	1.51761e-43	2.92108e-38	2.72426e-33	1.3013e-28	3.26405e-24	4.31152e-20	2.95052e-16	1.0088e-12	1.62227e-09	1.11758e-06	0.000285686	0.021605	0.33446	0.587852	0.0547805	0.00100913	6.16542e-06	1.64899e-08	2.29257e-11	1.86042e-14	9.5744e-18	3.32475e-21	8.17285e-25	1.47732e-28	2.02513e-32	2.15955e-36	1.83004e-40	1.25486e-44	7.07125e-49	3.3189e-53	1.31272e-57	4.42082e-62	1.27921e-66	3.20638e-71	7.01245e-76	1.34745e-80	2.76508e-85	
N7	1.81922e-81	5.26162e-56	8.81634e-50	3.03087e-44	3.74802e-39	2.07668e-34	5.7583e-30	8.48423e-26	6.84845e-22	3.0593e-18	7.51185e-15	9.9043e-12	6.72201e-09	2.19628e-06	0.000311578	0.0163184	0.241083	0.62163	0.115744	0.00483745	7.36809e-05	5.29313e-07	2.09963e-09	5.11004e-12	8.22514e-15	9.25954e-18	7.61216e-21	4.72904e-24	2.2827e-27	8.76004e-31	2.72463e-34	6.98175e-38	1.49481e-41	2.70696e-45	4.19077e-49	5.59915e-53	6.51037e-57	6.63739e-61	5.9734e-65	4.77742e-69	4.44402e-73	
B11696	0	0	0	0	0	0	0	0	0	0	0	0	0	0	0	0	0	1	0	0	0	0	0	0	0	0	0	0	0	0	0	0	0	0	0	0	0	0	0	0	0	
B11609	0	0	0	0	0	0	0	0	0	0	0	0	0	0	0	0	0	1	0	0	0	0	0	0	0	0	0	0	0	0	0	0	0	0	0	0	0	0	0	0	0	
N8	1.50259e-84	7.78646e-73	2.36747e-65	2.23605e-58	7.14175e-52	9.57579e-46	5.99178e-40	1.84563e-34	2.85986e-29	2.2247e-24	8.48657e-20	1.5152e-15	1.17399e-11	3.51394e-08	3.39448e-05	0.00793485	0.277134	0.668489	0.0460178	0.000389754	8.28633e-07	6.43752e-10	2.28946e-13	4.32204e-17	4.80332e-21	3.38998e-25	1.60908e-29	5.37117e-34	1.30638e-38	2.38242e-43	3.33514e-48	3.65425e-53	3.1851e-58	2.23905e-63	2.69094e-67	1.71404e-67	6.17944e-68	1.17376e-68	1.12496e-69	5.0641e-71	1.06515e-72	
N9	2.01149e-99	5.59178e-73	2.46734e-65	2.11881e-58	6.19936e-52	7.67924e-46	4.48174e-40	1.30164e-34	1.92543e-29	1.45039e-24	5.44688e-20	9.76042e-16	7.76374e-12	2.44953e-08	2.56946e-05	0.00670804	0.263214	0.681925	0.047719	0.000407982	8.81183e-07	7.02889e-10	2.59523e-13	5.13923e-17	6.04729e-21	4.55631e-25	2.32572e-29	8.40245e-34	2.22445e-38	4.43773e-43	6.82575e-48	8.24903e-53	7.95721e-58	6.20818e-63	4.01141e-68	9.11491e-71	9.30363e-72	5.13646e-73	1.43299e-74	1.82779e-76	1.01863e-78	
N10	1.82181e-86	1.18979e-60	4.38667e-54	3.30225e-48	8.89674e-43	1.06813e-37	6.37984e-33	2.01158e-28	3.44896e-24	3.24422e-20	1.6599e-16	4.50119e-13	6.17657e-10	3.98436e-07	0.000107657	0.0100964	0.234943	0.666795	0.0858775	0.00216125	1.85207e-05	7.18407e-08	1.49617e-10	1.87282e-13	1.52586e-16	8.58366e-20	3.48864e-23	1.06173e-26	2.4907e-30	4.61229e-34	6.87786e-38	8.39962e-42	8.52338e-46	7.27679e-50	5.28421e-54	3.2953e-58	1.77979e-62	8.38835e-67	3.47338e-71	1.27197e-75	5.17557e-80	
B985	0	0	0	0	0	0	0	0	0	0	0	0	0	0	0	0	0	1	0	0	0	0	0	0	0	0	0	0	0	0	0	0	0	0	0	0	0	0	0	0	0	
N11	1.26845e-94	2.48298e-68	2.65546e-61	5.80396e-55	4.54693e-49	1.59085e-43	2.77713e-38	2.56881e-33	1.29822e-28	3.62085e-24	5.53397e-20	4.5247e-16	1.89452e-12	3.78813e-09	3.24236e-06	0.000995128	0.0801148	0.872018	0.0464399	0.000427219	1.31124e-06	1.81869e-09	1.35834e-12	6.12178e-16	1.80282e-19	3.67875e-23	5.43994e-27	6.03906e-31	5.17822e-35	3.51052e-39	1.91868e-43	8.59445e-48	3.19981e-52	1.00228e-56	2.66922e-61	6.09998e-66	1.20602e-70	2.07775e-75	3.13936e-80	4.18488e-85	5.77932e-90	
B199	0	0	0	0	0	0	0	0	0	0	0	0	0	0	0	0	0	1	0	0	0	0	0	0	0	0	0	0	0	0	0	0	0	0	0	0	0	0	0	0	0	
B11604	0	0	0	0	0	0	0	0	0	0	0	0	0	0	0	0	0	1	0	0	0	0	0	0	0	0	0	0	0	0	0	0	0	0	0	0	0	0	0	0	0	
N12	1.50151e-91	2.28608e-65	1.90469e-58	3.21696e-52	1.92901e-46	5.10863e-41	6.6631e-36	4.5353e-31	1.65671e-26	3.26989e-22	3.4481e-18	1.88621e-14	5.08621e-11	6.23866e-08	3.07076e-05	0.00494919	0.182301	0.738963	0.0725829	0.00116752	5.85713e-06	1.25941e-08	1.39957e-11	9.08479e-15	3.75317e-18	1.05127e-21	2.09548e-25	3.0879e-29	3.46902e-33	3.04709e-37	2.13727e-41	1.21865e-45	5.73557e-50	2.25781e-54	7.51983e-59	2.14057e-63	5.25456e-68	1.1212e-72	2.09439e-77	3.44797e-82	5.98396e-87	
BGA89	0	0	0	0	0	0	0	0	0	0	0	0	0	0	0	0	0	1	0	0	0	0	0	0	0	0	0	0	0	0	0	0	0	0	0	0	0	0	0	0	0	
N13	6.51141e-93	1.15732e-66	1.12045e-59	2.20514e-53	1.54561e-47	4.80117e-42	7.37363e-37	5.93561e-32	2.57688e-27	6.07854e-23	7.70983e-19	5.11054e-15	1.68433e-11	2.5508e-08	1.5687e-05	0.00320162	0.151121	0.773945	0.0707087	0.0010036	4.38559e-06	8.19466e-09	7.92264e-12	4.48462e-15	1.62006e-18	3.97898e-22	6.97303e-26	9.05666e-30	8.98841e-34	6.9897e-38	4.3489e-42	2.20355e-46	9.23109e-51	3.23923e-55	9.63005e-60	2.4499e-64	5.38065e-69	1.02823e-73	1.72174e-78	2.54262e-83	3.9158e-88	
BGAA2	0	0	0	0	0	0	0	0	0	0	0	0	0	0	0	0	0	1	0	0	0	0	0	0	0	0	0	0	0	0	0	0	0	0	0	0	0	0	0	0	0	
BGA584	0	0	0	0	0	0	0	0	0	0	0	0	0	0	0	0	0	1	0	0	0	0	0	0	0	0	0	0	0	0	0	0	0	0	0	0	0	0	0	0	0	
N14	2.60163e-84	1.14299e-58	2.86171e-52	1.47066e-46	2.72025e-41	2.25606e-36	9.37168e-32	2.07057e-27	2.50881e-23	1.68401e-19	6.21899e-16	1.23399e-12	1.26019e-09	6.18406e-07	0.000131017	0.0100928	0.210336	0.672224	0.103898	0.00328037	3.64187e-05	1.87432e-07	5.27528e-10	9.05575e-13	1.02411e-15	8.07826e-19	4.64416e-22	2.01462e-25	6.78232e-29	1.8135e-32	3.92676e-36	6.99956e-40	1.04173e-43	1.31039e-47	1.40813e-51	1.30489e-55	1.0515e-59	7.4231e-64	4.62162e-68	2.55409e-72	1.58991e-76	
BGA304	0	0	0	0	0	0	0	0	0	0	0	0	0	0	0	0	0	1	0	0	0	0	0	0	0	0	0	0	0	0	0	0	0	0	0	0	0	0	0	0	0	
BGAB1	0	0	0	0	0	0	0	0	0	0	0	0	0	0	0	0	0	1	0	0	0	0	0	0	0	0	0	0	0	0	0	0	0	0	0	0	0	0	0	0	0	
PGA445	0	0	0	0	0	0	0	0	0	0	0	0	0	0	0	0	0	1	0	0	0	0	0	0	0	0	0	0	0	0	0	0	0	0	0	0	0	0	0	0	0	
N15	8.43225e-79	8.81143e-57	2.4188e-49	1.16386e-42	1.67955e-36	8.74632e-31	1.74587e-25	1.31644e-20	3.45783e-16	2.74299e-12	5.75587e-09	3.25253e-06	0.000536259	0.025864	0.312489	0.58939	0.0708135	0.000902521	1.40602e-06	6.52695e-10	1.30537e-13	1.37137e-17	8.55635e-22	3.44436e-26	9.49109e-31	1.87085e-35	2.72862e-40	3.02353e-45	2.59948e-50	1.76362e-55	9.57164e-61	4.20152e-66	1.50493e-71	5.66046e-77	2.10834e-77	4.3594e-77	1.42331e-76	2.07116e-76	8.99329e-77	9.37928e-78	2.50051e-79	
N16	2.45247e-61	4.74752e-36	5.07494e-30	8.48301e-25	3.71634e-20	5.0478e-16	2.23657e-12	3.19986e-09	1.40698e-06	0.000178012	0.00631042	0.0690704	0.265797	0.391304	0.222418	0.0432371	0.00166909	1.34938e-05	4.15503e-08	6.47182e-11	5.92194e-14	3.49198e-17	1.41382e-20	4.11763e-24	8.94062e-28	1.48907e-31	1.94703e-35	2.03766e-39	1.73725e-43	1.70479e-46	4.15114e-47	4.62299e-48	2.28973e-49	5.15556e-51	5.43806e-53	2.94326e-55	9.82753e-58	2.47201e-60	5.38239e-63	1.0846e-65	2.59751e-68	
Rhaspe	0	0	0	0	0	0	0	0	0	1	0	0	0	0	0	0	0	0	0	0	0	0	0	0	0	0	0	0	0	0	0	0	0	0	0	0	0	0	0	0	0	
N17	1.54068e-55	3.90759e-31	7.33024e-26	2.38719e-21	2.30557e-17	7.95541e-14	1.04932e-10	5.31937e-08	1.00009e-05	0.000657439	0.014465	0.110588	0.31847	0.364285	0.164454	0.0261004	0.00095977	1.03187e-05	5.11675e-08	1.44131e-10	2.59289e-13	3.21148e-16	2.88587e-19	1.95556e-22	1.02929e-25	4.30729e-29	1.4603e-32	4.07324e-36	9.46792e-40	1.85374e-43	3.08509e-47	4.39927e-51	1.57087e-54	5.09298e-55	1.35859e-55	1.94837e-56	1.56116e-57	7.18632e-59	1.90543e-60	2.85261e-62	3.43179e-64	
Rhamar	0	0	0	0	0	0	0	0	0	1	0	0	0	0	0	0	0	0	0	0	0	0	0	0	0	0	0	0	0	0	0	0	0	0	0	0	0	0	0	0	0	
Rhatem	0	0	0	0	0	0	0	0	0	0	1	0	0	0	0	0	0	0	0	0	0	0	0	0	0	0	0	0	0	0	0	0	0	0	0	0	0	0	0	0	0	
N18	2.03402e-64	2.92444e-50	8.39592e-46	7.05345e-42	1.43983e-38	6.57493e-36	1.39546e-31	5.24271e-26	7.82749e-21	4.30327e-16	7.64968e-12	3.65975e-08	3.96345e-05	0.00809974	0.235797	0.646384	0.107982	0.00169371	3.93691e-06	2.22679e-09	4.3611e-13	3.74238e-17	1.64977e-21	4.17237e-26	6.54673e-31	6.74256e-36	4.75364e-41	7.94094e-46	2.06722e-48	2.46286e-51	1.37757e-54	6.28645e-58	8.27795e-58	4.26618e-57	8.52138e-57	5.92135e-57	1.53132e-57	1.73124e-58	9.89437e-60	3.26019e-61	7.72725e-63	
N19	1.64985e-83	4.52477e-57	6.24661e-50	1.61192e-43	1.34504e-37	4.4439e-32	6.34915e-27	4.04137e-22	1.13302e-17	1.32934e-13	5.89515e-10	8.22827e-07	0.000262754	0.0184077	0.262055	0.579018	0.135592	0.0046305	3.35237e-05	7.67795e-08	7.3088e-11	3.46132e-14	9.22803e-18	1.51389e-21	1.63354e-25	1.22059e-29	6.5785e-34	2.64319e-38	8.13516e-43	1.96192e-47	3.77912e-52	5.91004e-57	7.61016e-62	8.16784e-67	7.38526e-72	5.67865e-77	3.74408e-82	2.13236e-87	1.05594e-92	4.57365e-98	1.9482e-103	
N20	7.93482e-70	1.86488e-44	2.50534e-38	6.4566e-33	5.53287e-28	1.9347e-23	3.02224e-19	2.17795e-15	7.16814e-12	1.02174e-08	5.62116e-06	0.000938523	0.0257823	0.19296	0.447723	0.293384	0.0380688	0.00112638	1.17341e-05	5.60614e-08	1.44763e-10	2.25558e-13	2.29345e-16	1.61309e-19	8.2083e-23	3.13106e-26	9.21403e-30	2.14195e-33	4.01208e-37	6.15777e-41	7.85635e-45	8.43666e-49	7.70892e-53	6.05119e-57	4.11516e-61	2.44289e-65	1.27444e-69	5.87854e-74	2.4107e-78	8.85571e-83	3.85819e-87	
FGA379	0	0	0	0	0	0	0	0	0	0	0	0	0	0	0	0	1	0	0	0	0	0	0	0	0	0	0	0	0	0	0	0	0	0	0	0	0	0	0	0	0	
N21	2.16005e-65	4.14237e-40	4.48004e-34	9.00617e-29	5.79773e-24	1.45498e-19	1.54155e-15	7.01348e-12	1.3269e-08	9.56925e-06	0.00221564	0.115842	0.430723	0.354954	0.0888488	0.00723211	0.000173536	1.38247e-06	4.89899e-09	9.31415e-12	1.07131e-14	8.09296e-18	4.26149e-21	1.63611e-24	4.74381e-28	1.06845e-31	1.91302e-35	2.7758e-39	3.31758e-43	3.31178e-47	2.79466e-51	2.01455e-55	1.25201e-59	6.76332e-64	3.19882e-68	1.33465e-72	5.07878e-77	2.43952e-81	3.19455e-85	6.47028e-89	1.66048e-92	
N22	2.3186e-71	2.59857e-45	1.48961e-38	1.5349e-32	4.88749e-27	5.83112e-22	2.80305e-17	5.45437e-13	4.0686e-09	1.01903e-05	0.00641231	0.396575	0.494033	0.0993269	0.00360996	3.29835e-05	9.23069e-08	1.02087e-10	5.48349e-14	1.64588e-17	3.0408e-21	3.70598e-25	3.13651e-29	1.91703e-33	8.72379e-38	3.02811e-42	8.1738e-47	1.74266e-51	2.9715e-56	3.20792e-59	6.32962e-58	4.99651e-57	1.57148e-56	1.85766e-56	7.08163e-57	6.1856e-58	5.62837e-60	1.13615e-62	2.02919e-65	3.39913e-68	6.26716e-71	
N23	2.33553e-75	1.09609e-48	2.48292e-41	9.55525e-35	1.06459e-28	4.11076e-23	5.80635e-18	2.93016e-13	4.78478e-09	2.05386e-05	0.0151296	0.645152	0.321997	0.0175607	0.000139732	2.39409e-07	1.20154e-10	2.39568e-14	2.34198e-18	1.28897e-22	4.3906e-27	9.90511e-32	1.55627e-36	1.76949e-41	1.49997e-46	9.70515e-52	4.88353e-57	1.93993e-62	6.15944e-68	2.42198e-70	9.04126e-70	1.35762e-69	6.89091e-68	1.41902e-64	6.26925e-62	4.14804e-60	1.99219e-59	7.24764e-60	9.59947e-61	5.3385e-62	2.08811e-63	
F3016	0	0	0	0	0	0	0	0	0	0	1	0	0	0	0	0	0	0	0	0	0	0	0	0	0	0	0	0	0	0	0	0	0	0	0	0	0	0	0	0	0	
N24	9.13327e-76	4.97282e-49	1.29836e-41	5.75501e-35	7.37772e-29	3.27136e-23	5.2832e-18	3.02067e-13	5.48368e-09	2.51747e-05	0.0183745	0.727674	0.247633	0.00627343	1.94572e-05	1.30256e-08	2.93036e-12	2.9585e-16	1.59776e-20	5.17292e-25	1.08605e-29	1.56469e-34	1.61345e-39	1.22959e-44	7.09958e-50	3.16683e-55	1.10813e-60	3.07862e-66	6.85483e-72	1.34889e-77	6.28099e-78	3.01119e-73	5.82656e-69	2.62418e-65	2.24686e-62	2.38808e-60	1.05974e-59	1.5452e-60	8.19388e-62	2.74458e-63	8.96035e-65	
N25	2.53061e-75	9.75538e-49	1.83394e-41	6.0705e-35	6.05278e-29	2.18783e-23	3.0472e-18	1.61214e-13	2.96863e-09	1.56523e-05	0.0154138	0.778882	0.202926	0.00275819	4.99389e-06	2.5563e-09	5.38913e-13	5.77898e-17	3.59886e-21	1.42364e-25	3.81338e-30	7.25173e-35	1.01494e-39	1.07516e-44	8.81355e-50	5.69043e-55	2.93503e-60	1.22319e-65	4.15652e-71	1.16006e-76	7.06408e-81	1.50531e-81	1.57203e-82	7.15022e-84	1.21364e-85	5.7153e-88	4.35129e-91	9.67209e-95	1.1182e-98	1.04022e-102	9.62566e-107	
N26	3.11222e-66	1.05561e-53	5.21829e-48	1.71651e-40	1.58835e-33	4.97014e-27	5.55898e-21	2.1605e-15	2.59217e-10	7.36892e-06	0.0269086	0.91987	0.0531369	7.66638e-05	1.42144e-08	7.51747e-13	1.63226e-17	1.78138e-22	1.10745e-27	4.2611e-33	1.07474e-38	1.86153e-44	7.59519e-48	1.04688e-49	7.44928e-53	1.60497e-56	2.72259e-60	4.07425e-64	5.43582e-68	6.5028e-72	7.00803e-76	6.83052e-80	6.0407e-84	4.86026e-88	3.56543e-92	2.38905e-96	1.4673e-100	8.56246e-105	6.43632e-109	1.18997e-112	3.7636e-116	
N27	1.15144e-75	1.30138e-52	7.786e-45	1.06887e-37	4.07096e-31	5.21023e-25	2.38428e-19	3.82019e-14	1.92255e-09	2.36011e-05	0.0388402	0.912173	0.0488732	8.97652e-05	2.51492e-08	2.23448e-12	8.76276e-17	1.81618e-21	2.21963e-26	1.71775e-31	8.82942e-37	3.11179e-42	5.05008e-47	2.31004e-48	1.16828e-50	3.75489e-54	8.05241e-58	1.45575e-61	2.24242e-65	3.11238e-69	5.35096e-68	8.01734e-66	5.35461e-64	1.53803e-62	1.69165e-61	5.24922e-61	7.20512e-62	2.58668e-63	6.7475e-65	1.6471e-66	4.17106e-68	
F1476	0	0	0	0	0	0	0	0	0	0	1	0	0	0	0	0	0	0	0	0	0	0	0	0	0	0	0	0	0	0	0	0	0	0	0	0	0	0	0	0	0	
N28	1.49181e-78	1.51036e-51	7.15763e-44	5.88899e-37	1.43981e-30	1.25862e-24	4.17522e-19	5.16204e-14	2.16025e-09	2.45826e-05	0.0453225	0.892635	0.0616643	0.00035375	2.376e-07	4.70315e-11	3.95687e-15	1.72451e-19	4.4035e-24	7.15893e-29	7.86148e-34	6.09146e-39	3.44219e-44	1.45502e-49	4.69217e-55	1.1722e-60	2.29632e-66	3.57062e-72	4.57748e-78	8.80082e-80	1.62285e-74	1.75114e-69	4.33286e-65	2.17746e-61	1.65272e-58	9.44654e-57	3.3776e-57	1.0498e-58	2.77529e-60	7.02659e-62	1.84382e-63	
Furcep	0	0	0	0	0	0	0	0	0	0	0	0	0	1	0	0	0	0	0	0	0	0	0	0	0	0	0	0	0	0	0	0	0	0	0	0	0	0	0	0	0	
N29	4.75361e-73	1.42528e-46	2.05718e-39	5.1894e-33	3.90734e-27	1.05453e-21	1.08118e-16	4.13393e-12	5.36255e-08	0.000191106	0.115279	0.846255	0.0381306	0.000144077	1.14084e-07	3.36392e-11	4.8274e-15	3.93418e-19	2.01218e-23	6.92358e-28	1.68606e-32	3.01954e-37	4.09676e-42	4.31091e-47	3.58502e-52	2.39222e-57	1.29671e-62	5.76682e-68	2.12105e-73	6.49294e-79	6.12248e-83	4.26044e-83	1.59732e-83	3.0002e-84	2.55019e-85	7.85078e-87	4.42501e-89	1.23021e-92	2.13547e-96	3.31296e-100	5.17491e-104	
Furpol	0	0	0	0	0	0	0	0	0	0	0	1	0	0	0	0	0	0	0	0	0	0	0	0	0	0	0	0	0	0	0	0	0	0	0	0	0	0	0	0	0	
N30	1.75092e-68	2.2982e-42	1.46468e-35	1.64464e-29	5.53058e-24	6.65141e-19	3.01023e-14	4.97892e-10	2.6871e-06	0.0036754	0.687386	0.30533	0.00359921	7.18284e-06	4.92514e-09	1.57463e-12	2.78707e-16	3.04889e-20	2.22523e-24	1.14604e-28	4.34699e-33	1.25585e-37	2.83915e-42	5.13546e-47	7.57068e-52	9.23917e-57	9.45938e-62	8.21891e-67	6.12108e-72	3.94189e-77	2.21206e-82	1.08912e-87	4.73354e-93	1.82601e-98	6.28283e-104	1.93671e-109	5.36992e-115	1.34414e-120	3.04741e-126	6.27691e-132	1.28107e-137	
N31	4.96452e-69	8.34653e-43	6.70501e-36	9.43626e-30	3.94718e-24	5.84304e-19	3.20499e-14	6.27222e-10	3.84586e-06	0.00552983	0.901179	0.0929009	0.000385723	3.77158e-07	1.43534e-10	2.72378e-14	2.98673e-18	2.08597e-22	9.94014e-27	3.40103e-31	8.68939e-36	1.70995e-40	2.65739e-45	3.32918e-50	3.42046e-55	2.92411e-60	2.10594e-65	1.29144e-70	6.80629e-76	3.10793e-81	1.23839e-86	4.33323e-92	1.33895e-97	3.67189e-103	8.977e-109	1.96441e-114	3.86157e-120	6.84133e-126	1.09557e-131	1.59011e-137	2.2485e-143	
F2241	0	0	0	0	0	0	0	0	0	0	1	0	0	0	0	0	0	0	0	0	0	0	0	0	0	0	0	0	0	0	0	0	0	0	0	0	0	0	0	0	0	
Furang	0	0	0	0	0	0	0	0	0	0	1	0	0	0	0	0	0	0	0	0	0	0	0	0	0	0	0	0	0	0	0	0	0	0	0	0	0	0	0	0	0	
FGA490	0	0	0	0	0	0	0	0	0	0	1	0	0	0	0	0	0	0	0	0	0	0	0	0	0	0	0	0	0	0	0	0	0	0	0	0	0	0	0	0	0	
N32	5.04441e-77	3.97223e-50	1.44601e-42	9.17719e-36	1.72663e-29	1.15016e-23	2.85396e-18	2.56202e-13	7.43995e-09	5.47989e-05	0.0587295	0.925685	0.0155136	1.69738e-05	4.58975e-09	4.85252e-13	2.54125e-17	7.6116e-22	1.43541e-26	1.82481e-31	1.64527e-36	1.09383e-41	5.52935e-47	2.17821e-52	6.82248e-58	1.72746e-63	3.58511e-69	6.17e-75	8.89271e-81	1.0824e-86	1.1206e-92	9.92801e-99	7.56628e-105	4.98223e-111	2.84511e-117	1.41337e-123	6.12345e-130	2.31848e-136	7.6834e-143	2.23116e-149	5.92818e-156	
N33	1.37479e-75	6.97449e-49	1.69775e-41	7.27635e-35	9.3525e-29	4.31576e-23	7.54713e-18	4.88022e-13	1.05061e-08	5.96776e-05	0.0522793	0.932498	0.0151421	2.11274e-05	7.5719e-09	1.08103e-12	7.75051e-17	3.21461e-21	8.47842e-26	1.52082e-30	1.95022e-35	1.85758e-40	1.35438e-45	7.74384e-51	3.54122e-56	1.31645e-61	4.0329e-67	1.02984e-72	2.21351e-78	4.03784e-84	6.29568e-90	8.44105e-96	9.78275e-102	9.84371e-108	8.63222e-114	6.61802e-120	4.44757e-126	2.62632e-132	1.36956e-138	6.51625e-145	3.77252e-151	
N34	3.65091e-82	7.64191e-55	7.24771e-47	1.19208e-39	5.80274e-33	1.00278e-26	6.51067e-21	1.55583e-15	1.24185e-10	2.67659e-06	0.00970627	0.959511	0.0307107	6.9697e-05	1.85554e-08	1.50434e-12	5.3016e-17	9.83827e-22	1.08389e-26	7.69295e-32	3.73038e-37	1.2913e-42	3.30032e-48	6.3944e-54	9.5911e-60	1.13257e-65	1.06727e-71	8.11387e-78	5.02004e-84	5.05961e-90	2.06192e-90	7.17973e-91	1.09235e-91	7.09952e-93	1.81165e-94	1.49492e-96	2.45508e-99	1.86969e-103	1.22252e-107	7.41849e-112	4.31263e-116	
N35	1.17396e-77	7.25502e-51	2.11014e-43	1.08045e-36	1.66855e-30	9.3711e-25	2.04021e-19	1.70479e-14	5.04742e-10	4.42228e-06	0.0077977	0.97004	0.0221185	3.92541e-05	1.66371e-08	2.69623e-12	2.13727e-16	9.61266e-21	2.70492e-25	5.0989e-30	6.76821e-35	6.56832e-40	4.79701e-45	2.69671e-50	1.18792e-55	4.15852e-61	1.16978e-66	2.66686e-72	4.95909e-78	7.55759e-84	2.93615e-87	1.77348e-87	5.24988e-88	7.0605e-89	3.71055e-90	5.43229e-92	5.45685e-95	5.69348e-99	4.53817e-103	3.26468e-107	2.25928e-111	
N36	7.75642e-75	2.14552e-48	2.87643e-41	6.97005e-35	5.22872e-29	1.46558e-23	1.64057e-18	7.30523e-14	1.20929e-09	6.37975e-06	0.00778372	0.977615	0.0145676	2.69359e-05	1.49338e-08	3.58554e-12	4.55526e-16	3.4709e-20	1.7271e-24	5.96696e-29	1.49871e-33	2.83575e-38	4.15779e-43	4.83304e-48	4.53828e-53	3.4967e-58	2.23991e-63	1.2063e-68	5.51414e-74	2.15705e-79	7.27245e-85	2.12622e-90	5.41952e-96	1.2099e-101	2.37532e-107	4.11519e-113	6.31039e-119	8.58684e-125	1.03911e-130	1.12029e-136	1.14907e-142	
FGA456	0	0	0	0	0	0	0	0	0	0	0	1	0	0	0	0	0	0	0	0	0	0	0	0	0	0	0	0	0	0	0	0	0	0	0	0	0	0	0	0	0	
FGA516	0	0	0	0	0	0	0	0	0	0	0	1	0	0	0	0	0	0	0	0	0	0	0	0	0	0	0	0	0	0	0	0	0	0	0	0	0	0	0	0	0	
F12278	0	0	0	0	0	0	0	0	0	0	0	1	0	0	0	0	0	0	0	0	0	0	0	0	0	0	0	0	0	0	0	0	0	0	0	0	0	0	0	0	0	
N37	8.23409e-75	1.76902e-48	1.88434e-41	3.69894e-35	2.2992e-29	5.48678e-24	5.4097e-19	2.21817e-14	3.59679e-10	2.04035e-06	0.00314151	0.710261	0.272715	0.0138552	2.60222e-05	1.51291e-08	4.02342e-12	5.92073e-16	5.41053e-20	3.31879e-24	1.44527e-28	4.66135e-33	1.15078e-37	2.23277e-42	3.47868e-47	4.43062e-52	4.68293e-57	4.16031e-62	3.14093e-67	2.03446e-72	1.13999e-77	5.56643e-83	2.38383e-88	9.00474e-94	3.01559e-99	8.99396e-105	2.39869e-110	5.74155e-116	1.23751e-121	2.40893e-127	4.59304e-133	
Furant	0	0	0	0	0	0	0	0	0	0	0	1	0	0	0	0	0	0	0	0	0	0	0	0	0	0	0	0	0	0	0	0	0	0	0	0	0	0	0	0	0	
FGA331	0	0	0	0	0	0	0	0	0	0	0	0	0	1	0	0	0	0	0	0	0	0	0	0	0	0	0	0	0	0	0	0	0	0	0	0	0	0	0	0	0	
FGA465	0	0	0	0	0	0	0	0	0	0	1	0	0	0	0	0	0	0	0	0	0	0	0	0	0	0	0	0	0	0	0	0	0	0	0	0	0	0	0	0	0	
N38	2.24236e-70	4.24837e-44	3.87435e-37	6.20805e-31	2.97203e-25	5.07833e-20	3.26015e-15	7.64163e-11	5.84749e-07	0.0011401	0.313364	0.679499	0.00598708	9.20654e-06	4.82409e-09	1.16614e-12	1.54637e-16	1.25776e-20	6.78151e-25	2.56555e-29	7.11104e-34	1.49378e-38	2.44353e-43	3.18224e-48	3.36045e-53	2.92207e-58	2.11972e-63	1.2972e-68	6.76166e-74	3.0272e-79	1.17255e-84	3.9545e-90	1.16776e-95	3.03427e-101	6.96764e-107	1.41943e-112	2.57402e-118	4.16746e-124	6.03991e-130	7.85408e-136	9.91591e-142	
FGA99	0	0	0	0	0	0	0	0	0	0	1	0	0	0	0	0	0	0	0	0	0	0	0	0	0	0	0	0	0	0	0	0	0	0	0	0	0	0	0	0	0	
N39	4.04823e-70	7.04099e-44	5.91263e-37	8.77183e-31	3.91218e-25	6.27178e-20	3.80907e-15	8.53186e-11	6.3184e-07	0.00121288	0.337262	0.656384	0.00513315	7.39607e-06	3.76368e-09	9.05794e-13	1.21788e-16	1.01861e-20	5.71128e-25	2.26779e-29	6.64924e-34	1.48759e-38	2.60715e-43	3.65737e-48	4.18074e-53	3.95317e-58	3.13179e-63	2.10161e-68	1.20597e-73	5.96652e-79	2.5635e-84	9.62542e-90	3.17616e-95	9.25601e-101	2.39265e-106	5.50741e-112	1.13271e-117	2.08793e-123	3.45861e-129	5.16072e-135	7.51226e-141	
FGA15	0	0	0	0	0	0	0	0	0	0	1	0	0	0	0	0	0	0	0	0	0	0	0	0	0	0	0	0	0	0	0	0	0	0	0	0	0	0	0	0	0	
FGA581	0	0	0	0	0	0	0	0	0	0	0	1	0	0	0	0	0	0	0	0	0	0	0	0	0	0	0	0	0	0	0	0	0	0	0	0	0	0	0	0	0	
FGA104	0	0	0	0	0	0	0	0	0	0	0	0	1	0	0	0	0	0	0	0	0	0	0	0	0	0	0	0	0	0	0	0	0	0	0	0	0	0	0	0	0	
FGA489	0	0	0	0	0	0	0	0	0	0	1	0	0	0	0	0	0	0	0	0	0	0	0	0	0	0	0	0	0	0	0	0	0	0	0	0	0	0	0	0	0	
FGA174	0	0	0	0	0	0	0	0	0	0	0	0	0	1	0	0	0	0	0	0	0	0	0	0	0	0	0	0	0	0	0	0	0	0	0	0	0	0	0	0	0	
FurbGB	0	0	0	0	0	0	0	0	0	0	0	1	0	0	0	0	0	0	0	0	0	0	0	0	0	0	0	0	0	0	0	0	0	0	0	0	0	0	0	0	0	
N40	8.13764e-83	1.27913e-56	1.08232e-49	1.7561e-43	9.49184e-38	2.10372e-32	2.10254e-27	9.85359e-23	2.16902e-18	2.17307e-14	9.24117e-11	1.47333e-07	7.15592e-05	0.0082652	0.18178	0.578506	0.217355	0.0138195	0.000201699	9.60579e-07	1.91922e-09	1.91056e-12	1.06947e-15	3.67655e-19	8.29552e-23	1.29343e-26	1.45172e-30	1.21234e-34	7.74046e-39	3.86511e-43	1.53857e-47	4.9627e-52	1.3154e-56	2.90015e-61	5.37541e-66	8.45427e-71	1.13758e-75	1.31912e-80	1.3268e-85	1.16608e-90	1.1171e-95	
N41	3.96224e-78	1.72742e-52	4.20642e-46	2.02397e-40	3.35567e-35	2.37182e-30	7.91384e-26	1.30875e-21	1.08957e-17	4.51901e-14	9.00662e-11	8.06826e-08	2.90865e-05	0.00352161	0.106136	0.522219	0.326685	0.0401411	0.00125384	1.40179e-05	7.09924e-08	1.90599e-10	3.02645e-13	3.07746e-16	2.12791e-19	1.04825e-22	3.81807e-26	1.05974e-29	2.29804e-33	3.97558e-37	5.58519e-41	6.46969e-45	6.2613e-49	5.12134e-53	3.57634e-57	2.1514e-61	1.12383e-65	5.13426e-70	2.06463e-74	7.35627e-79	2.95548e-83	
N42	1.02511e-83	9.66841e-58	5.09146e-51	5.32516e-45	1.93303e-39	3.02033e-34	2.2559e-29	8.48667e-25	1.6407e-20	1.62259e-16	7.98156e-13	1.84707e-09	1.82889e-06	0.000658805	0.063132	0.611132	0.301867	0.0228209	0.000385715	2.21651e-06	5.6424e-09	7.53684e-12	5.92631e-15	2.97814e-18	1.01683e-21	2.47246e-25	4.44325e-29	6.08058e-33	6.49381e-37	5.52344e-41	3.80644e-45	2.15653e-49	1.01706e-53	4.03632e-58	1.36066e-62	3.92826e-67	9.78292e-72	2.11507e-76	4.07332e-81	2.01331e-85	8.03822e-89	
CGA312	0	0	0	0	0	0	0	0	0	0	0	0	0	0	0	0	0	1	0	0	0	0	0	0	0	0	0	0	0	0	0	0	0	0	0	0	0	0	0	0	0	
N43	8.32283e-99	1.72856e-71	1.74343e-63	3.29827e-56	2.04477e-49	5.14446e-43	5.81591e-37	3.09785e-31	7.87295e-26	9.39686e-21	5.03488e-16	1.11508e-11	8.87428e-08	0.000198206	0.0741144	0.698948	0.220628	0.0060895	2.16503e-05	1.87562e-08	5.81599e-12	8.15243e-16	6.01158e-20	2.58861e-24	7.01716e-29	1.26641e-33	1.58797e-38	1.43009e-43	9.49314e-49	4.74072e-54	1.80953e-59	5.34356e-65	1.23473e-70	1.46688e-73	1.66384e-72	8.53334e-72	1.71646e-71	1.12014e-71	1.54432e-72	1.25151e-74	7.85774e-78	
N44	2.04802e-81	3.68031e-66	1.20294e-60	6.95379e-56	2.92633e-52	2.0859e-49	2.42437e-43	1.83717e-36	6.05466e-30	8.46174e-24	4.68618e-18	9.02945e-13	4.74645e-08	0.000409483	0.136724	0.773066	0.0896052	0.000195778	3.52763e-08	1.4025e-12	1.96455e-17	1.24752e-22	4.17997e-28	8.15166e-34	9.88704e-40	7.81263e-46	1.18149e-50	5.21986e-53	2.88029e-56	3.2545e-60	2.07067e-64	1.60968e-68	1.81046e-67	3.051e-66	2.62536e-65	3.91426e-61	1.96353e-56	1.91997e-52	2.28541e-49	1.77931e-47	2.6513e-46	
N45	2.52429e-84	1.46922e-65	8.74046e-60	2.87708e-55	5.57198e-52	4.72609e-47	2.19897e-40	4.54853e-34	4.26742e-28	1.79529e-22	3.22931e-17	2.25517e-12	5.0996e-08	0.000259651	0.120407	0.776777	0.102226	0.000330269	1.46866e-07	1.81626e-11	8.88456e-16	2.10098e-20	2.72144e-25	2.09723e-30	1.01642e-35	3.243e-41	2.20699e-44	1.14214e-46	5.95329e-50	1.29942e-53	2.15328e-57	2.98917e-61	4.87935e-65	7.19733e-64	1.97625e-62	2.77086e-61	1.88445e-60	5.64507e-60	6.23965e-60	1.82074e-60	1.12303e-61	
N46	8.56596e-87	2.48124e-70	1.07343e-62	9.04914e-56	2.60178e-49	3.16836e-43	1.81669e-37	5.17136e-32	7.45791e-27	5.42195e-22	1.92957e-17	3.17116e-13	2.17965e-09	5.30329e-06	0.00338542	0.304513	0.661439	0.0305719	8.53917e-05	6.55723e-08	2.09903e-11	3.45969e-15	3.34096e-19	2.06222e-23	8.66027e-28	2.59254e-32	5.7351e-37	9.64505e-42	1.26159e-46	1.30752e-51	1.09023e-56	7.4065e-62	4.14271e-67	3.29927e-72	3.14334e-72	3.99717e-72	2.78834e-72	1.02939e-72	1.87626e-73	1.47876e-74	4.15792e-76	
CGA642	0	0	0	0	0	0	0	0	0	0	0	0	0	0	0	0	1	0	0	0	0	0	0	0	0	0	0	0	0	0	0	0	0	0	0	0	0	0	0	0	0	
N47	2.84359e-101	4.48344e-74	3.57247e-66	5.55883e-59	2.95556e-52	6.66634e-46	7.08885e-40	3.74579e-34	1.00327e-28	1.35461e-23	8.94803e-19	2.72653e-14	3.46942e-10	1.56036e-06	0.00183704	0.298655	0.656747	0.0426659	9.33526e-05	5.14258e-08	1.12599e-11	1.23016e-15	7.69882e-20	3.02822e-24	7.99914e-29	1.49104e-33	2.03741e-38	2.10317e-43	1.68022e-48	1.05952e-53	5.35981e-59	2.20468e-64	7.45761e-70	2.77737e-75	7.48887e-77	4.79852e-78	1.7345e-79	3.32838e-81	3.06484e-83	1.13737e-85	1.34547e-88	
CGA763	0	0	0	0	0	0	0	0	0	0	0	0	0	0	0	1	0	0	0	0	0	0	0	0	0	0	0	0	0	0	0	0	0	0	0	0	0	0	0	0	0	
C601	0	0	0	0	0	0	0	0	0	0	0	0	0	0	0	0	0	1	0	0	0	0	0	0	0	0	0	0	0	0	0	0	0	0	0	0	0	0	0	0	0	
N48	2.62249e-97	4.44156e-70	3.76716e-62	6.03926e-55	3.19487e-48	6.90108e-42	6.7318e-36	3.1042e-30	6.83425e-25	7.04031e-20	3.21943e-15	5.93607e-11	3.73766e-07	0.000594689	0.128121	0.764897	0.105771	0.000615492	6.71811e-07	2.38007e-10	3.6593e-14	2.91372e-18	1.3508e-22	3.95848e-27	7.78752e-32	1.07637e-36	1.08267e-41	8.1477e-47	4.68994e-52	2.10188e-57	7.44349e-63	2.1155e-68	5.00638e-74	1.44244e-79	2.38754e-80	1.09945e-80	2.58222e-81	2.7946e-82	1.12122e-83	9.24431e-86	6.41229e-89	
CGA236	0	0	0	0	0	0	0	0	0	0	0	0	0	0	0	0	1	0	0	0	0	0	0	0	0	0	0	0	0	0	0	0	0	0	0	0	0	0	0	0	0	
N49	3.36443e-87	9.40193e-61	1.3835e-53	3.95485e-47	3.82366e-41	1.5433e-35	2.86988e-30	2.56894e-25	1.11626e-20	2.30473e-16	2.14382e-12	8.16503e-09	1.08234e-05	0.00375413	0.200034	0.706466	0.0887717	0.000960621	2.47049e-06	2.35875e-09	1.07297e-12	2.71333e-16	4.22993e-20	4.37519e-24	3.17116e-28	1.67972e-32	6.72127e-37	2.08678e-41	5.13857e-46	1.02208e-50	1.66758e-55	2.2612e-60	2.57705e-65	2.49264e-70	2.06357e-75	1.47302e-80	9.12519e-86	4.93392e-91	2.34019e-96	9.80964e-102	4.60446e-107	
N50	1.40986e-82	1.64251e-56	1.02585e-49	1.26996e-43	5.43355e-38	9.93737e-33	8.5968e-28	3.68861e-23	7.95309e-19	8.48714e-15	4.28361e-11	9.37383e-08	7.57979e-05	0.0161801	0.240978	0.581702	0.152864	0.00815354	4.62842e-05	9.04717e-08	8.47285e-11	4.50392e-14	1.5098e-17	3.43087e-21	5.57151e-25	6.73164e-29	6.24637e-33	4.5669e-37	2.68697e-41	1.29485e-45	5.18788e-50	1.75047e-54	5.0297e-59	1.24272e-63	2.66291e-68	4.98636e-73	8.21451e-78	1.19777e-82	1.55423e-87	1.80379e-92	2.16455e-97	
Calboe	0	0	0	0	0	0	0	0	0	0	0	0	0	1	0	0	0	0	0	0	0	0	0	0	0	0	0	0	0	0	0	0	0	0	0	0	0	0	0	0	0	
C3125	0	0	0	0	0	0	0	0	0	0	0	0	0	0	0	0	0	1	0	0	0	0	0	0	0	0	0	0	0	0	0	0	0	0	0	0	0	0	0	0	0	
CGA429	0	0	0	0	0	0	0	0	0	0	0	0	0	0	1	0	0	0	0	0	0	0	0	0	0	0	0	0	0	0	0	0	0	0	0	0	0	0	0	0	0	
N51	1.74035e-92	1.24409e-66	1.0472e-58	1.60442e-51	7.80178e-45	1.48606e-38	1.22098e-32	4.49887e-27	7.43059e-22	5.30594e-17	1.51511e-12	1.50575e-08	4.07162e-05	0.0185483	0.454495	0.504999	0.0218864	3.05613e-05	1.06258e-08	1.47249e-12	1.02173e-16	4.06725e-21	1.01631e-25	1.69835e-30	1.9884e-35	1.68936e-40	1.07011e-45	5.16133e-51	1.92691e-56	5.63985e-62	1.30676e-67	6.3074e-73	1.11705e-73	1.54178e-74	1.0228e-75	2.86457e-73	3.59502e-69	9.49454e-66	3.51146e-63	8.78789e-62	1.24309e-61	
C985	0	0	0	0	0	0	0	0	0	0	0	0	0	1	0	0	0	0	0	0	0	0	0	0	0	0	0	0	0	0	0	0	0	0	0	0	0	0	0	0	0	
N52	3.36285e-86	1.16493e-59	2.07886e-52	7.01464e-46	7.79265e-40	3.51587e-34	7.09923e-29	6.68431e-24	2.94568e-19	5.90166e-15	5.03094e-11	1.62043e-07	0.000160083	0.0326127	0.540277	0.413674	0.0132431	3.36356e-05	2.69101e-08	9.71638e-12	1.90317e-15	2.26593e-19	1.77179e-23	9.62075e-28	3.78298e-32	1.11264e-36	2.51115e-41	4.43916e-46	6.24968e-51	7.10289e-56	6.58943e-61	5.03519e-66	3.19277e-71	5.69782e-75	3.44479e-75	1.17059e-75	2.03281e-76	1.60673e-77	4.64873e-79	3.15505e-81	7.12051e-84	
CGA310	0	0	0	0	0	0	0	0	0	0	0	0	0	0	1	0	0	0	0	0	0	0	0	0	0	0	0	0	0	0	0	0	0	0	0	0	0	0	0	0	0	
N53	3.24455e-78	2.56045e-52	1.08049e-45	8.90049e-40	2.48876e-34	2.9118e-29	1.57057e-24	4.07195e-20	5.10249e-16	3.01152e-12	7.87626e-09	8.16778e-06	0.00274738	0.198077	0.698219	0.0994532	0.00148937	6.27356e-06	1.1079e-08	1.01476e-11	5.49807e-15	1.92612e-18	4.65141e-22	8.12505e-26	1.06579e-29	1.08171e-33	8.70425e-38	5.66669e-42	3.03604e-46	1.35825e-50	5.13796e-55	1.66138e-59	4.6363e-64	1.12606e-68	2.3983e-73	4.50929e-78	7.53004e-83	1.12289e-87	1.50269e-92	1.81298e-97	2.28159e-102	
CGA382	0	0	0	0	0	0	0	0	0	0	0	0	0	0	1	0	0	0	0	0	0	0	0	0	0	0	0	0	0	0	0	0	0	0	0	0	0	0	0	0	0	
CGA494	0	0	0	0	0	0	0	0	0	0	0	0	0	1	0	0	0	0	0	0	0	0	0	0	0	0	0	0	0	0	0	0	0	0	0	0	0	0	0	0	0	
N54	1.66006e-86	9.82224e-68	2.6063e-60	1.35556e-53	2.42028e-47	1.84356e-41	6.66605e-36	1.2077e-30	1.12025e-25	5.30216e-21	1.24572e-16	1.37346e-12	6.44795e-09	1.09105e-05	0.00488591	0.293626	0.568954	0.128982	0.00352791	1.24588e-05	1.38401e-08	6.80962e-12	1.78577e-15	2.80414e-19	2.85558e-23	1.99812e-27	1.00349e-31	3.74158e-36	1.06388e-40	2.35729e-45	4.14257e-50	5.85816e-55	6.7467e-60	1.34315e-64	1.44904e-64	1.61079e-64	9.46827e-65	2.80193e-65	3.79645e-66	1.94716e-67	2.69051e-69	
N55	1.12986e-96	8.90619e-70	3.63141e-62	2.88984e-55	7.85319e-49	9.04709e-43	4.9098e-37	1.32277e-31	1.8042e-26	1.2385e-21	4.1489e-17	6.38354e-13	4.06749e-09	8.99466e-06	0.0049658	0.318284	0.564838	0.110421	0.0014791	3.07834e-06	2.05758e-09	6.11436e-13	9.69414e-17	9.21181e-21	5.68492e-25	2.41559e-29	7.38623e-34	1.68206e-38	2.93182e-43	3.99844e-48	4.34464e-53	3.81792e-58	2.74744e-63	1.63607e-68	8.28497e-74	1.38477e-76	7.35056e-78	2.17273e-79	3.27181e-81	2.14643e-83	4.9311e-86	
C12265	0	0	0	0	0	0	0	0	0	0	0	0	0	0	0	0	0	1	0	0	0	0	0	0	0	0	0	0	0	0	0	0	0	0	0	0	0	0	0	0	0	
N56	3.88857e-71	5.66284e-57	1.73648e-52	1.16711e-49	1.17798e-47	1.14409e-45	1.62694e-39	1.5302e-33	6.91263e-28	1.49539e-22	1.50142e-17	6.54637e-13	1.09858e-08	5.68058e-05	0.0561455	0.910163	0.0334961	0.000138195	7.72597e-08	1.33676e-11	1.00884e-15	3.99289e-20	9.27953e-25	1.36475e-29	1.33764e-34	9.15629e-40	2.51805e-42	2.19825e-43	3.87583e-45	3.50597e-48	2.68752e-51	1.8429e-54	1.13979e-57	6.40006e-61	3.28139e-64	1.54391e-67	6.69553e-71	2.68679e-74	1.00108e-77	3.47397e-81	1.19897e-84	
C404	0	0	0	0	0	0	0	0	0	0	0	0	0	0	1	0	0	0	0	0	0	0	0	0	0	0	0	0	0	0	0	0	0	0	0	0	0	0	0	0	0	
N57	3.44888e-90	3.91962e-65	1.71414e-59	7.58321e-55	4.16325e-51	4.9868e-47	1.21706e-40	1.48393e-34	8.77034e-29	2.50081e-23	3.32777e-18	1.9274e-13	4.28265e-09	2.89435e-05	0.0362709	0.941985	0.0216734	4.13549e-05	1.38365e-08	1.56174e-12	8.05303e-17	2.2513e-21	3.79896e-26	4.15829e-31	3.10545e-36	1.64102e-41	8.00702e-47	2.14709e-49	1.58743e-52	5.07612e-56	1.14052e-59	2.18395e-63	3.67312e-67	5.46485e-71	7.23402e-75	8.56375e-79	9.10791e-83	8.7383e-87	7.59087e-91	5.99054e-95	4.53831e-99	
Cl11778	0	0	0	0	0	0	0	0	0	0	0	0	0	0	0	1	0	0	0	0	0	0	0	0	0	0	0	0	0	0	0	0	0	0	0	0	0	0	0	0	0	
CGA594	0	0	0	0	0	0	0	0	0	0	0	0	0	0	0	1	0	0	0	0	0	0	0	0	0	0	0	0	0	0	0	0	0	0	0	0	0	0	0	0	0	
C3134	0	0	0	0	0	0	0	0	0	0	0	0	0	0	0	0	0	0	1	0	0	0	0	0	0	0	0	0	0	0	0	0	0	0	0	0	0	0	0	0	0	
N58	5.32805e-74	1.5585e-63	1.8856e-57	3.74808e-51	2.56352e-45	7.50509e-40	1.04812e-34	7.38762e-30	2.69554e-25	5.10462e-21	4.92985e-17	2.33565e-13	5.08863e-10	4.61453e-07	0.000149946	0.0140215	0.279131	0.653847	0.0522679	0.000580187	1.97891e-06	2.91421e-09	2.24017e-12	1.01455e-15	2.9432e-19	5.81271e-23	8.18412e-27	8.515e-31	6.73621e-35	4.14668e-39	2.02429e-43	7.96088e-48	2.55547e-52	6.77015e-57	3.24609e-61	7.71967e-61	1.938e-60	2.72395e-60	2.06653e-60	7.93768e-61	1.70572e-61	
CGA311	0	0	0	0	0	0	0	0	0	0	0	0	0	0	0	0	0	1	0	0	0	0	0	0	0	0	0	0	0	0	0	0	0	0	0	0	0	0	0	0	0	
N59	1.33672e-98	9.89791e-72	3.86879e-64	2.94251e-57	7.60725e-51	8.28601e-45	4.21962e-39	1.0577e-33	1.33075e-28	8.36787e-24	2.56307e-19	3.64276e-15	2.22489e-11	5.20474e-08	3.92969e-05	0.00743557	0.24517	0.689943	0.0569097	0.000500942	1.12174e-06	9.49956e-10	3.80464e-13	8.31337e-17	1.09404e-20	9.32078e-25	5.43075e-29	2.25894e-33	6.94252e-38	1.62133e-42	2.94474e-47	4.24117e-52	4.92422e-57	4.67573e-62	1.18052e-66	2.592e-68	4.81106e-70	5.01858e-72	2.78775e-74	7.67227e-77	1.09305e-79	
N60	3.18579e-89	8.20379e-76	4.80236e-68	5.52884e-61	2.18504e-54	3.6915e-48	2.9742e-42	1.21048e-36	2.55573e-31	2.81034e-26	1.58378e-21	4.40629e-17	5.6764e-13	3.05744e-09	5.84555e-06	0.00300348	0.242602	0.738196	0.016146	4.66769e-05	3.88141e-08	1.32988e-11	2.30108e-15	2.2889e-19	1.43063e-23	5.99202e-28	1.76495e-32	3.79493e-37	6.13435e-42	7.6328e-47	7.45209e-52	5.79927e-57	3.64407e-62	1.86872e-67	8.25851e-73	3.7684e-74	2.17242e-74	6.952e-75	1.19151e-75	1.02698e-76	4.371e-78	
CGA45	0	0	0	0	0	0	0	0	0	0	0	0	0	0	0	0	1	0	0	0	0	0	0	0	0	0	0	0	0	0	0	0	0	0	0	0	0	0	0	0	0	
N61	8.41106e-105	1.10674e-77	7.47308e-70	9.97596e-63	4.62136e-56	9.25933e-50	8.9609e-44	4.44294e-38	1.16098e-32	1.60874e-27	1.1665e-22	4.27936e-18	7.48722e-14	5.67984e-10	1.60069e-06	0.00128157	0.169459	0.812924	0.0162907	4.29247e-05	3.267e-08	1.02799e-11	1.63797e-15	1.5039e-19	8.69486e-24	3.37523e-28	9.23135e-33	1.84633e-37	2.78091e-42	3.22951e-47	2.94763e-52	2.14789e-57	1.26581e-62	6.09796e-68	2.42843e-73	8.84162e-77	7.56565e-78	3.61958e-79	8.96499e-81	1.03106e-82	4.99887e-85	
N62	1.60131e-104	1.39767e-77	6.43219e-70	6.03815e-63	2.02756e-56	3.03377e-50	2.25902e-44	8.88554e-39	1.90219e-33	2.23614e-28	1.43079e-23	4.85102e-19	8.30378e-15	6.63657e-11	2.18356e-07	0.000238576	0.0567921	0.92734	0.0155912	3.82209e-05	2.95544e-08	1.00751e-11	1.82612e-15	1.98287e-19	1.40076e-23	6.83719e-28	2.41382e-32	6.38863e-37	1.30459e-41	2.10435e-46	2.73421e-51	2.90913e-56	2.5704e-61	1.90889e-66	1.20405e-71	6.50955e-77	3.04079e-82	1.23602e-87	4.39946e-93	1.37896e-98	4.17909e-104	
C3043	0	0	0	0	0	0	0	0	0	0	0	0	0	0	0	0	0	1	0	0	0	0	0	0	0	0	0	0	0	0	0	0	0	0	0	0	0	0	0	0	0	
CGA368	0	0	0	0	0	0	0	0	0	0	0	0	0	0	0	0	0	1	0	0	0	0	0	0	0	0	0	0	0	0	0	0	0	0	0	0	0	0	0	0	0	
CGA364	0	0	0	0	0	0	0	0	0	0	0	0	0	0	0	0	0	1	0	0	0	0	0	0	0	0	0	0	0	0	0	0	0	0	0	0	0	0	0	0	0	
C2208	0	0	0	0	0	0	0	0	0	0	0	0	0	0	0	0	0	0	1	0	0	0	0	0	0	0	0	0	0	0	0	0	0	0	0	0	0	0	0	0	0	
N63	1.71615e-81	6.20386e-56	1.31703e-49	5.65482e-44	8.59596e-39	5.7511e-34	1.88689e-29	3.21344e-25	2.91719e-21	1.41868e-17	3.64634e-14	4.79645e-11	3.06014e-08	8.73113e-06	0.000990121	0.037717	0.374577	0.549978	0.0361286	0.000596777	3.97824e-06	1.347e-08	2.6575e-11	3.34803e-14	2.8759e-17	1.76925e-20	8.09937e-24	2.84465e-27	7.85885e-31	1.74357e-34	3.16124e-38	4.75422e-42	6.00737e-46	6.44948e-50	5.94092e-54	4.73616e-58	3.29291e-62	2.01045e-66	1.08454e-70	5.20543e-75	2.91386e-79	
N64	2.10926e-99	1.34039e-72	4.43235e-65	2.9187e-58	6.69804e-52	6.65646e-46	3.18956e-40	7.79197e-35	9.95167e-30	6.66361e-25	2.3007e-20	3.94721e-16	3.16382e-12	1.07648e-08	1.33984e-05	0.00478549	0.310315	0.67255	0.0122981	3.78913e-05	3.80358e-08	1.69184e-11	3.98468e-15	5.57949e-19	5.03671e-23	3.1114e-27	1.37663e-31	4.52163e-36	1.13478e-40	2.22803e-45	3.49017e-50	4.43469e-55	4.63521e-60	4.03364e-65	2.95301e-70	1.83527e-75	9.75961e-81	4.47163e-86	1.776e-91	6.14764e-97	2.06092e-102	
CGA453	0	0	0	0	0	0	0	0	0	0	0	0	0	0	0	0	0	1	0	0	0	0	0	0	0	0	0	0	0	0	0	0	0	0	0	0	0	0	0	0	0	
N65	8.35753e-107	1.41657e-79	1.23899e-71	2.17994e-64	1.35186e-57	3.67667e-51	4.89033e-45	3.36971e-39	1.23598e-33	2.4258e-28	2.51228e-23	1.327e-18	3.37047e-14	3.7454e-10	1.56239e-06	0.00187273	0.368913	0.625561	0.00364823	3.65188e-06	1.22531e-09	1.867e-13	1.5376e-17	7.6608e-22	2.49792e-26	5.64722e-31	9.25058e-36	1.13656e-40	1.07685e-45	8.04824e-51	4.835e-56	2.37192e-61	9.62992e-67	3.27296e-72	9.40457e-78	2.30426e-83	4.85011e-89	8.82732e-95	1.39715e-100	1.93275e-106	2.5119e-112	
CGA501	0	0	0	0	0	0	0	0	0	0	0	0	0	0	0	0	0	1	0	0	0	0	0	0	0	0	0	0	0	0	0	0	0	0	0	0	0	0	0	0	0	
C3121	0	0	0	0	0	0	0	0	0	0	0	0	0	0	0	0	1	0	0	0	0	0	0	0	0	0	0	0	0	0	0	0	0	0	0	0	0	0	0	0	0	
Calparcri	0	0	0	0	0	0	0	0	0	0	0	0	0	0	0	0	0	1	0	0	0	0	0	0	0	0	0	0	0	0	0	0	0	0	0	0	0	0	0	0	0	
N66	5.55399e-73	8.38859e-59	1.67595e-54	2.27444e-51	4.61996e-46	1.0793e-39	1.50281e-33	9.04692e-28	2.25847e-22	2.20282e-17	7.48781e-13	7.32616e-09	1.54677e-05	0.00514244	0.198743	0.646324	0.145748	0.00400639	2.13004e-05	3.16676e-08	1.69326e-11	3.86917e-15	4.27091e-19	2.4932e-23	8.24699e-28	1.97579e-32	4.22321e-35	1.33767e-37	1.42741e-40	8.64048e-44	3.9868e-47	1.47057e-50	4.40875e-54	1.09533e-57	6.89394e-59	2.92186e-58	4.67824e-58	2.61661e-58	5.96174e-59	6.32345e-60	3.7039e-61	
N67	2.0355e-79	1.25982e-53	4.16764e-47	2.67165e-41	5.77848e-36	5.20851e-31	2.16277e-26	4.33633e-22	4.25773e-18	2.02427e-14	4.49789e-11	4.38584e-08	1.69872e-05	0.00223726	0.0778706	0.463753	0.390401	0.0631591	0.00252849	3.36079e-05	1.87263e-07	5.1726e-10	7.99083e-13	7.54602e-16	4.65983e-19	1.98307e-22	6.06406e-26	1.37838e-29	2.39501e-33	3.25647e-37	3.53434e-41	3.1144e-45	2.26117e-49	1.3701e-53	7.00687e-58	3.05473e-62	1.14538e-66	3.72296e-71	1.05655e-75	2.63527e-80	6.94692e-85	
N68	5.66056e-77	2.52758e-51	6.13829e-45	2.89675e-39	4.619e-34	3.06745e-29	9.34813e-25	1.36339e-20	9.57501e-17	3.1617e-13	4.64514e-10	2.77063e-07	5.92118e-05	0.00412385	0.0837571	0.416879	0.411305	0.0804397	0.00338945	4.5799e-05	2.60928e-07	7.50111e-10	1.23065e-12	1.2587e-15	8.57299e-19	4.09092e-22	1.42374e-25	3.7329e-29	7.57276e-33	1.21541e-36	1.57266e-40	1.66718e-44	1.46828e-48	1.08737e-52	6.84391e-57	3.6955e-61	1.72628e-65	7.02846e-70	2.51092e-74	7.92213e-79	2.72776e-83	
N69	1.84576e-75	9.33908e-50	2.56043e-43	1.35152e-37	2.38368e-32	1.72671e-27	5.63789e-23	8.5983e-19	6.0967e-15	1.92277e-11	2.44167e-08	1.01355e-05	0.000811314	0.0203314	0.172879	0.458726	0.305779	0.0405753	0.000882526	5.93796e-06	1.72141e-08	2.60555e-11	2.32972e-14	1.3403e-17	5.28062e-21	1.49395e-24	3.14993e-28	5.09973e-32	6.49702e-36	6.64766e-40	5.55785e-44	3.85337e-48	2.24395e-52	1.10982e-56	4.70768e-61	1.72755e-65	5.52669e-70	1.55204e-74	3.84978e-79	8.48365e-84	1.98823e-88	
N70	3.44356e-84	3.76822e-58	2.21454e-51	2.53913e-45	9.89382e-40	1.61837e-34	1.22785e-29	4.52238e-25	8.17717e-21	7.13916e-17	2.87974e-13	4.98113e-10	3.33033e-07	7.76819e-05	0.00566785	0.112641	0.503797	0.359118	0.0184899	0.000207094	8.21776e-07	1.4976e-09	1.4702e-12	8.65665e-16	3.30176e-19	8.64185e-23	1.62304e-26	2.26641e-30	2.42187e-34	2.02818e-38	1.3579e-42	7.39216e-47	3.31977e-51	1.2454e-55	3.94553e-60	1.06572e-64	2.47499e-69	4.97901e-74	8.73436e-79	1.3446e-83	2.18695e-88	
Triowe	0	0	0	0	0	0	0	0	0	0	0	0	0	0	0	0	0	1	0	0	0	0	0	0	0	0	0	0	0	0	0	0	0	0	0	0	0	0	0	0	0	
N71	6.4625e-86	6.69886e-60	3.78498e-53	4.25499e-47	1.66239e-41	2.79813e-36	2.2523e-31	9.13065e-27	1.9013e-22	2.02434e-18	1.07265e-14	2.68623e-11	2.92866e-08	1.2311e-05	0.00168564	0.0606456	0.444272	0.461858	0.0310861	0.000438477	2.14895e-06	4.79172e-09	5.73332e-12	4.11087e-15	1.91084e-18	6.10533e-22	1.40279e-25	2.40212e-29	3.15547e-33	3.25636e-37	2.69297e-41	1.81492e-45	1.01123e-49	4.71611e-54	1.86098e-58	6.27208e-63	1.82053e-67	4.58445e-72	1.00813e-76	1.94803e-81	4.04584e-86	
Trijoh	0	0	0	0	0	0	0	0	0	0	0	0	0	0	0	0	0	1	0	0	0	0	0	0	0	0	0	0	0	0	0	0	0	0	0	0	0	0	0	0	0	
Trimel	0	0	0	0	0	0	0	0	0	0	0	0	0	0	0	0	0	1	0	0	0	0	0	0	0	0	0	0	0	0	0	0	0	0	0	0	0	0	0	0	0	
N72	2.25479e-69	1.29182e-43	3.87769e-37	2.16349e-31	3.86481e-26	2.68909e-21	7.87857e-17	9.84797e-13	5.04318e-09	9.51064e-06	0.00527826	0.503888	0.419277	0.0679024	0.00357114	7.31042e-05	6.10938e-07	2.05287e-09	2.99694e-12	2.27897e-15	1.02875e-18	3.01481e-22	6.11293e-26	8.99094e-30	9.94734e-34	8.5199e-38	5.782e-42	3.1692e-46	1.42559e-50	5.33448e-55	1.67984e-59	4.49629e-64	1.03185e-68	2.04568e-73	3.52704e-78	5.31955e-83	7.05474e-88	8.26461e-93	8.58746e-98	7.94535e-103	7.73872e-108	
N73	7.9601e-71	8.47854e-45	4.50765e-38	4.34063e-32	1.29732e-26	1.45393e-21	6.5431e-17	1.18194e-12	8.06458e-09	1.80846e-05	0.0100533	0.717555	0.259466	0.0127454	0.000161176	6.9384e-07	1.19214e-09	9.30212e-13	3.78215e-16	8.99966e-20	1.36822e-23	1.41913e-27	1.05558e-31	5.85363e-36	2.49595e-40	8.39063e-45	2.27017e-49	5.02941e-54	9.25764e-59	1.43357e-63	1.88772e-68	2.13358e-73	2.08678e-78	1.77892e-83	1.33016e-88	8.7733e-94	5.12995e-99	2.67116e-104	1.24357e-109	5.19522e-115	2.166e-120	
Trihoe	0	0	0	0	0	0	0	0	0	0	0	1	0	0	0	0	0	0	0	0	0	0	0	0	0	0	0	0	0	0	0	0	0	0	0	0	0	0	0	0	0	
Tribit	0	0	0	0	0	0	0	0	0	0	0	1	0	0	0	0	0	0	0	0	0	0	0	0	0	0	0	0	0	0	0	0	0	0	0	0	0	0	0	0	0	
Trijac	0	0	0	0	0	0	0	0	0	0	0	1	0	0	0	0	0	0	0	0	0	0	0	0	0	0	0	0	0	0	0	0	0	0	0	0	0	0	0	0	0	
N74	3.21095e-82	1.57581e-56	4.35679e-50	2.41113e-44	4.6696e-39	3.92846e-34	1.5967e-29	3.31142e-25	3.58869e-21	2.03519e-17	5.93075e-14	8.54404e-11	5.71315e-08	1.61209e-05	0.00167038	0.0523998	0.39347	0.506399	0.0451019	0.000935535	7.21934e-06	2.65029e-08	5.38276e-11	6.69634e-14	5.48953e-17	3.13283e-20	1.29886e-23	4.0475e-27	9.74635e-31	1.8557e-34	2.84823e-38	3.58259e-42	3.74562e-46	3.29536e-50	2.46614e-54	1.58488e-58	8.82083e-63	4.28379e-67	1.82765e-71	6.89613e-76	2.90416e-80	
Tricri	0	0	0	0	0	0	0	0	0	0	0	0	0	0	0	0	0	1	0	0	0	0	0	0	0	0	0	0	0	0	0	0	0	0	0	0	0	0	0	0	0	
N75	1.76945e-87	1.75244e-61	9.48797e-55	1.03427e-48	3.97139e-43	6.67335e-38	5.46311e-33	2.30396e-28	5.13353e-24	6.06238e-20	3.73404e-16	1.15709e-12	1.69855e-09	1.07635e-06	0.000255669	0.0183718	0.291198	0.633394	0.0558165	0.000957193	5.56869e-06	1.45869e-08	2.03936e-11	1.70349e-14	9.20879e-18	3.41873e-21	9.12386e-25	1.81493e-28	2.77096e-32	3.32649e-36	3.20414e-40	2.51917e-44	1.64065e-48	8.96433e-53	4.15525e-57	1.65007e-61	5.66237e-66	1.69213e-70	4.43415e-75	1.0255e-79	2.5252e-84	
Triwie	0	0	0	0	0	0	0	0	0	0	0	0	0	0	0	0	0	1	0	0	0	0	0	0	0	0	0	0	0	0	0	0	0	0	0	0	0	0	0	0	0	
Triqua	0	0	0	0	0	0	0	0	0	0	0	0	0	0	0	0	0	1	0	0	0	0	0	0	0	0	0	0	0	0	0	0	0	0	0	0	0	0	0	0	0	
N76	5.95406e-73	7.17316e-48	5.27474e-42	7.80077e-37	4.05846e-32	9.226e-28	1.01994e-23	5.79581e-20	1.73518e-16	2.7431e-13	2.24973e-10	9.20548e-08	1.75869e-05	0.00141003	0.0398325	0.295711	0.459906	0.181138	0.0210484	0.000917493	1.83023e-05	1.93267e-07	1.20124e-09	4.75575e-12	1.27384e-14	2.41998e-17	3.38603e-20	3.59824e-23	2.97883e-26	1.96253e-29	1.04776e-32	4.60389e-36	1.68751e-39	5.22062e-43	1.37733e-46	3.12722e-50	6.16058e-54	1.06068e-57	1.60662e-61	2.16128e-65	3.77868e-69	
N77	6.36621e-76	9.01035e-51	7.62471e-45	1.31443e-39	8.08604e-35	2.20867e-30	2.98797e-26	2.12232e-22	8.14403e-19	1.70127e-15	1.91561e-12	1.13146e-09	3.34546e-07	4.61062e-05	0.00266888	0.0560194	0.350402	0.49746	0.0888344	0.00447526	9.263e-05	9.70742e-07	5.87796e-09	2.25178e-11	5.8301e-14	1.07256e-16	1.45812e-19	1.51167e-22	1.22635e-25	7.95408e-29	4.20018e-32	1.83395e-35	6.71073e-39	2.08207e-42	5.53381e-46	1.27148e-49	2.54608e-53	4.47573e-57	6.95232e-61	9.61107e-65	1.63651e-68	
Kinboe	0	0	0	0	0	0	0	0	0	0	0	0	0	0	0	0	0	1	0	0	0	0	0	0	0	0	0	0	0	0	0	0	0	0	0	0	0	0	0	0	0	
Kinfis	0	0	0	0	0	0	0	0	0	0	0	0	0	0	0	0	0	1	0	0	0	0	0	0	0	0	0	0	0	0	0	0	0	0	0	0	0	0	0	0	0	
Kinxen	0	0	0	0	0	0	0	0	0	0	0	0	0	0	0	0	0	1	0	0	0	0	0	0	0	0	0	0	0	0	0	0	0	0	0	0	0	0	0	0	0	
N78	4.27122e-62	5.77875e-48	1.68943e-43	1.95324e-39	1.15744e-35	3.76178e-32	7.22088e-29	1.13682e-24	7.6827e-20	2.08479e-15	1.95744e-11	5.45674e-08	3.75805e-05	0.00618657	0.18906	0.61939	0.175661	0.00950115	0.000162947	1.14912e-06	3.89559e-09	7.03668e-12	7.27423e-15	4.52964e-18	1.76366e-21	4.41345e-25	7.24406e-29	7.91869e-33	5.83463e-37	2.92889e-41	1.01318e-45	2.45155e-50	4.25863e-55	3.96522e-58	6.5071e-58	4.6858e-58	1.46377e-58	7.7141e-59	7.90144e-59	2.18956e-59	1.48055e-60	
N79	1.77625e-58	6.02531e-34	1.29265e-28	5.232e-24	6.90092e-20	3.62393e-16	8.2485e-13	8.34283e-10	3.67895e-07	6.63921e-05	0.00434224	0.0830277	0.321249	0.386221	0.173062	0.030074	0.00190675	4.90092e-05	6.27604e-07	4.62874e-09	2.16913e-11	6.92429e-14	1.58528e-16	2.70815e-19	3.56186e-22	3.69947e-25	3.09859e-28	2.13007e-31	1.21992e-34	5.89611e-38	2.43202e-41	8.64562e-45	2.67191e-48	7.23424e-52	1.72786e-55	3.66326e-59	6.93279e-63	1.17718e-66	1.80176e-70	2.50103e-74	4.42449e-78	
N80	9.18623e-67	4.2739e-41	1.02035e-34	4.34352e-29	5.64209e-24	2.69856e-19	5.08526e-15	3.77475e-11	1.04118e-07	9.35714e-05	0.0211168	0.666096	0.29199	0.0203057	0.000395083	2.78298e-06	8.38789e-09	1.24932e-11	1.03428e-14	5.21353e-18	1.71622e-21	3.89586e-25	6.36669e-29	7.75406e-33	7.23984e-37	5.30511e-41	3.11151e-45	1.4853e-49	5.8539e-54	1.92857e-58	5.36871e-63	1.27482e-67	2.60373e-72	4.608e-77	7.11303e-82	9.63328e-87	1.15069e-91	1.21804e-96	1.14747e-101	9.66188e-107	8.60074e-112	
N81	6.66144e-73	1.43278e-46	1.47671e-39	2.68889e-33	1.476e-27	2.93434e-22	2.24527e-17	6.53877e-13	6.71175e-09	2.05929e-05	0.0136037	0.901873	0.0837307	0.000770541	1.67652e-06	1.31297e-09	4.72102e-13	9.11063e-17	1.05049e-20	7.8211e-25	3.98562e-29	1.45442e-33	3.93919e-38	8.15156e-43	1.31992e-47	1.70594e-52	1.78969e-57	1.54595e-62	1.11314e-67	6.75252e-73	3.48305e-78	1.54012e-83	5.87958e-89	1.95016e-94	5.65129e-100	1.43788e-105	3.22632e-111	6.40907e-117	1.13109e-122	1.77893e-128	2.70452e-134	
N82	2.41222e-70	2.5524e-44	1.3473e-37	1.28275e-31	3.77005e-26	4.1246e-21	1.79375e-16	3.08577e-12	1.96094e-08	3.94745e-05	0.0183694	0.919136	0.0620192	0.000434713	8.28372e-07	6.42783e-10	2.52948e-13	5.78705e-17	8.44424e-21	8.39915e-25	5.98607e-29	3.17722e-33	1.29498e-37	4.15506e-42	1.07121e-46	2.25722e-51	3.94415e-56	5.78578e-61	7.20126e-66	7.67514e-71	7.06116e-76	5.64716e-81	3.95034e-86	2.43029e-91	1.32131e-96	6.37569e-102	2.74083e-107	1.05325e-112	3.62888e-118	1.12402e-123	3.46949e-129	
Chaafr	0	0	0	0	0	0	0	0	0	0	0	1	0	0	0	0	0	0	0	0	0	0	0	0	0	0	0	0	0	0	0	0	0	0	0	0	0	0	0	0	0	
Chacha	0	0	0	0	0	0	0	0	0	0	0	1	0	0	0	0	0	0	0	0	0	0	0	0	0	0	0	0	0	0	0	0	0	0	0	0	0	0	0	0	0	
N83	2.50118e-70	2.56874e-44	1.31594e-37	1.22197e-31	3.52034e-26	3.79514e-21	1.6359e-16	2.80853e-12	1.79638e-08	3.68058e-05	0.0176981	0.930639	0.0513084	0.00031694	5.54251e-07	4.04724e-10	1.52478e-13	3.38223e-17	4.83231e-21	4.74443e-25	3.3609e-29	1.78412e-33	7.31505e-38	2.37425e-42	6.22604e-47	1.34189e-51	2.41203e-56	3.66146e-61	4.74525e-66	5.30071e-71	5.14661e-76	4.37572e-81	3.27942e-86	2.17943e-91	1.29124e-96	6.85304e-102	3.27245e-107	1.41158e-112	5.52028e-118	1.96379e-123	7.02462e-129	
Chacaly	0	0	0	0	0	0	0	0	0	0	0	1	0	0	0	0	0	0	0	0	0	0	0	0	0	0	0	0	0	0	0	0	0	0	0	0	0	0	0	0	0	
Chazey	0	0	0	0	0	0	0	0	0	0	0	1	0	0	0	0	0	0	0	0	0	0	0	0	0	0	0	0	0	0	0	0	0	0	0	0	0	0	0	0	0	
N84	1.54256e-64	4.26724e-39	6.27525e-33	1.66194e-27	1.35703e-22	4.12248e-18	4.98306e-14	2.39225e-10	4.28735e-07	0.00024968	0.0359282	0.700097	0.250995	0.0125614	0.000168197	8.46016e-07	1.98455e-09	2.51902e-12	1.92317e-15	9.54408e-19	3.26486e-22	8.05707e-26	1.48715e-29	2.11387e-33	2.37013e-37	2.13857e-41	1.57928e-45	9.68332e-50	4.99104e-54	2.18583e-58	8.21038e-63	2.66688e-67	7.54547e-72	1.87158e-76	4.09316e-81	7.93343e-86	1.36902e-90	2.11201e-95	2.9237e-100	3.64499e-105	4.87429e-110	
Chadil	0	0	0	0	0	0	0	0	0	0	0	1	0	0	0	0	0	0	0	0	0	0	0	0	0	0	0	0	0	0	0	0	0	0	0	0	0	0	0	0	0	
Chasen	0	0	0	0	0	0	0	0	0	0	0	1	0	0	0	0	0	0	0	0	0	0	0	0	0	0	0	0	0	0	0	0	0	0	0	0	0	0	0	0	0	
Chanam	0	0	0	0	0	0	0	0	0	0	0	1	0	0	0	0	0	0	0	0	0	0	0	0	0	0	0	0	0	0	0	0	0	0	0	0	0	0	0	0	0	
N85	8.22904e-71	1.46456e-47	6.67808e-44	1.23422e-41	1.80521e-37	2.55931e-32	1.70605e-27	5.64088e-23	9.41494e-19	7.80567e-15	3.04099e-11	4.98645e-08	2.84977e-05	0.00459779	0.149356	0.558141	0.252548	0.0334232	0.00185361	5.20374e-05	8.2902e-07	8.06158e-09	5.01909e-11	2.06455e-13	5.78953e-16	5.06611e-17	1.04031e-16	5.61363e-17	9.45025e-18	9.86991e-19	7.91882e-20	4.96421e-21	2.45917e-22	9.76356e-24	3.15431e-25	8.41687e-27	1.88104e-28	3.5673e-30	5.83858e-32	8.85996e-34	2.38397e-35	
Riebrev	0	0	0	0	0	0	0	0	0	0	0	0	0	0	0	0	0	0	0	0	0	0	0	0	0	0	0	0	0	0	1	0	0	0	0	0	0	0	0	0	0	
N86	2.29052e-89	3.22685e-63	2.64706e-56	4.33049e-50	2.47307e-44	6.1277e-39	7.33661e-34	4.48977e-29	1.44077e-24	2.43299e-20	2.12866e-16	9.31535e-13	1.92279e-09	1.70944e-06	0.000568033	0.0553441	0.917524	0.0264023	0.000159639	3.61845e-07	3.98075e-10	2.46913e-13	9.53009e-17	2.45477e-20	4.44568e-24	5.89347e-28	5.90454e-32	4.58801e-36	2.82452e-40	1.40242e-44	5.70128e-49	1.92237e-53	5.43764e-58	1.30413e-62	2.6828e-67	4.81158e-72	7.74595e-77	1.18175e-81	1.85245e-86	3.28363e-91	1.03374e-95	
N87	2.15164e-76	5.40848e-62	2.96202e-57	6.46621e-53	3.79834e-50	3.52089e-48	2.53859e-46	3.60547e-40	3.83029e-34	1.9543e-28	4.69263e-23	5.05963e-18	2.25724e-13	3.64187e-09	1.69486e-05	0.0150374	0.978172	0.00676846	4.88143e-06	9.19154e-10	6.70448e-14	2.35318e-18	4.5451e-23	5.28264e-28	3.93292e-33	1.96154e-38	7.59681e-44	1.35477e-45	6.98867e-47	6.90192e-49	3.9827e-52	1.94331e-55	8.43288e-59	3.27989e-62	1.15064e-65	3.66108e-69	1.06159e-72	2.81718e-76	6.86751e-80	1.54291e-83	3.37547e-87	
N88	1.08716e-89	2.14585e-70	2.37833e-64	4.86609e-59	3.73111e-55	3.69138e-52	6.24597e-48	1.74771e-41	2.42322e-35	1.65321e-29	5.45531e-24	8.3293e-19	5.42536e-14	1.31264e-09	9.28083e-06	0.0121417	0.98205	0.00579621	3.25554e-06	4.67235e-10	2.59367e-14	6.97242e-19	1.04142e-23	9.45718e-29	5.55468e-34	2.20437e-39	6.11638e-45	4.9207e-49	3.61989e-51	5.24855e-54	9.58552e-58	1.36064e-61	1.62619e-65	1.64615e-69	5.25398e-72	2.13949e-70	5.02633e-69	6.4096e-68	4.16892e-67	1.23799e-66	1.4261e-66	
Braset	0	0	0	0	0	0	0	0	0	0	0	0	0	0	0	0	1	0	0	0	0	0	0	0	0	0	0	0	0	0	0	0	0	0	0	0	0	0	0	0	0	
N89	4.78828e-108	1.38336e-80	1.98637e-72	5.55833e-65	5.32635e-58	2.18008e-51	4.2579e-45	4.20865e-39	2.16424e-33	5.81677e-28	8.03976e-23	5.49608e-18	1.73472e-13	2.25484e-09	9.92623e-06	0.0102007	0.983091	0.00669286	5.87006e-06	1.54935e-09	1.75692e-13	1.04062e-17	3.6385e-22	8.16051e-27	1.24602e-31	1.35384e-36	1.0828e-41	6.54506e-47	3.05268e-52	1.11686e-57	3.2472e-63	7.57894e-69	1.43095e-74	2.19745e-80	2.75434e-86	1.71384e-90	3.73576e-91	4.2987e-92	2.33202e-93	5.0397e-95	3.31786e-97	
N90	8.58058e-118	1.26472e-89	8.48767e-81	1.04028e-72	4.13807e-65	6.72806e-58	5.03844e-51	1.85794e-44	3.49495e-38	3.3956e-32	1.69068e-26	4.18859e-21	4.87632e-16	2.41647e-11	4.28817e-07	0.00195231	0.996353	0.00169361	3.92459e-07	2.85893e-11	9.21513e-16	1.57913e-20	1.6102e-25	1.05283e-30	4.65011e-36	1.44011e-41	3.21272e-47	5.26383e-53	6.41911e-59	5.87476e-65	4.05005e-71	2.10165e-77	8.1639e-84	2.34795e-90	4.91049e-97	7.26506e-104	7.29185e-111	4.64961e-118	1.68689e-125	2.81814e-133	1.30007e-141	
Bramel	0	0	0	0	0	0	0	0	0	0	0	0	0	0	0	0	1	0	0	0	0	0	0	0	0	0	0	0	0	0	0	0	0	0	0	0	0	0	0	0	0	
Bratha	0	0	0	0	0	0	0	0	0	0	0	0	0	0	0	0	1	0	0	0	0	0	0	0	0	0	0	0	0	0	0	0	0	0	0	0	0	0	0	0	0	
N91	2.13347e-108	5.44184e-81	7.0571e-73	1.82396e-65	1.6478e-58	6.4803e-52	1.23807e-45	1.2179e-39	6.34032e-34	1.75558e-28	2.54708e-23	1.86684e-18	6.48146e-14	9.58581e-10	5.04387e-06	0.00672157	0.987666	0.00560346	4.30756e-06	1.03444e-09	1.0968e-13	6.205e-18	2.10968e-22	4.67555e-27	7.16254e-32	7.92621e-37	6.55617e-42	4.16452e-47	2.07623e-52	8.27043e-58	2.67129e-63	7.08254e-69	1.5574e-74	2.86496e-80	4.44124e-86	5.83735e-92	6.53844e-98	6.26781e-104	5.15983e-110	3.65779e-116	2.3604e-122	
Bradra	0	0	0	0	0	0	0	0	0	0	0	0	0	0	0	0	1	0	0	0	0	0	0	0	0	0	0	0	0	0	0	0	0	0	0	0	0	0	0	0	0	
Bratra	0	0	0	0	0	0	0	0	0	0	0	0	0	0	0	0	1	0	0	0	0	0	0	0	0	0	0	0	0	0	0	0	0	0	0	0	0	0	0	0	0	
N92	1.17843e-104	1.59703e-77	1.12821e-69	1.61269e-62	8.16884e-56	1.82357e-49	1.99948e-43	1.1399e-37	3.46891e-32	5.65753e-27	4.8675e-22	2.12867e-17	4.43637e-13	3.96446e-09	1.2711e-05	0.0104625	0.980899	0.00861483	1.05305e-05	4.06643e-09	6.98476e-13	6.44132e-17	3.59132e-21	1.31342e-25	3.34325e-30	6.19524e-35	8.65604e-40	9.37928e-45	8.06472e-50	5.60873e-55	3.20603e-60	1.52698e-65	6.13138e-71	2.09682e-76	6.16163e-82	1.56801e-87	3.47943e-93	6.7737e-99	1.16322e-104	1.77067e-110	2.57904e-116	
Bragut	0	0	0	0	0	0	0	0	0	0	0	0	0	0	0	0	1	0	0	0	0	0	0	0	0	0	0	0	0	0	0	0	0	0	0	0	0	0	0	0	0	
Braven	0	0	0	0	0	0	0	0	0	0	0	0	0	0	0	0	1	0	0	0	0	0	0	0	0	0	0	0	0	0	0	0	0	0	0	0	0	0	0	0	0	
N93	2.02625e-95	7.55212e-69	1.48681e-61	5.89167e-55	8.22525e-49	5.02832e-43	1.49913e-37	2.30555e-32	1.87606e-27	8.10097e-23	1.82497e-18	2.06393e-14	1.09702e-10	2.46249e-07	0.00019531	0.0393744	0.932938	0.027375	0.000117333	1.59892e-07	9.67687e-11	3.13277e-14	6.10585e-18	7.77328e-22	6.86024e-26	4.39114e-30	2.11201e-34	7.85306e-39	2.3105e-43	5.48402e-48	1.06732e-52	1.72713e-57	2.3517e-62	2.7225e-67	2.70406e-72	2.32269e-77	1.73759e-82	1.13922e-87	6.58247e-93	3.36888e-98	1.70328e-103	
Brapum	0	0	0	0	0	0	0	0	0	0	0	0	0	0	0	0	1	0	0	0	0	0	0	0	0	0	0	0	0	0	0	0	0	0	0	0	0	0	0	0	0	
Bradam	0	0	0	0	0	0	0	0	0	0	0	0	0	0	0	0	1	0	0	0	0	0	0	0	0	0	0	0	0	0	0	0	0	0	0	0	0	0	0	0	0	
