#Nodes with GAIN events with expectation above 0.5
B3088: 0.617301
BGA709: 0.521781
BGA309: 0.521781
PGA445: 1.22523
FGA379: 0.927142
Furcep: 1.25354
FGA331: 1.28088
FGA174: 0.597387
CGA312: 0.679394
C601: 0.887665
C3125: 1.14675
C3126: 1.26541
N56: 0.599363
C2208: 0.905032
N60: 0.71644
Kinxen: 0.743239
N83: 0.705613
Total number of gain events: 29.1708
#+++++++++++++++++++++++++++++

#Nodes with LOSS events with expectation above 0.5
B3088: 1.03279
BGA709: 0.927407
BGA309: 0.927407
PGA445: 1.40313
N14: 1.73564
Rhaspe: 5.90976
Rhamar: 5.61335
Rhatem: 4.65526
N18: 0.786288
FGA379: 0.847534
N19: 2.12566
N20: 0.950685
F3015: 2.47754
F1476: 1.94575
Furpol: 0.715204
N28: 0.93115
FGA490: 0.731172
Furant: 0.773747
FGA465: 1.57519
N36: 0.519497
FGA99: 1.12018
FGA15: 1.0118
FGA489: 2.3259
FurbGB: 2.95419
CGA763: 1.14676
Calboe: 2.90702
CGA429: 2.01077
N49: 0.742644
C984: 2.40692
CGA310: 1.21659
N51: 0.871038
CGA494: 1.29944
N54: 1.62724
C404: 1.10397
CGA45: 1.09149
C3121: 0.957611
N70: 4.61787
Trihoe: 0.636139
Tribit: 0.636139
Trijac: 1.10113
Kinxen: 0.849106
N77: 2.62991
N78: 2.11287
N79: 0.5955
Chadil: 0.874696
Chasen: 0.874696
Chanam: 3.18829
N83: 1.17136
Total number of loss events: 102.851
#+++++++++++++++++++++++++++++

#Nodes with duplication events with expectation above 0.5
Total number of duplication events: 2.37893e-53
#+++++++++++++++++++++++++++++

#Nodes with demi-duplication events with expectation above 0.5
Total number of demi-dulications events: 0
#+++++++++++++++++++++++++++++

#+++++++++++++++++++++++++++++

#Nodes with transitions in base number with expectation above 0.5
Total number of transitions in base number: 0
#+++++++++++++++++++++++++++++

#EVENTS NOT ACCOUNTED FOR IN THE SIMULATIONS: 
NONE
#+++++++++++++++++++++++++++++

#ALL EVENTS EXPECTATIONS PER NODE
NODE	GAIN	LOSS	DUPLICATION	DEMI-DUPLICATION	BASE-NUMBER
N2	0.221241	0.0433394	8.5423e-83	0	0
N3	0.436422	0.219933	2.58465e-89	0	0
N4	0.077602	0.0565134	1.45566e-99	0	0
B3088	0.617301	1.03279	0	0	0
N5	0.0765264	0.0863914	5.29749e-92	0	0
BGA709	0.521781	0.927407	0	0	0
BGA309	0.521781	0.927407	0	0	0
N6	0.15412	0.239799	5.78747e-102	0	0
N7	0.205604	0.343257	5.582e-95	0	0
B11696	0.180279	0.351339	0	0	0
B11609	0.180279	0.351339	0	0	0
N8	0.0402	0.0803419	2.93776e-89	0	0
N9	0.0113557	0.0216743	9.21298e-114	0	0
N10	0.0732996	0.117342	5.62541e-95	0	0
B983	0.25872	0.472931	0	0	0
B11604	0.25872	0.472931	0	0	0
N11	0.162106	0.308517	2.80858e-100	0	0
BGAA1	0.115659	0.227502	0	0	0
BGA584	0.115659	0.227502	0	0	0
N12	0.155254	0.279342	3.14426e-91	0	0
BGA303	0.151205	0.295688	0	0	0
BGAB1	0.151205	0.295688	0	0	0
PGA445	1.22523	1.40313	0	0	0
N13	0.0329021	0.462843	1.85193e-71	0	0
N14	0.0132739	1.73564	3.33204e-60	0	0
Rhaspe	0.271005	5.90976	0	0	0
N15	0.00618461	0.303057	2.37893e-53	0	0
Rhamar	0.274733	5.61335	0	0	0
Rhatem	0.31665	4.65526	0	0	0
N16	0.0607602	0.0118412	7.89046e-82	0	0
N17	0.21435	0.150312	3.91444e-70	0	0
N18	0.0236738	0.786288	6.75e-69	0	0
FGA379	0.927142	0.847534	0	0	0
N19	0.0149525	2.12566	4.13213e-70	0	0
N20	0.0261117	0.950685	3.73844e-62	0	0
N21	0.00239801	0.485854	1.5957e-62	0	0
F3015	0.109835	2.47754	0	0	0
N22	0.00302016	0.152125	1.02483e-63	0	0
N23	0.0080274	0.101253	3.97204e-75	0	0
N24	0.00627208	0.241364	3.10635e-75	0	0
N25	0.00446139	0.0291696	8.65881e-78	0	0
F1476	0.0802763	1.94575	0	0	0
N26	0.016444	0.0240201	2.94289e-72	0	0
Furcep	1.25354	0.111438	0	0	0
N27	0.00297046	0.257015	8.37825e-76	0	0
Furpol	0.111355	0.715204	0	0	0
N28	0.00954968	0.93115	2.08182e-70	0	0
N29	0.0126841	0.444236	3.91163e-68	0	0
F2241	0.0251152	0.275813	0	0	0
Furang	0.0251152	0.275813	0	0	0
FGA490	0.0489226	0.731172	0	0	0
N30	0.00886172	0.310612	5.37403e-78	0	0
N31	0.0150912	0.0795997	4.90833e-71	0	0
N32	0.0312358	0.0277254	9.22825e-76	0	0
N33	0.00406968	0.161276	2.10023e-82	0	0
N34	0.0118472	0.241167	9.84133e-81	0	0
FGA456	0.0226073	0.163511	0	0	0
FGA513	0.0226073	0.163511	0	0	0
F12278	0.0528695	0.423093	0	0	0
N35	0.247827	0.0222418	9.57811e-79	0	0
Furant	0.0207019	0.773747	0	0	0
FGA331	1.28088	0.03436	0	0	0
FGA465	0.0512686	1.57519	0	0	0
N36	0.0134177	0.519497	7.62425e-76	0	0
FGA99	0.0378287	1.12018	0	0	0
N37	0.0150989	0.107987	6.68653e-69	0	0
FGA15	0.0223392	1.0118	0	0	0
FGA581	0.103435	0.0928976	0	0	0
FGA104	0.277901	0.403171	0	0	0
FGA489	0.107386	2.3259	0	0	0
FGA174	0.597387	0.452897	0	0	0
FurbGB	0.173857	2.95419	0	0	0
N38	0.12011	0.00761771	2.39975e-97	0	0
N39	0.135401	0.0461827	8.7576e-92	0	0
N40	0.181991	0.415523	3.32676e-94	0	0
CGA312	0.679394	0.33068	0	0	0
N41	0.00902229	0.164304	9.93721e-86	0	0
N42	0.00115516	0.427831	1.5844e-85	0	0
N43	0.00924478	0.0119712	6.10744e-75	0	0
N44	0.194264	0.139853	4.00539e-77	0	0
CGA642	0.0565784	0.177444	0	0	0
N45	0.0233266	0.0116624	3.60681e-108	0	0
CGA763	0.014228	1.14676	0	0	0
C601	0.887665	0.0202031	0	0	0
N46	0.00591052	0.0268305	3.24846e-87	0	0
CGA236	0.252932	0.298466	0	0	0
N47	0.00917533	0.112802	1.08573e-92	0	0
N48	0.106933	0.153266	1.84956e-87	0	0
Calboe	0.0114711	2.90702	0	0	0
C3125	1.14675	0.0427249	0	0	0
CGA429	0.0688923	2.01077	0	0	0
N49	0.000693628	0.742644	1.02076e-66	0	0
C984	0.0902674	2.40692	0	0	0
N50	0.00269664	0.220288	1.50033e-83	0	0
CGA310	0.117744	1.21659	0	0	0
N51	0.0307067	0.871038	1.594e-82	0	0
CGA365	0.103606	0.36212	0	0	0
CGA494	0.0409278	1.29944	0	0	0
N52	0.365369	0.0716423	2.19999e-83	0	0
N53	0.00661496	0.0922954	3.16823e-106	0	0
C12265	0.395452	0.0994633	0	0	0
N54	0.0103784	1.62724	1.24563e-85	0	0
C404	0.0168687	1.10397	0	0	0
N55	0.0048289	0.0345541	4.31838e-114	0	0
Cl11778	0.0223499	0.0797242	0	0	0
CGA48	0.0223499	0.0797242	0	0	0
C3126	1.26541	0.0551261	0	0	0
N56	0.599363	0.292102	8.10047e-75	0	0
CGA311	0.193595	0.385674	0	0	0
N57	0.0203224	0.0106144	6.69275e-105	0	0
N58	0.0189495	0.179518	2.21633e-90	0	0
CGA45	0.0502727	1.09149	0	0	0
N59	0.0149926	0.0181107	8.49574e-114	0	0
C3043	0.0864859	0.124586	0	0	0
CGA364	0.0864859	0.124586	0	0	0
C2208	0.905032	0.10682	0	0	0
N60	0.71644	0.488125	2.67872e-93	0	0
N61	0.0521635	0.0830354	2.5056e-105	0	0
CGA453	0.0639246	0.0569326	0	0	0
N62	0.00937083	0.0571302	8.25714e-123	0	0
CGA501	0.0739387	0.0191873	0	0	0
C3121	0.0123626	0.957611	0	0	0
N63	0.12308	0.145481	7.42213e-69	0	0
Calparcri	0.00228835	0.00376747	0	0	0
C3118	0.00228835	0.00376747	0	0	0
N64	0.0129673	0.0157464	3.57826e-92	0	0
N65	0.420265	0.0646378	4.84764e-87	0	0
N66	0.16958	0.220475	4.7503e-93	0	0
N67	0.0437222	0.303903	6.79571e-83	0	0
N68	0.407505	0.0673975	4.93362e-87	0	0
Triowe	0.28717	0.288129	0	0	0
N69	0.0517833	0.0255491	2.22631e-95	0	0
Trijoh	0.203457	0.230655	0	0	0
Trimel	0.203457	0.230655	0	0	0
N70	0.0209387	4.61787	1.28602e-74	0	0
N71	0.0100047	0.454931	2.27958e-69	0	0
Trihoe	0.0468666	0.636139	0	0	0
Tribit	0.0468666	0.636139	0	0	0
Trijac	0.0666706	1.10113	0	0	0
N72	0.368161	0.216695	2.55287e-90	0	0
Tricri	0.238169	0.310611	0	0	0
N73	0.0578775	0.0649515	8.00928e-96	0	0
Triwie	0.138049	0.203419	0	0	0
Triqua	0.138049	0.203419	0	0	0
N74	0.208835	0.0748409	4.83709e-85	0	0
N75	0.430386	0.401912	1.97654e-82	0	0
Kinboe	0.234914	0.369256	0	0	0
Kinfis	0.234914	0.369256	0	0	0
Kinxen	0.743239	0.849106	0	0	0
N76	0.00437798	0.126533	2.14854e-85	0	0
N77	0.0465372	2.62991	4.39578e-62	0	0
N78	0.0848792	2.11287	6.57333e-60	0	0
N79	0.0390676	0.5955	3.02965e-71	0	0
N80	0.0153786	0.120577	3.7903e-72	0	0
Chaafr	0.0607323	0.281592	0	0	0
Chacha	0.0607323	0.281592	0	0	0
N81	0.0211578	0.174425	3.38742e-74	0	0
Chacaly	0.0472591	0.22005	0	0	0
Chazey	0.0472591	0.22005	0	0	0
N82	0.0210811	0.170136	2.606e-63	0	0
Chadil	0.141262	0.874696	0	0	0
Chasen	0.141262	0.874696	0	0	0
Chanam	0.277788	3.18829	0	0	0
N83	0.705613	1.17136	3.38415e-87	0	0
N84	0.0081571	0.0291444	4.21031e-89	0	0
N85	0.00117538	0.002885	2.75833e-106	0	0
Braset	0.0643637	0.0698906	0	0	0
N86	0.0040093	0.00600365	1.00454e-114	0	0
N87	0.0261794	0.029245	6.00452e-80	0	0
Bramel	0.00196113	0.00242803	0	0	0
Bratha	0.00196113	0.00242803	0	0	0
N88	0.0129977	0.0148223	7.39945e-121	0	0
Bradra	0.00887852	0.0105864	0	0	0
Bratra	0.00887852	0.0105864	0	0	0
N89	0.0308214	0.0352697	6.70125e-108	0	0
Bragut	0.0102298	0.0130178	0	0	0
Braven	0.0102298	0.0130178	0	0	0
N90	0.0328003	0.0463149	1.05204e-102	0	0
Brapum	0.0380576	0.0527668	0	0	0
Bradam	0.0380576	0.0527668	0	0	0
#+++++++++++++++++++++++++++++

#Expected number of events from root to leaf
LEAF	GAIN	LOSS	DUPLICATION	DEMI-DUPLICATION	BASE-NUMBER
B3088	1.35256	1.35257	8.5423e-83	0	0
BGA709	1.33357	1.33358	8.5423e-83	0	0
BGA309	1.33357	1.33358	8.5423e-83	0	0
B11696	1.19766	1.19767	8.5423e-83	0	0
B11609	1.19766	1.19767	8.5423e-83	0	0
B983	1.19536	1.19536	8.5423e-83	0	0
B11604	1.19536	1.19536	8.5423e-83	0	0
BGAA1	1.1411	1.14111	8.5423e-83	0	0
BGA584	1.1411	1.14111	8.5423e-83	0	0
BGA303	1.15844	1.15844	8.5423e-83	0	0
BGAB1	1.15844	1.15844	8.5423e-83	0	0
PGA445	1.44647	1.44647	8.5423e-83	0	0
Rhaspe	0.317181	8.10825	3.33204e-60	0	0
Rhamar	0.327094	8.11489	2.37893e-53	0	0
Rhatem	0.36901	7.1568	2.37893e-53	0	0
FGA379	1.25883	2.25882	7.15996e-69	0	0
F3015	0.484983	7.45102	5.33414e-62	0	0
F1476	0.477205	7.44314	5.43662e-62	0	0
Furcep	1.66691	5.63285	5.43662e-62	0	0
Furpol	0.527698	6.49363	5.43662e-62	0	0
F2241	0.463692	7.42962	5.43663e-62	0	0
Furang	0.463692	7.42962	5.43663e-62	0	0
FGA490	0.474816	7.44075	5.43662e-62	0	0
FGA456	0.48618	6.45211	5.43662e-62	0	0
FGA513	0.48618	6.45211	5.43662e-62	0	0
F12278	0.504595	6.47053	5.43662e-62	0	0
Furant	0.716185	6.68215	5.43662e-62	0	0
FGA331	1.97636	5.94276	5.43662e-62	0	0
FGA465	0.467689	7.43362	5.43662e-62	0	0
FGA99	0.452576	7.41851	5.43662e-62	0	0
FGA15	0.452185	7.41812	5.43662e-62	0	0
FGA581	0.533281	6.49921	5.43662e-62	0	0
FGA104	0.664097	5.63003	5.43662e-62	0	0
FGA489	0.485554	7.4515	5.43662e-62	0	0
FGA174	0.970137	4.94052	3.73844e-62	0	0
FurbGB	0.520495	6.49113	7.57318e-69	0	0
CGA312	1.42491	1.425	4.09963e-70	0	0
CGA642	1.01578	2.01572	4.0997e-70	0	0
CGA763	0.996755	2.9967	4.0997e-70	0	0
C601	1.87019	1.87014	4.0997e-70	0	0
CGA236	1.02378	2.02372	4.0997e-70	0	0
Calboe	0.898425	4.89834	4.0997e-70	0	0
C3125	2.0337	2.03405	4.0997e-70	0	0
CGA429	0.848914	3.84883	4.0997e-70	0	0
C984	0.846652	4.83602	1.02117e-66	0	0
CGA310	0.876825	3.86597	1.02117e-66	0	0
CGA365	0.893394	3.88254	1.02117e-66	0	0
CGA494	0.830716	4.81986	1.02117e-66	0	0
C12265	1.52197	1.52202	4.09963e-70	0	0
C404	1.15377	4.15376	4.09963e-70	0	0
Cl11778	1.16408	3.16407	4.09963e-70	0	0
CGA48	1.16408	3.16407	4.09963e-70	0	0
C3126	2.38531	1.38539	4.09963e-70	0	0
CGA311	1.35648	1.35657	4.09972e-70	0	0
CGA45	1.25243	2.25252	4.09972e-70	0	0
C3043	1.30364	1.30373	4.09972e-70	0	0
CGA364	1.30364	1.30373	4.09972e-70	0	0
C2208	2.08824	1.08833	4.09972e-70	0	0
CGA453	1.26065	1.26071	4.09963e-70	0	0
CGA501	1.28004	1.28009	4.09963e-70	0	0
C3121	1.21846	2.21852	4.09963e-70	0	0
Calparcri	1.26993	1.26999	7.83209e-69	0	0
C3118	1.26993	1.26999	7.83209e-69	0	0
Triowe	1.43487	1.43497	1.85193e-71	0	0
Trijoh	1.40294	1.40305	1.85193e-71	0	0
Trimel	1.40294	1.40305	1.85193e-71	0	0
Trihoe	0.818006	6.78838	2.29811e-69	0	0
Tribit	0.818006	6.78838	2.29811e-69	0	0
Trijac	0.827806	6.79845	1.85322e-71	0	0
Tricri	1.3028	1.30285	1.85193e-71	0	0
Triwie	1.26056	1.26061	1.85193e-71	0	0
Triqua	1.26056	1.26061	1.85193e-71	0	0
Kinboe	1.40103	1.40108	1.85193e-71	0	0
Kinfis	1.40103	1.40108	1.85193e-71	0	0
Kinxen	1.47897	1.47902	1.85193e-71	0	0
Chaafr	0.357602	6.35741	6.61729e-60	0	0
Chacha	0.357602	6.35741	6.61729e-60	0	0
Chacaly	0.349908	6.34972	6.61729e-60	0	0
Chazey	0.349908	6.34972	6.61729e-60	0	0
Chadil	0.404767	6.40457	6.61989e-60	0	0
Chasen	0.404767	6.40457	6.61989e-60	0	0
Chanam	0.435333	6.43516	4.39578e-62	0	0
Braset	0.890317	1.89024	1.85193e-71	0	0
Bramel	0.858103	1.85803	1.85193e-71	0	0
Bratha	0.858103	1.85803	1.85193e-71	0	0
Bradra	0.851839	1.85176	1.85193e-71	0	0
Bratra	0.851839	1.85176	1.85193e-71	0	0
Bragut	0.865829	1.86575	1.85193e-71	0	0
Braven	0.865829	1.86575	1.85193e-71	0	0
Brapum	0.887479	1.8874	1.85193e-71	0	0
Bradam	0.887479	1.8874	1.85193e-71	0	0
