NODE	1	2	3	4	5	6	7	8	9	10	11	12	13	14	15	16	17	18	19	20	21	22	23	24	25	26	27	28	29	
N1	2.70701e-59	6.55874e-55	1.09663e-50	1.2033e-46	8.79605e-43	4.31823e-39	1.4006e-35	2.80004e-32	2.84492e-29	2.16467e-26	2.79019e-23	2.25288e-20	1.00806e-17	2.26314e-15	2.20862e-13	7.52542e-12	6.25957e-11	1	4.02537e-11	5.08816e-12	2.71916e-13	7.51971e-15	1.22966e-16	1.30344e-18	9.56922e-21	5.11258e-23	2.06521e-25	6.50146e-28	1.73382e-30	
N2	1.56594e-63	1.93784e-58	1.96645e-53	1.27055e-48	5.25187e-44	1.41588e-39	2.63496e-35	3.75193e-31	4.38889e-27	4.0968e-23	2.62984e-19	1.02348e-15	2.29511e-12	2.77987e-09	1.66012e-06	0.000426883	0.0379155	0.750526	0.200376	0.0105643	0.000189073	1.52302e-06	6.54904e-09	1.68397e-11	2.80629e-14	3.2201e-17	4.10705e-20	5.03822e-21	1.20451e-21	
N3	9.004e-68	4.72388e-62	1.61983e-56	3.19919e-51	3.56026e-46	2.14949e-41	6.63569e-37	9.37996e-33	3.81391e-29	1.33498e-26	2.28993e-22	3.54647e-18	2.95627e-14	1.21674e-10	2.18304e-07	0.00014084	0.0236072	0.547813	0.39832	0.0296201	0.000496089	2.8548e-06	7.25262e-09	9.56922e-12	7.33765e-15	3.54835e-18	1.15104e-21	2.64699e-25	6.60058e-29	
N4	3.76211e-71	2.80357e-65	1.6055e-59	5.88667e-54	1.34687e-48	1.85284e-43	1.45858e-38	5.92358e-34	8.84745e-30	1.02117e-25	2.10083e-21	2.47627e-17	1.53308e-13	4.56972e-10	5.78851e-07	0.000258252	0.0299781	0.526137	0.40662	0.0362282	0.000771987	5.80256e-06	1.94427e-08	3.38857e-11	3.42285e-14	2.16945e-17	9.17234e-21	4.34579e-24	2.03757e-25	
B3088	0	0	0	0	0	0	0	0	0	0	0	0	0	0	0	0	0	1	0	0	0	0	0	0	0	0	0	0	0	
N5	1.90683e-63	1.749e-58	1.63622e-53	1.21679e-48	7.158e-44	3.18967e-39	1.01911e-34	2.22584e-30	3.20241e-26	2.94017e-22	1.6632e-18	5.55997e-15	1.04064e-11	1.01239e-08	4.60518e-06	0.000836045	0.0469498	0.515433	0.392345	0.0430689	0.00134538	1.69868e-05	1.06571e-07	3.79991e-10	8.45698e-13	1.25841e-15	1.31999e-18	1.29075e-21	7.56337e-23	
BGA709	0	0	0	0	0	0	0	0	0	0	0	0	0	0	0	0	0	1	0	0	0	0	0	0	0	0	0	0	0	
BGA309	0	0	0	0	0	0	0	0	0	0	0	0	0	0	0	0	0	1	0	0	0	0	0	0	0	0	0	0	0	
N6	8.9374e-70	5.65089e-64	2.35102e-58	5.71033e-53	8.06461e-48	6.64074e-43	3.27165e-38	9.99356e-34	1.62768e-29	1.9092e-27	9.32835e-24	2.10701e-19	2.6122e-15	1.63586e-11	4.61183e-08	4.8924e-05	0.014358	0.619708	0.350901	0.0148472	0.000137062	4.41051e-07	6.40774e-10	4.94046e-13	2.25488e-16	6.58618e-20	1.30458e-23	1.84825e-27	3.73836e-31	
N7	3.14266e-62	3.01586e-57	2.08317e-52	8.48662e-48	2.00871e-43	2.72704e-39	2.17613e-35	1.19982e-31	6.82784e-28	6.28621e-24	5.94898e-20	3.39229e-16	1.09712e-12	1.86789e-09	1.50185e-06	0.000481705	0.0460507	0.714034	0.228726	0.0105587	0.000145795	8.53381e-07	2.58396e-09	4.59792e-12	5.25127e-15	4.10525e-18	2.30697e-21	9.7365e-25	4.64696e-28	
B11696	0	0	0	0	0	0	0	0	0	0	0	0	0	0	0	0	0	1	0	0	0	0	0	0	0	0	0	0	0	
B11609	0	0	0	0	0	0	0	0	0	0	0	0	0	0	0	0	0	1	0	0	0	0	0	0	0	0	0	0	0	
N8	2.47069e-81	2.19278e-74	1.09385e-67	2.87306e-61	3.97157e-55	2.86862e-49	1.06731e-43	2.05593e-38	1.74317e-33	3.52395e-31	5.57362e-28	7.32511e-23	5.01733e-18	1.60432e-13	2.08272e-09	8.75989e-06	0.00798847	0.663423	0.320686	0.00786184	3.13967e-05	3.58978e-08	1.6103e-11	3.4498e-15	4.02792e-19	2.81317e-23	1.25835e-27	4.8127e-32	1.1597e-34	
N9	3.05181e-65	4.17399e-61	3.96799e-57	2.37194e-53	8.26688e-50	7.53926e-47	1.05382e-44	1.86514e-41	1.10303e-36	2.74975e-32	4.34746e-27	3.97946e-22	1.88779e-17	4.25757e-13	4.00131e-09	1.26546e-05	0.00919408	0.67192	0.311357	0.00748605	3.0979e-05	3.87456e-08	1.98887e-11	5.05748e-15	7.22048e-19	6.31729e-23	3.6682e-27	1.38322e-29	1.85205e-30	
N10	6.53793e-67	1.0087e-61	1.14335e-56	7.82301e-52	3.31396e-47	9.42487e-43	2.1767e-38	5.15656e-34	1.27205e-29	2.70149e-25	3.89931e-21	3.3567e-17	1.6299e-13	4.13953e-10	4.92513e-07	0.000231198	0.0318001	0.686101	0.271236	0.0105205	0.000110342	4.68712e-07	1.00331e-09	1.24063e-12	9.72654e-16	5.17139e-19	1.96726e-22	1.17387e-25	4.45053e-27	
B983	0	0	0	0	0	0	0	0	0	0	0	0	0	0	0	0	0	1	0	0	0	0	0	0	0	0	0	0	0	
B11604	0	0	0	0	0	0	0	0	0	0	0	0	0	0	0	0	0	1	0	0	0	0	0	0	0	0	0	0	0	
N11	5.91571e-65	1.09416e-59	1.39707e-54	1.04506e-49	4.47229e-45	1.054e-40	1.29741e-36	7.81746e-33	2.07221e-29	6.23838e-26	1.073e-21	1.13777e-17	6.83165e-14	2.15315e-10	3.18801e-07	0.000186307	0.0316333	0.799121	0.164743	0.00428404	3.21704e-05	1.01115e-07	1.63538e-10	1.55073e-13	9.42882e-17	3.92296e-20	1.17339e-23	2.65844e-27	9.92098e-31	
BGAA1	0	0	0	0	0	0	0	0	0	0	0	0	0	0	0	0	0	1	0	0	0	0	0	0	0	0	0	0	0	
BGA584	0	0	0	0	0	0	0	0	0	0	0	0	0	0	0	0	0	1	0	0	0	0	0	0	0	0	0	0	0	
N12	2.81458e-64	3.98921e-59	3.98118e-54	2.335e-49	7.88973e-45	1.49502e-40	1.56178e-36	9.51124e-33	4.50009e-29	3.9982e-25	5.45933e-21	4.51073e-17	2.11141e-13	5.19198e-10	6.00623e-07	0.000275005	0.0368366	0.753919	0.202101	0.00680172	6.59947e-05	2.67745e-07	5.58517e-10	6.82645e-13	5.34723e-16	2.86491e-19	1.10314e-22	3.2413e-26	2.15939e-29	
BGA303	0	0	0	0	0	0	0	0	0	0	0	0	0	0	0	0	0	1	0	0	0	0	0	0	0	0	0	0	0	
BGAB1	0	0	0	0	0	0	0	0	0	0	0	0	0	0	0	0	0	1	0	0	0	0	0	0	0	0	0	0	0	
PGA445	0	0	0	0	0	0	0	0	0	0	0	0	0	0	0	0	0	1	0	0	0	0	0	0	0	0	0	0	0	
N13	1.31241e-65	8.44877e-59	2.97321e-52	5.44683e-46	5.11698e-40	2.36812e-34	5.00544e-29	4.05211e-24	2.09609e-20	1.78298e-18	2.20118e-14	7.92896e-11	8.41591e-08	2.95118e-05	0.00342259	0.112437	0.650396	0.233096	0.000618511	3.12538e-07	5.68521e-11	4.93642e-15	2.39047e-19	7.10276e-24	1.37912e-28	1.82902e-33	1.97956e-38	6.71571e-42	4.21086e-44	
N14	1.24369e-44	2.91905e-39	5.05185e-34	4.6998e-29	2.26789e-24	5.39778e-20	5.89012e-16	2.65486e-12	4.26216e-09	1.99178e-06	0.000220772	0.00644581	0.0621955	0.233283	0.370984	0.253604	0.068173	0.00507122	2.05916e-05	3.27501e-08	2.75965e-11	1.41765e-14	4.83178e-18	1.15768e-21	2.03535e-25	2.7522e-29	5.64208e-33	9.08237e-34	1.07185e-33	
Rhaspe	0	0	0	0	0	0	0	0	0	1	0	0	0	0	0	0	0	0	0	0	0	0	0	0	0	0	0	0	0	
N15	4.75752e-32	1.60627e-29	5.33538e-27	1.74501e-24	8.81802e-21	4.75314e-17	1.28186e-13	1.59839e-10	8.28929e-08	1.54543e-05	0.000885144	0.015947	0.105988	0.292031	0.353931	0.188461	0.0402199	0.00250466	1.59407e-05	4.3609e-08	6.76606e-11	6.77063e-14	4.71329e-17	2.39954e-20	9.25587e-24	3.30067e-27	1.33766e-29	8.20688e-30	3.17279e-30	
Rhamar	0	0	0	0	0	0	0	0	0	1	0	0	0	0	0	0	0	0	0	0	0	0	0	0	0	0	0	0	0	
Rhatem	0	0	0	0	0	0	0	0	0	0	1	0	0	0	0	0	0	0	0	0	0	0	0	0	0	0	0	0	0	
N16	1.09589e-71	1.14063e-65	1.3699e-60	3.99341e-55	9.79971e-49	1.1708e-42	6.56163e-37	1.29857e-31	6.6968e-28	1.22547e-23	1.46207e-18	6.0565e-14	7.17939e-10	2.00459e-06	0.00107479	0.0852501	0.663667	0.248498	0.00150635	1.13238e-06	2.2245e-10	1.65593e-14	5.76488e-19	1.06433e-23	1.18458e-28	1.30816e-31	2.15823e-35	1.20242e-36	3.76488e-37	
N17	6.76539e-68	2.5889e-61	5.80537e-55	7.23887e-49	5.00472e-43	1.87884e-37	3.66287e-32	3.37756e-27	8.36781e-23	1.24113e-20	7.64583e-17	1.0744e-12	4.8287e-09	5.27919e-06	0.00137205	0.0749358	0.598941	0.314382	0.0103089	5.44935e-05	8.32588e-08	5.09215e-11	1.52141e-14	2.53404e-18	2.58117e-22	1.72101e-26	8.58657e-31	4.48448e-34	1.42914e-36	
N18	8.57563e-56	2.826e-50	6.97584e-45	1.09019e-39	1.07193e-34	6.54229e-30	2.42453e-25	5.27764e-21	6.41917e-17	4.04457e-13	1.16521e-09	1.20549e-06	0.000221486	0.00862023	0.102499	0.392556	0.41676	0.0776174	0.00171306	1.1025e-05	3.06851e-08	4.52356e-11	3.9985e-14	2.30464e-17	9.20182e-21	2.66398e-24	5.87107e-28	5.86196e-31	2.07332e-32	
FGA379	0	0	0	0	0	0	0	0	0	0	0	0	0	0	0	0	1	0	0	0	0	0	0	0	0	0	0	0	0	
N19	2.78999e-49	7.11471e-44	1.34879e-38	1.57979e-33	1.12638e-28	4.77075e-24	1.15816e-19	1.53204e-15	1.02192e-11	3.05905e-08	3.3714e-05	0.00919217	0.163709	0.433453	0.310222	0.0765251	0.00669237	0.000171316	9.61346e-07	2.10389e-09	2.35126e-12	1.55632e-15	6.70099e-19	2.00251e-22	4.35568e-26	7.15107e-30	9.13188e-34	1.20185e-37	4.06678e-40	
N20	2.10266e-54	2.33854e-48	1.6566e-42	6.79894e-37	1.66885e-31	2.47048e-26	2.2198e-21	1.2542e-16	3.34671e-12	3.6805e-08	0.000128369	0.0705	0.496296	0.392013	0.0400642	0.000991173	7.15402e-06	1.516e-08	1.03738e-11	3.13014e-15	4.97365e-19	4.62976e-23	2.7451e-27	4.14185e-29	3.14877e-30	1.41595e-32	5.41571e-35	7.43594e-36	2.58709e-36	
N21	1.498e-51	4.58461e-47	5.60412e-43	1.26585e-38	8.7507e-33	3.36818e-27	5.75089e-22	9.77517e-17	6.71632e-12	1.51167e-07	0.000727215	0.225874	0.640964	0.129251	0.00316815	1.56416e-05	1.95589e-08	6.89963e-12	8.5233e-16	4.83852e-20	1.48531e-24	2.72887e-29	3.27656e-34	1.77693e-36	5.00628e-38	5.14824e-39	1.21803e-40	2.16714e-40	5.11925e-41	
F3015	0	0	0	0	0	0	0	0	0	0	1	0	0	0	0	0	0	0	0	0	0	0	0	0	0	0	0	0	0	
N22	6.4838e-52	6.66885e-48	2.85687e-44	1.85246e-38	1.41051e-32	5.07934e-27	7.71159e-22	1.3938e-16	9.92815e-12	2.23729e-07	0.00102609	0.299488	0.63456	0.0642879	0.000635968	1.0858e-06	4.52962e-10	6.12983e-14	3.55578e-18	1.06609e-22	1.85801e-27	2.03101e-32	1.5208e-37	4.22558e-40	3.62939e-40	1.63022e-39	8.84642e-42	1.70875e-41	7.17545e-43	
N23	1.54636e-54	7.12948e-51	5.84747e-45	6.88163e-39	4.53232e-33	1.77524e-27	4.14038e-22	5.92833e-17	3.67024e-12	8.23879e-08	0.000481671	0.354015	0.611668	0.0336879	0.000147078	1.15854e-07	2.84478e-11	2.99897e-15	1.64013e-19	5.2395e-24	1.05667e-28	2.80608e-33	5.93582e-37	1.43675e-38	1.46551e-42	2.09608e-44	6.50477e-49	4.32076e-51	3.57942e-55	
N24	2.8782e-66	1.53565e-58	3.53883e-51	3.73973e-44	1.87006e-37	4.23479e-31	4.6824e-25	5.64302e-19	2.5783e-13	3.61786e-08	0.000932054	0.65115	0.345266	0.0026503	9.32852e-07	6.08014e-11	1.31725e-15	1.23982e-20	5.84255e-26	1.49921e-31	2.31178e-37	3.60546e-42	9.78398e-45	2.40955e-45	1.04817e-47	1.8434e-48	1.36322e-51	1.06566e-52	1.29152e-55	
N25	6.11678e-54	2.72215e-49	7.67917e-45	1.37834e-40	6.37306e-35	1.12817e-28	8.35602e-23	4.24507e-17	7.55228e-12	3.85596e-07	0.00338027	0.668171	0.326181	0.00226613	8.07126e-07	6.83126e-11	2.23237e-15	3.49056e-20	2.88264e-25	1.3653e-30	4.48369e-35	2.13807e-36	8.53522e-40	2.04489e-40	6.21495e-42	2.5908e-41	2.19245e-44	6.45727e-45	9.06322e-48	
F1476	0	0	0	0	0	0	0	0	0	0	1	0	0	0	0	0	0	0	0	0	0	0	0	0	0	0	0	0	0	
N26	4.05545e-59	2.10338e-54	1.74366e-47	8.06266e-41	2.06797e-34	2.80935e-28	2.04575e-22	7.05681e-17	1.01211e-11	4.87925e-07	0.00491759	0.665022	0.326136	0.00392168	2.65803e-06	4.43467e-10	2.86178e-14	8.93486e-19	1.53653e-23	1.98994e-28	5.26976e-32	1.87811e-33	8.90696e-37	8.5339e-35	5.02199e-37	4.85315e-37	6.33356e-40	6.27201e-41	1.17677e-43	
Furcep	0	0	0	0	0	0	0	0	0	0	0	0	0	1	0	0	0	0	0	0	0	0	0	0	0	0	0	0	0	
N27	7.0935e-51	2.70888e-48	1.66717e-42	2.71492e-36	2.32864e-30	1.03139e-24	2.26502e-19	2.2919e-14	9.45064e-10	1.2735e-05	0.0346041	0.755797	0.208174	0.00141088	9.77374e-07	2.16701e-10	2.17946e-14	1.19032e-18	3.93355e-23	8.44507e-28	1.32276e-32	6.88252e-35	8.95234e-38	3.69257e-39	4.80324e-43	1.19251e-44	2.78179e-49	1.41273e-51	4.93867e-56	
Furpol	0	0	0	0	0	0	0	0	0	0	0	1	0	0	0	0	0	0	0	0	0	0	0	0	0	0	0	0	0	
N28	7.00105e-50	1.09322e-43	1.07737e-37	6.10446e-32	1.93953e-26	3.31564e-21	2.86802e-16	1.13798e-11	1.77188e-07	0.000817492	0.587511	0.394413	0.0172208	3.69383e-05	2.0933e-08	4.92158e-12	5.99424e-16	4.32192e-20	2.01674e-24	6.49164e-29	1.52531e-33	2.19987e-37	1.59375e-40	1.06488e-42	1.60202e-46	5.77513e-49	2.34303e-53	1.41145e-56	6.48621e-61	
N29	4.2627e-50	8.26088e-44	9.87886e-38	6.70869e-32	2.51884e-26	5.00239e-21	4.9122e-16	2.14244e-11	3.4855e-07	0.00153551	0.865593	0.131796	0.00107371	9.83094e-07	2.8929e-10	3.8771e-14	2.84319e-18	1.27885e-22	3.81388e-27	8.10854e-32	2.34938e-36	8.97993e-39	1.52566e-42	6.70431e-45	3.04507e-49	4.70428e-52	1.13648e-56	3.43623e-60	8.87901e-65	
F2241	0	0	0	0	0	0	0	0	0	0	1	0	0	0	0	0	0	0	0	0	0	0	0	0	0	0	0	0	0	
Furang	0	0	0	0	0	0	0	0	0	0	1	0	0	0	0	0	0	0	0	0	0	0	0	0	0	0	0	0	0	
FGA490	0	0	0	0	0	0	0	0	0	0	1	0	0	0	0	0	0	0	0	0	0	0	0	0	0	0	0	0	0	
N30	3.5115e-59	2.70301e-52	1.24294e-45	3.32326e-39	5.20845e-33	4.66114e-27	2.25349e-21	5.42587e-16	5.20049e-11	1.54214e-06	0.00827683	0.853623	0.137824	0.000274967	8.30686e-08	7.98941e-12	3.39438e-16	7.65001e-21	1.02624e-25	8.86258e-31	5.40208e-36	1.52282e-39	4.41025e-43	1.53164e-45	6.44221e-50	1.18212e-52	9.8013e-58	2.37064e-61	2.08859e-66	
N31	7.65764e-56	3.07475e-49	6.73499e-43	7.38818e-37	3.98994e-31	1.06206e-25	1.3045e-20	2.14093e-15	1.38296e-10	2.77491e-06	0.0103703	0.881882	0.107523	0.000221687	7.67093e-08	8.90241e-12	4.72632e-16	1.3557e-20	2.32208e-25	2.68385e-30	1.43908e-34	1.65569e-36	3.18914e-40	2.86099e-42	9.77558e-43	6.17745e-43	9.48515e-46	4.0094e-47	7.60695e-50	
N32	3.13641e-63	5.15132e-56	4.64037e-49	2.12108e-42	4.97474e-36	5.86195e-30	2.92793e-24	1.95024e-18	5.26955e-13	4.67932e-08	0.000878907	0.878831	0.119785	0.000504652	1.21131e-07	7.62297e-12	1.92121e-16	2.38608e-21	1.64704e-26	1.69467e-31	3.13902e-35	1.9059e-37	6.34362e-42	4.56932e-42	3.04979e-43	3.10566e-44	1.71719e-47	2.87801e-49	1.94737e-52	
N33	5.49805e-57	3.75022e-53	1.62364e-46	4.07216e-40	5.86859e-34	4.74762e-28	2.03158e-22	4.29447e-17	3.87756e-12	1.25241e-07	0.00102541	0.921075	0.0777173	0.000182364	6.42717e-08	7.51036e-12	4.00664e-16	1.15525e-20	1.99189e-25	2.23188e-30	6.8284e-35	1.85977e-36	9.86105e-40	1.87477e-41	5.41975e-46	4.14499e-48	4.42847e-53	4.50481e-56	5.91198e-61	
N34	3.07546e-56	6.93977e-50	1.10342e-43	1.13382e-37	7.22335e-32	2.68851e-26	5.45231e-21	5.56346e-16	2.52024e-11	4.23235e-07	0.00187952	0.968476	0.0295937	4.98815e-05	2.09742e-08	3.50683e-12	2.94664e-16	1.43138e-20	4.408e-25	9.22618e-30	1.90773e-34	7.51231e-37	4.95808e-40	3.22543e-42	1.45645e-46	2.75529e-49	6.37731e-54	1.99473e-57	4.7625e-62	
FGA456	0	0	0	0	0	0	0	0	0	0	0	1	0	0	0	0	0	0	0	0	0	0	0	0	0	0	0	0	0	
FGA513	0	0	0	0	0	0	0	0	0	0	0	1	0	0	0	0	0	0	0	0	0	0	0	0	0	0	0	0	0	
F12278	0	0	0	0	0	0	0	0	0	0	0	1	0	0	0	0	0	0	0	0	0	0	0	0	0	0	0	0	0	
N35	6.0008e-55	7.10237e-49	5.47049e-43	2.50815e-37	6.98598e-32	1.26665e-26	1.59117e-21	1.30174e-16	5.84659e-12	1.0794e-07	0.000628267	0.622324	0.352804	0.0242112	3.21021e-05	1.24687e-08	2.13952e-12	1.97961e-16	1.11412e-20	4.40936e-25	6.62281e-29	1.10589e-30	1.20764e-33	1.09604e-35	6.23838e-40	4.89275e-43	1.64713e-47	5.71634e-51	1.85883e-55	
Furant	0	0	0	0	0	0	0	0	0	0	0	1	0	0	0	0	0	0	0	0	0	0	0	0	0	0	0	0	0	
FGA331	0	0	0	0	0	0	0	0	0	0	0	0	0	1	0	0	0	0	0	0	0	0	0	0	0	0	0	0	0	
FGA465	0	0	0	0	0	0	0	0	0	0	1	0	0	0	0	0	0	0	0	0	0	0	0	0	0	0	0	0	0	
N36	4.83922e-52	1.06711e-45	1.48455e-39	1.19312e-33	5.39937e-28	1.31652e-22	1.63332e-17	9.32132e-13	2.08871e-08	0.000139352	0.14868	0.825935	0.0252063	3.98972e-05	1.71122e-08	3.05801e-12	2.82417e-16	1.5358e-20	5.36613e-25	1.28352e-29	2.37515e-34	1.82284e-37	1.11757e-40	5.11112e-43	3.46676e-47	6.25906e-50	1.66706e-54	4.02582e-58	1.01187e-62	
FGA99	0	0	0	0	0	0	0	0	0	0	1	0	0	0	0	0	0	0	0	0	0	0	0	0	0	0	0	0	0	
N37	1.55533e-51	3.0644e-45	3.83288e-39	2.77385e-33	1.12904e-27	2.47585e-22	2.74696e-17	1.40248e-12	2.82391e-08	0.000170644	0.168575	0.820077	0.0111627	1.51593e-05	6.04534e-09	1.04078e-12	9.46506e-17	5.14593e-21	1.81755e-25	5.60475e-30	1.69464e-33	3.26588e-35	6.14501e-39	6.76196e-41	2.82306e-45	7.02979e-48	1.80552e-52	9.2018e-56	2.61637e-60	
FGA15	0	0	0	0	0	0	0	0	0	0	1	0	0	0	0	0	0	0	0	0	0	0	0	0	0	0	0	0	0	
FGA581	0	0	0	0	0	0	0	0	0	0	0	1	0	0	0	0	0	0	0	0	0	0	0	0	0	0	0	0	0	
FGA104	0	0	0	0	0	0	0	0	0	0	0	0	1	0	0	0	0	0	0	0	0	0	0	0	0	0	0	0	0	
FGA489	0	0	0	0	0	0	0	0	0	0	1	0	0	0	0	0	0	0	0	0	0	0	0	0	0	0	0	0	0	
FGA174	0	0	0	0	0	0	0	0	0	0	0	0	0	1	0	0	0	0	0	0	0	0	0	0	0	0	0	0	0	
FurbGB	0	0	0	0	0	0	0	0	0	0	0	1	0	0	0	0	0	0	0	0	0	0	0	0	0	0	0	0	0	
N38	8.03853e-62	7.03577e-58	3.98286e-54	9.08026e-51	3.6093e-46	8.46393e-41	1.0907e-35	6.80498e-31	1.16832e-26	8.76489e-23	2.63873e-18	3.97048e-14	2.54397e-10	5.6786e-07	0.000337187	0.038459	0.525739	0.412182	0.0230529	0.000228094	6.80674e-07	8.29223e-10	4.97166e-13	1.66008e-16	3.3721e-20	2.95525e-23	2.08702e-25	4.05754e-26	2.91402e-27	
N39	1.16649e-64	2.34065e-59	3.4394e-54	3.17157e-49	1.96291e-44	9.1937e-40	3.72316e-35	1.33315e-30	3.78039e-26	7.44097e-22	8.73867e-18	5.6123e-14	1.81512e-10	2.62389e-07	0.000140888	0.0204985	0.438458	0.492093	0.0478413	0.000961276	6.48018e-06	1.93029e-08	3.01786e-11	2.78116e-14	1.64133e-17	6.60554e-21	2.76232e-24	1.18435e-25	9.73448e-27	
N40	1.07071e-64	4.28565e-59	1.19773e-53	2.01152e-48	2.09615e-43	1.41292e-38	6.13685e-34	1.44191e-29	4.65177e-27	1.05474e-23	2.588e-19	3.51014e-15	2.41922e-11	7.5265e-08	8.71302e-05	0.0259309	0.59812	0.361258	0.0144824	0.000120956	3.48443e-07	4.5412e-10	3.16107e-13	1.31248e-16	3.5139e-20	6.42444e-24	8.38168e-28	8.35349e-32	2.05011e-35	
CGA312	0	0	0	0	0	0	0	0	0	0	0	0	0	0	0	0	0	1	0	0	0	0	0	0	0	0	0	0	0	
N41	3.45176e-79	3.97808e-72	2.58302e-65	8.71265e-59	1.50583e-52	1.28505e-46	5.04284e-41	6.6221e-36	6.01362e-34	7.36011e-29	2.47799e-23	4.13379e-18	3.07309e-13	8.57837e-09	6.36502e-05	0.0403505	0.707165	0.249548	0.00286888	4.20006e-06	1.61073e-09	2.31621e-13	1.53397e-17	5.31853e-22	1.04848e-26	1.23871e-31	9.82806e-37	7.90058e-38	4.28553e-37	
N42	1.4687e-75	1.7799e-69	1.26112e-62	7.67703e-57	1.57006e-51	3.60637e-47	1.00431e-43	1.75703e-39	4.1571e-35	6.42402e-32	2.62171e-25	5.28907e-19	3.60833e-13	6.11079e-08	0.00069103	0.127268	0.833606	0.0384072	2.73786e-05	1.92531e-09	3.37549e-14	2.19978e-19	6.4812e-25	9.58678e-31	7.54316e-37	5.5115e-43	1.79448e-44	9.14677e-43	2.87329e-41	
N43	9.12295e-70	9.25447e-65	5.76487e-60	2.09863e-55	4.47565e-51	5.62312e-47	4.24844e-43	6.67978e-39	3.53189e-35	6.05949e-30	7.0212e-24	3.36126e-18	6.13492e-13	3.54536e-08	0.000384788	0.118813	0.844787	0.0359803	3.4866e-05	5.71494e-09	2.93845e-13	6.29026e-18	6.35516e-23	3.2513e-28	8.50234e-34	2.47372e-37	1.28426e-39	3.27065e-40	9.53576e-39	
N44	1.05495e-72	4.46464e-66	1.0793e-59	1.38759e-53	9.34494e-48	3.17939e-42	5.0823e-37	3.12095e-32	2.01947e-29	1.16898e-27	1.29772e-22	1.05918e-17	4.10649e-13	6.57093e-09	3.39194e-05	0.0338287	0.861919	0.103924	0.000294206	1.93802e-07	4.87355e-11	5.96159e-15	4.09403e-19	1.73275e-23	4.82119e-28	9.25049e-33	1.51072e-37	4.18985e-41	6.09898e-41	
CGA642	0	0	0	0	0	0	0	0	0	0	0	0	0	0	0	0	1	0	0	0	0	0	0	0	0	0	0	0	0	
N45	2.80159e-64	6.05357e-60	8.65601e-56	6.6403e-52	3.46717e-49	4.13295e-47	2.5845e-42	2.60474e-37	7.68112e-33	3.15544e-29	6.52599e-24	9.93134e-19	7.23897e-14	2.19099e-09	2.14897e-05	0.0405285	0.837469	0.12174	0.000240587	1.04788e-07	1.69104e-11	1.30216e-15	5.56075e-20	1.4531e-24	2.48772e-29	3.10117e-34	9.92964e-37	5.97445e-38	2.08324e-39	
CGA763	0	0	0	0	0	0	0	0	0	0	0	0	0	0	0	1	0	0	0	0	0	0	0	0	0	0	0	0	0	
C601	0	0	0	0	0	0	0	0	0	0	0	0	0	0	0	0	0	1	0	0	0	0	0	0	0	0	0	0	0	
N46	6.00641e-65	1.94897e-60	4.22725e-56	4.82636e-52	6.56494e-49	4.72726e-47	3.13651e-42	5.39665e-37	4.87603e-32	2.22311e-26	5.11264e-21	5.42695e-16	2.33068e-11	3.19916e-07	0.000869899	0.135753	0.830651	0.0326695	5.66656e-05	2.18393e-08	3.06103e-12	2.00131e-16	7.05296e-21	1.46722e-25	1.91269e-30	3.93312e-35	1.6989e-36	1.82413e-37	6.5828e-37	
CGA236	0	0	0	0	0	0	0	0	0	0	0	0	0	0	0	0	1	0	0	0	0	0	0	0	0	0	0	0	0	
N47	3.47476e-59	4.13676e-55	3.69661e-51	2.07314e-47	1.18339e-44	2.7229e-42	7.48201e-37	1.6665e-31	2.47732e-26	2.03586e-21	8.27925e-17	1.51942e-12	1.08375e-08	2.31985e-05	0.00913228	0.242517	0.720782	0.0274577	8.7939e-05	7.68751e-08	2.78769e-11	5.18289e-15	5.59479e-19	3.79873e-23	1.71257e-27	5.92841e-32	6.86135e-34	5.386e-35	2.56669e-36	
N48	4.36604e-62	1.97554e-56	6.40125e-51	1.36003e-45	1.90866e-40	1.70115e-35	8.89699e-31	2.46554e-26	2.8904e-22	9.86929e-19	1.71583e-14	1.5135e-10	5.47906e-07	0.000577336	0.0285516	0.305359	0.599614	0.065569	0.000327457	4.87698e-07	3.24177e-10	1.17169e-13	2.5951e-17	3.8176e-21	3.95303e-25	3.04661e-29	8.3671e-33	1.23325e-34	1.36618e-36	
Calboe	0	0	0	0	0	0	0	0	0	0	0	0	0	1	0	0	0	0	0	0	0	0	0	0	0	0	0	0	0	
C3125	0	0	0	0	0	0	0	0	0	0	0	0	0	0	0	0	0	1	0	0	0	0	0	0	0	0	0	0	0	
CGA429	0	0	0	0	0	0	0	0	0	0	0	0	0	0	1	0	0	0	0	0	0	0	0	0	0	0	0	0	0	
N49	3.84489e-60	2.55946e-55	1.10596e-50	2.86607e-46	2.10839e-42	3.68523e-40	2.9285e-37	6.29232e-33	2.16905e-27	8.06773e-22	1.33697e-16	8.74034e-12	1.79952e-07	0.00072746	0.129135	0.564982	0.300531	0.00462105	2.25417e-06	3.15904e-10	1.91743e-14	6.12954e-19	1.15153e-23	1.3604e-28	1.05615e-33	5.95506e-39	3.39361e-40	7.09492e-39	1.7721e-38	
C984	0	0	0	0	0	0	0	0	0	0	0	0	0	1	0	0	0	0	0	0	0	0	0	0	0	0	0	0	0	
N50	7.55615e-57	7.90075e-53	6.34099e-49	3.08508e-45	2.36215e-42	6.18608e-40	2.30927e-34	5.9307e-29	8.61814e-24	6.43545e-19	2.28762e-14	3.43112e-10	1.76959e-06	0.00212187	0.218053	0.590297	0.187554	0.00197166	1.82575e-06	5.87708e-10	9.12894e-14	8.03567e-18	4.40903e-22	1.60501e-26	4.04739e-31	2.20363e-35	7.78412e-37	9.80347e-38	7.39486e-39	
CGA310	0	0	0	0	0	0	0	0	0	0	0	0	0	0	1	0	0	0	0	0	0	0	0	0	0	0	0	0	0	
N51	2.27116e-60	8.62074e-55	2.53281e-49	5.43083e-44	8.88651e-39	1.09618e-33	9.51448e-29	5.33408e-24	1.82113e-19	3.38616e-15	3.15214e-11	1.29581e-07	0.000190537	0.0651292	0.703215	0.22135	0.0100666	4.89512e-05	7.66217e-08	5.49369e-11	2.16907e-14	5.28791e-18	8.60703e-22	9.89994e-26	8.40027e-30	5.49582e-34	9.32327e-38	9.0113e-40	7.30751e-42	
CGA365	0	0	0	0	0	0	0	0	0	0	0	0	0	0	1	0	0	0	0	0	0	0	0	0	0	0	0	0	0	
CGA494	0	0	0	0	0	0	0	0	0	0	0	0	0	1	0	0	0	0	0	0	0	0	0	0	0	0	0	0	0	
N52	5.92319e-72	1.58235e-65	2.46852e-59	2.07926e-53	9.36371e-48	2.18324e-42	2.473e-37	1.14501e-32	4.94143e-30	1.59876e-27	1.34956e-22	7.88365e-18	2.28307e-13	2.88547e-09	1.27779e-05	0.0126191	0.420679	0.5339	0.0326705	0.000118876	1.14422e-07	4.45773e-11	8.71717e-15	9.74037e-19	6.77424e-23	3.11657e-27	1.28597e-31	1.70455e-34	8.58308e-35	
N53	6.20747e-63	9.85586e-59	1.05959e-54	6.899e-51	2.06279e-47	1.64672e-44	6.9856e-42	3.75559e-37	1.09943e-32	7.56216e-28	1.15104e-22	9.30117e-18	3.57269e-13	5.64509e-09	2.8385e-05	0.0259532	0.461969	0.497916	0.0141062	2.78424e-05	1.49396e-08	3.30152e-12	3.71988e-16	2.43384e-20	1.00826e-24	2.81002e-29	5.94773e-34	2.629e-36	9.24591e-38	
C12265	0	0	0	0	0	0	0	0	0	0	0	0	0	0	0	0	0	1	0	0	0	0	0	0	0	0	0	0	0	
N54	5.01065e-79	7.7748e-72	8.72066e-64	6.84667e-57	2.13441e-50	2.94276e-44	1.8651e-38	5.16944e-33	2.83727e-31	3.50565e-27	1.827e-21	4.29144e-16	4.15694e-11	1.40042e-06	0.0106388	0.9104	0.0780779	0.000881471	6.69477e-07	9.90828e-11	5.3929e-15	1.37078e-19	1.83842e-24	1.4069e-29	3.01025e-34	1.897e-37	1.24398e-40	5.2281e-43	7.6107e-44	
C404	0	0	0	0	0	0	0	0	0	0	0	0	0	0	1	0	0	0	0	0	0	0	0	0	0	0	0	0	0	
N55	2.54169e-65	8.83829e-61	1.98213e-56	2.66988e-52	2.08473e-48	8.86924e-45	1.98944e-41	4.37532e-37	9.38639e-34	1.07425e-27	6.33315e-22	1.66887e-16	1.78935e-11	6.5019e-07	0.00490841	0.943963	0.0508884	0.000239694	8.60884e-08	7.94276e-12	2.98193e-16	5.68507e-21	6.15618e-26	4.03436e-31	1.66407e-36	4.89522e-41	1.1701e-43	4.19345e-45	7.31806e-47	
Cl11778	0	0	0	0	0	0	0	0	0	0	0	0	0	0	0	1	0	0	0	0	0	0	0	0	0	0	0	0	0	
CGA48	0	0	0	0	0	0	0	0	0	0	0	0	0	0	0	1	0	0	0	0	0	0	0	0	0	0	0	0	0	
C3126	0	0	0	0	0	0	0	0	0	0	0	0	0	0	0	0	0	0	1	0	0	0	0	0	0	0	0	0	0	
N56	3.08185e-68	3.52689e-62	2.49064e-56	9.48456e-51	1.94995e-45	2.17276e-40	1.33231e-35	4.8623e-31	1.02363e-26	2.95287e-25	1.29531e-23	3.42177e-19	5.23507e-15	3.84733e-11	1.19091e-07	0.00012529	0.0305307	0.779264	0.187207	0.00286204	1.06012e-05	1.49234e-08	1.01091e-11	3.80951e-15	8.79794e-19	1.33297e-22	1.39299e-26	1.06096e-30	1.03066e-34	
CGA311	0	0	0	0	0	0	0	0	0	0	0	0	0	0	0	0	0	1	0	0	0	0	0	0	0	0	0	0	0	
N57	7.82302e-67	1.45253e-62	1.88349e-58	1.48925e-54	5.35146e-51	4.11947e-48	6.28354e-44	6.27402e-39	2.16571e-34	1.20611e-31	1.4572e-26	1.41226e-21	6.98903e-17	1.59172e-12	1.4283e-08	3.9302e-05	0.0210308	0.781973	0.194573	0.00237793	5.89735e-06	4.90561e-09	1.78777e-12	3.37039e-16	3.68005e-20	2.52432e-24	1.1601e-28	5.56398e-32	3.94645e-33	
N58	2.75829e-80	1.88709e-73	7.30144e-67	1.51684e-60	1.70435e-54	1.04321e-48	3.55077e-43	6.97255e-38	7.11707e-33	7.1097e-31	2.63407e-27	3.61415e-22	2.57583e-17	8.61337e-13	1.16689e-08	4.97534e-05	0.0399507	0.893721	0.066011	0.000267615	2.4234e-07	7.98138e-11	1.23017e-14	1.03348e-18	5.23294e-23	1.71288e-27	3.82631e-32	1.98617e-36	8.39553e-39	
CGA45	0	0	0	0	0	0	0	0	0	0	0	0	0	0	0	0	1	0	0	0	0	0	0	0	0	0	0	0	0	
N59	2.67364e-64	2.91086e-60	2.2119e-56	1.04521e-52	2.1594e-49	7.28947e-47	1.44367e-44	7.86883e-40	1.51308e-35	5.2673e-32	8.13776e-27	7.67934e-22	3.84895e-17	9.42496e-13	9.87507e-09	3.51876e-05	0.0267887	0.915186	0.0577411	0.000248521	2.61584e-07	1.06179e-10	2.10483e-14	2.3489e-18	1.61935e-22	7.35559e-27	4.2882e-31	2.13833e-32	1.37e-33	
C3043	0	0	0	0	0	0	0	0	0	0	0	0	0	0	0	0	0	1	0	0	0	0	0	0	0	0	0	0	0	
CGA364	0	0	0	0	0	0	0	0	0	0	0	0	0	0	0	0	0	1	0	0	0	0	0	0	0	0	0	0	0	
C2208	0	0	0	0	0	0	0	0	0	0	0	0	0	0	0	0	0	0	1	0	0	0	0	0	0	0	0	0	0	
N60	8.36433e-61	1.38241e-55	1.59679e-50	1.07199e-45	4.07707e-41	8.42068e-37	8.84689e-33	4.23471e-29	6.23143e-26	4.57223e-24	4.99822e-20	3.74219e-16	1.52481e-12	3.10162e-09	2.77726e-06	0.000900651	0.0759539	0.857325	0.0648526	0.000959708	5.04403e-06	1.24177e-08	1.6843e-11	1.40066e-14	7.70207e-18	2.96221e-21	8.32079e-25	1.77399e-28	3.55486e-32	
N61	2.13467e-75	5.79248e-69	9.62516e-63	9.07526e-57	4.74414e-51	1.31928e-45	1.82025e-40	1.08942e-35	1.18724e-31	3.56205e-31	2.34722e-26	2.20069e-21	1.08733e-16	2.57406e-12	2.52436e-08	8.02236e-05	0.0503325	0.93101	0.0185282	4.89237e-05	3.79641e-08	1.22986e-11	2.02606e-15	1.92414e-19	1.14801e-23	4.57824e-28	1.28054e-32	4.09763e-37	5.73966e-40	
CGA453	0	0	0	0	0	0	0	0	0	0	0	0	0	0	0	0	0	1	0	0	0	0	0	0	0	0	0	0	0	
N62	9.07063e-82	6.62824e-75	2.87585e-68	6.99211e-62	9.32092e-56	6.5432e-50	2.25764e-44	3.26151e-39	1.40782e-35	1.82534e-33	1.49907e-28	3.56545e-23	4.53741e-18	2.80559e-13	7.28683e-09	6.18786e-05	0.101148	0.894073	0.00471328	3.5435e-06	8.25905e-10	8.3707e-14	4.4583e-18	1.40712e-22	2.85729e-27	3.96085e-32	4.79499e-37	1.01855e-39	6.83649e-42	
CGA501	0	0	0	0	0	0	0	0	0	0	0	0	0	0	0	0	0	1	0	0	0	0	0	0	0	0	0	0	0	
C3121	0	0	0	0	0	0	0	0	0	0	0	0	0	0	0	0	1	0	0	0	0	0	0	0	0	0	0	0	0	
N63	9.86493e-80	1.78745e-72	1.55173e-65	6.49675e-59	1.34034e-52	1.35755e-46	6.46549e-41	1.32404e-35	8.95348e-31	2.74446e-32	2.04516e-32	8.77915e-27	2.36541e-21	2.96312e-16	1.58111e-11	3.07558e-07	0.00159639	0.994992	0.00340987	1.65476e-06	2.51342e-10	1.62601e-14	5.22942e-19	9.13537e-24	9.05166e-29	5.14511e-34	1.64624e-39	3.03455e-45	2.15341e-50	
Calparcri	0	0	0	0	0	0	0	0	0	0	0	0	0	0	0	0	0	1	0	0	0	0	0	0	0	0	0	0	0	
C3118	0	0	0	0	0	0	0	0	0	0	0	0	0	0	0	0	0	1	0	0	0	0	0	0	0	0	0	0	0	
N64	7.17082e-66	5.6017e-61	2.76227e-56	8.17098e-52	1.43782e-47	1.47432e-43	1.71115e-39	5.90438e-34	1.5481e-28	2.76565e-23	3.45692e-18	1.39923e-13	1.32305e-09	2.80465e-06	0.00122847	0.0877877	0.660086	0.248659	0.00223267	2.96669e-06	1.09848e-09	1.56436e-13	1.02037e-17	3.38135e-22	6.0758e-27	1.90051e-31	1.8438e-33	1.85682e-34	2.28604e-35	
N65	2.05347e-65	8.66412e-60	2.42252e-54	3.99606e-49	3.90926e-44	2.3103e-39	8.52896e-35	1.97162e-30	2.71941e-26	3.90079e-22	5.34583e-18	3.91886e-14	1.39329e-10	2.12574e-07	0.000115656	0.0165425	0.352634	0.55526	0.0735919	0.0018413	1.41511e-05	4.46696e-08	6.97415e-11	6.11372e-14	3.29635e-17	1.17392e-20	4.32024e-24	5.89634e-26	1.34129e-27	
N66	7.94279e-63	2.29792e-57	4.7638e-52	6.20688e-47	5.1175e-42	2.70317e-37	9.53079e-33	2.44e-28	4.7145e-24	6.33644e-20	4.84449e-16	1.77992e-12	2.81276e-09	1.73617e-06	0.000375661	0.0240803	0.337819	0.572774	0.0635959	0.0013435	9.1487e-06	2.68404e-08	4.05841e-11	3.56666e-14	1.98458e-17	7.45107e-21	1.9844e-24	4.39917e-28	8.5729e-31	
N67	2.34905e-58	1.01758e-52	2.99201e-47	5.22306e-42	5.31688e-37	3.05967e-32	9.48842e-28	1.4667e-23	9.15357e-20	2.50769e-16	1.58045e-12	3.67913e-09	1.22254e-06	0.000135593	0.0057922	0.0921705	0.453709	0.427867	0.0201436	0.00018023	5.50765e-07	7.70348e-10	5.8558e-13	2.70598e-16	8.2223e-20	1.74073e-23	2.68603e-27	3.81842e-31	1.54538e-33	
N68	2.88552e-64	1.5094e-58	5.16749e-53	1.00162e-47	1.08782e-42	6.61446e-38	2.33422e-33	5.07761e-29	5.20223e-25	3.90436e-23	3.03635e-19	2.90542e-15	1.28438e-11	2.36208e-08	1.58647e-05	0.00322313	0.144811	0.781374	0.0696585	0.000914295	3.53888e-06	5.65463e-09	4.54307e-12	2.08745e-15	6.00278e-19	1.16292e-22	1.93131e-26	5.82528e-29	3.89231e-31	
Triowe	0	0	0	0	0	0	0	0	0	0	0	0	0	0	0	0	0	1	0	0	0	0	0	0	0	0	0	0	0	
N69	3.42702e-68	1.29161e-62	3.27681e-57	4.72632e-52	3.81936e-47	1.70885e-42	4.3542e-38	7.49177e-34	1.29675e-29	3.35122e-25	8.08578e-21	1.08685e-16	7.51181e-13	2.40554e-09	3.06079e-06	0.00121756	0.10108	0.816187	0.080364	0.00114288	4.81766e-06	8.47144e-09	7.57322e-12	3.91206e-15	1.27637e-18	2.8071e-22	4.70015e-26	4.68589e-28	3.93508e-29	
Trijoh	0	0	0	0	0	0	0	0	0	0	0	0	0	0	0	0	0	1	0	0	0	0	0	0	0	0	0	0	0	
Trimel	0	0	0	0	0	0	0	0	0	0	0	0	0	0	0	0	0	1	0	0	0	0	0	0	0	0	0	0	0	
N70	8.40401e-52	5.21505e-46	2.26645e-40	6.21963e-35	1.07052e-29	1.12482e-24	6.89711e-20	2.34408e-15	3.94885e-11	2.8892e-07	0.000722209	0.353203	0.499932	0.133813	0.0118929	0.000429039	6.60995e-06	4.01225e-08	6.98615e-11	4.94161e-14	1.81388e-17	3.97765e-21	5.69627e-25	5.66192e-29	4.08217e-33	2.20684e-37	9.17825e-42	3.01457e-46	1.11475e-50	
N71	7.57655e-53	9.61958e-47	8.01995e-41	3.96779e-35	1.14052e-29	1.84367e-24	1.59858e-19	6.93771e-15	1.35504e-10	1.00524e-06	0.00208588	0.606692	0.360982	0.0295971	0.000637568	4.69467e-06	1.32231e-08	1.45851e-11	6.25172e-15	1.31536e-18	1.59284e-22	1.2313e-26	6.52386e-31	2.50223e-35	7.51419e-40	4.85704e-43	9.86114e-47	8.69142e-49	1.14735e-51	
Trihoe	0	0	0	0	0	0	0	0	0	0	0	1	0	0	0	0	0	0	0	0	0	0	0	0	0	0	0	0	0	
Tribit	0	0	0	0	0	0	0	0	0	0	0	1	0	0	0	0	0	0	0	0	0	0	0	0	0	0	0	0	0	
Trijac	0	0	0	0	0	0	0	0	0	0	0	1	0	0	0	0	0	0	0	0	0	0	0	0	0	0	0	0	0	
N72	5.36189e-63	1.16611e-57	1.75513e-52	1.54338e-47	7.82458e-43	2.26833e-38	3.85342e-34	4.11751e-30	2.35096e-26	4.62516e-24	4.94972e-20	4.00337e-16	1.73069e-12	3.65264e-09	3.29879e-06	0.0010391	0.0807421	0.795232	0.12006	0.00290181	2.17654e-05	6.97918e-08	1.1548e-10	1.11528e-13	6.85529e-17	2.85883e-20	8.5014e-24	1.98164e-27	1.39906e-30	
Tricri	0	0	0	0	0	0	0	0	0	0	0	0	0	0	0	0	0	1	0	0	0	0	0	0	0	0	0	0	0	
N73	2.96556e-68	1.035e-62	2.43428e-57	3.30928e-52	2.54021e-47	1.06255e-42	2.32181e-38	2.59111e-34	1.59502e-30	1.60287e-26	4.3428e-22	6.90932e-18	5.94233e-14	2.52772e-10	4.66433e-07	0.000303324	0.0481092	0.843326	0.106413	0.00183864	9.23795e-06	1.91792e-08	2.01345e-11	1.21754e-14	4.64296e-18	1.19314e-21	2.17791e-25	5.72251e-29	1.03774e-30	
Triwie	0	0	0	0	0	0	0	0	0	0	0	0	0	0	0	0	0	1	0	0	0	0	0	0	0	0	0	0	0	
Triqua	0	0	0	0	0	0	0	0	0	0	0	0	0	0	0	0	0	1	0	0	0	0	0	0	0	0	0	0	0	
N74	9.04682e-60	7.39065e-55	5.46487e-50	2.89569e-45	1.12594e-40	3.26793e-36	7.01548e-32	1.06835e-27	1.09293e-23	7.14835e-20	2.83267e-16	6.44054e-13	7.8806e-10	4.74205e-07	0.000122808	0.0110707	0.237921	0.583614	0.15714	0.00990551	0.000222774	2.29025e-06	1.26167e-08	4.15365e-11	8.84239e-14	1.29169e-16	1.39823e-19	1.14274e-21	1.67251e-22	
N75	1.68058e-57	8.06813e-53	2.9046e-48	6.19303e-44	7.77895e-40	5.84213e-36	2.88221e-32	1.2157e-28	5.99666e-25	3.5185e-21	1.62353e-17	4.43158e-14	6.73269e-11	5.26029e-08	1.88568e-05	0.00260566	0.104007	0.697443	0.185608	0.0101223	0.000193222	1.69604e-06	8.075e-09	2.32835e-11	4.39786e-14	5.76977e-17	5.50147e-20	3.96371e-23	2.75788e-26	
Kinboe	0	0	0	0	0	0	0	0	0	0	0	0	0	0	0	0	0	1	0	0	0	0	0	0	0	0	0	0	0	
Kinfis	0	0	0	0	0	0	0	0	0	0	0	0	0	0	0	0	0	1	0	0	0	0	0	0	0	0	0	0	0	
Kinxen	0	0	0	0	0	0	0	0	0	0	0	0	0	0	0	0	0	1	0	0	0	0	0	0	0	0	0	0	0	
N76	7.10113e-47	2.09141e-43	5.09034e-40	8.23898e-37	5.41794e-34	2.07585e-32	3.44533e-30	1.88344e-25	5.5039e-21	7.81691e-17	4.86928e-13	1.10877e-09	6.65743e-07	0.000124833	0.00785314	0.151279	0.634066	0.204274	0.00239476	7.20655e-06	9.03615e-09	5.89934e-12	2.27832e-15	5.64134e-19	9.45404e-23	1.12368e-26	1.00248e-28	6.53618e-29	2.83645e-29	
N77	3.84875e-41	1.66342e-36	5.84364e-32	1.26627e-27	1.67398e-23	1.32336e-19	6.06082e-16	1.53371e-12	1.9989e-09	1.20514e-06	0.00028204	0.0185323	0.15559	0.366156	0.322589	0.118247	0.017689	0.000900806	1.21411e-05	7.46391e-08	2.60275e-10	5.79837e-13	8.90532e-16	9.9473e-19	8.41051e-22	5.55275e-25	2.93906e-28	1.42987e-31	4.96856e-34	
N78	7.53645e-50	4.6148e-44	1.90831e-38	4.68057e-33	6.68789e-28	5.39995e-23	2.35987e-18	5.24381e-14	5.34208e-10	2.14094e-06	0.00256972	0.498308	0.441384	0.0558077	0.00190555	2.25639e-05	1.03879e-07	1.98789e-10	1.75931e-13	8.28433e-17	2.31725e-20	4.17354e-24	5.13778e-28	4.52337e-32	2.95024e-36	1.46608e-40	5.69346e-45	2.01388e-49	2.60951e-53	
N79	2.25299e-55	4.71939e-49	6.49569e-43	5.50997e-37	2.842e-31	8.55587e-26	1.40912e-20	1.18282e-15	4.31099e-11	5.69147e-07	0.00196412	0.845792	0.15004	0.00219696	6.3971e-06	5.75482e-09	2.09702e-12	3.71644e-16	3.64395e-20	2.17016e-24	8.41456e-29	2.24027e-33	4.30314e-38	1.53045e-42	1.24483e-46	1.36045e-49	7.02994e-54	3.90007e-57	2.9662e-61	
N80	2.55703e-52	3.22502e-46	2.65186e-40	1.2833e-34	3.58136e-29	5.58012e-24	4.62609e-19	1.89976e-14	3.45895e-10	2.33181e-06	0.00417064	0.894824	0.100191	0.000810364	1.44609e-06	9.32089e-10	2.82165e-13	4.70857e-17	4.8183e-21	3.26074e-25	1.57373e-29	1.47922e-32	2.3132e-35	5.22634e-37	6.69165e-41	5.53013e-43	3.57761e-47	8.24172e-50	8.0946e-54	
Chaafr	0	0	0	0	0	0	0	0	0	0	0	1	0	0	0	0	0	0	0	0	0	0	0	0	0	0	0	0	0	
Chacha	0	0	0	0	0	0	0	0	0	0	0	1	0	0	0	0	0	0	0	0	0	0	0	0	0	0	0	0	0	
N81	4.60392e-52	5.04874e-46	3.72219e-40	1.65853e-34	4.34961e-29	6.46539e-24	5.17012e-19	2.06528e-14	3.67905e-10	2.43876e-06	0.00430984	0.916956	0.0782229	0.000508303	7.78303e-07	4.48917e-10	1.25055e-13	1.95903e-17	1.9112e-21	1.24911e-25	5.83872e-30	1.84153e-33	2.24338e-36	2.67674e-38	3.61564e-42	1.58272e-44	1.08219e-48	1.35317e-51	1.21677e-55	
Chacaly	0	0	0	0	0	0	0	0	0	0	0	1	0	0	0	0	0	0	0	0	0	0	0	0	0	0	0	0	0	
Chazey	0	0	0	0	0	0	0	0	0	0	0	1	0	0	0	0	0	0	0	0	0	0	0	0	0	0	0	0	0	
N82	8.30108e-47	2.9625e-41	7.23792e-36	1.03331e-30	8.47809e-26	3.88233e-21	9.47828e-17	1.1511e-12	6.25221e-09	1.27886e-05	0.00723446	0.571159	0.388446	0.0324849	0.000657839	4.43162e-06	1.21116e-08	1.56774e-11	1.09648e-14	4.5978e-18	1.25112e-21	2.35269e-25	3.4676e-29	2.1085e-31	1.3844e-34	5.20025e-36	1.63206e-39	3.15954e-41	3.28125e-44	
Chadil	0	0	0	0	0	0	0	0	0	0	0	1	0	0	0	0	0	0	0	0	0	0	0	0	0	0	0	0	0	
Chasen	0	0	0	0	0	0	0	0	0	0	0	1	0	0	0	0	0	0	0	0	0	0	0	0	0	0	0	0	0	
Chanam	0	0	0	0	0	0	0	0	0	0	0	1	0	0	0	0	0	0	0	0	0	0	0	0	0	0	0	0	0	
N83	3.39345e-64	1.92094e-58	7.39473e-53	1.61919e-47	1.96753e-42	1.27191e-37	4.0725e-33	5.3326e-29	3.02243e-27	2.22979e-25	7.44517e-21	1.49794e-16	1.56638e-12	7.70665e-09	1.52805e-05	0.00932601	0.957784	0.0326774	0.00019664	3.93866e-07	3.5164e-10	1.66127e-13	4.64828e-17	8.3355e-21	1.01497e-24	8.76622e-29	5.55487e-33	2.65887e-37	1.11261e-41	
N84	1.24481e-86	3.22541e-79	4.40776e-71	8.67232e-64	6.62515e-57	2.20044e-50	3.05366e-44	1.6034e-38	1.83207e-35	4.5424e-34	4.67667e-29	3.72901e-23	1.29722e-17	1.79808e-12	8.42373e-08	0.000930301	0.989983	0.00907965	6.76156e-06	1.15568e-09	7.03811e-14	1.91542e-18	2.64639e-23	2.00905e-28	9.32775e-34	4.21538e-38	3.7735e-41	1.17031e-41	5.47022e-42	
N85	5.15447e-71	4.45739e-66	2.31788e-61	7.00429e-57	1.22793e-52	1.22689e-48	6.74998e-45	1.84979e-41	2.5561e-39	5.90652e-36	1.06319e-29	1.03666e-23	4.47326e-18	7.88967e-13	4.8351e-08	0.000711395	0.991943	0.00734158	3.80383e-06	4.41759e-10	1.84187e-14	3.51454e-19	3.50785e-24	1.97551e-29	6.55697e-35	2.15165e-40	5.47113e-42	1.9401e-43	6.03745e-43	
Braset	0	0	0	0	0	0	0	0	0	0	0	0	0	0	0	0	1	0	0	0	0	0	0	0	0	0	0	0	0	
N86	6.2598e-70	3.3527e-65	1.16439e-60	2.46336e-56	1.42934e-53	1.2745e-51	4.13694e-46	1.17803e-40	1.39336e-37	3.37176e-33	1.99101e-27	6.25057e-22	9.70496e-17	6.73484e-12	1.7564e-07	0.00122976	0.992872	0.00589386	3.75135e-06	6.67498e-10	4.89882e-14	1.81571e-18	3.83022e-23	4.96317e-28	4.15294e-33	4.24725e-38	5.35722e-40	9.17329e-42	8.94418e-44	
N87	1.2096e-85	6.97358e-78	1.8757e-70	2.42037e-63	1.53071e-56	4.7349e-50	6.85853e-44	4.12123e-38	6.67502e-36	1.80676e-36	2.04053e-30	2.15277e-24	1.06866e-18	2.29644e-13	1.83425e-08	0.000397461	0.998546	0.0010567	1.47857e-07	6.43061e-12	1.19647e-16	1.11431e-21	5.67521e-27	1.64914e-32	2.76241e-38	2.66677e-44	1.91274e-49	2.20814e-53	5.75952e-58	
Bramel	0	0	0	0	0	0	0	0	0	0	0	0	0	0	0	0	1	0	0	0	0	0	0	0	0	0	0	0	0	
Bratha	0	0	0	0	0	0	0	0	0	0	0	0	0	0	0	0	1	0	0	0	0	0	0	0	0	0	0	0	0	
N88	5.97187e-82	7.08017e-75	4.71767e-68	1.70154e-61	3.27504e-55	3.25403e-49	1.56694e-43	3.05859e-38	7.76733e-36	5.65111e-33	2.86778e-27	8.12424e-22	1.16694e-16	7.63369e-12	1.89955e-07	0.00127747	0.995047	0.00367351	1.75906e-06	2.57569e-10	1.63725e-14	5.4509e-19	1.06577e-23	1.31934e-28	1.08892e-33	6.74166e-39	3.07907e-42	1.09761e-44	2.18676e-47	
Bradra	0	0	0	0	0	0	0	0	0	0	0	0	0	0	0	0	1	0	0	0	0	0	0	0	0	0	0	0	0	
Bratra	0	0	0	0	0	0	0	0	0	0	0	0	0	0	0	0	1	0	0	0	0	0	0	0	0	0	0	0	0	
N89	3.30129e-78	1.82034e-71	5.93658e-65	1.08607e-58	1.09375e-52	5.8416e-47	1.54792e-41	1.69177e-36	2.76174e-34	2.08523e-31	6.22078e-26	1.04013e-20	8.87765e-16	3.46738e-11	5.16944e-07	0.0020914	0.992107	0.00579646	4.49073e-06	1.07511e-09	1.12546e-13	6.21094e-18	2.02727e-22	4.22495e-27	5.93023e-32	5.90571e-37	3.73441e-41	8.61996e-44	1.25967e-46	
Bragut	0	0	0	0	0	0	0	0	0	0	0	0	0	0	0	0	1	0	0	0	0	0	0	0	0	0	0	0	0	
Braven	0	0	0	0	0	0	0	0	0	0	0	0	0	0	0	0	1	0	0	0	0	0	0	0	0	0	0	0	0	
N90	4.18931e-73	5.92906e-67	5.30267e-61	2.73408e-55	7.92969e-50	1.24145e-44	9.81545e-40	3.19271e-35	2.77266e-32	1.47199e-27	1.23379e-22	5.75564e-18	1.38061e-13	1.51717e-09	6.34169e-06	0.00717046	0.969571	0.0231789	7.30088e-05	6.96078e-08	2.85539e-11	6.12287e-15	7.76342e-19	6.33433e-23	3.5361e-27	1.41805e-31	1.03273e-35	7.18383e-38	5.04078e-40	
Brapum	0	0	0	0	0	0	0	0	0	0	0	0	0	0	0	0	1	0	0	0	0	0	0	0	0	0	0	0	0	
Bradam	0	0	0	0	0	0	0	0	0	0	0	0	0	0	0	0	1	0	0	0	0	0	0	0	0	0	0	0	0	
