#Nodes with GAIN events with expectation above 0.5
Furcep: 1.91212
N56: 1.87389
N62: 1.03069
N63: 1.91807
N74: 1.0035
C3125: 1.28018
N92: 1.30767
C2208: 0.977655
Total number of gain events: 18.8414
#+++++++++++++++++++++++++++++

#Nodes with LOSS events with expectation above 0.5
Rhaspe: 1.66046
Rhamar: 1.59869
Rhatem: 0.70133
N33: 1.11129
N37: 1.01659
N42: 0.986327
N45: 0.808768
FGA465: 0.985436
N58: 0.79727
N60: 0.788055
FGA489: 1.01413
N69: 0.610486
N73: 1.00769
Calboe: 2.55974
N78: 1.72933
N79: 1.34376
N80: 1.55458
N85: 1.00057
N88: 1.63253
C404: 1.01996
N96: 1.00551
N106: 0.965577
N127: 1.11741
Total number of loss events: 35.5266
#+++++++++++++++++++++++++++++

#Nodes with duplication events with expectation above 0.5
Total number of duplication events: 6.56989e-31
#+++++++++++++++++++++++++++++

#Nodes with demi-duplication events with expectation above 0.5
N2: 0.573506
N33: 0.999812
N64: 0.704131
N112: 0.964411
N116: 0.971901
N118: 0.637891
N127: 0.999523
Total number of demi-dulications events: 8.35006
#+++++++++++++++++++++++++++++

#+++++++++++++++++++++++++++++

#Nodes with transitions in base number with expectation above 0.5
Total number of transitions in base number: 0
#+++++++++++++++++++++++++++++

#EVENTS NOT ACCOUNTED FOR IN THE SIMULATIONS: 
NONE
#+++++++++++++++++++++++++++++

#ALL EVENTS EXPECTATIONS PER NODE
NODE	GAIN	LOSS	DUPLICATION	DEMI-DUPLICATION	BASE-NUMBER
N2	0.0211541	0.0132695	5.99789e-33	0.573506	0
N3	0.0771189	0.0726922	1.29212e-34	0.419543	0
N4	0.0162445	0.00961115	3.25362e-41	0.00469327	0
B3088	0.279694	0.301573	0	0.00193399	0
N5	0.0223506	0.0168308	7.17693e-38	0.000895588	0
N6	0.227115	0.254519	3.08314e-51	0.00103818	0
BGA709	9.95674e-08	2.38388e-07	0	2.06104e-10	0
BGA710	9.95674e-08	2.38388e-07	0	2.06104e-10	0
BGA309	0.226954	0.254358	0	0.00103818	0
N7	0.0347611	0.04422	6.89903e-43	0.0064661	0
N8	0.0647434	0.0614545	2.71247e-40	0.000150853	0
N9	0.0622325	0.0713121	1.03757e-56	1.03031e-05	0
B11696	6.56563e-08	1.62929e-07	0	4.89516e-12	0
B11697	6.56563e-08	1.62929e-07	0	4.89516e-12	0
N10	0.0526302	0.0615521	3.30883e-50	1.02934e-05	0
B11609	0.000420659	0.000578499	0	9.28113e-09	0
BGA392	0.000420659	0.000578499	0	9.28113e-09	0
N11	0.00490492	0.00794135	6.74395e-49	0.000157515	0
N12	0.00106723	0.00126432	7.12151e-47	2.86454e-06	0
N13	0.0149063	0.0121649	8.00816e-44	6.39183e-07	0
N14	0.0880872	0.0933856	1.693e-62	1.28126e-07	0
B985	8.57423e-08	1.96952e-07	0	1.89499e-13	0
B983	8.57423e-08	1.96952e-07	0	1.89499e-13	0
N15	0.0454857	0.0488601	7.25205e-51	1.26129e-07	0
N16	0.0113553	0.0132793	8.78888e-65	2.3528e-09	0
B199	2.29412e-08	5.83362e-08	0	2.23445e-15	0
BGAA3	2.29412e-08	5.83362e-08	0	2.23445e-15	0
N17	0.0113541	0.0132781	8.83713e-65	2.3528e-09	0
B11604	3.24565e-08	8.25513e-08	0	3.16512e-15	0
BGA583	3.24565e-08	8.25513e-08	0	3.16512e-15	0
N18	0.0272404	0.0263677	5.38679e-46	7.44767e-07	0
N19	0.0577175	0.0611461	9.04172e-63	2.25336e-08	0
BGA89	7.62231e-07	1.76019e-06	0	4.94781e-13	0
BGA40	7.62231e-07	1.76019e-06	0	4.94781e-13	0
N20	0.00553437	0.00593737	1.07388e-50	1.92827e-08	0
N21	0.0366335	0.0396601	8.7304e-59	3.25006e-09	0
BGAA2	5.66054e-08	1.3429e-07	0	1.02766e-14	0
BGAA1	5.66054e-08	1.3429e-07	0	1.02766e-14	0
N22	0.0321342	0.0351383	1.10535e-58	3.24932e-09	0
BGA584	1.61754e-05	3.86871e-05	0	2.46767e-12	0
BGA706	1.61754e-05	3.86871e-05	0	2.46767e-12	0
N23	0.0490926	0.0452315	2.99196e-47	3.38705e-06	0
N24	0.0502576	0.0568622	1.39401e-59	2.48611e-07	0
BGA304	7.14879e-06	1.75805e-05	0	1.88039e-11	0
BGA303	7.14879e-06	1.75805e-05	0	1.88039e-11	0
N25	0.0523601	0.0589751	1.20846e-59	2.48627e-07	0
BGAB1	4.39355e-08	1.07518e-07	0	1.12542e-13	0
BGA7	4.39355e-08	1.07518e-07	0	1.12542e-13	0
N26	0.475775	0.487868	4.41124e-47	0.426165	0
PGA445	2.61217e-06	5.71546e-06	0	1.0304e-06	0
PGA363	2.61217e-06	5.71546e-06	0	1.0304e-06	0
N27	0.00681751	0.0167962	5.40146e-37	3.07696e-07	0
N28	0.0033226	0.451858	8.87774e-40	2.29795e-09	0
Rhaspe	0.11621	1.66046	0	0.000408672	0
N29	0.00267062	0.0601904	5.83847e-34	6.54951e-08	0
Rhamar	0.111787	1.59869	0	0.000453086	0
Rhatem	0.211062	0.70133	0	0.00126688	0
N30	0.00863267	0.000706631	8.32401e-45	2.16663e-08	0
N31	0.0146448	0.0134579	6.00792e-46	0.000112157	0
N32	0.0110473	0.0167549	1.91431e-42	1.15613e-06	0
N33	0.144912	1.11129	1.45369e-48	0.999812	0
FGA379	1.62495e-07	2.46383e-06	0	0	0
F647	1.62495e-07	2.46383e-06	0	0	0
N34	0.0278005	0.0139822	1.06871e-38	8.96039e-07	0
N35	0.0275526	0.0210745	4.52816e-39	8.91867e-07	0
N36	0.00114062	0.0288486	6.00513e-41	2.49056e-07	0
N37	0.0288684	1.01659	8.18317e-48	1.73725e-08	0
F3016	1.32044e-08	1.1268e-06	0	6.10871e-13	0
F3015	1.32044e-08	1.1268e-06	0	6.10871e-13	0
N38	0.00221419	0.00455967	1.15379e-39	2.73191e-08	0
N39	0.0113135	0.00169273	1.14161e-39	6.08972e-08	0
N40	0.00216501	0.0204511	1.41524e-43	2.62681e-08	0
N41	0.000706405	0.012932	3.40836e-48	1.61073e-10	0
N42	0.0218199	0.986327	9.03479e-47	8.79191e-09	0
F1476	1.66806e-08	2.38588e-06	0	3.38967e-13	0
FGA81	1.66806e-08	2.38588e-06	0	3.38967e-13	0
N43	0.00580621	0.0056188	3.72381e-40	1.83649e-09	0
Furcep	1.91212	0.0822026	0	0.0410762	0
N44	0.00073342	0.0291342	8.69033e-39	1.12254e-08	0
Furpol	0.0891397	0.0254451	0	8.62374e-07	0
N45	0.00187433	0.808768	1.71025e-39	2.33035e-09	0
N46	0.0018949	0.115497	1.2411e-44	1.47992e-10	0
N47	0.00380911	0.0196115	3.16982e-60	4.04648e-10	0
F2241	1.74512e-07	2.19057e-06	0	3.47282e-13	0
F12266	1.74512e-07	2.19057e-06	0	3.47282e-13	0
Furang	0.00440967	0.0202141	0	3.79746e-10	0
Fga490	0.0115622	0.14097	0	1.24942e-07	0
N48	0.00399516	0.0128756	1.22414e-51	2.2099e-10	0
N49	0.00717505	0.00349228	6.00674e-48	8.99255e-10	0
N50	0.03051	0.000789985	8.47237e-43	4.40883e-08	0
N51	0.00114487	0.00184977	2.80923e-43	1.06568e-08	0
N52	0.00230076	0.00266615	1.41527e-41	1.38897e-09	0
FGA456	0.00527491	0.0055205	0	5.74769e-10	0
N53	0.00490107	0.00514644	1.58912e-61	4.07939e-10	0
FGA516	1.37478e-07	3.62898e-07	0	1.03649e-12	0
FGA513	1.37478e-07	3.62898e-07	0	1.03649e-12	0
N54	0.0108323	0.0114433	5.17861e-59	1.53564e-09	0
F12278	1.85813e-08	4.8713e-08	0	6.11327e-13	0
F12279	1.85813e-08	4.8713e-08	0	6.11327e-13	0
N55	0.126967	0.00306353	1.97587e-43	4.662e-07	0
Furant	0.00634545	0.131585	0	2.24624e-06	0
N56	1.87389	0.000288553	3.50838e-58	7.75277e-06	0
FGA331	9.51508e-06	1.0151e-07	0	1.94727e-09	0
FGA332	9.51508e-06	1.0151e-07	0	1.94727e-09	0
FGA465	0.0138953	0.985436	0	2.9375e-09	0
N57	0.00342255	0.181909	6.82235e-49	2.9001e-10	0
N58	0.00791797	0.79727	2.12278e-61	2.22762e-08	0
FGA99	6.01801e-08	1.71825e-05	0	3.47071e-13	0
F12269	6.01801e-08	1.71825e-05	0	3.47071e-13	0
N59	0.00982038	0.0166853	3.18465e-44	1.8478e-09	0
N60	0.00555403	0.788055	5.34338e-60	4.9684e-09	0
FGA15	6.20084e-09	3.13425e-06	0	1.62381e-14	0
FGA440	6.20084e-09	3.13425e-06	0	1.62381e-14	0
N61	0.223954	0.00646797	2.99647e-60	2.32905e-06	0
FGA581	5.56374e-07	3.7255e-08	0	3.63953e-11	0
FGA582	5.56374e-07	3.7255e-08	0	3.63953e-11	0
N62	1.03069	0.0291106	3.2536e-57	0.000679101	0
FGA104	1.77237e-06	1.16261e-07	0	1.57917e-09	0
FGA105	1.77237e-06	1.16261e-07	0	1.57917e-09	0
FGA489	0.0287533	1.01413	0	4.53029e-09	0
N63	1.91807	0.0995524	7.75236e-47	0.0314981	0
FGA174	8.58433e-05	1.45332e-05	0	3.01237e-07	0
FGA175	8.58433e-05	1.45332e-05	0	3.01237e-07	0
FurbGB	0.119414	0.128502	0	3.40899e-05	0
N64	0.000579341	0.00235332	1.83041e-43	0.704131	0
N65	0.0115251	0.0246138	7.05267e-39	0.231082	0
N66	0.0419971	0.328822	3.80339e-44	0.0621208	0
N67	0.405547	0.105311	5.54381e-50	0.000917649	0
CGA312	2.00706e-05	1.07365e-05	0	2.03376e-08	0
CGA963	2.00706e-05	1.07365e-05	0	2.03376e-08	0
N68	0.00153795	0.20201	2.49463e-46	0.000878153	0
N69	0.00020014	0.610486	1.40754e-51	2.21731e-05	0
N70	0.0078358	0.00464655	5.25402e-52	8.86406e-07	0
N71	0.13797	0.0319671	1.11357e-52	2.06302e-07	0
CGA642	0.0321	0.0296004	0	5.36077e-09	0
N72	0.0112074	0.00565557	7.10962e-52	3.21748e-09	0
N73	0.00462817	1.00769	2.14775e-58	2.2049e-09	0
CGA763	5.31381e-09	2.56243e-06	0	1.07578e-15	0
CGA764	5.31381e-09	2.56243e-06	0	1.07578e-15	0
N74	1.0035	0.00656978	6.12409e-59	3.02822e-09	0
C601	1.65233e-06	1.90385e-08	0	1.98552e-12	0
C602	1.65233e-06	1.90385e-08	0	1.98552e-12	0
N75	0.00191995	0.0163653	1.13982e-46	5.29513e-08	0
CGA236	0.192589	0.0695838	0	4.01421e-07	0
N76	0.00193516	0.162769	1.35888e-41	1.37434e-08	0
N77	0.0487587	0.109478	1.41279e-38	7.75865e-09	0
Calboe	0.00163071	2.55974	0	4.34602e-09	0
C3125	1.28018	0.0512109	0	0.0182076	0
N78	0.0133419	1.72933	2.11322e-55	3.28063e-08	0
CGA429	0	0	0	0	0
CGA430	0	0	0	0	0
N79	2.4531e-05	1.34376	5.13509e-48	7.43084e-07	0
N80	0.0206871	1.55458	4.96157e-58	6.22453e-08	0
C985	0	0	0	0	0
C984	0	0	0	0	0
N81	0.000665549	0.180054	3.60667e-40	3.90668e-08	0
N82	0.0419151	0.39612	8.37865e-46	2.16982e-08	0
CGA310	0.000423695	0.000704965	0	1.57855e-10	0
CGA314	0.000423695	0.000704965	0	1.57855e-10	0
N83	0.00898055	0.37308	2.15114e-41	2.03927e-08	0
N84	0.0649733	0.0553469	1.03111e-61	1.30238e-09	0
CGA382	0.000117029	0.000130034	0	8.33344e-11	0
CGA365	0.000117029	0.000130034	0	8.33344e-11	0
N85	0.0101893	1.00057	1.40717e-62	1.23702e-09	0
CGA494	1.50691e-08	3.98125e-06	0	2.27792e-15	0
CGA495	1.50691e-08	3.98125e-06	0	2.27792e-15	0
N86	0.230431	0.0267666	1.56262e-49	3.84089e-05	0
N87	0.00275759	0.0584655	2.62223e-48	2.86796e-07	0
C12265	0.380073	0.0272987	0	3.66547e-07	0
N88	0.00121193	1.63253	5.21246e-49	2.08609e-07	0
C404	0.00408519	1.01996	0	8.41324e-10	0
N89	0.00272161	0.0132994	1.77829e-57	7.9652e-10	0
N90	0.00731492	0.0126162	1.65852e-62	4.00742e-11	0
Cl11778	9.95589e-08	4.36677e-07	0	3.38256e-15	0
Cl11779	9.95589e-08	4.36677e-07	0	3.38256e-15	0
N91	0.0040903	0.00925927	1.91876e-55	3.99902e-11	0
CGA594	0.000131524	0.000264202	0	2.8972e-13	0
CGA48	0.000131524	0.000264202	0	2.8972e-13	0
N92	1.30767	0.0106573	1.75986e-59	6.97817e-06	0
C3134	5.07565e-06	1.50136e-07	0	3.95145e-10	0
C3126	5.07565e-06	1.50136e-07	0	3.95145e-10	0
N93	0.152568	0.0978711	4.73408e-42	0.0627397	0
CGA311	0.065467	0.107166	0	0.000298992	0
N94	0.00737004	0.00201514	1.21801e-44	0.000249715	0
N95	0.0035985	0.0554803	8.08086e-48	4.73263e-05	0
N96	0.0103306	1.00551	2.21326e-62	6.95133e-07	0
CGA45	2.27959e-08	3.49836e-06	0	0	0
CGA46	2.27959e-08	3.49836e-06	0	0	0
N97	0.00708685	0.00266709	2.1816e-47	6.10658e-07	0
N98	0.0061642	0.00547438	1.1756e-48	8.15706e-08	0
N99	0.00345904	0.00373509	6.51141e-70	1.38976e-09	0
C3043	1.23995e-05	2.88532e-05	0	1.5656e-12	0
CGA87	1.23995e-05	2.88532e-05	0	1.5656e-12	0
N100	0.00321373	0.00348431	1.88677e-65	1.38908e-09	0
CGA368	0.000120864	0.000142787	0	2.2426e-12	0
CGA557	0.000120864	0.000142787	0	2.2426e-12	0
CGA364	0.0263023	0.025905	0	8.2961e-08	0
C2208	0.977655	0.0247172	0	4.80416e-05	0
N101	0.170284	0.16851	2.81731e-39	0.290952	0
N102	0.0112242	0.0194881	1.48026e-44	0.00314037	0
N103	0.018251	0.0124428	7.45163e-62	4.61372e-05	0
CGA453	4.13386e-06	6.06335e-06	0	4.34135e-09	0
CGA383	4.13386e-06	6.06335e-06	0	4.34135e-09	0
N104	0.00137577	0.0301301	8.47125e-51	4.5109e-05	0
N105	0.0381561	0.00359552	4.06592e-61	1.02788e-06	0
CGA501	2.61641e-07	6.98475e-08	0	2.72768e-12	0
C11776	2.61641e-07	6.98475e-08	0	2.72768e-12	0
N106	0.000147562	0.965577	1.43409e-60	1.02781e-06	0
C3121	1.11258e-08	1.00929e-05	0	0	0
C3123	1.11258e-08	1.00929e-05	0	0	0
N107	0.0370064	0.0393168	3.69248e-46	0.00318206	0
Calparcri	0.000434674	0.000583005	0	4.46825e-06	0
C3118	0.000434674	0.000583005	0	4.46825e-06	0
N108	0.000781992	0.000425729	4.05397e-43	3.89367e-09	0
N109	0.0153134	0.0114061	9.47354e-42	0.000324703	0
N110	0.0175159	0.018111	6.56084e-40	1.77693e-05	0
N111	0.00845492	0.0090415	1.29459e-39	7.61921e-07	0
N112	0.0211647	0.0200356	5.80951e-41	0.964411	0
Triowe	0.0778597	0.0813671	0	0.0352448	0
N113	0.00486012	0.00416457	1.97133e-42	0.0253051	0
Trijoh	0.0594748	0.0636196	0	0.00993923	0
Trimel	0.0594748	0.0636196	0	0.00993923	0
N114	0.0289826	0.0300328	7.61939e-36	3.69648e-08	0
N115	0.00276136	0.0033495	1.90777e-39	9.34702e-08	0
Trihoe	0.0108223	0.0116926	0	1.32546e-08	0
Tribit	0.0108223	0.0116926	0	1.32546e-08	0
Trijac	0.0187132	0.0201718	0	1.09182e-07	0
N116	0.0656495	0.0658498	1.7593e-36	0.971901	0
Tricri	0.0748057	0.0800408	0	0.0277573	0
N117	0.00955581	0.0101045	5.69056e-41	0.0238973	0
Triwie	0.0424593	0.0470784	0	0.00385959	0
Triqua	0.0424593	0.0470784	0	0.00385959	0
N118	0.0229683	0.0152966	5.44775e-39	0.637891	0
N119	0.110944	0.108367	3.92127e-34	0.338217	0
Kinboe	0.0769906	0.0922668	0	0.0232117	0
Kinfis	0.0769906	0.0922668	0	0.0232117	0
Kinxen	0.247486	0.258908	0	0.361429	0
N120	0.00147172	0.00321649	7.1421e-39	2.43605e-07	0
N121	0.0447427	0.0318044	2.05995e-33	1.14085e-06	0
N122	0.0479608	0.0561093	6.47812e-31	5.66021e-06	0
N123	0.00835007	0.0104563	2.28937e-41	3.04499e-07	0
N124	0.00243939	0.00235079	5.91021e-42	4.67618e-09	0
Chaafr	0.0121648	0.0126902	0	1.75294e-09	0
Chacha	0.0121648	0.0126902	0	1.75294e-09	0
N125	0.00346346	0.00340611	1.33149e-42	4.95833e-09	0
Chacaly	0.00955799	0.0100521	0	2.99718e-09	0
Chazey	0.00955799	0.0100521	0	2.99718e-09	0
N126	0.00399503	0.00376671	3.42073e-36	2.06065e-07	0
Chadil	0.03547	0.0382414	0	1.15124e-07	0
Chasen	0.03547	0.0382414	0	1.15124e-07	0
Chanam	0.172286	0.18316	0	4.7625e-05	0
N127	0.166073	1.11741	1.02107e-36	0.999523	0
N128	0.00179746	0.0126672	2.71536e-50	0.000453685	0
N129	0.00028728	0.00064117	1.27069e-55	1.47993e-06	0
Braset	0.0149515	0.0152726	0	9.50464e-08	0
N130	0.000851972	0.000994725	3.43072e-51	9.24731e-08	0
N131	0.00621375	0.00635265	1.82216e-56	2.54977e-09	0
Bramel	0.000452427	0.000491865	0	2.50641e-12	0
Bratha	0.000452427	0.000491865	0	2.50641e-12	0
N132	0.00324707	0.00329584	7.08901e-53	2.53461e-09	0
Bradra	0.00245387	0.00258344	0	1.76543e-11	0
Bratra	0.00245387	0.00258344	0	1.76543e-11	0
N133	0.00677322	0.00721698	1.68812e-54	1.56883e-06	0
Bragut	0.00287304	0.00310422	0	7.67989e-09	0
Braven	0.00287304	0.00310422	0	7.67989e-09	0
N134	0.00676212	0.0159598	1.92105e-46	0.000446573	0
Brapum	0.00831565	0.0106633	0	8.69005e-06	0
Bradam	0.00831565	0.0106633	0	8.69005e-06	0
#+++++++++++++++++++++++++++++

#Expected number of events from root to leaf
LEAF	GAIN	LOSS	DUPLICATION	DEMI-DUPLICATION	BASE-NUMBER
B3088	0.394211	0.397146	6.12711e-33	0.999677	0
BGA709	0.363983	0.366923	6.12718e-33	0.999676	0
BGA710	0.363983	0.366923	6.12718e-33	0.999676	0
BGA309	0.363822	0.366762	6.12718e-33	0.999676	0
B11696	0.26001	0.262949	6.12711e-33	0.999677	0
B11697	0.26001	0.262949	6.12711e-33	0.999677	0
B11609	0.250828	0.253767	6.12711e-33	0.999677	0
BGA392	0.250828	0.253767	6.12711e-33	0.999677	0
B985	0.242	0.244938	6.12711e-33	0.999677	0
B983	0.242	0.244938	6.12711e-33	0.999677	0
B199	0.210754	0.213692	6.12711e-33	0.999677	0
BGAA3	0.210754	0.213692	6.12711e-33	0.999677	0
B11604	0.210753	0.213691	6.12711e-33	0.999677	0
BGA583	0.210753	0.213691	6.12711e-33	0.999677	0
BGA89	0.223965	0.226903	6.12711e-33	0.999677	0
BGA40	0.223965	0.226903	6.12711e-33	0.999677	0
BGAA2	0.208415	0.211353	6.12711e-33	0.999677	0
BGAA1	0.208415	0.211353	6.12711e-33	0.999677	0
BGA584	0.203931	0.206869	6.12711e-33	0.999677	0
BGA706	0.203931	0.206869	6.12711e-33	0.999677	0
BGA304	0.237296	0.240234	6.12711e-33	0.999677	0
BGA303	0.237296	0.240234	6.12711e-33	0.999677	0
BGAB1	0.239392	0.24233	6.12711e-33	0.999677	0
BGA7	0.239392	0.24233	6.12711e-33	0.999677	0
PGA445	0.496931	0.501143	5.99789e-33	0.999671	0
PGA363	0.496931	0.501143	5.99789e-33	0.999671	0
Rhaspe	0.12635	2.12911	5.41034e-37	0.000408982	0
Rhamar	0.124597	2.12754	5.84388e-34	0.000453461	0
Rhatem	0.223872	1.23017	5.84388e-34	0.00126726	0
FGA379	0.186055	1.15901	5.40148e-37	0.999925	0
F647	0.186055	1.15901	5.40148e-37	0.999925	0
F3016	0.126504	1.12821	5.55423e-37	0.000115696	0
F3015	0.126504	1.12821	5.55423e-37	0.000115696	0
F1476	0.135855	1.13759	5.57719e-37	0.000115803	0
FGA81	0.135855	1.13759	5.57719e-37	0.000115803	0
Furcep	2.03196	0.239078	5.58091e-37	0.041192	0
Furpol	0.209714	0.211455	5.66782e-37	0.000116669	0
F2241	0.128153	1.12989	5.68492e-37	0.00011581	0
F12266	0.128153	1.12989	5.68492e-37	0.00011581	0
Furang	0.128754	1.13049	5.68492e-37	0.00011581	0
Fga490	0.134011	1.13575	5.68492e-37	0.000115934	0
FGA456	0.163729	0.165519	5.57734e-37	0.000115851	0
FGA516	0.163356	0.165145	5.57734e-37	0.000115851	0
FGA513	0.163356	0.165145	5.57734e-37	0.000115851	0
F12278	0.166986	0.168776	5.5772e-37	0.000115851	0
F12279	0.166986	0.168776	5.5772e-37	0.000115851	0
Furant	0.288322	0.290131	5.5772e-37	0.000118551	0
FGA331	2.15587	0.158835	5.5772e-37	0.00012406	0
FGA332	2.15587	0.158835	5.5772e-37	0.00012406	0
FGA465	0.138394	1.14013	5.57719e-37	0.000115798	0
FGA99	0.128664	1.1304	5.57719e-37	0.000115816	0
F12269	0.128664	1.1304	5.57719e-37	0.000115816	0
FGA15	0.136121	1.13785	5.57719e-37	0.000115801	0
FGA440	0.136121	1.13785	5.57719e-37	0.000115801	0
FGA581	0.354521	0.356263	5.57719e-37	0.000118125	0
FGA582	0.354521	0.356263	5.57719e-37	0.000118125	0
FGA104	1.14186	0.146984	5.57719e-37	0.00079487	0
FGA105	1.14186	0.146984	5.57719e-37	0.00079487	0
FGA489	0.128603	1.13031	5.56577e-37	0.000115711	0
FGA174	2.01465	0.182339	5.55363e-37	0.0316139	0
FGA175	2.01465	0.182339	5.55363e-37	0.0316139	0
FurbGB	0.188357	0.1902	5.50835e-37	0.000148628	0
CGA312	0.489763	0.492071	5.47199e-37	0.998364	0
CGA963	0.489763	0.492071	5.47199e-37	0.998364	0
CGA642	0.263841	1.26546	5.47199e-37	0.998348	0
CGA763	0.247576	2.2492	5.47199e-37	0.998348	0
CGA764	0.247576	2.2492	5.47199e-37	0.998348	0
C601	1.24645	1.24808	5.47199e-37	0.998348	0
C602	1.24645	1.24808	5.47199e-37	0.998348	0
CGA236	0.288279	1.28984	5.47199e-37	0.998348	0
Calboe	0.148015	4.05224	5.61341e-37	0.998348	0
C3125	1.42656	1.54371	5.61341e-37	1.01656	0
CGA429	0.110967	3.11235	5.47213e-37	0.998348	0
CGA430	0.110967	3.11235	5.47213e-37	0.998348	0
C985	0.106646	4.09758	5.47199e-37	0.998348	0
C984	0.106646	4.09758	5.47199e-37	0.998348	0
CGA310	0.128963	3.11988	5.4756e-37	0.998348	0
CGA314	0.128963	3.11988	5.4756e-37	0.998348	0
CGA382	0.160695	3.15161	5.47581e-37	0.998348	0
CGA365	0.160695	3.15161	5.47581e-37	0.998348	0
CGA494	0.105794	4.09671	5.47581e-37	0.998348	0
CGA495	0.105794	4.09671	5.47581e-37	0.998348	0
C12265	0.698996	0.70129	5.47199e-37	0.998364	0
C404	0.32422	3.32648	5.47199e-37	0.998364	0
Cl11778	0.330172	2.33243	5.47199e-37	0.998364	0
Cl11779	0.330172	2.33243	5.47199e-37	0.998364	0
CGA594	0.327079	2.32934	5.47199e-37	0.998364	0
CGA48	0.327079	2.32934	5.47199e-37	0.998364	0
C3134	1.62384	0.626184	5.47199e-37	0.99837	0
C3126	1.62384	0.626184	5.47199e-37	0.99837	0
CGA311	0.260234	0.262965	5.47204e-37	0.998365	0
CGA45	0.216066	1.2188	5.47204e-37	0.998363	0
CGA46	0.216066	1.2188	5.47204e-37	0.998363	0
C3043	0.222458	0.2252	5.47204e-37	0.998363	0
CGA87	0.222458	0.2252	5.47204e-37	0.998363	0
CGA368	0.222321	0.225063	5.47204e-37	0.998363	0
CGA557	0.222321	0.225063	5.47204e-37	0.998363	0
CGA364	0.239125	0.241866	5.47204e-37	0.998363	0
C2208	1.17979	0.182531	5.47204e-37	0.998363	0
CGA453	0.230438	0.233761	5.42964e-37	0.998382	0
CGA383	0.230438	0.233761	5.42964e-37	0.998382	0
CGA501	0.251715	0.255038	5.42964e-37	0.998382	0
C11776	0.251715	0.255038	5.42964e-37	0.998382	0
C3121	0.213706	1.21703	5.42964e-37	0.998382	0
C3123	0.213706	1.21703	5.42964e-37	0.998382	0
Calparcri	0.238399	0.241724	5.42964e-37	0.998382	0
C3118	0.238399	0.241724	5.42964e-37	0.998382	0
Triowe	0.156541	0.15789	5.42165e-37	0.999999	0
Trijoh	0.143016	0.144307	5.42167e-37	0.999999	0
Trimel	0.143016	0.144307	5.42167e-37	0.999999	0
Trihoe	0.100083	0.101562	8.16341e-36	0.000343711	0
Tribit	0.100083	0.101562	8.16341e-36	0.000343711	0
Trijac	0.105212	0.106692	8.1615e-36	0.000343713	0
Tricri	0.189517	0.193336	2.30011e-36	1	0
Triwie	0.166726	0.170478	2.30017e-36	1	0
Triqua	0.166726	0.170478	2.30017e-36	1	0
Kinboe	0.242448	0.245265	3.92672e-34	0.999645	0
Kinfis	0.242448	0.245265	3.92672e-34	0.999645	0
Kinxen	0.302	0.303539	5.45604e-37	0.999645	0
Chaafr	0.133362	0.134556	6.49872e-31	7.68885e-06	0
Chacha	0.133362	0.134556	6.49872e-31	7.68885e-06	0
Chacaly	0.131779	0.132973	6.49872e-31	7.69037e-06	0
Chazey	0.131779	0.132973	6.49872e-31	7.69037e-06	0
Chadil	0.149872	0.151067	6.49876e-31	7.69911e-06	0
Chasen	0.149872	0.151067	6.49876e-31	7.69911e-06	0
Chanam	0.234733	0.23611	2.0605e-33	4.93427e-05	0
Braset	0.200813	1.16713	1.56836e-36	0.999978	0
Bramel	0.19338	1.1597	1.56836e-36	0.999978	0
Bratha	0.19338	1.1597	1.56836e-36	0.999978	0
Bradra	0.192415	1.15874	1.56836e-36	0.999978	0
Bratra	0.192415	1.15874	1.56836e-36	0.999978	0
Bragut	0.195221	1.16154	1.56836e-36	0.999978	0
Braven	0.195221	1.16154	1.56836e-36	0.999978	0
Brapum	0.198855	1.16518	1.56836e-36	0.999978	0
Bradam	0.198855	1.16518	1.56836e-36	0.999978	0
