#Nodes with GAIN events with expectation above 0.5
N3: 0.680358
B3088: 0.859029
N6: 0.721825
BGA309: 0.723481
N26: 1.69559
Rhatem: 0.544747
N33: 1.44222
Furcep: 1.85092
N56: 1.65798
N62: 0.720759
N63: 1.05683
N67: 1.00789
N74: 0.956633
C3125: 1.36413
C12265: 0.608694
N92: 1.49489
N93: 0.93349
C2208: 0.991963
N101: 1.17449
N109: 0.692807
N112: 0.639762
N116: 0.616475
N119: 0.641386
Kinxen: 1.11493
N127: 1.16087
Total number of gain events: 42.3987
#+++++++++++++++++++++++++++++

#Nodes with LOSS events with expectation above 0.5
B3088: 1.17281
N6: 1.03793
BGA309: 1.03958
N26: 1.53435
N27: 0.667096
N28: 1.98383
Rhaspe: 5.28098
Rhamar: 4.98883
Rhatem: 4.10138
N32: 0.812953
N33: 0.812741
N34: 2.15357
N35: 0.935551
N37: 1.97431
N42: 1.35826
N45: 0.724238
FGA465: 1.13739
N58: 0.893916
N60: 0.83489
FGA489: 1.82199
FurbGB: 2.49843
N73: 1.10129
Calboe: 2.72413
N78: 1.87548
N79: 0.766692
N80: 2.24718
N82: 1.08016
N83: 0.810862
N85: 1.19793
N88: 1.46199
C404: 1.0675
N96: 1.07337
N101: 0.530651
N106: 0.924607
N114: 3.65637
Trijac: 0.869872
Kinxen: 0.969603
N121: 2.62653
N122: 1.94263
Chadil: 0.624241
Chasen: 0.624241
Chanam: 2.7559
N127: 1.02885
Total number of loss events: 92.5378
#+++++++++++++++++++++++++++++

#Nodes with duplication events with expectation above 0.5
Total number of duplication events: 1.52849e-37
#+++++++++++++++++++++++++++++

#Nodes with demi-duplication events with expectation above 0.5
Total number of demi-dulications events: 0
#+++++++++++++++++++++++++++++

#+++++++++++++++++++++++++++++

#Nodes with transitions in base number with expectation above 0.5
Total number of transitions in base number: 0
#+++++++++++++++++++++++++++++

#EVENTS NOT ACCOUNTED FOR IN THE SIMULATIONS: 
NONE
#+++++++++++++++++++++++++++++

#ALL EVENTS EXPECTATIONS PER NODE
NODE	GAIN	LOSS	DUPLICATION	DEMI-DUPLICATION	BASE-NUMBER
N2	0.36308	0.0522788	5.63043e-60	0	0
N3	0.680358	0.243236	4.32779e-69	0	0
N4	0.103757	0.0658867	3.31187e-71	0	0
B3088	0.859029	1.17281	0	0	0
N5	0.10054	0.0982212	4.69728e-70	0	0
N6	0.721825	1.03793	5.46692e-55	0	0
BGA709	6.59117e-07	2.12547e-06	0	0	0
BGA710	6.59117e-07	2.12547e-06	0	0	0
BGA309	0.723481	1.03958	0	0	0
N7	0.216706	0.254254	1.42747e-73	0	0
N8	0.26606	0.365391	3.75618e-72	0	0
N9	0.238655	0.377678	1.13622e-61	0	0
B11696	5.73481e-07	2.0049e-06	0	0	0
B11697	5.73481e-07	2.0049e-06	0	0	0
N10	0.204349	0.340897	1.03944e-77	0	0
B11609	0.00282618	0.00530314	0	0	0
BGA392	0.00282618	0.00530314	0	0	0
N11	0.0527667	0.0847529	3.9317e-82	0	0
N12	0.013733	0.023878	5.25835e-88	0	0
N13	0.0857028	0.12254	3.32262e-73	0	0
N14	0.323791	0.483177	2.91798e-66	0	0
B985	7.02371e-07	2.31705e-06	0	0	0
B983	7.02371e-07	2.31705e-06	0	0	0
N15	0.182602	0.306758	2.90054e-78	0	0
N16	0.0517732	0.0870046	3.28932e-67	0	0
B199	2.40286e-07	8.77668e-07	0	0	0
BGAA3	2.40286e-07	8.77668e-07	0	0	0
N17	0.051899	0.0871301	3.31682e-67	0	0
B11604	3.40011e-07	1.24271e-06	0	0	0
BGA583	3.40011e-07	1.24271e-06	0	0	0
N18	0.135168	0.220625	3.15173e-78	0	0
N19	0.22052	0.331273	8.37145e-67	0	0
BGA89	6.73158e-06	2.23249e-05	0	0	0
BGA40	6.73158e-06	2.23249e-05	0	0	0
N20	0.039455	0.0687718	2.24385e-77	0	0
N21	0.144001	0.225452	6.48475e-69	0	0
BGAA2	5.33844e-07	1.84083e-06	0	0	0
BGAA1	5.33844e-07	1.84083e-06	0	0	0
N22	0.128705	0.20976	5.88121e-96	0	0
BGA584	0.00068389	0.00108154	0	0	0
BGA706	0.00068389	0.00108154	0	0	0
N23	0.203808	0.288439	5.88454e-80	0	0
N24	0.195346	0.316919	3.35537e-63	0	0
BGA304	0.000375449	0.000542471	0	0	0
BGA303	0.000375449	0.000542471	0	0	0
N25	0.202278	0.324017	2.84651e-63	0	0
BGAB1	3.94699e-07	1.39204e-06	0	0	0
BGA7	3.94699e-07	1.39204e-06	0	0	0
N26	1.69559	1.53435	2.48574e-44	0	0
PGA445	1.85674e-05	3.74635e-05	0	0	0
PGA363	1.85674e-05	3.74635e-05	0	0	0
N27	0.0463545	0.667096	6.98004e-62	0	0
N28	0.00583975	1.98383	3.49558e-56	0	0
Rhaspe	0.426663	5.28098	0	0	0
N29	0.00768619	0.303742	1.52848e-37	0	0
Rhamar	0.4322	4.98883	0	0	0
Rhatem	0.544747	4.10138	0	0	0
N30	0.0990814	0.0156448	2.48909e-75	0	0
N31	0.331671	0.170829	1.75756e-75	0	0
N32	0.0340699	0.812953	2.07662e-62	0	0
N33	1.44222	0.812741	4.08416e-47	0	0
FGA379	2.40522e-06	2.97816e-06	0	0	0
F647	2.40522e-06	2.97816e-06	0	0	0
N34	0.0230458	2.15357	6.51177e-53	0	0
N35	0.0337593	0.935551	1.47187e-52	0	0
N36	0.00331339	0.49583	4.04506e-56	0	0
N37	0.182332	1.97431	6.01535e-56	0	0
F3016	2.90516e-07	6.75049e-06	0	0	0
F3015	2.90516e-07	6.75049e-06	0	0	0
N38	0.00436412	0.148785	1.7254e-52	0	0
N39	0.0127467	0.0967064	5.30188e-55	0	0
N40	0.00881984	0.325725	1.32548e-65	0	0
N41	0.00565514	0.0262939	1.81514e-66	0	0
N42	0.132404	1.35826	1.93661e-61	0	0
F1476	4.50069e-07	1.01472e-05	0	0	0
FGA81	4.50069e-07	1.01472e-05	0	0	0
N43	0.0233937	0.0197846	6.90372e-58	0	0
Furcep	1.85092	0.0803964	0	0	0
N44	0.00463603	0.135286	1.45367e-58	0	0
Furpol	0.221886	0.320691	0	0	0
N45	0.0160784	0.724238	1.26324e-52	0	0
N46	0.0214488	0.296352	2.23053e-51	0	0
N47	0.0365557	0.152251	2.63106e-54	0	0
F2241	0.000106612	0.000152147	0	0	0
F12266	0.000106612	0.000152147	0	0	0
Furang	0.0386446	0.154386	0	0	0
Fga490	0.0880363	0.47868	0	0	0
N48	0.0145253	0.188868	1.96136e-69	0	0
N49	0.0198375	0.0415965	5.70067e-62	0	0
N50	0.041698	0.0127881	3.81634e-65	0	0
N51	0.00675423	0.0355449	3.96956e-66	0	0
N52	0.0218152	0.0538865	1.72188e-62	0	0
FGA456	0.0353974	0.0538489	0	0	0
N53	0.033339	0.0517817	4.92291e-61	0	0
FGA516	0.000205937	0.000214671	0	0	0
FGA513	0.000205937	0.000214671	0	0	0
N54	0.0834236	0.133945	6.70772e-58	0	0
F12278	4.52054e-07	1.58979e-06	0	0	0
F12279	4.52054e-07	1.58979e-06	0	0	0
N55	0.303079	0.0183643	5.53105e-66	0	0
Furant	0.0369507	0.400979	0	0	0
N56	1.65798	0.0220351	2.87066e-55	0	0
FGA331	2.15118e-05	5.37332e-07	0	0	0
FGA332	2.15118e-05	5.37332e-07	0	0	0
FGA465	0.0869857	1.13739	0	0	0
N57	0.0247776	0.269928	8.07274e-61	0	0
N58	0.066961	0.893916	8.76407e-54	0	0
FGA99	1.80866e-06	5.86247e-05	0	0	0
F12269	1.80866e-06	5.86247e-05	0	0	0
N59	0.0325974	0.0625402	9.39262e-54	0	0
N60	0.037832	0.83489	3.10285e-56	0	0
FGA15	1.92041e-07	1.01351e-05	0	0	0
FGA440	1.92041e-07	1.01351e-05	0	0	0
N61	0.259119	0.0561881	1.55267e-54	0	0
FGA581	1.89678e-06	9.4842e-07	0	0	0
FGA582	1.89678e-06	9.4842e-07	0	0	0
N62	0.720759	0.284228	1.08954e-56	0	0
FGA104	3.42916e-06	3.10368e-06	0	0	0
FGA105	3.42916e-06	3.10368e-06	0	0	0
FGA489	0.174545	1.82199	0	0	0
N63	1.05683	0.348139	1.94726e-51	0	0
FGA174	0.000120987	9.05383e-05	0	0	0
FGA175	0.000120987	9.05383e-05	0	0	0
FurbGB	0.304949	2.49843	0	0	0
N64	0.195599	0.00883622	7.72441e-72	0	0
N65	0.220033	0.0516017	3.95636e-67	0	0
N66	0.272345	0.43218	3.55607e-71	0	0
N67	1.00789	0.353158	3.14681e-59	0	0
CGA312	0.00010234	7.79727e-05	0	0	0
CGA963	0.00010234	7.79727e-05	0	0	0
N68	0.0150353	0.156456	1.35762e-77	0	0
N69	0.00220618	0.311792	4.1881e-95	0	0
N70	0.0166777	0.00935021	1.31737e-84	0	0
N71	0.311929	0.153597	4.96837e-85	0	0
CGA642	0.0975233	0.157069	0	0	0
N72	0.0256439	0.0146805	4.00995e-79	0	0
N73	0.0307873	1.10129	4.32584e-68	0	0
CGA763	6.91057e-08	6.81008e-06	0	0	0
CGA764	6.91057e-08	6.81008e-06	0	0	0
N74	0.956633	0.0271449	1.85428e-66	0	0
C601	3.24678e-06	2.05342e-07	0	0	0
C602	3.24678e-06	2.05342e-07	0	0	0
N75	0.00910461	0.0294446	2.41695e-77	0	0
CGA236	0.431812	0.312685	0	0	0
N76	0.0124266	0.140819	4.65142e-70	0	0
N77	0.131432	0.192763	3.49706e-64	0	0
Calboe	0.0329662	2.72413	0	0	0
C3125	1.36413	0.0578508	0	0	0
N78	0.123	1.87548	3.86991e-65	0	0
CGA429	0	0	0	0	0
CGA430	0	0	0	0	0
N79	0.00235079	0.766692	7.57154e-83	0	0
N80	0.123498	2.24718	2.69752e-65	0	0
C985	0	0	0	0	0
C984	0	0	0	0	0
N81	0.00363797	0.217749	6.2675e-63	0	0
N82	0.172585	1.08016	2.89611e-74	0	0
CGA310	0.000141678	0.00204159	0	0	0
CGA314	0.000141678	0.00204159	0	0	0
N83	0.0435673	0.810862	2.3832e-63	0	0
N84	0.152972	0.294865	2.59967e-83	0	0
CGA382	8.81037e-05	0.000377868	0	0	0
CGA365	8.81037e-05	0.000377868	0	0	0
N85	0.0557567	1.19793	3.493e-60	0	0
CGA494	2.59795e-07	1.26933e-05	0	0	0
CGA495	2.59795e-07	1.26933e-05	0	0	0
N86	0.464539	0.0859172	1.16439e-83	0	0
N87	0.010812	0.0934899	1.26683e-78	0	0
C12265	0.608694	0.108404	0	0	0
N88	0.0126388	1.46199	3.57263e-77	0	0
C404	0.017391	1.0675	0	0	0
N89	0.00757952	0.0294075	1.9341e-86	0	0
N90	0.0301436	0.0584178	2.28995e-70	0	0
Cl11778	1.28823e-06	5.62424e-06	0	0	0
Cl11779	1.28823e-06	5.62424e-06	0	0	0
N91	0.0138454	0.0404421	2.54751e-83	0	0
CGA594	0.00358369	0.00526547	0	0	0
CGA48	0.00358369	0.00526547	0	0	0
N92	1.49489	0.0773215	1.21457e-64	0	0
C3134	1.12776e-05	1.2653e-06	0	0	0
C3126	1.12776e-05	1.2653e-06	0	0	0
N93	0.93349	0.306673	1.93815e-70	0	0
CGA311	0.261209	0.393104	0	0	0
N94	0.0281978	0.0121284	1.75262e-75	0	0
N95	0.0259242	0.162878	2.56077e-79	0	0
N96	0.0623701	1.07337	1.08039e-72	0	0
CGA45	2.57055e-07	8.82797e-06	0	0	0
CGA46	2.57055e-07	8.82797e-06	0	0	0
N97	0.0218007	0.0175966	8.81327e-89	0	0
N98	0.0350092	0.044352	3.77327e-80	0	0
N99	0.0195239	0.0251626	6.88046e-100	0	0
C3043	0.000670094	0.00090408	0	0	0
CGA87	0.000670094	0.00090408	0	0	0
N100	0.0180964	0.0236508	6.59776e-99	0	0
CGA368	0.00104976	0.00136795	0	0	0
CGA557	0.00104976	0.00136795	0	0	0
CGA364	0.108148	0.123363	0	0	0
C2208	0.991963	0.139928	0	0	0
N101	1.17449	0.530651	3.80858e-66	0	0
N102	0.0833409	0.0937926	8.81003e-74	0	0
N103	0.0894784	0.0594843	1.12098e-71	0	0
CGA453	0.000251192	0.000274054	0	0	0
CGA383	0.000251192	0.000274054	0	0	0
N104	0.0135865	0.0721642	4.89005e-88	0	0
N105	0.110293	0.0217452	8.17638e-80	0	0
CGA501	1.54995e-06	7.48505e-07	0	0	0
C11776	1.54995e-06	7.48505e-07	0	0	0
N106	0.0131781	0.924607	7.88792e-80	0	0
C3121	1.34387e-07	2.26238e-05	0	0	0
C3123	1.34387e-07	2.26238e-05	0	0	0
N107	0.1874	0.166547	1.30991e-78	0	0
Calparcri	0.00373115	0.00506188	0	0	0
C3118	0.00373115	0.00506188	0	0	0
N108	0.022771	0.0163571	4.96903e-76	0	0
N109	0.692807	0.0747066	3.13271e-73	0	0
N110	0.275751	0.247235	7.74669e-68	0	0
N111	0.0633465	0.351163	1.48142e-61	0	0
N112	0.639762	0.0788402	3.36046e-65	0	0
Triowe	0.418233	0.333892	0	0	0
N113	0.0888907	0.0317603	7.65066e-69	0	0
Trijoh	0.301535	0.274339	0	0	0
Trimel	0.301535	0.274339	0	0	0
N114	0.0162572	3.65637	1.95885e-59	0	0
N115	0.0162882	0.393234	3.47877e-52	0	0
Trihoe	0.0685067	0.466661	0	0	0
Tribit	0.0685067	0.466661	0	0	0
Trijac	0.0946337	0.869872	0	0	0
N116	0.616475	0.234261	6.84795e-69	0	0
Tricri	0.336716	0.360915	0	0	0
N117	0.0952807	0.0734975	8.77328e-70	0	0
Triwie	0.190401	0.236396	0	0	0
Triqua	0.190401	0.236396	0	0	0
N118	0.322872	0.0824717	8.02984e-65	0	0
N119	0.641386	0.427162	1.21294e-59	0	0
Kinboe	0.335741	0.404642	0	0	0
Kinfis	0.335741	0.404642	0	0	0
Kinxen	1.11493	0.969603	0	0	0
N120	0.00730123	0.117656	5.42327e-61	0	0
N121	0.065651	2.62653	2.04084e-43	0	0
N122	0.133147	1.94263	3.11346e-44	0	0
N123	0.0587245	0.43116	7.42688e-55	0	0
N124	0.0238749	0.072178	9.41873e-55	0	0
Chaafr	0.0899983	0.1737	0	0	0
Chacha	0.0899983	0.1737	0	0	0
N125	0.0329781	0.10089	4.34846e-56	0	0
Chacaly	0.0726103	0.136703	0	0	0
Chazey	0.0726103	0.136703	0	0	0
N126	0.0325743	0.134151	2.20292e-46	0	0
Chadil	0.221378	0.624241	0	0	0
Chasen	0.221378	0.624241	0	0	0
Chanam	0.441964	2.7559	0	0	0
N127	1.16087	1.02885	1.64005e-60	0	0
N128	0.0170372	0.0279341	2.45846e-82	0	0
N129	0.00138338	0.00246689	4.33541e-95	0	0
Braset	0.090964	0.0956277	0	0	0
N130	0.00593523	0.00724056	4.58955e-83	0	0
N131	0.0367409	0.0395963	8.11803e-89	0	0
Bramel	0.00303277	0.0035358	0	0	0
Bratha	0.00303277	0.0035358	0	0	0
N132	0.020001	0.0215452	8.76706e-84	0	0
Bradra	0.0149188	0.016733	0	0	0
Bratra	0.0149188	0.016733	0	0	0
N133	0.0425727	0.0454981	1.88317e-94	0	0
Bragut	0.0175489	0.0203708	0	0	0
Braven	0.0175489	0.0203708	0	0	0
N134	0.0489138	0.0533422	3.50896e-75	0	0
Brapum	0.0545007	0.0667168	0	0	0
Bradam	0.0545007	0.0667168	0	0	0
#+++++++++++++++++++++++++++++

#Expected number of events from root to leaf
LEAF	GAIN	LOSS	DUPLICATION	DEMI-DUPLICATION	BASE-NUMBER
B3088	2.00622	1.53421	5.63043e-60	0	0
BGA709	1.96956	1.49755	5.46698e-55	0	0
BGA710	1.96956	1.49755	5.46698e-55	0	0
BGA309	1.97122	1.49921	5.63043e-60	0	0
B11696	1.76486	1.29284	5.74405e-60	0	0
B11697	1.76486	1.29284	5.74405e-60	0	0
B11609	1.73338	1.26136	5.63043e-60	0	0
BGA392	1.73338	1.26136	5.63043e-60	0	0
B985	1.73614	1.26412	5.63043e-60	0	0
B983	1.73614	1.26412	5.63043e-60	0	0
B199	1.64672	1.1747	5.63043e-60	0	0
BGAA3	1.64672	1.1747	5.63043e-60	0	0
B11604	1.64685	1.17483	5.63043e-60	0	0
BGA583	1.64685	1.17483	5.63043e-60	0	0
BGA89	1.68234	1.21032	5.63043e-60	0	0
BGA40	1.68234	1.21032	5.63043e-60	0	0
BGAA2	1.64527	1.17325	5.63043e-60	0	0
BGAA1	1.64527	1.17325	5.63043e-60	0	0
BGA584	1.63066	1.15864	5.63043e-60	0	0
BGA706	1.63066	1.15864	5.63043e-60	0	0
BGA304	1.71244	1.24042	5.63378e-60	0	0
BGA303	1.71244	1.24042	5.63378e-60	0	0
BGAB1	1.719	1.24698	5.63327e-60	0	0
BGA7	1.719	1.24698	5.63327e-60	0	0
PGA445	2.05869	1.58667	2.48574e-44	0	0
PGA363	2.05869	1.58667	2.48574e-44	0	0
Rhaspe	0.478857	7.93191	3.49559e-56	0	0
Rhamar	0.49208	7.9435	1.52848e-37	0	0
Rhatem	0.604627	7.05605	1.52848e-37	0	0
FGA379	1.9534	2.47927	4.08416e-47	0	0
F647	1.9534	2.47927	4.08416e-47	0	0
F3016	0.753628	7.22579	2.12405e-52	0	0
F3015	0.753628	7.22579	2.12405e-52	0	0
F1476	0.735286	7.20726	3.85415e-52	0	0
FGA81	0.735286	7.20726	3.85415e-52	0	0
Furcep	2.4772	5.94917	3.85416e-52	0	0
Furpol	0.852798	6.32475	3.85416e-52	0	0
F2241	0.705101	7.17705	2.7449e-51	0	0
F12266	0.705101	7.17705	2.7449e-51	0	0
Furang	0.707083	7.17903	2.74227e-51	0	0
Fga490	0.735026	7.20698	5.1174e-52	0	0
FGA456	0.737254	6.20923	3.85415e-52	0	0
FGA516	0.735402	6.20737	3.85415e-52	0	0
FGA513	0.735402	6.20737	3.85415e-52	0	0
F12278	0.763465	6.23544	3.85416e-52	0	0
F12279	0.763465	6.23544	3.85416e-52	0	0
Furant	1.01332	6.48529	3.85415e-52	0	0
FGA331	2.63437	6.10635	3.85702e-52	0	0
FGA332	2.63437	6.10635	3.85702e-52	0	0
FGA465	0.718575	7.19055	3.85415e-52	0	0
FGA99	0.703492	7.17546	3.94179e-52	0	0
F12269	0.703492	7.17546	3.94179e-52	0	0
FGA15	0.706959	7.17893	3.94839e-52	0	0
FGA440	0.706959	7.17893	3.94839e-52	0	0
FGA581	0.928247	6.40022	3.9636e-52	0	0
FGA582	0.928247	6.40022	3.9636e-52	0	0
FGA104	1.30917	5.7812	3.85426e-52	0	0
FGA105	1.30917	5.7812	3.85426e-52	0	0
FGA489	0.750205	7.22225	3.84885e-52	0	0
FGA174	1.62494	5.10388	2.15957e-51	0	0
FGA175	1.62494	5.10388	2.15957e-51	0	0
FurbGB	0.839171	6.31853	6.51177e-53	0	0
CGA312	2.17308	1.69942	3.15379e-59	0	0
CGA963	2.17308	1.69942	3.15379e-59	0	0
CGA642	1.60846	2.13445	6.98008e-62	0	0
CGA763	1.56736	3.09336	6.98009e-62	0	0
CGA764	1.56736	3.09336	6.98009e-62	0	0
C601	2.49321	2.01921	6.98027e-62	0	0
C602	2.49321	2.01921	6.98027e-62	0	0
CGA236	1.63992	2.16592	6.98008e-62	0	0
Calboe	1.38493	4.91094	7.01505e-62	0	0
C3125	2.7161	2.24466	7.01505e-62	0	0
CGA429	1.34353	3.86953	6.98395e-62	0	0
CGA430	1.34353	3.86953	6.98395e-62	0	0
C985	1.30817	4.82831	6.98278e-62	0	0
C984	1.30817	4.82831	6.98278e-62	0	0
CGA310	1.36104	3.88108	7.60683e-62	0	0
CGA314	1.36104	3.88108	7.60683e-62	0	0
CGA382	1.38494	3.90498	7.84515e-62	0	0
CGA365	1.38494	3.90498	7.84515e-62	0	0
CGA494	1.28764	4.80768	3.57145e-60	0	0
CGA495	1.28764	4.80768	3.57145e-60	0	0
C12265	2.26417	1.79046	6.98008e-62	0	0
C404	1.6855	4.21154	6.98008e-62	0	0
Cl11778	1.70583	3.23187	6.98008e-62	0	0
Cl11779	1.70583	3.23187	6.98008e-62	0	0
CGA594	1.69312	3.21915	6.98008e-62	0	0
CGA48	1.69312	3.21915	6.98008e-62	0	0
C3134	3.13956	1.66588	6.99223e-62	0	0
C3126	3.13956	1.66588	6.99223e-62	0	0
CGA311	2.08744	1.61379	6.98008e-62	0	0
CGA45	1.94272	2.46907	6.98008e-62	0	0
CGA46	1.94272	2.46907	6.98008e-62	0	0
C3043	1.95736	1.4837	6.98008e-62	0	0
CGA87	1.95736	1.4837	6.98008e-62	0	0
CGA368	1.95631	1.48266	6.98008e-62	0	0
CGA557	1.95631	1.48266	6.98008e-62	0	0
CGA364	2.0103	1.53665	6.98008e-62	0	0
C2208	2.84639	1.37274	6.98008e-62	0	0
CGA453	2.02026	1.54661	6.98042e-62	0	0
CGA383	2.02026	1.54661	6.98042e-62	0	0
CGA501	2.05442	1.58076	6.98042e-62	0	0
C11776	2.05442	1.58076	6.98042e-62	0	0
C3121	1.9573	2.48364	6.98042e-62	0	0
C3123	1.9573	2.48364	6.98042e-62	0	0
Calparcri	2.03832	1.56467	6.98042e-62	0	0
C3118	2.03832	1.56467	6.98042e-62	0	0
Triowe	2.25811	1.78494	2.17976e-61	0	0
Trijoh	2.2303	1.75714	2.17976e-61	0	0
Trimel	2.2303	1.75714	2.17976e-61	0	0
Trihoe	1.30116	5.88847	3.47877e-52	0	0
Tribit	1.30116	5.88847	3.47877e-52	0	0
Trijac	1.311	5.89845	1.98065e-59	0	0
Tricri	2.08996	1.61622	6.98005e-62	0	0
Triwie	2.03892	1.56519	6.98005e-62	0	0
Triqua	2.03892	1.56519	6.98005e-62	0	0
Kinboe	2.16101	1.68808	1.21993e-59	0	0
Kinfis	2.16101	1.68808	1.21993e-59	0	0
Kinxen	2.29881	1.82588	6.98807e-62	0	0
Chaafr	0.546903	6.06295	2.35218e-43	0	0
Chacha	0.546903	6.06295	2.35218e-43	0	0
Chacaly	0.538618	6.05466	2.35218e-43	0	0
Chazey	0.538618	6.05466	2.35218e-43	0	0
Chadil	0.628258	6.1443	2.35439e-43	0	0
Chasen	0.628258	6.1443	2.35439e-43	0	0
Chanam	0.683123	6.19918	2.04084e-43	0	0
Braset	1.44576	1.97163	2.25218e-60	0	0
Bramel	1.40051	1.92637	2.25218e-60	0	0
Bratha	1.40051	1.92637	2.25218e-60	0	0
Bradra	1.39565	1.92152	2.25218e-60	0	0
Bratra	1.39565	1.92152	2.25218e-60	0	0
Bragut	1.41353	1.9394	2.25218e-60	0	0
Braven	1.41353	1.9394	2.25218e-60	0	0
Brapum	1.43979	1.96566	2.25218e-60	0	0
Bradam	1.43979	1.96566	2.25218e-60	0	0
