NODE	1	2	3	4	5	6	7	8	9	10	11	12	13	14	15	16	17	18	19	20	21	22	23	24	25	26	27	28	29	30	31	32	33	34	35	36	37	38	39	40	41	
N1	2.62597e-22	3.81715e-21	8.10521e-20	1.44696e-18	1.10568e-17	4.73005e-17	4.16665e-12	4.644e-10	1.59498e-08	6.54692e-08	4.44268e-08	1.07478e-08	6.11418e-09	8.91203e-08	5.09231e-06	0.000261118	0.00666138	0.066818	0.248096	0.363006	0.231556	0.0710702	0.0114325	0.00103549	5.60603e-05	1.90709e-06	4.25184e-08	6.43872e-10	6.82876e-12	5.37727e-17	4.02851e-18	2.61528e-19	1.48441e-20	7.42489e-22	3.29609e-23	1.30689e-24	4.65481e-26	1.49711e-27	4.36911e-29	1.16421e-30	3.15318e-32	
Leiolep	0	0	0	0	0	0	0	0	0	0	0	0	0	0	0	0	0	1	0	0	0	0	0	0	0	0	0	0	0	0	0	0	0	0	0	0	0	0	0	0	0	
N2	2.92939e-28	1.04181e-24	1.39152e-21	2.6572e-18	4.64486e-16	1.78543e-16	4.62577e-14	4.33559e-11	1.07029e-08	7.01733e-08	2.74119e-08	3.28346e-09	2.65818e-09	1.99609e-07	5.39062e-05	0.00538813	0.1299	0.464772	0.339021	0.0577013	0.00309713	6.52969e-05	6.30155e-07	3.11761e-09	8.63069e-12	1.45507e-14	1.63479e-17	2.48817e-20	4.89064e-23	2.70457e-25	5.35488e-28	1.97486e-30	2.67788e-33	6.21979e-36	5.86675e-39	8.93406e-42	6.11138e-45	6.50466e-48	3.61247e-51	2.76742e-54	1.22898e-57	
N3	2.2537e-28	1.99645e-25	1.66464e-22	1.21313e-19	2.72048e-17	3.59653e-16	5.95761e-14	1.21641e-11	7.76772e-10	3.83547e-09	3.76485e-09	4.9034e-09	7.36855e-09	1.73364e-07	3.13216e-05	0.00287936	0.0806383	0.422328	0.407364	0.0816154	0.00501936	0.000122582	1.41236e-06	9.94964e-09	1.26945e-10	6.85912e-11	3.0779e-12	1.1419e-12	2.96745e-14	6.1717e-15	8.50604e-17	1.0661e-17	6.22863e-20	4.97774e-21	9.7939e-24	4.59753e-25	4.58403e-28	1.23175e-29	7.72839e-33	1.25426e-34	2.28658e-37	
N4	3.62201e-34	4.00863e-30	1.26617e-26	7.53299e-23	4.81288e-20	1.4254e-20	1.38349e-17	4.81522e-14	6.44233e-11	4.35974e-10	9.83137e-11	6.85369e-12	5.33741e-13	1.51119e-10	1.95128e-07	0.000100858	0.0150202	0.37385	0.534498	0.0744092	0.00210392	1.83825e-05	6.4364e-08	1.17118e-10	2.04393e-13	4.20373e-15	2.18519e-17	3.90403e-19	1.16891e-21	1.07372e-23	1.90469e-26	9.49452e-29	9.45888e-32	2.67105e-34	1.29163e-37	2.17827e-40	5.19399e-44	5.27342e-47	7.20102e-51	4.77398e-54	9.34317e-58	
N5	8.41078e-36	6.81695e-32	2.82582e-28	1.41843e-24	9.53203e-22	7.95132e-21	7.79401e-18	8.59772e-15	2.24619e-12	8.35969e-12	1.64388e-12	3.24932e-13	7.04285e-13	3.34181e-10	3.3498e-07	0.000142638	0.0176951	0.377297	0.526146	0.076376	0.00232079	2.22319e-05	8.64272e-08	1.62018e-10	1.695e-13	1.16702e-15	1.84719e-17	4.83215e-18	5.26221e-20	7.40129e-21	4.80601e-23	3.8425e-24	1.33182e-26	6.48592e-28	9.08204e-31	2.86694e-32	1.00425e-35	1.81896e-37	2.61707e-41	2.13964e-43	6.8959e-47	
B3088	0	0	0	0	0	0	0	0	0	0	0	0	0	0	0	0	0	1	0	0	0	0	0	0	0	0	0	0	0	0	0	0	0	0	0	0	0	0	0	0	0	
N6	8.62762e-33	1.21489e-29	1.51734e-26	1.29908e-23	1.87741e-21	9.90779e-20	2.92377e-17	5.83144e-15	3.12235e-13	1.16627e-12	3.22054e-12	1.0161e-11	4.95448e-11	7.02725e-09	2.61048e-06	0.000472923	0.0293812	0.398337	0.492044	0.0767625	0.00295754	4.14526e-05	2.6562e-07	9.02204e-10	1.81527e-12	1.97916e-14	7.05016e-16	3.97284e-16	1.06164e-17	3.46562e-18	6.2118e-20	1.21512e-20	1.32834e-22	1.62958e-23	8.23094e-26	6.72202e-27	9.10091e-30	4.5823e-31	2.43624e-34	5.67862e-36	6.25695e-39	
BGA709	0	0	0	0	0	0	0	0	0	0	0	0	0	0	0	0	0	1	0	0	0	0	0	0	0	0	0	0	0	0	0	0	0	0	0	0	0	0	0	0	0	
BGA309	0	0	0	0	0	0	0	0	0	0	0	0	0	0	0	0	0	1	0	0	0	0	0	0	0	0	0	0	0	0	0	0	0	0	0	0	0	0	0	0	0	
N7	3.86327e-36	5.59304e-32	2.35413e-28	1.7141e-24	4.84716e-22	5.01756e-22	9.40406e-19	1.87622e-15	1.26485e-12	1.78003e-12	4.25488e-13	5.19068e-14	1.00009e-14	8.42094e-12	2.15866e-08	2.35995e-05	0.00807241	0.474162	0.486036	0.0313259	0.000378441	1.42098e-06	2.19978e-09	1.68032e-12	7.40448e-16	1.80149e-18	6.71917e-21	1.74269e-22	4.47402e-25	6.31856e-27	1.07025e-29	8.50722e-32	9.30313e-35	4.23816e-37	2.53152e-40	6.83262e-43	1.54018e-46	2.47905e-49	2.40793e-53	2.0721e-56	2.67704e-60	
N8	2.07974e-33	5.0373e-30	7.48356e-27	1.1648e-23	9.41973e-22	1.81272e-20	2.51148e-17	2.86317e-14	1.16456e-11	3.18321e-11	2.19702e-11	7.55707e-12	4.74704e-12	1.37194e-09	9.85795e-07	0.000319749	0.0342627	0.664853	0.28518	0.0151631	0.000219145	1.24854e-06	3.46099e-09	5.38531e-12	5.77233e-15	7.2673e-17	6.60205e-19	3.39052e-20	2.16194e-22	6.51813e-24	2.97527e-26	5.38237e-28	1.78287e-30	1.91822e-32	4.1415e-35	2.50793e-37	2.05343e-40	7.32192e-43	2.51922e-46	4.54322e-49	2.01829e-52	
B11696	0	0	0	0	0	0	0	0	0	0	0	0	0	0	0	0	0	1	0	0	0	0	0	0	0	0	0	0	0	0	0	0	0	0	0	0	0	0	0	0	0	
B11609	0	0	0	0	0	0	0	0	0	0	0	0	0	0	0	0	0	1	0	0	0	0	0	0	0	0	0	0	0	0	0	0	0	0	0	0	0	0	0	0	0	
N9	2.78638e-43	2.767e-38	3.58678e-34	1.88927e-29	2.90355e-26	1.3722e-26	1.15845e-22	1.4693e-18	4.50653e-15	3.06617e-15	2.17694e-16	1.67627e-17	6.56478e-18	6.61267e-14	8.10671e-10	3.68536e-06	0.00419804	0.526293	0.452489	0.0169291	8.77457e-05	1.15504e-07	5.43262e-11	1.12969e-14	1.20524e-18	5.05154e-22	8.1481e-25	2.26476e-26	2.41062e-29	3.73493e-31	3.80896e-32	5.96471e-32	2.67817e-33	1.59246e-33	3.20514e-35	1.41411e-35	7.76295e-38	2.29973e-38	5.54764e-41	8.36896e-42	4.79095e-44	
N10	1.7604e-36	1.2382e-33	3.4557e-31	1.46738e-28	2.99093e-27	3.03038e-27	2.09296e-23	1.26587e-19	1.43592e-16	9.80381e-17	1.31637e-17	7.87302e-18	3.08717e-17	1.9298e-13	1.70208e-09	5.75645e-06	0.00511184	0.541395	0.43793	0.0154775	7.9149e-05	1.08612e-07	5.59383e-11	1.32689e-14	1.66163e-18	9.39474e-22	5.34134e-24	1.66026e-24	6.62814e-27	1.10083e-27	2.63569e-30	2.51304e-31	3.08549e-34	1.83688e-35	7.5247e-39	3.06566e-40	1.41925e-44	3.26029e-46	5.15061e-51	3.86432e-53	2.06818e-57	
N11	6.70634e-39	2.65307e-35	7.54882e-32	2.10705e-28	4.90883e-26	3.4717e-24	7.82291e-21	1.44272e-17	9.34889e-15	9.93736e-14	2.55483e-13	3.23946e-13	7.11396e-13	2.96253e-10	3.11032e-07	0.000147492	0.0226143	0.600823	0.359747	0.016486	0.000181745	7.49099e-07	1.45898e-09	1.55397e-12	1.0383e-15	1.56776e-17	2.24358e-19	4.37734e-20	4.32737e-22	4.89596e-23	3.46629e-25	2.31469e-26	1.18999e-28	4.63791e-30	1.47921e-32	3.29863e-34	1.898e-37	2.38833e-39	4.93036e-43	2.07265e-45	7.11381e-49	
B983	0	0	0	0	0	0	0	0	0	0	0	0	0	0	0	0	0	1	0	0	0	0	0	0	0	0	0	0	0	0	0	0	0	0	0	0	0	0	0	0	0	
B11604	0	0	0	0	0	0	0	0	0	0	0	0	0	0	0	0	0	1	0	0	0	0	0	0	0	0	0	0	0	0	0	0	0	0	0	0	0	0	0	0	0	
N12	1.67172e-36	1.47213e-32	6.2885e-29	3.0565e-25	4.02421e-23	7.46436e-22	2.11798e-18	4.50554e-15	3.37108e-12	5.99631e-12	2.84447e-12	6.74307e-13	3.02687e-13	1.65939e-10	2.1981e-07	0.0001288	0.0242783	0.760767	0.208737	0.006042	4.59974e-05	1.36807e-07	1.97515e-10	1.60174e-13	9.22021e-17	9.25865e-19	5.13406e-21	1.77678e-22	6.80732e-25	1.37859e-26	3.78952e-29	4.58938e-31	9.24435e-34	6.61488e-36	8.78731e-39	3.4625e-41	1.54333e-44	3.5079e-47	6.25262e-51	6.47269e-54	1.54554e-57	
BGAA1	0	0	0	0	0	0	0	0	0	0	0	0	0	0	0	0	0	1	0	0	0	0	0	0	0	0	0	0	0	0	0	0	0	0	0	0	0	0	0	0	0	
BGA584	0	0	0	0	0	0	0	0	0	0	0	0	0	0	0	0	0	1	0	0	0	0	0	0	0	0	0	0	0	0	0	0	0	0	0	0	0	0	0	0	0	
N13	3.35951e-36	2.05271e-32	7.19393e-29	2.67114e-25	3.80698e-23	9.75139e-22	2.15632e-18	3.63735e-15	2.14058e-12	5.85803e-12	4.11736e-12	1.4432e-12	9.36327e-13	3.93531e-10	4.05923e-07	0.000186628	0.0277756	0.704759	0.257415	0.00976603	9.69985e-05	3.75365e-07	7.03767e-10	7.3846e-13	5.362e-16	6.80944e-18	5.21505e-20	2.70885e-21	1.43603e-23	4.36254e-25	1.66066e-27	3.01339e-29	8.43377e-32	9.02494e-34	1.675e-36	9.82809e-39	5.78052e-42	1.95444e-44	4.49684e-48	6.68737e-51	2.09631e-54	
BGA303	0	0	0	0	0	0	0	0	0	0	0	0	0	0	0	0	0	1	0	0	0	0	0	0	0	0	0	0	0	0	0	0	0	0	0	0	0	0	0	0	0	
BGAB1	0	0	0	0	0	0	0	0	0	0	0	0	0	0	0	0	0	1	0	0	0	0	0	0	0	0	0	0	0	0	0	0	0	0	0	0	0	0	0	0	0	
PGA445	0	0	0	0	0	0	0	0	0	0	0	0	0	0	0	0	0	1	0	0	0	0	0	0	0	0	0	0	0	0	0	0	0	0	0	0	0	0	0	0	0	
N14	2.47536e-33	1.53781e-28	1.83076e-24	2.17622e-20	4.21748e-18	9.82546e-17	3.9995e-14	6.86332e-11	5.46951e-08	5.03624e-08	6.15594e-09	6.98273e-10	5.19e-08	1.61426e-05	0.00186465	0.0698506	0.561258	0.353496	0.0134257	8.77344e-05	1.51753e-07	9.18819e-11	2.37632e-14	3.03259e-18	2.12371e-22	8.87569e-27	2.4731e-31	6.40001e-35	1.80808e-38	4.36853e-41	8.65953e-45	1.22058e-47	4.80201e-49	1.59383e-48	2.06537e-50	2.15382e-51	2.51931e-53	1.16969e-53	5.70713e-55	3.25059e-53	3.43207e-52	
N15	5.82517e-28	1.09994e-24	2.39769e-21	2.31057e-18	1.60001e-15	1.40537e-13	4.33169e-12	4.35293e-10	3.31954e-08	1.60986e-06	0.000132782	0.00379938	0.040577	0.179512	0.350097	0.30367	0.109237	0.0127671	0.000205152	8.40306e-07	1.39671e-09	1.18375e-12	5.82827e-16	1.82045e-19	4.34722e-23	8.54856e-25	5.22547e-27	4.83931e-28	2.20096e-30	1.37461e-31	8.04504e-33	3.63006e-32	2.07703e-32	1.48433e-31	4.13543e-32	9.55105e-32	2.0151e-33	1.11012e-33	7.69038e-36	1.45746e-36	2.07882e-38	
Rhaspe	0	0	0	0	0	0	0	0	0	1	0	0	0	0	0	0	0	0	0	0	0	0	0	0	0	0	0	0	0	0	0	0	0	0	0	0	0	0	0	0	0	
N16	9.55583e-26	5.71209e-23	3.94294e-20	1.58372e-17	3.48121e-15	2.52763e-13	1.22155e-11	1.09227e-09	1.31442e-07	1.24402e-05	0.000572638	0.0101773	0.0744756	0.240645	0.35679	0.241388	0.0691524	0.00667805	0.000107686	5.54956e-07	1.33974e-09	1.82585e-12	1.65836e-15	1.06378e-16	1.71931e-18	1.24615e-18	1.16943e-20	6.29694e-21	3.35965e-23	1.38327e-23	4.05831e-26	1.29478e-26	1.94519e-29	4.74131e-30	3.17293e-33	5.32529e-34	1.36842e-37	8.42e-39	1.48228e-42	3.62772e-44	6.3074e-47	
Rhamar	0	0	0	0	0	0	0	0	0	1	0	0	0	0	0	0	0	0	0	0	0	0	0	0	0	0	0	0	0	0	0	0	0	0	0	0	0	0	0	0	0	
Rhatem	0	0	0	0	0	0	0	0	0	0	1	0	0	0	0	0	0	0	0	0	0	0	0	0	0	0	0	0	0	0	0	0	0	0	0	0	0	0	0	0	0	
N17	7.27502e-39	1.65636e-33	3.55234e-29	2.84701e-24	1.8113e-23	8.76612e-22	3.60478e-17	9.17365e-13	3.14966e-10	3.82302e-11	9.51132e-13	3.70961e-13	9.29346e-11	3.08912e-07	0.000293879	0.0452341	0.570474	0.374042	0.00992889	2.6439e-05	1.39434e-08	3.17597e-12	7.34878e-16	2.47424e-17	8.89621e-21	1.74994e-22	2.11982e-26	2.25288e-28	9.84459e-31	5.75815e-30	3.6631e-32	3.04125e-32	6.125e-35	3.4103e-35	4.20658e-38	1.57051e-38	1.28588e-41	2.82117e-42	1.68661e-45	1.90681e-46	2.25113e-48	
N18	1.94503e-36	9.52949e-32	8.79849e-28	8.0125e-24	7.58351e-21	3.76033e-20	6.76411e-17	5.04017e-14	9.61969e-12	1.98618e-10	5.78218e-10	7.20588e-10	2.63373e-09	1.97069e-06	0.00057875	0.0409779	0.489694	0.445322	0.0232564	0.000168985	3.16695e-07	2.17746e-10	7.25004e-14	2.37078e-16	6.54624e-19	1.14705e-20	1.7501e-23	1.43011e-25	1.28281e-28	5.20345e-31	2.6716e-34	5.51286e-37	1.16812e-40	6.92039e-43	4.27341e-45	2.23363e-46	6.039e-49	1.43598e-50	2.6155e-53	1.42381e-54	1.50405e-54	
N19	1.30644e-30	4.40668e-27	1.16177e-23	3.12992e-21	1.8141e-18	8.58924e-16	5.30513e-14	4.01302e-13	7.48834e-12	6.13745e-10	4.54968e-08	2.3712e-06	0.000158227	0.0058671	0.0760612	0.338814	0.451683	0.123594	0.00379198	2.86635e-05	8.50743e-08	1.24453e-10	1.02783e-13	5.49344e-17	4.90868e-20	5.29401e-21	4.63504e-23	4.59005e-24	2.88788e-26	1.70896e-27	7.84129e-30	2.76234e-31	8.25532e-34	1.72677e-35	1.88632e-38	2.56362e-40	6.43835e-44	3.74778e-46	5.19015e-50	1.27167e-52	4.58834e-56	
FGA379	0	0	0	0	0	0	0	0	0	0	0	0	0	0	0	0	1	0	0	0	0	0	0	0	0	0	0	0	0	0	0	0	0	0	0	0	0	0	0	0	0	
N20	1.59072e-29	4.30375e-26	9.71053e-23	1.38678e-20	2.28772e-17	1.9159e-14	2.92275e-13	7.24242e-13	4.24962e-11	5.54791e-08	3.65482e-05	0.00710343	0.134158	0.405361	0.340801	0.10112	0.0110359	0.000381617	2.74782e-06	6.82278e-09	7.94447e-12	5.12394e-15	2.03081e-18	5.75292e-22	3.13984e-25	1.00456e-26	3.56119e-29	1.02937e-30	2.71177e-33	4.9673e-35	9.35044e-38	1.09469e-39	1.27099e-42	9.72498e-45	4.93857e-48	2.52477e-50	4.07874e-54	1.12e-56	2.02079e-60	1.48555e-62	2.31436e-65	
N21	3.53462e-31	1.02937e-26	2.1386e-22	1.2633e-20	1.23739e-16	8.39458e-13	3.80664e-12	1.96377e-12	2.70468e-10	1.19536e-07	0.000157972	0.060539	0.466452	0.417197	0.0539	0.00173653	1.6744e-05	4.85602e-08	4.14165e-11	1.45635e-14	2.5848e-18	3.16452e-22	9.55301e-26	8.0163e-28	6.39843e-31	3.71229e-33	1.59222e-36	2.10434e-38	2.04687e-39	5.47673e-37	2.46329e-36	9.2442e-37	1.3135e-38	5.56699e-39	5.58265e-39	1.12491e-37	8.43933e-39	1.00261e-39	3.62692e-42	2.53147e-43	1.85195e-44	
N22	3.65758e-34	3.91777e-29	2.48516e-24	2.6427e-22	7.26843e-18	3.2696e-14	2.75569e-14	2.56559e-14	3.72642e-11	2.97766e-07	0.000774332	0.190303	0.641653	0.161777	0.00545425	3.81516e-05	6.83021e-08	3.38616e-11	5.2122e-15	3.36572e-19	1.09498e-23	9.93746e-28	4.62418e-31	1.71773e-30	1.72384e-30	5.58061e-30	1.22558e-31	2.16086e-31	1.49106e-33	2.06777e-33	6.24131e-36	6.28469e-36	1.03486e-38	6.58691e-39	7.07425e-42	2.33884e-42	1.90969e-45	2.88798e-46	1.9776e-49	2.35912e-50	1.06239e-50	
F3015	0	0	0	0	0	0	0	0	0	0	1	0	0	0	0	0	0	0	0	0	0	0	0	0	0	0	0	0	0	0	0	0	0	0	0	0	0	0	0	0	0	
N23	1.56106e-32	9.61205e-30	7.50801e-26	1.23602e-23	2.78228e-19	1.38787e-15	7.23819e-15	4.76244e-14	4.13942e-11	4.32724e-07	0.00111343	0.257883	0.65194	0.0877855	0.00127425	3.2486e-06	1.96842e-09	3.57976e-13	2.52684e-17	1.63825e-21	1.05708e-24	6.19708e-26	2.63743e-29	9.43487e-31	1.26928e-34	2.94765e-36	1.2261e-40	2.01571e-42	1.30971e-45	6.68632e-43	1.9446e-43	1.61739e-43	1.12112e-46	3.63371e-47	1.5885e-49	4.5663e-48	1.62917e-49	2.17175e-50	3.54176e-53	8.06737e-53	1.72602e-52	
N24	1.86882e-35	1.59135e-30	9.22746e-26	2.27762e-23	8.18122e-19	1.48774e-14	1.33461e-13	1.20115e-13	2.63516e-11	1.90083e-07	0.000622845	0.312637	0.637513	0.0489035	0.000322705	3.66033e-07	1.18008e-10	1.50933e-14	1.31135e-18	3.90239e-20	6.75041e-23	3.16149e-24	1.48466e-27	3.99768e-29	4.60532e-33	7.45947e-35	2.33393e-39	2.02038e-41	3.13419e-46	1.01965e-43	3.35819e-43	6.70402e-44	5.7879e-47	5.3627e-48	1.51183e-49	7.68471e-48	2.17618e-49	1.7488e-50	5.71298e-51	1.11464e-50	1.56983e-50	
N25	8.87395e-39	7.56754e-33	3.57863e-27	6.08862e-26	2.21163e-20	2.84014e-15	1.02719e-15	8.61568e-17	1.43693e-12	8.94245e-08	0.0011979	0.591293	0.402614	0.00489168	2.73476e-06	2.51695e-10	7.03726e-15	8.17696e-20	6.53396e-25	1.25176e-27	2.04695e-31	5.76051e-34	5.01291e-38	2.99096e-37	1.35536e-38	4.17313e-39	3.59234e-42	4.32416e-43	1.42982e-46	5.69826e-48	1.3087e-51	2.0117e-53	3.38684e-57	3.08875e-59	3.73446e-63	2.63232e-65	2.38474e-69	4.20554e-71	5.52827e-72	9.80375e-73	1.2421e-73	
N26	2.83042e-35	4.77014e-33	5.2723e-28	1.4719e-25	7.5382e-21	6.25199e-17	1.10725e-15	1.57477e-14	4.77616e-11	8.42174e-07	0.00390995	0.610191	0.381753	0.00414335	2.15188e-06	2.41896e-10	9.7217e-15	5.38815e-19	8.06316e-22	1.0371e-22	1.14588e-25	6.40054e-27	2.61118e-30	3.14438e-31	7.19992e-33	3.59472e-32	2.35561e-35	1.28885e-35	5.27885e-39	5.89927e-40	1.86542e-43	1.04922e-44	2.43227e-48	1.03861e-49	1.77701e-53	1.79869e-54	6.70973e-58	2.27524e-57	3.7836e-57	1.22805e-56	2.85199e-56	
F1476	0	0	0	0	0	0	0	0	0	0	1	0	0	0	0	0	0	0	0	0	0	0	0	0	0	0	0	0	0	0	0	0	0	0	0	0	0	0	0	0	0	
N27	1.39414e-35	5.56309e-32	1.12805e-26	8.22535e-24	5.22666e-19	1.26082e-14	2.53713e-13	2.31818e-12	1.82047e-09	1.63093e-06	0.00581964	0.608745	0.37918	0.00624853	5.86133e-06	1.25833e-09	9.88226e-14	2.76684e-16	8.51062e-19	8.19168e-20	1.11126e-22	4.4578e-24	1.8548e-27	6.62483e-26	3.78423e-28	5.02435e-28	4.75571e-31	9.07115e-32	6.30448e-35	4.46298e-36	2.16625e-39	1.09416e-40	3.71724e-44	1.62478e-45	8.90295e-49	1.41504e-48	1.08441e-51	2.21653e-51	9.83741e-52	1.99509e-51	2.76014e-51	
Furcep	0	0	0	0	0	0	0	0	0	0	0	0	0	1	0	0	0	0	0	0	0	0	0	0	0	0	0	0	0	0	0	0	0	0	0	0	0	0	0	0	0	
N28	2.43971e-32	2.77662e-29	6.99181e-25	1.33103e-21	1.74074e-17	1.6241e-14	3.15405e-14	1.08499e-12	4.16699e-09	2.464e-05	0.0363833	0.708582	0.252562	0.00244638	2.26701e-06	6.27349e-10	7.39922e-14	7.06005e-18	7.02259e-21	9.23326e-22	2.34889e-24	1.9591e-25	2.62019e-28	1.16089e-29	1.72302e-33	4.82029e-35	9.51308e-40	7.77393e-42	8.16402e-47	1.11934e-49	7.71955e-55	4.97751e-58	2.21494e-63	9.69705e-67	2.90986e-72	2.15768e-75	1.04739e-80	7.07939e-83	6.58992e-85	8.91383e-87	8.24709e-89	
Furpol	0	0	0	0	0	0	0	0	0	0	0	1	0	0	0	0	0	0	0	0	0	0	0	0	0	0	0	0	0	0	0	0	0	0	0	0	0	0	0	0	0	
N29	4.90043e-32	2.28837e-27	5.26403e-23	1.67189e-19	2.23918e-15	4.80915e-13	3.10905e-13	9.3142e-11	5.98504e-07	0.00135625	0.54935	0.424598	0.0246206	7.46884e-05	5.50389e-08	1.57335e-11	2.20069e-15	5.71255e-19	9.75663e-22	2.74713e-23	4.08433e-26	5.81332e-28	5.01397e-31	3.60076e-33	6.07383e-37	2.54338e-39	8.26148e-44	8.23211e-47	1.5451e-51	6.17684e-55	6.81284e-60	1.92647e-63	1.31576e-68	2.97636e-72	1.45569e-77	8.03404e-81	1.51955e-85	4.93929e-88	1.00968e-90	2.22978e-93	3.38101e-96	
N30	5.98378e-32	3.46677e-27	9.11973e-23	4.15107e-19	6.58629e-15	9.89016e-13	4.05772e-13	1.69838e-10	1.17283e-06	0.00258334	0.840727	0.154927	0.0017589	2.17389e-06	8.12775e-10	1.3142e-13	1.3611e-17	1.04803e-19	1.78972e-22	3.15886e-24	2.90154e-27	2.52324e-29	4.87503e-33	2.49135e-35	1.16611e-39	2.69711e-42	5.38118e-47	2.99676e-50	3.60877e-55	1.13831e-58	8.53275e-64	2.02056e-67	9.92662e-73	2.30071e-76	7.92294e-81	2.53551e-83	2.69515e-88	6.21466e-91	2.74182e-94	5.98736e-97	7.32854e-100	
F2241	0	0	0	0	0	0	0	0	0	0	1	0	0	0	0	0	0	0	0	0	0	0	0	0	0	0	0	0	0	0	0	0	0	0	0	0	0	0	0	0	0	
Furang	0	0	0	0	0	0	0	0	0	0	1	0	0	0	0	0	0	0	0	0	0	0	0	0	0	0	0	0	0	0	0	0	0	0	0	0	0	0	0	0	0	
FGA490	0	0	0	0	0	0	0	0	0	0	1	0	0	0	0	0	0	0	0	0	0	0	0	0	0	0	0	0	0	0	0	0	0	0	0	0	0	0	0	0	0	
N31	1.23188e-35	2.57037e-30	2.97984e-25	3.44596e-23	2.82043e-18	5.04125e-14	2.4104e-14	2.40934e-14	2.2245e-10	3.19366e-06	0.0096062	0.809367	0.180453	0.000570222	2.36708e-07	2.88034e-11	1.4484e-15	9.40405e-20	6.20955e-23	1.09963e-24	6.49124e-28	5.22801e-30	1.63168e-33	6.13561e-36	2.90448e-40	6.11443e-43	4.15907e-48	1.87878e-51	1.73186e-55	1.98334e-54	7.62975e-56	1.07055e-57	2.36023e-61	3.28787e-63	4.94991e-65	2.38918e-64	2.75246e-66	1.05064e-66	2.11599e-67	4.49526e-68	6.79438e-69	
N32	8.80756e-35	1.09563e-29	8.027e-25	2.75567e-22	1.25663e-17	7.23144e-14	2.09873e-13	1.263e-12	5.72671e-10	5.58287e-06	0.0118967	0.842671	0.144992	0.000434273	1.9959e-07	2.86458e-11	1.82751e-15	5.66984e-18	1.07879e-20	3.95712e-22	3.8833e-25	6.39081e-27	1.63592e-30	1.5068e-32	3.67227e-37	1.41639e-39	1.13402e-44	5.79855e-48	5.0743e-53	1.08963e-51	9.13418e-52	3.77095e-53	1.42231e-56	4.34569e-58	1.33503e-60	7.92839e-58	2.25509e-58	3.63322e-58	8.51432e-59	7.03866e-59	3.93408e-59	
N33	1.16706e-36	5.2617e-31	1.36436e-25	7.748e-24	1.09842e-18	8.84803e-14	9.27905e-13	1.25148e-13	6.24092e-12	1.29375e-07	0.00127492	0.839059	0.158771	0.000894185	2.86944e-07	2.28188e-11	1.0251e-15	1.64296e-17	1.45563e-20	2.48482e-22	8.61173e-26	6.39298e-28	2.77776e-32	1.10524e-34	5.98703e-40	6.15267e-43	1.58394e-48	6.85567e-51	7.82613e-54	5.69434e-53	2.58153e-54	3.64137e-56	4.74558e-60	8.15543e-62	3.01064e-63	2.76601e-61	5.05647e-63	1.73728e-63	4.94334e-65	1.59411e-65	2.80646e-66	
N34	3.41608e-34	2.35107e-29	8.84855e-25	1.54607e-22	3.39743e-18	2.68092e-14	2.77279e-14	1.72719e-14	2.33037e-11	3.55025e-07	0.00159402	0.890644	0.107411	0.000350452	1.58892e-07	2.24485e-11	1.37267e-15	5.10161e-19	1.20437e-21	9.95812e-23	1.45314e-25	5.68383e-27	3.21728e-30	6.92226e-32	2.33888e-36	2.53053e-38	2.34435e-43	4.71241e-46	2.72179e-51	1.25764e-54	4.38931e-60	1.25071e-63	2.68794e-69	5.89927e-73	9.91577e-79	1.88106e-81	7.73818e-87	5.79717e-89	1.79355e-91	1.12538e-93	4.75187e-96	
N35	2.87219e-32	1.33748e-27	3.692e-23	5.5374e-21	1.12743e-16	9.20346e-13	8.02612e-13	2.87618e-13	1.41409e-10	1.15176e-06	0.00288522	0.954191	0.0428252	9.71848e-05	5.15055e-08	1.02253e-11	9.88578e-16	1.67669e-18	3.48054e-21	1.04194e-22	1.31952e-25	1.90913e-27	1.33111e-30	9.45998e-33	4.50642e-37	1.29403e-39	2.41336e-44	1.36964e-47	1.50237e-52	4.73192e-56	3.11921e-61	7.51691e-65	3.17026e-70	6.36225e-74	3.95439e-79	1.05752e-81	1.3142e-86	4.59094e-89	7.78468e-92	1.96442e-94	3.36397e-97	
FGA456	0	0	0	0	0	0	0	0	0	0	0	1	0	0	0	0	0	0	0	0	0	0	0	0	0	0	0	0	0	0	0	0	0	0	0	0	0	0	0	0	0	
FGA513	0	0	0	0	0	0	0	0	0	0	0	1	0	0	0	0	0	0	0	0	0	0	0	0	0	0	0	0	0	0	0	0	0	0	0	0	0	0	0	0	0	
F12278	0	0	0	0	0	0	0	0	0	0	0	1	0	0	0	0	0	0	0	0	0	0	0	0	0	0	0	0	0	0	0	0	0	0	0	0	0	0	0	0	0	
N36	7.26821e-31	2.82274e-26	6.70967e-22	2.0877e-19	1.42939e-15	1.21016e-11	8.44601e-10	5.22488e-10	5.1848e-09	3.98707e-07	0.000916046	0.578329	0.389765	0.030938	5.1855e-05	2.41703e-08	6.39654e-12	2.08264e-13	8.30653e-16	3.90287e-17	8.53831e-20	1.80672e-21	2.07946e-24	2.03877e-26	1.00539e-30	1.43815e-33	3.89519e-38	2.37116e-41	3.57185e-46	1.59806e-49	1.46085e-54	5.23609e-58	3.14708e-63	1.21077e-66	8.57921e-71	5.04266e-73	9.81826e-78	4.33855e-80	8.42534e-83	2.70831e-85	5.79988e-88	
Furant	0	0	0	0	0	0	0	0	0	0	0	1	0	0	0	0	0	0	0	0	0	0	0	0	0	0	0	0	0	0	0	0	0	0	0	0	0	0	0	0	0	
FGA331	0	0	0	0	0	0	0	0	0	0	0	0	0	1	0	0	0	0	0	0	0	0	0	0	0	0	0	0	0	0	0	0	0	0	0	0	0	0	0	0	0	
FGA465	0	0	0	0	0	0	0	0	0	0	1	0	0	0	0	0	0	0	0	0	0	0	0	0	0	0	0	0	0	0	0	0	0	0	0	0	0	0	0	0	0	
N37	4.18656e-32	2.6064e-27	8.83678e-23	4.02071e-20	8.18146e-16	1.17433e-12	5.82463e-13	1.08011e-11	7.89871e-08	0.00025805	0.155304	0.808298	0.0360599	7.94969e-05	4.44623e-08	9.74045e-12	1.05934e-15	1.03101e-18	1.93635e-21	4.30357e-23	5.14361e-26	5.53895e-28	3.79724e-31	1.96098e-33	1.56006e-37	4.00736e-40	9.04826e-45	4.14919e-48	5.22628e-53	1.42336e-56	1.0517e-61	2.21592e-65	1.03247e-70	1.78504e-74	9.48767e-80	1.37289e-82	2.14682e-87	5.13675e-90	6.69607e-93	1.08157e-95	1.18393e-98	
FGA99	0	0	0	0	0	0	0	0	0	0	1	0	0	0	0	0	0	0	0	0	0	0	0	0	0	0	0	0	0	0	0	0	0	0	0	0	0	0	0	0	0	
N38	2.15855e-31	7.87783e-27	1.61862e-22	1.89264e-19	2.64281e-15	2.7799e-12	3.5293e-12	6.62897e-11	1.08429e-07	0.000318195	0.178476	0.804741	0.0164345	3.03779e-05	1.54387e-08	3.22418e-12	5.17221e-16	1.84522e-17	5.43651e-20	2.40981e-21	3.44295e-24	7.56844e-26	1.60291e-29	2.04846e-31	8.31512e-36	3.52955e-38	7.28909e-43	6.98408e-46	8.88539e-51	4.78256e-54	3.83879e-59	1.52482e-62	8.1059e-68	3.80099e-71	3.76776e-75	2.99295e-77	3.26923e-82	1.70973e-84	1.02214e-87	5.34193e-90	1.45267e-92	
FGA15	0	0	0	0	0	0	0	0	0	0	1	0	0	0	0	0	0	0	0	0	0	0	0	0	0	0	0	0	0	0	0	0	0	0	0	0	0	0	0	0	0	
FGA581	0	0	0	0	0	0	0	0	0	0	0	1	0	0	0	0	0	0	0	0	0	0	0	0	0	0	0	0	0	0	0	0	0	0	0	0	0	0	0	0	0	
FGA104	0	0	0	0	0	0	0	0	0	0	0	0	1	0	0	0	0	0	0	0	0	0	0	0	0	0	0	0	0	0	0	0	0	0	0	0	0	0	0	0	0	
FGA489	0	0	0	0	0	0	0	0	0	0	1	0	0	0	0	0	0	0	0	0	0	0	0	0	0	0	0	0	0	0	0	0	0	0	0	0	0	0	0	0	0	
FGA174	0	0	0	0	0	0	0	0	0	0	0	0	0	1	0	0	0	0	0	0	0	0	0	0	0	0	0	0	0	0	0	0	0	0	0	0	0	0	0	0	0	
FurbGB	0	0	0	0	0	0	0	0	0	0	0	1	0	0	0	0	0	0	0	0	0	0	0	0	0	0	0	0	0	0	0	0	0	0	0	0	0	0	0	0	0	
N39	1.49018e-37	2.81667e-33	2.14114e-29	1.95632e-25	1.06141e-22	9.36806e-22	2.14861e-18	6.07043e-15	8.07271e-12	1.12123e-10	1.73266e-10	1.00747e-10	2.8615e-10	2.09571e-07	0.000129191	0.0190804	0.40117	0.534909	0.0441523	0.000557292	1.90921e-06	2.8261e-09	1.43205e-11	1.01694e-11	1.4245e-13	4.98755e-14	2.76614e-16	5.09114e-17	9.47733e-20	1.04034e-20	5.98802e-24	4.08201e-25	7.23843e-29	2.73751e-30	1.80903e-34	2.38533e-36	9.50019e-41	4.2531e-43	1.16963e-47	3.04084e-50	2.00958e-52	
N40	3.33785e-35	2.06362e-31	7.54684e-28	2.42384e-24	3.71452e-22	1.55172e-20	2.1891e-17	2.31443e-14	5.67111e-12	3.29599e-11	4.39436e-11	3.52093e-11	2.98631e-10	1.09554e-07	5.78118e-05	0.0100874	0.318703	0.590168	0.0790788	0.00189183	1.37397e-05	4.09202e-08	6.3642e-11	1.19316e-12	2.40188e-14	6.22349e-15	8.69029e-17	1.27472e-17	1.07506e-19	8.65001e-21	3.63464e-23	1.74181e-24	2.48713e-27	7.55245e-29	2.82762e-32	4.17956e-34	7.47807e-38	4.1174e-40	4.76843e-44	1.4436e-46	2.61271e-49	
N41	1.45141e-34	1.52377e-30	4.9286e-27	3.15712e-23	1.4039e-22	1.40396e-20	7.31075e-17	2.30505e-13	1.97283e-11	8.75301e-12	1.13351e-12	2.20223e-13	2.72581e-11	3.24675e-08	3.63879e-05	0.0125504	0.494388	0.46867	0.0241244	0.000229196	6.88511e-07	8.72757e-10	5.58188e-13	2.96356e-16	4.30769e-19	7.75361e-21	1.83451e-23	1.91699e-25	2.89174e-28	1.63944e-30	1.58623e-33	5.09248e-36	1.38584e-35	5.91119e-36	2.07333e-37	3.25326e-38	5.10326e-40	4.62098e-41	1.1826e-42	2.6461e-41	6.68991e-41	
CGA312	0	0	0	0	0	0	0	0	0	0	0	0	0	0	0	0	0	1	0	0	0	0	0	0	0	0	0	0	0	0	0	0	0	0	0	0	0	0	0	0	0	
N42	4.5518e-41	7.46819e-36	1.78216e-31	1.4728e-26	4.73298e-26	1.40444e-23	5.60764e-19	9.08092e-15	7.62707e-14	4.29018e-15	4.95772e-17	2.58547e-16	1.6656e-13	3.10869e-09	2.26976e-05	0.0196148	0.619709	0.354787	0.00585623	1.03992e-05	4.37816e-09	6.48462e-13	4.25291e-17	1.51776e-21	4.86336e-26	8.94868e-29	3.35245e-32	3.10997e-34	7.75454e-38	4.14734e-40	5.22615e-44	1.02137e-42	2.27077e-42	1.36869e-42	6.33261e-45	2.60041e-45	3.40953e-48	9.65821e-49	5.6719e-49	2.46404e-47	8.69306e-49	
N43	1.07803e-48	3.77992e-42	5.98275e-37	4.84333e-31	6.21703e-31	1.08371e-26	5.27463e-21	2.16903e-17	3.30489e-17	3.61042e-20	5.00363e-21	4.70531e-19	1.78445e-13	2.50367e-08	0.00030458	0.0769507	0.845244	0.0774084	9.19502e-05	8.44136e-09	1.69025e-13	1.16702e-18	3.5488e-24	5.51926e-30	5.1274e-36	1.3069e-39	7.10825e-44	5.55547e-46	2.51769e-46	7.6603e-46	4.54806e-45	5.93341e-41	9.40005e-41	2.61547e-39	5.34919e-40	1.33173e-38	2.35746e-39	6.12541e-36	7.11992e-36	1.83024e-34	1.38332e-35	
N44	9.8489e-39	3.82896e-35	1.85893e-32	2.48146e-29	3.21772e-31	1.32852e-28	9.52107e-24	1.30529e-19	8.25134e-19	9.33551e-19	4.01004e-19	1.23668e-17	3.34022e-13	1.55119e-08	0.000160579	0.0704223	0.8563	0.0730174	0.00010008	1.92531e-08	1.04342e-12	2.22991e-17	2.51468e-22	4.94486e-24	5.96215e-27	4.85557e-28	3.20556e-31	2.55075e-32	8.86957e-33	8.26284e-32	5.67867e-34	1.28767e-33	1.76657e-36	2.81843e-36	1.35025e-39	1.01795e-39	2.71443e-43	2.48416e-44	5.187e-48	2.06334e-49	4.26445e-50	
N45	3.98307e-40	4.69527e-35	6.69705e-31	3.97557e-26	5.4703e-26	9.76667e-24	4.28059e-19	8.69263e-15	1.5234e-12	9.15557e-14	2.11774e-15	8.89814e-17	3.50089e-13	4.60576e-09	2.23032e-05	0.023969	0.840562	0.135012	0.00043487	3.00764e-07	7.42916e-11	8.59386e-15	7.49198e-19	2.09875e-21	1.4222e-24	5.6018e-27	2.19372e-30	4.34828e-33	7.21256e-34	7.62032e-34	4.64657e-35	5.18935e-36	7.55821e-38	5.41449e-39	2.09332e-41	5.9141e-43	1.40139e-45	2.57006e-47	4.3948e-50	1.21945e-51	5.74007e-53	
CGA642	0	0	0	0	0	0	0	0	0	0	0	0	0	0	0	0	1	0	0	0	0	0	0	0	0	0	0	0	0	0	0	0	0	0	0	0	0	0	0	0	0	
N46	3.56543e-35	3.64815e-32	1.26346e-29	7.63033e-27	6.07423e-26	2.19421e-23	4.22833e-19	2.92953e-15	9.76573e-14	4.46077e-15	1.21869e-16	8.36794e-16	1.46811e-13	1.71213e-09	1.54125e-05	0.0305657	0.815925	0.153153	0.000340324	1.54103e-07	2.42424e-11	1.72264e-15	6.54949e-20	4.02315e-23	8.23492e-26	9.08006e-27	1.21774e-29	7.38253e-31	5.69191e-34	2.05439e-35	7.49878e-39	1.75547e-40	1.81587e-44	2.97491e-46	1.91575e-51	6.76583e-54	2.80027e-59	3.04636e-62	9.2006e-68	4.96625e-71	3.57177e-74	
CGA763	0	0	0	0	0	0	0	0	0	0	0	0	0	0	0	1	0	0	0	0	0	0	0	0	0	0	0	0	0	0	0	0	0	0	0	0	0	0	0	0	0	
C601	0	0	0	0	0	0	0	0	0	0	0	0	0	0	0	0	0	1	0	0	0	0	0	0	0	0	0	0	0	0	0	0	0	0	0	0	0	0	0	0	0	
N47	2.35681e-36	3.10782e-33	1.04626e-30	6.6966e-28	1.11664e-29	4.39484e-29	8.07204e-25	6.33524e-21	3.27032e-19	7.48008e-19	1.64966e-18	1.15291e-15	1.48723e-11	1.64922e-07	0.000435758	0.085635	0.848603	0.0651863	0.000139698	5.90925e-08	8.39006e-12	5.21949e-16	1.67115e-20	3.06981e-23	9.04804e-26	1.56492e-26	2.79786e-29	2.38279e-30	2.61505e-33	1.14803e-34	5.19203e-38	1.42024e-38	2.2601e-39	6.65792e-39	6.8818e-42	5.73998e-42	3.77603e-45	5.45736e-45	1.34378e-46	1.55675e-46	1.09883e-46	
CGA236	0	0	0	0	0	0	0	0	0	0	0	0	0	0	0	0	1	0	0	0	0	0	0	0	0	0	0	0	0	0	0	0	0	0	0	0	0	0	0	0	0	
N48	1.59374e-41	6.62648e-38	1.16573e-34	1.53276e-31	5.86785e-30	4.93552e-26	6.02391e-22	9.58829e-19	3.27695e-17	1.04613e-16	2.85418e-15	2.95002e-12	8.8296e-09	1.52314e-05	0.00590781	0.185869	0.756038	0.0519777	0.000191947	1.74483e-07	6.14358e-11	1.05216e-14	1.00853e-18	1.19295e-21	6.08865e-24	1.14406e-24	3.97647e-27	4.10037e-28	9.77655e-31	5.67421e-32	8.66153e-35	2.90535e-36	1.63057e-39	3.59093e-41	1.30728e-45	9.87986e-48	1.82698e-52	2.34019e-55	2.84196e-60	2.32464e-63	5.04159e-66	
N49	1.81552e-35	3.69774e-31	3.9301e-27	1.03706e-23	7.10108e-21	2.53053e-18	9.33144e-15	9.58702e-13	3.08917e-11	7.09877e-11	2.41677e-09	5.60417e-08	1.05064e-06	0.00042689	0.0216095	0.258409	0.630576	0.0884832	0.000493961	7.57779e-07	4.85842e-10	1.62785e-13	5.00984e-17	1.42756e-18	5.7525e-21	2.18569e-22	5.77184e-25	1.2039e-26	2.11708e-29	2.47086e-31	2.3678e-34	1.66589e-36	6.16859e-40	2.72495e-42	2.0154e-46	2.50804e-49	1.08781e-53	6.67043e-57	1.87347e-61	1.5155e-64	2.95585e-67	
Calboe	0	0	0	0	0	0	0	0	0	0	0	0	0	1	0	0	0	0	0	0	0	0	0	0	0	0	0	0	0	0	0	0	0	0	0	0	0	0	0	0	0	
C3125	0	0	0	0	0	0	0	0	0	0	0	0	0	0	0	0	0	1	0	0	0	0	0	0	0	0	0	0	0	0	0	0	0	0	0	0	0	0	0	0	0	
CGA429	0	0	0	0	0	0	0	0	0	0	0	0	0	0	1	0	0	0	0	0	0	0	0	0	0	0	0	0	0	0	0	0	0	0	0	0	0	0	0	0	0	
N50	2.92874e-45	5.65769e-40	2.30949e-35	6.62468e-31	4.00227e-29	1.46086e-24	1.88034e-20	6.75802e-19	1.20549e-19	5.48603e-20	2.82671e-16	1.091e-11	1.57371e-07	0.000519423	0.0977906	0.531433	0.359135	0.0111145	7.31531e-06	1.16007e-09	7.24619e-14	2.22897e-18	3.84365e-23	5.26277e-28	1.66343e-31	1.27237e-32	7.14585e-35	2.09445e-33	1.96933e-34	6.33839e-34	3.84006e-35	8.002e-35	3.47655e-36	4.78034e-36	1.63871e-38	1.62539e-38	1.16176e-41	1.38644e-42	7.59347e-46	3.49873e-47	1.19355e-48	
C984	0	0	0	0	0	0	0	0	0	0	0	0	0	1	0	0	0	0	0	0	0	0	0	0	0	0	0	0	0	0	0	0	0	0	0	0	0	0	0	0	0	
N51	4.69993e-33	1.94131e-30	4.88974e-28	3.36476e-26	4.55831e-26	1.19992e-24	1.10842e-20	2.47482e-18	1.5313e-17	5.49055e-17	5.03258e-14	4.43139e-10	1.67295e-06	0.00167982	0.176456	0.581479	0.235558	0.00481916	5.15517e-06	1.7522e-09	2.68947e-13	2.21247e-17	1.13608e-21	2.20311e-23	1.04356e-25	2.07972e-26	6.11422e-29	6.80664e-30	9.16811e-33	6.62504e-34	3.57723e-37	1.82781e-38	3.33695e-42	1.23071e-43	3.28464e-48	5.28999e-50	6.19105e-55	9.86741e-58	7.84758e-63	7.14982e-66	1.97093e-68	
CGA310	0	0	0	0	0	0	0	0	0	0	0	0	0	0	1	0	0	0	0	0	0	0	0	0	0	0	0	0	0	0	0	0	0	0	0	0	0	0	0	0	0	
N52	2.24591e-35	3.78469e-31	3.66762e-27	6.1176e-24	1.52868e-21	8.57258e-18	2.29589e-14	3.49076e-13	2.34481e-13	2.3205e-13	7.71191e-11	1.96775e-07	0.000212984	0.0603944	0.673226	0.251704	0.0143704	9.25379e-05	1.65201e-07	1.22956e-10	4.69562e-14	1.07806e-17	3.07442e-21	7.33074e-23	2.21694e-25	5.68288e-27	1.19986e-29	1.7716e-31	2.55418e-34	2.17411e-36	1.64146e-39	8.70864e-42	2.47013e-45	8.2827e-48	6.53587e-52	7.82214e-55	3.56895e-59	1.95446e-62	5.71472e-67	4.18727e-70	6.83578e-73	
CGA365	0	0	0	0	0	0	0	0	0	0	0	0	0	0	1	0	0	0	0	0	0	0	0	0	0	0	0	0	0	0	0	0	0	0	0	0	0	0	0	0	0	
CGA494	0	0	0	0	0	0	0	0	0	0	0	0	0	1	0	0	0	0	0	0	0	0	0	0	0	0	0	0	0	0	0	0	0	0	0	0	0	0	0	0	0	
N53	2.93014e-39	1.37512e-34	1.29355e-30	4.07969e-26	9.15669e-25	2.90939e-23	2.49622e-19	4.0825e-15	1.43964e-12	2.43793e-12	2.66878e-13	6.34208e-14	4.28036e-12	1.8082e-09	6.65981e-06	0.00723393	0.337276	0.609494	0.0458126	0.000176512	1.67462e-07	6.09073e-11	1.15155e-14	3.87697e-17	8.11374e-20	1.34711e-21	1.63046e-24	1.33167e-26	1.00769e-29	4.22823e-32	1.98335e-35	9.30352e-37	4.99587e-36	2.16857e-36	1.36088e-38	1.06043e-39	3.87698e-42	1.48959e-43	5.63592e-46	1.64271e-45	7.28276e-45	
N54	2.99336e-40	1.69015e-35	3.49361e-31	9.54201e-27	2.5021e-25	1.47833e-22	2.16065e-18	1.2617e-14	3.36094e-13	1.30834e-13	7.79871e-15	1.82615e-14	7.25443e-13	3.71386e-09	1.74765e-05	0.0174927	0.384914	0.576977	0.0205562	4.2965e-05	2.26739e-08	4.64658e-12	4.63914e-16	4.84202e-20	1.25687e-23	5.96246e-26	5.1182e-29	3.14505e-30	4.04224e-33	1.6752e-34	1.30788e-37	3.34812e-39	1.18782e-42	2.02131e-44	1.32398e-48	1.54617e-50	2.94739e-55	1.94049e-57	1.44339e-62	2.07907e-65	4.72001e-70	
C12265	0	0	0	0	0	0	0	0	0	0	0	0	0	0	0	0	0	1	0	0	0	0	0	0	0	0	0	0	0	0	0	0	0	0	0	0	0	0	0	0	0	
N55	4.57426e-42	1.17247e-36	2.49985e-32	2.04059e-27	3.46235e-28	2.18742e-24	1.02487e-19	2.7498e-16	9.0021e-18	2.191e-19	1.31241e-19	7.46091e-16	5.15162e-11	1.40992e-06	0.00971226	0.895813	0.0931766	0.00129578	1.22655e-06	1.89301e-10	1.02188e-14	2.55368e-19	3.43375e-24	2.76291e-29	2.13154e-34	2.57317e-37	7.33403e-41	4.64734e-39	9.63671e-39	3.09691e-39	6.40753e-41	1.32711e-41	2.25839e-43	3.12814e-44	3.06983e-46	2.94242e-47	4.71077e-50	2.21445e-51	1.87515e-54	2.97759e-56	6.32273e-59	
C404	0	0	0	0	0	0	0	0	0	0	0	0	0	0	1	0	0	0	0	0	0	0	0	0	0	0	0	0	0	0	0	0	0	0	0	0	0	0	0	0	0	
N56	1.02189e-35	1.50312e-32	5.33097e-30	2.01577e-27	1.83775e-29	5.31559e-26	1.20516e-21	4.98021e-18	1.57924e-18	1.50608e-18	8.01179e-19	3.21508e-16	2.3398e-11	6.73045e-07	0.00447757	0.93273	0.0624187	0.000372442	1.59046e-07	1.52089e-11	5.47959e-16	9.49403e-21	1.00401e-25	1.18162e-27	1.15662e-30	7.13286e-32	4.26895e-35	1.39296e-36	4.21344e-40	7.70096e-42	1.5599e-46	1.82614e-48	1.18863e-53	8.34344e-56	2.26435e-61	7.66864e-64	1.00169e-69	5.86671e-73	5.27641e-79	9.85925e-83	2.88188e-86	
Cl11778	0	0	0	0	0	0	0	0	0	0	0	0	0	0	0	1	0	0	0	0	0	0	0	0	0	0	0	0	0	0	0	0	0	0	0	0	0	0	0	0	0	
CGA48	0	0	0	0	0	0	0	0	0	0	0	0	0	0	0	1	0	0	0	0	0	0	0	0	0	0	0	0	0	0	0	0	0	0	0	0	0	0	0	0	0	
C3126	0	0	0	0	0	0	0	0	0	0	0	0	0	0	0	0	0	0	1	0	0	0	0	0	0	0	0	0	0	0	0	0	0	0	0	0	0	0	0	0	0	
N57	2.93494e-36	1.06328e-31	5.37499e-28	1.13557e-23	6.12111e-21	2.50714e-21	1.32963e-17	1.17229e-13	3.69246e-10	2.72125e-10	1.36262e-11	3.03025e-13	1.37928e-14	1.97577e-11	5.78301e-08	6.58539e-05	0.0198401	0.737708	0.238226	0.00414317	1.59892e-05	2.20073e-08	1.43945e-11	2.18666e-14	4.9525e-17	4.3516e-19	6.47599e-22	2.77509e-24	2.42541e-27	1.96843e-29	3.18831e-29	1.14718e-29	5.92968e-31	6.54961e-32	1.5623e-33	1.1152e-34	1.46016e-36	6.59881e-38	5.85855e-40	2.44685e-41	7.46368e-43	
CGA311	0	0	0	0	0	0	0	0	0	0	0	0	0	0	0	0	0	1	0	0	0	0	0	0	0	0	0	0	0	0	0	0	0	0	0	0	0	0	0	0	0	
N58	3.10744e-37	3.48113e-34	5.57746e-31	1.0746e-26	9.0954e-24	5.41107e-23	3.31093e-19	3.30507e-15	7.79356e-12	7.95448e-12	3.28385e-13	4.70215e-15	1.36124e-15	9.34061e-13	6.61632e-09	1.94519e-05	0.012988	0.737648	0.24588	0.00345493	9.05069e-06	7.4403e-09	2.56885e-12	8.52715e-16	4.47554e-19	3.32251e-21	4.82398e-24	4.98889e-25	5.95576e-28	4.05684e-29	2.22183e-32	9.89695e-34	2.06224e-37	6.32966e-39	3.65051e-43	7.49914e-45	9.7003e-50	8.01713e-52	5.95121e-57	2.01868e-59	7.22963e-64	
N59	3.87522e-42	3.81157e-37	5.68258e-33	2.67169e-28	1.8975e-26	1.46313e-25	2.79583e-21	2.92428e-17	2.35972e-14	1.36685e-15	1.07954e-17	1.04471e-18	2.53843e-17	5.60189e-13	7.05689e-09	3.1398e-05	0.0297122	0.880826	0.0890249	0.000405438	3.74892e-07	1.17521e-10	1.62642e-14	1.1687e-18	4.98113e-23	4.5355e-26	4.93413e-29	9.11328e-31	6.53644e-34	6.61726e-36	3.20837e-39	1.81578e-41	1.23355e-43	3.89638e-42	9.23576e-44	2.65894e-44	1.26864e-46	2.43928e-47	4.01866e-50	2.77569e-51	1.61801e-52	
CGA45	0	0	0	0	0	0	0	0	0	0	0	0	0	0	0	0	1	0	0	0	0	0	0	0	0	0	0	0	0	0	0	0	0	0	0	0	0	0	0	0	0	
N60	5.96839e-43	2.32929e-38	3.61374e-34	6.7482e-30	2.13825e-27	6.14485e-26	3.96977e-22	1.28016e-18	7.16705e-16	9.28531e-17	8.39731e-17	8.50574e-17	1.59741e-16	6.86543e-13	6.43788e-09	2.29987e-05	0.0195771	0.903768	0.0762784	0.000353055	3.66558e-07	1.37604e-10	2.38913e-14	2.2449e-18	2.22187e-22	2.65834e-23	1.02549e-25	1.45972e-26	3.67136e-29	2.90823e-30	4.66343e-33	2.14296e-34	1.7014e-37	4.8462e-39	5.17981e-43	9.74944e-45	2.32936e-49	1.81484e-51	2.20806e-56	3.73708e-59	1.85437e-63	
C3043	0	0	0	0	0	0	0	0	0	0	0	0	0	0	0	0	0	1	0	0	0	0	0	0	0	0	0	0	0	0	0	0	0	0	0	0	0	0	0	0	0	
CGA364	0	0	0	0	0	0	0	0	0	0	0	0	0	0	0	0	0	1	0	0	0	0	0	0	0	0	0	0	0	0	0	0	0	0	0	0	0	0	0	0	0	
C2208	0	0	0	0	0	0	0	0	0	0	0	0	0	0	0	0	0	0	1	0	0	0	0	0	0	0	0	0	0	0	0	0	0	0	0	0	0	0	0	0	0	
N61	2.20181e-31	1.6831e-27	4.77298e-24	2.10484e-20	1.14669e-18	4.47846e-18	1.14367e-14	2.12016e-11	1.33364e-08	4.36158e-09	3.86432e-10	1.68026e-11	3.12717e-12	1.93937e-09	1.64512e-06	0.000568752	0.0573504	0.866153	0.0747468	0.00117278	6.13513e-06	1.44546e-08	1.99102e-11	8.57198e-14	3.84607e-16	4.90595e-18	1.51406e-20	1.05892e-22	2.12865e-25	8.5012e-28	1.12297e-30	2.59393e-33	2.07753e-36	2.72643e-39	1.08972e-42	8.41726e-46	1.75066e-49	8.33495e-53	1.09864e-56	4.87537e-60	1.72862e-63	
N62	9.12106e-38	5.52879e-33	6.23596e-29	1.82724e-24	1.34036e-22	4.24335e-22	5.07896e-18	3.14575e-14	3.43043e-11	9.50252e-13	6.7526e-15	9.98052e-17	1.96043e-16	1.75173e-12	1.57967e-08	5.16794e-05	0.0374293	0.941044	0.0214148	5.97789e-05	4.59181e-08	1.39159e-11	2.04564e-15	1.82998e-19	2.25834e-23	1.95161e-25	1.72267e-28	1.45745e-30	8.28289e-34	3.96038e-36	1.41445e-39	3.99469e-42	7.94477e-46	1.38768e-48	1.14167e-52	1.26593e-55	2.29865e-60	1.0197e-63	1.06045e-68	2.32839e-72	5.85486e-77	
CGA453	0	0	0	0	0	0	0	0	0	0	0	0	0	0	0	0	0	1	0	0	0	0	0	0	0	0	0	0	0	0	0	0	0	0	0	0	0	0	0	0	0	
N63	6.71551e-42	7.68606e-37	1.74228e-32	9.6261e-28	1.84778e-26	8.58426e-25	2.12286e-20	2.29792e-16	6.67631e-14	3.24595e-16	9.42568e-19	1.3953e-19	9.74486e-18	2.33009e-13	5.45606e-09	4.64451e-05	0.0846912	0.909832	0.00542615	4.19901e-06	9.41879e-10	8.67703e-14	3.98993e-18	1.04491e-22	2.58627e-27	2.98749e-29	2.18808e-32	3.83427e-34	1.87259e-37	1.85149e-39	6.18102e-43	3.49733e-45	7.3137e-49	2.41448e-51	2.10504e-55	4.33498e-58	2.52005e-63	1.24233e-66	4.26103e-72	7.31762e-76	1.07855e-80	
CGA501	0	0	0	0	0	0	0	0	0	0	0	0	0	0	0	0	0	1	0	0	0	0	0	0	0	0	0	0	0	0	0	0	0	0	0	0	0	0	0	0	0	
C3121	0	0	0	0	0	0	0	0	0	0	0	0	0	0	0	0	1	0	0	0	0	0	0	0	0	0	0	0	0	0	0	0	0	0	0	0	0	0	0	0	0	
N64	3.50169e-40	6.50719e-35	7.92013e-31	7.34932e-26	4.02315e-24	9.82726e-25	3.5686e-20	6.93676e-16	3.68084e-12	1.95658e-14	1.42789e-16	8.44501e-19	1.04583e-20	2.33475e-16	1.113e-11	2.20056e-07	0.00128348	0.995042	0.00367221	1.80085e-06	2.6012e-10	1.55486e-14	4.64226e-19	9.36269e-24	4.37753e-28	5.06741e-31	6.4415e-35	4.53355e-38	3.4605e-42	1.23719e-45	5.62155e-50	1.0002e-53	2.42885e-58	2.04179e-62	1.94492e-67	7.12745e-72	1.15225e-77	1.07728e-82	5.61801e-89	1.50102e-94	6.24573e-101	
Calparcri	0	0	0	0	0	0	0	0	0	0	0	0	0	0	0	0	0	1	0	0	0	0	0	0	0	0	0	0	0	0	0	0	0	0	0	0	0	0	0	0	0	
C3118	0	0	0	0	0	0	0	0	0	0	0	0	0	0	0	0	0	1	0	0	0	0	0	0	0	0	0	0	0	0	0	0	0	0	0	0	0	0	0	0	0	
N65	3.27447e-38	1.48585e-34	1.14064e-31	4.2707e-27	3.91599e-25	2.15237e-22	8.8424e-18	6.41783e-14	2.32379e-12	1.77339e-12	3.95671e-13	9.03557e-13	7.94793e-11	2.09734e-07	0.000279665	0.0469244	0.576191	0.367606	0.00897873	1.99596e-05	8.66018e-09	1.21704e-12	8.08836e-17	1.47396e-19	7.68252e-23	1.91124e-23	9.16832e-26	2.60009e-26	4.81906e-29	3.55149e-29	3.24594e-31	6.58117e-31	2.17316e-33	3.38542e-33	3.34575e-36	3.25814e-36	1.39277e-39	4.82622e-40	1.48022e-43	1.7333e-44	8.00607e-47	
N66	4.03218e-36	4.75038e-32	2.41932e-28	1.82468e-24	1.00823e-21	5.03302e-21	1.24795e-17	4.71566e-14	4.42421e-11	3.75878e-10	3.15882e-10	1.13765e-10	1.46241e-10	6.85541e-08	4.10418e-05	0.00767053	0.251428	0.623573	0.113763	0.00349362	3.00985e-05	1.00406e-07	2.16194e-10	1.81892e-11	3.0854e-13	3.40321e-14	3.07773e-16	1.56872e-17	8.27258e-20	2.06964e-21	5.86912e-24	7.49018e-26	6.79259e-29	4.83453e-31	1.21375e-34	3.31747e-37	4.35432e-41	5.33254e-44	4.23125e-48	5.64185e-51	1.32017e-53	
N67	1.62205e-32	1.0559e-28	3.14746e-25	7.96015e-22	2.98249e-19	2.46374e-18	5.14095e-16	3.66365e-13	1.00114e-10	2.12677e-09	8.33441e-09	1.00187e-08	9.83353e-09	8.19995e-07	0.000175102	0.01334	0.250895	0.638802	0.0944177	0.00235187	1.72444e-05	5.06297e-08	7.21111e-11	7.73824e-14	2.39859e-16	1.37356e-17	8.29902e-20	2.80737e-21	1.08843e-23	2.01297e-25	5.05995e-28	5.23152e-30	7.43773e-33	4.40558e-35	2.2947e-38	8.05894e-41	1.66993e-44	2.94418e-47	3.49075e-51	3.53848e-54	1.0027e-57	
N68	3.88455e-31	2.65574e-27	9.41601e-24	1.33895e-20	7.95534e-18	3.21256e-16	3.01237e-14	1.50494e-12	3.38541e-10	9.15598e-09	1.10544e-07	6.64518e-07	1.46557e-06	7.6484e-05	0.00349756	0.0639692	0.39105	0.508667	0.0323946	0.000341529	1.11664e-06	1.55024e-09	1.09789e-12	4.53297e-16	1.56284e-19	3.39963e-21	1.6e-23	7.53733e-25	2.44554e-27	6.76966e-29	1.48988e-31	2.48607e-33	3.26886e-36	3.40873e-38	1.87062e-41	1.28104e-43	1.94812e-47	6.87568e-50	5.51744e-54	9.44219e-57	1.51759e-60	
N69	3.4356e-34	6.34783e-30	3.62038e-26	3.94576e-22	1.14096e-19	3.76789e-19	1.64419e-15	6.68316e-12	8.72291e-09	9.71033e-09	1.50948e-09	9.95418e-11	2.26578e-11	1.21544e-08	8.0954e-06	0.00186853	0.106816	0.802668	0.0873644	0.00127005	5.07755e-06	1.443e-08	1.07083e-10	6.50776e-12	3.93511e-14	1.07516e-15	2.86208e-18	4.00926e-20	4.93714e-23	3.97066e-25	2.33629e-28	1.14112e-30	3.26932e-34	9.66822e-37	1.37533e-40	2.24914e-43	1.7208e-47	1.34636e-50	6.63213e-55	4.75222e-58	5.31275e-61	
Triowe	0	0	0	0	0	0	0	0	0	0	0	0	0	0	0	0	0	1	0	0	0	0	0	0	0	0	0	0	0	0	0	0	0	0	0	0	0	0	0	0	0	
N70	4.35905e-34	4.36827e-30	2.39238e-26	1.19356e-22	2.50137e-20	9.38307e-19	1.80282e-15	2.06235e-12	5.49772e-10	5.08144e-10	7.14595e-11	5.06717e-12	2.69568e-12	1.38729e-09	1.64268e-06	0.000710379	0.0735451	0.827932	0.0963322	0.00147201	6.21452e-06	1.10957e-08	1.48933e-11	1.40132e-13	4.03231e-16	2.03437e-17	1.29178e-19	1.63723e-20	7.01111e-23	5.44827e-24	1.1361e-26	5.74207e-28	4.8565e-31	1.67171e-32	4.63153e-36	1.00922e-37	8.97025e-42	6.99431e-44	3.95026e-48	1.35441e-50	4.14746e-54	
Trijoh	0	0	0	0	0	0	0	0	0	0	0	0	0	0	0	0	0	1	0	0	0	0	0	0	0	0	0	0	0	0	0	0	0	0	0	0	0	0	0	0	0	
Trimel	0	0	0	0	0	0	0	0	0	0	0	0	0	0	0	0	0	1	0	0	0	0	0	0	0	0	0	0	0	0	0	0	0	0	0	0	0	0	0	0	0	
N71	4.14286e-29	3.86621e-25	2.67153e-21	1.42166e-19	8.99823e-16	2.45565e-12	1.64786e-12	4.73535e-13	1.97412e-10	6.97062e-07	0.000984861	0.308726	0.511672	0.16109	0.0168035	0.000710515	1.28512e-05	9.2224e-08	1.928e-10	1.49208e-13	5.58822e-17	1.18335e-20	1.56327e-24	1.42356e-28	1.32123e-32	2.9433e-35	2.16319e-38	8.54596e-41	4.8376e-44	1.23407e-46	5.39566e-50	8.80281e-53	2.87158e-56	2.90506e-59	5.99807e-63	3.56414e-66	2.51012e-70	8.31393e-74	3.0021e-78	5.65131e-82	2.97095e-86	
N72	4.50463e-30	4.59513e-26	2.88003e-22	5.13253e-20	2.70165e-16	7.00987e-13	1.58744e-12	1.66443e-12	6.89864e-10	2.45145e-06	0.00290444	0.559467	0.396574	0.039978	0.00106462	9.66559e-06	3.3287e-08	4.3995e-11	2.13669e-14	4.78103e-18	7.06032e-22	5.70281e-24	9.3177e-27	2.02544e-28	9.67153e-32	1.35614e-33	2.71295e-37	2.56916e-39	2.5949e-43	1.67443e-45	9.50122e-50	4.10101e-52	1.40159e-56	3.83618e-59	8.31642e-64	1.29067e-66	1.86366e-71	1.34852e-74	1.52042e-79	1.47961e-82	4.51633e-85	
Trihoe	0	0	0	0	0	0	0	0	0	0	0	1	0	0	0	0	0	0	0	0	0	0	0	0	0	0	0	0	0	0	0	0	0	0	0	0	0	0	0	0	0	
Tribit	0	0	0	0	0	0	0	0	0	0	0	1	0	0	0	0	0	0	0	0	0	0	0	0	0	0	0	0	0	0	0	0	0	0	0	0	0	0	0	0	0	
Trijac	0	0	0	0	0	0	0	0	0	0	0	1	0	0	0	0	0	0	0	0	0	0	0	0	0	0	0	0	0	0	0	0	0	0	0	0	0	0	0	0	0	
N73	6.70839e-33	4.76336e-29	1.31173e-25	5.36535e-22	5.8771e-20	2.21602e-19	4.85864e-16	9.44471e-13	6.57513e-10	6.67702e-10	1.3395e-10	1.27569e-11	3.7244e-12	2.07004e-09	1.77813e-06	0.000609307	0.0583102	0.792638	0.144584	0.00382742	2.91895e-05	8.96795e-08	1.39277e-10	5.40378e-13	3.84334e-15	1.3077e-16	6.63241e-19	1.18385e-20	3.73006e-23	3.65003e-25	7.08021e-28	3.92959e-30	4.20434e-33	1.36179e-35	6.42322e-39	1.21103e-41	2.53439e-45	2.44596e-48	2.99294e-52	2.05462e-55	7.82331e-59	
Tricri	0	0	0	0	0	0	0	0	0	0	0	0	0	0	0	0	0	1	0	0	0	0	0	0	0	0	0	0	0	0	0	0	0	0	0	0	0	0	0	0	0	
N74	1.171e-34	1.06174e-30	4.6699e-27	2.07817e-23	2.67223e-21	4.78602e-20	8.40394e-17	8.7924e-14	2.27729e-11	1.17916e-11	1.52232e-12	2.86316e-13	2.20854e-13	1.63727e-10	2.77479e-07	0.00018888	0.0354333	0.837441	0.124613	0.00231221	1.16079e-05	2.26574e-08	2.12095e-11	1.19325e-14	9.28176e-18	5.91655e-19	3.65641e-21	2.55409e-22	1.02455e-24	4.11894e-26	1.00857e-28	2.46251e-30	3.14172e-33	4.94318e-35	2.35403e-38	2.43975e-40	3.06084e-44	1.41783e-46	1.02151e-50	2.26618e-53	4.14792e-57	
Triwie	0	0	0	0	0	0	0	0	0	0	0	0	0	0	0	0	0	1	0	0	0	0	0	0	0	0	0	0	0	0	0	0	0	0	0	0	0	0	0	0	0	
Triqua	0	0	0	0	0	0	0	0	0	0	0	0	0	0	0	0	0	1	0	0	0	0	0	0	0	0	0	0	0	0	0	0	0	0	0	0	0	0	0	0	0	
N75	2.09599e-31	3.20971e-28	3.96562e-25	3.62177e-22	5.18812e-20	1.45741e-18	4.76317e-16	1.38802e-13	1.67994e-11	2.06808e-10	6.93741e-10	1.11233e-09	2.61635e-09	2.58752e-07	6.04265e-05	0.00608541	0.169539	0.605645	0.203838	0.0144889	0.000339948	3.41816e-06	1.74899e-08	1.62308e-10	7.03191e-12	3.9934e-12	1.49599e-13	4.50544e-14	1.07509e-15	1.77776e-16	2.57141e-18	2.42917e-19	1.61636e-21	9.33455e-23	1.65242e-25	5.24718e-27	3.84806e-30	4.95415e-32	2.25285e-35	1.6385e-37	4.63391e-40	
N76	6.32016e-30	1.25942e-26	1.68452e-23	2.15358e-20	1.55851e-18	2.61958e-17	2.01155e-14	1.20731e-11	2.51337e-09	5.15471e-09	2.59185e-09	6.39784e-10	2.78486e-10	3.72906e-08	1.22245e-05	0.00176407	0.0816254	0.692663	0.21143	0.0122696	0.000233619	1.93302e-06	8.28972e-09	3.07115e-11	2.34435e-13	1.37452e-14	1.60538e-16	5.91527e-18	4.57621e-20	9.73884e-22	5.07084e-24	6.36797e-26	2.09059e-28	1.5508e-30	2.66757e-33	1.20435e-35	9.87915e-39	2.62461e-41	1.2829e-44	2.43366e-47	2.1059e-50	
Kinboe	0	0	0	0	0	0	0	0	0	0	0	0	0	0	0	0	0	1	0	0	0	0	0	0	0	0	0	0	0	0	0	0	0	0	0	0	0	0	0	0	0	
Kinfis	0	0	0	0	0	0	0	0	0	0	0	0	0	0	0	0	0	1	0	0	0	0	0	0	0	0	0	0	0	0	0	0	0	0	0	0	0	0	0	0	0	
Kinxen	0	0	0	0	0	0	0	0	0	0	0	0	0	0	0	0	0	1	0	0	0	0	0	0	0	0	0	0	0	0	0	0	0	0	0	0	0	0	0	0	0	
N77	1.31981e-34	1.12339e-31	4.69398e-29	2.74661e-26	3.79476e-24	9.64461e-21	1.75021e-17	7.28638e-15	4.47199e-13	1.52912e-12	4.11932e-13	1.34953e-11	1.43354e-08	1.04424e-05	0.00230024	0.103042	0.607823	0.281303	0.00550846	1.32005e-05	9.04357e-09	2.54041e-12	3.85453e-16	9.74779e-20	2.72274e-22	1.34682e-21	1.1868e-22	4.17635e-22	1.7449e-23	2.2533e-23	3.33109e-25	1.43512e-25	4.57531e-28	7.99144e-29	2.97365e-32	2.50829e-33	1.16325e-37	2.50973e-39	5.43004e-44	3.30761e-46	3.9858e-49	
N78	4.82642e-26	4.25911e-23	3.79689e-20	1.04472e-17	5.61088e-15	1.29811e-12	1.60568e-11	8.78179e-11	7.09613e-09	1.9726e-06	0.000286822	0.0140831	0.125318	0.335829	0.345472	0.150111	0.0271358	0.00173483	2.72593e-05	1.80194e-07	6.30441e-10	1.32616e-12	1.82799e-15	3.08362e-18	2.08332e-20	1.72987e-21	1.87071e-23	1.05789e-24	8.85533e-27	3.22633e-28	2.08887e-30	4.81126e-32	2.1838e-34	3.04518e-36	6.63892e-39	5.77456e-41	4.18564e-44	1.61371e-46	6.94413e-50	1.90657e-52	2.60514e-55	
N79	3.68203e-27	5.06949e-23	4.42768e-19	1.35026e-17	8.14353e-14	1.89307e-10	9.88786e-11	1.24363e-11	2.85388e-09	5.32473e-06	0.00350717	0.433263	0.481388	0.0783371	0.00344705	5.24102e-05	3.06514e-07	7.23005e-10	7.36741e-13	3.75125e-16	1.08421e-19	3.08675e-23	1.79288e-26	6.21111e-29	5.00191e-32	1.15319e-34	5.85726e-38	8.38163e-41	2.64062e-44	2.44291e-47	4.6589e-51	2.85463e-54	3.19547e-58	1.29589e-61	8.29065e-66	2.14867e-69	8.03838e-74	1.30347e-77	3.41455e-82	5.928e-86	1.16717e-89	
N80	4.77932e-30	1.70258e-25	3.82681e-21	8.82012e-20	1.84502e-15	1.65822e-11	4.39187e-12	3.96845e-13	2.71596e-10	1.65935e-06	0.00304085	0.799158	0.193785	0.00399894	1.60808e-05	1.91254e-08	8.71404e-12	1.85501e-15	2.6183e-19	7.2483e-22	6.68252e-25	3.45987e-27	1.69824e-30	4.29477e-33	6.36674e-37	9.06659e-40	4.91121e-44	3.82472e-47	1.02321e-51	4.27713e-55	6.69724e-60	1.54306e-63	1.53111e-68	2.09439e-72	1.35259e-77	1.23879e-81	5.46523e-87	6.22014e-91	1.62964e-94	9.49929e-98	3.80227e-101	
N81	2.58026e-29	2.50313e-25	1.4211e-21	2.47183e-19	8.91118e-16	1.55519e-12	3.73069e-12	4.68519e-12	1.94412e-09	6.19532e-06	0.00621812	0.858716	0.133529	0.00152693	3.63727e-06	2.93386e-09	1.04654e-12	6.14395e-16	2.49766e-18	2.29053e-19	7.67658e-22	3.48525e-23	5.67392e-26	1.35573e-27	1.79101e-31	1.97414e-33	1.03385e-37	3.94975e-40	1.27108e-44	1.99614e-47	4.28056e-52	3.70279e-55	5.31683e-60	3.17217e-63	3.2363e-68	3.89545e-71	7.67585e-76	7.33631e-78	3.50891e-80	2.96433e-82	1.70298e-84	
Chaafr	0	0	0	0	0	0	0	0	0	0	0	1	0	0	0	0	0	0	0	0	0	0	0	0	0	0	0	0	0	0	0	0	0	0	0	0	0	0	0	0	0	
Chacha	0	0	0	0	0	0	0	0	0	0	0	1	0	0	0	0	0	0	0	0	0	0	0	0	0	0	0	0	0	0	0	0	0	0	0	0	0	0	0	0	0	
N82	3.65669e-29	3.66359e-25	2.33483e-21	3.39238e-19	2.03109e-15	5.66941e-12	8.83555e-12	6.02084e-12	2.0251e-09	6.42903e-06	0.0064245	0.886978	0.105628	0.000960491	1.93479e-06	1.378e-09	4.48355e-13	3.36029e-16	1.17132e-18	6.01829e-20	1.57823e-22	3.97098e-24	5.51473e-27	6.96881e-29	9.72634e-33	5.67927e-35	3.14071e-39	6.40801e-42	2.14258e-46	1.95887e-49	4.21014e-54	2.36642e-57	3.30652e-62	1.39274e-65	1.44966e-70	1.71221e-73	4.36463e-78	2.52019e-80	7.62895e-83	3.4371e-85	1.05274e-87	
Chacaly	0	0	0	0	0	0	0	0	0	0	0	1	0	0	0	0	0	0	0	0	0	0	0	0	0	0	0	0	0	0	0	0	0	0	0	0	0	0	0	0	0	
Chazey	0	0	0	0	0	0	0	0	0	0	0	1	0	0	0	0	0	0	0	0	0	0	0	0	0	0	0	0	0	0	0	0	0	0	0	0	0	0	0	0	0	
N83	4.06148e-26	1.1431e-22	2.22697e-19	6.2198e-17	5.2122e-14	1.23555e-11	3.33091e-11	1.24981e-10	3.0997e-08	2.91756e-05	0.00947409	0.508246	0.433222	0.0477414	0.00127608	1.11397e-05	3.8007e-08	5.83367e-11	4.88282e-14	1.03549e-15	1.00496e-17	1.39575e-18	6.60562e-21	5.0563e-22	3.69728e-25	1.65628e-26	4.89529e-30	1.2593e-31	2.03637e-35	2.94753e-37	3.04338e-41	2.4443e-43	1.7589e-47	7.86693e-50	4.12574e-54	1.07479e-56	4.16419e-61	7.57992e-64	1.1922e-66	3.34116e-68	6.70411e-70	
Chadil	0	0	0	0	0	0	0	0	0	0	0	1	0	0	0	0	0	0	0	0	0	0	0	0	0	0	0	0	0	0	0	0	0	0	0	0	0	0	0	0	0	
Chasen	0	0	0	0	0	0	0	0	0	0	0	1	0	0	0	0	0	0	0	0	0	0	0	0	0	0	0	0	0	0	0	0	0	0	0	0	0	0	0	0	0	
Chanam	0	0	0	0	0	0	0	0	0	0	0	1	0	0	0	0	0	0	0	0	0	0	0	0	0	0	0	0	0	0	0	0	0	0	0	0	0	0	0	0	0	
N84	1.97577e-29	6.19182e-28	2.31653e-26	7.49889e-25	3.77507e-23	2.24157e-20	1.70251e-17	4.70453e-15	1.8839e-13	8.74273e-13	1.04502e-12	6.49634e-11	2.87786e-08	1.44993e-05	0.00270871	0.109763	0.605663	0.275253	0.00656554	3.16179e-05	5.83498e-08	5.38115e-11	3.306e-14	4.1689e-14	3.80777e-14	3.80594e-12	1.81468e-12	9.88637e-11	1.50066e-11	4.08041e-10	1.54331e-11	1.80873e-10	1.32986e-12	7.16907e-12	8.68698e-15	1.89842e-14	6.73559e-18	1.94577e-18	4.26e-22	2.76767e-23	6.09445e-25	
Riebrev	0	0	0	0	0	0	0	0	0	0	0	0	0	0	0	0	0	0	0	0	0	0	0	0	0	0	0	0	0	0	1	0	0	0	0	0	0	0	0	0	0	
N85	5.66492e-33	1.36954e-28	5.84694e-25	8.37539e-21	4.4388e-21	2.03014e-19	2.2998e-15	1.31335e-11	6.02217e-10	1.50812e-11	1.51002e-13	1.77996e-15	1.57566e-12	6.7008e-09	1.27228e-05	0.00815147	0.953004	0.0385737	0.000257735	5.37997e-07	4.73437e-10	2.30321e-13	9.32763e-17	1.52218e-19	1.43472e-22	2.45883e-25	1.59743e-28	1.48622e-31	6.48394e-35	3.21829e-38	8.38292e-42	2.12299e-45	3.81168e-47	1.34919e-47	1.40254e-49	1.74223e-51	1.11604e-53	1.14589e-55	7.22564e-58	1.21639e-57	3.26671e-56	
N86	4.45355e-43	1.97634e-37	4.62947e-33	1.0371e-27	1.0378e-27	1.68477e-25	2.29777e-20	1.02035e-15	8.91637e-14	9.39662e-17	3.66587e-20	4.06891e-22	1.38287e-17	1.57843e-12	6.83984e-08	0.000785954	0.987446	0.011758	1.02859e-05	1.90791e-09	1.17958e-13	3.10728e-18	4.08433e-23	1.18635e-27	1.9786e-31	7.38183e-33	2.21621e-34	1.66384e-34	4.06524e-36	2.15453e-36	3.30637e-38	1.28945e-38	8.97419e-41	2.65804e-41	2.15635e-44	2.46917e-45	1.30882e-48	6.97186e-50	2.86631e-53	8.95091e-55	9.79161e-57	
N87	4.4259e-40	1.41091e-36	7.81155e-34	1.5843e-30	1.27514e-30	1.06807e-27	1.18881e-22	4.06725e-18	3.7486e-16	2.41508e-19	1.55288e-22	1.09115e-22	5.19869e-18	7.39245e-13	4.10711e-08	0.000613377	0.989812	0.00956836	5.75494e-06	7.11289e-10	2.94872e-14	5.31532e-19	4.83961e-24	1.54257e-28	1.32251e-31	1.52352e-32	9.38797e-36	5.16735e-37	1.95715e-40	5.57914e-42	1.12734e-45	2.01421e-47	1.53486e-47	2.26055e-46	5.06161e-50	1.77542e-50	2.8891e-54	2.65833e-55	4.34802e-59	3.0805e-58	1.20806e-56	
Braset	0	0	0	0	0	0	0	0	0	0	0	0	0	0	0	0	1	0	0	0	0	0	0	0	0	0	0	0	0	0	0	0	0	0	0	0	0	0	0	0	0	
N88	1.76358e-47	3.15165e-42	1.10244e-37	8.71847e-33	3.286e-32	1.67145e-29	6.21371e-25	8.17296e-21	4.73524e-19	4.425e-20	1.34691e-20	6.68199e-21	1.3028e-16	7.18163e-12	1.6647e-07	0.00114107	0.991663	0.00719068	4.94282e-06	8.83059e-10	6.14361e-14	2.06816e-18	3.8684e-23	1.59796e-26	1.87815e-29	9.79779e-31	7.47768e-34	2.12405e-35	1.10772e-38	1.76004e-40	6.4831e-44	5.70953e-46	1.25889e-49	6.1143e-52	2.93646e-57	1.85002e-60	5.69112e-66	1.09468e-69	2.12664e-75	4.32449e-79	5.93244e-82	
N89	2.53741e-50	2.66808e-44	1.47156e-39	8.56316e-34	2.42658e-34	1.90467e-31	8.76925e-26	2.04316e-20	3.73597e-18	8.62042e-20	9.28131e-22	2.03833e-23	1.55719e-18	2.58724e-13	1.81058e-08	0.000377102	0.998485	0.00113757	1.62303e-07	6.80906e-12	1.19116e-16	1.05085e-21	5.58859e-27	1.2251e-30	1.4404e-34	2.34207e-37	1.64239e-41	1.34426e-44	5.80499e-49	2.36171e-52	6.28763e-57	1.1906e-60	1.70364e-65	1.27485e-69	8.16604e-76	6.65219e-81	1.53143e-87	4.4456e-93	3.16332e-100	5.32439e-106	7.18206e-112	
Bramel	0	0	0	0	0	0	0	0	0	0	0	0	0	0	0	0	1	0	0	0	0	0	0	0	0	0	0	0	0	0	0	0	0	0	0	0	0	0	0	0	0	
Bratha	0	0	0	0	0	0	0	0	0	0	0	0	0	0	0	0	1	0	0	0	0	0	0	0	0	0	0	0	0	0	0	0	0	0	0	0	0	0	0	0	0	
N90	2.62723e-49	7.94067e-44	3.79579e-39	6.80236e-34	1.40367e-33	1.52881e-30	2.2379e-25	1.64992e-20	4.23988e-18	6.88667e-19	4.95763e-20	7.16082e-21	1.65081e-16	8.53114e-12	1.86177e-07	0.00120749	0.994748	0.00404214	2.00015e-06	2.85682e-10	1.68518e-14	5.00144e-19	8.71561e-24	6.55606e-27	3.81187e-30	4.63296e-32	1.7257e-35	1.14801e-37	2.91173e-41	1.08245e-43	1.93745e-47	3.94583e-50	4.48551e-54	4.68906e-57	2.1675e-62	2.87585e-66	7.64988e-72	5.22554e-76	8.59364e-82	9.21153e-86	3.56877e-89	
Bradra	0	0	0	0	0	0	0	0	0	0	0	0	0	0	0	0	1	0	0	0	0	0	0	0	0	0	0	0	0	0	0	0	0	0	0	0	0	0	0	0	0	
Bratra	0	0	0	0	0	0	0	0	0	0	0	0	0	0	0	0	1	0	0	0	0	0	0	0	0	0	0	0	0	0	0	0	0	0	0	0	0	0	0	0	0	
N91	2.15838e-43	2.02957e-38	2.87043e-34	1.27011e-29	7.15876e-30	1.74205e-27	5.28993e-23	1.11401e-18	1.45339e-16	1.66268e-17	8.70099e-19	9.13907e-20	1.25378e-15	3.87275e-11	5.06477e-07	0.00197657	0.991653	0.00636453	5.10336e-06	1.19534e-09	1.16476e-13	5.74472e-18	1.706e-22	1.58731e-25	1.02343e-28	9.04973e-31	3.7574e-34	1.82362e-36	5.16468e-40	1.40492e-42	2.82937e-46	4.22061e-49	5.6101e-53	4.1108e-56	3.4223e-61	4.28285e-65	1.9555e-70	1.39377e-74	3.95254e-80	4.20418e-84	1.12552e-87	
Bragut	0	0	0	0	0	0	0	0	0	0	0	0	0	0	0	0	1	0	0	0	0	0	0	0	0	0	0	0	0	0	0	0	0	0	0	0	0	0	0	0	0	
Braven	0	0	0	0	0	0	0	0	0	0	0	0	0	0	0	0	1	0	0	0	0	0	0	0	0	0	0	0	0	0	0	0	0	0	0	0	0	0	0	0	0	
N92	6.83229e-37	2.04275e-32	1.73168e-28	2.39508e-24	5.17744e-24	1.10921e-21	7.67501e-18	1.9317e-14	3.31538e-13	2.55067e-15	1.46726e-16	4.71465e-17	1.79026e-13	1.58191e-09	5.914e-06	0.00659702	0.967153	0.0261568	8.75548e-05	8.3711e-08	3.26361e-11	6.33247e-15	7.088e-19	9.52672e-22	2.02489e-24	5.97486e-26	8.53015e-29	1.39768e-30	1.3655e-33	1.27991e-35	8.52763e-39	4.59571e-41	1.71331e-44	5.2725e-47	1.67951e-51	1.29314e-54	2.48179e-59	9.54448e-63	1.22169e-67	4.206e-71	2.86787e-74	
Brapum	0	0	0	0	0	0	0	0	0	0	0	0	0	0	0	0	1	0	0	0	0	0	0	0	0	0	0	0	0	0	0	0	0	0	0	0	0	0	0	0	0	
Bradam	0	0	0	0	0	0	0	0	0	0	0	0	0	0	0	0	1	0	0	0	0	0	0	0	0	0	0	0	0	0	0	0	0	0	0	0	0	0	0	0	0	
