NODE	1	2	3	4	5	6	7	8	9	10	11	12	13	14	15	16	17	18	19	20	21	22	23	24	25	26	27	28	29	30	31	32	33	34	35	36	37	38	39	40	41	
N1	9.97703e-21	1.62854e-18	1.18632e-12	6.24068e-11	1.18162e-07	2.27963e-07	1.43899e-05	0.00211942	0.000431206	0.000186162	0.0201213	0.719337	0.246072	0.0113698	0.000321884	2.4567e-05	2.09394e-06	7.81033e-08	1.09423e-09	6.85026e-12	2.58686e-17	1.18811e-18	4.56312e-20	1.51866e-21	4.46058e-23	1.16438e-24	2.70795e-26	5.62332e-28	1.04641e-29	1.75347e-31	2.66118e-33	3.68009e-35	4.66507e-37	5.45215e-39	5.90641e-41	5.96053e-43	5.62908e-45	4.99596e-47	4.18473e-49	3.33602e-51	3.01894e-53	
Leiolep	0	0	0	0	0	0	0	0	0	0	0	0	0	0	0	0	0	1	0	0	0	0	0	0	0	0	0	0	0	0	0	0	0	0	0	0	0	0	0	0	0	
N2	1.37371e-27	2.13488e-22	1.57054e-17	4.50269e-16	2.77533e-11	1.53767e-11	3.03292e-08	1.94451e-05	6.90936e-07	3.64908e-06	0.00769996	0.970492	0.0217394	4.37999e-05	3.30095e-07	1.70485e-07	9.1847e-08	2.36931e-08	1.19663e-10	2.93485e-13	3.0515e-16	1.06268e-19	4.67161e-23	3.00258e-26	1.37153e-29	8.25482e-33	6.09713e-36	8.66392e-40	1.74993e-43	4.10067e-47	3.62997e-51	4.24097e-55	3.50773e-59	1.85804e-63	1.80632e-67	2.791e-71	1.92146e-75	2.27363e-79	4.61386e-83	6.78292e-87	1.24324e-90	
N3	5.4133e-28	2.72683e-23	6.62849e-19	1.11714e-16	9.19123e-13	6.89142e-12	5.50086e-09	2.66629e-06	2.65803e-07	3.23981e-06	0.00396233	0.465373	0.0116652	3.13151e-05	9.02519e-07	0.000130775	0.00693675	0.495591	0.0153217	0.000975324	5.99042e-06	9.31796e-09	9.29302e-11	8.15173e-12	8.27759e-14	1.42669e-15	1.16369e-16	5.87375e-20	1.86198e-22	1.12963e-24	4.35103e-28	9.8142e-31	3.82668e-34	2.4369e-37	8.95935e-40	2.00845e-41	2.2706e-44	5.81723e-47	4.99318e-49	5.53184e-51	1.63512e-53	
N4	2.89193e-35	1.64516e-29	4.42188e-24	2.88065e-22	7.64932e-17	7.20793e-17	3.9957e-13	2.26025e-09	2.98225e-10	1.51926e-09	1.83325e-05	0.0105394	7.90431e-05	3.27006e-08	2.39112e-09	5.46012e-06	0.00543874	0.964003	0.019819	9.65211e-05	1.09997e-07	4.19926e-11	4.34637e-14	2.24177e-16	4.05422e-19	5.64203e-22	1.1017e-24	1.16597e-28	2.22145e-32	3.96103e-36	2.01573e-40	2.63975e-44	3.40761e-45	1.99828e-47	5.46408e-49	5.53346e-49	4.40025e-49	1.25047e-50	7.01663e-52	2.47362e-53	7.14254e-55	
N5	8.86728e-37	3.25353e-31	5.37581e-26	1.57659e-23	1.37383e-18	1.81041e-17	6.97116e-14	1.6115e-10	5.905e-11	1.28012e-09	8.87856e-06	0.0038722	3.58122e-05	2.38598e-08	2.81474e-09	8.0143e-06	0.00881487	0.959021	0.02813	0.000109519	1.14546e-07	5.11406e-11	1.79216e-13	2.35083e-14	8.20168e-16	5.22658e-18	1.49713e-19	2.52545e-23	2.47623e-26	5.08924e-30	2.93845e-34	1.0579e-37	8.25481e-40	7.76022e-42	1.19108e-42	1.1189e-41	4.78809e-41	3.70055e-42	8.39845e-43	2.71293e-43	2.11279e-44	
B3088	0	0	0	0	0	0	0	0	0	0	0	0	0	0	0	0	0	1	0	0	0	0	0	0	0	0	0	0	0	0	0	0	0	0	0	0	0	0	0	0	0	
N6	5.80583e-35	5.04007e-30	2.2666e-25	9.43322e-23	2.0695e-18	5.10613e-17	6.70949e-14	8.00053e-11	2.5396e-10	6.48521e-09	1.22265e-05	0.0022669	3.30162e-05	5.83045e-08	3.88554e-08	3.97539e-05	0.0174268	0.939321	0.0406404	0.000259237	5.2451e-07	5.50649e-10	7.04787e-12	2.54805e-12	2.57755e-13	5.13001e-15	4.12784e-16	2.67009e-19	8.92231e-22	5.7616e-25	1.18681e-28	1.24416e-31	3.59773e-35	2.26927e-38	1.89489e-40	1.21218e-41	1.53799e-43	4.64527e-46	4.61309e-48	5.63205e-50	1.73737e-52	
BGA709	0	0	0	0	0	0	0	0	0	0	0	0	0	0	0	0	0	1	0	0	0	0	0	0	0	0	0	0	0	0	0	0	0	0	0	0	0	0	0	0	0	
BGA309	0	0	0	0	0	0	0	0	0	0	0	0	0	0	0	0	0	1	0	0	0	0	0	0	0	0	0	0	0	0	0	0	0	0	0	0	0	0	0	0	0	
N7	2.51265e-39	2.06166e-33	8.19589e-28	8.6891e-26	3.80018e-20	4.14894e-20	5.38898e-16	8.0776e-12	1.27663e-12	1.24147e-11	2.5852e-07	0.00033625	8.14059e-07	1.74948e-10	8.66775e-11	8.8809e-07	0.00279587	0.988148	0.00870812	1.02678e-05	3.68635e-09	6.82008e-13	8.16438e-16	1.03131e-17	4.13963e-20	6.53397e-23	1.77661e-25	1.49925e-29	2.81255e-33	2.0875e-37	5.53062e-42	3.74696e-46	2.1763e-46	1.68248e-48	1.08909e-49	4.25101e-49	1.25521e-47	4.62069e-49	4.59573e-50	3.11675e-51	1.10773e-52	
N8	2.53908e-37	4.77083e-32	4.71746e-27	6.50829e-25	6.8211e-20	2.79162e-19	1.35736e-15	6.68709e-12	2.87468e-12	2.40113e-11	9.72952e-08	2.95058e-05	1.95784e-07	1.10543e-09	5.67319e-09	1.3721e-05	0.0107493	0.96981	0.0193404	5.68215e-05	5.57821e-08	3.78891e-11	2.45051e-13	7.98201e-15	8.7774e-17	4.64739e-19	3.28562e-21	1.06188e-24	5.65214e-28	1.44953e-31	1.55485e-35	3.38379e-39	5.06523e-43	2.03891e-46	3.72552e-49	1.99758e-51	2.81991e-54	2.58003e-57	5.39757e-60	6.34134e-63	4.59374e-66	
B11696	0	0	0	0	0	0	0	0	0	0	0	0	0	0	0	0	0	1	0	0	0	0	0	0	0	0	0	0	0	0	0	0	0	0	0	0	0	0	0	0	0	
B11609	0	0	0	0	0	0	0	0	0	0	0	0	0	0	0	0	0	1	0	0	0	0	0	0	0	0	0	0	0	0	0	0	0	0	0	0	0	0	0	0	0	
N9	1.49465e-46	1.07966e-39	3.17968e-33	6.92146e-31	2.30212e-24	3.32425e-24	2.00178e-19	8.02995e-15	8.05725e-16	1.6632e-14	2.16578e-09	1.18672e-05	1.00954e-08	4.60348e-13	1.04909e-12	6.24158e-08	0.000892713	0.994708	0.00438563	1.47567e-06	1.18779e-10	4.14784e-15	1.5735e-18	1.9766e-20	6.00902e-23	2.88681e-26	9.26244e-28	2.94334e-30	6.15007e-32	2.2163e-34	2.58199e-37	1.85643e-39	3.34027e-42	1.31693e-44	8.31766e-46	4.7991e-46	5.47563e-47	1.34203e-48	1.08571e-49	1.27316e-50	3.28795e-52	
N10	6.84431e-38	5.8354e-34	2.82584e-30	8.42425e-30	1.16057e-25	6.82461e-25	2.6198e-20	5.94272e-16	1.71783e-16	1.18819e-14	9.62088e-10	4.22126e-06	3.78689e-09	2.82961e-13	2.76301e-12	1.08125e-07	0.00111572	0.994192	0.00468609	1.88252e-06	1.92179e-10	8.48985e-15	9.28193e-18	1.59916e-18	6.5841e-20	1.46718e-22	4.556e-24	1.363e-28	6.54592e-32	1.65646e-36	1.1439e-41	1.36895e-45	1.28321e-50	4.2261e-55	4.16769e-58	1.08366e-59	4.50868e-62	1.23543e-65	1.17379e-68	4.253e-71	1.04313e-74	
N11	3.37555e-42	1.00308e-36	1.68011e-31	7.19932e-29	1.0794e-23	1.80881e-22	1.40441e-18	1.08901e-14	1.91218e-14	4.1219e-13	2.44826e-09	1.15646e-06	5.10744e-09	1.17495e-10	1.65096e-09	5.79112e-06	0.00700322	0.979439	0.0135239	2.71682e-05	1.79647e-08	7.31949e-12	6.45748e-14	8.08208e-15	3.02107e-16	2.9715e-18	8.10078e-20	1.77608e-23	1.41896e-26	2.81572e-30	2.08814e-34	6.13262e-38	6.54231e-42	3.10061e-45	1.08621e-47	2.25514e-49	1.04062e-51	1.30221e-54	6.53289e-57	2.73493e-59	2.80403e-62	
B983	0	0	0	0	0	0	0	0	0	0	0	0	0	0	0	0	0	1	0	0	0	0	0	0	0	0	0	0	0	0	0	0	0	0	0	0	0	0	0	0	0	
B11604	0	0	0	0	0	0	0	0	0	0	0	0	0	0	0	0	0	1	0	0	0	0	0	0	0	0	0	0	0	0	0	0	0	0	0	0	0	0	0	0	0	
N12	2.01966e-41	8.94871e-36	2.00239e-30	3.17678e-28	8.09416e-23	2.43335e-22	2.31411e-18	2.17792e-14	6.18312e-15	5.60265e-14	4.46998e-10	2.52157e-07	1.96559e-09	1.30309e-10	8.66189e-10	4.12599e-06	0.00599987	0.983217	0.0107617	1.70357e-05	8.9698e-09	3.28146e-12	1.32688e-14	2.93386e-16	2.15523e-18	7.23699e-21	3.43071e-23	6.01088e-27	1.83327e-30	2.55117e-34	1.47212e-38	1.85877e-42	1.52722e-46	3.78023e-50	4.34088e-53	1.56928e-55	1.45947e-58	8.07794e-62	1.09943e-64	8.47579e-68	3.56755e-71	
BGAA1	0	0	0	0	0	0	0	0	0	0	0	0	0	0	0	0	0	1	0	0	0	0	0	0	0	0	0	0	0	0	0	0	0	0	0	0	0	0	0	0	0	
BGA584	0	0	0	0	0	0	0	0	0	0	0	0	0	0	0	0	0	1	0	0	0	0	0	0	0	0	0	0	0	0	0	0	0	0	0	0	0	0	0	0	0	
N13	2.05826e-40	6.85001e-35	1.16792e-29	2.14651e-27	3.83938e-22	1.71197e-21	1.25638e-17	9.13474e-14	3.94728e-14	3.93699e-13	2.35533e-09	1.02799e-06	5.98368e-09	2.61758e-10	1.8597e-09	6.68176e-06	0.00758884	0.978767	0.0136088	2.75444e-05	1.85614e-08	8.61107e-12	4.78565e-14	1.58355e-15	1.72009e-17	8.18118e-20	5.79458e-22	1.3051e-25	5.42077e-29	9.80729e-33	7.28093e-37	1.24838e-40	1.32466e-44	4.44167e-48	7.20009e-51	3.89175e-53	5.31169e-56	4.03248e-59	7.94735e-62	9.03872e-65	5.21688e-68	
BGA303	0	0	0	0	0	0	0	0	0	0	0	0	0	0	0	0	0	1	0	0	0	0	0	0	0	0	0	0	0	0	0	0	0	0	0	0	0	0	0	0	0	
BGAB1	0	0	0	0	0	0	0	0	0	0	0	0	0	0	0	0	0	1	0	0	0	0	0	0	0	0	0	0	0	0	0	0	0	0	0	0	0	0	0	0	0	
PGA445	0	0	0	0	0	0	0	0	0	0	0	0	0	0	0	0	0	1	0	0	0	0	0	0	0	0	0	0	0	0	0	0	0	0	0	0	0	0	0	0	0	
N14	5.49257e-35	1.67451e-28	1.93357e-22	7.37131e-20	1.15669e-14	6.05096e-14	9.96994e-10	3.39155e-07	7.64912e-08	5.60728e-06	0.013839	0.984952	0.00120282	1.29044e-07	2.80547e-11	9.72785e-14	3.21808e-16	7.65421e-18	1.8674e-21	1.18241e-25	2.82919e-30	3.21531e-35	7.28085e-40	2.1588e-41	7.35932e-40	1.51366e-41	9.00961e-43	1.88197e-45	1.28763e-47	5.58302e-50	1.71703e-52	4.0163e-54	4.18067e-56	2.67512e-58	1.68561e-59	1.02448e-59	1.53038e-60	1.13128e-61	2.34106e-62	4.57627e-63	4.84598e-64	
N15	8.17762e-32	2.22845e-26	2.90313e-21	1.44967e-17	4.2116e-14	2.25485e-11	2.93194e-08	2.02996e-07	1.20073e-05	0.0129045	0.427961	0.55805	0.00107161	4.86236e-07	1.98399e-10	7.62239e-12	8.58424e-14	3.42205e-15	3.89478e-19	2.61622e-22	2.51417e-26	1.15366e-30	3.34654e-32	7.9805e-32	1.13873e-32	2.18439e-33	2.44169e-33	8.86043e-36	2.41675e-37	1.25595e-38	4.49332e-41	1.30802e-42	5.92292e-45	5.94255e-47	5.34499e-48	4.58695e-48	2.09854e-49	1.37214e-50	4.32118e-51	1.73955e-51	1.14743e-52	
Rhaspe	0	0	0	0	0	0	0	0	0	1	0	0	0	0	0	0	0	0	0	0	0	0	0	0	0	0	0	0	0	0	0	0	0	0	0	0	0	0	0	0	0	
N16	3.11583e-29	1.61082e-24	4.45348e-20	1.09207e-16	1.88529e-13	5.80847e-11	3.81813e-08	5.53364e-07	4.88867e-05	0.0186127	0.474707	0.505018	0.00161114	1.44366e-06	1.7088e-08	2.91576e-09	6.6461e-11	8.06351e-12	2.47505e-15	1.44482e-17	4.80241e-21	4.05235e-24	3.29397e-26	2.67436e-27	9.4045e-30	6.50359e-32	4.52465e-33	4.55351e-37	9.85926e-40	4.94757e-42	5.18941e-46	1.12804e-48	7.54902e-52	1.35815e-54	5.95771e-57	3.74127e-58	3.36598e-61	1.01497e-63	7.2666e-66	1.34513e-67	4.4539e-70	
Rhamar	0	0	0	0	0	0	0	0	0	1	0	0	0	0	0	0	0	0	0	0	0	0	0	0	0	0	0	0	0	0	0	0	0	0	0	0	0	0	0	0	0	
Rhatem	0	0	0	0	0	0	0	0	0	0	1	0	0	0	0	0	0	0	0	0	0	0	0	0	0	0	0	0	0	0	0	0	0	0	0	0	0	0	0	0	0	
N17	8.01994e-41	1.53323e-33	1.03928e-26	3.93025e-24	2.0893e-17	8.39667e-17	1.37737e-12	1.65942e-08	6.12773e-09	2.50088e-08	0.00111491	0.99774	0.00114487	5.92364e-08	1.21654e-10	9.40808e-12	7.14321e-12	7.64363e-12	1.67873e-15	1.89586e-18	5.20057e-23	8.34297e-27	4.87331e-30	1.03545e-30	1.88909e-32	6.15999e-34	6.83777e-35	3.77921e-38	4.56203e-40	1.28467e-41	6.67596e-45	7.29095e-47	8.75394e-49	9.1568e-51	2.11189e-52	7.073e-53	3.1739e-55	5.0009e-57	1.57708e-58	4.62491e-60	7.43019e-62	
N18	1.61461e-39	5.96565e-33	1.00659e-26	1.68639e-24	3.05716e-18	7.72852e-18	9.1499e-13	7.66748e-09	1.33759e-09	9.70399e-08	0.00264337	0.995654	0.0016252	2.15844e-07	1.6524e-08	1.22884e-06	1.63363e-05	5.96591e-05	5.28458e-08	4.44361e-11	5.72165e-15	2.66369e-19	8.34996e-23	1.86352e-25	6.28953e-29	2.57432e-32	2.80475e-35	3.70614e-40	4.33664e-43	7.33196e-44	6.71403e-46	4.34315e-48	7.7979e-51	2.68594e-53	4.9531e-55	4.49031e-56	3.55094e-58	4.41711e-60	1.87044e-61	6.51629e-63	7.45422e-65	
N19	1.17671e-34	3.01806e-29	3.82447e-24	2.1124e-21	1.01715e-16	3.49471e-15	2.35851e-11	2.09322e-08	8.24821e-08	7.65132e-06	0.0151374	0.978501	0.00626068	1.4515e-05	4.79897e-06	2.65218e-05	4.05079e-05	6.53441e-06	7.03186e-09	2.63907e-12	4.94842e-16	8.03898e-20	3.25619e-22	1.43696e-23	2.01039e-25	8.2512e-28	1.00478e-29	1.14882e-33	4.68836e-37	5.49673e-41	2.45894e-45	4.50847e-49	3.33833e-53	1.2144e-56	2.37659e-59	2.50198e-61	5.63295e-64	3.92961e-67	9.63108e-70	2.0781e-72	1.21877e-75	
FGA379	0	0	0	0	0	0	0	0	0	0	0	0	0	0	0	0	1	0	0	0	0	0	0	0	0	0	0	0	0	0	0	0	0	0	0	0	0	0	0	0	0	
N20	2.60911e-33	6.70551e-28	8.35524e-23	3.18014e-20	1.98044e-15	4.7151e-14	1.49937e-10	3.33322e-07	8.95564e-07	1.54841e-05	0.0117416	0.97088	0.0172842	6.75289e-05	9.27177e-06	8.82093e-07	2.954e-08	2.49202e-10	7.66191e-14	9.74951e-18	7.05611e-22	9.90065e-26	2.52587e-28	2.83804e-30	9.44936e-33	9.97517e-36	2.52522e-38	1.72418e-42	3.71499e-46	2.61954e-50	7.45328e-55	8.11391e-59	1.17876e-62	1.4994e-65	6.163e-68	1.10694e-69	4.02108e-72	6.77791e-75	2.46786e-77	7.2299e-80	1.28049e-82	
N21	4.02449e-36	7.3665e-30	6.15755e-24	1.32261e-20	4.05383e-16	7.42e-14	1.90119e-10	7.71657e-08	4.56947e-07	9.75545e-05	0.0220032	0.946708	0.03105	0.000140719	3.14359e-07	1.322e-09	1.75726e-12	5.79227e-15	2.19462e-19	3.48442e-23	1.89418e-27	1.50734e-29	1.97453e-30	1.00054e-28	1.09361e-29	6.78415e-31	1.69773e-31	5.51143e-34	1.05156e-35	3.91321e-37	1.39753e-39	3.00149e-41	7.22048e-43	1.43236e-44	5.99856e-46	9.03719e-47	9.36019e-49	2.77864e-50	1.89888e-51	1.35072e-52	5.16155e-54	
N22	2.68715e-37	1.40376e-32	3.23092e-26	3.06617e-23	2.16637e-17	4.62654e-16	6.06388e-11	3.16046e-08	3.32536e-08	1.42167e-05	0.0301237	0.959588	0.0102677	6.48184e-06	1.35868e-09	3.85232e-13	3.29467e-17	1.86976e-20	1.22666e-24	2.56874e-27	6.11729e-29	2.94456e-31	1.13154e-32	4.16492e-34	1.81498e-36	6.1161e-38	5.95824e-39	3.23746e-41	1.00465e-42	5.97836e-44	4.932e-46	1.41373e-47	8.83936e-50	1.14524e-51	3.17128e-53	1.54329e-54	2.73651e-57	5.93232e-59	2.79171e-60	8.19244e-62	4.75687e-63	
F3015	0	0	0	0	0	0	0	0	0	0	1	0	0	0	0	0	0	0	0	0	0	0	0	0	0	0	0	0	0	0	0	0	0	0	0	0	0	0	0	0	0	
N23	7.89036e-36	1.41035e-31	3.14776e-27	3.73403e-24	3.08724e-18	2.1954e-16	9.24741e-12	6.43079e-09	1.89164e-08	5.45455e-06	0.0302717	0.961807	0.00791461	1.32612e-06	7.53273e-11	1.83175e-13	1.2063e-16	4.03413e-19	1.23088e-23	2.89301e-27	4.89347e-32	8.3815e-37	2.46821e-38	7.36479e-38	4.60763e-38	2.22119e-39	1.03286e-39	1.73269e-42	4.77362e-44	2.67467e-45	3.66743e-48	8.78127e-50	9.97244e-53	8.01179e-55	2.15035e-56	2.97166e-57	1.97991e-59	4.88465e-61	2.67335e-62	4.54128e-63	1.50494e-64	
N24	9.92461e-40	4.82555e-34	1.22034e-27	7.56434e-24	9.45602e-19	2.95363e-16	1.22472e-12	3.83701e-09	5.10714e-08	9.34325e-06	0.022053	0.96763	0.0103062	1.23446e-06	7.95435e-10	1.92242e-11	1.74363e-14	2.677e-17	3.35665e-22	6.91541e-26	5.3907e-31	2.39332e-35	2.74183e-36	5.46978e-33	4.67638e-34	1.83765e-35	3.19423e-36	2.45339e-39	4.54344e-41	2.01201e-42	1.44439e-45	2.32987e-47	7.04333e-50	1.1323e-51	5.34938e-53	5.44619e-53	3.7712e-55	9.30457e-57	4.71239e-58	2.78297e-59	7.42276e-61	
N25	8.66737e-45	9.43877e-39	2.86949e-31	2.73027e-28	4.36138e-21	1.15779e-19	5.30704e-13	4.27166e-10	5.49229e-11	5.4858e-07	0.032322	0.966618	0.00105917	1.69943e-08	1.00431e-13	3.06725e-17	2.21156e-21	1.21124e-24	4.65673e-30	3.04611e-33	1.04144e-36	1.52315e-40	4.33904e-43	1.27826e-44	3.12476e-47	2.25529e-49	1.97012e-50	7.19556e-50	3.81042e-49	1.32467e-44	5.31771e-46	3.73737e-43	3.04133e-43	6.72969e-44	1.11714e-43	5.63627e-40	6.10824e-40	5.9568e-40	2.01379e-39	2.04999e-38	3.22348e-38	
N26	1.21539e-36	3.21915e-32	4.45955e-28	1.06506e-26	2.57283e-21	1.41168e-18	3.04404e-13	5.92753e-11	2.90971e-10	5.51606e-06	0.0458097	0.952892	0.00129306	1.00982e-07	2.29369e-12	6.66558e-14	4.46531e-17	5.84412e-19	1.88606e-24	2.15905e-28	3.8637e-34	1.09936e-39	1.40656e-40	3.24003e-39	2.38488e-40	1.36474e-41	2.19997e-41	5.97046e-45	8.06487e-47	2.70226e-48	6.03848e-52	6.39755e-54	1.77006e-57	8.26871e-60	3.11897e-61	6.08456e-61	3.66283e-63	6.9863e-65	4.37269e-66	2.48647e-66	4.74737e-68	
F1476	0	0	0	0	0	0	0	0	0	0	1	0	0	0	0	0	0	0	0	0	0	0	0	0	0	0	0	0	0	0	0	0	0	0	0	0	0	0	0	0	0	
N27	6.53353e-42	1.02978e-36	4.41834e-30	9.7584e-26	8.74131e-21	2.79251e-17	2.7792e-13	3.63104e-10	4.36985e-08	7.97731e-05	0.0502662	0.943882	0.00576702	4.48139e-06	2.24648e-09	8.07839e-11	6.13985e-14	2.85248e-16	1.055e-21	8.13247e-26	1.28713e-30	2.25942e-33	3.40096e-34	1.49155e-31	4.87452e-33	1.90814e-34	1.0782e-34	3.85304e-38	3.81368e-40	7.55879e-42	2.61781e-45	2.87539e-47	5.77256e-50	9.70185e-52	4.45345e-53	5.55079e-53	3.23993e-55	6.48583e-57	3.18168e-58	5.65743e-59	1.1233e-60	
Furcep	0	0	0	0	0	0	0	0	0	0	0	0	0	1	0	0	0	0	0	0	0	0	0	0	0	0	0	0	0	0	0	0	0	0	0	0	0	0	0	0	0	
N28	4.67231e-36	9.80914e-33	4.54733e-28	1.31861e-24	9.59138e-19	1.42303e-16	2.17627e-11	4.64788e-09	2.31533e-08	1.83349e-05	0.0772088	0.920801	0.0019716	4.27885e-07	4.75652e-11	1.89729e-13	4.13497e-17	3.8205e-19	2.12664e-23	8.24757e-27	3.30817e-31	3.24169e-36	6.50777e-40	9.24861e-43	1.73083e-47	3.11851e-51	7.74767e-54	9.13418e-55	3.7564e-55	2.10917e-53	1.08223e-55	5.19956e-54	7.13649e-57	5.06882e-59	9.39029e-60	7.14444e-58	6.70651e-61	9.24731e-63	3.30052e-64	3.6751e-65	8.39539e-67	
Furpol	0	0	0	0	0	0	0	0	0	0	0	1	0	0	0	0	0	0	0	0	0	0	0	0	0	0	0	0	0	0	0	0	0	0	0	0	0	0	0	0	0	
N29	7.53575e-39	1.75956e-32	1.79074e-26	3.66993e-23	4.40087e-18	7.94452e-16	1.49503e-10	1.62689e-10	1.42177e-09	8.43418e-05	0.86791	0.131967	3.82508e-05	2.22491e-09	7.67784e-14	2.15423e-16	2.73555e-19	1.44867e-21	2.67461e-26	3.41618e-30	5.08045e-35	2.61793e-40	1.22746e-44	1.11046e-47	1.69273e-51	3.90635e-55	5.60644e-58	1.70471e-58	2.73751e-59	7.05972e-58	2.25186e-60	4.92042e-59	4.61149e-62	7.23528e-65	8.83452e-66	4.70123e-64	3.87643e-66	4.99052e-68	3.09558e-69	2.68857e-70	3.53895e-72	
N30	1.20388e-39	3.23786e-33	3.95846e-27	9.54327e-24	1.64328e-18	4.47265e-16	1.59005e-10	2.01085e-10	2.10187e-09	0.000128899	0.982696	0.0171732	1.92725e-06	5.62766e-11	2.43295e-14	1.18312e-16	4.98259e-20	4.73694e-23	4.4019e-28	2.92297e-32	2.518e-37	6.03676e-42	1.21374e-45	2.01021e-48	1.14804e-52	1.19065e-56	5.33658e-60	1.5755e-65	3.8997e-70	1.65833e-74	4.05894e-80	9.63474e-85	1.38667e-89	4.77992e-94	3.88063e-98	2.55968e-101	2.69246e-106	8.2096e-111	5.34248e-115	3.94186e-119	1.06984e-123	
F2241	0	0	0	0	0	0	0	0	0	0	1	0	0	0	0	0	0	0	0	0	0	0	0	0	0	0	0	0	0	0	0	0	0	0	0	0	0	0	0	0	0	
Furang	0	0	0	0	0	0	0	0	0	0	1	0	0	0	0	0	0	0	0	0	0	0	0	0	0	0	0	0	0	0	0	0	0	0	0	0	0	0	0	0	0	
FGA490	0	0	0	0	0	0	0	0	0	0	1	0	0	0	0	0	0	0	0	0	0	0	0	0	0	0	0	0	0	0	0	0	0	0	0	0	0	0	0	0	0	
N31	7.15859e-44	1.01745e-36	6.27131e-30	5.58408e-27	1.96289e-20	4.14803e-19	4.43283e-13	5.88356e-10	1.73916e-10	9.46392e-07	0.0409974	0.958827	0.00017415	3.82092e-09	1.82299e-13	6.37156e-16	1.6288e-19	2.05397e-22	7.32373e-28	2.50212e-32	6.18226e-38	6.67647e-43	6.25777e-45	1.38473e-43	9.69507e-45	1.02978e-46	9.45028e-48	8.74269e-49	3.90093e-48	1.70714e-44	1.04611e-45	9.82525e-43	1.28835e-43	5.6356e-44	5.73286e-43	6.80085e-39	2.98999e-39	3.00833e-39	9.32369e-39	6.5188e-38	7.34987e-38	
N32	4.49487e-42	1.28278e-35	4.62674e-29	6.59884e-26	9.32041e-20	4.22589e-18	3.84609e-13	1.42027e-09	5.40213e-09	9.37928e-07	0.0360118	0.963639	0.000348531	1.29583e-08	8.51803e-12	1.03135e-13	4.85371e-17	5.80041e-20	2.70978e-25	1.50206e-29	5.46091e-35	1.16678e-39	1.42465e-41	2.72566e-41	4.07031e-40	1.03873e-41	1.44159e-42	5.80982e-46	3.74289e-48	4.48449e-50	1.76159e-53	1.3173e-55	5.67733e-58	7.49126e-60	2.40456e-61	1.21469e-61	4.99875e-64	6.99087e-66	2.14822e-67	1.03819e-68	1.49738e-70	
N33	6.93558e-45	1.29278e-37	1.62758e-30	6.66319e-27	1.15909e-20	6.30024e-19	4.20908e-15	2.75365e-09	2.03073e-08	6.20951e-08	0.00121258	0.996557	0.00223004	3.74892e-07	9.6595e-10	6.41145e-12	1.24158e-15	1.29178e-19	1.92145e-25	3.66502e-30	9.79981e-36	5.64135e-38	1.02506e-39	1.03085e-39	1.31807e-39	1.05501e-41	1.25751e-43	1.75789e-47	8.3589e-47	8.53654e-45	1.84855e-45	2.55303e-45	9.72342e-43	3.85638e-42	8.39061e-42	3.63389e-40	2.48522e-39	1.11543e-38	3.70881e-38	3.1152e-38	3.28302e-38	
N34	2.29761e-39	1.64177e-35	2.0221e-29	1.57008e-26	6.76347e-20	3.26455e-19	2.56845e-14	2.85116e-09	7.59621e-10	4.24651e-09	0.000271744	0.998883	0.000845521	5.18713e-08	7.97903e-12	1.78724e-14	9.94121e-18	6.39622e-20	9.0284e-25	1.78325e-28	1.4912e-33	1.59859e-38	2.07521e-42	8.9453e-46	3.70461e-50	4.69592e-54	9.32635e-57	6.70874e-59	2.02595e-60	5.17626e-58	1.78773e-61	1.82664e-62	3.64751e-62	1.80482e-64	1.97692e-66	3.67444e-67	1.80481e-67	1.6246e-69	4.14604e-71	4.25224e-72	4.07735e-74	
N35	8.885e-41	3.03792e-34	4.44756e-28	1.18388e-25	2.01582e-19	3.25531e-19	1.17366e-14	7.89464e-10	1.98798e-10	2.76561e-09	0.000157224	0.999417	0.00042597	2.49343e-08	1.22683e-12	8.56736e-15	1.15983e-17	7.8118e-20	8.57291e-25	7.65609e-29	7.24051e-34	2.91007e-39	2.10354e-43	3.9675e-46	5.74713e-50	1.34203e-53	2.36418e-56	6.96557e-62	1.95522e-66	1.03235e-70	2.51026e-76	6.26472e-81	1.75721e-86	1.48341e-91	1.03774e-95	7.99023e-99	1.87406e-103	6.80113e-108	1.16538e-111	3.14154e-115	9.00019e-120	
FGA456	0	0	0	0	0	0	0	0	0	0	0	1	0	0	0	0	0	0	0	0	0	0	0	0	0	0	0	0	0	0	0	0	0	0	0	0	0	0	0	0	0	
FGA513	0	0	0	0	0	0	0	0	0	0	0	1	0	0	0	0	0	0	0	0	0	0	0	0	0	0	0	0	0	0	0	0	0	0	0	0	0	0	0	0	0	
F12278	0	0	0	0	0	0	0	0	0	0	0	1	0	0	0	0	0	0	0	0	0	0	0	0	0	0	0	0	0	0	0	0	0	0	0	0	0	0	0	0	0	
N36	5.79121e-39	1.64142e-32	2.12318e-26	2.58087e-22	4.13101e-18	3.5351e-15	5.74777e-13	1.36112e-08	2.58698e-06	8.93936e-06	0.000473027	0.875344	0.12195	0.00222058	1.04324e-06	2.11588e-08	4.94295e-11	4.89154e-13	9.69203e-18	1.11073e-21	1.66199e-26	1.80863e-31	4.45729e-35	1.40724e-37	2.44188e-41	7.7526e-45	1.6838e-47	8.08369e-53	3.01241e-57	1.59381e-61	5.63078e-67	2.05746e-71	1.32706e-76	4.32443e-81	5.52472e-85	6.0888e-88	1.61318e-92	8.58063e-97	1.80709e-100	5.86048e-104	2.52271e-108	
Furant	0	0	0	0	0	0	0	0	0	0	0	1	0	0	0	0	0	0	0	0	0	0	0	0	0	0	0	0	0	0	0	0	0	0	0	0	0	0	0	0	0	
FGA331	0	0	0	0	0	0	0	0	0	0	0	0	0	1	0	0	0	0	0	0	0	0	0	0	0	0	0	0	0	0	0	0	0	0	0	0	0	0	0	0	0	
FGA465	0	0	0	0	0	0	0	0	0	0	1	0	0	0	0	0	0	0	0	0	0	0	0	0	0	0	0	0	0	0	0	0	0	0	0	0	0	0	0	0	0	
N37	1.95931e-40	6.94597e-34	1.12898e-27	1.27641e-24	6.56061e-19	4.44308e-17	1.73401e-11	9.80611e-10	1.0937e-09	1.62274e-05	0.228079	0.771753	0.000151246	5.73529e-09	3.61992e-13	1.76681e-15	1.66275e-18	6.39058e-21	6.12907e-26	3.28546e-30	2.62959e-35	1.2053e-40	1.08847e-44	1.46594e-47	1.50618e-51	2.53199e-55	1.29217e-57	4.1505e-57	1.67548e-58	3.85313e-57	3.17775e-60	4.56517e-60	2.62324e-62	1.13715e-64	4.28363e-66	1.90541e-64	4.00809e-66	5.1541e-68	2.97573e-69	2.41902e-70	2.9755e-72	
FGA99	0	0	0	0	0	0	0	0	0	0	1	0	0	0	0	0	0	0	0	0	0	0	0	0	0	0	0	0	0	0	0	0	0	0	0	0	0	0	0	0	0	
N38	3.91613e-39	9.631e-33	1.0344e-26	1.07589e-23	4.41725e-18	1.56067e-16	1.58351e-11	6.81625e-09	2.03931e-08	1.78618e-05	0.235407	0.764408	0.000167041	7.15935e-09	7.88847e-12	1.0807e-13	8.07122e-17	1.32044e-19	1.39346e-24	1.51597e-28	1.45768e-33	7.26087e-38	2.58531e-41	1.06343e-43	9.67183e-48	1.58588e-51	1.19337e-54	3.79612e-60	1.48525e-64	9.91308e-69	2.60055e-74	1.00672e-78	2.96331e-83	1.76266e-87	2.37202e-91	3.84196e-94	6.18577e-99	3.11294e-103	3.18214e-107	3.88307e-111	1.67561e-115	
FGA15	0	0	0	0	0	0	0	0	0	0	1	0	0	0	0	0	0	0	0	0	0	0	0	0	0	0	0	0	0	0	0	0	0	0	0	0	0	0	0	0	0	
FGA581	0	0	0	0	0	0	0	0	0	0	0	1	0	0	0	0	0	0	0	0	0	0	0	0	0	0	0	0	0	0	0	0	0	0	0	0	0	0	0	0	0	
FGA104	0	0	0	0	0	0	0	0	0	0	0	0	1	0	0	0	0	0	0	0	0	0	0	0	0	0	0	0	0	0	0	0	0	0	0	0	0	0	0	0	0	
FGA489	0	0	0	0	0	0	0	0	0	0	1	0	0	0	0	0	0	0	0	0	0	0	0	0	0	0	0	0	0	0	0	0	0	0	0	0	0	0	0	0	0	
FGA174	0	0	0	0	0	0	0	0	0	0	0	0	0	1	0	0	0	0	0	0	0	0	0	0	0	0	0	0	0	0	0	0	0	0	0	0	0	0	0	0	0	
FurbGB	0	0	0	0	0	0	0	0	0	0	0	1	0	0	0	0	0	0	0	0	0	0	0	0	0	0	0	0	0	0	0	0	0	0	0	0	0	0	0	0	0	
N39	1.1244e-38	1.31048e-33	8.80355e-28	6.52678e-25	2.98269e-19	7.13622e-18	2.39632e-13	6.3079e-10	2.92127e-10	5.99249e-08	0.00111308	0.353064	0.000679135	1.31252e-07	1.62395e-08	3.49177e-05	0.00412853	0.639008	0.0019413	3.09103e-05	1.42654e-08	1.94979e-12	5.73847e-15	3.51999e-16	6.85362e-19	2.47571e-21	1.22046e-22	3.53249e-27	1.85628e-30	2.05956e-33	4.4504e-38	3.01512e-41	5.92002e-43	8.54093e-45	8.62246e-46	5.77856e-44	7.24928e-45	3.67383e-46	7.04158e-47	4.83383e-47	5.56217e-48	
N40	1.38943e-37	5.53921e-32	1.09512e-26	6.6231e-24	6.219e-19	2.1977e-17	3.67991e-13	3.73755e-10	1.03021e-09	2.72564e-07	0.00127957	0.0880838	0.000327737	5.10238e-07	1.82769e-07	0.000155191	0.0331041	0.869589	0.00742073	3.90809e-05	4.10161e-08	1.57279e-11	6.56822e-14	5.22519e-15	8.90191e-17	7.38076e-19	2.33353e-20	3.36632e-24	2.38164e-27	1.04156e-30	8.20645e-35	3.93744e-38	3.73476e-42	8.08037e-46	1.60344e-48	2.52814e-50	4.94071e-53	4.82433e-56	1.98165e-58	8.67664e-61	7.17085e-64	
N41	1.52428e-38	1.60405e-32	8.36155e-27	4.38203e-24	6.68634e-19	2.46682e-17	1.23036e-12	6.19776e-11	3.40253e-10	2.43246e-07	0.000442534	0.00130767	3.99817e-06	7.66807e-07	8.16106e-06	0.00828719	0.395481	0.592201	0.0022663	1.77488e-06	4.96297e-10	7.95846e-14	8.80186e-17	5.69576e-19	1.20371e-21	1.21622e-24	2.46237e-27	3.22626e-28	1.65284e-28	4.41947e-30	2.51428e-32	3.24799e-34	2.67251e-36	4.42864e-38	4.03938e-39	1.23322e-39	9.90468e-41	5.59156e-42	7.58951e-43	6.18996e-44	3.15857e-45	
CGA312	0	0	0	0	0	0	0	0	0	0	0	0	0	0	0	0	0	1	0	0	0	0	0	0	0	0	0	0	0	0	0	0	0	0	0	0	0	0	0	0	0	
N42	1.08896e-41	8.97632e-37	1.79505e-31	6.15278e-28	3.05253e-22	8.19732e-20	1.27304e-14	1.08927e-13	1.74052e-11	8.97579e-08	6.11044e-05	6.52916e-05	2.11873e-06	5.15521e-07	3.87387e-05	0.0269537	0.585642	0.386995	0.000241627	1.72251e-08	3.43764e-13	3.19276e-18	2.79149e-22	1.39929e-24	1.60986e-27	1.94357e-30	1.49218e-29	7.64113e-30	2.86994e-31	6.7507e-34	4.02504e-37	2.55584e-39	2.59853e-42	4.70716e-45	1.53708e-46	7.29833e-47	5.5398e-48	7.8717e-50	3.02306e-51	2.37094e-52	3.56893e-54	
N43	4.81899e-46	5.96609e-40	3.24613e-34	3.52889e-31	5.46923e-27	1.7738e-22	3.48576e-17	1.0654e-16	2.15879e-13	2.00743e-08	2.62635e-06	1.10723e-06	3.73027e-07	1.05547e-06	0.00214698	0.203172	0.790299	0.00437669	3.23742e-08	4.09214e-14	1.79949e-20	4.16756e-27	3.75625e-32	5.65266e-35	1.76654e-34	6.69644e-34	3.05186e-30	4.60097e-31	3.11665e-31	1.36349e-32	1.96167e-34	4.44917e-35	1.12826e-36	2.05906e-37	6.28567e-37	4.03534e-35	4.80406e-34	5.00244e-34	1.71492e-33	2.03599e-32	2.31536e-32	
N44	8.24084e-43	6.14139e-38	2.23631e-33	1.50901e-31	1.3177e-27	3.22906e-24	2.83911e-18	4.2114e-16	8.71803e-14	3.18e-09	3.93461e-07	4.05866e-07	3.31282e-07	4.08497e-07	0.00161531	0.196982	0.799021	0.00238091	7.41666e-08	3.36076e-12	3.51129e-15	1.11124e-17	2.92338e-21	2.59064e-24	1.8543e-27	5.97481e-29	7.32037e-31	2.0524e-34	1.58089e-36	2.86427e-39	5.09003e-41	1.28599e-42	4.23577e-43	4.59554e-45	9.73749e-47	1.78765e-47	6.61545e-50	1.16317e-51	3.92264e-53	1.31277e-55	2.23404e-57	
N45	1.78001e-47	1.51557e-40	5.33463e-34	2.84062e-31	2.68562e-25	8.15522e-24	6.8187e-18	1.04886e-16	1.01373e-17	2.19574e-13	4.93049e-09	1.31503e-08	2.66725e-10	4.5528e-10	7.25885e-06	0.0415433	0.942439	0.0160076	2.76681e-06	1.65829e-10	2.05608e-13	2.06732e-16	6.25478e-20	2.82941e-23	1.19006e-27	5.74674e-30	2.65124e-32	4.39643e-35	1.72004e-37	4.22445e-40	7.20024e-42	1.78493e-43	1.32621e-44	1.78151e-46	3.96367e-48	2.2962e-49	8.08535e-52	7.15126e-54	9.90091e-56	1.90913e-58	2.24857e-60	
CGA642	0	0	0	0	0	0	0	0	0	0	0	0	0	0	0	0	1	0	0	0	0	0	0	0	0	0	0	0	0	0	0	0	0	0	0	0	0	0	0	0	0	
N46	1.19851e-38	2.2307e-34	2.38154e-30	1.80063e-29	1.37587e-25	1.09724e-24	1.77176e-19	5.07579e-18	3.1388e-17	9.27393e-14	2.40727e-09	6.28787e-09	7.02239e-11	2.29085e-09	2.84102e-06	0.0457488	0.929094	0.0251516	2.51171e-06	6.53079e-11	7.15701e-15	1.65222e-16	2.4437e-19	5.94332e-21	8.40262e-24	2.95857e-27	5.72967e-32	2.02426e-37	1.56612e-41	7.14706e-47	3.75026e-52	6.09013e-56	2.64477e-58	3.09659e-62	7.6106e-66	4.16911e-68	6.60451e-72	5.753e-76	8.76976e-80	2.45523e-85	1.45995e-89	
CGA763	0	0	0	0	0	0	0	0	0	0	0	0	0	0	0	1	0	0	0	0	0	0	0	0	0	0	0	0	0	0	0	0	0	0	0	0	0	0	0	0	0	
C601	0	0	0	0	0	0	0	0	0	0	0	0	0	0	0	0	0	1	0	0	0	0	0	0	0	0	0	0	0	0	0	0	0	0	0	0	0	0	0	0	0	
N47	1.87497e-38	3.43768e-34	3.53111e-30	1.07715e-27	1.18057e-25	1.92539e-22	1.98646e-18	4.32468e-16	6.80591e-13	1.6985e-09	1.8917e-07	3.62847e-07	3.30795e-07	2.6196e-06	0.00259214	0.21144	0.784363	0.00160097	1.41186e-07	3.22821e-12	4.79715e-16	1.36682e-17	1.59559e-20	2.88833e-22	2.6216e-25	6.26047e-28	3.16694e-29	3.79851e-32	5.22488e-34	3.83902e-37	4.57025e-40	2.03562e-41	2.75278e-41	6.31454e-43	3.37569e-44	4.3939e-44	1.38819e-45	3.80079e-47	1.93879e-48	4.08853e-51	1.00777e-52	
CGA236	0	0	0	0	0	0	0	0	0	0	0	0	0	0	0	0	1	0	0	0	0	0	0	0	0	0	0	0	0	0	0	0	0	0	0	0	0	0	0	0	0	
N48	4.47696e-34	2.89421e-30	1.06238e-26	1.342e-24	4.86798e-24	1.27969e-20	1.34691e-17	9.15919e-15	3.54652e-11	4.75395e-09	1.13389e-07	2.79981e-07	9.04682e-07	0.000398219	0.0295038	0.333191	0.635285	0.00162026	3.43185e-07	2.13333e-11	1.76384e-15	6.01568e-17	2.79035e-19	1.12725e-20	6.65888e-23	5.08305e-26	3.17828e-30	3.89619e-35	5.06205e-39	6.99768e-44	4.78359e-49	1.05916e-52	9.5448e-55	4.37271e-58	3.29262e-61	3.05757e-63	2.51115e-66	5.70494e-70	2.22348e-73	2.54053e-78	4.06512e-82	
N49	3.85928e-40	3.88974e-34	2.08124e-28	1.36032e-24	1.36622e-20	7.20373e-18	1.06145e-15	6.78239e-12	4.48343e-10	1.09096e-09	1.94598e-08	2.03459e-05	0.00173979	0.0218301	0.0297435	0.352705	0.574621	0.0193329	7.26498e-06	9.53217e-10	4.01367e-12	3.8794e-14	8.132e-17	5.03449e-19	3.26889e-22	1.88816e-25	1.47752e-29	3.67239e-34	3.13968e-38	9.52489e-43	2.20306e-46	1.1963e-49	2.97165e-52	7.07806e-56	3.14972e-59	5.80833e-62	6.25044e-66	1.23011e-69	3.78263e-73	7.62879e-78	1.21498e-81	
Calboe	0	0	0	0	0	0	0	0	0	0	0	0	0	1	0	0	0	0	0	0	0	0	0	0	0	0	0	0	0	0	0	0	0	0	0	0	0	0	0	0	0	
C3125	0	0	0	0	0	0	0	0	0	0	0	0	0	0	0	0	0	1	0	0	0	0	0	0	0	0	0	0	0	0	0	0	0	0	0	0	0	0	0	0	0	
CGA429	0	0	0	0	0	0	0	0	0	0	0	0	0	0	1	0	0	0	0	0	0	0	0	0	0	0	0	0	0	0	0	0	0	0	0	0	0	0	0	0	0	
N50	2.83137e-37	1.12548e-32	2.26743e-28	6.17246e-25	2.07957e-24	7.53433e-21	5.8886e-18	7.00536e-16	3.04285e-10	2.27405e-07	7.2383e-08	2.56172e-08	4.16688e-07	0.00189517	0.533078	0.420618	0.0443772	3.14425e-05	5.24015e-10	3.03784e-15	8.76689e-21	2.66938e-24	3.53792e-27	3.3049e-27	2.57087e-27	9.86812e-29	3.19793e-30	1.99356e-33	1.78278e-35	1.26514e-38	3.46657e-42	1.71615e-44	1.04424e-45	5.95652e-47	5.01966e-48	8.02578e-48	2.222e-48	5.44412e-50	2.48058e-51	2.62349e-53	6.1226e-55	
C984	0	0	0	0	0	0	0	0	0	0	0	0	0	1	0	0	0	0	0	0	0	0	0	0	0	0	0	0	0	0	0	0	0	0	0	0	0	0	0	0	0	
N51	1.50517e-35	1.01932e-31	4.08833e-28	2.57296e-25	3.78081e-24	5.10642e-20	1.14379e-16	2.90274e-15	1.37196e-10	1.03139e-07	1.85459e-08	5.79083e-09	4.47891e-07	0.00309296	0.669193	0.31324	0.0144688	5.10278e-06	2.71296e-10	5.74643e-15	9.72684e-18	1.6674e-19	2.4303e-22	3.89829e-24	5.70854e-27	3.91157e-30	2.58044e-34	1.97022e-39	2.59437e-43	2.20435e-48	2.87088e-52	1.29418e-55	8.87749e-58	1.6454e-61	6.48858e-65	4.43916e-67	1.01685e-70	2.34418e-74	9.66274e-78	1.19415e-82	2.17498e-86	
CGA310	0	0	0	0	0	0	0	0	0	0	0	0	0	0	1	0	0	0	0	0	0	0	0	0	0	0	0	0	0	0	0	0	0	0	0	0	0	0	0	0	0	
N52	1.64094e-41	1.54826e-35	7.27419e-30	3.96622e-25	2.99817e-22	4.94837e-18	3.36063e-16	1.13258e-14	1.76774e-10	7.0662e-09	3.78337e-10	4.35261e-09	1.97298e-05	0.0612029	0.898999	0.0396211	0.000157705	4.98432e-08	5.60929e-12	6.05472e-16	5.25804e-18	2.48167e-20	2.58777e-23	6.19697e-26	1.27949e-29	5.13308e-33	3.49901e-37	7.90601e-42	5.79026e-46	2.61233e-50	2.28497e-53	1.08491e-56	1.97619e-59	3.29256e-63	1.01062e-66	1.07534e-69	5.0736e-74	7.79942e-78	2.02705e-81	4.29131e-86	8.79827e-90	
CGA365	0	0	0	0	0	0	0	0	0	0	0	0	0	0	1	0	0	0	0	0	0	0	0	0	0	0	0	0	0	0	0	0	0	0	0	0	0	0	0	0	0	
CGA494	0	0	0	0	0	0	0	0	0	0	0	0	0	1	0	0	0	0	0	0	0	0	0	0	0	0	0	0	0	0	0	0	0	0	0	0	0	0	0	0	0	
N53	1.24358e-43	5.48083e-37	1.1593e-30	4.62933e-27	4.41258e-22	1.78133e-19	9.18501e-16	6.67246e-13	7.4221e-12	3.03765e-10	6.50183e-07	1.53002e-06	2.1357e-07	6.1131e-07	1.76061e-05	0.00789679	0.409393	0.570954	0.0117318	3.46882e-06	1.16814e-09	5.24516e-12	8.20428e-15	2.48721e-17	7.81707e-21	1.722e-24	1.1723e-27	5.78128e-30	2.63659e-30	2.50199e-32	8.14947e-35	1.91699e-36	3.38833e-37	1.17292e-38	6.32138e-40	1.11449e-40	1.53459e-42	3.3098e-44	1.11047e-45	7.02294e-48	1.53276e-49	
N54	1.5293e-37	2.11287e-33	1.6905e-29	3.7539e-28	6.38602e-23	6.25672e-21	5.93496e-16	6.80859e-14	2.37839e-12	1.32943e-10	3.27973e-07	7.9144e-07	1.05929e-07	4.38952e-07	8.23268e-06	0.015394	0.440251	0.541704	0.00264126	3.25738e-07	1.70544e-11	4.37964e-15	1.0243e-18	3.88964e-21	2.09066e-23	1.11174e-26	2.61571e-29	2.65421e-33	7.58554e-37	1.3121e-41	7.06583e-47	6.41916e-51	6.80258e-55	1.48897e-59	2.24359e-63	1.88793e-66	1.20192e-69	1.55976e-73	3.96381e-77	1.30058e-80	2.85958e-84	
C12265	0	0	0	0	0	0	0	0	0	0	0	0	0	0	0	0	0	1	0	0	0	0	0	0	0	0	0	0	0	0	0	0	0	0	0	0	0	0	0	0	0	
N55	1.24026e-50	4.28617e-43	5.51433e-36	3.90581e-32	1.18201e-26	9.19433e-24	3.60221e-18	8.60123e-20	3.30458e-16	6.99301e-11	5.87986e-09	1.86614e-11	2.70049e-12	5.01579e-08	0.00459728	0.975559	0.0197835	5.98758e-05	2.76755e-09	2.5551e-14	9.07791e-20	1.80342e-25	6.92894e-30	7.83821e-31	8.23434e-32	2.31285e-33	2.3349e-34	3.7223e-37	2.49921e-39	3.17676e-42	1.46055e-45	2.69003e-48	1.7602e-51	3.05214e-54	6.68472e-56	9.32573e-57	2.85431e-58	2.4313e-60	6.89115e-62	2.00032e-63	1.76566e-65	
C404	0	0	0	0	0	0	0	0	0	0	0	0	0	0	1	0	0	0	0	0	0	0	0	0	0	0	0	0	0	0	0	0	0	0	0	0	0	0	0	0	0	
N56	2.2769e-42	7.70175e-38	1.49223e-33	3.73906e-32	1.54131e-28	1.81059e-26	2.10644e-20	1.02665e-20	9.52042e-18	2.07415e-12	5.45638e-10	6.27886e-13	1.179e-13	1.54072e-08	0.00132913	0.990679	0.00798632	5.50526e-06	1.08751e-10	6.47116e-16	2.54273e-19	3.50495e-21	1.0316e-24	1.12375e-27	8.73707e-32	1.35794e-35	9.51797e-40	1.46043e-45	6.37656e-50	1.03996e-55	1.63993e-60	2.07902e-64	8.17748e-67	2.59391e-71	1.52371e-75	6.96897e-79	6.90651e-84	2.87166e-88	2.16635e-92	2.04861e-97	7.00088e-102	
Cl11778	0	0	0	0	0	0	0	0	0	0	0	0	0	0	0	1	0	0	0	0	0	0	0	0	0	0	0	0	0	0	0	0	0	0	0	0	0	0	0	0	0	
CGA48	0	0	0	0	0	0	0	0	0	0	0	0	0	0	0	1	0	0	0	0	0	0	0	0	0	0	0	0	0	0	0	0	0	0	0	0	0	0	0	0	0	
C3126	0	0	0	0	0	0	0	0	0	0	0	0	0	0	0	0	0	0	1	0	0	0	0	0	0	0	0	0	0	0	0	0	0	0	0	0	0	0	0	0	0	
N57	9.49925e-40	2.39844e-33	2.54434e-27	2.76836e-25	2.51971e-19	6.12163e-19	4.17022e-15	8.58867e-11	2.15175e-11	2.38841e-11	5.3424e-07	0.000552926	6.21169e-06	1.06345e-09	1.56544e-10	1.20428e-06	0.00351512	0.956154	0.0397275	4.25365e-05	1.18724e-08	2.83367e-12	3.50854e-15	8.41471e-18	5.9982e-21	2.33778e-24	1.50699e-26	1.6562e-28	2.70191e-30	2.85236e-32	1.40876e-34	1.32671e-36	1.46495e-38	4.08259e-40	2.67437e-41	3.71294e-42	1.46301e-43	5.42808e-45	3.54083e-46	1.35453e-47	4.99764e-49	
CGA311	0	0	0	0	0	0	0	0	0	0	0	0	0	0	0	0	0	1	0	0	0	0	0	0	0	0	0	0	0	0	0	0	0	0	0	0	0	0	0	0	0	
N58	1.59126e-39	2.42077e-35	9.65214e-31	2.27314e-27	3.31596e-22	1.94931e-20	1.07919e-16	1.76633e-12	5.16305e-13	3.1395e-12	5.8718e-08	0.000106709	1.48041e-06	1.45519e-10	1.1407e-10	3.25658e-07	0.00254119	0.953152	0.0441712	2.67587e-05	3.3834e-09	2.23389e-13	1.39221e-16	7.71318e-18	8.94759e-20	8.22151e-23	6.76978e-25	1.96588e-29	6.64107e-33	1.82364e-37	1.03263e-42	3.14563e-46	1.41498e-47	4.54467e-50	2.51764e-51	1.43108e-48	4.06894e-48	1.08346e-49	6.6182e-51	1.11297e-51	5.20042e-53	
N59	5.92143e-47	3.85533e-40	1.13939e-33	6.18436e-31	8.83777e-25	4.63828e-24	8.42191e-19	9.37245e-16	1.5168e-16	1.12334e-13	1.12755e-08	2.42573e-06	2.56239e-09	6.77001e-13	2.43622e-11	1.38296e-06	0.0145091	0.981045	0.00444095	7.69974e-07	3.48697e-11	6.66657e-16	2.69257e-20	2.12241e-22	6.14576e-25	3.42765e-28	7.36656e-31	2.42769e-34	4.78024e-36	8.50338e-38	4.2414e-39	2.09362e-41	2.65986e-44	2.1887e-47	5.13692e-49	2.18462e-49	2.26234e-50	4.759e-52	4.56012e-53	5.0346e-54	1.66323e-55	
CGA45	0	0	0	0	0	0	0	0	0	0	0	0	0	0	0	0	1	0	0	0	0	0	0	0	0	0	0	0	0	0	0	0	0	0	0	0	0	0	0	0	0	
N60	7.4294e-38	6.23245e-34	3.01376e-30	7.86203e-30	1.11949e-25	3.7149e-25	1.08635e-20	3.54098e-16	3.91715e-16	1.95393e-14	9.95683e-10	6.59539e-07	4.9459e-10	7.0914e-13	2.53445e-11	8.91971e-07	0.00705462	0.989583	0.00335996	8.64547e-07	6.09092e-11	5.13708e-15	2.89144e-17	2.59065e-18	5.23188e-20	5.43351e-23	1.82461e-25	6.34736e-30	2.60978e-33	5.96516e-38	4.12232e-43	3.53084e-47	6.31462e-52	2.13793e-55	2.07606e-58	3.27936e-60	8.46174e-63	2.15212e-66	1.045e-69	4.90129e-73	1.20788e-76	
C3043	0	0	0	0	0	0	0	0	0	0	0	0	0	0	0	0	0	1	0	0	0	0	0	0	0	0	0	0	0	0	0	0	0	0	0	0	0	0	0	0	0	
CGA364	0	0	0	0	0	0	0	0	0	0	0	0	0	0	0	0	0	1	0	0	0	0	0	0	0	0	0	0	0	0	0	0	0	0	0	0	0	0	0	0	0	
C2208	0	0	0	0	0	0	0	0	0	0	0	0	0	0	0	0	0	0	1	0	0	0	0	0	0	0	0	0	0	0	0	0	0	0	0	0	0	0	0	0	0	
N61	5.04549e-35	2.16495e-29	4.69824e-24	2.99458e-22	8.37716e-17	6.42337e-17	7.74354e-13	4.46568e-09	2.69921e-10	2.09618e-09	1.43706e-05	0.00483044	1.6267e-05	6.61099e-09	4.81486e-09	1.12898e-05	0.00929151	0.976796	0.00902191	1.77303e-05	1.2594e-08	5.51682e-12	9.10427e-15	3.92201e-17	6.68597e-20	8.23138e-23	9.75518e-26	1.5216e-29	2.69167e-33	3.50334e-37	2.04239e-41	1.94657e-45	1.62686e-49	2.06996e-53	7.68095e-57	5.74713e-60	1.36566e-63	3.46698e-67	2.05686e-70	9.57929e-73	1.17104e-74	
N62	8.96591e-43	3.17108e-36	5.35037e-30	8.80408e-28	1.65093e-21	3.1631e-21	4.23189e-16	1.0268e-12	1.19545e-14	3.22172e-12	2.35861e-07	9.41441e-05	3.53161e-08	1.75547e-12	3.91292e-11	1.46137e-06	0.0111524	0.987432	0.00131964	2.43036e-07	1.41666e-11	4.64345e-16	1.71905e-19	9.31414e-22	1.40234e-24	5.43685e-28	6.33487e-31	9.82352e-36	5.82448e-40	8.64825e-45	4.18959e-50	1.8011e-51	2.67917e-53	9.12944e-56	4.13341e-57	1.05169e-54	1.79923e-55	2.27858e-57	8.51944e-59	3.21605e-60	1.10739e-61	
CGA453	0	0	0	0	0	0	0	0	0	0	0	0	0	0	0	0	0	1	0	0	0	0	0	0	0	0	0	0	0	0	0	0	0	0	0	0	0	0	0	0	0	
N63	1.73027e-47	1.25539e-40	4.24548e-34	3.18792e-31	5.22114e-25	6.86987e-24	2.09198e-18	5.45707e-16	6.13635e-17	2.24445e-13	3.8839e-08	2.7201e-06	2.27501e-10	5.52662e-14	2.37863e-11	2.33257e-06	0.0440993	0.955639	0.000256367	1.1945e-08	1.96543e-13	1.95308e-18	6.93948e-22	7.7494e-24	2.36815e-26	9.48877e-30	2.19887e-32	1.15314e-37	4.56762e-42	2.08502e-47	3.01644e-53	2.95164e-58	5.15187e-64	4.85881e-69	3.95346e-73	2.8652e-76	3.3333e-80	3.90592e-85	1.36354e-89	4.47955e-94	6.89902e-100	
CGA501	0	0	0	0	0	0	0	0	0	0	0	0	0	0	0	0	0	1	0	0	0	0	0	0	0	0	0	0	0	0	0	0	0	0	0	0	0	0	0	0	0	
C3121	0	0	0	0	0	0	0	0	0	0	0	0	0	0	0	0	1	0	0	0	0	0	0	0	0	0	0	0	0	0	0	0	0	0	0	0	0	0	0	0	0	
N64	1.83326e-46	2.95114e-39	2.02532e-32	1.29453e-30	1.40253e-23	5.79155e-25	1.17328e-19	2.36045e-14	1.13223e-16	9.60567e-16	3.75647e-10	8.65165e-06	7.20325e-10	8.10503e-15	1.44423e-14	3.04757e-09	0.000167687	0.999539	0.000284657	1.15125e-08	1.53993e-13	1.46794e-18	1.48534e-22	6.87831e-26	8.6202e-30	3.71806e-34	2.12397e-38	2.84021e-44	4.57464e-50	1.08352e-56	3.74321e-36	8.59584e-37	1.40975e-37	8.04828e-38	2.08093e-37	1.87593e-36	4.28587e-36	5.87369e-36	2.08318e-35	5.17912e-35	7.23502e-35	
Calparcri	0	0	0	0	0	0	0	0	0	0	0	0	0	0	0	0	0	1	0	0	0	0	0	0	0	0	0	0	0	0	0	0	0	0	0	0	0	0	0	0	0	
C3118	0	0	0	0	0	0	0	0	0	0	0	0	0	0	0	0	0	1	0	0	0	0	0	0	0	0	0	0	0	0	0	0	0	0	0	0	0	0	0	0	0	
N65	1.18971e-38	7.30761e-34	3.96257e-29	2.98007e-26	6.68147e-20	2.48936e-18	4.40464e-14	1.28874e-09	7.39665e-10	1.72055e-08	0.000503603	0.99713	0.00236599	3.57511e-07	6.06474e-10	2.97835e-10	1.9327e-10	2.61859e-09	9.30744e-13	3.14281e-15	1.14015e-19	3.49213e-24	2.73553e-27	5.17458e-29	1.9608e-32	4.8296e-34	3.9361e-34	1.09391e-37	1.18796e-39	2.9444e-41	7.313e-45	7.43722e-47	7.78419e-50	7.71227e-52	2.19111e-53	2.41275e-53	1.14746e-55	1.73657e-57	6.27913e-59	1.17661e-59	1.65022e-61	
N66	1.70916e-36	1.28825e-30	4.64496e-25	1.20336e-22	3.95592e-17	2.69232e-16	2.5114e-12	2.93168e-08	2.17207e-08	1.90865e-07	0.0015616	0.992925	0.00532505	2.60444e-06	1.11097e-08	7.48975e-08	2.65444e-06	0.000181473	1.65061e-06	1.3483e-08	1.37924e-11	4.35831e-15	8.85046e-18	1.54322e-19	3.99307e-22	1.2383e-24	1.12511e-26	8.87719e-31	2.62316e-34	1.09021e-37	5.45007e-42	1.23501e-45	6.99121e-50	6.67867e-54	3.76072e-57	1.12657e-59	2.7015e-63	9.36788e-67	1.13419e-69	1.14575e-72	3.32905e-76	
N67	6.27976e-35	2.90271e-29	6.52153e-24	9.99529e-22	2.40368e-16	7.81301e-16	6.32185e-12	7.04142e-08	2.72936e-08	2.00096e-07	0.00147779	0.994001	0.00431901	2.21651e-06	2.23373e-08	3.52067e-07	1.91713e-05	0.000178658	1.3088e-06	1.90612e-09	9.62128e-13	2.5924e-16	5.12423e-19	9.15947e-21	5.38592e-23	1.39189e-25	6.23519e-28	7.51385e-32	1.99705e-35	2.52169e-39	1.17669e-43	1.44504e-47	8.83581e-52	9.40718e-56	6.84411e-59	1.98352e-61	1.33873e-64	4.94611e-68	4.9357e-71	3.12345e-74	9.19917e-78	
N68	2.12432e-35	1.05691e-29	2.45723e-24	5.05586e-22	1.0401e-16	4.19993e-16	2.53766e-12	2.10362e-08	1.18374e-08	1.34963e-07	0.00120875	0.995103	0.00348661	1.40801e-06	1.32711e-07	4.60858e-06	5.72671e-05	0.000137585	2.12644e-07	7.51363e-11	1.09154e-14	1.03476e-18	1.35037e-21	2.96766e-23	2.01422e-25	3.80049e-28	2.17107e-30	1.63913e-34	4.78485e-38	3.66536e-42	9.83734e-47	1.00466e-50	3.86279e-55	3.69696e-59	3.26297e-62	1.61319e-64	1.67556e-67	5.58666e-71	5.82087e-74	5.65819e-77	1.71092e-80	
N69	2.61607e-38	2.52554e-32	1.17696e-26	1.7468e-24	9.07707e-19	1.96095e-18	3.53615e-14	6.35864e-10	1.7286e-10	2.10396e-09	4.17015e-05	0.04711	0.000113127	2.21155e-08	9.88756e-10	2.83982e-06	0.00214183	0.945721	0.0048462	2.29692e-05	1.38442e-08	2.63057e-12	2.90334e-15	2.36137e-17	3.08295e-20	5.21477e-23	2.60876e-25	1.23637e-29	2.22706e-33	6.04521e-37	1.89473e-41	5.95593e-44	5.79783e-44	5.06815e-46	2.35853e-47	4.5589e-47	6.1644e-47	2.25765e-48	2.79986e-49	3.08392e-50	1.1173e-51	
Triowe	0	0	0	0	0	0	0	0	0	0	0	0	0	0	0	0	0	1	0	0	0	0	0	0	0	0	0	0	0	0	0	0	0	0	0	0	0	0	0	0	0	
N70	5.62761e-39	3.32107e-33	9.68625e-28	3.80126e-25	1.01437e-19	9.7771e-19	8.83397e-15	5.95838e-11	3.32424e-11	9.72593e-10	1.47807e-05	0.0156173	3.82679e-05	9.21654e-09	3.59081e-10	1.68231e-06	0.00316648	0.974588	0.00656088	1.23816e-05	6.3197e-09	1.35281e-12	2.74861e-15	2.46152e-16	5.63582e-18	2.71517e-20	7.85713e-22	6.91468e-26	4.80393e-29	9.19606e-33	3.87943e-37	1.31734e-40	7.42363e-45	7.29329e-49	1.10947e-51	1.93299e-53	5.04222e-56	3.30423e-59	8.0514e-62	3.32592e-64	1.98502e-67	
Trijoh	0	0	0	0	0	0	0	0	0	0	0	0	0	0	0	0	0	1	0	0	0	0	0	0	0	0	0	0	0	0	0	0	0	0	0	0	0	0	0	0	0	
Trimel	0	0	0	0	0	0	0	0	0	0	0	0	0	0	0	0	0	1	0	0	0	0	0	0	0	0	0	0	0	0	0	0	0	0	0	0	0	0	0	0	0	
N71	5.37842e-35	4.26123e-29	1.58786e-23	1.72879e-21	7.89045e-16	8.85091e-16	9.72274e-12	1.92658e-07	2.49009e-08	8.69211e-08	0.000853001	0.99674	0.00240206	4.49072e-06	9.64254e-08	1.06381e-09	5.09267e-12	8.7705e-15	8.22652e-19	3.28022e-23	7.52097e-28	1.65515e-32	4.03391e-36	5.70463e-39	3.0773e-42	8.8588e-46	3.78202e-49	3.09929e-49	8.38541e-51	1.46684e-49	2.89552e-52	1.4901e-53	2.06546e-53	1.67106e-55	6.45798e-57	2.53313e-57	1.00056e-56	2.31103e-58	1.20875e-59	3.72256e-61	7.49557e-63	
N72	1.10332e-36	1.147e-30	5.31901e-25	1.36354e-22	6.76331e-17	2.31664e-16	2.4865e-12	2.93798e-08	2.51399e-09	2.4201e-08	0.000457823	0.998129	0.00141293	4.48847e-07	6.31183e-10	1.01989e-12	1.27735e-15	1.60686e-17	5.09924e-22	1.53261e-25	8.26651e-30	9.05609e-34	3.01904e-37	1.24178e-40	1.18238e-44	4.529e-48	1.55889e-50	1.18413e-55	1.00367e-59	1.81692e-63	2.0306e-68	1.99665e-72	1.5241e-76	8.7065e-81	9.28679e-85	2.0798e-88	3.06567e-93	2.27582e-97	5.36868e-101	2.63762e-104	1.95515e-108	
Trihoe	0	0	0	0	0	0	0	0	0	0	0	1	0	0	0	0	0	0	0	0	0	0	0	0	0	0	0	0	0	0	0	0	0	0	0	0	0	0	0	0	0	
Tribit	0	0	0	0	0	0	0	0	0	0	0	1	0	0	0	0	0	0	0	0	0	0	0	0	0	0	0	0	0	0	0	0	0	0	0	0	0	0	0	0	0	
Trijac	0	0	0	0	0	0	0	0	0	0	0	1	0	0	0	0	0	0	0	0	0	0	0	0	0	0	0	0	0	0	0	0	0	0	0	0	0	0	0	0	0	
N73	1.25218e-35	5.20278e-30	1.10028e-24	1.12704e-22	2.87795e-17	5.16987e-17	5.04234e-13	4.8056e-09	9.30184e-10	6.94099e-09	6.2246e-05	0.0358396	0.000141848	5.4283e-08	4.40193e-09	7.05561e-06	0.00409906	0.951683	0.00812526	4.2333e-05	4.6017e-08	1.78578e-11	2.81337e-14	2.18187e-16	4.04835e-19	8.64924e-22	3.48466e-24	3.85643e-28	1.01245e-31	3.38222e-35	2.31438e-39	4.49167e-43	3.61324e-47	3.56603e-51	1.54039e-54	2.31937e-57	4.85321e-61	1.53253e-64	1.23534e-67	6.48257e-71	1.83248e-74	
Tricri	0	0	0	0	0	0	0	0	0	0	0	0	0	0	0	0	0	1	0	0	0	0	0	0	0	0	0	0	0	0	0	0	0	0	0	0	0	0	0	0	0	
N74	6.576e-38	3.58679e-32	9.63795e-27	2.1624e-24	5.8285e-19	2.39039e-18	1.90576e-14	1.14129e-10	2.68655e-11	4.67621e-10	6.52317e-06	0.00609173	1.60523e-05	4.19178e-09	3.57912e-10	1.88805e-06	0.00369479	0.982658	0.00751914	1.17988e-05	5.80756e-09	1.35314e-12	2.51428e-15	1.06397e-16	1.26536e-18	4.11525e-21	4.95426e-23	4.96212e-27	2.38899e-30	3.63079e-34	1.56535e-38	3.40467e-42	2.04526e-46	1.94369e-50	2.07766e-53	1.63554e-55	2.28722e-58	1.09369e-61	1.6941e-64	2.97697e-67	1.32056e-70	
Triwie	0	0	0	0	0	0	0	0	0	0	0	0	0	0	0	0	0	1	0	0	0	0	0	0	0	0	0	0	0	0	0	0	0	0	0	0	0	0	0	0	0	
Triqua	0	0	0	0	0	0	0	0	0	0	0	0	0	0	0	0	0	1	0	0	0	0	0	0	0	0	0	0	0	0	0	0	0	0	0	0	0	0	0	0	0	
N75	1.06336e-32	1.01354e-27	4.94659e-23	1.63391e-20	4.14368e-16	7.71201e-15	1.28435e-11	2.36888e-08	7.16546e-08	1.33325e-06	0.00240917	0.408975	0.00564483	9.44955e-06	2.96562e-07	8.05412e-05	0.00675807	0.563147	0.0125119	0.000460165	1.88211e-06	2.4039e-09	2.394e-11	2.71497e-12	3.72914e-14	7.02185e-16	5.18712e-17	2.06635e-20	4.18027e-23	1.39219e-25	3.99348e-29	6.49343e-32	2.09984e-35	1.25475e-38	5.004e-41	1.30679e-42	2.01716e-45	5.0063e-48	4.86254e-50	4.88103e-52	1.15049e-54	
N76	3.63893e-32	4.26098e-27	2.62264e-22	2.85729e-20	1.66499e-15	5.84555e-15	1.59768e-11	4.35437e-08	1.55611e-08	8.85157e-08	0.000192306	0.0325479	0.000394525	5.72399e-07	7.76095e-08	4.94138e-05	0.0155772	0.923849	0.0271731	0.000215046	5.80932e-07	7.54997e-10	3.66093e-12	7.34595e-14	5.55363e-16	3.03288e-18	1.98794e-20	1.01505e-23	7.63013e-27	4.48262e-30	1.01385e-33	4.46071e-37	1.28676e-40	4.61004e-44	6.68047e-47	2.6325e-49	2.78408e-52	2.9975e-55	6.07868e-58	6.96175e-61	6.74786e-64	
Kinboe	0	0	0	0	0	0	0	0	0	0	0	0	0	0	0	0	0	1	0	0	0	0	0	0	0	0	0	0	0	0	0	0	0	0	0	0	0	0	0	0	0	
Kinfis	0	0	0	0	0	0	0	0	0	0	0	0	0	0	0	0	0	1	0	0	0	0	0	0	0	0	0	0	0	0	0	0	0	0	0	0	0	0	0	0	0	
Kinxen	0	0	0	0	0	0	0	0	0	0	0	0	0	0	0	0	0	1	0	0	0	0	0	0	0	0	0	0	0	0	0	0	0	0	0	0	0	0	0	0	0	
N77	4.53837e-36	8.25445e-32	7.98404e-28	1.54801e-25	1.65391e-20	1.52898e-17	7.99311e-14	2.2108e-10	2.86314e-09	6.75415e-07	0.00129158	0.988114	0.010577	1.51164e-05	9.43673e-08	3.47502e-07	8.36744e-08	7.99101e-07	1.00877e-09	1.35148e-11	2.90882e-15	1.27441e-19	2.30441e-22	1.67642e-23	1.9145e-26	1.40817e-28	9.68496e-29	1.22584e-32	3.20451e-35	1.1484e-37	4.23329e-42	3.23534e-45	6.55542e-50	1.4639e-53	3.31135e-56	2.59843e-56	2.41168e-58	4.94859e-60	5.21949e-61	3.00338e-61	5.96174e-63	
N78	2.04367e-29	1.17731e-24	3.4097e-20	7.95735e-18	1.27079e-13	1.79672e-12	1.54363e-09	2.19816e-06	4.12662e-06	2.00676e-05	0.0101013	0.963956	0.0258078	0.000108316	5.55318e-07	4.00209e-08	1.93258e-09	5.60748e-11	6.09067e-14	5.63332e-17	2.93578e-20	9.60492e-24	1.87603e-26	3.15913e-28	2.20587e-30	1.09656e-32	8.76223e-35	2.88941e-38	1.8778e-41	9.7149e-45	1.8026e-48	8.41373e-52	2.0649e-55	6.69094e-59	1.28378e-61	9.45607e-64	1.69729e-66	2.56363e-69	9.59737e-72	2.11234e-74	2.80045e-77	
N79	1.22038e-33	9.75597e-28	3.4288e-22	2.21153e-20	8.6183e-15	5.55548e-15	3.92253e-11	5.93671e-07	5.06326e-08	1.10446e-07	0.00100105	0.994931	0.0040648	1.95792e-06	6.8684e-10	1.29099e-12	1.51329e-15	2.24423e-18	1.4414e-22	1.72671e-26	8.26662e-31	1.83871e-35	1.48715e-39	5.39292e-43	6.4278e-47	1.08013e-50	4.76805e-54	3.1645e-54	8.37732e-56	7.0769e-55	2.01707e-57	1.80413e-57	5.88827e-56	1.77984e-56	2.69682e-56	1.1005e-54	1.19007e-52	1.9422e-52	6.30859e-52	1.42793e-51	2.29781e-51	
N80	4.44682e-38	1.43134e-31	1.99037e-25	2.21013e-23	3.75095e-17	1.64992e-17	3.6751e-13	1.29737e-08	5.60663e-10	3.24572e-09	0.000174052	0.999143	0.000683162	5.93318e-08	3.69819e-12	7.3772e-15	5.51451e-18	1.00695e-20	1.32329e-25	6.85442e-30	7.09774e-35	2.99549e-40	9.83642e-45	3.91019e-48	2.50725e-52	2.30795e-56	9.13635e-60	1.96541e-57	1.04863e-56	1.67608e-49	1.61047e-50	1.30077e-48	3.4466e-44	6.81289e-45	9.61316e-45	1.00587e-42	1.11002e-38	1.39235e-38	6.63181e-38	3.20721e-37	4.08886e-37	
N81	6.83887e-38	6.98292e-32	3.18022e-26	9.19368e-24	4.39509e-18	1.87816e-17	2.04611e-13	2.75277e-09	8.56136e-10	1.51373e-08	0.000351723	0.998706	0.000942019	1.25466e-07	1.39164e-11	3.23594e-13	1.26558e-15	2.91104e-17	7.2418e-22	1.75045e-25	3.89788e-30	3.66732e-35	7.4046e-39	4.84671e-41	2.13245e-44	1.51102e-47	9.73595e-50	7.16169e-55	6.06388e-59	9.83814e-63	6.43628e-68	5.35239e-72	4.22623e-77	1.17943e-81	2.96943e-85	1.01627e-87	9.43752e-92	1.34014e-95	9.96504e-99	1.40078e-101	1.78846e-105	
Chaafr	0	0	0	0	0	0	0	0	0	0	0	1	0	0	0	0	0	0	0	0	0	0	0	0	0	0	0	0	0	0	0	0	0	0	0	0	0	0	0	0	0	
Chacha	0	0	0	0	0	0	0	0	0	0	0	1	0	0	0	0	0	0	0	0	0	0	0	0	0	0	0	0	0	0	0	0	0	0	0	0	0	0	0	0	0	
N82	7.23446e-38	8.25525e-32	4.21428e-26	9.56988e-24	5.17154e-18	1.30449e-17	1.55576e-13	3.13442e-09	1.21184e-09	1.56842e-08	0.000362218	0.998724	0.000913666	1.20091e-07	1.46537e-11	2.03107e-13	6.18425e-16	7.705e-18	1.93557e-22	3.17231e-26	6.85005e-31	6.6033e-36	1.0678e-39	3.93703e-42	1.33368e-45	6.71482e-49	2.14872e-51	1.51048e-56	8.37909e-61	7.85307e-65	4.45857e-70	2.31554e-74	1.55682e-79	2.9741e-84	4.46059e-88	6.58938e-91	3.7229e-95	2.92644e-99	1.07519e-102	5.30381e-106	3.24252e-110	
Chacaly	0	0	0	0	0	0	0	0	0	0	0	1	0	0	0	0	0	0	0	0	0	0	0	0	0	0	0	0	0	0	0	0	0	0	0	0	0	0	0	0	0	
Chazey	0	0	0	0	0	0	0	0	0	0	0	1	0	0	0	0	0	0	0	0	0	0	0	0	0	0	0	0	0	0	0	0	0	0	0	0	0	0	0	0	0	
N83	2.93739e-33	7.62849e-28	8.66909e-23	2.49138e-20	2.04947e-15	2.21235e-14	6.98226e-11	2.28118e-07	2.70382e-08	2.81705e-07	0.0014232	0.993934	0.00463962	2.76574e-06	1.0124e-09	4.56699e-11	4.28994e-13	2.57224e-14	2.74035e-18	2.98545e-21	2.84663e-25	9.94666e-30	5.49182e-33	6.96512e-35	7.00497e-38	1.34523e-40	2.43569e-42	6.68346e-47	2.25195e-50	1.66993e-53	4.27057e-58	1.27645e-61	3.72686e-66	3.09816e-70	1.95997e-73	1.40585e-75	2.92961e-79	1.26186e-82	2.4318e-85	9.69813e-88	4.10951e-91	
Chadil	0	0	0	0	0	0	0	0	0	0	0	1	0	0	0	0	0	0	0	0	0	0	0	0	0	0	0	0	0	0	0	0	0	0	0	0	0	0	0	0	0	
Chasen	0	0	0	0	0	0	0	0	0	0	0	1	0	0	0	0	0	0	0	0	0	0	0	0	0	0	0	0	0	0	0	0	0	0	0	0	0	0	0	0	0	
Chanam	0	0	0	0	0	0	0	0	0	0	0	1	0	0	0	0	0	0	0	0	0	0	0	0	0	0	0	0	0	0	0	0	0	0	0	0	0	0	0	0	0	
N84	3.12728e-29	1.74997e-26	6.66777e-24	2.77832e-22	8.75336e-20	2.84959e-16	4.06067e-13	1.77247e-10	1.41967e-08	1.10198e-05	0.00371999	0.889412	0.0194488	0.000106886	1.9456e-06	9.21747e-05	0.00028883	0.0850986	0.00130914	0.00050895	1.6272e-06	8.27882e-10	2.14691e-11	4.83254e-11	1.54962e-12	5.11811e-13	2.5488e-11	6.75935e-14	7.98072e-15	1.61739e-15	1.46864e-18	4.70081e-20	1.97599e-23	9.24157e-26	3.11676e-27	5.38366e-27	3.64235e-29	4.75797e-31	2.98332e-32	1.76566e-32	1.98236e-34	
Riebrev	0	0	0	0	0	0	0	0	0	0	0	0	0	0	0	0	0	0	0	0	0	0	0	0	0	0	0	0	0	0	1	0	0	0	0	0	0	0	0	0	0	
N85	1.45425e-38	2.53043e-32	2.21905e-26	8.25006e-24	1.20397e-18	4.15698e-17	1.31875e-11	3.53602e-12	7.2134e-13	3.52747e-08	0.000548855	1.17884e-05	4.42005e-09	1.39486e-10	3.07825e-07	0.00109128	0.986666	0.0116748	6.97885e-06	2.47068e-09	3.90859e-13	2.90129e-17	4.22578e-21	1.50529e-24	2.5804e-28	4.36736e-32	7.70475e-36	2.13327e-40	7.49001e-45	2.70462e-49	3.9589e-54	3.0355e-53	1.34078e-55	4.9863e-58	4.81822e-59	1.56274e-56	1.2568e-58	1.44099e-60	2.56223e-62	2.86485e-64	9.39979e-65	
N86	2.3346e-50	1.63002e-42	4.13963e-35	9.85376e-32	2.83889e-25	4.5777e-23	1.43838e-16	8.04602e-18	4.14208e-18	6.83518e-12	2.51913e-06	4.47118e-09	6.23483e-14	9.97123e-16	3.88409e-10	6.04721e-05	0.999282	0.000655338	2.01292e-08	1.74017e-13	6.92569e-19	7.61755e-23	1.19173e-26	4.89281e-29	4.67749e-30	7.99493e-32	6.30074e-34	3.74655e-37	2.29285e-39	2.08285e-42	6.61204e-46	2.25773e-48	4.41616e-50	5.27957e-52	1.27382e-53	3.38955e-54	1.13307e-55	9.99327e-58	1.54305e-59	3.26554e-62	2.61559e-64	
N87	6.42487e-44	3.75198e-39	1.20507e-34	2.4227e-33	2.80482e-28	1.52798e-25	4.02942e-19	5.47452e-20	3.82666e-19	5.55105e-13	1.92806e-07	1.89141e-10	1.75002e-15	2.90829e-16	2.23803e-10	4.72945e-05	0.999626	0.000326682	6.79823e-09	3.72097e-14	9.51731e-20	3.72443e-22	3.57047e-25	9.06832e-27	4.32761e-29	4.97449e-33	2.04668e-37	3.18288e-41	4.51998e-42	3.12837e-43	2.66957e-47	9.49157e-50	2.84511e-50	6.95678e-52	2.88773e-53	5.25353e-53	1.21461e-53	1.50698e-55	3.48075e-57	1.6782e-60	1.71572e-62	
Braset	0	0	0	0	0	0	0	0	0	0	0	0	0	0	0	0	1	0	0	0	0	0	0	0	0	0	0	0	0	0	0	0	0	0	0	0	0	0	0	0	0	
N88	3.54238e-43	1.46582e-38	3.4516e-34	6.74687e-33	3.97211e-30	1.94519e-27	6.03675e-21	3.81622e-20	1.60703e-19	6.74108e-14	6.58525e-09	3.49151e-12	3.57443e-16	5.52881e-15	1.53323e-09	0.000119566	0.999603	0.000277723	1.03505e-08	1.23635e-13	1.22016e-18	9.61793e-21	1.48339e-23	2.08067e-25	7.13174e-28	1.17102e-31	8.57817e-37	1.65986e-42	3.43432e-47	7.30688e-53	6.30262e-59	3.83723e-60	1.09132e-60	2.391e-62	1.4027e-62	1.75129e-57	1.76773e-56	1.82502e-56	3.47437e-56	1.31063e-57	1.98198e-56	
N89	1.66039e-57	1.13598e-49	3.39844e-42	8.956e-39	3.66261e-32	8.85597e-30	8.51412e-23	1.94689e-23	2.04553e-23	2.92888e-17	8.15552e-12	5.12838e-15	3.77885e-17	2.28647e-16	1.92591e-10	4.23632e-05	0.99988	7.81084e-05	8.56877e-10	3.11765e-15	1.33281e-20	5.11955e-24	6.9854e-28	2.66825e-31	2.19692e-35	1.98561e-40	1.35793e-46	1.67622e-53	2.754e-60	6.27936e-38	2.37851e-39	1.3025e-39	1.56428e-38	3.57673e-38	1.12207e-37	1.84583e-36	6.55008e-36	7.11694e-36	1.23374e-35	1.2071e-36	9.27794e-37	
Bramel	0	0	0	0	0	0	0	0	0	0	0	0	0	0	0	0	1	0	0	0	0	0	0	0	0	0	0	0	0	0	0	0	0	0	0	0	0	0	0	0	0	
Bratha	0	0	0	0	0	0	0	0	0	0	0	0	0	0	0	0	1	0	0	0	0	0	0	0	0	0	0	0	0	0	0	0	0	0	0	0	0	0	0	0	0	
N90	7.02332e-55	1.29327e-47	1.1721e-40	4.34853e-37	5.98907e-31	1.98759e-28	5.93069e-22	9.06959e-22	1.71388e-21	6.79671e-16	5.78487e-11	3.3438e-14	8.34501e-16	7.62628e-15	1.94142e-09	0.000134505	0.999614	0.000251718	8.88794e-09	1.03734e-13	1.38723e-18	3.66961e-21	2.81689e-24	9.61514e-27	8.10434e-30	6.55096e-34	3.89072e-39	6.70316e-45	5.78455e-50	9.97148e-56	7.81029e-62	9.96903e-67	3.38101e-70	1.25351e-74	5.10723e-79	1.17705e-82	4.07526e-87	2.03534e-92	1.04734e-97	9.88804e-105	2.89512e-111	
Bradra	0	0	0	0	0	0	0	0	0	0	0	0	0	0	0	0	1	0	0	0	0	0	0	0	0	0	0	0	0	0	0	0	0	0	0	0	0	0	0	0	0	
Bratra	0	0	0	0	0	0	0	0	0	0	0	0	0	0	0	0	1	0	0	0	0	0	0	0	0	0	0	0	0	0	0	0	0	0	0	0	0	0	0	0	0	
N91	4.36213e-50	4.03011e-43	1.85721e-36	3.99052e-33	3.01675e-27	6.17415e-25	1.04972e-18	1.13315e-18	1.39811e-18	3.17084e-13	1.55932e-08	9.80039e-12	6.56151e-15	3.74421e-14	5.58379e-09	0.00022777	0.999337	0.000435487	2.66303e-08	5.38227e-13	1.19949e-17	2.3116e-20	1.8975e-23	4.66927e-26	2.91818e-29	2.59404e-33	2.62826e-38	7.84275e-44	7.91245e-49	2.27495e-54	3.02978e-60	4.17056e-65	1.0187e-68	4.17286e-73	1.82262e-77	3.02276e-81	7.93412e-86	4.50496e-91	2.44841e-96	4.00551e-103	1.37802e-109	
Bragut	0	0	0	0	0	0	0	0	0	0	0	0	0	0	0	0	1	0	0	0	0	0	0	0	0	0	0	0	0	0	0	0	0	0	0	0	0	0	0	0	0	
Braven	0	0	0	0	0	0	0	0	0	0	0	0	0	0	0	0	1	0	0	0	0	0	0	0	0	0	0	0	0	0	0	0	0	0	0	0	0	0	0	0	0	
N92	1.82116e-42	3.71694e-36	3.51356e-30	4.14693e-27	5.2145e-22	3.96419e-20	6.14905e-15	8.52489e-15	1.4756e-14	8.93585e-10	1.35218e-05	7.3395e-08	1.08905e-11	1.6697e-12	6.50748e-08	0.000771366	0.996342	0.00287197	8.49657e-07	7.43837e-11	3.80479e-15	1.0066e-17	2.51945e-20	2.1998e-22	4.73495e-25	1.58194e-28	1.30297e-32	1.98932e-37	1.2488e-41	2.02201e-46	1.32282e-51	5.29843e-56	3.37498e-59	7.86567e-63	2.51467e-66	4.03466e-69	1.15602e-72	1.03165e-76	1.37815e-80	1.74018e-85	1.09861e-89	
Brapum	0	0	0	0	0	0	0	0	0	0	0	0	0	0	0	0	1	0	0	0	0	0	0	0	0	0	0	0	0	0	0	0	0	0	0	0	0	0	0	0	0	
Bradam	0	0	0	0	0	0	0	0	0	0	0	0	0	0	0	0	1	0	0	0	0	0	0	0	0	0	0	0	0	0	0	0	0	0	0	0	0	0	0	0	0	
