NODE	1	2	3	4	5	6	7	8	9	10	11	12	13	14	15	16	17	18	19	20	21	22	23	24	25	26	27	28	29	30	31	32	33	34	35	36	37	38	39	40	41	
N1	2.08793e-30	2.01714e-27	1.09113e-24	2.29812e-22	2.97307e-20	2.64987e-19	9.1806e-19	9.00878e-17	4.58538e-15	1.5539e-14	2.76339e-14	9.21224e-14	8.60122e-14	2.941e-14	1.44478e-13	4.35727e-12	4.73228e-11	1	5.57186e-11	9.48277e-12	6.57464e-13	2.28606e-14	4.581e-16	5.82428e-18	5.03578e-20	3.11898e-22	1.44059e-24	5.1227e-27	1.43915e-29	3.26304e-32	6.07845e-35	9.44473e-38	1.24007e-40	1.39136e-43	1.3472e-46	1.13543e-49	8.39348e-53	5.47933e-56	3.17801e-59	1.64666e-62	7.79277e-66	
N2	1.32663e-32	6.50058e-30	3.11104e-27	8.54946e-25	8.26781e-23	1.66616e-21	5.87023e-20	9.91996e-18	2.55362e-15	1.50367e-13	2.34247e-12	8.52361e-11	2.95976e-09	4.82781e-08	2.32622e-06	0.000395167	0.0337077	0.7222	0.229778	0.0136542	0.000259253	2.30989e-06	1.23882e-07	1.23619e-07	3.82108e-08	5.259e-09	1.03817e-09	3.78628e-12	4.19923e-14	1.62603e-16	9.76403e-19	1.99648e-19	3.20676e-21	4.19134e-22	4.77065e-24	3.14377e-25	2.10245e-28	1.69793e-30	6.28537e-34	4.82574e-36	3.3777e-38	
N3	6.15275e-38	1.2314e-33	1.29599e-29	7.72598e-26	1.03447e-22	7.90566e-21	6.33707e-19	1.96646e-15	2.90807e-12	2.15755e-11	2.0491e-11	1.47994e-09	1.2424e-08	8.38294e-09	2.15345e-07	0.000107007	0.0178086	0.471252	0.466821	0.0431735	0.000832344	5.4928e-06	3.65727e-08	1.13635e-09	1.7159e-11	1.72394e-13	1.2934e-15	1.74931e-18	2.94286e-21	4.2742e-24	4.24891e-27	2.15876e-29	2.63763e-32	8.80495e-35	6.06739e-38	1.07605e-40	2.08703e-44	1.62103e-47	1.75696e-51	9.07379e-55	2.13332e-58	
N4	5.3952e-38	5.29602e-34	3.53919e-30	1.38977e-26	1.23293e-23	1.76407e-21	3.22954e-19	2.92244e-16	8.75935e-14	7.14123e-13	2.05047e-12	5.19492e-11	4.51295e-10	3.35785e-09	5.83442e-07	0.000201446	0.0230033	0.455733	0.468762	0.0510544	0.00123519	1.00098e-05	4.23011e-08	2.30032e-09	2.3143e-10	8.60823e-12	6.57693e-13	3.28436e-15	3.19527e-17	1.04802e-19	7.74579e-23	1.81253e-24	6.20044e-27	2.98789e-28	4.5348e-31	1.42011e-32	4.25957e-36	6.78527e-38	9.11225e-42	5.85084e-44	1.87591e-47	
B3088	0	0	0	0	0	0	0	0	0	0	0	0	0	0	0	0	0	1	0	0	0	0	0	0	0	0	0	0	0	0	0	0	0	0	0	0	0	0	0	0	0	
N5	1.17634e-34	1.58738e-31	2.15179e-28	1.69957e-25	4.34476e-23	7.17779e-21	1.37194e-18	2.90057e-16	2.66023e-14	3.53034e-13	4.14149e-12	1.28039e-10	2.2593e-09	4.24027e-08	4.83698e-06	0.000691557	0.0379722	0.457389	0.444688	0.0572813	0.00194734	2.5213e-05	1.70058e-07	1.17442e-08	2.14851e-09	1.70934e-10	2.69618e-11	3.74082e-13	8.77125e-15	8.13535e-17	1.65823e-19	7.5645e-21	7.27932e-23	8.58395e-24	4.30286e-26	3.45172e-27	4.07108e-30	1.85736e-31	9.47147e-35	1.85997e-36	2.13877e-39	
BGA709	0	0	0	0	0	0	0	0	0	0	0	0	0	0	0	0	0	1	0	0	0	0	0	0	0	0	0	0	0	0	0	0	0	0	0	0	0	0	0	0	0	
BGA309	0	0	0	0	0	0	0	0	0	0	0	0	0	0	0	0	0	1	0	0	0	0	0	0	0	0	0	0	0	0	0	0	0	0	0	0	0	0	0	0	0	
N6	6.64469e-38	8.85987e-34	6.5332e-30	2.16785e-26	9.14717e-24	1.89707e-21	9.25406e-20	2.17244e-16	2.45493e-13	5.45958e-13	1.11463e-12	2.3124e-10	1.1894e-09	7.31389e-10	4.17169e-08	3.71296e-05	0.0109124	0.533836	0.432057	0.0229157	0.000240739	8.23325e-07	1.41206e-09	1.14604e-11	1.51248e-13	1.31944e-15	1.17207e-17	1.82335e-20	3.52657e-23	3.7548e-26	1.39814e-29	4.56224e-32	4.61935e-35	2.03773e-37	1.23634e-40	3.2373e-43	6.4019e-47	9.33365e-50	8.38944e-54	6.1816e-57	8.51223e-61	
N7	2.47251e-34	6.32059e-31	1.30896e-27	1.65448e-24	3.27219e-22	7.34018e-20	1.36548e-17	1.13338e-14	3.837e-12	1.12597e-11	5.54235e-11	3.37691e-09	9.33951e-09	1.42804e-08	1.62639e-06	0.000436168	0.0405077	0.679109	0.266044	0.0137037	0.000197102	1.14531e-06	4.12245e-09	7.64099e-11	1.99689e-12	3.908e-14	6.80841e-16	2.72512e-18	1.21629e-20	3.17255e-23	3.70057e-26	3.10765e-28	9.50254e-31	9.78641e-33	2.07984e-35	1.2257e-37	9.41417e-41	3.16631e-43	1.10096e-46	1.90269e-49	1.0034e-52	
B11696	0	0	0	0	0	0	0	0	0	0	0	0	0	0	0	0	0	1	0	0	0	0	0	0	0	0	0	0	0	0	0	0	0	0	0	0	0	0	0	0	0	
B11609	0	0	0	0	0	0	0	0	0	0	0	0	0	0	0	0	0	1	0	0	0	0	0	0	0	0	0	0	0	0	0	0	0	0	0	0	0	0	0	0	0	
N8	6.77394e-45	7.77205e-40	3.74655e-35	5.46685e-31	1.15196e-27	6.52784e-25	2.37722e-23	2.61532e-19	1.10837e-15	1.74082e-15	3.09364e-15	1.57234e-12	1.01921e-11	6.03457e-12	1.80918e-09	6.4229e-06	0.00588027	0.576709	0.404294	0.0130483	6.19381e-05	7.76466e-08	3.84267e-11	1.35375e-13	1.48647e-15	5.86347e-18	4.67115e-20	2.83109e-23	2.72941e-26	1.14957e-29	1.42658e-31	4.27657e-32	1.602e-33	9.00196e-34	1.71517e-35	7.43695e-36	3.71689e-38	1.02126e-38	2.42374e-41	3.21577e-42	1.92563e-44	
N9	2.80598e-37	1.80528e-34	7.14749e-32	1.66974e-29	4.78344e-28	1.4053e-26	3.93395e-24	1.98094e-20	2.46367e-17	5.64885e-17	2.63894e-16	5.96392e-14	6.65013e-13	3.99543e-12	3.62413e-09	9.61006e-06	0.00694945	0.588126	0.392594	0.0122625	5.91637e-05	7.94171e-08	4.25266e-11	5.68065e-13	5.06474e-14	6.28204e-16	4.19198e-17	8.26835e-20	3.27973e-22	3.0055e-25	3.15356e-29	1.89245e-31	1.71419e-34	9.72213e-36	3.61798e-39	1.45491e-40	6.14931e-45	1.30533e-46	2.08506e-51	1.365e-53	7.75522e-58	
N10	6.43567e-40	2.80093e-36	1.11082e-32	2.85473e-29	1.52974e-26	7.53705e-24	4.07287e-21	5.65734e-18	3.13527e-15	3.66421e-14	4.79543e-13	4.18982e-11	4.00224e-10	2.55232e-09	5.28658e-07	0.000203955	0.0271273	0.627798	0.330042	0.014665	0.000162322	6.84823e-07	1.65762e-09	7.96193e-11	6.20829e-12	2.30619e-13	1.3207e-14	6.54639e-17	5.16938e-19	1.24143e-21	8.55112e-25	1.3636e-26	6.30741e-29	2.37582e-30	7.34508e-33	1.61415e-34	8.65928e-38	1.01534e-39	2.15954e-43	8.46835e-46	3.64745e-49	
B983	0	0	0	0	0	0	0	0	0	0	0	0	0	0	0	0	0	1	0	0	0	0	0	0	0	0	0	0	0	0	0	0	0	0	0	0	0	0	0	0	0	
B11604	0	0	0	0	0	0	0	0	0	0	0	0	0	0	0	0	0	1	0	0	0	0	0	0	0	0	0	0	0	0	0	0	0	0	0	0	0	0	0	0	0	
N11	3.71979e-37	2.86782e-33	1.49846e-29	4.30843e-26	1.30566e-23	5.40522e-21	1.01983e-18	1.63097e-15	1.04205e-12	1.99682e-12	1.01973e-11	1.2551e-09	2.46412e-09	2.18675e-09	3.51786e-07	0.00017292	0.0283362	0.769458	0.196329	0.00565969	4.38965e-05	1.35782e-07	2.67697e-10	3.62224e-12	6.30859e-14	7.80341e-16	8.87629e-18	2.05278e-20	5.49216e-23	7.66459e-26	4.73593e-29	2.58227e-31	4.83226e-34	3.33592e-36	4.37352e-39	1.68693e-41	7.14764e-45	1.54046e-47	2.82932e-51	2.8591e-54	8.34663e-58	
BGAA1	0	0	0	0	0	0	0	0	0	0	0	0	0	0	0	0	0	1	0	0	0	0	0	0	0	0	0	0	0	0	0	0	0	0	0	0	0	0	0	0	0	
BGA584	0	0	0	0	0	0	0	0	0	0	0	0	0	0	0	0	0	1	0	0	0	0	0	0	0	0	0	0	0	0	0	0	0	0	0	0	0	0	0	0	0	
N12	7.00671e-37	3.94858e-33	1.65422e-29	3.97784e-26	1.24532e-23	4.46568e-21	1.0538e-18	1.33388e-15	6.70316e-13	1.99294e-12	1.15835e-11	1.05139e-09	3.00506e-09	4.40373e-09	6.5796e-07	0.00025184	0.0325898	0.717492	0.240553	0.00902083	9.07713e-05	3.63237e-07	9.13543e-10	1.74459e-11	4.44989e-13	7.84166e-15	1.31738e-16	4.15913e-19	1.56021e-21	2.87834e-24	2.24135e-27	1.70664e-29	4.42024e-32	4.56248e-34	8.34928e-37	4.79491e-39	2.66174e-42	8.49693e-45	2.00852e-48	2.89019e-51	1.11073e-54	
BGA303	0	0	0	0	0	0	0	0	0	0	0	0	0	0	0	0	0	1	0	0	0	0	0	0	0	0	0	0	0	0	0	0	0	0	0	0	0	0	0	0	0	
BGAB1	0	0	0	0	0	0	0	0	0	0	0	0	0	0	0	0	0	1	0	0	0	0	0	0	0	0	0	0	0	0	0	0	0	0	0	0	0	0	0	0	0	
PGA445	0	0	0	0	0	0	0	0	0	0	0	0	0	0	0	0	0	1	0	0	0	0	0	0	0	0	0	0	0	0	0	0	0	0	0	0	0	0	0	0	0	
N13	1.36883e-38	4.84668e-34	5.32323e-30	2.81279e-26	5.404e-24	7.07837e-21	7.46823e-19	5.7154e-15	1.39418e-11	1.15473e-10	3.6288e-08	2.26818e-06	3.66888e-06	1.81642e-05	0.00214389	0.0849684	0.628845	0.283065	0.000952639	5.83879e-07	1.21282e-10	1.25329e-14	6.69494e-18	5.3737e-20	1.43414e-22	1.94376e-25	3.25571e-28	1.53539e-32	1.80906e-36	9.20775e-41	6.60681e-45	1.0878e-47	7.82613e-50	1.97987e-49	3.57489e-51	4.52963e-52	2.462e-54	3.35748e-55	8.56166e-57	1.01266e-55	1.08959e-54	
N14	4.42915e-32	9.59105e-29	2.92205e-25	5.39437e-22	7.00481e-19	2.04946e-16	4.97174e-14	2.511e-11	1.07697e-08	2.25293e-06	0.00017117	0.00453533	0.0457944	0.193068	0.358506	0.292833	0.0959735	0.00907126	4.4529e-05	8.10184e-08	7.42335e-11	4.80177e-14	3.50626e-16	2.93161e-17	7.40927e-19	7.71996e-21	1.403e-22	7.49586e-26	1.56766e-28	1.44742e-31	3.44731e-33	2.26507e-32	1.59554e-32	1.00112e-31	2.07839e-32	4.25126e-32	5.2122e-34	9.86693e-35	5.27301e-37	5.52607e-38	3.97243e-39	
Rhaspe	0	0	0	0	0	0	0	0	0	1	0	0	0	0	0	0	0	0	0	0	0	0	0	0	0	0	0	0	0	0	0	0	0	0	0	0	0	0	0	0	0	
N15	1.06069e-28	1.10522e-25	1.52875e-22	1.39231e-19	7.52034e-17	1.92203e-14	3.95348e-12	9.18438e-10	1.69864e-07	1.68703e-05	0.000708305	0.0117937	0.0820848	0.253559	0.358561	0.228693	0.0598089	0.00473912	3.50529e-05	1.05829e-07	2.26474e-10	7.31263e-12	4.06279e-13	8.18297e-14	2.50289e-15	7.68615e-17	2.53878e-18	6.11626e-21	5.54126e-23	6.63733e-24	1.85719e-26	5.81451e-27	8.22234e-30	1.94167e-30	1.16317e-33	1.77484e-34	3.96034e-38	1.09755e-39	2.07232e-43	2.808e-45	3.10842e-47	
Rhamar	0	0	0	0	0	0	0	0	0	1	0	0	0	0	0	0	0	0	0	0	0	0	0	0	0	0	0	0	0	0	0	0	0	0	0	0	0	0	0	0	0	
Rhatem	0	0	0	0	0	0	0	0	0	0	1	0	0	0	0	0	0	0	0	0	0	0	0	0	0	0	0	0	0	0	0	0	0	0	0	0	0	0	0	0	0	
N16	6.7648e-45	2.55504e-39	2.3234e-34	3.15445e-29	5.67465e-27	1.94912e-23	5.87689e-20	1.95231e-15	1.01192e-12	9.00236e-13	1.91057e-10	9.23047e-09	5.34866e-08	1.4228e-06	0.000448348	0.0597615	0.638324	0.299209	0.002253	2.53491e-06	1.68025e-08	1.62335e-10	7.18893e-13	4.56117e-15	2.90817e-18	3.5136e-21	1.57548e-24	1.03983e-27	4.69587e-31	1.89484e-30	1.33456e-32	1.14817e-32	2.53291e-35	1.42405e-35	1.69047e-38	5.58484e-39	3.56975e-42	1.79678e-43	1.4641e-46	4.3283e-48	1.01926e-48	
N17	1.15695e-38	7.38537e-34	2.11033e-29	1.2998e-25	3.81655e-22	3.0351e-19	2.10606e-17	2.08995e-14	1.16584e-11	2.35908e-10	3.89276e-09	1.09569e-06	1.58167e-05	2.65583e-05	0.00100321	0.0561413	0.544874	0.381207	0.0166229	0.000107483	2.15042e-07	1.00532e-09	1.2094e-11	1.54157e-13	4.10658e-16	7.48954e-19	7.19749e-22	1.71716e-25	8.67129e-29	1.92286e-31	9.49454e-35	1.9123e-37	3.93572e-41	1.1303e-43	5.06383e-46	2.72787e-47	1.28303e-49	3.52903e-51	8.35016e-54	7.84303e-55	1.37662e-54	
N18	1.41144e-31	4.70964e-28	1.29345e-24	7.87691e-22	5.50333e-19	3.19588e-16	1.8924e-14	8.81792e-13	3.22991e-11	1.79132e-09	2.02162e-07	1.52755e-05	0.000433176	0.00853411	0.0915475	0.363206	0.431834	0.101591	0.00281815	2.06636e-05	6.1564e-08	1.0074e-10	4.49749e-13	3.61981e-14	1.02805e-15	1.4053e-17	2.66224e-19	4.0343e-22	1.64469e-24	2.77652e-27	4.34545e-30	1.2682e-31	3.62592e-34	7.34165e-36	7.09224e-39	9.24193e-41	2.282e-44	1.19977e-46	1.73422e-50	4.04227e-53	2.23631e-56	
FGA379	0	0	0	0	0	0	0	0	0	0	0	0	0	0	0	0	1	0	0	0	0	0	0	0	0	0	0	0	0	0	0	0	0	0	0	0	0	0	0	0	0	
N19	3.57012e-30	1.06412e-26	2.6812e-23	1.21884e-20	1.37022e-17	1.02986e-14	1.99662e-13	7.292e-12	3.99787e-10	1.10434e-07	5.66182e-05	0.00925058	0.149299	0.413416	0.326708	0.0915866	0.0093826	0.000298444	2.04752e-06	5.05883e-09	5.99474e-12	4.28261e-15	6.68938e-18	1.29671e-19	9.89768e-22	5.04451e-24	3.1486e-26	2.47713e-29	4.40706e-32	5.31603e-35	4.72859e-38	4.69499e-40	5.20064e-43	3.86711e-45	1.83493e-48	9.04655e-51	1.46153e-54	3.80338e-57	7.67373e-61	5.71723e-63	1.22021e-65	
N20	6.9867e-32	1.8972e-27	3.6541e-23	1.49762e-20	5.65338e-17	3.0715e-13	2.46176e-12	2.51852e-10	1.43562e-09	4.42806e-07	0.000263319	0.0744648	0.483911	0.391991	0.0478869	0.00146915	1.34686e-05	3.71063e-08	3.13826e-11	1.1415e-14	4.54647e-18	6.30818e-21	1.14807e-23	2.84624e-26	1.38954e-29	1.14431e-32	5.17089e-36	4.74091e-39	1.32919e-39	1.0231e-37	4.63076e-37	1.91268e-37	1.3599e-38	9.69035e-39	3.52054e-39	5.65846e-38	3.95211e-39	4.36184e-40	1.89698e-42	1.29013e-43	1.3637e-44	
N21	5.35305e-35	5.25633e-30	3.11609e-25	2.58116e-22	1.8298e-18	8.95186e-15	3.07281e-14	1.13213e-11	4.04693e-10	5.51378e-07	0.00106002	0.217714	0.629954	0.146568	0.0046716	3.10937e-05	5.3057e-08	2.52612e-11	3.90756e-15	3.16808e-19	6.83416e-22	7.01659e-25	5.7804e-28	1.51028e-28	4.93477e-29	8.16968e-30	1.74128e-31	1.10632e-31	7.56895e-34	1.01139e-33	3.0337e-36	2.95125e-36	4.94385e-39	2.96337e-39	3.3241e-42	1.01483e-42	8.89252e-46	1.26287e-46	2.00647e-49	1.42229e-50	7.83929e-51	
F3015	0	0	0	0	0	0	0	0	0	0	1	0	0	0	0	0	0	0	0	0	0	0	0	0	0	0	0	0	0	0	0	0	0	0	0	0	0	0	0	0	0	
N22	3.34568e-33	1.72139e-30	8.26216e-27	9.92488e-24	9.59975e-20	6.90389e-16	1.07431e-14	8.67028e-12	9.306e-10	7.24224e-07	0.00148417	0.290566	0.628883	0.0779951	0.00106839	2.59948e-06	1.52094e-09	2.90193e-13	1.67836e-16	3.97646e-19	2.75143e-21	1.29994e-24	1.46576e-27	1.00597e-30	7.84552e-35	1.28703e-36	5.14368e-41	7.59729e-43	4.92502e-46	1.16682e-43	2.9371e-44	2.49196e-44	4.93366e-47	1.88326e-47	1.52893e-49	2.90541e-48	1.26449e-49	7.62242e-50	5.53801e-51	1.7788e-52	1.09054e-52	
N23	3.89075e-36	3.16899e-31	1.70516e-26	2.81454e-23	3.7807e-19	5.64675e-15	8.19e-14	2.49935e-11	4.14492e-10	3.92445e-07	0.000887067	0.349073	0.607043	0.0427278	0.000267769	2.96994e-07	9.9996e-11	2.55036e-13	1.22623e-15	3.75592e-18	1.18856e-20	3.82228e-24	3.37983e-27	1.82689e-29	1.98272e-33	3.12591e-35	9.59672e-40	7.91311e-42	1.24648e-46	1.73763e-44	4.79678e-44	8.98564e-45	1.92587e-47	1.81366e-48	6.30642e-49	2.08361e-46	1.93866e-47	1.34951e-47	1.03789e-48	2.78387e-50	7.07615e-51	
N24	1.11916e-39	9.26341e-34	3.99098e-28	2.23144e-25	1.09491e-20	1.07534e-15	1.35574e-15	1.34784e-12	1.41835e-11	1.88163e-07	0.0017888	0.629377	0.364874	0.00395774	2.13011e-06	1.96714e-10	5.99607e-15	2.14018e-18	1.51049e-21	3.66548e-25	7.69678e-29	1.11872e-33	1.15736e-37	1.95918e-37	6.70084e-39	1.9634e-39	1.65741e-42	1.90563e-43	6.57506e-47	2.45211e-48	6.19411e-52	8.97076e-54	1.94622e-57	1.56993e-59	1.46245e-62	9.32134e-64	7.38979e-67	5.0363e-68	5.08452e-70	1.93375e-72	5.06074e-74	
N25	5.12269e-36	6.84716e-34	7.38528e-29	1.59697e-25	2.9536e-21	2.92611e-17	1.87663e-15	9.72791e-13	4.96134e-10	1.91065e-06	0.00536604	0.646525	0.344742	0.00336253	1.74504e-06	2.24853e-10	2.57573e-13	2.10615e-14	2.47233e-17	3.88604e-20	8.63971e-24	3.20399e-27	1.22158e-30	2.04898e-31	3.81304e-33	1.73561e-32	1.17511e-35	5.77495e-36	2.58274e-39	2.73117e-40	1.23061e-43	6.81841e-45	4.45622e-47	2.01712e-48	7.16639e-50	1.56832e-49	7.85997e-53	5.34259e-53	3.35993e-54	5.82111e-56	7.83572e-57	
F1476	0	0	0	0	0	0	0	0	0	0	1	0	0	0	0	0	0	0	0	0	0	0	0	0	0	0	0	0	0	0	0	0	0	0	0	0	0	0	0	0	0	
N26	1.65123e-36	7.92321e-33	1.46988e-27	5.48499e-24	2.15501e-19	3.91317e-15	6.56753e-13	5.51488e-11	7.11006e-09	8.86321e-06	0.00813969	0.642816	0.343732	0.00529854	5.07126e-06	3.27037e-09	2.73891e-11	1.54805e-12	1.22233e-15	2.60232e-18	4.68857e-22	2.4411e-24	8.22214e-28	1.90804e-29	3.63149e-34	3.14899e-36	2.19342e-41	2.22794e-43	1.26758e-44	1.6933e-43	3.04107e-45	7.70971e-46	8.31399e-47	3.07754e-47	8.63122e-47	6.30155e-45	9.41691e-48	2.85959e-48	1.7616e-49	3.50033e-51	6.90604e-52	
Furcep	0	0	0	0	0	0	0	0	0	0	0	0	0	1	0	0	0	0	0	0	0	0	0	0	0	0	0	0	0	0	0	0	0	0	0	0	0	0	0	0	0	
N27	7.3403e-35	3.3931e-30	9.10974e-26	4.83746e-22	5.09036e-18	5.4105e-15	2.83245e-13	1.96433e-11	1.16938e-08	3.66415e-05	0.0419161	0.727827	0.228122	0.0020961	2.00496e-06	7.03848e-10	8.26985e-13	2.94676e-14	1.30928e-16	4.4092e-19	4.59172e-22	1.36951e-25	1.6181e-28	5.8686e-30	7.80901e-34	2.12389e-35	4.29775e-40	3.22062e-42	3.6265e-47	4.82978e-50	4.30483e-55	3.49703e-58	6.26202e-63	1.07617e-65	1.00507e-69	1.02361e-71	1.15241e-76	4.83481e-79	2.21807e-82	2.92543e-86	2.26705e-89	
Furpol	0	0	0	0	0	0	0	0	0	0	0	1	0	0	0	0	0	0	0	0	0	0	0	0	0	0	0	0	0	0	0	0	0	0	0	0	0	0	0	0	0	
N28	1.32538e-32	5.78063e-28	1.38981e-23	8.08805e-20	8.28851e-16	2.00149e-13	1.95985e-11	5.29912e-10	8.3019e-07	0.00159828	0.55845	0.417626	0.0222572	6.76238e-05	5.15251e-08	1.6996e-11	1.84409e-14	2.87575e-16	5.27428e-19	8.96566e-22	3.82038e-25	3.23806e-28	2.60362e-31	1.77514e-33	2.79035e-37	1.12763e-39	3.83303e-44	3.59108e-47	7.26561e-52	2.91809e-55	3.94219e-60	1.16907e-63	5.9493e-68	2.00643e-71	4.32048e-75	8.16409e-78	1.51929e-82	1.12718e-85	2.4742e-89	2.3084e-93	8.75119e-97	
N29	1.73619e-32	9.24116e-28	2.5938e-23	1.90384e-19	2.3431e-15	4.3607e-13	6.59583e-11	9.27164e-10	1.56334e-06	0.00297054	0.843964	0.151434	0.00162773	2.06916e-06	8.36774e-10	5.687e-13	1.72454e-15	1.06167e-17	4.50585e-21	6.38005e-24	2.38706e-27	1.27574e-29	2.43053e-33	1.21536e-35	5.65919e-40	1.2238e-42	2.63548e-47	1.39419e-50	1.87715e-55	6.28256e-59	8.58404e-64	6.62053e-67	1.93396e-70	2.88528e-74	2.67445e-78	4.48063e-81	3.59487e-86	1.34247e-89	2.40976e-93	2.95993e-97	1.7885e-100	
F2241	0	0	0	0	0	0	0	0	0	0	1	0	0	0	0	0	0	0	0	0	0	0	0	0	0	0	0	0	0	0	0	0	0	0	0	0	0	0	0	0	0	
Furang	0	0	0	0	0	0	0	0	0	0	1	0	0	0	0	0	0	0	0	0	0	0	0	0	0	0	0	0	0	0	0	0	0	0	0	0	0	0	0	0	0	
FGA490	0	0	0	0	0	0	0	0	0	0	1	0	0	0	0	0	0	0	0	0	0	0	0	0	0	0	0	0	0	0	0	0	0	0	0	0	0	0	0	0	0	
N30	1.85877e-36	3.52591e-31	3.5945e-26	4.35105e-23	1.11983e-18	1.67363e-14	5.7321e-14	2.01652e-11	8.94842e-10	4.58342e-06	0.011612	0.829509	0.158403	0.000470315	1.97087e-07	2.65749e-11	1.17066e-14	1.29071e-16	1.28076e-19	9.30856e-23	1.42899e-26	2.77661e-30	7.81532e-34	2.75407e-36	1.19274e-40	2.42675e-43	1.70354e-48	6.80752e-52	7.17127e-56	3.2485e-55	1.65592e-56	3.04204e-58	2.02363e-60	1.37407e-61	3.44886e-62	8.6212e-61	1.06685e-62	9.24624e-64	1.38919e-65	7.45917e-68	1.90261e-69	
N31	1.88195e-35	2.24113e-30	1.59795e-25	3.18829e-22	4.97655e-18	2.937e-14	4.41256e-13	1.44441e-10	1.55812e-08	7.66781e-06	0.0137835	0.859049	0.126788	0.000371667	1.75492e-07	8.36488e-11	3.73037e-13	6.88609e-15	3.51844e-18	4.61249e-21	7.16896e-25	3.0457e-27	7.33504e-31	6.64663e-33	1.57152e-37	5.62822e-40	4.84288e-45	2.29622e-48	2.11847e-53	2.04179e-52	2.30074e-52	2.76671e-53	2.35722e-54	7.94881e-56	8.82303e-57	2.60704e-54	4.93443e-55	1.1422e-55	4.86737e-57	7.84575e-59	1.02086e-59	
N32	1.54623e-37	6.40841e-32	1.44178e-26	1.29238e-23	4.19453e-19	2.79169e-14	4.3295e-13	5.93809e-11	7.42081e-10	2.68945e-07	0.00160558	0.85568	0.141937	0.000776858	2.75511e-07	4.67286e-10	1.25543e-12	6.94856e-15	7.41416e-19	5.03356e-22	5.58403e-26	2.95939e-28	1.23528e-32	4.81776e-35	2.64694e-40	2.4674e-43	7.08662e-49	4.50347e-52	2.65566e-54	1.11497e-53	1.36405e-54	1.82496e-55	8.00978e-57	7.1979e-59	5.43784e-60	2.39315e-58	2.56866e-60	8.01398e-62	1.06902e-63	8.41118e-66	6.63691e-67	
N33	2.77849e-35	1.85433e-30	6.83599e-26	8.98267e-23	9.41842e-19	8.08546e-15	2.54419e-14	1.25351e-11	1.51255e-10	5.14122e-07	0.00192185	0.901373	0.0963921	0.000312185	1.48768e-07	3.89265e-11	9.22481e-14	4.0736e-15	4.25441e-18	8.04415e-21	2.14261e-24	3.09873e-27	1.64343e-30	3.45721e-32	1.09615e-36	1.11281e-38	1.09281e-43	2.03337e-46	1.2902e-51	6.06782e-55	3.14279e-60	1.66056e-63	1.20703e-67	3.24781e-71	5.08397e-75	2.7524e-77	1.03205e-82	1.37525e-85	3.23274e-89	2.27077e-93	1.16683e-96	
N34	4.08526e-33	1.75831e-28	4.40566e-24	4.53483e-21	3.93781e-17	2.75824e-13	5.74696e-13	1.88201e-10	8.18893e-10	1.53468e-06	0.0033225	0.957116	0.0394683	9.20052e-05	5.1166e-08	2.1284e-11	1.00982e-13	1.8267e-15	9.57512e-19	1.29998e-21	3.07986e-25	9.92265e-28	6.73816e-31	4.73609e-33	2.20304e-37	5.83819e-40	1.1744e-44	6.33004e-48	7.81261e-53	2.54644e-56	2.39619e-61	9.84779e-65	1.98864e-68	6.22755e-72	1.24927e-75	2.52602e-78	1.86234e-83	7.78205e-87	1.45917e-90	1.4018e-94	8.30634e-98	
FGA456	0	0	0	0	0	0	0	0	0	0	0	1	0	0	0	0	0	0	0	0	0	0	0	0	0	0	0	0	0	0	0	0	0	0	0	0	0	0	0	0	0	
FGA513	0	0	0	0	0	0	0	0	0	0	0	1	0	0	0	0	0	0	0	0	0	0	0	0	0	0	0	0	0	0	0	0	0	0	0	0	0	0	0	0	0	
F12278	0	0	0	0	0	0	0	0	0	0	0	1	0	0	0	0	0	0	0	0	0	0	0	0	0	0	0	0	0	0	0	0	0	0	0	0	0	0	0	0	0	
N35	9.82097e-32	3.50364e-27	7.70508e-23	9.41742e-20	5.49666e-16	3.47355e-12	3.45395e-10	5.74805e-09	1.28773e-07	8.71167e-06	0.00121806	0.590369	0.37903	0.0293196	5.4006e-05	2.45655e-07	4.48877e-09	1.41218e-10	5.23164e-14	9.33092e-17	5.81137e-20	8.33965e-22	9.38325e-25	9.14104e-27	4.72428e-31	6.38983e-34	2.06115e-38	1.10162e-41	2.04753e-46	9.7701e-50	2.2937e-54	4.15502e-57	2.1703e-60	1.01705e-63	3.00819e-67	7.71557e-70	7.3605e-75	1.7071e-78	2.87615e-82	8.46574e-86	1.28238e-88	
Furant	0	0	0	0	0	0	0	0	0	0	0	1	0	0	0	0	0	0	0	0	0	0	0	0	0	0	0	0	0	0	0	0	0	0	0	0	0	0	0	0	0	
FGA331	0	0	0	0	0	0	0	0	0	0	0	0	0	1	0	0	0	0	0	0	0	0	0	0	0	0	0	0	0	0	0	0	0	0	0	0	0	0	0	0	0	
FGA465	0	0	0	0	0	0	0	0	0	0	1	0	0	0	0	0	0	0	0	0	0	0	0	0	0	0	0	0	0	0	0	0	0	0	0	0	0	0	0	0	0	
N36	8.53654e-33	4.87671e-28	1.59291e-23	2.82684e-20	2.95614e-16	4.29043e-13	5.94968e-12	5.99532e-10	1.27873e-07	0.000321443	0.167219	0.800317	0.0320696	7.23689e-05	4.21867e-08	1.45711e-11	4.38296e-14	5.88879e-16	4.73621e-19	6.14554e-22	1.51392e-25	2.84983e-28	1.89594e-31	9.61296e-34	7.19107e-38	1.72817e-40	4.15608e-45	1.82072e-48	2.55096e-53	7.17245e-57	7.15971e-62	2.03564e-65	2.55545e-69	7.24935e-73	1.26813e-76	1.70962e-79	1.69939e-84	6.69896e-88	1.0456e-91	8.06925e-96	2.84862e-99	
FGA99	0	0	0	0	0	0	0	0	0	0	1	0	0	0	0	0	0	0	0	0	0	0	0	0	0	0	0	0	0	0	0	0	0	0	0	0	0	0	0	0	0	
N37	4.6092e-32	1.61665e-27	3.37981e-23	1.1132e-19	9.63051e-16	1.03429e-12	2.47364e-11	2.10101e-09	2.68838e-07	0.000393224	0.191109	0.793353	0.0151166	2.87335e-05	1.64051e-08	4.46459e-11	2.82094e-13	3.37398e-15	1.45891e-18	3.86125e-21	2.32584e-24	3.81662e-26	8.00235e-30	1.0038e-31	4.10662e-36	1.58356e-38	3.61409e-43	3.22944e-46	4.74431e-51	2.85956e-54	6.36148e-59	1.64333e-61	9.53839e-65	2.03539e-68	2.23723e-72	9.17029e-75	6.81721e-80	3.86065e-83	1.13297e-86	2.41606e-90	3.50305e-93	
FGA15	0	0	0	0	0	0	0	0	0	0	1	0	0	0	0	0	0	0	0	0	0	0	0	0	0	0	0	0	0	0	0	0	0	0	0	0	0	0	0	0	0	
FGA581	0	0	0	0	0	0	0	0	0	0	0	1	0	0	0	0	0	0	0	0	0	0	0	0	0	0	0	0	0	0	0	0	0	0	0	0	0	0	0	0	0	
FGA104	0	0	0	0	0	0	0	0	0	0	0	0	1	0	0	0	0	0	0	0	0	0	0	0	0	0	0	0	0	0	0	0	0	0	0	0	0	0	0	0	0	
FGA489	0	0	0	0	0	0	0	0	0	0	1	0	0	0	0	0	0	0	0	0	0	0	0	0	0	0	0	0	0	0	0	0	0	0	0	0	0	0	0	0	0	
FGA174	0	0	0	0	0	0	0	0	0	0	0	0	0	1	0	0	0	0	0	0	0	0	0	0	0	0	0	0	0	0	0	0	0	0	0	0	0	0	0	0	0	
FurbGB	0	0	0	0	0	0	0	0	0	0	0	1	0	0	0	0	0	0	0	0	0	0	0	0	0	0	0	0	0	0	0	0	0	0	0	0	0	0	0	0	0	
N38	7.23307e-39	1.4835e-34	1.83016e-30	1.22264e-26	1.04923e-23	4.53321e-21	1.47216e-18	5.201e-15	6.55978e-12	8.67798e-11	9.16234e-10	7.4981e-08	6.01667e-07	2.01767e-06	0.000259416	0.0278077	0.458608	0.478165	0.0347195	0.00042022	1.49448e-05	2.12978e-06	1.0418e-07	9.63299e-09	6.5849e-11	9.09735e-13	2.96001e-15	2.81957e-17	4.77611e-20	4.68323e-21	2.49772e-24	1.64745e-25	2.81931e-29	1.00322e-30	6.68955e-35	7.75996e-37	3.25869e-41	1.29288e-43	6.87676e-48	1.11831e-50	1.20538e-52	
N39	9.50194e-36	5.5673e-32	2.42966e-28	6.22713e-25	2.01501e-22	6.16231e-20	2.65779e-17	2.43481e-14	5.61111e-12	4.00352e-11	4.26641e-10	1.12578e-08	7.06301e-08	9.39814e-07	0.000117772	0.0149215	0.369379	0.547101	0.066898	0.0015642	1.69519e-05	6.2006e-07	3.19011e-08	4.08136e-09	9.09606e-11	1.6198e-12	1.65313e-14	2.81095e-17	1.60996e-19	4.51387e-21	1.68757e-23	7.83899e-25	1.02702e-27	3.00517e-29	1.08631e-32	1.46507e-34	2.71326e-38	1.38758e-40	1.92109e-44	5.40984e-47	1.70546e-49	
N40	4.621e-35	4.67456e-31	2.30723e-27	1.15284e-23	3.59946e-22	8.09428e-20	6.69602e-17	1.46336e-13	7.712e-12	6.80073e-12	5.815e-10	3.99084e-09	2.6591e-09	1.44078e-07	6.84416e-05	0.0184277	0.537063	0.423552	0.0206927	0.00019563	6.09621e-07	1.01321e-09	3.66401e-12	4.49746e-14	2.0789e-16	6.91555e-19	1.82871e-21	1.09902e-24	9.58056e-28	1.09362e-30	7.55454e-34	2.16541e-36	2.49834e-36	9.56408e-37	3.97689e-38	1.24138e-38	2.30411e-40	2.39844e-41	1.48946e-42	2.18699e-41	6.00579e-41	
CGA312	0	0	0	0	0	0	0	0	0	0	0	0	0	0	0	0	0	1	0	0	0	0	0	0	0	0	0	0	0	0	0	0	0	0	0	0	0	0	0	0	0	
N41	5.02407e-42	7.34206e-37	3.05584e-32	1.59928e-27	1.38782e-25	3.42957e-23	2.0588e-19	2.60032e-15	1.92892e-14	8.13059e-14	3.2748e-12	7.5642e-12	5.94277e-11	1.50054e-08	4.43822e-05	0.028369	0.656267	0.310553	0.00475823	8.3613e-06	3.61055e-09	6.09743e-13	1.06106e-16	2.70725e-19	5.11065e-22	3.84306e-25	5.92553e-28	5.40574e-32	1.50888e-35	1.37552e-39	3.8192e-44	2.19254e-43	3.59938e-43	4.33426e-43	2.20419e-45	1.87959e-45	5.33846e-48	2.68666e-48	4.45571e-49	1.44535e-47	5.1824e-49	
N42	2.83065e-50	9.25465e-44	3.701e-38	2.30323e-32	4.44157e-30	2.54931e-26	1.00238e-21	3.35387e-18	5.79496e-17	7.51994e-17	5.69644e-15	1.48517e-13	4.86479e-12	5.37587e-08	0.000483545	0.097738	0.838805	0.0629045	6.8792e-05	6.27273e-09	1.28534e-13	9.34392e-19	5.22863e-24	6.44736e-27	3.9281e-30	3.65472e-34	1.30419e-37	6.18611e-42	2.34036e-42	2.32343e-44	2.7418e-45	1.17488e-41	1.75565e-41	5.80179e-40	2.80554e-40	9.98474e-39	1.8763e-39	3.75426e-36	3.94768e-36	8.79753e-35	8.89391e-36	
N43	7.57185e-40	2.78134e-36	2.51019e-33	2.55032e-30	8.92375e-31	9.86382e-29	1.17967e-24	1.56833e-20	5.64626e-19	3.45206e-18	8.14463e-15	4.11021e-13	9.46356e-12	4.1921e-08	0.000277575	0.0904659	0.849751	0.0594268	7.83202e-05	1.52159e-08	2.15037e-12	7.34161e-14	2.16231e-16	3.17404e-18	2.22103e-21	1.92014e-24	5.94811e-28	3.36233e-32	1.00285e-32	4.70113e-32	2.99046e-34	6.70577e-34	8.79027e-37	1.3526e-36	6.42492e-40	4.3286e-40	1.23464e-43	1.03803e-44	5.13545e-48	1.15283e-49	3.34523e-50	
N44	2.57282e-41	3.01437e-36	9.08146e-32	4.15919e-27	1.05477e-25	1.396e-22	1.7811e-19	3.11759e-15	4.69702e-13	9.02163e-14	5.89124e-11	5.64472e-10	8.23765e-11	9.11819e-09	3.22085e-05	0.0289469	0.843797	0.126808	0.000415293	2.98359e-07	1.15427e-10	2.01651e-13	5.18707e-16	1.29527e-18	7.17187e-22	2.97147e-25	4.70589e-29	4.22521e-33	5.7655e-34	4.47669e-34	2.56519e-35	2.78557e-36	3.81354e-38	2.65602e-39	1.05553e-41	2.84625e-43	7.11554e-46	1.30796e-47	3.43519e-50	8.43231e-52	4.66254e-53	
CGA642	0	0	0	0	0	0	0	0	0	0	0	0	0	0	0	0	1	0	0	0	0	0	0	0	0	0	0	0	0	0	0	0	0	0	0	0	0	0	0	0	0	
N45	4.30037e-36	4.00773e-33	2.00736e-30	6.78767e-28	2.65438e-26	6.00078e-23	1.03884e-19	6.18941e-16	2.62954e-14	4.68623e-14	2.02753e-12	1.61896e-11	1.09356e-10	1.08629e-08	2.17779e-05	0.0356944	0.81896	0.144993	0.00033064	1.55797e-07	2.86222e-11	7.74178e-14	5.74102e-16	3.1952e-17	1.93598e-19	3.46253e-22	1.36149e-25	5.56392e-30	3.61678e-33	1.14061e-35	3.86435e-39	8.94088e-41	8.41374e-45	1.36068e-46	9.15094e-52	3.07268e-54	1.37049e-59	1.41952e-62	9.51664e-68	2.62995e-71	2.59792e-74	
CGA763	0	0	0	0	0	0	0	0	0	0	0	0	0	0	0	1	0	0	0	0	0	0	0	0	0	0	0	0	0	0	0	0	0	0	0	0	0	0	0	0	0	
C601	0	0	0	0	0	0	0	0	0	0	0	0	0	0	0	0	0	1	0	0	0	0	0	0	0	0	0	0	0	0	0	0	0	0	0	0	0	0	0	0	0	
N46	1.96013e-37	2.49201e-34	1.3636e-31	6.97155e-29	3.97067e-29	4.28261e-29	5.74172e-25	4.42454e-21	2.46898e-19	2.2173e-17	6.83532e-15	6.30104e-13	3.10017e-10	5.08827e-07	0.000696662	0.106948	0.838816	0.0534244	0.000114129	4.94628e-08	8.01727e-12	7.53711e-14	8.1113e-16	6.34372e-17	3.64993e-19	8.1779e-22	7.04631e-25	2.40881e-29	1.50862e-32	6.12912e-35	2.56223e-38	4.415e-39	4.01781e-40	1.86031e-39	3.35205e-42	5.02135e-42	1.99001e-44	3.68876e-44	3.83448e-46	1.17217e-46	9.89408e-47	
CGA236	0	0	0	0	0	0	0	0	0	0	0	0	0	0	0	0	1	0	0	0	0	0	0	0	0	0	0	0	0	0	0	0	0	0	0	0	0	0	0	0	0	
N47	1.10104e-42	4.21723e-39	1.05916e-35	2.65756e-32	2.65885e-29	1.23773e-25	4.57312e-22	4.54992e-19	4.37372e-17	3.688e-15	4.47012e-13	2.15869e-10	1.62422e-07	4.60456e-05	0.00795591	0.210056	0.7386	0.0431796	0.000161615	1.52285e-07	5.78826e-11	2.40304e-13	5.61157e-15	5.60705e-16	9.02069e-18	3.75348e-20	5.9968e-23	6.73736e-27	7.66719e-30	2.99184e-32	4.31486e-35	1.41646e-36	7.17604e-40	1.5612e-41	5.5998e-46	3.75685e-48	7.40155e-53	9.18598e-56	2.15965e-60	1.17325e-63	3.42903e-66	
N48	3.37673e-36	6.18018e-32	7.36866e-28	2.1862e-24	2.76591e-21	5.22247e-18	3.41896e-15	3.65824e-13	9.98684e-11	4.05591e-10	7.19434e-09	4.6838e-06	0.00017008	0.00166796	0.0259384	0.278848	0.612417	0.0804949	0.000458203	7.31504e-07	8.81024e-10	1.12267e-11	1.45297e-13	2.8062e-15	9.73636e-18	2.72743e-20	2.28726e-23	1.02208e-26	1.31275e-29	1.20791e-31	1.12927e-34	7.81678e-37	2.78364e-40	1.20067e-42	9.17022e-47	1.0697e-49	4.93669e-54	2.99603e-57	1.61475e-61	9.25027e-65	2.08078e-67	
Calboe	0	0	0	0	0	0	0	0	0	0	0	0	0	1	0	0	0	0	0	0	0	0	0	0	0	0	0	0	0	0	0	0	0	0	0	0	0	0	0	0	0	
C3125	0	0	0	0	0	0	0	0	0	0	0	0	0	0	0	0	0	1	0	0	0	0	0	0	0	0	0	0	0	0	0	0	0	0	0	0	0	0	0	0	0	
CGA429	0	0	0	0	0	0	0	0	0	0	0	0	0	0	1	0	0	0	0	0	0	0	0	0	0	0	0	0	0	0	0	0	0	0	0	0	0	0	0	0	0	
N49	7.26207e-47	1.36874e-41	8.83e-37	3.09451e-32	4.13179e-29	1.45955e-25	1.65382e-21	6.76088e-20	4.83366e-19	2.56928e-16	1.57101e-14	2.01015e-11	2.31026e-07	0.000638856	0.104758	0.539563	0.346086	0.00894884	5.78555e-06	9.39488e-10	6.09379e-14	3.86426e-18	1.47072e-20	6.68352e-22	6.77499e-24	7.58066e-27	1.12162e-28	1.87148e-30	1.00517e-31	6.46907e-34	2.15048e-35	4.33758e-35	1.78697e-36	2.44443e-36	7.36965e-39	6.91545e-39	5.21594e-42	5.70541e-43	3.69946e-46	1.70383e-47	9.40164e-49	
C984	0	0	0	0	0	0	0	0	0	0	0	0	0	1	0	0	0	0	0	0	0	0	0	0	0	0	0	0	0	0	0	0	0	0	0	0	0	0	0	0	0	
N50	7.29901e-34	2.84706e-31	7.85396e-29	6.18965e-27	4.46124e-26	3.67172e-25	3.85423e-21	8.9886e-19	6.80342e-17	3.42556e-14	1.07929e-12	8.10482e-10	2.32133e-06	0.00201144	0.185419	0.583272	0.225368	0.00392316	4.29003e-06	1.51191e-09	2.99863e-13	4.50344e-15	5.18484e-17	3.7787e-18	3.1843e-20	1.24343e-22	2.50985e-25	2.0671e-29	2.45064e-32	3.31033e-34	1.72851e-37	8.75675e-39	1.54381e-42	5.61676e-44	1.43075e-48	2.03184e-50	2.532e-55	3.85397e-58	6.13501e-63	3.70385e-66	1.39166e-68	
CGA310	0	0	0	0	0	0	0	0	0	0	0	0	0	0	1	0	0	0	0	0	0	0	0	0	0	0	0	0	0	0	0	0	0	0	0	0	0	0	0	0	0	
N51	3.85371e-36	6.04474e-32	6.24708e-28	1.60196e-24	2.21945e-21	3.27998e-18	7.30851e-15	1.29502e-13	2.7255e-12	1.33461e-10	1.46547e-09	3.08665e-07	0.000262479	0.0652458	0.674337	0.246386	0.0136827	8.53606e-05	1.54681e-07	1.20033e-10	9.89422e-14	7.80922e-16	6.21648e-18	7.14545e-20	1.49008e-22	3.1892e-25	2.52509e-28	1.3429e-31	1.54959e-34	1.1271e-36	8.49375e-40	4.53153e-42	1.29591e-45	4.35331e-48	3.60188e-52	4.1122e-55	2.05852e-59	1.16921e-62	6.15984e-67	3.81978e-70	7.80756e-73	
CGA365	0	0	0	0	0	0	0	0	0	0	0	0	0	0	1	0	0	0	0	0	0	0	0	0	0	0	0	0	0	0	0	0	0	0	0	0	0	0	0	0	0	
CGA494	0	0	0	0	0	0	0	0	0	0	0	0	0	1	0	0	0	0	0	0	0	0	0	0	0	0	0	0	0	0	0	0	0	0	0	0	0	0	0	0	0	
N52	1.44376e-40	7.60512e-36	1.51513e-31	4.10121e-27	6.79405e-25	1.26674e-22	1.66988e-19	1.63997e-15	4.71431e-13	1.45503e-12	6.62218e-11	1.3762e-09	6.82087e-09	2.15493e-07	1.97153e-05	0.00975063	0.369114	0.579352	0.0415983	0.000164629	1.91802e-07	7.56507e-10	7.20151e-12	7.91626e-14	1.76207e-16	2.44835e-19	1.3962e-22	2.26187e-26	9.54765e-30	2.18188e-32	9.87461e-36	1.96227e-37	7.26063e-37	3.06865e-37	2.3881e-39	2.45899e-40	1.18182e-42	6.89546e-44	7.73846e-46	1.29933e-45	6.29476e-45	
N53	2.31734e-41	1.10112e-36	3.2131e-32	6.31592e-28	1.36559e-25	1.67277e-22	5.16096e-19	2.45166e-15	6.88076e-14	3.97949e-13	8.69441e-12	1.127e-10	3.01239e-09	6.42532e-08	2.95042e-05	0.0215342	0.414839	0.544905	0.0186512	4.02907e-05	2.36453e-08	1.38002e-11	2.32014e-14	9.62563e-17	7.21481e-19	2.01042e-21	1.45331e-23	7.2054e-27	9.4228e-30	1.91202e-33	1.3082e-37	1.83512e-39	5.9246e-43	9.91311e-45	6.11604e-49	6.96518e-51	1.32944e-55	8.37179e-58	6.60469e-63	9.24539e-66	2.93029e-70	
C12265	0	0	0	0	0	0	0	0	0	0	0	0	0	0	0	0	0	1	0	0	0	0	0	0	0	0	0	0	0	0	0	0	0	0	0	0	0	0	0	0	0	
N54	1.22823e-43	3.05704e-38	1.35692e-33	1.07717e-28	8.01769e-27	5.27688e-25	2.62477e-20	9.57972e-17	2.53186e-17	3.71743e-15	3.52952e-13	1.97855e-13	8.09227e-11	1.85594e-06	0.0108786	0.897408	0.0904994	0.00121068	1.12905e-06	1.81172e-10	1.02775e-14	2.76153e-19	9.3028e-24	1.29287e-26	8.80134e-30	2.63683e-33	2.91392e-36	3.07029e-36	4.03901e-36	2.09416e-38	5.89128e-41	7.06728e-42	1.16697e-43	1.58529e-44	1.48782e-46	1.41209e-47	2.30351e-50	1.03735e-51	9.34209e-55	1.4844e-56	4.42397e-59	
C404	0	0	0	0	0	0	0	0	0	0	0	0	0	0	1	0	0	0	0	0	0	0	0	0	0	0	0	0	0	0	0	0	0	0	0	0	0	0	0	0	0	
N55	6.79187e-37	9.6187e-34	5.09368e-31	1.64926e-28	3.20972e-29	1.2896e-26	3.02008e-22	2.4264e-18	2.07523e-18	3.90149e-17	7.28213e-14	1.51428e-13	3.93278e-11	9.01127e-07	0.0051887	0.933855	0.0606062	0.000348877	1.49707e-07	1.48734e-11	1.30487e-15	1.98376e-17	3.57777e-20	2.01501e-22	8.61605e-26	6.84596e-29	2.56935e-32	1.23594e-36	3.90645e-40	4.89062e-42	1.05198e-46	1.32954e-48	9.62431e-54	7.42707e-56	2.38037e-61	8.99978e-64	1.51991e-69	1.03793e-72	1.9206e-78	3.40268e-82	1.98552e-85	
Cl11778	0	0	0	0	0	0	0	0	0	0	0	0	0	0	0	1	0	0	0	0	0	0	0	0	0	0	0	0	0	0	0	0	0	0	0	0	0	0	0	0	0	
CGA48	0	0	0	0	0	0	0	0	0	0	0	0	0	0	0	1	0	0	0	0	0	0	0	0	0	0	0	0	0	0	0	0	0	0	0	0	0	0	0	0	0	
C3126	0	0	0	0	0	0	0	0	0	0	0	0	0	0	0	0	0	0	1	0	0	0	0	0	0	0	0	0	0	0	0	0	0	0	0	0	0	0	0	0	0	
N56	8.30463e-37	2.58974e-32	4.08872e-28	1.72155e-24	1.22924e-21	4.75964e-19	7.91332e-18	4.67756e-14	1.247e-10	8.84462e-11	8.25282e-11	2.22072e-08	3.83992e-08	3.33291e-09	1.11613e-07	9.80438e-05	0.0244443	0.746159	0.225327	0.00395428	1.66906e-05	4.44718e-08	2.64307e-10	1.9477e-12	4.87995e-15	8.92425e-18	1.02499e-20	4.72148e-24	2.53888e-27	1.35424e-29	1.84118e-29	6.11553e-30	3.08092e-31	3.31973e-32	7.73318e-34	5.31941e-35	7.12508e-37	3.17975e-38	3.13237e-40	1.36917e-41	5.61363e-43	
CGA311	0	0	0	0	0	0	0	0	0	0	0	0	0	0	0	0	0	1	0	0	0	0	0	0	0	0	0	0	0	0	0	0	0	0	0	0	0	0	0	0	0	
N57	5.26394e-38	5.04721e-35	1.00457e-31	9.21962e-28	1.23696e-24	7.54214e-22	1.32297e-19	7.38888e-16	1.45003e-12	1.76951e-12	4.12333e-12	3.46379e-10	5.45831e-10	1.80789e-10	2.2144e-08	3.06435e-05	0.0164019	0.747181	0.233068	0.0033099	9.30027e-06	1.16803e-08	2.27682e-11	3.45615e-13	4.79051e-15	2.28407e-17	2.49591e-19	1.06809e-22	2.13298e-25	1.10379e-28	1.72965e-32	5.31708e-34	1.02476e-37	3.08214e-39	1.67103e-43	3.33478e-45	4.44793e-50	3.51887e-52	2.77058e-57	9.00974e-60	4.0358e-64	
N58	1.86336e-43	1.764e-38	7.25457e-34	9.92161e-30	2.75033e-27	5.75602e-24	4.50069e-22	4.0059e-18	3.51119e-15	7.29971e-16	1.14627e-14	1.52147e-12	1.58735e-12	6.6967e-12	1.16797e-08	4.33795e-05	0.0342772	0.880763	0.0845215	0.000394261	3.81429e-07	1.2813e-10	2.2301e-14	6.86784e-17	4.78351e-19	1.25347e-21	6.61032e-24	2.95506e-27	1.83418e-30	3.06034e-34	1.14407e-38	1.11418e-41	2.49434e-44	5.98436e-43	1.35396e-44	4.02403e-45	3.56874e-47	7.20164e-48	1.25872e-50	9.5433e-52	1.22086e-52	
CGA45	0	0	0	0	0	0	0	0	0	0	0	0	0	0	0	0	1	0	0	0	0	0	0	0	0	0	0	0	0	0	0	0	0	0	0	0	0	0	0	0	0	
N59	2.95412e-44	1.04499e-39	2.14062e-35	2.14735e-31	1.64174e-28	1.83534e-25	4.66201e-23	1.2367e-19	8.19546e-17	7.11922e-17	7.17091e-16	5.10428e-13	3.85328e-12	1.15513e-11	1.05968e-08	3.15335e-05	0.0229888	0.903528	0.0731017	0.000349148	3.79253e-07	1.53847e-10	1.6802e-13	2.47574e-14	8.5173e-16	4.6531e-18	5.88201e-20	2.95551e-23	6.64455e-26	1.80191e-29	3.26391e-33	1.13893e-34	8.61727e-38	2.43721e-39	2.52333e-43	4.65204e-45	1.13019e-49	8.27345e-52	1.07424e-56	1.76384e-59	1.29604e-63	
C3043	0	0	0	0	0	0	0	0	0	0	0	0	0	0	0	0	0	1	0	0	0	0	0	0	0	0	0	0	0	0	0	0	0	0	0	0	0	0	0	0	0	
CGA364	0	0	0	0	0	0	0	0	0	0	0	0	0	0	0	0	0	1	0	0	0	0	0	0	0	0	0	0	0	0	0	0	0	0	0	0	0	0	0	0	0	
C2208	0	0	0	0	0	0	0	0	0	0	0	0	0	0	0	0	0	0	1	0	0	0	0	0	0	0	0	0	0	0	0	0	0	0	0	0	0	0	0	0	0	
N60	6.66603e-32	4.18517e-28	1.6428e-24	3.24668e-21	4.20458e-19	1.28872e-16	5.96888e-15	8.17279e-12	4.29834e-09	1.48156e-09	3.36083e-09	3.02143e-07	1.22675e-07	2.26287e-08	2.68045e-06	0.000775553	0.0666419	0.857753	0.0736355	0.00118353	7.08823e-06	3.34912e-08	2.95558e-10	2.93011e-12	1.22967e-14	4.22497e-17	9.53921e-20	1.30412e-22	1.80217e-25	4.85975e-28	5.922e-31	1.3102e-33	1.02844e-36	1.31204e-39	5.13189e-43	3.84717e-46	8.11764e-50	3.84862e-53	5.65849e-57	2.68007e-60	1.2109e-63	
N61	1.13e-38	5.89473e-34	1.34678e-29	1.28932e-25	2.78783e-23	4.18845e-20	1.46617e-18	7.19185e-15	8.05369e-12	5.7886e-13	4.8249e-12	4.45503e-10	4.82157e-11	1.57086e-11	2.59391e-08	7.12225e-05	0.0436967	0.934708	0.0214622	6.17839e-05	5.02225e-08	1.78808e-11	8.86946e-15	6.33785e-17	1.7986e-19	2.72817e-22	5.68548e-25	8.8466e-29	3.57073e-32	7.02199e-36	9.34157e-40	2.13499e-42	4.06455e-46	6.95664e-49	5.50407e-53	5.97733e-56	1.12464e-60	4.8294e-64	5.33997e-69	1.15157e-72	3.85572e-77	
CGA453	0	0	0	0	0	0	0	0	0	0	0	0	0	0	0	0	0	1	0	0	0	0	0	0	0	0	0	0	0	0	0	0	0	0	0	0	0	0	0	0	0	
N62	4.07881e-43	4.1725e-38	1.72353e-33	4.42214e-29	7.73418e-27	1.18485e-23	4.05916e-21	3.41733e-17	9.46252e-15	6.56337e-16	3.35961e-14	8.80409e-13	1.42394e-13	2.06213e-12	8.19175e-09	5.95898e-05	0.0930575	0.901376	0.0055023	4.43446e-06	1.04416e-09	1.03451e-13	1.79395e-17	2.92755e-19	1.65315e-21	2.53212e-24	1.09451e-26	7.37647e-31	2.54362e-34	1.47084e-38	5.08295e-43	1.87551e-45	3.78636e-49	1.23047e-51	1.01687e-55	2.07417e-58	1.26387e-63	6.02709e-67	2.20497e-72	3.76321e-76	8.25703e-81	
CGA501	0	0	0	0	0	0	0	0	0	0	0	0	0	0	0	0	0	1	0	0	0	0	0	0	0	0	0	0	0	0	0	0	0	0	0	0	0	0	0	0	0	
C3121	0	0	0	0	0	0	0	0	0	0	0	0	0	0	0	0	1	0	0	0	0	0	0	0	0	0	0	0	0	0	0	0	0	0	0	0	0	0	0	0	0	
N63	5.26738e-41	8.47947e-36	4.91702e-31	4.83492e-27	8.50624e-25	4.43359e-21	1.22564e-20	2.33184e-16	1.87267e-12	2.2411e-14	3.70549e-14	1.42532e-10	5.1493e-12	4.70573e-14	1.75119e-11	2.9701e-07	0.00149058	0.994737	0.00377005	1.92205e-06	2.91876e-10	2.04e-14	2.74954e-18	2.48221e-21	8.62847e-25	1.95961e-28	4.08903e-32	1.04368e-36	4.36227e-41	1.41647e-45	3.41913e-50	5.29373e-54	1.25332e-58	1.03066e-62	9.53489e-68	3.4336e-72	5.77992e-78	5.29437e-83	2.96199e-89	7.97552e-95	4.45999e-101	
Calparcri	0	0	0	0	0	0	0	0	0	0	0	0	0	0	0	0	0	1	0	0	0	0	0	0	0	0	0	0	0	0	0	0	0	0	0	0	0	0	0	0	0	
C3118	0	0	0	0	0	0	0	0	0	0	0	0	0	0	0	0	0	1	0	0	0	0	0	0	0	0	0	0	0	0	0	0	0	0	0	0	0	0	0	0	0	
N64	2.91202e-39	1.19971e-35	1.55463e-32	1.7791e-29	1.95484e-27	5.25e-24	2.73916e-20	1.45895e-16	9.89983e-15	4.04332e-13	1.47163e-11	1.73429e-09	6.03823e-08	1.93182e-06	0.000462278	0.0623583	0.639698	0.294406	0.00306749	6.26905e-06	1.17186e-08	1.17113e-10	1.19112e-12	7.8718e-14	3.80721e-16	1.00377e-18	2.19511e-21	2.01021e-25	3.75849e-28	1.79069e-29	1.54487e-31	3.11249e-31	1.01997e-33	1.56646e-33	1.36291e-36	1.16358e-36	4.33198e-40	5.16884e-41	1.94251e-44	8.34979e-46	4.69201e-47	
N65	3.15867e-37	4.98865e-33	4.72506e-29	2.35376e-25	2.43793e-22	5.53695e-20	9.10694e-18	1.93822e-14	1.42114e-11	1.34293e-10	1.05273e-09	6.2949e-08	6.14556e-07	1.71476e-06	8.74068e-05	0.0114715	0.298003	0.590523	0.0970269	0.00284506	3.85864e-05	2.59821e-06	1.89105e-07	1.37489e-08	1.61e-10	1.61631e-12	6.24819e-15	1.17725e-17	4.49025e-20	8.82571e-22	2.4335e-24	3.04013e-26	2.65538e-29	1.82495e-31	4.53307e-35	1.1161e-37	1.50008e-41	1.73471e-44	2.0148e-48	2.49352e-51	7.72547e-54	
N66	1.13263e-32	6.78701e-29	2.7171e-25	2.59126e-22	1.69258e-19	6.29989e-17	1.69274e-15	5.33491e-13	9.0543e-11	1.88407e-09	4.82928e-08	4.01558e-06	2.20549e-05	3.17485e-05	0.000395334	0.0186326	0.28751	0.6072	0.0841188	0.00206906	1.58955e-05	6.98296e-08	6.90788e-10	2.35022e-11	2.94396e-13	2.4715e-15	1.74865e-17	2.31444e-20	5.39106e-23	1.47825e-25	2.57793e-28	2.43762e-30	3.3288e-33	1.91554e-35	9.46967e-39	3.17479e-41	6.64298e-45	1.11294e-47	1.39948e-51	1.39884e-54	5.69651e-58	
N67	7.23178e-32	4.73062e-28	2.04701e-24	3.37812e-21	2.13413e-18	7.10756e-16	1.98729e-14	4.22333e-12	6.44646e-10	1.57572e-08	4.25908e-07	4.97819e-05	0.000309278	0.000471399	0.00487371	0.0770729	0.416215	0.471955	0.0287481	0.000303967	1.0242e-06	1.55458e-09	2.26587e-12	5.0117e-14	7.10777e-16	5.53012e-18	6.07297e-20	6.97975e-23	1.72019e-25	1.98939e-28	1.1241e-31	1.23928e-33	1.53178e-36	1.55069e-38	7.98247e-42	5.32006e-44	8.15636e-48	2.75107e-50	2.31307e-54	3.83055e-57	7.67519e-61	
N68	8.79031e-35	1.56176e-30	1.58175e-26	7.3848e-23	3.38267e-20	1.53421e-17	1.04119e-15	3.06205e-12	3.30622e-09	3.63183e-09	8.45115e-09	7.79371e-07	9.08202e-07	2.13646e-07	1.39184e-05	0.00258636	0.123778	0.787455	0.0848005	0.00134429	1.98918e-05	4.192e-07	7.45887e-09	1.21201e-10	3.82781e-13	2.0793e-15	4.85245e-18	2.23543e-20	2.6715e-23	1.97577e-25	1.14134e-28	5.41717e-31	1.54183e-34	4.38046e-37	6.29981e-41	9.78952e-44	7.81784e-48	5.93472e-51	3.78927e-55	2.74238e-58	3.73892e-61	
Triowe	0	0	0	0	0	0	0	0	0	0	0	0	0	0	0	0	0	1	0	0	0	0	0	0	0	0	0	0	0	0	0	0	0	0	0	0	0	0	0	0	0	
N69	7.46557e-35	6.46133e-31	3.93605e-27	1.28456e-23	5.59599e-21	2.238e-18	5.97253e-16	5.24342e-13	1.31017e-10	2.01547e-10	6.17123e-10	2.3122e-08	2.33929e-08	2.0124e-08	2.96779e-06	0.00100437	0.0862411	0.816377	0.0948255	0.00153813	1.06708e-05	7.77693e-08	8.24384e-10	5.40472e-11	1.07962e-12	1.34299e-14	2.00716e-16	2.02346e-19	8.94192e-22	4.02284e-24	6.48337e-27	3.10932e-28	2.47422e-31	8.32029e-33	2.22365e-36	4.65326e-38	4.32024e-42	3.23912e-44	2.00729e-48	6.86693e-51	3.61043e-54	
Trijoh	0	0	0	0	0	0	0	0	0	0	0	0	0	0	0	0	0	1	0	0	0	0	0	0	0	0	0	0	0	0	0	0	0	0	0	0	0	0	0	0	0	
Trimel	0	0	0	0	0	0	0	0	0	0	0	0	0	0	0	0	0	1	0	0	0	0	0	0	0	0	0	0	0	0	0	0	0	0	0	0	0	0	0	0	0	
N70	8.39251e-30	7.5157e-26	4.81396e-22	1.4978e-19	3.7828e-16	8.42548e-13	1.24725e-12	1.39941e-10	1.00313e-09	9.86141e-07	0.00117417	0.315493	0.509365	0.157194	0.0160927	0.000667777	1.18508e-05	8.3592e-08	1.74655e-10	1.38687e-13	5.39883e-17	1.22309e-20	2.67837e-24	4.23787e-27	6.64224e-30	8.53017e-33	1.02887e-35	2.848e-39	1.03605e-42	2.68718e-46	4.04954e-50	4.2602e-53	1.32609e-56	1.29974e-59	2.63375e-63	1.54311e-66	1.0983e-70	3.54068e-74	1.34129e-78	2.52235e-82	1.62104e-86	
N71	5.0785e-31	5.26617e-27	3.51915e-23	3.00118e-20	9.77698e-17	2.2699e-13	1.1552e-12	1.65544e-10	2.74026e-09	3.29989e-06	0.00335506	0.564982	0.391837	0.0387978	0.00101592	9.07811e-06	3.08501e-08	4.07209e-11	2.15995e-14	1.21198e-17	6.37048e-20	8.76171e-23	1.78201e-25	4.18562e-28	1.44138e-31	7.6501e-34	1.72498e-37	1.23132e-39	1.25723e-43	7.82867e-46	4.50456e-50	1.87463e-52	6.59119e-57	1.71683e-59	3.90669e-64	5.75028e-67	8.92305e-72	6.4189e-75	3.07303e-79	1.23381e-82	2.72645e-85	
Trihoe	0	0	0	0	0	0	0	0	0	0	0	1	0	0	0	0	0	0	0	0	0	0	0	0	0	0	0	0	0	0	0	0	0	0	0	0	0	0	0	0	0	
Tribit	0	0	0	0	0	0	0	0	0	0	0	1	0	0	0	0	0	0	0	0	0	0	0	0	0	0	0	0	0	0	0	0	0	0	0	0	0	0	0	0	0	
Trijac	0	0	0	0	0	0	0	0	0	0	0	1	0	0	0	0	0	0	0	0	0	0	0	0	0	0	0	0	0	0	0	0	0	0	0	0	0	0	0	0	0	
N72	1.13429e-32	8.00365e-29	3.52103e-25	7.64977e-22	1.60144e-19	4.03351e-17	2.30403e-15	2.79183e-12	1.26398e-09	9.45583e-10	1.68558e-09	1.03456e-07	1.08486e-07	3.8457e-08	3.19651e-06	0.000865448	0.0688623	0.785733	0.140717	0.0037871	3.14482e-05	1.84537e-07	2.99515e-09	7.51336e-11	5.99429e-13	3.89423e-15	1.76219e-17	2.67519e-20	5.20339e-23	2.29929e-25	3.845e-28	2.01728e-30	2.07583e-33	6.5151e-36	2.98144e-39	5.39653e-42	1.15628e-45	1.08708e-48	1.453e-52	1.02199e-55	5.43137e-59	
Tricri	0	0	0	0	0	0	0	0	0	0	0	0	0	0	0	0	0	1	0	0	0	0	0	0	0	0	0	0	0	0	0	0	0	0	0	0	0	0	0	0	0	
N73	1.19763e-34	8.97483e-31	4.44569e-27	1.14941e-23	3.15321e-21	9.58513e-19	1.35357e-16	1.03533e-13	2.34233e-11	1.70786e-11	3.76604e-11	1.80664e-09	2.07056e-09	2.34016e-09	4.83786e-07	0.000265553	0.041863	0.83249	0.123029	0.00233942	1.23464e-05	2.86188e-08	9.81381e-11	4.88124e-12	9.54075e-14	9.58449e-16	1.39572e-17	1.60735e-20	5.1264e-23	7.58264e-26	6.86721e-29	1.35582e-30	1.62983e-33	2.50904e-35	1.13455e-38	1.14431e-40	1.48007e-44	6.61087e-47	5.05491e-51	1.09239e-53	2.62388e-57	
Triwie	0	0	0	0	0	0	0	0	0	0	0	0	0	0	0	0	0	1	0	0	0	0	0	0	0	0	0	0	0	0	0	0	0	0	0	0	0	0	0	0	0	
Triqua	0	0	0	0	0	0	0	0	0	0	0	0	0	0	0	0	0	1	0	0	0	0	0	0	0	0	0	0	0	0	0	0	0	0	0	0	0	0	0	0	0	
N74	3.19422e-32	4.83639e-29	7.01515e-26	6.11479e-23	1.60051e-20	2.37468e-18	4.92789e-16	1.56161e-13	2.10131e-11	2.51632e-10	1.57357e-09	2.68436e-08	2.44095e-07	2.01042e-06	0.00011579	0.00866321	0.199623	0.590941	0.187165	0.0131548	0.000325578	7.98617e-06	1.09883e-06	3.83972e-07	2.95422e-08	1.40786e-09	5.02792e-11	2.58837e-13	3.67478e-15	1.09922e-16	1.35615e-18	1.23036e-19	7.65829e-22	4.30932e-23	7.24518e-26	2.147e-27	1.62133e-30	1.96902e-32	9.95931e-36	7.00231e-38	3.16601e-40	
N75	2.53044e-30	4.23222e-27	5.96576e-24	4.97771e-21	6.94348e-19	9.49278e-17	1.19952e-14	5.15534e-12	8.83834e-10	1.92829e-09	5.84987e-09	1.66462e-07	3.13899e-07	3.49154e-07	1.97918e-05	0.00232511	0.0926864	0.686411	0.20617	0.0121417	0.000242035	2.48574e-06	3.77021e-08	1.51048e-09	2.89303e-11	4.50356e-13	5.24734e-15	2.16648e-17	1.04229e-19	7.35134e-22	2.87971e-24	3.26263e-26	1.04194e-28	7.49194e-31	1.25431e-33	5.50859e-36	4.58245e-39	1.1922e-41	6.17596e-45	1.18952e-47	1.31331e-50	
Kinboe	0	0	0	0	0	0	0	0	0	0	0	0	0	0	0	0	0	1	0	0	0	0	0	0	0	0	0	0	0	0	0	0	0	0	0	0	0	0	0	0	0	
Kinfis	0	0	0	0	0	0	0	0	0	0	0	0	0	0	0	0	0	1	0	0	0	0	0	0	0	0	0	0	0	0	0	0	0	0	0	0	0	0	0	0	0	
Kinxen	0	0	0	0	0	0	0	0	0	0	0	0	0	0	0	0	0	1	0	0	0	0	0	0	0	0	0	0	0	0	0	0	0	0	0	0	0	0	0	0	0	
N76	9.59631e-36	7.57994e-33	4.88147e-30	3.21018e-27	6.62146e-26	2.80023e-23	4.17836e-20	4.92865e-17	5.13845e-15	3.48877e-13	4.31671e-11	2.50598e-09	1.14406e-07	2.10915e-05	0.00335456	0.126556	0.641565	0.225701	0.00278844	1.4061e-05	3.58969e-08	9.48413e-11	1.38793e-12	4.79097e-13	3.53954e-14	1.0112e-15	1.94877e-16	5.94678e-19	1.81206e-20	5.43672e-23	3.50102e-25	1.40204e-25	4.03243e-28	6.83445e-29	1.92898e-32	1.50866e-33	5.67526e-38	5.51269e-40	1.21179e-44	4.35119e-47	2.86397e-49	
N77	1.42079e-26	1.31024e-23	1.2563e-20	5.59392e-18	2.41101e-15	5.1371e-13	1.06632e-11	3.13655e-10	1.83888e-08	3.01751e-06	0.000367001	0.0159838	0.133945	0.343678	0.33958	0.141034	0.0239969	0.00139186	2.06631e-05	1.34875e-07	4.87282e-10	1.46716e-12	2.00647e-14	9.35191e-16	1.73795e-17	2.47004e-19	3.09601e-21	7.58993e-24	3.07049e-26	2.07258e-28	1.02368e-30	2.19943e-32	9.72515e-35	1.30225e-36	2.59649e-39	2.14394e-41	1.53532e-44	5.39763e-47	2.45486e-50	7.07418e-53	1.48155e-55	
N78	4.98282e-28	6.40196e-24	5.11807e-20	1.14665e-17	2.86084e-14	5.7105e-11	5.98782e-11	2.67529e-09	1.54172e-08	7.82138e-06	0.00426298	0.444375	0.473365	0.074744	0.00319818	4.72535e-05	2.68358e-07	6.18276e-10	6.33262e-13	3.50787e-16	2.13053e-19	2.16196e-22	3.00074e-25	4.14923e-28	1.99811e-31	1.4949e-34	6.39607e-38	4.29818e-41	1.28762e-44	1.09144e-47	2.0425e-51	1.21646e-54	1.34992e-58	5.28887e-62	3.38404e-66	8.44868e-70	3.2387e-74	5.15755e-78	1.6326e-82	3.02151e-86	7.06435e-90	
N79	4.34111e-31	1.58112e-26	3.49933e-22	9.76364e-20	6.50389e-16	5.0516e-12	3.18695e-12	7.47366e-10	1.93128e-09	2.3766e-06	0.00364476	0.803666	0.188847	0.00382425	1.5246e-05	1.82221e-08	8.99006e-12	7.48039e-15	8.63169e-18	1.07581e-20	1.00141e-23	3.356e-27	1.46051e-30	2.18777e-33	3.09772e-37	4.26725e-40	2.33418e-44	1.75202e-47	4.8109e-52	1.92743e-55	3.16579e-60	6.95313e-64	7.83548e-69	1.01462e-72	1.45002e-77	4.24614e-81	5.71128e-86	1.29651e-89	1.14003e-93	7.44697e-98	1.40726e-101	
N80	2.49344e-30	2.45776e-26	1.49418e-22	1.19281e-19	2.99884e-16	5.27734e-13	2.85233e-12	3.76806e-10	7.43066e-09	8.34825e-06	0.0071617	0.860609	0.130721	0.00149662	3.63666e-06	3.43161e-09	1.09836e-11	5.59997e-13	1.10646e-15	4.49031e-18	5.05199e-21	1.8685e-23	2.91618e-26	6.71265e-28	8.94517e-32	9.51288e-34	5.26163e-38	1.88648e-40	6.51005e-45	9.83224e-48	2.4609e-52	2.20891e-55	2.82811e-59	2.02325e-62	9.66526e-66	6.54766e-68	1.26559e-72	2.13753e-75	1.22054e-78	2.9472e-82	4.51348e-85	
Chaafr	0	0	0	0	0	0	0	0	0	0	0	1	0	0	0	0	0	0	0	0	0	0	0	0	0	0	0	0	0	0	0	0	0	0	0	0	0	0	0	0	0	
Chacha	0	0	0	0	0	0	0	0	0	0	0	1	0	0	0	0	0	0	0	0	0	0	0	0	0	0	0	0	0	0	0	0	0	0	0	0	0	0	0	0	0	
N81	3.84117e-30	4.05047e-26	2.81617e-22	2.15706e-19	7.39601e-16	1.78946e-12	6.31303e-12	8.32928e-10	8.47924e-09	8.56683e-06	0.00736186	0.887957	0.10372	0.000951176	1.96845e-06	1.71055e-09	5.39168e-12	1.57951e-13	2.45987e-16	7.30949e-19	6.53504e-22	2.1147e-24	2.81936e-27	3.45747e-29	4.86985e-33	2.74503e-35	1.60518e-39	3.08938e-42	1.10883e-46	9.89383e-50	2.49576e-54	1.53261e-57	1.98743e-61	1.17454e-64	4.51562e-68	1.61662e-70	3.37959e-75	3.26171e-78	1.29531e-81	2.65992e-85	2.79535e-88	
Chacaly	0	0	0	0	0	0	0	0	0	0	0	1	0	0	0	0	0	0	0	0	0	0	0	0	0	0	0	0	0	0	0	0	0	0	0	0	0	0	0	0	0	
Chazey	0	0	0	0	0	0	0	0	0	0	0	1	0	0	0	0	0	0	0	0	0	0	0	0	0	0	0	0	0	0	0	0	0	0	0	0	0	0	0	0	0	
N82	4.77757e-27	1.40449e-23	3.02868e-20	1.93363e-17	1.29501e-14	3.56924e-12	2.85929e-11	1.35475e-09	8.56079e-08	4.01444e-05	0.0110014	0.517236	0.424827	0.0456869	0.00119836	1.0336e-05	3.6243e-08	2.7455e-10	2.85829e-12	3.94009e-14	4.27092e-16	1.35233e-18	7.04658e-21	2.55922e-22	1.8342e-25	7.92681e-27	2.37869e-30	5.86557e-32	9.75649e-36	1.34032e-37	1.45616e-41	1.09091e-43	8.8415e-48	3.54073e-50	3.69058e-54	3.57752e-56	3.11179e-60	2.43221e-62	4.86297e-65	4.28656e-68	2.43214e-70	
Chadil	0	0	0	0	0	0	0	0	0	0	0	1	0	0	0	0	0	0	0	0	0	0	0	0	0	0	0	0	0	0	0	0	0	0	0	0	0	0	0	0	0	
Chasen	0	0	0	0	0	0	0	0	0	0	0	1	0	0	0	0	0	0	0	0	0	0	0	0	0	0	0	0	0	0	0	0	0	0	0	0	0	0	0	0	0	
Chanam	0	0	0	0	0	0	0	0	0	0	0	1	0	0	0	0	0	0	0	0	0	0	0	0	0	0	0	0	0	0	0	0	0	0	0	0	0	0	0	0	0	
N83	3.71775e-30	1.17622e-28	4.77728e-27	1.35667e-25	1.62959e-24	1.1309e-22	9.66302e-20	6.71578e-17	9.58694e-15	7.72529e-13	5.48086e-11	2.42143e-09	1.60542e-07	2.84836e-05	0.00391227	0.133642	0.635284	0.222459	0.00461385	5.9319e-05	6.18375e-07	5.8983e-07	1.98589e-07	4.0884e-07	8.09102e-08	2.69715e-08	1.79542e-08	4.0961e-10	1.19946e-10	4.81628e-10	1.65952e-11	1.87658e-10	1.25826e-12	6.55298e-12	6.81801e-15	1.24967e-14	4.41079e-18	6.19862e-19	2.15535e-22	7.72702e-24	8.07662e-25	
Riebrev	0	0	0	0	0	0	0	0	0	0	0	0	0	0	0	0	0	0	0	0	0	0	0	0	0	0	0	0	0	0	1	0	0	0	0	0	0	0	0	0	0	
N84	4.57337e-34	1.04588e-29	8.69159e-26	8.94014e-22	9.34221e-21	2.5699e-18	1.10398e-15	4.58385e-12	1.79037e-10	2.90319e-11	1.67246e-08	7.59004e-09	2.68485e-10	1.07447e-08	1.71506e-05	0.00945288	0.952183	0.0380894	0.000256762	5.63332e-07	6.49999e-10	7.26941e-13	1.11804e-15	1.55556e-18	1.03659e-21	6.33454e-25	2.74883e-28	1.22934e-31	5.02632e-35	2.27089e-38	6.17056e-42	1.47805e-45	9.93321e-48	2.70318e-48	2.83698e-50	3.98402e-51	2.82236e-53	2.71561e-55	2.0704e-57	1.34322e-57	3.39504e-56	
N85	1.31701e-44	6.27442e-39	4.15111e-34	6.80378e-29	2.26004e-27	5.17048e-24	6.7669e-21	2.0994e-16	1.72814e-14	8.12854e-16	4.15834e-12	7.65752e-13	1.15976e-14	2.87929e-12	1.01795e-07	0.000964979	0.987353	0.0116711	1.03695e-05	1.99734e-09	1.37565e-13	1.51747e-17	1.21468e-20	4.14359e-23	2.04188e-26	2.87657e-29	4.69337e-31	1.24276e-33	2.44816e-35	1.29661e-36	1.80281e-38	6.92834e-39	4.58387e-41	1.34442e-41	1.13003e-44	1.24333e-45	7.00108e-49	3.57718e-50	1.91115e-53	5.0007e-55	7.9605e-57	
N86	3.41284e-41	1.03408e-37	1.08008e-34	1.55877e-31	1.16997e-30	3.67874e-27	1.86548e-23	4.78432e-19	4.16303e-17	5.30014e-18	1.67488e-14	3.12022e-15	7.19554e-16	1.31074e-12	5.99492e-08	0.00074826	0.989701	0.00954488	5.88658e-06	7.57036e-10	3.33818e-14	1.79556e-17	7.98489e-20	4.53607e-21	3.56447e-23	2.78819e-26	3.80143e-30	3.72433e-35	1.01364e-38	3.17841e-42	5.94275e-46	9.96496e-48	2.54927e-48	3.34157e-47	8.33055e-51	2.82463e-50	5.76322e-54	5.0413e-55	2.4313e-58	2.50974e-58	1.12075e-56	
Braset	0	0	0	0	0	0	0	0	0	0	0	0	0	0	0	0	1	0	0	0	0	0	0	0	0	0	0	0	0	0	0	0	0	0	0	0	0	0	0	0	0	
N87	2.90277e-49	4.86404e-44	2.97295e-39	1.78211e-34	1.52993e-32	2.01e-29	5.88969e-26	6.587e-22	5.77994e-20	1.32632e-19	1.04418e-15	9.49709e-15	9.57285e-15	1.1275e-11	2.21994e-07	0.00131792	0.991337	0.00733917	5.26259e-06	9.86993e-10	7.53184e-14	1.24029e-16	8.72662e-19	2.78841e-20	1.95678e-22	1.79125e-25	2.23341e-29	4.07883e-34	8.36098e-38	9.11564e-41	3.27532e-44	2.84619e-46	6.0937e-50	2.94601e-52	1.48974e-57	8.99264e-61	3.0411e-66	5.71992e-70	5.90902e-75	3.17331e-79	4.46543e-82	
N88	1.21859e-51	1.20947e-45	1.81322e-40	7.96728e-35	4.13287e-33	5.86298e-30	4.84245e-26	6.57029e-21	1.05608e-18	1.4882e-18	6.98667e-14	2.26997e-14	6.40073e-16	3.829e-13	2.3407e-08	0.00042854	0.998373	0.00119781	1.80372e-07	7.99984e-12	1.72771e-16	4.11494e-20	2.634e-23	2.8941e-26	7.80501e-30	6.39529e-34	9.72404e-39	4.1169e-44	7.33735e-49	1.18897e-52	3.11535e-57	5.85855e-61	8.331e-66	6.20383e-70	4.20633e-76	3.39301e-81	8.63321e-88	2.51074e-93	5.48799e-100	3.98866e-106	5.49957e-112	
Bramel	0	0	0	0	0	0	0	0	0	0	0	0	0	0	0	0	1	0	0	0	0	0	0	0	0	0	0	0	0	0	0	0	0	0	0	0	0	0	0	0	0	
Bratha	0	0	0	0	0	0	0	0	0	0	0	0	0	0	0	0	1	0	0	0	0	0	0	0	0	0	0	0	0	0	0	0	0	0	0	0	0	0	0	0	0	
N89	1.4989e-50	4.78188e-45	4.78403e-40	6.64794e-35	6.61615e-33	1.29362e-29	1.03004e-25	5.40759e-21	1.22652e-18	3.46359e-18	3.77865e-14	7.88923e-14	1.7244e-14	1.27939e-11	2.41674e-07	0.00137493	0.994386	0.00423685	2.2076e-06	3.32785e-10	2.33178e-14	2.69816e-17	8.72921e-20	6.68545e-22	1.22086e-24	5.26414e-28	3.47464e-32	5.61643e-37	5.45972e-41	5.47268e-44	9.63616e-48	1.94671e-50	2.18839e-54	2.27682e-57	1.11349e-62	1.45286e-66	4.28596e-72	2.91697e-76	1.98957e-81	6.94262e-86	2.71608e-89	
Bradra	0	0	0	0	0	0	0	0	0	0	0	0	0	0	0	0	1	0	0	0	0	0	0	0	0	0	0	0	0	0	0	0	0	0	0	0	0	0	0	0	0	
Bratra	0	0	0	0	0	0	0	0	0	0	0	0	0	0	0	0	1	0	0	0	0	0	0	0	0	0	0	0	0	0	0	0	0	0	0	0	0	0	0	0	0	
N90	5.54697e-45	5.11571e-40	1.4675e-35	5.25728e-31	1.4533e-29	7.65203e-27	1.8206e-23	3.55382e-19	4.32501e-17	7.78328e-17	4.84682e-13	7.33845e-13	1.19016e-13	5.77076e-11	6.54004e-07	0.00224372	0.991104	0.00664626	5.59526e-06	1.38008e-09	1.61777e-13	1.68303e-16	5.58461e-19	3.15106e-21	4.53169e-24	2.10974e-27	2.10784e-31	5.95173e-36	6.93968e-40	7.08078e-43	1.39938e-46	2.07191e-49	2.73595e-53	1.99462e-56	1.75272e-61	2.1532e-65	1.07572e-70	7.66565e-75	5.7968e-80	3.06517e-84	8.59191e-88	
Bragut	0	0	0	0	0	0	0	0	0	0	0	0	0	0	0	0	1	0	0	0	0	0	0	0	0	0	0	0	0	0	0	0	0	0	0	0	0	0	0	0	0	
Braven	0	0	0	0	0	0	0	0	0	0	0	0	0	0	0	0	1	0	0	0	0	0	0	0	0	0	0	0	0	0	0	0	0	0	0	0	0	0	0	0	0	
N91	3.67798e-38	1.0552e-33	1.37779e-29	1.48878e-25	5.7135e-24	2.26151e-21	2.29779e-18	5.70367e-15	1.69962e-13	1.0391e-13	2.51676e-11	1.46101e-11	6.67831e-12	2.45629e-09	7.7838e-06	0.00755429	0.965621	0.0267238	9.2569e-05	9.22521e-08	4.06224e-11	8.12883e-14	7.68744e-16	1.41534e-17	6.09989e-20	9.8932e-23	4.66246e-26	5.19656e-30	2.44282e-33	6.70765e-36	4.30221e-39	2.28545e-41	8.32854e-45	2.54272e-47	8.47778e-52	6.31426e-55	1.29843e-59	4.88008e-63	1.07167e-67	2.65384e-71	2.18746e-74	
Brapum	0	0	0	0	0	0	0	0	0	0	0	0	0	0	0	0	1	0	0	0	0	0	0	0	0	0	0	0	0	0	0	0	0	0	0	0	0	0	0	0	0	
Bradam	0	0	0	0	0	0	0	0	0	0	0	0	0	0	0	0	1	0	0	0	0	0	0	0	0	0	0	0	0	0	0	0	0	0	0	0	0	0	0	0	0	
