NODE	1	2	3	4	5	6	7	8	9	10	11	12	13	14	15	16	17	18	19	20	21	22	23	24	25	26	27	28	29	30	31	32	33	34	35	36	37	38	39	40	41	
N1	2.42415e-28	1.0161e-24	2.92899e-22	4.77387e-20	6.70975e-19	5.90131e-18	1.67567e-13	7.78729e-11	2.8031e-09	7.4439e-09	1.71604e-08	5.01348e-08	1.87275e-07	4.6907e-06	0.000287334	0.0100949	0.117385	0.377931	0.360089	0.11797	0.0153247	0.000888042	2.52364e-05	3.79523e-07	3.21273e-09	1.61029e-11	4.86824e-17	2.1658e-18	7.82068e-20	2.32144e-21	5.72657e-23	1.1851e-24	2.07452e-26	3.09393e-28	3.95629e-30	4.36201e-32	4.16733e-34	3.46512e-36	2.51794e-38	1.61488e-40	1.24173e-42	
Leiolep	0	0	0	0	0	0	0	0	0	0	0	0	0	0	0	0	0	1	0	0	0	0	0	0	0	0	0	0	0	0	0	0	0	0	0	0	0	0	0	0	0	
N2	5.1839e-34	1.23978e-27	3.71608e-23	4.5448e-20	2.82089e-17	5.53731e-15	3.38733e-14	2.81448e-11	4.51126e-09	6.60089e-08	1.10918e-06	1.69605e-05	1.56536e-05	1.99052e-05	0.00142434	0.0681375	0.438018	0.426776	0.0633572	0.00220763	2.56315e-05	1.24741e-07	3.00805e-10	4.35775e-13	4.7891e-16	6.24728e-19	1.02288e-21	9.52486e-25	7.22369e-28	4.90497e-31	1.68445e-34	7.39061e-38	2.00981e-41	8.39697e-45	1.65527e-48	5.50073e-52	7.38092e-56	1.49465e-59	1.39743e-63	2.00686e-67	2.8003e-71	
N3	9.84035e-35	4.96243e-29	5.89978e-25	2.37521e-21	1.08797e-18	1.61076e-16	1.22364e-14	1.30178e-11	4.2469e-09	2.84837e-08	9.39036e-08	8.56573e-07	1.73057e-06	7.21639e-06	0.000468731	0.0286656	0.315824	0.534301	0.114859	0.00575653	0.000111147	3.85117e-06	2.94189e-07	4.77346e-08	8.04846e-10	1.6764e-11	1.8644e-13	8.45702e-16	4.81218e-18	2.32291e-19	5.86214e-22	2.81854e-23	2.67451e-26	5.18549e-28	2.74396e-31	1.8407e-33	6.57669e-37	1.86941e-39	4.8842e-43	7.35088e-46	1.59376e-48	
N4	3.82115e-39	3.16075e-32	1.46693e-27	1.10616e-23	6.31841e-21	1.71638e-18	7.66551e-18	5.62186e-14	1.18882e-10	7.22756e-11	1.06371e-10	1.63478e-08	2.5855e-08	6.75635e-09	1.45681e-06	0.000693619	0.0692243	0.744096	0.180796	0.00515211	3.64006e-05	1.11755e-07	4.16207e-10	3.77319e-12	1.06701e-14	2.29905e-17	3.54646e-20	1.8816e-23	9.83283e-27	1.03929e-29	3.58571e-33	5.26838e-36	1.05879e-39	8.01644e-43	8.41948e-47	2.71349e-50	1.70316e-54	2.51967e-58	1.00351e-62	8.61052e-67	7.01837e-71	
N5	1.07836e-41	5.43258e-35	2.03415e-30	4.25105e-26	4.34845e-23	1.19365e-20	6.92196e-19	2.61612e-15	1.30706e-12	1.82743e-12	6.51895e-12	2.43973e-10	5.46332e-10	2.77915e-09	1.43806e-06	0.000644097	0.0654113	0.718958	0.207582	0.00733926	6.38319e-05	2.0276e-07	4.57311e-10	3.11866e-11	1.06605e-12	1.12932e-14	2.3824e-16	2.4149e-19	6.31453e-22	5.64065e-25	2.00612e-28	3.51335e-30	2.16495e-33	4.1281e-35	8.82442e-39	8.54566e-41	6.64569e-45	1.20347e-47	6.24679e-52	3.71303e-55	4.17562e-59	
B3088	0	0	0	0	0	0	0	0	0	0	0	0	0	0	0	0	0	1	0	0	0	0	0	0	0	0	0	0	0	0	0	0	0	0	0	0	0	0	0	0	0	
N6	1.28701e-39	9.91049e-34	1.6297e-29	1.07153e-25	5.50844e-23	9.235e-21	9.16047e-19	6.62962e-16	1.0648e-13	4.65807e-13	2.98813e-12	1.03411e-10	1.39698e-09	2.79005e-08	6.48151e-06	0.00132667	0.0777932	0.684562	0.224912	0.0112341	0.000164371	9.86839e-07	3.73204e-09	3.46866e-10	3.1156e-11	8.97363e-13	5.69707e-14	1.91264e-16	1.46381e-18	3.97478e-21	3.77954e-24	1.28289e-25	3.22992e-28	1.85775e-29	1.78755e-32	5.68227e-34	1.86315e-37	1.24179e-39	2.75314e-43	5.80799e-46	2.6705e-49	
N7	3.64298e-43	3.06286e-42	2.72845e-41	2.30445e-40	1.83685e-39	1.59577e-27	9.60349e-38	3.5698e-23	5.65916e-15	2.26679e-20	3.47358e-20	6.52008e-13	3.60397e-18	5.22031e-33	1.39249e-32	6.82247e-14	6.724e-07	0.999998	1.53991e-06	3.95805e-13	5.14056e-33	1.43788e-33	3.82768e-34	2.0114e-34	1.90987e-34	2.44018e-34	3.30244e-34	2.31426e-34	1.63277e-34	1.32075e-34	7.10257e-35	1.09656e-34	9.09414e-35	1.97275e-34	1.62569e-34	2.74747e-34	1.82494e-34	1.94805e-34	1.05784e-34	9.11768e-35	8.6977e-35	
BGA709	0	0	0	0	0	0	0	0	0	0	0	0	0	0	0	0	0	1	0	0	0	0	0	0	0	0	0	0	0	0	0	0	0	0	0	0	0	0	0	0	0	
BGA710	0	0	0	0	0	0	0	0	0	0	0	0	0	0	0	0	0	1	0	0	0	0	0	0	0	0	0	0	0	0	0	0	0	0	0	0	0	0	0	0	0	
BGA309	0	0	0	0	0	0	0	0	0	0	0	0	0	0	0	0	0	1	0	0	0	0	0	0	0	0	0	0	0	0	0	0	0	0	0	0	0	0	0	0	0	
N8	7.77847e-42	7.28898e-35	5.63218e-30	3.55728e-26	1.32385e-23	1.13683e-20	4.52514e-20	3.28522e-16	8.18417e-13	2.66108e-13	7.99413e-13	3.00259e-10	3.81569e-10	1.47002e-10	5.30812e-08	6.76739e-05	0.0218233	0.853412	0.122996	0.00169547	5.6793e-06	7.08262e-09	5.13388e-12	2.29552e-14	1.07895e-16	2.79406e-19	8.49824e-22	3.70469e-25	2.03692e-28	6.79758e-32	9.85694e-36	1.37187e-38	3.29333e-42	5.45585e-45	6.31984e-49	5.2191e-52	2.73262e-56	6.83456e-60	2.20639e-64	2.16392e-68	1.04157e-72	
N9	5.38518e-40	8.89352e-34	1.71023e-29	7.01837e-26	1.88674e-23	6.81168e-21	1.41566e-19	5.71856e-16	8.69298e-13	1.56781e-12	8.00191e-12	1.15349e-09	2.14712e-09	2.54199e-09	7.11518e-07	0.000335384	0.0449166	0.839295	0.113173	0.002266	1.38937e-05	3.66586e-08	6.12463e-11	5.5484e-13	6.59083e-15	5.08612e-17	4.0815e-19	4.63797e-22	5.67226e-25	4.64122e-28	1.89531e-31	5.83321e-34	4.68359e-37	2.0414e-39	1.09773e-42	2.44095e-45	4.92983e-49	2.51867e-52	3.02194e-56	7.62606e-60	1.43994e-63	
N10	7.10914e-47	7.92471e-46	9.10559e-45	1.00877e-43	1.09891e-42	1.96479e-30	1.32775e-40	1.1924e-25	2.90503e-17	2.63272e-22	7.86938e-22	2.44813e-14	3.15843e-19	6.30379e-34	3.19611e-33	4.03735e-14	5.67549e-07	0.999998	1.36279e-06	2.54594e-13	1.3217e-33	1.9943e-34	3.03392e-35	2.92287e-35	4.98807e-35	7.85291e-35	1.63618e-34	7.43218e-35	4.45989e-35	2.40343e-35	7.88033e-36	2.02175e-35	1.57441e-35	6.97061e-35	4.69027e-35	1.47399e-34	5.79521e-35	6.64841e-35	2.09239e-35	1.59331e-35	9.41492e-36	
B11696	0	0	0	0	0	0	0	0	0	0	0	0	0	0	0	0	0	1	0	0	0	0	0	0	0	0	0	0	0	0	0	0	0	0	0	0	0	0	0	0	0	
B11697	0	0	0	0	0	0	0	0	0	0	0	0	0	0	0	0	0	1	0	0	0	0	0	0	0	0	0	0	0	0	0	0	0	0	0	0	0	0	0	0	0	
N11	1.64534e-49	2.86966e-41	3.77569e-35	2.30469e-31	8.40877e-29	2.86586e-24	6.87758e-25	1.83948e-19	2.60475e-14	4.41298e-16	1.48447e-15	2.68852e-11	6.42188e-13	3.25496e-15	3.04372e-12	1.01952e-07	0.000909385	0.996831	0.00225911	6.80491e-07	6.06289e-11	2.27591e-15	5.23982e-20	5.6378e-24	7.62472e-28	6.52225e-32	5.79176e-36	7.51866e-41	1.0377e-45	9.28185e-51	3.71182e-56	9.93666e-61	5.70878e-66	1.57054e-70	4.1754e-76	4.39331e-81	3.37182e-87	5.93752e-93	1.56009e-99	6.12511e-106	7.7059e-113	
B11609	0	0	0	0	0	0	0	0	0	0	0	0	0	0	0	0	0	1	0	0	0	0	0	0	0	0	0	0	0	0	0	0	0	0	0	0	0	0	0	0	0	
BGA392	0	0	0	0	0	0	0	0	0	0	0	0	0	0	0	0	0	1	0	0	0	0	0	0	0	0	0	0	0	0	0	0	0	0	0	0	0	0	0	0	0	
N12	1.658e-49	1.33365e-41	6.87118e-36	1.26051e-31	1.55955e-28	7.43138e-25	2.28285e-24	1.14338e-19	1.43802e-15	1.9142e-16	1.11946e-15	1.11555e-12	1.72791e-12	4.88923e-13	9.92066e-10	6.45474e-06	0.00865419	0.897494	0.0933268	0.000517668	5.23527e-07	1.64408e-10	2.43723e-14	6.33952e-17	2.38084e-19	2.36316e-22	5.56151e-25	5.95957e-29	1.60975e-32	2.97811e-33	2.40121e-34	5.06824e-35	7.94626e-37	3.81012e-37	2.62699e-39	8.35409e-40	2.10329e-42	1.74379e-43	3.33905e-46	9.00304e-48	3.55545e-50	
N13	5.38834e-43	3.33777e-37	1.5242e-33	9.83032e-31	3.39322e-29	3.02895e-27	7.72114e-26	2.79412e-21	1.83977e-17	4.69767e-18	3.17824e-17	2.297e-14	8.07927e-14	2.48427e-13	9.43083e-10	6.0523e-06	0.00829815	0.902849	0.088392	0.000453885	4.358e-07	1.33193e-10	1.94525e-14	3.71334e-16	1.09029e-17	3.1194e-20	5.61751e-22	1.26819e-25	1.10725e-28	1.34257e-32	3.19919e-37	1.14557e-39	1.90613e-43	3.64927e-45	1.61957e-49	1.9011e-51	1.34157e-56	2.25829e-59	1.06077e-64	3.17528e-68	3.60826e-73	
N14	4.78438e-47	1.83224e-40	8.74099e-36	1.13146e-31	1.08558e-28	1.20703e-25	1.03386e-23	1.07255e-19	3.63396e-16	2.11981e-15	2.87616e-14	8.08663e-12	4.62907e-11	1.84401e-10	1.13507e-07	0.000102727	0.0260141	0.876994	0.0956504	0.00123408	4.486e-06	6.69176e-09	6.45575e-12	1.89974e-13	6.10884e-15	6.95932e-17	1.61829e-18	1.26847e-21	2.04303e-24	1.09347e-27	2.33879e-31	1.40039e-33	1.34391e-36	1.90943e-38	1.09129e-41	8.24015e-44	8.77047e-48	8.19566e-51	5.67846e-55	1.72441e-58	2.48005e-62	
N15	5.46443e-47	8.25346e-46	1.26353e-44	1.83618e-43	2.52081e-42	6.8953e-30	3.91795e-40	4.58964e-25	9.28046e-17	8.67051e-22	2.28876e-21	5.45995e-14	6.99021e-19	9.42532e-34	4.21878e-33	6.16912e-14	6.91946e-07	0.999998	1.56634e-06	3.51502e-13	1.525e-33	2.54115e-34	4.38853e-35	4.13259e-35	6.7294e-35	1.08699e-34	2.05647e-34	1.01573e-34	5.8323e-35	3.23045e-35	1.17517e-35	2.75577e-35	2.27022e-35	8.75357e-35	6.85822e-35	1.83505e-34	8.54903e-35	8.42841e-35	2.98781e-35	2.12538e-35	1.41121e-35	
B985	0	0	0	0	0	0	0	0	0	0	0	0	0	0	0	0	0	1	0	0	0	0	0	0	0	0	0	0	0	0	0	0	0	0	0	0	0	0	0	0	0	
B983	0	0	0	0	0	0	0	0	0	0	0	0	0	0	0	0	0	1	0	0	0	0	0	0	0	0	0	0	0	0	0	0	0	0	0	0	0	0	0	0	0	
N16	1.00112e-45	1.81754e-38	2.92591e-33	2.94397e-29	1.76487e-26	6.04274e-23	3.81842e-22	9.74865e-18	1.02249e-13	3.72684e-14	1.69922e-13	1.77897e-10	7.61095e-11	1.14738e-11	6.87263e-09	1.70746e-05	0.0114815	0.959339	0.029046	0.000116663	1.38789e-07	6.99675e-11	2.24257e-14	4.62098e-17	1.17494e-19	1.8198e-22	3.16868e-25	6.78027e-29	1.68927e-32	2.68176e-36	2.07486e-40	1.41743e-43	2.23437e-47	2.13259e-50	2.10936e-54	1.03507e-57	3.78487e-62	1.80669e-65	1.39593e-66	9.92627e-67	5.18003e-67	
N17	1.13354e-50	2.67007e-49	5.85065e-48	1.13441e-46	1.92213e-45	2.9e-33	3.60264e-43	2.11277e-28	6.78332e-20	5.78237e-25	2.50985e-24	1.7956e-16	3.96524e-21	2.88133e-35	3.33336e-34	5.94859e-15	2.29792e-07	0.999999	5.68759e-07	3.93317e-14	1.46306e-34	9.75273e-36	7.94145e-37	2.66632e-36	9.24541e-36	1.68011e-35	7.34571e-35	1.60571e-35	8.3772e-36	2.25049e-36	3.52352e-37	1.91842e-36	1.42788e-36	1.56911e-35	8.74362e-36	7.06958e-35	1.21517e-35	1.46411e-35	2.12272e-36	1.47434e-36	6.032e-37	
B199	0	0	0	0	0	0	0	0	0	0	0	0	0	0	0	0	0	1	0	0	0	0	0	0	0	0	0	0	0	0	0	0	0	0	0	0	0	0	0	0	0	
BGAA3	0	0	0	0	0	0	0	0	0	0	0	0	0	0	0	0	0	1	0	0	0	0	0	0	0	0	0	0	0	0	0	0	0	0	0	0	0	0	0	0	0	
N18	1.12626e-50	2.6556e-49	5.82448e-48	1.13036e-46	1.91689e-45	5.8017e-33	3.59709e-43	4.22939e-28	9.58018e-20	1.1567e-24	5.01783e-24	2.53268e-16	7.92924e-21	2.87635e-35	3.33009e-34	1.19215e-14	3.25177e-07	0.999999	8.05152e-07	7.88746e-14	1.46284e-34	9.74531e-36	7.92912e-37	2.66336e-36	9.24005e-36	1.67881e-35	7.34486e-35	1.60476e-35	8.37562e-36	2.24914e-36	3.51856e-37	1.91644e-36	1.42606e-36	1.56847e-35	8.73399e-36	7.06899e-35	1.2139e-35	1.46399e-35	2.12092e-36	1.47365e-36	6.02475e-37	
B11604	0	0	0	0	0	0	0	0	0	0	0	0	0	0	0	0	0	1	0	0	0	0	0	0	0	0	0	0	0	0	0	0	0	0	0	0	0	0	0	0	0	
BGA583	0	0	0	0	0	0	0	0	0	0	0	0	0	0	0	0	0	1	0	0	0	0	0	0	0	0	0	0	0	0	0	0	0	0	0	0	0	0	0	0	0	
N19	1.17622e-47	2.29218e-40	3.89684e-35	6.11823e-31	5.49721e-28	1.623e-24	2.24147e-23	6.11129e-19	5.75576e-15	5.06035e-15	4.49304e-14	2.86436e-11	4.12029e-11	2.19743e-11	1.91983e-08	3.51354e-05	0.0166453	0.917388	0.0654299	0.000500668	1.00869e-06	7.96915e-10	3.82492e-13	2.12386e-15	1.42527e-17	4.74183e-20	2.092e-22	6.65005e-26	2.90158e-29	6.19783e-33	5.88392e-37	7.51908e-40	2.02649e-43	4.71052e-46	8.2027e-50	9.4757e-53	4.29605e-57	7.96566e-61	2.16886e-65	1.61248e-69	7.20474e-74	
N20	1.7509e-48	2.90159e-47	1.67771e-42	1.54866e-38	8.67213e-36	5.85782e-29	1.40258e-31	6.1121e-24	1.40027e-16	1.83711e-20	6.15897e-20	1.66479e-13	2.98469e-17	9.32058e-22	1.14223e-18	5.22287e-12	6.53058e-06	0.999979	1.48568e-05	3.00299e-11	1.87669e-17	1.14337e-34	1.64839e-35	2.13834e-35	4.24798e-35	7.39824e-35	1.68352e-34	6.92252e-35	3.68558e-35	1.70197e-35	5.12097e-36	1.46651e-35	1.19808e-35	5.95087e-35	4.53466e-35	1.54006e-34	5.88521e-35	5.64771e-35	1.64024e-35	1.10535e-35	6.50118e-36	
BGA89	0	0	0	0	0	0	0	0	0	0	0	0	0	0	0	0	0	1	0	0	0	0	0	0	0	0	0	0	0	0	0	0	0	0	0	0	0	0	0	0	0	
BGA40	0	0	0	0	0	0	0	0	0	0	0	0	0	0	0	0	0	1	0	0	0	0	0	0	0	0	0	0	0	0	0	0	0	0	0	0	0	0	0	0	0	
N21	2.22646e-47	2.49698e-40	2.66155e-35	4.11927e-31	3.58824e-28	5.2801e-25	1.34199e-23	1.27512e-19	4.23294e-16	6.324e-16	4.75817e-15	2.32711e-12	7.09824e-12	1.31728e-11	1.36896e-08	2.87417e-05	0.0154793	0.931343	0.0528336	0.000315247	5.00675e-07	3.14712e-10	1.23923e-13	2.14734e-15	3.68019e-17	1.59391e-19	2.03303e-21	6.69512e-25	6.24275e-28	1.57795e-31	1.38902e-35	6.1514e-38	2.29812e-41	2.21675e-43	3.42424e-47	1.92555e-49	6.42469e-54	4.82388e-57	1.10333e-61	3.04085e-65	6.09258e-68	
N22	2.78346e-50	6.32311e-49	1.47179e-47	3.32242e-46	7.18786e-45	3.387e-32	2.83827e-42	5.77077e-27	1.79696e-18	2.80083e-23	1.18331e-22	4.3306e-15	9.18908e-20	1.81229e-34	1.27656e-33	3.14465e-14	5.13522e-07	0.999998	1.20502e-06	1.90047e-13	4.97083e-34	5.31273e-35	6.37331e-36	1.10256e-35	2.60257e-35	4.70739e-35	1.30318e-34	4.45479e-35	2.30787e-35	9.04132e-36	2.23283e-36	7.71239e-36	6.16712e-36	3.91107e-35	2.76927e-35	1.21519e-34	3.69678e-35	3.707e-35	8.81468e-36	5.85371e-36	3.04658e-36	
BGAA2	0	0	0	0	0	0	0	0	0	0	0	0	0	0	0	0	0	1	0	0	0	0	0	0	0	0	0	0	0	0	0	0	0	0	0	0	0	0	0	0	0	
BGAA1	0	0	0	0	0	0	0	0	0	0	0	0	0	0	0	0	0	1	0	0	0	0	0	0	0	0	0	0	0	0	0	0	0	0	0	0	0	0	0	0	0	
N23	2.43109e-56	4.24866e-47	5.297e-40	6.67577e-36	5.06084e-33	1.64802e-27	1.51146e-28	3.20628e-22	3.42882e-16	1.73381e-18	7.90944e-18	9.72859e-13	6.57185e-15	8.40189e-18	1.20895e-14	2.60135e-09	0.000148507	0.999496	0.000355821	1.62609e-08	2.201e-13	1.23025e-18	4.47537e-24	1.5658e-28	4.63352e-33	6.23977e-38	7.95139e-43	6.25568e-49	3.56927e-55	4.2352e-62	2.06953e-36	7.33707e-36	5.8218e-36	3.90512e-35	2.70032e-35	1.26123e-34	3.63271e-35	3.76651e-35	8.57965e-36	5.73418e-36	2.87942e-36	
BGA584	0	0	0	0	0	0	0	0	0	0	0	0	0	0	0	0	0	1	0	0	0	0	0	0	0	0	0	0	0	0	0	0	0	0	0	0	0	0	0	0	0	
BGA706	0	0	0	0	0	0	0	0	0	0	0	0	0	0	0	0	0	1	0	0	0	0	0	0	0	0	0	0	0	0	0	0	0	0	0	0	0	0	0	0	0	
N24	3.71779e-43	1.27526e-36	5.38987e-32	4.92393e-28	2.9588e-25	2.41679e-22	7.99951e-21	5.32322e-17	1.21792e-13	2.52585e-13	1.58306e-12	3.18776e-10	6.66444e-10	8.47607e-10	3.08402e-07	0.000198248	0.0358346	0.869142	0.0934067	0.00141135	6.42227e-06	1.24803e-08	1.57718e-11	1.69635e-13	2.21416e-15	1.68133e-17	1.46279e-19	1.2858e-22	1.34195e-25	8.28494e-29	2.50231e-32	7.85579e-35	5.70502e-38	2.82635e-40	1.41489e-43	3.50655e-46	5.42751e-50	2.44266e-53	2.24633e-57	4.80287e-61	8.90805e-65	
N25	2.15019e-56	1.12429e-46	2.95002e-39	2.14329e-35	9.66145e-33	5.73983e-27	1.1902e-28	5.12856e-22	1.1833e-15	1.5277e-18	5.28857e-18	1.49538e-12	2.67354e-15	8.66309e-19	1.0171e-15	4.90996e-10	6.34948e-05	0.999783	0.00015327	3.11858e-09	1.90055e-14	3.77928e-20	3.22042e-26	7.71428e-32	4.11434e-35	6.71032e-35	1.54714e-34	6.37373e-35	3.70373e-35	1.80333e-35	5.31877e-36	1.51197e-35	1.17432e-35	5.96038e-35	3.93465e-35	1.41268e-34	4.98112e-35	5.69507e-35	1.60981e-35	1.19157e-35	6.52991e-36	
BGA304	0	0	0	0	0	0	0	0	0	0	0	0	0	0	0	0	0	1	0	0	0	0	0	0	0	0	0	0	0	0	0	0	0	0	0	0	0	0	0	0	0	
BGA303	0	0	0	0	0	0	0	0	0	0	0	0	0	0	0	0	0	1	0	0	0	0	0	0	0	0	0	0	0	0	0	0	0	0	0	0	0	0	0	0	0	
N26	6.71038e-48	8.83485e-47	1.20856e-45	1.62479e-44	2.17602e-43	2.58995e-31	3.90687e-41	2.24302e-26	8.56013e-18	6.45728e-23	2.15931e-22	1.01519e-14	1.06752e-19	4.3529e-34	2.44125e-33	1.84533e-14	3.87643e-07	0.999999	9.27046e-07	1.15412e-13	9.97276e-34	1.35539e-34	1.90626e-35	2.1715e-35	4.0868e-35	6.66273e-35	1.50833e-34	6.29865e-35	3.64437e-35	1.7943e-35	5.40274e-36	1.51789e-35	1.18588e-35	5.87133e-35	3.93443e-35	1.37475e-34	4.96583e-35	5.57578e-35	1.60701e-35	1.18254e-35	6.59726e-36	
BGAB1	0	0	0	0	0	0	0	0	0	0	0	0	0	0	0	0	0	1	0	0	0	0	0	0	0	0	0	0	0	0	0	0	0	0	0	0	0	0	0	0	0	
BGA7	0	0	0	0	0	0	0	0	0	0	0	0	0	0	0	0	0	1	0	0	0	0	0	0	0	0	0	0	0	0	0	0	0	0	0	0	0	0	0	0	0	
N27	9.5259e-39	3.32894e-38	1.19695e-33	2.76747e-30	3.87571e-28	4.83408e-22	3.93456e-25	3.18012e-18	1.35583e-11	6.07158e-16	5.15688e-16	2.6217e-10	1.63423e-14	1.81247e-19	6.02869e-17	5.9176e-11	1.84677e-05	0.999952	2.95297e-05	1.72575e-10	3.80519e-16	2.81179e-33	1.22995e-33	8.54848e-34	6.78917e-34	6.81447e-34	6.61277e-34	5.53786e-34	4.20213e-34	4.54218e-34	3.49163e-34	4.75916e-34	4.16834e-34	5.55267e-34	4.61467e-34	5.16783e-34	3.80548e-34	3.48838e-34	2.31792e-34	2.13758e-34	2.75464e-34	
PGA445	0	0	0	0	0	0	0	0	0	0	0	0	0	0	0	0	0	1	0	0	0	0	0	0	0	0	0	0	0	0	0	0	0	0	0	0	0	0	0	0	0	
PGA363	0	0	0	0	0	0	0	0	0	0	0	0	0	0	0	0	0	1	0	0	0	0	0	0	0	0	0	0	0	0	0	0	0	0	0	0	0	0	0	0	0	
N28	2.05621e-38	1.23551e-30	8.07022e-26	3.17292e-21	1.58449e-18	6.87145e-16	4.50707e-14	8.85526e-11	7.47307e-09	2.16076e-08	7.99988e-06	3.7446e-05	1.01079e-05	0.000331147	0.0217572	0.351245	0.582419	0.0439449	0.000246814	2.56351e-07	8.02111e-11	1.01763e-14	6.35356e-19	3.3572e-23	8.08668e-27	2.29514e-30	1.2053e-33	9.18648e-38	7.87671e-42	4.73049e-46	6.60153e-51	1.86092e-54	2.16923e-53	4.26133e-54	1.77165e-56	4.56408e-57	2.51386e-58	2.0814e-58	3.02985e-59	9.28629e-58	1.53509e-57	
N29	7.90647e-36	3.31841e-29	4.49271e-24	1.01911e-20	9.71724e-17	1.24016e-14	2.64275e-13	2.7138e-11	9.59461e-09	4.28368e-06	0.000550132	0.0151211	0.119958	0.333747	0.35933	0.150013	0.0208439	0.000431502	1.24278e-06	1.28056e-09	6.45413e-13	2.07162e-16	3.04728e-19	9.55252e-21	7.72336e-23	1.99014e-25	6.34954e-28	1.60096e-31	1.14845e-34	1.84842e-35	4.01446e-36	1.33695e-35	2.88997e-36	2.77746e-35	3.35043e-36	4.7341e-36	6.45108e-38	5.50664e-39	3.27271e-41	1.06532e-42	2.85872e-44	
Rhaspe	0	0	0	0	0	0	0	0	0	1	0	0	0	0	0	0	0	0	0	0	0	0	0	0	0	0	0	0	0	0	0	0	0	0	0	0	0	0	0	0	0	
N30	3.58136e-33	1.11404e-27	2.32025e-23	4.77887e-20	9.17349e-17	1.5337e-14	1.24301e-12	2.48674e-10	1.04933e-07	2.71588e-05	0.00186886	0.0322871	0.179102	0.370559	0.305853	0.0992445	0.0108568	0.00020031	7.74078e-07	1.29337e-09	2.50996e-12	7.77745e-14	1.88581e-15	1.53385e-16	1.49039e-18	1.88628e-20	1.08153e-22	3.06717e-25	5.64871e-28	6.62277e-29	4.31578e-32	5.96558e-33	1.97293e-36	1.52181e-37	2.6e-41	5.12953e-43	6.41544e-47	2.56357e-49	2.79208e-53	4.81197e-56	3.06828e-58	
Rhamar	0	0	0	0	0	0	0	0	0	1	0	0	0	0	0	0	0	0	0	0	0	0	0	0	0	0	0	0	0	0	0	0	0	0	0	0	0	0	0	0	0	
Rhatem	0	0	0	0	0	0	0	0	0	0	1	0	0	0	0	0	0	0	0	0	0	0	0	0	0	0	0	0	0	0	0	0	0	0	0	0	0	0	0	0	0	
N31	9.70201e-44	1.54598e-35	3.18827e-31	4.31227e-25	1.19227e-23	7.90255e-21	1.29269e-17	9.44009e-13	4.86687e-11	5.31602e-11	1.44317e-08	1.6399e-07	6.92221e-07	2.45285e-05	0.00806502	0.317869	0.627206	0.0466636	0.000171793	1.17484e-07	5.50904e-10	8.42816e-13	9.57844e-16	1.11951e-18	1.08605e-22	9.37739e-26	3.99362e-30	2.44812e-31	6.33886e-33	1.00138e-32	1.87435e-35	6.81505e-36	7.21489e-39	1.29076e-39	1.06685e-42	8.14971e-44	5.59787e-47	1.52254e-48	1.41442e-51	1.63321e-53	2.02575e-54	
N32	1.20807e-41	4.6616e-34	1.3065e-28	6.51564e-25	4.08807e-22	2.68299e-18	5.43925e-17	7.88557e-14	3.81817e-11	1.36962e-10	1.39832e-08	4.753e-06	2.43879e-05	3.73827e-05	0.00511069	0.19947	0.67106	0.122998	0.00129197	2.37842e-06	2.4824e-09	1.03659e-11	3.43993e-14	1.30571e-16	5.71249e-20	2.7267e-23	5.19795e-27	8.49904e-31	1.39129e-34	1.6324e-37	1.5141e-41	9.79721e-45	3.17686e-48	7.11512e-48	2.49772e-50	3.23059e-52	1.27799e-54	9.32233e-57	1.80625e-59	1.15082e-60	3.19183e-60	
N33	2.15869e-36	4.51098e-30	2.93328e-25	3.24337e-22	1.71969e-19	3.0984e-16	1.80642e-14	1.83198e-12	4.11656e-11	1.14752e-09	2.58596e-07	2.71033e-05	0.00065993	0.0141185	0.147027	0.466848	0.344333	0.0267372	0.000247342	7.28722e-07	9.65684e-10	8.60687e-13	4.23128e-15	2.02789e-16	2.26843e-18	1.05526e-20	5.09199e-23	2.47862e-26	2.59967e-29	2.64257e-32	2.15955e-35	3.1596e-37	1.89925e-40	1.66961e-42	2.99981e-46	9.34636e-49	9.24317e-53	5.33273e-56	3.47945e-60	9.82506e-64	3.02298e-67	
N34	1.02841e-38	5.6011e-38	3.3427e-37	1.85686e-36	9.5367e-36	4.49416e-35	1.56106e-24	8.07863e-19	1.0369e-17	7.60338e-19	1.5781e-11	4.09488e-16	7.43887e-32	1.03579e-31	8.7737e-13	2.33763e-06	0.999995	2.16671e-06	9.19783e-13	2.37839e-33	1.14192e-33	7.83987e-34	7.24351e-34	8.11778e-34	5.31661e-34	5.57904e-34	4.20061e-34	5.73325e-34	4.38475e-34	6.60457e-34	4.65583e-34	5.73924e-34	3.54776e-34	3.38707e-34	1.79294e-34	1.36947e-34	6.15965e-35	4.03152e-35	1.85014e-35	2.00955e-35	5.13491e-35	
FGA379	0	0	0	0	0	0	0	0	0	0	0	0	0	0	0	0	1	0	0	0	0	0	0	0	0	0	0	0	0	0	0	0	0	0	0	0	0	0	0	0	0	
F647	0	0	0	0	0	0	0	0	0	0	0	0	0	0	0	0	1	0	0	0	0	0	0	0	0	0	0	0	0	0	0	0	0	0	0	0	0	0	0	0	0	
N35	1.49955e-35	2.73688e-29	3.75847e-24	5.63295e-22	9.00181e-19	6.15858e-15	7.4304e-14	3.0846e-12	8.48419e-11	1.85021e-08	3.03528e-05	0.0123784	0.208049	0.467244	0.262521	0.0471018	0.00264562	3.0485e-05	7.68239e-08	7.88586e-11	4.22656e-14	1.56837e-17	1.90009e-20	2.29146e-22	7.6667e-25	1.42875e-27	2.69795e-30	7.42447e-34	3.8236e-37	2.35771e-40	8.55063e-44	4.31256e-46	1.207e-49	3.97841e-52	4.71742e-56	8.39704e-59	1.22022e-62	1.39514e-65	2.45058e-69	1.7761e-72	1.06321e-75	
N36	7.53266e-38	1.72199e-30	1.92968e-24	8.30171e-22	1.39563e-18	7.31022e-14	1.11991e-12	1.65191e-10	4.95437e-10	1.33079e-07	0.00012044	0.0808766	0.527635	0.365876	0.0251163	0.000373801	1.42763e-06	1.31152e-09	4.07418e-13	5.97774e-17	1.95611e-20	1.44127e-23	1.12193e-26	1.12038e-25	7.1709e-26	5.83743e-27	1.77718e-28	1.79797e-29	3.33107e-31	1.05532e-31	1.21688e-33	2.69805e-34	2.0678e-36	2.50873e-37	1.3842e-39	6.45629e-41	2.80883e-43	6.14135e-45	2.34209e-47	4.60024e-49	8.30097e-50	
N37	5.23527e-38	4.97181e-32	1.36808e-26	9.44809e-24	1.077e-19	3.47233e-15	7.29937e-15	2.37344e-12	5.23091e-11	9.08325e-08	0.00068079	0.270731	0.633261	0.0940104	0.0013138	3.23481e-06	1.77586e-09	2.43628e-13	1.27063e-17	7.09689e-22	2.6507e-24	1.01479e-27	4.65332e-31	2.67698e-30	6.38225e-31	8.26907e-32	8.17722e-34	8.38363e-34	2.50965e-36	2.44043e-36	3.95149e-39	1.81296e-39	2.16809e-42	3.78484e-43	3.83578e-46	2.21311e-47	1.9772e-50	7.43942e-52	2.32426e-53	2.33987e-53	8.44205e-52	
N38	1.03121e-39	9.26754e-39	8.48899e-38	7.12723e-37	6.18499e-22	5.86827e-20	9.58073e-14	3.65936e-18	1.40832e-15	9.5775e-08	0.999994	6.06743e-06	5.52427e-12	6.46598e-32	2.01369e-32	4.33144e-33	8.55111e-34	4.82297e-34	3.99275e-34	4.0423e-34	3.41264e-34	2.16128e-34	1.43525e-34	3.13604e-34	2.18512e-34	4.69099e-34	2.17795e-34	2.68497e-34	9.6942e-35	7.1017e-35	2.0411e-35	1.20252e-35	3.17382e-36	1.85733e-36	6.66426e-37	1.38294e-36	6.74634e-37	1.19605e-36	1.50797e-36	2.28566e-36	7.28852e-36	
F3016	0	0	0	0	0	0	0	0	0	0	1	0	0	0	0	0	0	0	0	0	0	0	0	0	0	0	0	0	0	0	0	0	0	0	0	0	0	0	0	0	0	
F3015	0	0	0	0	0	0	0	0	0	0	1	0	0	0	0	0	0	0	0	0	0	0	0	0	0	0	0	0	0	0	0	0	0	0	0	0	0	0	0	0	0	
N39	1.2459e-38	3.19327e-33	2.62599e-28	2.25743e-25	3.23187e-21	1.33159e-16	1.38863e-15	1.21023e-12	1.506e-10	1.14008e-07	0.000932446	0.349851	0.608316	0.0406985	0.000201673	1.51684e-07	2.63591e-11	2.11238e-15	2.7455e-18	3.40682e-21	1.10105e-23	1.62679e-27	7.88994e-31	2.2162e-34	6.88077e-39	7.7817e-41	9.42187e-46	2.64807e-47	1.8664e-49	1.06418e-47	2.35957e-47	4.91149e-48	9.71002e-51	6.21763e-52	1.7472e-54	1.59192e-53	2.04163e-54	1.31138e-54	5.61781e-56	7.65972e-58	2.41977e-58	
N40	2.85894e-42	2.05258e-34	9.11368e-28	6.77164e-25	6.44138e-21	1.32286e-15	1.95589e-14	9.3516e-12	1.16184e-10	5.08978e-08	0.000358752	0.401604	0.578673	0.0193245	4.00002e-05	1.48708e-08	2.15035e-12	1.27056e-14	3.04304e-17	4.59581e-20	5.6858e-23	7.71561e-27	2.24185e-30	1.14615e-32	3.96293e-37	3.32556e-39	3.6167e-44	1.11786e-46	5.61152e-50	1.54356e-48	5.08767e-47	1.9645e-48	4.45888e-51	8.66379e-53	7.99798e-54	1.07306e-50	1.07951e-51	3.55672e-52	2.14495e-53	4.32513e-54	2.46538e-53	
N41	1.42226e-45	1.25702e-36	5.48249e-29	1.41475e-26	1.98362e-22	2.82999e-16	1.90237e-16	4.9577e-13	1.14675e-12	1.80736e-08	0.000773406	0.719085	0.279079	0.00106301	1.64646e-07	5.08091e-12	6.34381e-17	3.28529e-20	1.23121e-23	1.1109e-27	9.53986e-32	4.66684e-35	2.87977e-37	2.24886e-38	5.15348e-41	8.43892e-42	3.26375e-45	1.58891e-46	1.39842e-48	6.73365e-46	9.99613e-44	7.47357e-44	6.66785e-45	4.12205e-45	6.69432e-44	8.22553e-40	1.67995e-39	2.52149e-38	4.66063e-38	2.89767e-38	1.29679e-37	
N42	4.95273e-40	6.88827e-34	4.96935e-29	3.56999e-27	8.771e-23	4.20234e-18	2.88419e-16	1.18473e-13	5.78502e-11	3.50649e-07	0.00326629	0.73333	0.262468	0.00093593	1.68872e-07	9.98712e-12	1.46599e-14	8.64006e-16	4.21086e-19	3.14107e-22	1.77537e-26	4.15354e-30	6.97935e-34	2.83165e-33	5.14441e-35	1.61127e-34	9.24761e-38	1.12336e-38	5.0439e-42	1.26065e-43	5.47328e-47	1.08721e-48	9.0127e-51	2.51029e-52	4.37777e-54	1.09721e-53	3.7763e-56	4.54096e-55	8.65825e-55	4.61111e-55	2.05134e-54	
N43	1.26943e-40	1.5158e-39	1.79506e-38	1.9387e-37	5.84625e-22	7.02792e-20	8.70174e-14	6.75316e-18	3.11749e-15	1.4775e-07	0.999991	9.19399e-06	8.64763e-12	1.62055e-32	2.48764e-33	3.49024e-34	1.60659e-34	3.11819e-34	1.90885e-34	1.64128e-34	7.81276e-35	1.10194e-34	8.65413e-35	2.67858e-34	1.16469e-34	2.20258e-34	6.25314e-35	4.12519e-35	8.5429e-36	4.6989e-36	8.45124e-37	5.19153e-37	2.24969e-37	2.75783e-37	2.28387e-37	9.34681e-37	3.40074e-37	4.61496e-37	5.12389e-37	6.09331e-37	1.97688e-36	
F1476	0	0	0	0	0	0	0	0	0	0	1	0	0	0	0	0	0	0	0	0	0	0	0	0	0	0	0	0	0	0	0	0	0	0	0	0	0	0	0	0	0	
FGA81	0	0	0	0	0	0	0	0	0	0	1	0	0	0	0	0	0	0	0	0	0	0	0	0	0	0	0	0	0	0	0	0	0	0	0	0	0	0	0	0	0	
N44	3.33896e-42	5.46586e-36	6.67993e-29	1.83587e-25	4.9862e-21	6.99774e-16	3.3398e-13	3.0132e-11	1.31271e-09	3.32486e-06	0.00484846	0.728328	0.264756	0.00206273	7.61273e-07	5.19938e-10	2.84055e-12	9.94473e-14	2.66918e-17	2.54665e-20	1.30708e-24	5.14101e-27	6.42737e-30	2.38031e-27	8.4684e-30	5.07399e-30	4.83178e-33	1.98881e-34	1.53221e-37	3.45998e-39	2.46967e-42	2.07192e-43	8.80749e-45	1.82682e-46	2.2257e-48	2.86822e-48	1.49071e-51	1.04086e-52	3.30503e-54	3.29365e-56	4.38242e-57	
Furcep	0	0	0	0	0	0	0	0	0	0	0	0	0	1	0	0	0	0	0	0	0	0	0	0	0	0	0	0	0	0	0	0	0	0	0	0	0	0	0	0	0	
N45	1.5406e-38	3.35724e-33	6.33698e-27	6.49885e-24	3.33306e-19	1.99751e-15	1.16622e-13	5.44642e-12	9.45735e-10	7.24682e-06	0.0325859	0.807723	0.159041	0.000642662	2.54474e-07	4.59118e-11	3.58465e-14	9.24563e-16	2.29332e-18	3.91666e-21	1.51824e-24	2.07122e-28	1.01188e-31	2.49004e-33	1.10447e-37	1.64748e-39	1.65796e-44	2.99772e-47	2.05428e-52	4.43664e-56	2.27829e-61	4.20873e-65	3.37928e-70	1.55786e-73	3.80794e-78	1.88229e-80	6.79854e-86	7.44606e-89	9.50987e-93	3.14321e-97	5.86771e-101	
Furpol	0	0	0	0	0	0	0	0	0	0	0	1	0	0	0	0	0	0	0	0	0	0	0	0	0	0	0	0	0	0	0	0	0	0	0	0	0	0	0	0	0	
N46	6.23634e-39	2.3207e-31	3.19463e-25	4.42374e-22	6.26648e-17	3.56816e-14	7.07918e-12	5.38073e-11	4.89001e-08	0.000461389	0.630934	0.358045	0.0105469	1.31592e-05	4.42286e-09	7.30677e-13	6.71691e-16	7.60507e-18	6.50377e-21	5.61044e-24	8.85777e-28	4.10523e-31	1.38981e-34	6.11072e-37	3.25209e-41	6.40355e-44	1.17139e-48	2.28911e-52	2.67081e-57	2.16512e-61	1.6344e-66	9.92008e-71	2.54875e-75	2.6404e-79	1.52408e-83	1.42388e-86	8.2716e-92	1.31344e-95	8.20357e-100	1.88216e-104	1.95943e-108	
N47	6.80114e-39	3.26216e-31	5.15609e-25	8.91506e-22	1.7096e-16	6.79763e-14	2.25876e-11	9.23498e-11	8.99502e-08	0.000828362	0.89294	0.105707	0.000524279	2.83779e-07	5.23983e-11	3.57336e-14	6.64424e-17	2.369e-19	4.0814e-23	2.75702e-26	4.41117e-30	1.62286e-32	1.12427e-36	3.12601e-39	6.07372e-44	4.00204e-47	4.70464e-52	4.70653e-56	3.39213e-61	2.22769e-65	4.92678e-70	1.19003e-71	1.63766e-73	9.62459e-76	2.69307e-78	2.8777e-79	1.58288e-82	1.34225e-84	1.04888e-86	5.5731e-89	2.31356e-90	
N48	5.42221e-44	1.72471e-42	1.65243e-32	1.99755e-29	2.38681e-21	6.82539e-19	1.26434e-13	3.36397e-16	3.13498e-13	1.72641e-06	0.999959	3.91813e-05	8.82847e-11	4.93859e-17	2.12961e-35	3.65005e-35	3.71754e-35	3.32219e-35	4.19043e-36	1.07723e-35	7.54531e-36	6.30947e-35	8.36262e-36	3.01304e-35	2.90942e-36	2.5504e-36	2.29346e-37	1.16865e-37	9.23781e-39	1.47569e-38	4.05527e-39	2.67186e-38	4.38917e-38	2.82728e-38	6.36729e-39	3.9713e-38	4.34014e-39	2.84317e-39	1.87699e-39	8.81247e-39	7.65706e-38	
F2241	0	0	0	0	0	0	0	0	0	0	1	0	0	0	0	0	0	0	0	0	0	0	0	0	0	0	0	0	0	0	0	0	0	0	0	0	0	0	0	0	0	
F12266	0	0	0	0	0	0	0	0	0	0	1	0	0	0	0	0	0	0	0	0	0	0	0	0	0	0	0	0	0	0	0	0	0	0	0	0	0	0	0	0	0	
Furang	0	0	0	0	0	0	0	0	0	0	1	0	0	0	0	0	0	0	0	0	0	0	0	0	0	0	0	0	0	0	0	0	0	0	0	0	0	0	0	0	0	
Fga490	0	0	0	0	0	0	0	0	0	0	1	0	0	0	0	0	0	0	0	0	0	0	0	0	0	0	0	0	0	0	0	0	0	0	0	0	0	0	0	0	0	
N49	2.02344e-42	3.85621e-34	4.02056e-27	1.35426e-24	2.92047e-20	4.77062e-15	1.13267e-14	7.13138e-12	6.30026e-11	6.8263e-07	0.00684257	0.898933	0.094131	9.30716e-05	1.52975e-08	9.43744e-13	3.70063e-16	2.8581e-18	1.38768e-21	4.92175e-25	2.30497e-29	2.44038e-33	2.76298e-37	6.15258e-40	8.84422e-45	9.11696e-48	3.26984e-53	3.49083e-57	9.85412e-60	2.15379e-59	5.21001e-60	3.04603e-62	1.30097e-64	3.20077e-66	2.96323e-67	1.98668e-65	1.85824e-67	1.14786e-68	8.30701e-69	5.0718e-69	1.60586e-68	
N50	1.24655e-41	1.28397e-33	6.1978e-27	6.34774e-24	1.81496e-19	6.624e-15	8.76319e-14	2.46628e-11	2.25408e-09	1.27731e-06	0.00868882	0.920937	0.0702916	8.16938e-05	1.64495e-08	6.70217e-12	1.95537e-14	2.46763e-16	5.25301e-20	3.3823e-23	1.90042e-27	5.27227e-30	5.18349e-34	2.98798e-36	2.90204e-41	3.62267e-44	1.83327e-49	1.59523e-53	5.45107e-57	9.61547e-57	1.16549e-55	7.75951e-57	5.00156e-58	8.87742e-60	1.42996e-61	5.48769e-59	2.45479e-59	1.44867e-60	3.16282e-62	2.48183e-64	2.04455e-65	
N51	1.64589e-43	6.69023e-35	1.48006e-27	6.61593e-25	6.74585e-21	6.5588e-15	1.09632e-13	2.365e-11	2.43481e-10	2.78704e-08	0.000560924	0.918917	0.0803043	0.000217221	3.27914e-08	6.67003e-11	9.06218e-14	2.69609e-16	9.65949e-21	2.70566e-24	1.2094e-28	3.8453e-31	4.9769e-36	4.89295e-35	3.35902e-36	1.73753e-37	7.12837e-41	5.43669e-43	1.63535e-46	1.09872e-48	5.5484e-52	5.66058e-53	7.52877e-55	3.15827e-57	4.80303e-60	9.31969e-61	1.78159e-64	1.04374e-66	6.27459e-69	2.33482e-71	1.42982e-72	
N52	1.93237e-40	2.07339e-33	7.13139e-27	2.45141e-24	1.8059e-20	2.30715e-15	3.90263e-15	4.27482e-12	1.43228e-11	3.77358e-08	0.000587515	0.950687	0.0486581	6.70189e-05	1.41366e-08	2.2135e-12	3.80971e-15	1.24758e-16	5.35749e-20	5.04279e-23	5.00149e-27	4.0301e-30	9.50155e-34	1.3048e-35	1.5167e-40	6.06532e-43	3.37067e-48	1.29992e-51	5.06619e-57	4.3724e-61	1.2491e-66	1.67148e-70	5.10121e-75	8.83038e-79	1.58083e-81	3.68042e-82	4.9205e-86	1.02593e-87	6.74985e-90	1.30705e-92	2.21621e-94	
N53	3.88473e-39	1.5774e-31	3.81708e-25	9.63159e-23	5.88157e-19	6.69825e-14	8.17822e-14	6.45361e-11	8.86369e-11	1.25839e-07	0.00107101	0.981876	0.0170359	1.70315e-05	4.30725e-09	1.34436e-12	4.88713e-15	6.28699e-17	1.22173e-20	7.71933e-24	7.1499e-28	1.49831e-30	4.2559e-34	1.86976e-36	3.43066e-41	2.51932e-44	2.73667e-49	2.69827e-53	1.73853e-58	1.02627e-62	4.81821e-68	3.12571e-71	2.5439e-73	2.91775e-75	1.79411e-77	2.25208e-78	9.51187e-82	6.93527e-84	4.57482e-86	1.57971e-88	5.13747e-90	
FGA456	0	0	0	0	0	0	0	0	0	0	0	1	0	0	0	0	0	0	0	0	0	0	0	0	0	0	0	0	0	0	0	0	0	0	0	0	0	0	0	0	0	
N54	1.14001e-45	7.26418e-39	1.39054e-29	1.72247e-27	7.98094e-24	8.07751e-16	4.63025e-19	3.10184e-13	1.43331e-16	2.10187e-13	1.41927e-06	0.999991	8.03784e-06	7.35293e-12	2.06362e-18	6.42986e-36	1.204e-35	6.471e-35	8.32699e-36	4.91477e-36	1.32141e-36	9.35013e-36	7.13898e-36	6.34058e-35	6.3143e-36	7.5488e-36	6.91973e-37	3.80747e-37	2.83617e-38	1.60392e-38	1.30879e-39	3.14357e-39	4.60158e-39	7.24152e-39	6.54395e-39	8.0976e-38	8.88749e-39	6.13359e-39	4.76729e-39	5.851e-39	6.08589e-38	
FGA516	0	0	0	0	0	0	0	0	0	0	0	1	0	0	0	0	0	0	0	0	0	0	0	0	0	0	0	0	0	0	0	0	0	0	0	0	0	0	0	0	0	
FGA513	0	0	0	0	0	0	0	0	0	0	0	1	0	0	0	0	0	0	0	0	0	0	0	0	0	0	0	0	0	0	0	0	0	0	0	0	0	0	0	0	0	
N55	1.74055e-43	3.87112e-42	5.95136e-30	4.61266e-28	1.35016e-24	1.03341e-15	3.08655e-20	1.56417e-13	3.72977e-18	3.50804e-15	1.80744e-07	0.999999	1.10324e-06	1.36419e-13	1.2072e-34	2.14663e-35	3.07583e-35	1.04251e-34	2.28127e-35	1.51105e-35	5.51218e-36	2.32576e-35	1.88573e-35	1.00136e-34	1.72816e-35	2.09289e-35	3.08495e-36	1.73942e-36	2.00499e-37	1.1013e-37	1.26606e-38	1.69518e-38	1.94337e-38	3.11047e-38	2.845e-38	2.07977e-37	3.80047e-38	2.93052e-38	2.3512e-38	3.02064e-38	1.98399e-37	
F12278	0	0	0	0	0	0	0	0	0	0	0	1	0	0	0	0	0	0	0	0	0	0	0	0	0	0	0	0	0	0	0	0	0	0	0	0	0	0	0	0	0	
F12279	0	0	0	0	0	0	0	0	0	0	0	1	0	0	0	0	0	0	0	0	0	0	0	0	0	0	0	0	0	0	0	0	0	0	0	0	0	0	0	0	0	
N56	1.13243e-37	3.68236e-30	4.95979e-24	4.01521e-21	1.37478e-17	6.35585e-13	1.5827e-10	3.30951e-09	5.71722e-08	3.07049e-06	0.000479232	0.67236	0.309822	0.0173208	1.51713e-05	7.37625e-08	8.29011e-10	1.89387e-11	2.9852e-15	2.02656e-18	5.42021e-22	5.54169e-24	2.72101e-27	1.75678e-29	5.09464e-34	1.40162e-37	2.64696e-42	2.95796e-46	3.26063e-51	3.34644e-55	3.86775e-60	2.93441e-63	5.71012e-67	1.14202e-70	2.11414e-73	2.95421e-74	1.81725e-77	7.33401e-80	2.84901e-82	2.89574e-84	3.12022e-85	
Furant	0	0	0	0	0	0	0	0	0	0	0	1	0	0	0	0	0	0	0	0	0	0	0	0	0	0	0	0	0	0	0	0	0	0	0	0	0	0	0	0	0	
N57	8.79314e-43	2.57929e-41	7.26031e-40	1.87533e-38	2.52745e-26	2.13827e-21	7.02465e-13	2.87316e-17	3.28991e-11	5.30245e-15	1.80945e-30	3.33832e-11	1.70358e-05	0.999983	3.86622e-07	2.63732e-13	1.95441e-33	8.87839e-33	1.06658e-33	5.54311e-34	1.97242e-34	1.53788e-33	1.16378e-33	8.68628e-33	9.72853e-34	7.21026e-34	7.02438e-35	3.46043e-35	2.78886e-36	1.6041e-36	1.68877e-37	5.82258e-37	9.04344e-37	1.40048e-36	1.25298e-36	1.30161e-35	1.65701e-36	9.48111e-37	5.16107e-37	8.77745e-37	9.88373e-36	
FGA331	0	0	0	0	0	0	0	0	0	0	0	0	0	1	0	0	0	0	0	0	0	0	0	0	0	0	0	0	0	0	0	0	0	0	0	0	0	0	0	0	0	
FGA332	0	0	0	0	0	0	0	0	0	0	0	0	0	1	0	0	0	0	0	0	0	0	0	0	0	0	0	0	0	0	0	0	0	0	0	0	0	0	0	0	0	
FGA465	0	0	0	0	0	0	0	0	0	0	1	0	0	0	0	0	0	0	0	0	0	0	0	0	0	0	0	0	0	0	0	0	0	0	0	0	0	0	0	0	0	
N58	6.85153e-39	3.45428e-31	7.78889e-25	4.46506e-22	1.45825e-17	1.07656e-13	1.63097e-12	1.12938e-10	6.65702e-09	6.81129e-05	0.139347	0.845534	0.015037	1.38412e-05	3.4816e-09	7.46653e-13	1.80874e-15	1.63973e-17	5.0369e-21	3.0747e-24	2.86369e-28	3.19749e-31	8.32441e-35	2.50503e-37	6.25724e-42	4.92222e-45	5.97912e-50	9.47109e-54	1.05238e-55	6.82632e-55	1.0558e-55	2.63492e-57	7.9795e-59	4.56633e-59	4.25801e-57	1.42401e-53	5.84656e-54	1.10121e-53	1.57507e-53	1.1732e-53	5.96416e-53	
N59	2.00331e-42	3.89785e-41	7.27901e-40	1.23285e-38	1.58213e-21	2.93847e-19	1.05705e-13	6.50922e-17	4.44162e-14	5.7236e-07	0.999944	5.51868e-05	8.26068e-11	2.61128e-33	2.21432e-34	5.65836e-35	8.0459e-35	2.30987e-34	4.76501e-35	3.34051e-35	1.50264e-35	6.92587e-35	4.67463e-35	2.20838e-34	3.91295e-35	3.79268e-35	5.6928e-36	3.11284e-36	3.72847e-37	2.12546e-37	2.8633e-38	5.25269e-38	6.755e-38	9.08791e-38	7.46966e-38	4.91292e-37	9.47307e-38	6.61332e-38	4.59146e-38	7.10919e-38	4.85716e-37	
FGA99	0	0	0	0	0	0	0	0	0	0	1	0	0	0	0	0	0	0	0	0	0	0	0	0	0	0	0	0	0	0	0	0	0	0	0	0	0	0	0	0	0	
F12269	0	0	0	0	0	0	0	0	0	0	1	0	0	0	0	0	0	0	0	0	0	0	0	0	0	0	0	0	0	0	0	0	0	0	0	0	0	0	0	0	0	
N60	2.93142e-38	9.2463e-31	1.35402e-24	1.16568e-21	3.89918e-17	2.51266e-13	6.84572e-12	4.71564e-10	2.72564e-08	8.34406e-05	0.155511	0.838021	0.00637933	5.13474e-06	1.4139e-09	5.31432e-12	1.91429e-14	1.31998e-16	2.10388e-20	2.67674e-23	8.00942e-27	9.69596e-29	7.63389e-33	5.53011e-35	1.0942e-39	1.01928e-42	1.39336e-47	2.38996e-51	2.08474e-56	2.75587e-60	3.49743e-65	9.31215e-68	2.32988e-69	8.86343e-70	2.29587e-70	5.16684e-69	2.66894e-70	2.7546e-70	3.30638e-70	3.58588e-70	4.70302e-69	
N61	1.29863e-43	3.29027e-42	7.98617e-41	1.76946e-39	5.63213e-24	1.37945e-21	4.80953e-15	5.33802e-19	4.81265e-16	6.00274e-08	0.99999	9.73141e-06	1.40033e-12	1.70051e-33	1.07778e-34	3.53244e-35	5.86876e-35	2.2018e-34	3.21618e-35	1.99801e-35	7.95643e-36	5.11414e-35	3.3217e-35	2.13908e-34	2.74663e-35	2.42058e-35	2.71992e-36	1.42759e-36	1.31094e-37	7.64207e-38	8.83242e-39	2.46818e-38	3.62998e-38	4.85476e-38	3.97151e-38	3.58368e-37	5.13975e-38	3.22632e-38	2.03898e-38	3.24761e-38	3.00202e-37	
FGA15	0	0	0	0	0	0	0	0	0	0	1	0	0	0	0	0	0	0	0	0	0	0	0	0	0	0	0	0	0	0	0	0	0	0	0	0	0	0	0	0	0	
FGA440	0	0	0	0	0	0	0	0	0	0	1	0	0	0	0	0	0	0	0	0	0	0	0	0	0	0	0	0	0	0	0	0	0	0	0	0	0	0	0	0	0	
N62	9.21428e-43	2.30476e-41	4.9117e-29	4.17156e-27	1.31796e-23	9.54429e-15	3.28434e-19	1.47507e-12	3.67389e-17	2.90698e-14	8.93062e-07	0.999999	5.98191e-07	5.12036e-14	5.83983e-35	8.20542e-35	8.49753e-35	8.58696e-35	1.27767e-35	2.88659e-35	2.07505e-35	1.35972e-34	2.42422e-35	7.695e-35	9.34153e-36	6.62508e-36	7.02706e-37	3.43843e-37	3.26344e-38	4.97779e-38	1.48433e-38	7.73478e-38	1.2147e-37	8.39624e-38	2.4369e-38	1.29102e-37	1.78721e-38	1.12448e-38	6.54203e-39	3.10055e-38	2.33156e-37	
FGA581	0	0	0	0	0	0	0	0	0	0	0	1	0	0	0	0	0	0	0	0	0	0	0	0	0	0	0	0	0	0	0	0	0	0	0	0	0	0	0	0	0	
FGA582	0	0	0	0	0	0	0	0	0	0	0	1	0	0	0	0	0	0	0	0	0	0	0	0	0	0	0	0	0	0	0	0	0	0	0	0	0	0	0	0	0	
N63	1.00988e-39	1.00438e-38	1.00437e-37	9.15511e-37	7.51724e-36	6.79472e-20	3.26357e-18	3.99281e-18	9.54071e-12	7.28429e-17	3.10945e-13	2.00455e-06	0.999996	2.12413e-06	7.58898e-13	4.39006e-34	2.54132e-34	4.15552e-34	1.98525e-34	1.68702e-34	9.66056e-35	1.80782e-34	1.43894e-34	3.63395e-34	1.45685e-34	1.84175e-34	5.7031e-35	3.93593e-35	9.57454e-36	5.52288e-36	1.1859e-36	8.0838e-37	4.40097e-37	5.47827e-37	4.56144e-37	1.52092e-36	5.84755e-37	5.85279e-37	5.31581e-37	7.64859e-37	2.78959e-36	
FGA104	0	0	0	0	0	0	0	0	0	0	0	0	1	0	0	0	0	0	0	0	0	0	0	0	0	0	0	0	0	0	0	0	0	0	0	0	0	0	0	0	0	
FGA105	0	0	0	0	0	0	0	0	0	0	0	0	1	0	0	0	0	0	0	0	0	0	0	0	0	0	0	0	0	0	0	0	0	0	0	0	0	0	0	0	0	
FGA489	0	0	0	0	0	0	0	0	0	0	1	0	0	0	0	0	0	0	0	0	0	0	0	0	0	0	0	0	0	0	0	0	0	0	0	0	0	0	0	0	0	
N64	6.66479e-39	5.50079e-38	7.93348e-29	4.16232e-26	1.52556e-21	3.4225e-17	1.08732e-10	4.22741e-14	4.85918e-10	7.79419e-13	2.37525e-15	7.82348e-10	8.29062e-05	0.999853	6.44456e-05	7.9081e-10	5.3806e-15	7.84583e-34	5.10865e-34	4.79859e-34	3.40296e-34	3.63821e-34	2.73051e-34	5.94277e-34	3.30024e-34	5.26471e-34	2.20124e-34	2.11695e-34	7.26857e-35	5.16262e-35	1.5111e-35	9.31004e-36	2.94618e-36	2.16996e-36	1.16534e-36	2.86095e-36	1.32834e-36	1.7175e-36	1.85811e-36	2.77675e-36	8.86656e-36	
FGA174	0	0	0	0	0	0	0	0	0	0	0	0	0	1	0	0	0	0	0	0	0	0	0	0	0	0	0	0	0	0	0	0	0	0	0	0	0	0	0	0	0	
FGA175	0	0	0	0	0	0	0	0	0	0	0	0	0	1	0	0	0	0	0	0	0	0	0	0	0	0	0	0	0	0	0	0	0	0	0	0	0	0	0	0	0	
FurbGB	0	0	0	0	0	0	0	0	0	0	0	1	0	0	0	0	0	0	0	0	0	0	0	0	0	0	0	0	0	0	0	0	0	0	0	0	0	0	0	0	0	
N65	4.18818e-43	5.21163e-36	3.10601e-31	1.35754e-26	7.23907e-24	5.83907e-21	4.60226e-19	5.66796e-15	1.3253e-11	6.9642e-11	2.13052e-09	2.11031e-07	7.33138e-07	3.96912e-06	0.00121579	0.105476	0.66828	0.220418	0.00458056	2.22022e-05	2.88849e-06	1.53697e-07	2.66445e-09	6.56745e-11	7.49506e-14	3.76207e-16	2.54544e-19	5.32813e-21	1.84732e-24	8.66393e-26	9.34084e-30	1.9492e-31	8.84401e-36	4.06477e-38	1.18807e-42	1.13477e-45	2.30109e-50	8.35712e-54	2.69011e-58	7.01508e-62	7.07882e-64	
N66	8.16392e-41	2.87433e-34	6.29675e-30	1.77077e-25	5.02992e-23	2.03687e-20	5.02943e-18	2.06504e-14	7.14098e-12	2.92852e-11	5.35386e-10	1.60297e-08	6.23589e-08	1.45121e-06	0.000382947	0.0505665	0.607015	0.327817	0.0140842	0.000131829	1.10076e-06	3.33278e-08	7.94452e-10	5.07945e-11	2.68579e-13	1.79182e-15	4.42604e-18	4.73995e-21	8.26e-24	2.1617e-25	1.87004e-28	3.94882e-30	9.97754e-34	7.73126e-36	1.02029e-39	1.84551e-42	1.63529e-46	9.89589e-50	6.67276e-54	2.49667e-57	5.62574e-60	
N67	1.18892e-39	7.88781e-33	4.39128e-29	3.67755e-24	1.26356e-22	8.974e-21	7.89397e-18	8.89964e-14	2.45103e-12	2.76296e-12	3.37672e-10	1.64995e-09	1.35152e-09	2.07893e-07	0.000164578	0.0500913	0.703389	0.241572	0.00476303	1.94284e-05	2.78553e-08	2.30537e-11	4.21206e-14	2.65644e-16	4.89418e-19	6.04074e-22	5.49705e-25	1.30186e-28	3.45901e-32	1.79572e-35	3.96053e-39	4.37256e-41	4.02001e-39	9.59498e-40	2.27872e-41	3.21172e-42	4.06136e-44	1.46049e-45	1.2062e-46	1.06734e-45	1.48836e-45	
N68	9.22839e-44	1.01815e-42	5.55531e-36	3.29261e-32	1.1522e-29	8.89081e-24	6.80775e-26	3.27938e-19	8.24267e-13	3.21105e-16	5.9814e-16	1.64529e-10	8.0043e-14	6.60781e-18	3.74878e-15	1.34222e-09	0.00011543	0.999829	5.55734e-05	5.49377e-10	2.11052e-15	1.97293e-34	2.01292e-34	4.19722e-34	3.94332e-34	3.64063e-34	2.60901e-34	1.25148e-34	6.93304e-35	1.41485e-34	1.14826e-34	3.25965e-34	2.31909e-34	4.55791e-34	2.25605e-34	2.09407e-34	7.90953e-35	5.275e-35	1.7001e-35	1.17181e-35	1.79935e-35	
CGA312	0	0	0	0	0	0	0	0	0	0	0	0	0	0	0	0	0	1	0	0	0	0	0	0	0	0	0	0	0	0	0	0	0	0	0	0	0	0	0	0	0	
CGA963	0	0	0	0	0	0	0	0	0	0	0	0	0	0	0	0	0	1	0	0	0	0	0	0	0	0	0	0	0	0	0	0	0	0	0	0	0	0	0	0	0	
N69	8.77202e-47	9.99932e-39	2.83609e-34	2.51963e-28	2.61317e-26	2.46666e-24	1.87812e-20	1.20019e-15	7.88649e-15	6.45553e-14	2.05434e-12	3.16528e-12	4.82342e-11	2.32893e-08	0.000152616	0.0762591	0.77211	0.150776	0.000701102	4.13732e-07	6.49489e-11	4.12331e-15	2.79629e-19	6.7347e-22	5.15851e-25	1.14261e-28	5.46692e-31	1.15796e-30	1.85357e-31	2.0299e-33	7.59046e-36	3.16715e-36	1.51158e-38	6.67626e-39	1.16209e-41	2.77128e-42	2.54314e-45	1.48774e-46	1.10849e-49	2.41532e-51	5.17207e-54	
N70	2.47832e-46	8.00193e-39	9.24022e-36	1.37508e-30	7.21637e-30	1.39517e-27	3.43649e-22	1.80073e-18	1.67365e-17	3.31193e-17	3.06107e-15	2.98967e-14	1.37886e-12	1.16915e-07	0.00156246	0.206603	0.780782	0.0110496	2.01006e-06	4.31643e-11	2.56066e-16	5.97076e-22	1.92516e-27	1.53656e-30	2.95699e-34	2.22607e-36	1.1712e-33	7.36491e-34	6.28108e-34	7.43517e-35	4.84271e-36	1.33343e-34	4.97945e-35	2.18655e-33	2.13994e-34	6.96959e-33	2.57692e-34	1.21899e-33	4.29694e-35	5.55073e-35	9.16538e-36	
N71	1.12679e-43	2.73878e-37	8.34809e-35	4.3582e-30	4.51531e-30	2.70184e-29	1.4149e-25	7.29293e-21	9.7834e-20	1.37084e-18	6.14339e-15	1.39811e-13	5.28364e-12	7.20371e-08	0.000901125	0.195923	0.793183	0.00998931	3.53185e-06	2.34005e-10	4.99712e-14	1.2951e-15	1.39253e-18	5.89023e-21	1.03371e-24	3.2559e-28	1.99217e-32	4.86359e-34	9.28579e-35	4.94279e-34	8.70753e-37	1.51929e-36	8.97679e-40	6.49662e-40	2.4046e-43	3.03621e-44	9.49787e-48	1.20991e-49	8.10237e-53	3.94154e-55	1.95957e-55	
N72	7.20711e-46	6.46166e-38	6.06508e-34	8.42578e-28	1.33559e-26	1.31133e-23	1.0671e-20	1.25132e-15	1.22331e-13	1.88487e-14	3.73131e-11	2.37316e-10	2.17747e-11	5.80864e-09	3.75307e-05	0.0460349	0.891709	0.0621295	8.86145e-05	2.95832e-08	5.96803e-12	5.68147e-15	6.12784e-18	7.51545e-21	1.30428e-24	2.05292e-28	1.14848e-32	3.466e-36	6.5721e-36	3.6559e-36	9.04128e-38	7.76569e-39	4.55198e-41	1.72587e-42	5.93115e-45	5.21637e-47	1.12439e-49	6.70931e-52	1.3088e-54	9.90459e-57	4.55198e-58	
CGA642	0	0	0	0	0	0	0	0	0	0	0	0	0	0	0	0	1	0	0	0	0	0	0	0	0	0	0	0	0	0	0	0	0	0	0	0	0	0	0	0	0	
N73	1.34757e-40	8.42989e-35	1.00393e-31	2.44599e-28	2.3132e-27	2.45483e-24	3.23453e-21	1.1647e-16	9.33707e-15	1.57571e-14	1.03547e-12	7.6704e-12	3.50821e-11	4.84536e-09	2.09683e-05	0.0520923	0.869822	0.0779895	7.54854e-05	1.61777e-08	1.41454e-12	3.49091e-15	1.16343e-17	3.76518e-19	8.97576e-22	6.97121e-25	7.96815e-29	1.34108e-33	2.47109e-37	5.54168e-40	5.1564e-44	6.70007e-46	1.283e-50	9.92811e-53	3.50558e-58	1.84403e-61	1.11135e-65	2.07184e-67	3.3471e-69	1.5847e-69	1.31125e-68	
N74	7.95034e-51	1.84334e-49	4.05148e-48	9.32566e-37	4.48259e-36	3.08401e-44	1.07546e-29	1.52474e-20	1.78501e-25	1.35647e-24	4.73764e-17	3.87104e-22	5.8213e-35	3.94551e-16	5.14638e-08	0.999994	5.58987e-06	1.40418e-12	1.86736e-32	1.64891e-33	1.05053e-34	7.762e-36	7.27071e-36	5.70036e-35	1.48978e-34	1.62861e-34	1.8537e-34	2.96347e-35	1.017e-35	5.89859e-36	3.56599e-36	4.12002e-35	3.02904e-35	2.53899e-34	5.43399e-35	1.69307e-34	2.74364e-35	1.76093e-35	2.17953e-36	1.23125e-36	1.62929e-36	
CGA763	0	0	0	0	0	0	0	0	0	0	0	0	0	0	0	1	0	0	0	0	0	0	0	0	0	0	0	0	0	0	0	0	0	0	0	0	0	0	0	0	0	
CGA764	0	0	0	0	0	0	0	0	0	0	0	0	0	0	0	1	0	0	0	0	0	0	0	0	0	0	0	0	0	0	0	0	0	0	0	0	0	0	0	0	0	
N75	2.11491e-50	6.28962e-49	2.00769e-47	6.57991e-46	2.14905e-44	4.55461e-32	1.99788e-41	1.80463e-26	1.54694e-17	1.89157e-22	1.12291e-21	1.023e-13	1.48533e-18	1.1546e-32	8.05775e-32	4.23864e-13	3.52818e-06	0.999996	1.52897e-07	4.08118e-15	2.23486e-35	3.89961e-35	8.70712e-35	4.58574e-34	3.048e-34	2.64969e-34	7.05349e-35	1.35323e-35	6.98007e-36	6.46207e-35	4.98651e-35	4.21593e-34	1.05472e-34	4.60662e-34	7.23045e-35	4.79889e-35	5.58354e-36	2.97204e-36	4.71862e-37	3.32265e-37	2.85004e-36	
C601	0	0	0	0	0	0	0	0	0	0	0	0	0	0	0	0	0	1	0	0	0	0	0	0	0	0	0	0	0	0	0	0	0	0	0	0	0	0	0	0	0	
C602	0	0	0	0	0	0	0	0	0	0	0	0	0	0	0	0	0	1	0	0	0	0	0	0	0	0	0	0	0	0	0	0	0	0	0	0	0	0	0	0	0	
N76	1.38932e-41	1.11972e-35	3.5373e-33	4.6425e-29	7.14499e-30	1.47942e-30	7.5677e-26	1.67383e-21	5.91071e-20	1.22141e-17	4.47847e-15	2.85019e-13	2.13617e-10	7.16757e-07	0.00166108	0.212059	0.776788	0.00948318	7.32843e-06	1.31296e-09	1.16244e-13	1.82325e-15	7.05738e-18	2.53549e-19	4.10424e-22	3.58926e-25	4.76957e-29	7.25637e-34	1.16325e-37	7.2077e-40	9.27938e-44	1.00216e-41	4.46103e-43	1.39413e-42	2.21668e-45	4.31301e-46	1.43668e-48	7.78979e-49	1.52771e-50	1.21221e-51	1.28665e-51	
CGA236	0	0	0	0	0	0	0	0	0	0	0	0	0	0	0	0	1	0	0	0	0	0	0	0	0	0	0	0	0	0	0	0	0	0	0	0	0	0	0	0	0	
N77	2.02842e-48	1.01215e-41	1.68343e-37	3.57713e-33	1.75501e-30	7.15548e-27	8.54908e-23	1.31673e-19	1.26027e-17	1.78449e-15	1.57082e-13	7.99767e-11	1.1789e-07	5.52265e-05	0.0143139	0.318849	0.65735	0.00941726	1.4869e-05	6.65322e-09	1.32091e-12	6.26284e-15	6.18391e-17	3.49133e-18	2.20182e-20	3.86563e-23	1.09746e-26	5.54118e-31	1.64984e-34	6.70854e-37	2.6785e-40	4.71072e-42	4.58478e-46	4.81599e-48	7.46101e-53	4.16696e-56	4.58224e-61	6.78181e-65	1.05569e-69	2.02741e-73	1.39039e-74	
N78	3.20759e-42	4.72534e-35	1.18769e-29	7.60905e-26	9.01021e-23	5.89278e-19	3.80459e-16	7.63821e-14	6.04828e-11	1.81923e-10	1.96349e-09	2.9504e-06	0.000142256	0.0017938	0.0356722	0.35888	0.561207	0.0421868	0.000114886	9.29013e-08	6.3984e-11	5.03851e-13	2.84897e-15	2.99914e-17	4.07844e-20	5.00305e-23	1.49064e-26	3.03012e-30	1.20564e-33	6.1511e-36	1.61438e-39	5.5932e-42	5.24085e-46	8.23795e-49	3.28749e-53	5.45392e-57	1.25499e-61	1.19137e-65	2.71833e-70	2.38519e-74	2.31492e-77	
Calboe	0	0	0	0	0	0	0	0	0	0	0	0	0	1	0	0	0	0	0	0	0	0	0	0	0	0	0	0	0	0	0	0	0	0	0	0	0	0	0	0	0	
C3125	0	0	0	0	0	0	0	0	0	0	0	0	0	0	0	0	0	1	0	0	0	0	0	0	0	0	0	0	0	0	0	0	0	0	0	0	0	0	0	0	0	
N79	6.3939e-46	1.05989e-44	1.75717e-43	2.74379e-42	1.59942e-49	5.46961e-40	1.76025e-43	1.0538e-41	2.64912e-41	4.45406e-24	2.10993e-38	4.63522e-34	3.79445e-34	4.83994e-17	1	2.33256e-15	7.277e-31	6.33992e-32	1.36389e-32	2.10394e-33	2.79989e-34	8.35747e-35	1.2203e-34	3.66971e-34	4.16342e-34	3.90455e-34	2.22512e-34	7.08708e-35	3.24283e-35	8.39381e-35	6.73987e-35	2.82376e-34	1.93954e-34	5.57845e-34	2.0742e-34	1.72314e-34	4.68397e-35	2.81167e-35	6.78322e-36	4.51971e-36	9.80615e-36	
CGA429	0	0	0	0	0	0	0	0	0	0	0	0	0	0	1	0	0	0	0	0	0	0	0	0	0	0	0	0	0	0	0	0	0	0	0	0	0	0	0	0	0	
CGA430	0	0	0	0	0	0	0	0	0	0	0	0	0	0	1	0	0	0	0	0	0	0	0	0	0	0	0	0	0	0	0	0	0	0	0	0	0	0	0	0	0	
N80	1.95963e-40	2.68201e-34	5.73412e-31	1.41445e-27	1.04325e-26	1.32302e-26	7.94542e-22	1.70119e-20	1.43741e-19	1.22585e-16	3.43825e-15	4.99881e-12	1.66349e-07	0.00105106	0.20631	0.595795	0.196066	0.000778142	1.45873e-07	8.56434e-12	2.25467e-16	1.32958e-20	2.76788e-23	6.35467e-25	2.81385e-27	1.49914e-30	1.05372e-30	1.47241e-32	2.54364e-34	2.58502e-36	6.07227e-38	1.13895e-37	1.82889e-39	2.38266e-39	2.63114e-42	6.97174e-43	5.68208e-46	9.43641e-48	7.6304e-51	3.27731e-52	1.08302e-51	
N81	3.25131e-44	4.59018e-43	6.51294e-42	8.66276e-41	1.06957e-48	5.00681e-44	7.37647e-26	2.47759e-40	1.51858e-24	2.60024e-38	5.37512e-34	2.95854e-34	4.24217e-17	1	2.47876e-15	9.60574e-31	1.83759e-31	6.31415e-32	1.34366e-32	2.13401e-33	3.85237e-34	2.47936e-34	3.70702e-34	7.8711e-34	5.79666e-34	4.7787e-34	2.58872e-34	1.43437e-34	9.1578e-35	2.96401e-34	2.2209e-34	6.57711e-34	3.55819e-34	6.59458e-34	2.54216e-34	1.88599e-34	5.23743e-35	2.99e-35	7.67541e-36	6.00102e-36	1.80099e-35	
C985	0	0	0	0	0	0	0	0	0	0	0	0	0	1	0	0	0	0	0	0	0	0	0	0	0	0	0	0	0	0	0	0	0	0	0	0	0	0	0	0	0	
C984	0	0	0	0	0	0	0	0	0	0	0	0	0	1	0	0	0	0	0	0	0	0	0	0	0	0	0	0	0	0	0	0	0	0	0	0	0	0	0	0	0	
N82	4.71684e-39	1.24431e-33	2.18479e-30	1.3828e-27	2.91096e-27	9.69996e-27	9.21087e-22	1.98703e-19	1.73449e-17	2.01571e-14	3.31696e-13	1.98689e-10	1.44946e-06	0.00261568	0.316844	0.573088	0.107148	0.000302699	1.28294e-07	1.9684e-11	2.80319e-15	5.19663e-17	2.32709e-19	7.80002e-21	2.46597e-23	3.81695e-26	9.56151e-30	4.35588e-34	1.27545e-37	2.10021e-39	2.40822e-43	6.09469e-45	2.26094e-49	3.42571e-51	3.18971e-56	3.07168e-59	2.12186e-64	3.28913e-68	4.03743e-73	5.40988e-77	5.15168e-78	
N83	3.20664e-49	3.32568e-40	3.16534e-35	3.14898e-29	2.60681e-24	9.95607e-25	2.23941e-18	1.16795e-16	2.6196e-16	2.75859e-11	1.35326e-13	7.36967e-15	1.40948e-09	9.85302e-05	0.998367	0.00153467	2.70359e-07	9.50658e-12	1.14258e-16	6.25869e-22	4.23447e-27	6.64321e-32	8.26077e-37	7.88267e-42	1.21972e-47	1.21247e-53	2.29413e-60	5.11995e-35	3.77214e-35	1.34234e-34	8.15257e-35	2.17693e-34	9.20444e-35	1.36295e-34	4.50492e-35	3.13399e-35	7.6686e-36	4.24453e-36	1.03015e-36	1.01609e-36	4.51689e-36	
CGA310	0	0	0	0	0	0	0	0	0	0	0	0	0	0	1	0	0	0	0	0	0	0	0	0	0	0	0	0	0	0	0	0	0	0	0	0	0	0	0	0	0	
CGA314	0	0	0	0	0	0	0	0	0	0	0	0	0	0	1	0	0	0	0	0	0	0	0	0	0	0	0	0	0	0	0	0	0	0	0	0	0	0	0	0	0	
N84	2.4552e-42	3.15727e-35	3.36985e-30	4.73086e-26	6.40238e-23	8.52839e-20	1.7557e-15	2.76543e-14	6.88512e-13	5.31923e-11	2.71443e-10	6.1645e-08	0.000129936	0.067427	0.769249	0.159202	0.0039833	9.39909e-06	7.30465e-09	2.65518e-12	1.45249e-15	7.40748e-18	2.38685e-20	1.32744e-22	9.75848e-26	8.33979e-29	2.022e-32	5.45585e-36	1.96979e-39	7.52585e-42	1.42477e-45	3.35117e-48	2.49228e-52	2.46535e-55	9.30336e-60	1.69549e-63	1.37305e-66	3.81635e-67	5.93042e-68	4.48565e-68	3.65138e-67	
N85	3.7488e-53	2.72198e-43	9.16386e-38	1.92972e-31	6.12e-26	1.38219e-26	1.17763e-19	8.96471e-18	2.82636e-17	1.0721e-11	2.73e-14	7.31447e-16	3.95814e-10	6.46459e-05	0.999673	0.000262196	7.48268e-09	5.37363e-14	1.21152e-19	2.38347e-25	1.84734e-30	6.85667e-35	6.76045e-35	6.57594e-35	1.6656e-35	2.11339e-35	1.29506e-35	6.48709e-35	2.54496e-35	1.01024e-34	2.61113e-35	5.63325e-35	1.19427e-35	1.20782e-35	2.20424e-36	1.40127e-36	2.08343e-37	1.16151e-37	3.55664e-38	1.03582e-37	1.00574e-36	
CGA382	0	0	0	0	0	0	0	0	0	0	0	0	0	0	1	0	0	0	0	0	0	0	0	0	0	0	0	0	0	0	0	0	0	0	0	0	0	0	0	0	0	
CGA365	0	0	0	0	0	0	0	0	0	0	0	0	0	0	1	0	0	0	0	0	0	0	0	0	0	0	0	0	0	0	0	0	0	0	0	0	0	0	0	0	0	
N86	1.13532e-46	2.57499e-45	5.82343e-44	1.24881e-42	4.64553e-31	3.54282e-26	1.96083e-17	4.6157e-22	1.04658e-15	1.22173e-19	2.09232e-34	3.16274e-15	1.45906e-07	0.999989	1.06723e-05	9.3182e-12	3.55616e-32	5.96693e-33	6.79299e-34	7.40133e-35	8.88144e-35	1.57912e-34	1.82799e-34	2.50778e-34	7.0823e-35	4.71885e-35	1.97736e-35	6.35398e-35	4.67493e-35	2.47635e-34	7.99174e-35	2.26283e-34	5.3102e-35	6.26686e-35	1.24485e-35	8.22526e-36	1.3108e-36	7.07576e-37	1.45662e-37	2.81438e-37	2.69255e-36	
CGA494	0	0	0	0	0	0	0	0	0	0	0	0	0	1	0	0	0	0	0	0	0	0	0	0	0	0	0	0	0	0	0	0	0	0	0	0	0	0	0	0	0	
CGA495	0	0	0	0	0	0	0	0	0	0	0	0	0	1	0	0	0	0	0	0	0	0	0	0	0	0	0	0	0	0	0	0	0	0	0	0	0	0	0	0	0	
N87	1.52621e-45	5.88596e-38	1.24513e-33	3.20798e-28	1.34322e-25	1.70243e-23	1.12241e-20	4.36395e-16	1.69323e-13	4.71401e-13	3.0489e-11	7.382e-10	3.49116e-09	1.55361e-07	2.37282e-05	0.0203424	0.51227	0.4498	0.0175314	3.25717e-05	1.92492e-08	4.41995e-11	1.71889e-13	9.17406e-16	6.11161e-19	3.10993e-22	5.25061e-26	1.06187e-29	1.0239e-29	6.68824e-30	2.36105e-31	5.32242e-32	5.32242e-34	5.91389e-35	2.99034e-37	6.54531e-39	2.29508e-41	2.68984e-43	7.88143e-46	8.84704e-48	6.31599e-49	
N88	9.34171e-40	4.28607e-34	3.24753e-31	1.10518e-27	1.73277e-26	7.31232e-24	2.06632e-20	5.498e-16	2.75861e-14	1.48053e-13	4.32576e-12	6.77523e-11	1.54778e-09	3.43436e-08	3.29694e-05	0.0355847	0.541905	0.415965	0.00650593	6.22083e-06	1.68806e-09	3.74134e-13	1.7979e-16	6.80021e-19	3.51186e-21	4.01549e-24	1.0119e-26	1.73583e-30	8.33721e-34	5.65313e-38	1.50083e-42	1.0161e-44	6.47397e-49	5.22343e-51	6.69231e-56	2.4008e-58	1.44674e-63	1.63428e-66	6.17041e-72	7.99589e-76	7.16114e-81	
C12265	0	0	0	0	0	0	0	0	0	0	0	0	0	0	0	0	0	1	0	0	0	0	0	0	0	0	0	0	0	0	0	0	0	0	0	0	0	0	0	0	0	
N89	2.49271e-48	4.98466e-40	6.19842e-36	1.40159e-29	1.73801e-27	7.78268e-27	2.95064e-21	2.98112e-17	5.06794e-18	1.06196e-15	1.25214e-13	3.3108e-14	1.27767e-11	7.10794e-07	0.00884751	0.947105	0.0437793	0.00026777	8.39063e-08	5.58187e-12	1.41729e-16	1.76748e-21	1.98534e-26	9.55014e-30	2.86181e-33	2.86128e-37	9.20985e-39	2.06077e-38	2.74999e-38	8.77641e-41	1.37932e-43	9.03577e-45	6.52793e-47	7.26674e-48	2.54285e-50	1.78551e-51	1.91049e-54	2.28209e-56	1.80331e-59	6.74171e-62	1.15293e-64	
C404	0	0	0	0	0	0	0	0	0	0	0	0	0	0	1	0	0	0	0	0	0	0	0	0	0	0	0	0	0	0	0	0	0	0	0	0	0	0	0	0	0	
N90	8.22928e-42	1.18463e-35	1.95673e-33	4.29829e-29	3.4664e-30	1.9492e-29	4.85055e-24	4.24915e-19	1.63921e-19	2.80031e-18	1.40691e-14	1.33548e-14	2.07468e-12	1.67866e-07	0.00290035	0.975331	0.0217304	3.78778e-05	4.2804e-09	1.30378e-13	4.79247e-18	3.68826e-20	2.02822e-23	3.34584e-26	3.76797e-30	8.33503e-34	7.01613e-38	8.86643e-43	5.55935e-47	2.86037e-49	1.02992e-54	3.55021e-57	5.15794e-63	7.18342e-66	4.85136e-71	2.25121e-70	4.34836e-72	9.30734e-72	1.51688e-72	9.83692e-72	5.31445e-70	
N91	3.70927e-53	2.1103e-51	1.14363e-49	8.74671e-36	1.02383e-34	1.16616e-44	9.88656e-28	1.79214e-19	3.14413e-23	2.84512e-22	9.72341e-16	1.00278e-19	1.171e-34	1.01191e-13	9.53739e-07	0.999995	3.6748e-06	1.49214e-12	5.80063e-35	2.65423e-36	1.02444e-36	4.5062e-36	9.42016e-36	5.72989e-35	9.43098e-36	5.14716e-36	9.66353e-37	7.08941e-37	5.41122e-37	7.90219e-36	5.15999e-36	5.59161e-35	6.64247e-36	9.2933e-36	9.61944e-37	6.48543e-37	5.60435e-38	2.89826e-38	4.68472e-39	7.69197e-39	1.48382e-37	
Cl11778	0	0	0	0	0	0	0	0	0	0	0	0	0	0	0	1	0	0	0	0	0	0	0	0	0	0	0	0	0	0	0	0	0	0	0	0	0	0	0	0	0	
Cl11779	0	0	0	0	0	0	0	0	0	0	0	0	0	0	0	1	0	0	0	0	0	0	0	0	0	0	0	0	0	0	0	0	0	0	0	0	0	0	0	0	0	
N92	7.67311e-53	4.53104e-44	7.00515e-40	1.25407e-32	2.59011e-31	2.85322e-30	4.71569e-24	3.68819e-18	3.24734e-19	4.49229e-18	6.66148e-14	3.45022e-15	4.00136e-14	5.94711e-09	0.000237324	0.998499	0.00126326	1.41426e-07	4.0142e-12	4.47212e-17	2.63406e-21	2.10064e-24	3.83606e-28	2.15349e-31	1.633e-36	4.06382e-41	1.81362e-46	1.86125e-51	2.26595e-56	5.86816e-60	2.91153e-65	3.43329e-69	1.47094e-75	1.33312e-80	2.63883e-87	3.90469e-93	2.84752e-100	9.69922e-107	4.03922e-114	3.42576e-121	7.77606e-38	
CGA594	0	0	0	0	0	0	0	0	0	0	0	0	0	0	0	1	0	0	0	0	0	0	0	0	0	0	0	0	0	0	0	0	0	0	0	0	0	0	0	0	0	
CGA48	0	0	0	0	0	0	0	0	0	0	0	0	0	0	0	1	0	0	0	0	0	0	0	0	0	0	0	0	0	0	0	0	0	0	0	0	0	0	0	0	0	
N93	1.66259e-46	3.26527e-45	6.55367e-44	1.26489e-42	2.31914e-41	3.99198e-40	6.37702e-39	9.34215e-38	3.91762e-21	1.27561e-19	1.51344e-34	7.3849e-18	1.17671e-11	1.42393e-16	2.29877e-31	6.01181e-31	2.20757e-11	1.3401e-05	0.999986	9.54804e-07	1.93056e-13	2.75885e-34	4.57145e-34	1.49704e-33	1.38231e-33	1.25628e-33	7.0769e-34	2.07846e-34	9.83791e-35	3.32487e-34	2.63048e-34	1.2525e-33	6.19396e-34	1.88883e-33	5.69965e-34	5.54434e-34	1.32187e-34	8.17859e-35	1.69329e-35	1.10112e-35	2.63566e-35	
C3134	0	0	0	0	0	0	0	0	0	0	0	0	0	0	0	0	0	0	1	0	0	0	0	0	0	0	0	0	0	0	0	0	0	0	0	0	0	0	0	0	0	
C3126	0	0	0	0	0	0	0	0	0	0	0	0	0	0	0	0	0	0	1	0	0	0	0	0	0	0	0	0	0	0	0	0	0	0	0	0	0	0	0	0	0	
N94	3.31546e-42	7.62911e-35	1.55829e-29	9.43891e-26	7.56629e-23	1.22669e-19	2.32959e-19	6.56211e-15	7.63427e-11	1.76375e-11	3.87026e-11	1.9271e-08	1.60215e-08	8.52534e-10	1.10754e-07	0.000138513	0.0368724	0.864448	0.0978964	0.000643631	1.12237e-06	1.33398e-09	3.19288e-12	1.03077e-14	9.37463e-18	6.01931e-21	2.21758e-24	3.80207e-28	6.81414e-32	1.19709e-31	1.09047e-31	2.02805e-32	4.95697e-34	3.45352e-35	4.9592e-37	1.43193e-38	1.39455e-40	2.41601e-42	1.73806e-44	2.58621e-46	7.89615e-48	
CGA311	0	0	0	0	0	0	0	0	0	0	0	0	0	0	0	0	0	1	0	0	0	0	0	0	0	0	0	0	0	0	0	0	0	0	0	0	0	0	0	0	0	
N95	3.92967e-43	2.55452e-37	1.9496e-33	1.60673e-29	7.1555e-26	9.90733e-23	3.24346e-21	7.47214e-17	7.00594e-13	4.6302e-13	1.21659e-12	2.24545e-10	2.16801e-10	5.226e-11	1.44427e-08	3.80191e-05	0.0239754	0.871282	0.104199	0.000504537	5.11215e-07	2.30559e-10	1.58172e-13	3.30605e-15	2.16971e-17	4.01756e-20	1.4283e-22	1.72843e-26	1.16217e-29	2.00018e-33	1.18577e-37	2.09078e-39	8.88447e-44	1.24985e-45	1.52336e-50	9.52337e-53	5.10419e-58	5.21159e-61	2.00013e-66	6.35509e-70	8.94794e-75	
N96	7.89718e-49	6.07534e-41	1.27297e-35	6.81821e-31	1.3907e-28	6.64179e-25	1.23538e-23	6.02838e-19	1.12602e-15	1.02737e-16	3.67174e-15	6.63191e-13	2.3206e-13	8.93612e-13	3.78977e-09	2.66797e-05	0.0343416	0.94559	0.0200156	2.56448e-05	7.95755e-09	9.40831e-13	5.94102e-17	7.68702e-20	2.17887e-22	1.6679e-25	3.36571e-28	3.65068e-32	6.60743e-36	2.91481e-40	3.77731e-45	1.22662e-48	1.07567e-48	2.33785e-46	1.8512e-48	4.3579e-49	2.00769e-51	1.50531e-52	2.59772e-55	1.92578e-56	8.59028e-56	
N97	3.23466e-50	5.5625e-49	1.06639e-47	2.18538e-46	4.68304e-45	1.00614e-43	7.28948e-33	1.90855e-26	1.29e-24	5.19583e-25	9.47294e-17	9.80706e-21	2.67605e-35	2.57941e-34	6.94139e-15	2.14843e-07	0.999993	7.2473e-06	1.98329e-12	6.63594e-33	8.23212e-34	7.99496e-35	8.86707e-36	1.75171e-35	4.63523e-35	9.11035e-35	2.7765e-34	8.85661e-35	4.32403e-35	1.5208e-35	3.37928e-36	1.21354e-35	9.85089e-36	7.01315e-35	5.46429e-35	2.60881e-34	7.60541e-35	7.0483e-35	1.57087e-35	9.83736e-36	5.15978e-36	
CGA45	0	0	0	0	0	0	0	0	0	0	0	0	0	0	0	0	1	0	0	0	0	0	0	0	0	0	0	0	0	0	0	0	0	0	0	0	0	0	0	0	0	
CGA46	0	0	0	0	0	0	0	0	0	0	0	0	0	0	0	0	1	0	0	0	0	0	0	0	0	0	0	0	0	0	0	0	0	0	0	0	0	0	0	0	0	
N98	4.77814e-52	2.94162e-44	1.47505e-38	4.52313e-34	7.27575e-31	5.10239e-27	6.27384e-26	1.80168e-21	1.1527e-17	2.96094e-18	2.74813e-17	8.2636e-14	2.393e-13	2.57161e-13	8.05988e-10	7.94924e-06	0.015803	0.969717	0.0144559	1.57733e-05	4.24451e-09	4.54409e-13	1.62803e-16	8.11673e-18	8.15673e-20	9.46243e-23	2.22193e-25	1.556e-29	5.95192e-33	2.81702e-37	1.0698e-41	1.0374e-43	1.0042e-47	7.52176e-50	8.80033e-55	2.66757e-57	1.28724e-62	5.14322e-66	1.74354e-71	1.29718e-75	2.05983e-80	
N99	9.81059e-54	7.60856e-46	4.76446e-40	8.97706e-36	1.11617e-32	2.15436e-28	1.39427e-27	2.22737e-22	1.59858e-17	6.27342e-18	7.26085e-17	5.34592e-13	2.54501e-13	3.34994e-14	6.48875e-11	8.97623e-07	0.0030302	0.991705	0.00526098	3.31513e-06	6.001e-10	4.60552e-14	5.1372e-18	3.25194e-20	7.31435e-23	4.43658e-26	6.29826e-29	2.13062e-33	1.83527e-37	5.03636e-42	8.73303e-47	9.47721e-50	5.67263e-54	5.51608e-57	1.18738e-61	1.05716e-64	7.03437e-67	7.47148e-67	7.55489e-68	4.66975e-68	2.23693e-68	
N100	6.07546e-60	9.17421e-51	9.06314e-44	1.64289e-39	1.73482e-36	4.08954e-31	1.09801e-31	2.0267e-25	2.14198e-19	4.62828e-21	5.07518e-20	7.90721e-15	2.63433e-16	1.73051e-18	6.04834e-15	1.68944e-09	0.0001232	0.999625	0.000251939	8.02084e-09	7.6335e-14	3.04195e-19	1.47562e-24	5.3398e-28	6.86105e-32	2.04424e-36	1.24077e-40	7.01325e-47	5.86397e-53	5.44738e-60	4.42098e-38	4.90586e-37	3.78682e-37	6.86209e-36	4.16029e-36	5.52212e-35	6.04505e-36	4.95454e-36	4.33104e-37	2.56778e-37	1.60751e-37	
C3043	0	0	0	0	0	0	0	0	0	0	0	0	0	0	0	0	0	1	0	0	0	0	0	0	0	0	0	0	0	0	0	0	0	0	0	0	0	0	0	0	0	
CGA87	0	0	0	0	0	0	0	0	0	0	0	0	0	0	0	0	0	1	0	0	0	0	0	0	0	0	0	0	0	0	0	0	0	0	0	0	0	0	0	0	0	
N101	2.1654e-59	2.45832e-50	1.82653e-43	3.38767e-39	3.62627e-36	6.2237e-31	2.28617e-31	3.02583e-25	2.28699e-19	6.84306e-21	7.68509e-20	8.88235e-15	4.21421e-16	4.03934e-18	1.42457e-14	2.9945e-09	0.000164193	0.999498	0.000337693	1.43561e-08	1.82068e-13	9.65319e-19	6.28588e-24	3.25821e-27	5.93209e-31	2.4173e-35	2.09e-39	1.57661e-45	1.83992e-51	2.29884e-58	3.98618e-38	4.55635e-37	3.50097e-37	6.58468e-36	3.90833e-36	5.42147e-35	5.68815e-36	4.77343e-36	4.03534e-37	2.40585e-37	1.49247e-37	
CGA368	0	0	0	0	0	0	0	0	0	0	0	0	0	0	0	0	0	1	0	0	0	0	0	0	0	0	0	0	0	0	0	0	0	0	0	0	0	0	0	0	0	
CGA557	0	0	0	0	0	0	0	0	0	0	0	0	0	0	0	0	0	1	0	0	0	0	0	0	0	0	0	0	0	0	0	0	0	0	0	0	0	0	0	0	0	
CGA364	0	0	0	0	0	0	0	0	0	0	0	0	0	0	0	0	0	1	0	0	0	0	0	0	0	0	0	0	0	0	0	0	0	0	0	0	0	0	0	0	0	
C2208	0	0	0	0	0	0	0	0	0	0	0	0	0	0	0	0	0	0	1	0	0	0	0	0	0	0	0	0	0	0	0	0	0	0	0	0	0	0	0	0	0	
N102	2.77733e-37	1.2456e-30	5.03307e-26	2.26582e-22	4.74822e-20	4.00613e-17	1.80787e-16	1.2091e-12	2.64922e-09	6.06811e-10	1.63383e-09	2.50444e-07	6.36301e-08	1.02178e-08	2.73437e-06	0.00101945	0.0881529	0.875224	0.0353244	0.000275717	8.39462e-07	2.00242e-09	8.00911e-12	3.8339e-14	6.64421e-17	9.09664e-20	7.90175e-23	4.51451e-26	2.0614e-29	2.2819e-32	8.84671e-36	7.58671e-39	1.77888e-42	7.50613e-46	9.68354e-50	1.74123e-53	1.27475e-57	1.25066e-61	5.7948e-66	4.45397e-70	6.42823e-74	
N103	3.39166e-44	1.56299e-36	3.09036e-31	6.48078e-27	1.81826e-24	9.27376e-21	3.67051e-20	9.8534e-16	3.77604e-12	1.59808e-13	2.28728e-12	2.77675e-10	1.32598e-11	4.22047e-12	1.59762e-08	6.9594e-05	0.0551749	0.935983	0.00876162	1.07125e-05	3.85437e-09	6.10963e-13	1.21529e-16	4.60429e-19	5.84534e-22	3.22708e-25	2.69081e-28	1.47593e-32	1.68266e-36	1.0486e-40	3.78593e-45	3.33117e-48	1.30562e-49	1.31498e-48	4.71522e-51	4.84832e-52	1.69846e-54	3.48853e-56	1.27088e-57	3.2226e-57	6.18903e-55	
N104	6.69624e-58	7.32605e-48	3.59601e-40	3.30944e-36	1.61315e-33	1.11248e-27	1.20461e-29	3.51095e-23	4.39326e-17	2.74024e-20	1.36555e-19	8.77451e-14	2.18104e-16	9.65906e-20	1.98975e-16	2.05668e-10	4.96312e-05	0.999902	4.86578e-05	3.12351e-10	6.12803e-16	4.28283e-22	5.38319e-28	5.86995e-33	2.36449e-35	3.19229e-35	8.18604e-35	1.50103e-35	5.93554e-36	1.7926e-36	6.04596e-37	6.05772e-36	4.51903e-36	4.00045e-35	1.37004e-35	7.79236e-35	1.35174e-35	1.0399e-35	1.3892e-36	8.17138e-37	5.68391e-37	
CGA453	0	0	0	0	0	0	0	0	0	0	0	0	0	0	0	0	0	1	0	0	0	0	0	0	0	0	0	0	0	0	0	0	0	0	0	0	0	0	0	0	0	
CGA383	0	0	0	0	0	0	0	0	0	0	0	0	0	0	0	0	0	1	0	0	0	0	0	0	0	0	0	0	0	0	0	0	0	0	0	0	0	0	0	0	0	
N105	1.93616e-48	1.68954e-40	1.73525e-35	2.91837e-30	5.66445e-28	1.62587e-24	1.29335e-22	6.46388e-18	3.87449e-15	1.36308e-16	1.40716e-14	4.36197e-13	2.45635e-14	4.3743e-13	3.8939e-09	4.70937e-05	0.104807	0.893002	0.00214284	7.6853e-07	8.6539e-11	4.28456e-15	2.80615e-19	2.4113e-21	7.57375e-24	4.56537e-27	1.03926e-29	2.57372e-34	2.63444e-38	5.49065e-43	5.99994e-48	8.92267e-51	4.73262e-55	8.11702e-58	1.63431e-62	1.7245e-64	9.77257e-67	1.41904e-66	9.15407e-68	6.88025e-68	2.56781e-68	
N106	1.0036e-52	3.06984e-51	8.48623e-50	2.02279e-48	4.07584e-47	3.40609e-34	1.03978e-44	4.56457e-29	1.64839e-20	8.56734e-25	8.59954e-24	5.03931e-16	3.6101e-20	7.32472e-35	1.0785e-33	1.07634e-13	1.76378e-06	0.999998	5.49751e-07	4.07961e-14	1.63492e-35	8.0826e-37	7.08706e-37	8.3721e-36	3.14985e-35	3.47359e-35	5.16247e-35	5.89004e-36	1.99013e-36	6.64684e-37	3.42166e-37	6.00217e-36	4.39209e-36	5.6638e-35	9.09448e-36	4.88541e-35	5.46885e-36	3.63283e-36	3.20673e-37	1.81176e-37	2.43051e-37	
CGA501	0	0	0	0	0	0	0	0	0	0	0	0	0	0	0	0	0	1	0	0	0	0	0	0	0	0	0	0	0	0	0	0	0	0	0	0	0	0	0	0	0	
C11776	0	0	0	0	0	0	0	0	0	0	0	0	0	0	0	0	0	1	0	0	0	0	0	0	0	0	0	0	0	0	0	0	0	0	0	0	0	0	0	0	0	
N107	3.26921e-52	1.08152e-50	3.25046e-49	8.47216e-48	1.86403e-46	3.33074e-45	2.27036e-34	2.93721e-28	7.29099e-27	2.04417e-27	6.8689e-19	1.98198e-22	8.99583e-37	2.05301e-35	1.85175e-15	1.11876e-07	0.999981	1.88404e-05	2.44354e-12	2.2434e-33	1.09492e-34	4.22892e-36	3.31812e-37	3.0526e-36	1.65811e-35	3.56156e-35	2.48975e-34	3.12483e-35	1.18872e-35	1.83208e-36	2.00296e-37	2.12839e-36	1.66333e-36	2.94466e-35	1.92326e-35	2.43786e-34	2.81112e-35	2.17943e-35	1.96689e-36	1.15023e-36	7.4913e-37	
C3121	0	0	0	0	0	0	0	0	0	0	0	0	0	0	0	0	1	0	0	0	0	0	0	0	0	0	0	0	0	0	0	0	0	0	0	0	0	0	0	0	0	
C3123	0	0	0	0	0	0	0	0	0	0	0	0	0	0	0	0	1	0	0	0	0	0	0	0	0	0	0	0	0	0	0	0	0	0	0	0	0	0	0	0	0	
N108	2.60307e-46	3.77663e-38	3.92588e-32	2.24957e-28	6.8561e-26	1.27687e-21	2.26018e-22	2.08348e-17	8.38362e-13	6.9811e-15	1.02406e-14	6.42388e-11	1.35784e-12	9.2453e-15	8.62615e-12	2.2171e-07	0.00142347	0.996683	0.00189305	4.96305e-07	3.99693e-11	1.46107e-15	6.77081e-20	2.92012e-23	5.01716e-27	4.77555e-31	4.83995e-35	5.70392e-40	8.06159e-45	9.14256e-50	6.29309e-55	4.24464e-59	2.862e-64	1.09053e-68	2.75449e-74	3.75538e-79	2.88757e-85	4.89868e-91	1.24945e-97	5.3825e-104	9.4764e-111	
Calparcri	0	0	0	0	0	0	0	0	0	0	0	0	0	0	0	0	0	1	0	0	0	0	0	0	0	0	0	0	0	0	0	0	0	0	0	0	0	0	0	0	0	
C3118	0	0	0	0	0	0	0	0	0	0	0	0	0	0	0	0	0	1	0	0	0	0	0	0	0	0	0	0	0	0	0	0	0	0	0	0	0	0	0	0	0	
N109	3.1328e-43	8.73259e-37	2.68345e-33	9.0965e-29	9.65411e-26	8.20785e-22	3.14396e-18	1.28443e-14	9.31856e-13	1.64391e-11	5.73318e-10	8.53652e-08	7.90533e-07	2.2279e-05	0.00800366	0.320087	0.623883	0.047784	0.00021914	1.85952e-07	1.85547e-10	1.37267e-12	4.12593e-15	5.08874e-17	3.47842e-20	3.75936e-23	1.48971e-26	6.97523e-30	8.80763e-32	1.01961e-31	2.41119e-34	3.5619e-34	2.99833e-37	2.17399e-37	1.00926e-40	1.53281e-41	5.79128e-45	1.67487e-46	7.05454e-50	7.5581e-52	5.07342e-53	
N110	3.17916e-41	2.79499e-34	2.54913e-29	2.01755e-25	1.87575e-22	2.63322e-19	5.91045e-18	3.5827e-14	3.8667e-11	1.39451e-10	3.50109e-09	5.83302e-07	2.59651e-06	4.18288e-06	0.000478112	0.0544537	0.520957	0.402366	0.0215092	0.00022376	3.84529e-06	1.80577e-07	3.58678e-09	7.92856e-11	1.49275e-13	3.96851e-16	3.78614e-19	8.87462e-22	1.04953e-24	9.13844e-27	4.34611e-30	1.81598e-32	2.84501e-36	2.84442e-39	2.54781e-43	7.19205e-47	3.62579e-51	5.73544e-55	2.48405e-59	5.99699e-63	1.04061e-65	
N111	2.24609e-37	9.75198e-31	1.02823e-25	9.08222e-23	7.85859e-20	1.54779e-16	8.57267e-16	6.58582e-13	1.26912e-10	1.58823e-09	8.7566e-08	1.77771e-05	4.78055e-05	4.54373e-05	0.000931039	0.0454544	0.465794	0.465081	0.0224216	0.000205664	6.50478e-07	1.42718e-09	8.09964e-12	1.45084e-13	5.92579e-16	1.70574e-18	3.54961e-21	1.72259e-24	1.13398e-27	1.86882e-30	1.04885e-33	4.12138e-36	1.16416e-39	2.32264e-42	3.0013e-46	2.13193e-49	1.66136e-53	4.11981e-57	2.05273e-61	2.86276e-65	4.83925e-69	
N112	7.31714e-37	3.4801e-30	3.80938e-25	5.05457e-22	5.46494e-19	1.20107e-15	8.03494e-15	4.44329e-12	5.82512e-10	8.92388e-09	5.10716e-07	0.000127639	0.000435545	0.000492044	0.0084599	0.125511	0.523865	0.334906	0.00617967	2.27486e-05	2.97863e-08	1.90644e-11	1.50494e-14	2.40165e-16	1.46952e-18	4.03778e-21	1.57513e-23	5.54523e-27	4.02057e-30	1.63983e-33	3.84053e-37	2.1407e-39	6.25868e-43	2.79616e-45	3.11972e-49	6.58009e-52	3.49085e-56	1.67189e-59	6.0356e-64	1.17257e-67	9.06586e-72	
N113	4.8201e-40	6.09039e-33	6.15875e-28	7.28232e-24	4.64568e-21	6.45607e-18	5.99727e-17	8.92725e-13	3.77807e-09	1.92024e-09	7.55209e-09	1.16091e-06	6.5752e-07	1.06768e-07	1.81845e-05	0.00396829	0.173709	0.788042	0.0340215	0.00023696	2.54741e-06	2.4212e-08	1.66712e-10	1.06661e-12	1.17653e-15	2.54077e-18	1.80943e-21	4.6248e-24	1.51531e-27	4.54209e-30	7.29472e-34	1.0878e-36	1.9336e-40	8.41171e-40	6.94968e-42	2.65352e-43	2.60394e-45	5.28003e-47	2.4672e-49	9.7774e-51	5.45894e-50	
Triowe	0	0	0	0	0	0	0	0	0	0	0	0	0	0	0	0	0	1	0	0	0	0	0	0	0	0	0	0	0	0	0	0	0	0	0	0	0	0	0	0	0	
N114	9.46396e-41	6.13458e-34	4.41644e-29	6.98597e-25	6.48315e-22	5.69109e-19	2.65634e-17	1.21601e-13	1.25596e-10	1.16202e-10	3.74249e-10	2.87612e-08	1.50512e-08	8.74348e-09	2.83576e-06	0.00133139	0.117748	0.838	0.0426019	0.000314654	1.05908e-06	3.45414e-09	2.02383e-11	1.07415e-12	9.21987e-15	4.80936e-17	2.50135e-19	9.55612e-23	1.32057e-25	3.55174e-28	1.66322e-31	4.15654e-33	8.02301e-37	1.1506e-38	9.04551e-43	4.94114e-45	2.20873e-49	2.13897e-52	6.92338e-57	2.75162e-60	5.90977e-64	
Trijoh	0	0	0	0	0	0	0	0	0	0	0	0	0	0	0	0	0	1	0	0	0	0	0	0	0	0	0	0	0	0	0	0	0	0	0	0	0	0	0	0	0	
Trimel	0	0	0	0	0	0	0	0	0	0	0	0	0	0	0	0	0	1	0	0	0	0	0	0	0	0	0	0	0	0	0	0	0	0	0	0	0	0	0	0	0	
N115	3.75478e-35	2.48829e-28	1.14538e-22	8.16869e-21	1.42994e-17	4.25682e-13	3.17281e-13	7.81439e-11	1.33868e-10	1.04068e-07	0.000482127	0.413068	0.477646	0.101616	0.00699588	0.0001894	2.09469e-06	8.41038e-09	7.22369e-12	2.52871e-15	4.64336e-19	5.19426e-23	5.08446e-27	3.37345e-30	2.49451e-33	1.33541e-36	7.88797e-40	8.06973e-44	9.32004e-48	8.28722e-52	4.08833e-56	1.56338e-59	1.36865e-63	5.92326e-67	3.24083e-71	7.40488e-75	1.7798e-79	1.05053e-83	1.52849e-88	4.66551e-93	1.05405e-97	
N116	8.20884e-37	7.04853e-30	3.66857e-24	6.08238e-22	2.10347e-18	6.78152e-14	2.08661e-13	6.59184e-11	2.9684e-10	3.59281e-07	0.00136483	0.666327	0.31326	0.0187675	0.00027895	1.34069e-06	2.31903e-09	1.46778e-12	3.69034e-16	1.35388e-19	4.34344e-22	2.76551e-25	2.62475e-28	2.81481e-31	3.88267e-35	1.09992e-37	8.34657e-42	3.01822e-44	1.10436e-48	2.70717e-51	6.1845e-56	7.80876e-59	1.22566e-63	7.28221e-67	8.31317e-72	2.06462e-75	1.74327e-80	1.63463e-84	3.62929e-89	2.57888e-93	2.12694e-96	
Trihoe	0	0	0	0	0	0	0	0	0	0	0	1	0	0	0	0	0	0	0	0	0	0	0	0	0	0	0	0	0	0	0	0	0	0	0	0	0	0	0	0	0	
Tribit	0	0	0	0	0	0	0	0	0	0	0	1	0	0	0	0	0	0	0	0	0	0	0	0	0	0	0	0	0	0	0	0	0	0	0	0	0	0	0	0	0	
Trijac	0	0	0	0	0	0	0	0	0	0	0	1	0	0	0	0	0	0	0	0	0	0	0	0	0	0	0	0	0	0	0	0	0	0	0	0	0	0	0	0	0	
N117	8.56586e-38	4.43891e-31	2.10326e-26	1.27487e-22	4.2682e-20	2.91993e-17	2.12956e-16	1.24004e-12	2.17706e-09	8.18355e-10	1.72736e-09	1.57105e-07	7.17743e-08	1.6905e-08	3.53251e-06	0.00125498	0.0999296	0.835723	0.0623468	0.000738761	2.93161e-06	9.4152e-09	7.09273e-11	8.45056e-13	2.55217e-15	6.23881e-18	9.48945e-21	6.302e-24	3.81475e-27	7.81456e-30	3.8911e-33	8.34274e-36	2.29373e-39	2.44215e-42	3.43655e-46	1.35373e-49	1.13351e-53	1.91179e-57	9.82418e-62	1.09548e-65	2.15908e-69	
Tricri	0	0	0	0	0	0	0	0	0	0	0	0	0	0	0	0	0	1	0	0	0	0	0	0	0	0	0	0	0	0	0	0	0	0	0	0	0	0	0	0	0	
N118	3.18611e-40	1.7911e-33	1.03397e-28	1.0296e-24	5.84235e-22	4.41579e-19	8.50664e-18	3.33087e-14	3.09258e-11	1.16487e-11	2.28212e-11	1.89667e-09	9.11489e-10	7.56982e-10	3.56945e-07	0.000291279	0.0535893	0.888509	0.0571181	0.000490244	1.22659e-06	1.38276e-09	2.40258e-12	8.1922e-14	7.68884e-16	3.10072e-18	1.77837e-20	7.5395e-24	7.86259e-27	4.59475e-30	1.51715e-33	1.52931e-35	4.64135e-39	3.37523e-41	3.80307e-45	1.26872e-47	6.81404e-52	4.63712e-55	1.71793e-59	4.65524e-63	4.32137e-67	
Triwie	0	0	0	0	0	0	0	0	0	0	0	0	0	0	0	0	0	1	0	0	0	0	0	0	0	0	0	0	0	0	0	0	0	0	0	0	0	0	0	0	0	
Triqua	0	0	0	0	0	0	0	0	0	0	0	0	0	0	0	0	0	1	0	0	0	0	0	0	0	0	0	0	0	0	0	0	0	0	0	0	0	0	0	0	0	
N119	1.11765e-37	1.01632e-31	1.68259e-27	1.19918e-23	6.48916e-21	1.28483e-18	1.37461e-16	1.97458e-13	7.46536e-11	5.51834e-10	3.11526e-09	6.88177e-08	3.35052e-07	2.37255e-06	0.000274186	0.0241416	0.360707	0.536887	0.0755502	0.00240558	3.04856e-05	8.82445e-07	7.17599e-08	1.19716e-08	2.41354e-10	4.32134e-12	3.97279e-14	9.70551e-17	4.14744e-19	1.30344e-20	4.35289e-23	1.7688e-24	1.96891e-27	3.50375e-29	1.83566e-32	8.80732e-35	2.97772e-38	4.69153e-41	1.08422e-44	1.02201e-47	2.91888e-50	
N120	8.37046e-36	8.11451e-30	1.05991e-25	3.67956e-22	8.59566e-20	1.90138e-17	3.93201e-16	7.53274e-13	4.83212e-10	7.04786e-10	2.16384e-09	1.19054e-07	1.59618e-07	1.51388e-07	1.78735e-05	0.00289871	0.124708	0.752714	0.116146	0.00347871	3.61588e-05	1.96182e-07	1.39597e-09	2.83746e-11	2.38782e-13	1.5193e-15	7.18975e-18	1.25338e-20	2.07012e-23	6.03929e-26	7.86946e-29	3.81187e-31	3.63035e-34	1.00544e-36	5.16939e-40	6.30757e-43	1.96022e-46	1.10702e-49	2.17545e-53	7.74759e-57	3.18801e-60	
Kinboe	0	0	0	0	0	0	0	0	0	0	0	0	0	0	0	0	0	1	0	0	0	0	0	0	0	0	0	0	0	0	0	0	0	0	0	0	0	0	0	0	0	
Kinfis	0	0	0	0	0	0	0	0	0	0	0	0	0	0	0	0	0	1	0	0	0	0	0	0	0	0	0	0	0	0	0	0	0	0	0	0	0	0	0	0	0	
Kinxen	0	0	0	0	0	0	0	0	0	0	0	0	0	0	0	0	0	1	0	0	0	0	0	0	0	0	0	0	0	0	0	0	0	0	0	0	0	0	0	0	0	
N121	1.23301e-40	3.16069e-34	7.13033e-31	1.49736e-27	3.29745e-25	1.24093e-21	3.91401e-18	5.09187e-15	1.66918e-13	6.80954e-12	1.0903e-09	8.06066e-08	1.24876e-06	0.000230282	0.0263747	0.401247	0.536326	0.0355342	0.000285455	7.04466e-07	5.55537e-10	1.06663e-12	1.42001e-14	4.7883e-15	4.30974e-16	1.30897e-17	2.72596e-19	1.67354e-22	8.0573e-25	3.09512e-27	4.5011e-30	5.33278e-31	1.04318e-34	4.64893e-36	1.20014e-40	9.42856e-43	4.02755e-47	1.0366e-48	6.18041e-52	8.15286e-54	2.24569e-55	
N122	3.63323e-32	1.70077e-26	7.23523e-22	1.57751e-19	2.06975e-16	3.84296e-13	5.51515e-12	1.67224e-10	3.6681e-09	9.05064e-07	0.000323597	0.0302181	0.222809	0.411942	0.264385	0.0646496	0.00556078	0.00011043	7.65834e-07	2.57247e-09	5.04315e-12	8.91331e-15	6.1195e-17	1.44073e-18	1.07814e-20	5.51135e-23	1.9984e-25	2.24764e-28	3.1291e-31	1.14325e-33	1.83379e-36	1.7116e-38	1.93865e-41	1.01457e-43	4.99571e-47	8.47413e-50	2.62718e-53	1.83315e-56	3.67203e-60	1.7252e-63	1.34981e-66	
N123	1.5154e-33	1.75792e-26	1.29062e-20	6.9855e-19	1.08559e-15	3.39594e-11	1.56478e-11	1.8599e-09	2.09304e-09	7.89666e-07	0.00177374	0.593712	0.373019	0.0308479	0.000642873	4.28592e-06	1.00949e-08	9.05381e-12	3.80372e-15	9.52049e-19	3.54353e-22	1.76766e-25	9.866e-29	5.59298e-32	9.67232e-36	2.71934e-39	3.72043e-43	1.15489e-46	3.10976e-50	7.33277e-50	1.41021e-49	5.1206e-51	5.22519e-53	1.15547e-54	5.3981e-56	3.6331e-56	2.12337e-57	1.85385e-59	4.73419e-62	3.59538e-64	9.09748e-66	
N124	1.0051e-36	3.10884e-29	6.07595e-23	4.80137e-21	1.30295e-17	1.61434e-12	5.02108e-13	3.32026e-10	2.184e-10	1.6682e-07	0.00114582	0.898042	0.0999877	0.000822552	1.27719e-06	6.02313e-10	1.32881e-13	1.24438e-16	7.20947e-20	4.07747e-23	1.42736e-26	2.16152e-30	3.64307e-34	3.47844e-37	1.50488e-41	8.90068e-45	1.61551e-49	3.57287e-53	2.39228e-56	3.22852e-56	3.6687e-56	2.74723e-58	5.42705e-61	2.69844e-63	2.71882e-65	1.80568e-64	1.01927e-65	1.50134e-67	1.02533e-69	4.09154e-72	7.14518e-74	
N125	2.91225e-36	2.36673e-29	1.1217e-23	1.80624e-21	5.29673e-18	1.27116e-13	4.11514e-13	1.18268e-10	6.314e-10	7.56298e-07	0.00251374	0.933145	0.0640493	0.000291135	2.93297e-07	1.49145e-10	6.17146e-13	2.52534e-14	1.87512e-17	3.76631e-20	1.45363e-23	4.06037e-26	2.93752e-29	4.58223e-31	2.33467e-35	8.45487e-38	2.47789e-42	1.76623e-45	3.55578e-50	9.48134e-54	1.36167e-58	2.55353e-62	2.52101e-66	6.23998e-70	8.56998e-74	3.00463e-76	2.40585e-81	5.67067e-85	8.71801e-89	5.27556e-93	2.76186e-96	
Chaafr	0	0	0	0	0	0	0	0	0	0	0	1	0	0	0	0	0	0	0	0	0	0	0	0	0	0	0	0	0	0	0	0	0	0	0	0	0	0	0	0	0	
Chacha	0	0	0	0	0	0	0	0	0	0	0	1	0	0	0	0	0	0	0	0	0	0	0	0	0	0	0	0	0	0	0	0	0	0	0	0	0	0	0	0	0	
N126	4.77484e-36	4.14845e-29	2.30572e-23	3.58152e-21	1.26277e-17	4.54252e-13	9.80152e-13	2.89851e-10	8.24424e-10	7.95871e-07	0.0026008	0.947987	0.0492285	0.000183089	1.62189e-07	8.0863e-11	3.0396e-13	6.91018e-15	4.07293e-18	5.89632e-21	1.90395e-24	4.64453e-27	2.80592e-30	2.30467e-32	1.24519e-36	2.36126e-39	7.34393e-44	2.88381e-47	5.93986e-52	1.00825e-55	1.42822e-60	2.00747e-64	1.81654e-68	3.67993e-72	3.99073e-76	7.31631e-79	6.28052e-84	8.56367e-88	8.99474e-92	4.58815e-96	1.71379e-99	
Chacaly	0	0	0	0	0	0	0	0	0	0	0	1	0	0	0	0	0	0	0	0	0	0	0	0	0	0	0	0	0	0	0	0	0	0	0	0	0	0	0	0	0	
Chazey	0	0	0	0	0	0	0	0	0	0	0	1	0	0	0	0	0	0	0	0	0	0	0	0	0	0	0	0	0	0	0	0	0	0	0	0	0	0	0	0	0	
N127	6.8448e-33	1.41969e-26	1.86925e-21	3.35007e-19	5.20629e-16	1.56706e-12	6.22263e-12	4.27679e-10	7.18215e-09	5.06113e-06	0.00510202	0.659899	0.318087	0.0167096	0.00019619	7.21479e-07	1.13065e-09	1.42166e-11	7.4808e-14	5.24559e-16	2.25142e-18	3.51641e-21	7.86616e-24	2.30123e-25	5.5382e-29	1.11272e-30	1.33256e-34	1.05053e-36	8.1904e-41	2.58496e-43	1.46752e-47	1.93593e-50	8.73234e-55	5.29165e-58	3.39895e-62	1.83707e-64	5.65298e-69	8.96226e-72	5.1229e-75	1.0447e-78	1.64371e-81	
Chadil	0	0	0	0	0	0	0	0	0	0	0	1	0	0	0	0	0	0	0	0	0	0	0	0	0	0	0	0	0	0	0	0	0	0	0	0	0	0	0	0	0	
Chasen	0	0	0	0	0	0	0	0	0	0	0	1	0	0	0	0	0	0	0	0	0	0	0	0	0	0	0	0	0	0	0	0	0	0	0	0	0	0	0	0	0	
Chanam	0	0	0	0	0	0	0	0	0	0	0	1	0	0	0	0	0	0	0	0	0	0	0	0	0	0	0	0	0	0	0	0	0	0	0	0	0	0	0	0	0	
N128	2.09842e-35	3.06628e-31	1.03824e-28	4.08409e-26	1.64699e-24	9.31574e-22	2.12011e-18	1.71185e-15	1.72955e-13	1.68745e-11	1.18893e-09	5.70839e-08	1.41238e-06	0.000270699	0.0283138	0.403894	0.527438	0.039268	0.00080625	7.20577e-06	3.86505e-07	3.82679e-07	5.82878e-08	1.07758e-07	3.42638e-08	1.9019e-08	1.55701e-09	1.02888e-10	3.15183e-12	3.25403e-11	1.80176e-13	9.31055e-13	9.66369e-16	1.40712e-15	4.84058e-19	5.45764e-20	1.12153e-23	1.27022e-25	4.43961e-29	1.10188e-31	2.68247e-32	
Riebrev	0	0	0	0	0	0	0	0	0	0	0	0	0	0	0	0	0	0	0	0	0	0	0	0	0	0	0	0	0	0	1	0	0	0	0	0	0	0	0	0	0	
N129	2.7026e-38	4.36044e-31	1.15688e-27	3.36893e-22	1.84585e-21	3.98969e-19	1.19376e-16	2.61298e-12	5.93421e-11	7.70451e-12	1.52129e-08	3.40526e-09	6.71368e-11	5.90182e-09	1.4244e-05	0.00962559	0.974412	0.0159022	4.61823e-05	4.65908e-08	2.6973e-11	1.47516e-14	9.9124e-18	6.08578e-21	1.61513e-24	3.84674e-28	6.17554e-32	1.0682e-35	1.41652e-39	2.33543e-43	2.05062e-47	1.68894e-51	3.61767e-51	2.86238e-52	1.78594e-54	3.21793e-55	1.34727e-57	5.72383e-60	1.86229e-62	3.59539e-63	9.05787e-62	
N130	5.32686e-49	1.88212e-40	2.61062e-36	1.23398e-29	2.68297e-28	4.40336e-25	4.8892e-22	7.93225e-17	3.28957e-15	1.53822e-16	3.23706e-12	1.88192e-13	1.16909e-15	8.5549e-13	5.55356e-08	0.000797083	0.995862	0.00333971	9.78719e-07	6.88395e-11	1.84895e-15	1.39221e-19	4.82808e-23	8.00647e-26	4.37403e-29	7.63053e-31	6.30545e-33	1.01975e-35	9.09224e-38	4.88337e-39	3.08732e-41	1.07585e-41	2.89719e-44	7.04072e-45	4.67623e-48	1.33399e-49	7.23518e-53	8.05067e-55	4.32079e-58	2.47277e-60	4.13539e-62	
N131	2.59207e-45	5.3415e-39	2.05309e-36	7.83502e-32	1.35522e-31	2.10396e-28	8.76018e-25	1.32903e-19	6.52689e-18	8.78338e-19	1.18224e-14	6.26375e-16	6.86e-17	3.07164e-13	2.72603e-08	0.000557956	0.996783	0.00265847	5.60219e-07	2.80286e-11	5.24046e-16	2.67371e-19	5.05756e-22	1.69987e-23	6.80005e-26	2.20832e-29	6.84308e-34	2.41309e-39	1.64391e-43	3.47496e-47	1.80671e-51	1.24083e-52	1.30527e-51	1.15465e-50	2.68594e-54	2.83047e-54	6.01095e-58	9.15087e-60	5.43804e-63	9.77982e-64	8.0053e-62	
Braset	0	0	0	0	0	0	0	0	0	0	0	0	0	0	0	0	1	0	0	0	0	0	0	0	0	0	0	0	0	0	0	0	0	0	0	0	0	0	0	0	0	
N132	2.83679e-54	3.52314e-46	8.91198e-42	1.67537e-35	8.45747e-34	9.62554e-31	1.91565e-27	1.22672e-22	7.45554e-21	1.00951e-20	2.19333e-16	1.30291e-15	9.37427e-16	2.36002e-12	9.01649e-08	0.00089937	0.996462	0.00263756	8.28457e-07	7.48486e-11	2.88693e-15	2.10241e-18	6.32748e-21	1.26394e-22	5.15282e-25	2.02831e-28	7.16978e-33	5.93888e-38	2.89556e-42	1.31802e-45	1.32016e-49	6.32479e-52	3.43421e-56	8.65437e-59	2.32493e-64	1.31613e-68	2.28129e-74	5.09293e-79	2.30032e-84	1.60837e-89	8.39248e-93	
N133	1.28902e-56	1.10807e-47	2.177e-43	3.25838e-36	1.18042e-34	1.72146e-31	9.50355e-28	6.10052e-22	7.63609e-20	7.97969e-20	1.35904e-14	3.20744e-15	6.74185e-17	7.90656e-14	9.34548e-09	0.000288755	0.999096	0.000615092	4.92919e-08	1.20436e-12	1.34156e-17	8.14078e-22	2.30822e-25	1.63993e-28	2.63133e-32	1.00329e-36	6.72257e-42	1.35435e-47	5.83623e-53	2.70543e-57	2.09074e-62	2.24637e-66	9.30732e-72	3.77834e-76	1.49105e-82	2.01072e-88	2.75915e-95	1.27586e-101	9.69681e-109	1.11562e-115	5.03952e-122	
Bramel	0	0	0	0	0	0	0	0	0	0	0	0	0	0	0	0	1	0	0	0	0	0	0	0	0	0	0	0	0	0	0	0	0	0	0	0	0	0	0	0	0	
Bratha	0	0	0	0	0	0	0	0	0	0	0	0	0	0	0	0	1	0	0	0	0	0	0	0	0	0	0	0	0	0	0	0	0	0	0	0	0	0	0	0	0	
N134	9.25775e-56	2.24907e-47	6.09396e-43	2.74918e-36	1.7359e-34	3.16491e-31	1.6181e-27	4.83836e-22	8.83792e-20	1.90398e-19	7.26902e-15	1.11062e-14	1.79412e-15	2.63657e-12	9.65973e-08	0.000927865	0.997011	0.00206065	5.5005e-07	4.44575e-11	1.62123e-15	5.32033e-19	7.64579e-22	3.79743e-24	4.1692e-27	8.19754e-31	2.20342e-35	1.72704e-40	4.13119e-45	1.24031e-48	6.42481e-53	7.51964e-56	2.40104e-60	1.37951e-63	3.9717e-69	7.53288e-74	1.21666e-79	1.26343e-84	3.1186e-90	1.78576e-95	2.4431e-99	
Bradra	0	0	0	0	0	0	0	0	0	0	0	0	0	0	0	0	1	0	0	0	0	0	0	0	0	0	0	0	0	0	0	0	0	0	0	0	0	0	0	0	0	
Bratra	0	0	0	0	0	0	0	0	0	0	0	0	0	0	0	0	1	0	0	0	0	0	0	0	0	0	0	0	0	0	0	0	0	0	0	0	0	0	0	0	0	
N135	9.27318e-50	6.46115e-42	5.26064e-38	5.97735e-32	1.00408e-30	4.52968e-28	5.86333e-25	5.00439e-20	3.87691e-18	4.72948e-18	9.84844e-14	1.07818e-13	1.28275e-14	1.22443e-11	2.67208e-07	0.0015347	0.995165	0.00329867	1.43239e-06	1.89741e-10	1.14682e-14	3.37838e-18	4.95163e-21	1.79586e-23	1.5228e-26	3.29666e-30	1.37884e-34	1.82339e-39	5.22333e-44	1.61882e-47	9.42333e-52	7.90892e-55	3.02858e-59	1.19865e-62	5.99389e-68	1.17941e-72	3.09803e-78	3.51037e-83	9.83455e-89	8.08313e-94	7.72922e-98	
Bragut	0	0	0	0	0	0	0	0	0	0	0	0	0	0	0	0	1	0	0	0	0	0	0	0	0	0	0	0	0	0	0	0	0	0	0	0	0	0	0	0	0	
Braven	0	0	0	0	0	0	0	0	0	0	0	0	0	0	0	0	1	0	0	0	0	0	0	0	0	0	0	0	0	0	0	0	0	0	0	0	0	0	0	0	0	
N136	5.13546e-43	1.04773e-35	8.59069e-32	2.84972e-26	6.08721e-25	1.95745e-22	1.44958e-19	2.06445e-15	5.14661e-14	2.54786e-14	1.89297e-11	3.54566e-12	9.19553e-13	6.45058e-10	3.75006e-06	0.00570802	0.981684	0.0125832	2.10481e-05	1.05828e-08	2.38177e-12	1.98207e-15	8.14883e-18	9.11637e-20	2.10223e-22	1.55322e-25	2.71997e-29	1.36421e-33	1.69796e-37	1.83448e-40	3.45678e-44	9.97832e-47	9.72463e-51	1.52693e-53	2.65467e-58	3.03631e-62	3.28852e-67	1.81099e-71	1.75866e-76	6.42867e-81	1.92666e-84	
Brapum	0	0	0	0	0	0	0	0	0	0	0	0	0	0	0	0	1	0	0	0	0	0	0	0	0	0	0	0	0	0	0	0	0	0	0	0	0	0	0	0	0	
Bradam	0	0	0	0	0	0	0	0	0	0	0	0	0	0	0	0	1	0	0	0	0	0	0	0	0	0	0	0	0	0	0	0	0	0	0	0	0	0	0	0	0	
