NODE	1	2	3	4	5	6	7	8	9	10	11	12	13	14	15	16	17	18	19	20	21	22	23	24	25	26	27	28	29	30	31	32	33	34	35	36	37	38	39	40	41	
N1	4.79648e-19	1.59307e-17	5.15689e-16	5.7322e-15	8.21217e-14	1.89931e-13	1.48609e-12	9.03945e-12	4.56847e-12	5.30333e-12	4.39877e-11	1.93282e-10	1	1.8456e-11	2.85137e-12	7.98586e-13	2.20127e-13	3.71675e-14	3.40152e-15	1.89803e-16	7.24936e-18	2.07015e-19	4.70179e-21	8.80899e-23	1.38364e-24	1.83135e-26	2.04704e-28	1.93902e-30	1.56496e-32	1.08365e-34	6.48676e-37	3.38259e-39	1.54801e-41	6.26075e-44	2.25226e-46	7.24991e-49	2.09961e-51	5.4981e-54	1.30795e-56	2.84381e-59	6.19355e-62	
Leiolep	0	0	0	0	0	0	0	0	0	0	0	0	0	0	0	0	0	1	0	0	0	0	0	0	0	0	0	0	0	0	0	0	0	0	0	0	0	0	0	0	0	
N2	1.24286e-29	4.49118e-25	1.10313e-20	3.88485e-18	6.20552e-14	2.29307e-13	9.31146e-10	1.02773e-06	1.35343e-07	3.44489e-06	0.00574668	0.95102	0.0431576	7.11707e-05	3.30034e-07	5.44523e-08	2.52521e-08	1.19082e-08	9.28436e-11	1.62525e-13	7.70777e-17	8.51878e-21	1.20485e-24	1.30389e-28	1.88974e-32	6.06247e-36	3.36508e-39	3.96596e-43	4.28274e-47	4.85716e-50	1.54949e-52	4.98126e-54	4.00702e-53	2.00013e-53	6.69524e-53	6.16121e-52	4.16311e-51	6.20875e-51	2.53786e-50	1.00813e-49	5.31148e-49	
N3	2.58013e-28	2.10516e-24	1.31347e-20	8.70162e-18	2.48574e-14	6.71197e-13	5.0706e-10	1.58901e-07	1.4477e-07	4.31785e-06	0.00366262	0.425042	0.0167095	4.3349e-05	9.06242e-07	7.37093e-05	0.00480559	0.529917	0.0187476	0.000989984	3.76149e-06	2.40245e-09	1.07227e-11	2.5224e-13	1.21589e-15	9.06942e-18	4.43378e-19	1.12875e-22	2.07642e-25	6.30353e-28	7.18558e-32	7.12618e-35	6.2244e-39	1.13496e-42	1.0915e-45	4.8803e-48	1.49766e-51	1.03144e-54	2.29703e-57	9.57234e-60	7.82698e-63	
N4	2.78217e-34	1.91229e-29	8.77602e-25	3.68525e-22	1.38516e-17	3.30562e-17	2.84381e-13	1.34189e-09	1.74885e-10	2.36944e-09	1.50697e-05	0.00825606	5.672e-05	2.13661e-08	1.2447e-09	2.3039e-06	0.00313181	0.977018	0.0114855	3.47728e-05	2.02209e-08	2.83675e-12	1.08511e-15	2.15874e-18	1.70227e-21	9.51318e-25	9.74551e-28	3.05994e-32	2.55283e-36	1.92036e-40	2.4286e-45	2.65801e-47	3.49467e-48	8.23303e-51	1.10566e-52	8.65378e-53	2.94246e-53	3.40887e-55	1.0248e-56	2.22782e-58	2.78812e-60	
N5	2.84286e-35	1.34355e-30	4.35213e-26	5.42596e-23	8.78938e-19	2.46232e-17	7.6708e-14	7.98305e-11	3.82149e-11	1.92998e-09	7.27916e-06	0.00265585	2.22598e-05	1.2682e-08	8.75667e-10	3.09932e-06	0.00514575	0.976846	0.0152907	2.90493e-05	1.31056e-08	2.26055e-12	4.18738e-15	3.22319e-16	6.1319e-18	1.54228e-20	2.48337e-22	1.12041e-26	4.59446e-30	2.62312e-34	3.17189e-39	1.93271e-41	8.75697e-43	5.3421e-45	4.55571e-46	4.53016e-45	1.18022e-44	4.41527e-46	5.03045e-47	1.23797e-47	4.38328e-49	
B3088	0	0	0	0	0	0	0	0	0	0	0	0	0	0	0	0	0	1	0	0	0	0	0	0	0	0	0	0	0	0	0	0	0	0	0	0	0	0	0	0	0	
N6	7.53341e-33	7.63741e-29	5.7668e-25	5.64911e-22	1.84151e-18	8.32544e-17	8.32123e-14	4.84575e-11	1.83382e-10	8.55824e-09	9.63281e-06	0.00144742	2.0233e-05	3.11171e-08	1.26358e-08	1.71696e-05	0.01101	0.964384	0.0230401	7.11953e-05	6.29722e-08	2.89481e-11	2.74938e-13	7.00736e-14	4.43647e-15	3.94557e-17	2.01752e-18	3.65367e-22	5.49165e-25	9.39837e-29	4.08491e-33	1.97807e-36	1.3109e-40	3.97365e-44	9.6819e-47	3.07157e-48	1.51729e-50	1.19678e-53	3.16749e-56	1.51143e-58	1.04461e-61	
N7	1.94733e-44	3.58208e-43	6.28982e-42	9.96049e-41	1.40519e-39	1.60722e-41	1.84699e-37	1.15102e-20	2.89229e-31	1.50261e-37	1.64913e-17	3.37388e-10	2.96451e-17	2.2225e-34	1.35256e-33	1.0402e-15	8.79955e-08	1	1.41296e-07	2.67124e-15	4.80865e-34	9.14038e-35	1.33991e-34	7.12033e-34	1.73011e-33	3.2881e-33	8.07263e-33	2.34303e-33	1.13659e-33	3.55902e-34	4.67125e-35	1.50137e-35	4.61151e-36	3.21223e-36	6.64859e-36	3.78606e-35	5.76163e-35	8.33515e-35	2.56348e-34	4.40712e-34	7.12096e-34	
BGA709	0	0	0	0	0	0	0	0	0	0	0	0	0	0	0	0	0	1	0	0	0	0	0	0	0	0	0	0	0	0	0	0	0	0	0	0	0	0	0	0	0	
BGA710	0	0	0	0	0	0	0	0	0	0	0	0	0	0	0	0	0	1	0	0	0	0	0	0	0	0	0	0	0	0	0	0	0	0	0	0	0	0	0	0	0	
BGA309	0	0	0	0	0	0	0	0	0	0	0	0	0	0	0	0	0	1	0	0	0	0	0	0	0	0	0	0	0	0	0	0	0	0	0	0	0	0	0	0	0	
N8	2.33864e-37	2.15978e-32	1.30345e-27	7.39202e-25	3.30237e-20	6.87122e-20	7.88399e-16	5.81117e-12	7.65809e-13	1.74855e-11	1.97659e-07	0.000231734	4.30019e-07	7.42754e-11	2.39792e-11	3.20329e-07	0.00156552	0.994519	0.00368103	1.7484e-06	2.40003e-10	1.68269e-14	1.12021e-17	8.6008e-20	1.82558e-22	1.17543e-25	1.79747e-28	3.78704e-33	2.83277e-37	5.41239e-42	2.83187e-47	4.07294e-50	7.56485e-50	3.78032e-52	1.33684e-53	4.72248e-53	1.06738e-51	1.72223e-53	9.59889e-55	4.67358e-56	7.18265e-58	
N9	1.99572e-35	4.48949e-31	7.37462e-27	4.33926e-24	5.47001e-20	4.25416e-19	1.6333e-15	3.55563e-12	1.31141e-12	2.33836e-11	5.72219e-08	1.59396e-05	9.17287e-08	2.77643e-10	1.42478e-09	4.87241e-06	0.00607035	0.984356	0.00954041	1.20077e-05	4.53734e-09	1.31695e-12	4.91669e-15	9.62145e-17	5.40112e-19	1.17066e-21	4.52748e-24	3.44537e-28	6.86147e-32	4.3196e-36	8.57885e-41	7.11368e-45	2.66166e-49	4.0579e-53	1.94941e-56	4.40771e-59	1.93903e-62	9.54242e-66	3.41209e-66	1.01712e-65	1.3224e-65	
N10	1.17924e-48	3.33502e-47	8.74899e-46	2.06956e-44	4.45296e-43	1.14947e-44	1.6112e-40	2.61977e-23	1.0793e-33	1.31943e-39	2.83103e-19	9.03998e-12	6.35974e-19	1.41663e-35	1.94809e-34	4.17043e-16	5.73343e-08	1	9.26655e-08	1.07984e-15	6.86957e-35	6.0907e-36	9.07113e-36	9.51612e-35	3.88246e-34	8.23358e-34	3.89946e-33	5.82651e-34	2.71041e-34	4.89177e-35	3.23495e-36	9.32624e-37	1.49222e-37	9.40538e-38	2.19648e-37	2.47248e-36	5.92832e-36	7.56659e-36	2.98768e-35	8.64569e-35	1.18024e-34	
B11696	0	0	0	0	0	0	0	0	0	0	0	0	0	0	0	0	0	1	0	0	0	0	0	0	0	0	0	0	0	0	0	0	0	0	0	0	0	0	0	0	0	
B11697	0	0	0	0	0	0	0	0	0	0	0	0	0	0	0	0	0	1	0	0	0	0	0	0	0	0	0	0	0	0	0	0	0	0	0	0	0	0	0	0	0	
N11	2.06745e-47	3.77317e-41	4.00819e-35	1.84771e-32	1.90782e-26	1.61794e-27	4.02061e-22	5.95181e-17	2.39521e-19	4.11409e-18	8.32296e-13	1.70342e-08	1.69162e-12	5.87328e-16	3.45106e-15	1.01257e-09	8.97099e-05	0.999763	0.000146961	2.68437e-09	1.44204e-14	5.40812e-20	2.22046e-24	4.52937e-28	2.25266e-32	3.41218e-37	7.77751e-42	2.64999e-48	1.47707e-54	8.6315e-62	2.6288e-36	7.56517e-37	1.09924e-37	6.63444e-38	1.56071e-37	1.9263e-36	4.93174e-36	6.14085e-36	2.43423e-35	7.6003e-35	1.02309e-34	
B11609	0	0	0	0	0	0	0	0	0	0	0	0	0	0	0	0	0	1	0	0	0	0	0	0	0	0	0	0	0	0	0	0	0	0	0	0	0	0	0	0	0	
BGA392	0	0	0	0	0	0	0	0	0	0	0	0	0	0	0	0	0	1	0	0	0	0	0	0	0	0	0	0	0	0	0	0	0	0	0	0	0	0	0	0	0	
N12	1.01576e-44	8.79929e-39	4.17025e-33	5.22568e-30	1.77812e-24	3.20696e-24	1.80383e-19	4.13461e-15	2.66182e-16	1.39475e-14	1.03122e-09	6.44896e-06	2.82093e-09	8.44567e-14	1.40215e-13	1.29337e-08	0.000351259	0.998514	0.0011283	1.07815e-07	2.4466e-12	2.63168e-17	6.30105e-21	4.0343e-23	5.54383e-26	9.63956e-29	3.66163e-29	4.82402e-32	6.57647e-34	9.1397e-37	3.433e-40	1.78804e-42	1.19031e-45	4.59492e-48	1.48616e-49	7.55085e-50	6.10046e-51	7.23987e-53	2.91467e-54	2.56064e-55	2.92529e-57	
N13	1.40774e-37	2.87257e-34	4.23245e-31	8.28879e-30	2.9244e-26	2.41296e-25	1.00409e-20	1.47585e-16	2.69379e-17	4.13247e-15	2.67272e-10	1.57271e-06	6.63755e-10	2.34271e-14	1.76936e-13	1.46618e-08	0.000368557	0.998551	0.00107924	1.02225e-07	2.36508e-12	2.5522e-17	1.80305e-20	1.34604e-21	2.18036e-23	1.34002e-26	1.64473e-28	7.29845e-34	8.62785e-38	2.97513e-43	2.32823e-49	6.72903e-53	8.25871e-55	1.87506e-57	4.7503e-59	6.44443e-58	5.8183e-57	4.93358e-59	1.37254e-60	2.40642e-61	1.78312e-63	
N14	1.98668e-41	1.10078e-36	4.43428e-32	7.38924e-29	2.08374e-24	5.15838e-23	4.26843e-19	1.95918e-15	2.2403e-15	1.00189e-13	5.00302e-10	2.84688e-07	8.26737e-10	1.08223e-11	1.71774e-10	1.17905e-06	0.00300608	0.992106	0.0048838	3.09351e-06	5.83018e-10	7.88991e-14	3.58769e-16	2.15627e-17	3.3841e-19	1.00505e-21	1.19291e-23	4.48928e-28	1.05021e-31	3.52226e-36	3.47493e-41	3.31846e-45	6.11826e-50	1.04088e-53	6.61079e-57	4.5694e-59	5.39675e-62	1.08487e-65	1.10381e-68	8.97104e-71	8.47774e-73	
N15	2.12423e-50	6.65232e-49	1.95972e-47	5.22263e-46	1.24268e-44	4.38524e-46	4.66553e-42	8.98927e-25	2.83181e-35	3.39584e-41	6.63357e-21	2.41453e-13	5.16396e-19	2.52327e-35	3.00322e-34	7.14958e-16	7.46193e-08	1	1.15539e-07	1.71185e-15	9.53569e-35	1.04278e-35	1.68089e-35	1.51119e-34	5.53936e-34	1.22316e-33	4.91214e-33	8.383e-34	3.54847e-34	6.98059e-35	5.27914e-36	1.51989e-36	2.94226e-37	2.10737e-37	4.88086e-37	4.67236e-36	1.01604e-35	1.39226e-35	5.58571e-35	1.41492e-34	1.96063e-34	
B985	0	0	0	0	0	0	0	0	0	0	0	0	0	0	0	0	0	1	0	0	0	0	0	0	0	0	0	0	0	0	0	0	0	0	0	0	0	0	0	0	0	
B983	0	0	0	0	0	0	0	0	0	0	0	0	0	0	0	0	0	1	0	0	0	0	0	0	0	0	0	0	0	0	0	0	0	0	0	0	0	0	0	0	0	
N16	4.4275e-43	5.98014e-38	5.51197e-33	3.83054e-30	3.26781e-25	6.25585e-25	1.33073e-20	1.58621e-16	1.20923e-17	2.34884e-16	3.32351e-12	5.13057e-09	4.94052e-11	1.3308e-12	9.06853e-12	1.83356e-07	0.00120075	0.996892	0.00190623	4.59779e-07	3.28909e-11	1.76355e-15	1.30841e-18	5.60856e-21	6.71005e-24	2.81149e-27	2.37035e-30	3.30108e-35	1.36501e-39	1.58279e-44	5.60031e-50	8.82648e-55	5.66318e-60	1.54748e-64	3.66671e-68	8.05332e-68	2.27613e-67	2.87047e-67	1.26667e-66	4.43074e-66	5.7128e-66	
N17	6.2538e-55	3.85581e-53	2.09426e-51	9.68129e-50	3.72716e-48	9.65284e-50	3.15139e-45	5.00239e-28	5.12377e-38	1.15736e-43	5.81237e-23	5.53938e-15	1.96149e-21	4.92734e-37	1.59715e-35	4.98791e-17	2.00008e-08	1	3.24972e-08	1.30331e-16	5.6738e-36	2.05825e-37	3.09415e-37	7.55224e-36	6.542e-35	1.52561e-34	1.67704e-33	1.07432e-34	4.77374e-35	3.96934e-36	1.1307e-37	3.0494e-38	2.13869e-39	1.25862e-39	3.19831e-39	8.36738e-38	4.1718e-37	4.76401e-37	2.34483e-36	1.48464e-35	1.72883e-35	
B199	0	0	0	0	0	0	0	0	0	0	0	0	0	0	0	0	0	1	0	0	0	0	0	0	0	0	0	0	0	0	0	0	0	0	0	0	0	0	0	0	0	
BGAA3	0	0	0	0	0	0	0	0	0	0	0	0	0	0	0	0	0	1	0	0	0	0	0	0	0	0	0	0	0	0	0	0	0	0	0	0	0	0	0	0	0	
N18	6.22631e-55	3.84231e-53	2.08877e-51	9.66401e-50	3.72322e-48	1.93391e-49	3.14942e-45	1.00169e-27	7.24369e-38	2.31961e-43	1.16591e-22	7.84965e-15	3.92011e-21	4.9137e-37	1.59406e-35	9.98786e-17	2.82965e-08	1	4.59822e-08	2.61036e-16	5.66454e-36	2.05292e-37	3.08536e-37	7.53718e-36	6.53378e-35	1.5234e-34	1.67605e-33	1.07287e-34	4.76883e-35	3.96256e-36	1.12787e-37	3.04187e-38	2.13144e-39	1.25387e-39	3.1863e-39	8.34328e-38	4.16285e-37	4.75302e-37	2.33904e-36	1.48214e-35	1.72579e-35	
B11604	0	0	0	0	0	0	0	0	0	0	0	0	0	0	0	0	0	1	0	0	0	0	0	0	0	0	0	0	0	0	0	0	0	0	0	0	0	0	0	0	0	
BGA583	0	0	0	0	0	0	0	0	0	0	0	0	0	0	0	0	0	1	0	0	0	0	0	0	0	0	0	0	0	0	0	0	0	0	0	0	0	0	0	0	0	
N19	6.6029e-43	9.60136e-38	9.38644e-33	9.77301e-30	7.64946e-25	3.49308e-24	6.67804e-20	6.83777e-16	1.31511e-16	3.67197e-15	4.37031e-11	5.29045e-08	9.81519e-11	1.68216e-12	1.72114e-11	2.80267e-07	0.00150842	0.995796	0.00269467	8.65243e-07	7.89868e-11	5.28749e-15	7.07086e-18	7.18368e-20	1.95103e-22	1.49526e-25	2.80419e-28	4.36955e-33	2.50373e-37	3.18239e-42	1.41668e-47	4.64486e-49	1.3145e-49	1.41829e-51	5.44262e-53	1.63216e-52	8.42394e-52	1.53552e-53	1.10013e-53	4.84842e-53	5.91667e-53	
N20	5.04455e-52	1.82855e-50	6.32522e-49	2.01761e-47	5.85192e-46	3.16513e-45	3.40603e-43	1.02517e-23	3.65122e-35	6.21763e-40	1.53924e-19	6.36483e-13	1.97284e-17	9.95087e-36	1.50288e-34	5.61668e-14	6.62127e-07	0.999998	1.02514e-06	1.34471e-13	4.75556e-35	4.01544e-36	6.53993e-36	7.44872e-35	3.33405e-34	7.7858e-34	3.94225e-33	5.3189e-34	2.16544e-34	3.458e-35	2.06352e-36	5.76135e-37	8.86658e-38	6.23219e-38	1.49296e-37	1.80852e-36	4.73736e-36	6.289e-36	2.80871e-35	8.72523e-35	1.14371e-34	
BGA89	0	0	0	0	0	0	0	0	0	0	0	0	0	0	0	0	0	1	0	0	0	0	0	0	0	0	0	0	0	0	0	0	0	0	0	0	0	0	0	0	0	
BGA40	0	0	0	0	0	0	0	0	0	0	0	0	0	0	0	0	0	1	0	0	0	0	0	0	0	0	0	0	0	0	0	0	0	0	0	0	0	0	0	0	0	
N21	8.98309e-44	9.57151e-39	6.69033e-34	9.878e-31	4.66319e-26	4.52167e-25	4.47672e-21	2.20613e-17	8.97195e-18	4.97816e-16	6.3386e-12	8.5118e-09	1.46061e-11	6.5254e-13	1.30387e-11	2.31245e-07	0.00137868	0.996176	0.00244412	6.98545e-07	5.62171e-11	2.81306e-15	5.19899e-18	2.07536e-19	2.00649e-21	2.26801e-24	1.73635e-26	2.79018e-31	4.59757e-35	6.60853e-40	2.51621e-45	1.27045e-49	8.1466e-55	4.7369e-59	1.34653e-62	5.72435e-65	9.43972e-68	1.22456e-68	4.84158e-68	4.58205e-67	5.17097e-67	
N22	6.17318e-54	2.99086e-52	1.36668e-50	5.71759e-49	2.15834e-47	1.32028e-48	2.08682e-44	7.03909e-27	3.44853e-37	6.97758e-43	2.22123e-22	1.31236e-14	5.20252e-20	3.83644e-36	7.36785e-35	3.06012e-16	4.91951e-08	1	7.70853e-08	7.49338e-16	2.40163e-35	1.55195e-36	2.48646e-36	3.59387e-35	1.96968e-34	4.71258e-34	3.03859e-33	3.2407e-34	1.32484e-34	1.72849e-35	8.18477e-37	2.2406e-37	2.70076e-38	1.80704e-38	4.43784e-38	6.82912e-37	2.17072e-36	2.74706e-36	1.3129e-35	5.07035e-35	6.35608e-35	
BGAA2	0	0	0	0	0	0	0	0	0	0	0	0	0	0	0	0	0	1	0	0	0	0	0	0	0	0	0	0	0	0	0	0	0	0	0	0	0	0	0	0	0	
BGAA1	0	0	0	0	0	0	0	0	0	0	0	0	0	0	0	0	0	1	0	0	0	0	0	0	0	0	0	0	0	0	0	0	0	0	0	0	0	0	0	0	0	
N23	1.40655e-57	6.46406e-50	9.67001e-43	7.72999e-40	8.69058e-33	2.14919e-34	5.18776e-28	5.39305e-22	6.28881e-25	1.45146e-23	1.95889e-17	3.59193e-12	3.58192e-15	1.66105e-18	1.32375e-17	2.48524e-11	1.40494e-05	0.999964	2.21163e-05	6.13812e-11	5.08363e-17	2.43102e-23	1.30393e-28	2.32249e-33	1.82853e-34	4.3835e-34	2.99406e-33	3.02331e-34	1.24353e-34	1.54798e-35	6.94671e-37	1.89544e-37	2.15366e-38	1.41833e-38	3.49995e-38	5.70006e-37	1.89885e-36	2.37445e-36	1.14698e-35	4.66883e-35	5.79933e-35	
BGA584	0	0	0	0	0	0	0	0	0	0	0	0	0	0	0	0	0	1	0	0	0	0	0	0	0	0	0	0	0	0	0	0	0	0	0	0	0	0	0	0	0	
BGA706	0	0	0	0	0	0	0	0	0	0	0	0	0	0	0	0	0	1	0	0	0	0	0	0	0	0	0	0	0	0	0	0	0	0	0	0	0	0	0	0	0	
N24	2.26153e-38	8.18487e-34	2.09295e-29	1.69802e-26	3.18281e-22	2.90166e-21	1.53699e-17	4.52771e-14	1.82321e-14	3.92533e-13	1.28682e-09	4.7525e-07	2.4807e-09	7.75888e-11	5.94257e-10	2.75272e-06	0.00458858	0.988332	0.00706918	6.5267e-06	1.80528e-09	3.91824e-13	1.38428e-15	2.97603e-17	1.79508e-19	3.71697e-22	1.56601e-24	8.80762e-29	1.48896e-32	6.97589e-37	1.01754e-41	7.44419e-46	2.1217e-50	3.04539e-54	1.35806e-57	3.36605e-60	1.59451e-63	1.19384e-66	1.67193e-66	6.32888e-66	7.87635e-66	
N25	8.81763e-51	2.87208e-49	3.35606e-72	6.30608e-51	1.33843e-31	2.63695e-42	3.67379e-27	8.02371e-21	2.48447e-24	4.41167e-23	1.26865e-16	3.89114e-11	1.70261e-15	1.89469e-19	1.16979e-18	4.89089e-12	6.22982e-06	0.999984	1.00054e-05	1.25182e-11	4.7645e-18	3.75678e-36	5.68463e-36	6.74801e-35	3.06407e-34	6.66048e-34	3.56209e-33	4.68187e-34	2.13112e-34	3.42482e-35	1.99502e-36	5.65738e-37	8.0771e-38	5.11844e-38	1.2173e-37	1.54869e-36	4.11028e-36	5.16826e-36	2.1402e-35	6.90873e-35	9.13834e-35	
BGA304	0	0	0	0	0	0	0	0	0	0	0	0	0	0	0	0	0	1	0	0	0	0	0	0	0	0	0	0	0	0	0	0	0	0	0	0	0	0	0	0	0	
BGA303	0	0	0	0	0	0	0	0	0	0	0	0	0	0	0	0	0	1	0	0	0	0	0	0	0	0	0	0	0	0	0	0	0	0	0	0	0	0	0	0	0	
N26	1.01266e-50	3.23206e-49	9.62253e-48	2.61019e-46	6.49757e-45	1.053e-46	3.12676e-42	3.10767e-25	1.93427e-35	1.92189e-41	4.57415e-21	2.29414e-13	6.83844e-20	9.41724e-36	1.44857e-34	1.85578e-16	3.83009e-08	1	6.13241e-08	4.724e-16	4.98549e-35	4.00479e-36	6.09252e-36	7.05749e-35	3.14272e-34	6.84331e-34	3.57069e-33	4.80014e-34	2.17183e-34	3.55574e-35	2.11994e-36	6.01671e-37	8.81834e-38	5.6452e-38	1.33978e-37	1.6623e-36	4.3305e-36	5.48054e-36	2.26538e-35	7.15752e-35	9.50546e-35	
BGAB1	0	0	0	0	0	0	0	0	0	0	0	0	0	0	0	0	0	1	0	0	0	0	0	0	0	0	0	0	0	0	0	0	0	0	0	0	0	0	0	0	0	
BGA7	0	0	0	0	0	0	0	0	0	0	0	0	0	0	0	0	0	1	0	0	0	0	0	0	0	0	0	0	0	0	0	0	0	0	0	0	0	0	0	0	0	
N27	8.93599e-40	9.40846e-39	9.75132e-38	9.12194e-37	7.61505e-36	2.1356e-35	3.53142e-34	5.43102e-15	4.0037e-27	2.59965e-32	1.79218e-12	1.23474e-06	2.94324e-12	1.52659e-32	1.03282e-32	1.07551e-12	2.36898e-06	0.999993	3.83816e-06	3.08911e-12	3.55071e-33	1.09993e-33	1.04403e-33	2.59521e-33	3.93103e-33	6.22313e-33	1.0625e-32	4.48949e-33	2.5265e-33	1.40223e-33	3.7273e-34	1.89706e-34	9.32017e-35	4.8998e-35	7.09373e-35	2.18759e-34	2.34144e-34	3.39931e-34	8.05882e-34	1.12165e-33	2.05377e-33	
PGA445	0	0	0	0	0	0	0	0	0	0	0	0	0	0	0	0	0	1	0	0	0	0	0	0	0	0	0	0	0	0	0	0	0	0	0	0	0	0	0	0	0	
PGA363	0	0	0	0	0	0	0	0	0	0	0	0	0	0	0	0	0	1	0	0	0	0	0	0	0	0	0	0	0	0	0	0	0	0	0	0	0	0	0	0	0	
N28	9.68311e-35	4.11385e-29	9.85967e-24	2.11126e-20	8.06341e-16	1.40624e-14	1.16235e-10	5.6014e-08	1.14229e-07	1.17606e-05	0.0162534	0.981817	0.00191795	1.97087e-07	1.25506e-11	2.35771e-14	4.93637e-17	5.03073e-19	1.13992e-22	4.0227e-27	3.97193e-32	1.54659e-37	2.87549e-42	1.30209e-42	2.00802e-41	2.74002e-43	1.21428e-41	7.77841e-40	3.61099e-38	2.46606e-37	2.40908e-37	1.31066e-36	2.33021e-37	4.87957e-38	4.13994e-37	9.15439e-36	2.97816e-35	3.33819e-35	1.3515e-34	7.36135e-34	1.55368e-33	
N29	1.68098e-29	3.72018e-25	5.91973e-21	1.90189e-17	2.04887e-14	1.32228e-11	5.42962e-09	1.78549e-07	4.28644e-05	0.0179029	0.427512	0.553187	0.00135414	6.51511e-07	1.81418e-10	4.04635e-12	2.92567e-14	8.72568e-16	6.33596e-20	3.23428e-23	1.72548e-27	9.94106e-32	9.17119e-33	1.16923e-32	1.01692e-33	1.17421e-34	1.1949e-34	2.13466e-37	5.14851e-39	2.28069e-40	3.72926e-43	8.72251e-45	1.63565e-47	1.01675e-49	4.39947e-51	2.36776e-51	5.07652e-53	1.62552e-54	2.39799e-55	7.31965e-56	2.34377e-57	
Rhaspe	0	0	0	0	0	0	0	0	0	1	0	0	0	0	0	0	0	0	0	0	0	0	0	0	0	0	0	0	0	0	0	0	0	0	0	0	0	0	0	0	0	
N30	3.84511e-27	2.32992e-23	1.13749e-19	1.80276e-16	1.29046e-13	5.43011e-11	1.97049e-08	1.05406e-06	0.000134716	0.025723	0.471965	0.500213	0.00196151	1.85996e-06	1.35027e-08	1.80098e-09	3.10769e-11	2.81359e-12	6.27711e-16	2.8651e-18	5.98236e-22	2.29414e-25	9.88785e-28	4.23326e-29	7.28335e-32	2.27493e-34	7.83863e-36	2.73334e-40	3.3167e-43	7.84882e-46	2.49178e-50	2.55042e-53	4.51262e-57	2.65447e-60	3.38407e-63	7.3657e-65	1.8957e-68	1.65299e-71	3.0708e-74	1.68695e-76	1.35874e-79	
Rhamar	0	0	0	0	0	0	0	0	0	1	0	0	0	0	0	0	0	0	0	0	0	0	0	0	0	0	0	0	0	0	0	0	0	0	0	0	0	0	0	0	0	
Rhatem	0	0	0	0	0	0	0	0	0	0	1	0	0	0	0	0	0	0	0	0	0	0	0	0	0	0	0	0	0	0	0	0	0	0	0	0	0	0	0	0	0	
N31	9.56651e-40	2.06985e-33	2.13957e-27	4.67677e-24	2.46917e-18	1.53433e-17	3.89589e-13	9.88713e-09	6.46489e-09	1.18e-07	0.0019808	0.996555	0.00146424	8.62498e-08	7.13959e-11	2.42509e-12	8.76828e-13	9.14335e-13	1.49096e-16	1.21905e-19	1.8449e-24	9.86351e-29	2.83605e-31	8.19742e-32	1.01605e-33	2.18819e-35	1.86549e-36	6.0767e-40	6.41398e-42	1.34199e-43	3.13923e-47	2.51404e-49	9.87474e-52	5.44139e-54	4.34365e-55	2.64743e-53	2.29621e-53	2.66274e-53	5.53898e-53	1.28917e-52	1.42745e-52	
N32	2.96207e-37	1.23269e-31	3.17943e-26	3.3684e-23	5.96836e-18	4.09089e-17	2.29507e-12	9.36398e-09	1.36924e-09	3.08336e-07	0.00368707	0.994956	0.00131631	1.57602e-07	1.01374e-08	6.28684e-07	7.67698e-06	3.21452e-05	1.44583e-08	7.77156e-12	5.02265e-16	9.21629e-21	1.31369e-24	1.30248e-27	1.55601e-31	2.20265e-35	1.20951e-38	4.3366e-43	2.77147e-44	5.13549e-41	7.89856e-41	2.53092e-39	3.0669e-39	1.05567e-39	2.79634e-39	8.49147e-37	2.94933e-36	3.48954e-36	1.51723e-35	8.13368e-35	9.93067e-35	
N33	4.71927e-32	1.33791e-27	2.60704e-23	3.51916e-20	2.39738e-16	1.69759e-14	5.89598e-11	2.40727e-08	1.24784e-07	2.24315e-05	0.0235713	0.970451	0.00589878	1.47774e-05	2.52298e-06	1.36048e-05	2.20327e-05	3.12086e-06	1.77498e-09	3.21376e-13	2.71146e-17	2.13076e-21	5.19699e-24	1.5069e-25	1.23335e-27	2.17007e-30	1.62538e-32	4.82475e-37	8.98508e-41	2.80618e-45	2.60902e-50	2.31993e-54	4.52086e-59	6.82015e-63	3.47731e-66	1.72377e-68	1.40548e-71	2.36161e-75	1.52924e-78	1.2479e-81	1.62111e-85	
N34	1.0137e-40	1.63126e-39	2.51809e-38	3.50255e-37	4.33812e-36	4.71175e-35	8.62186e-19	1.61117e-35	2.29419e-34	3.63375e-15	1.30582e-07	4.20934e-13	2.23275e-31	4.90169e-32	1.19463e-14	1.97227e-07	0.999998	1.7887e-06	1.14942e-13	1.60498e-32	5.35304e-33	1.09541e-33	8.08728e-34	1.94842e-33	2.28571e-33	3.76499e-33	1.03158e-32	2.61286e-33	1.48959e-33	1.13546e-33	2.59113e-34	1.5666e-34	5.74397e-35	2.19951e-35	2.75539e-35	9.44686e-35	6.7707e-35	8.53847e-35	2.42912e-34	4.29802e-34	7.44641e-34	
FGA379	0	0	0	0	0	0	0	0	0	0	0	0	0	0	0	0	1	0	0	0	0	0	0	0	0	0	0	0	0	0	0	0	0	0	0	0	0	0	0	0	0	
F647	0	0	0	0	0	0	0	0	0	0	0	0	0	0	0	0	1	0	0	0	0	0	0	0	0	0	0	0	0	0	0	0	0	0	0	0	0	0	0	0	0	
N35	1.01103e-30	2.79722e-26	5.33653e-22	5.64425e-19	4.90013e-15	2.1197e-13	5.27955e-10	4.16699e-07	1.06966e-06	4.8551e-05	0.0201229	0.963146	0.0166295	4.7251e-05	4.21215e-06	3.54041e-07	1.01374e-08	6.68331e-11	1.06829e-14	6.36056e-19	1.96582e-23	1.82314e-27	2.61634e-30	1.94156e-32	3.76436e-35	1.69143e-38	2.32041e-41	4.1763e-46	4.00538e-50	7.42156e-55	4.42386e-60	2.4108e-64	1.68653e-68	8.90649e-72	1.02281e-74	8.75589e-77	1.17607e-79	1.24182e-82	3.66684e-84	1.76871e-85	3.70608e-87	
N36	1.80142e-33	4.0877e-28	5.05796e-23	1.18476e-19	1.49085e-15	3.50478e-13	4.87201e-10	1.30713e-07	6.80845e-07	0.000219329	0.0320517	0.938552	0.0290621	0.000114075	1.34821e-07	4.5702e-10	3.90651e-13	7.64942e-16	1.37813e-20	7.56595e-23	4.74598e-25	4.46791e-27	1.99626e-28	2.84288e-29	5.75796e-31	2.30884e-32	4.74374e-33	7.25581e-36	1.10077e-37	3.03187e-39	4.71292e-42	7.02724e-44	6.86531e-46	6.99733e-48	1.50218e-49	1.72197e-50	6.21381e-52	5.38507e-52	1.23231e-51	3.72677e-51	4.61324e-51	
N37	8.9861e-35	9.4416e-31	1.9972e-25	6.16771e-22	4.77307e-17	3.99234e-15	1.53168e-10	3.96748e-08	7.01135e-08	4.59812e-05	0.0461839	0.945142	0.00862364	4.48256e-06	4.80351e-10	9.63149e-14	5.43439e-18	3.50019e-21	1.82908e-25	9.35642e-28	1.70275e-29	3.81571e-32	1.04645e-33	2.58108e-35	6.65193e-38	1.5622e-39	1.58905e-40	6.64183e-43	1.33331e-44	4.97801e-46	2.29418e-48	3.92213e-50	1.1485e-52	1.41373e-53	1.35474e-53	2.34623e-53	1.20569e-54	1.0938e-54	2.08377e-54	3.62201e-54	9.80531e-54	
N38	1.0624e-43	2.8184e-42	7.08472e-41	1.61463e-39	1.82488e-23	5.96218e-21	1.92716e-12	2.42647e-17	2.23413e-16	3.64099e-08	0.999999	1.17376e-06	3.57675e-14	5.42193e-33	1.12061e-33	2.06024e-33	4.33117e-33	1.52302e-32	3.23855e-33	1.54661e-33	3.74115e-34	4.48364e-35	2.72665e-35	8.5886e-35	1.05502e-34	1.93687e-34	8.6905e-34	1.4111e-34	7.96796e-35	6.8853e-35	1.09849e-35	6.65812e-36	1.50078e-36	4.24124e-37	5.23658e-37	2.51363e-36	1.72318e-36	2.07568e-36	7.30436e-36	1.91137e-35	2.9614e-35	
F3016	0	0	0	0	0	0	0	0	0	0	1	0	0	0	0	0	0	0	0	0	0	0	0	0	0	0	0	0	0	0	0	0	0	0	0	0	0	0	0	0	0	
F3015	0	0	0	0	0	0	0	0	0	0	1	0	0	0	0	0	0	0	0	0	0	0	0	0	0	0	0	0	0	0	0	0	0	0	0	0	0	0	0	0	0	
N39	2.55058e-34	9.40262e-31	1.63373e-26	8.08615e-23	8.68897e-18	1.13191e-15	2.54134e-11	9.76516e-09	4.58329e-08	1.97648e-05	0.0474983	0.946126	0.00635478	8.83425e-07	3.52331e-11	7.15063e-14	3.26934e-17	7.27911e-20	1.11634e-24	1.8824e-28	2.35347e-31	1.14453e-34	2.27025e-36	2.68347e-37	3.56674e-39	9.15496e-41	3.20453e-41	3.23876e-44	5.89487e-46	2.05824e-47	1.43089e-50	2.15366e-52	9.453e-56	4.50395e-58	6.59911e-60	6.41357e-61	2.20405e-63	2.7857e-65	7.34911e-67	7.02883e-68	1.09172e-69	
N40	4.70795e-34	1.25681e-30	1.15657e-26	7.66939e-23	3.12109e-18	1.41603e-15	4.53993e-12	6.63881e-09	7.32361e-08	2.05099e-05	0.0383984	0.952938	0.00864161	9.43118e-07	4.94288e-10	7.47967e-12	4.92368e-15	5.72823e-18	4.45481e-23	6.005e-27	2.60305e-32	3.44319e-36	9.21284e-37	6.5148e-34	2.75712e-35	7.2189e-37	9.30576e-38	3.59859e-41	5.08466e-43	1.47266e-44	4.60222e-48	5.45554e-50	1.02294e-52	9.18372e-55	9.76856e-56	3.83702e-54	9.97934e-55	9.93078e-55	2.03744e-54	5.71568e-54	6.23893e-54	
N41	4.28915e-44	1.44214e-37	1.37469e-30	8.25043e-27	1.0708e-20	1.53217e-18	1.24038e-12	5.07671e-10	1.36988e-10	2.3712e-06	0.0543991	0.944842	0.000756403	1.05153e-08	4.66922e-14	1.09679e-17	4.59739e-22	6.48357e-26	1.50569e-31	5.66473e-34	1.14197e-37	4.90653e-41	6.12504e-41	1.81805e-37	3.33995e-37	4.64495e-37	1.10214e-35	7.91303e-37	7.1342e-37	1.29281e-36	3.32602e-38	2.26502e-38	9.05497e-40	2.45232e-40	2.65518e-40	2.68152e-39	6.21566e-40	6.16586e-40	1.77332e-39	2.17338e-38	3.26529e-38	
N42	4.68082e-35	2.32194e-31	7.03567e-28	7.51668e-26	8.20142e-21	9.65681e-18	4.94203e-13	8.07368e-11	1.23186e-09	1.76584e-05	0.0676775	0.931311	0.000994189	6.63261e-08	1.70661e-12	4.02607e-14	1.68174e-17	1.03532e-19	1.61786e-25	9.54949e-30	4.19778e-34	7.05568e-38	1.49208e-39	2.52363e-39	2.92398e-41	6.87151e-43	6.18927e-43	8.11022e-47	8.24803e-49	1.76358e-50	1.55521e-54	3.71425e-56	7.92023e-59	2.39706e-59	2.396e-59	2.42135e-56	6.05327e-57	6.05327e-57	1.21065e-56	5.04926e-55	5.17869e-55	
N43	6.31753e-45	2.31969e-43	7.915e-42	2.42561e-40	9.94041e-24	4.3006e-21	1.10928e-12	3.01973e-17	3.62801e-16	4.65439e-08	0.999998	2.44667e-06	8.25366e-14	3.0913e-33	5.5634e-34	1.46331e-33	3.22745e-33	1.46345e-32	2.12112e-33	8.53914e-34	1.45062e-34	1.37356e-35	1.00197e-35	4.62238e-35	5.68971e-35	1.08069e-34	6.33151e-34	7.17693e-35	3.58005e-35	2.62021e-35	2.91495e-36	1.73614e-36	3.15669e-37	1.06349e-37	1.50931e-37	1.0406e-36	6.87691e-37	8.0156e-37	3.05714e-36	1.00475e-35	1.36346e-35	
F1476	0	0	0	0	0	0	0	0	0	0	1	0	0	0	0	0	0	0	0	0	0	0	0	0	0	0	0	0	0	0	0	0	0	0	0	0	0	0	0	0	0	
FGA81	0	0	0	0	0	0	0	0	0	0	1	0	0	0	0	0	0	0	0	0	0	0	0	0	0	0	0	0	0	0	0	0	0	0	0	0	0	0	0	0	0	
N44	1.82698e-34	9.64807e-31	3.29454e-27	1.07564e-24	3.33307e-20	1.18107e-16	7.1455e-13	8.46743e-10	1.06764e-07	0.000166369	0.0707677	0.923792	0.00527053	3.7272e-06	1.8023e-09	4.7231e-11	2.27202e-14	4.4693e-17	1.00548e-22	5.10948e-25	2.9682e-28	5.99127e-31	2.50646e-32	3.44472e-32	4.35998e-34	1.03956e-35	3.09857e-36	4.92224e-40	4.09898e-42	5.97313e-44	8.22361e-48	7.2031e-50	1.06873e-52	9.57876e-55	1.92811e-56	2.03067e-56	5.9591e-59	6.27733e-61	1.38826e-62	1.03585e-63	9.97647e-66	
Furcep	0	0	0	0	0	0	0	0	0	0	0	0	0	1	0	0	0	0	0	0	0	0	0	0	0	0	0	0	0	0	0	0	0	0	0	0	0	0	0	0	0	
N45	1.59649e-32	2.39605e-29	2.61985e-26	2.19658e-23	2.10829e-18	1.02904e-15	5.49638e-11	6.16698e-09	6.54745e-08	4.99282e-05	0.104653	0.893497	0.00179965	3.47809e-07	3.29876e-11	9.16513e-14	1.41746e-17	1.03094e-19	3.66562e-24	8.92925e-28	2.03193e-32	1.05826e-37	1.18443e-41	7.65868e-45	5.99082e-50	4.84648e-54	2.23031e-56	2.24387e-56	2.56319e-56	1.63616e-55	1.69285e-57	1.25367e-56	9.13732e-60	4.16482e-62	8.13716e-63	1.66569e-61	6.38023e-65	5.08067e-67	9.12656e-69	6.66227e-70	7.4378e-72	
Furpol	0	0	0	0	0	0	0	0	0	0	0	1	0	0	0	0	0	0	0	0	0	0	0	0	0	0	0	0	0	0	0	0	0	0	0	0	0	0	0	0	0	
N46	3.27671e-36	8.01628e-31	1.1736e-25	7.34905e-22	1.14273e-17	7.58728e-15	2.30397e-10	2.47373e-10	8.44429e-09	0.000193722	0.87017	0.129597	3.86355e-05	2.12049e-09	5.97827e-14	1.20355e-16	9.78364e-20	3.92041e-22	4.4035e-27	3.76036e-31	3.03963e-36	6.90389e-42	2.11998e-46	9.63956e-50	5.68368e-54	4.84411e-58	3.4334e-60	2.28666e-60	1.16175e-60	3.46872e-60	1.678e-62	6.25709e-62	2.1351e-65	2.2549e-68	2.66238e-69	4.24615e-68	1.28342e-70	6.53783e-73	1.42515e-74	7.0055e-76	3.35502e-78	
N47	4.55036e-37	1.33118e-31	2.40156e-26	1.85946e-22	4.16597e-18	4.18623e-15	2.37938e-10	2.79293e-10	1.09958e-08	0.000274639	0.983019	0.0167045	2.04978e-06	5.67164e-11	1.54899e-14	5.50345e-17	1.58102e-20	9.69331e-24	4.97555e-29	2.17897e-33	8.85595e-39	8.56613e-44	6.12416e-48	4.07926e-51	7.08223e-56	1.92529e-60	2.40442e-64	2.49858e-69	3.93925e-72	7.94733e-73	1.12608e-75	1.02959e-72	4.25577e-76	3.05432e-79	5.19007e-81	4.83814e-38	1.38187e-38	1.36951e-38	3.00987e-38	9.21755e-38	1.01411e-37	
N48	2.14063e-48	1.85409e-46	1.49909e-44	1.10885e-42	2.67005e-23	2.82962e-20	1.13002e-12	1.12843e-15	2.99945e-14	4.84905e-07	0.999997	2.61868e-06	4.20753e-13	2.62998e-35	1.14608e-34	7.77949e-34	7.77853e-34	3.30656e-34	1.4928e-35	5.29008e-36	3.79581e-37	6.14276e-37	9.62257e-37	1.16091e-35	6.13253e-36	5.97281e-36	4.71482e-36	1.7026e-37	7.6516e-38	5.35746e-38	2.28777e-39	1.52345e-39	4.74994e-39	3.81661e-39	6.41902e-39	1.15006e-37	3.23211e-38	3.16684e-38	5.9368e-38	2.40192e-38	2.768e-38	
F2241	0	0	0	0	0	0	0	0	0	0	1	0	0	0	0	0	0	0	0	0	0	0	0	0	0	0	0	0	0	0	0	0	0	0	0	0	0	0	0	0	0	
F12266	0	0	0	0	0	0	0	0	0	0	1	0	0	0	0	0	0	0	0	0	0	0	0	0	0	0	0	0	0	0	0	0	0	0	0	0	0	0	0	0	0	
Furang	0	0	0	0	0	0	0	0	0	0	1	0	0	0	0	0	0	0	0	0	0	0	0	0	0	0	0	0	0	0	0	0	0	0	0	0	0	0	0	0	0	
Fga490	0	0	0	0	0	0	0	0	0	0	1	0	0	0	0	0	0	0	0	0	0	0	0	0	0	0	0	0	0	0	0	0	0	0	0	0	0	0	0	0	0	
N49	2.42008e-41	3.22121e-35	2.88301e-29	1.50858e-25	4.96121e-20	4.84621e-18	1.18994e-12	7.79772e-10	4.74218e-10	3.60232e-06	0.0682527	0.931592	0.000151326	2.90973e-09	1.13054e-13	2.98772e-16	5.12281e-20	4.28379e-23	8.50398e-29	1.85456e-33	2.64927e-39	9.28637e-44	8.69559e-46	1.67813e-44	5.84645e-46	3.66759e-48	2.56857e-49	7.32479e-49	2.10435e-47	1.50154e-44	1.86265e-45	9.363e-43	1.02323e-43	5.42174e-44	9.56603e-43	8.87657e-39	3.36441e-39	3.36584e-39	9.0227e-39	7.35206e-38	8.02638e-38	
N50	8.6129e-40	6.78815e-34	3.46604e-28	1.80539e-24	2.95878e-19	2.28018e-17	1.25678e-12	2.45599e-09	1.37422e-08	3.26721e-06	0.058952	0.94072	0.00032521	1.0977e-08	5.78117e-12	5.25534e-14	1.74131e-17	1.14024e-20	3.17995e-26	1.31722e-30	2.63953e-36	1.07591e-40	2.18053e-42	5.18934e-42	3.4143e-41	5.45796e-43	4.22402e-44	7.46911e-48	4.02678e-50	3.62904e-52	5.99617e-56	3.55682e-58	1.05719e-60	7.01649e-63	1.00605e-64	3.94155e-65	8.18521e-68	6.04604e-70	9.04468e-72	1.88127e-73	1.31362e-75	
N51	1.77788e-42	6.40024e-36	1.15446e-29	9.01166e-26	4.06439e-20	2.06327e-18	2.62445e-14	4.90923e-09	2.35486e-08	1.60886e-07	0.00263889	0.995256	0.00210422	3.14995e-07	6.32439e-10	2.96982e-12	3.72873e-16	1.73281e-20	1.15727e-26	5.35542e-30	1.21568e-33	9.942e-36	1.11374e-37	2.44985e-38	7.3911e-41	3.88047e-43	2.46051e-45	2.75818e-48	1.49894e-46	1.4287e-44	1.77947e-45	4.08148e-45	1.50984e-42	3.60994e-42	6.43469e-42	3.913e-40	2.84987e-39	1.11027e-38	3.4328e-38	2.33456e-38	2.44811e-38	
N52	9.32883e-35	2.59738e-31	5.4995e-28	3.97483e-25	1.57883e-19	1.85635e-18	1.15441e-13	3.64685e-09	1.0109e-09	2.18742e-08	0.000685098	0.998504	0.000811301	4.5266e-08	4.8413e-12	1.21247e-14	5.02865e-18	1.65678e-20	1.45339e-25	1.81904e-29	8.32122e-35	4.19606e-40	2.8979e-44	8.61924e-48	1.90402e-52	9.25473e-57	8.64764e-60	8.91589e-61	1.18497e-61	3.68255e-60	1.71177e-62	4.74043e-61	2.56902e-59	1.19868e-59	1.24264e-59	5.02103e-58	2.06274e-56	2.05909e-56	4.8329e-56	5.32543e-55	6.14287e-55	
N53	2.65489e-38	9.47885e-33	1.94441e-27	3.15695e-24	4.48461e-19	1.76834e-18	5.45702e-14	1.16736e-09	2.98545e-10	1.12067e-08	0.000294093	0.99925	0.000455812	2.51122e-08	9.94171e-13	4.88773e-15	3.82944e-18	1.76676e-20	1.10166e-25	6.50013e-30	2.99611e-35	4.88199e-41	1.85205e-45	1.43884e-48	5.57962e-53	3.20422e-57	1.88715e-60	1.02397e-66	2.88032e-70	1.2562e-70	1.00459e-74	5.91951e-76	2.48602e-74	9.18322e-78	1.336e-80	1.01285e-81	5.90872e-40	6.11203e-40	2.75678e-39	3.7298e-38	4.09406e-38	
FGA456	0	0	0	0	0	0	0	0	0	0	0	1	0	0	0	0	0	0	0	0	0	0	0	0	0	0	0	0	0	0	0	0	0	0	0	0	0	0	0	0	0	
N54	3.42086e-50	2.91913e-48	6.32373e-67	5.56476e-45	7.1022e-25	3.24952e-35	1.02333e-19	2.74416e-12	4.62519e-16	1.26077e-14	3.15729e-07	0.999999	4.88762e-07	3.01973e-14	6.15709e-36	4.0456e-35	1.05181e-34	1.44477e-33	7.13372e-35	2.73607e-35	1.74223e-36	5.28381e-38	3.40251e-38	4.13065e-37	5.49902e-37	1.17558e-36	2.09483e-35	7.93164e-37	3.71786e-37	2.8413e-37	1.14633e-38	6.87653e-39	4.13976e-40	1.09461e-40	1.62605e-40	3.09944e-39	2.07602e-39	2.22641e-39	1.09943e-38	1.03977e-37	1.17016e-37	
FGA516	0	0	0	0	0	0	0	0	0	0	0	1	0	0	0	0	0	0	0	0	0	0	0	0	0	0	0	0	0	0	0	0	0	0	0	0	0	0	0	0	0	
FGA513	0	0	0	0	0	0	0	0	0	0	0	1	0	0	0	0	0	0	0	0	0	0	0	0	0	0	0	0	0	0	0	0	0	0	0	0	0	0	0	0	0	
N55	3.79919e-48	2.21906e-46	2.31682e-67	1.43646e-45	1.27139e-25	4.74979e-35	7.95468e-21	1.62537e-12	1.38482e-17	2.30261e-16	4.27615e-08	1	6.49753e-08	5.33051e-16	2.65729e-35	1.13955e-34	2.84111e-34	2.3683e-33	1.9065e-34	7.31569e-35	7.31095e-36	3.67454e-37	2.47507e-37	1.92592e-36	2.54597e-36	5.26694e-36	5.67443e-35	3.53442e-36	1.6795e-36	1.23721e-36	7.9367e-38	4.73592e-38	4.68504e-39	1.35097e-39	1.97798e-39	2.36976e-38	1.61602e-38	1.79814e-38	8.17411e-38	4.74808e-37	5.70518e-37	
F12278	0	0	0	0	0	0	0	0	0	0	0	1	0	0	0	0	0	0	0	0	0	0	0	0	0	0	0	0	0	0	0	0	0	0	0	0	0	0	0	0	0	
F12279	0	0	0	0	0	0	0	0	0	0	0	1	0	0	0	0	0	0	0	0	0	0	0	0	0	0	0	0	0	0	0	0	0	0	0	0	0	0	0	0	0	
N56	4.26374e-36	1.22805e-30	2.17854e-25	2.29328e-21	2.03382e-17	1.09331e-14	2.03211e-12	3.03125e-08	3.13613e-06	1.59341e-05	0.000605809	0.876308	0.120956	0.00210957	8.25474e-07	1.23056e-08	1.69024e-11	1.07755e-13	1.27969e-18	1.13817e-22	9.61418e-28	5.80601e-33	7.81925e-37	1.35999e-39	8.78747e-44	9.91556e-48	1.06038e-50	1.39715e-56	2.66485e-61	6.84765e-66	9.84041e-72	1.11563e-74	4.13671e-78	9.77093e-81	6.82058e-83	7.05442e-84	9.90579e-87	3.46946e-89	3.98326e-91	1.16888e-92	3.62571e-95	
Furant	0	0	0	0	0	0	0	0	0	0	0	1	0	0	0	0	0	0	0	0	0	0	0	0	0	0	0	0	0	0	0	0	0	0	0	0	0	0	0	0	0	
N57	1.20599e-46	8.31496e-45	5.24756e-43	3.00723e-41	7.26345e-43	1.07267e-21	2.39419e-31	8.68468e-18	2.40592e-09	1.49741e-13	1.94356e-30	1.90361e-11	1.22986e-05	0.999988	7.54377e-08	1.18124e-13	4.89547e-32	5.59779e-31	3.23409e-32	1.23713e-32	9.12141e-34	3.36627e-35	2.30189e-35	2.42232e-34	3.07112e-34	6.39302e-34	9.54642e-33	4.24108e-34	1.99294e-34	1.50228e-34	7.04996e-36	4.22335e-36	3.08913e-37	8.92193e-38	1.33701e-37	2.18066e-36	1.3869e-36	1.49714e-36	7.04806e-36	5.60121e-35	6.42007e-35	
FGA331	0	0	0	0	0	0	0	0	0	0	0	0	0	1	0	0	0	0	0	0	0	0	0	0	0	0	0	0	0	0	0	0	0	0	0	0	0	0	0	0	0	
FGA332	0	0	0	0	0	0	0	0	0	0	0	0	0	1	0	0	0	0	0	0	0	0	0	0	0	0	0	0	0	0	0	0	0	0	0	0	0	0	0	0	0	
FGA465	0	0	0	0	0	0	0	0	0	0	1	0	0	0	0	0	0	0	0	0	0	0	0	0	0	0	0	0	0	0	0	0	0	0	0	0	0	0	0	0	0	
N58	7.92269e-38	3.06938e-32	7.28153e-27	3.37738e-23	1.8347e-18	5.48422e-16	3.63283e-11	1.37746e-09	3.93789e-09	4.73835e-05	0.290054	0.709743	0.000156249	5.77841e-09	2.64755e-13	9.07904e-16	5.17249e-19	1.36609e-21	7.12561e-27	2.50729e-31	1.02201e-36	5.70659e-41	1.56392e-42	5.03109e-41	1.46442e-42	2.98683e-44	5.72462e-45	1.60041e-48	6.674e-51	3.6856e-52	1.07957e-53	6.45526e-54	3.99978e-55	1.5467e-55	2.4931e-55	5.8309e-54	2.87189e-54	2.99109e-54	1.29114e-53	1.33104e-52	1.46365e-52	
N59	8.75549e-47	5.14208e-45	2.78296e-43	1.35115e-41	2.38854e-23	1.62213e-20	1.24075e-12	2.71856e-16	4.91154e-15	1.7509e-07	0.999984	1.62655e-05	1.69888e-12	1.35751e-33	2.22338e-34	9.32124e-34	1.76761e-33	1.10895e-32	9.37303e-34	3.5067e-34	3.65468e-35	2.74731e-36	2.62328e-36	1.96061e-35	1.86636e-35	3.27812e-35	2.84365e-34	1.87398e-35	8.80316e-36	6.22333e-36	4.16776e-37	2.48662e-37	3.65121e-38	1.6659e-38	2.63848e-38	2.93113e-37	1.40278e-37	1.49825e-37	5.47228e-37	2.55828e-36	3.09555e-36	
FGA99	0	0	0	0	0	0	0	0	0	0	1	0	0	0	0	0	0	0	0	0	0	0	0	0	0	0	0	0	0	0	0	0	0	0	0	0	0	0	0	0	0	
F12269	0	0	0	0	0	0	0	0	0	0	1	0	0	0	0	0	0	0	0	0	0	0	0	0	0	0	0	0	0	0	0	0	0	0	0	0	0	0	0	0	0	
N60	1.35069e-36	3.63518e-31	5.74113e-26	2.44544e-22	1.07424e-17	1.12437e-15	4.10055e-11	9.28622e-09	5.28732e-08	4.84011e-05	0.297832	0.701946	0.000174264	7.33802e-09	5.39499e-12	5.495e-14	2.94016e-17	3.14211e-20	2.01201e-25	1.67846e-29	9.00126e-35	2.3237e-39	3.74163e-43	8.39752e-46	3.49383e-50	2.4691e-54	7.8989e-58	7.63718e-64	2.28483e-67	1.5486e-68	2.89713e-70	1.77059e-70	6.43246e-71	4.62518e-71	7.58073e-71	2.84817e-69	7.7362e-70	7.67605e-70	1.61704e-69	4.61102e-69	4.90445e-69	
N61	1.67692e-47	1.05613e-45	6.09133e-44	3.17107e-42	1.1583e-25	8.93697e-23	5.9556e-14	2.23446e-18	5.24609e-17	1.81255e-08	0.999997	2.94682e-06	3.22732e-14	1.03987e-33	1.25507e-34	6.74067e-34	1.30009e-33	1.08607e-32	6.94815e-34	2.6184e-34	2.119e-35	1.17477e-36	1.09258e-36	1.05944e-35	9.99373e-36	1.7895e-35	2.07705e-34	1.02743e-35	4.80445e-36	3.51999e-36	1.81769e-37	1.08748e-37	1.18122e-38	5.10726e-39	8.14819e-39	1.18819e-37	5.52177e-38	5.81384e-38	2.2229e-37	1.37324e-36	1.59427e-36	
FGA15	0	0	0	0	0	0	0	0	0	0	1	0	0	0	0	0	0	0	0	0	0	0	0	0	0	0	0	0	0	0	0	0	0	0	0	0	0	0	0	0	0	
FGA440	0	0	0	0	0	0	0	0	0	0	1	0	0	0	0	0	0	0	0	0	0	0	0	0	0	0	0	0	0	0	0	0	0	0	0	0	0	0	0	0	0	
N62	5.76607e-47	4.39884e-45	7.27375e-66	5.52184e-44	5.75372e-24	2.16901e-33	4.38014e-19	8.18985e-11	7.44474e-16	1.05008e-14	1.12113e-06	0.999999	4.81744e-08	4.10718e-16	6.81567e-34	3.72888e-33	3.7336e-33	1.75442e-33	9.91697e-35	3.48766e-35	3.17119e-36	4.68727e-36	7.35282e-36	7.10361e-35	3.80948e-35	3.69611e-35	3.17574e-35	1.44796e-36	6.51439e-37	4.44981e-37	2.40211e-38	1.62205e-38	4.6093e-38	3.75447e-38	6.30982e-38	8.97229e-37	2.59995e-37	2.53609e-37	4.68906e-37	2.08346e-37	2.47413e-37	
FGA581	0	0	0	0	0	0	0	0	0	0	0	1	0	0	0	0	0	0	0	0	0	0	0	0	0	0	0	0	0	0	0	0	0	0	0	0	0	0	0	0	0	
FGA582	0	0	0	0	0	0	0	0	0	0	0	1	0	0	0	0	0	0	0	0	0	0	0	0	0	0	0	0	0	0	0	0	0	0	0	0	0	0	0	0	0	
N63	3.5961e-43	1.06408e-41	2.92276e-40	7.15204e-39	1.53668e-37	4.61261e-20	9.77497e-37	3.70573e-16	3.088e-09	6.19258e-15	2.02222e-13	2.49817e-06	0.999997	1.34359e-07	2.11298e-14	7.15614e-33	1.00693e-32	2.39641e-32	3.8987e-33	1.54124e-33	3.00233e-34	6.89224e-35	8.15313e-35	3.26818e-34	2.52752e-34	3.44665e-34	1.20365e-33	1.55994e-34	7.74176e-35	5.4114e-35	6.84416e-36	4.16115e-36	1.81114e-36	1.14555e-36	1.77758e-36	1.01785e-35	4.38153e-36	4.5633e-36	1.15179e-35	2.28487e-35	3.21061e-35	
FGA104	0	0	0	0	0	0	0	0	0	0	0	0	1	0	0	0	0	0	0	0	0	0	0	0	0	0	0	0	0	0	0	0	0	0	0	0	0	0	0	0	0	
FGA105	0	0	0	0	0	0	0	0	0	0	0	0	1	0	0	0	0	0	0	0	0	0	0	0	0	0	0	0	0	0	0	0	0	0	0	0	0	0	0	0	0	
FGA489	0	0	0	0	0	0	0	0	0	0	1	0	0	0	0	0	0	0	0	0	0	0	0	0	0	0	0	0	0	0	0	0	0	0	0	0	0	0	0	0	0	
N64	5.66309e-42	1.40397e-40	3.26858e-39	6.82161e-38	5.59649e-37	2.72665e-16	5.84536e-28	1.89117e-13	4.39363e-07	2.20126e-10	7.33259e-31	1.70184e-09	0.00011083	0.999877	1.1935e-05	2.13713e-10	6.38992e-32	1.80747e-31	3.53768e-32	1.45498e-32	3.24599e-33	5.49207e-34	5.15665e-34	1.80641e-33	1.77504e-33	2.84928e-33	1.08148e-32	1.68435e-33	8.62399e-34	6.14681e-34	9.06204e-35	5.43664e-35	1.72746e-35	8.3873e-36	1.22588e-35	6.14989e-35	3.35671e-35	3.79307e-35	1.13028e-34	2.50215e-34	3.68927e-34	
FGA174	0	0	0	0	0	0	0	0	0	0	0	0	0	1	0	0	0	0	0	0	0	0	0	0	0	0	0	0	0	0	0	0	0	0	0	0	0	0	0	0	0	
FGA175	0	0	0	0	0	0	0	0	0	0	0	0	0	1	0	0	0	0	0	0	0	0	0	0	0	0	0	0	0	0	0	0	0	0	0	0	0	0	0	0	0	
FurbGB	0	0	0	0	0	0	0	0	0	0	0	1	0	0	0	0	0	0	0	0	0	0	0	0	0	0	0	0	0	0	0	0	0	0	0	0	0	0	0	0	0	
N65	6.02064e-37	4.5378e-32	4.61725e-27	1.25883e-23	6.54451e-19	3.3433e-17	4.99497e-13	7.15668e-10	4.10427e-10	1.54358e-07	0.00138356	0.325888	0.000529027	9.0426e-08	1.33984e-08	3.19392e-05	0.0038504	0.667049	0.00125467	1.32681e-05	3.26497e-09	2.13198e-13	3.67801e-16	1.22318e-17	9.20647e-21	1.14123e-23	2.47635e-25	2.13593e-30	5.42861e-34	2.4343e-37	1.40617e-42	1.0399e-43	1.46876e-45	1.56824e-47	1.01125e-48	4.72134e-47	2.49568e-48	6.48815e-50	4.7867e-51	1.89831e-51	9.81716e-53	
N66	4.8824e-35	2.05158e-30	5.98389e-26	1.12039e-22	1.33095e-18	1.10776e-16	7.79745e-13	4.41164e-10	1.44862e-09	5.05566e-07	0.00131164	0.0761391	0.000265678	4.5162e-07	1.46635e-07	0.000119268	0.0266708	0.890976	0.0045006	1.59239e-05	9.18715e-09	1.6197e-12	4.30926e-15	1.86351e-16	1.40645e-18	4.65347e-21	8.64814e-23	3.37199e-27	1.14522e-30	1.91298e-34	3.5763e-39	8.27457e-43	1.87345e-47	1.76714e-51	9.3184e-55	5.98101e-57	3.06235e-60	7.22234e-64	6.95416e-67	1.10719e-69	2.03169e-73	
N67	4.92543e-36	5.38184e-31	4.01862e-26	7.32518e-23	1.38265e-18	1.39355e-16	2.39896e-12	6.33318e-11	6.7692e-10	4.80673e-07	0.000467476	0.00109993	5.86123e-06	1.15195e-06	7.52899e-06	0.00667086	0.348601	0.641786	0.00135937	5.48188e-07	7.68485e-11	5.57764e-15	3.41969e-18	1.33736e-20	1.5202e-23	6.99932e-27	9.67241e-29	1.50919e-29	3.99087e-30	4.72719e-32	9.97146e-35	1.00994e-36	3.78412e-39	3.92858e-41	1.84154e-42	4.57991e-43	2.24113e-44	5.46282e-46	4.31628e-47	2.82641e-48	5.78829e-49	
N68	2.72856e-44	6.61795e-43	1.49998e-41	3.02756e-40	5.35807e-39	4.64864e-37	1.0353e-36	4.58219e-16	1.55863e-28	6.34041e-33	5.42508e-13	4.31374e-08	3.35709e-13	1.519e-33	9.50769e-33	3.5745e-11	2.28624e-05	0.999971	6.22171e-06	5.80898e-12	1.93058e-34	3.30652e-34	8.17217e-34	3.92129e-33	5.8666e-33	6.05119e-33	5.4817e-33	9.39054e-34	3.68873e-34	7.76118e-35	7.93545e-36	4.23391e-36	1.25556e-35	1.76364e-35	3.59183e-35	1.99172e-34	1.90723e-34	2.08717e-34	3.52471e-34	1.98963e-34	2.78518e-34	
CGA312	0	0	0	0	0	0	0	0	0	0	0	0	0	0	0	0	0	1	0	0	0	0	0	0	0	0	0	0	0	0	0	0	0	0	0	0	0	0	0	0	0	
CGA963	0	0	0	0	0	0	0	0	0	0	0	0	0	0	0	0	0	1	0	0	0	0	0	0	0	0	0	0	0	0	0	0	0	0	0	0	0	0	0	0	0	
N69	2.48568e-40	6.45614e-36	9.54363e-31	1.12813e-26	1.01074e-21	5.30201e-19	2.82567e-14	2.92398e-13	4.48514e-11	2.17062e-07	7.36829e-05	7.4538e-05	4.5846e-06	9.43119e-07	4.00824e-05	0.0238326	0.543543	0.43229	0.000140172	4.40876e-09	3.1887e-14	9.24386e-20	4.12814e-24	4.39536e-25	1.32982e-25	3.91883e-27	1.20986e-27	9.68953e-31	1.04047e-32	9.40119e-36	1.92222e-39	8.7928e-42	3.33941e-45	5.49002e-48	9.5392e-50	3.95505e-50	2.09005e-51	1.49267e-53	2.8183e-55	1.60408e-56	1.09143e-58	
N70	2.85675e-42	2.00692e-39	8.77698e-34	1.35112e-30	3.27606e-26	1.2018e-21	6.71767e-17	4.43969e-16	7.61466e-13	4.07218e-08	3.46825e-06	2.73261e-06	9.69303e-07	2.56192e-06	0.0025598	0.20965	0.784433	0.0033481	9.51312e-09	4.15455e-15	4.44592e-22	1.61776e-29	2.411e-33	1.55296e-32	4.30659e-31	6.89942e-31	2.31109e-29	6.07615e-31	4.3275e-31	1.19646e-32	9.30922e-35	2.79104e-35	4.4377e-37	1.4532e-37	3.64752e-37	4.17493e-35	6.84685e-34	6.97069e-34	2.29218e-33	4.11832e-32	4.47684e-32	
N71	6.59231e-41	7.50749e-37	5.33294e-33	1.03056e-30	3.93105e-27	2.71509e-23	9.3185e-18	1.42731e-15	3.97155e-13	9.11035e-09	7.17452e-07	1.5827e-06	8.71676e-07	9.5986e-07	0.00200512	0.204016	0.792419	0.00155623	2.45008e-08	1.31755e-12	6.88002e-16	6.62895e-19	8.30615e-23	5.02446e-26	1.97325e-28	4.52428e-30	3.8359e-32	4.31826e-36	2.67353e-38	6.01967e-41	6.07497e-43	8.18578e-45	9.26753e-46	5.33745e-48	5.77551e-50	5.47387e-51	9.78829e-54	8.3503e-56	1.3273e-57	2.08514e-60	1.55172e-62	
N72	1.3988e-44	1.19748e-38	5.66724e-33	1.36099e-29	1.30061e-24	1.71442e-22	2.2602e-17	2.45997e-16	6.48357e-17	1.02262e-12	1.11911e-08	1.77998e-08	2.33152e-10	4.73954e-10	7.28529e-06	0.043715	0.945069	0.0112076	9.98692e-07	3.24321e-11	3.39583e-14	1.9301e-17	2.53374e-21	6.08487e-25	3.97488e-29	4.01552e-31	9.50972e-34	6.44256e-37	1.98518e-39	2.69507e-42	4.88681e-44	6.3941e-46	3.52371e-47	2.16339e-49	2.34615e-51	1.04141e-52	1.39707e-55	6.89843e-58	5.60138e-60	3.10795e-63	2.63186e-65	
CGA642	0	0	0	0	0	0	0	0	0	0	0	0	0	0	0	0	1	0	0	0	0	0	0	0	0	0	0	0	0	0	0	0	0	0	0	0	0	0	0	0	0	
N73	4.70494e-37	1.4275e-33	3.16636e-30	1.42742e-28	2.56713e-25	1.44476e-23	8.04387e-19	1.49934e-17	1.46404e-16	4.27464e-13	6.26574e-09	9.54193e-09	7.14153e-11	2.11899e-09	2.5816e-06	0.0475772	0.933444	0.0189755	9.2723e-07	1.07295e-11	1.06525e-15	1.79413e-17	1.20215e-20	1.75765e-22	1.20491e-25	1.90136e-29	1.15552e-34	1.04117e-40	3.79466e-45	4.18302e-51	1.09116e-56	7.00121e-61	2.0696e-63	2.94832e-66	4.2894e-68	8.70955e-67	1.48364e-66	1.49427e-66	2.94149e-66	7.36758e-68	7.61119e-68	
N74	5.01558e-54	3.45262e-52	2.31112e-50	4.29921e-72	1.86564e-51	4.22116e-45	3.25028e-29	1.09986e-37	1.98343e-43	1.30921e-22	7.81437e-15	3.62633e-21	3.4905e-36	6.60066e-18	6.27763e-09	0.999998	2.07124e-06	5.21108e-14	1.22903e-32	4.55505e-34	1.30868e-35	2.02281e-35	7.01665e-35	1.33685e-33	7.77031e-33	7.9085e-33	5.9633e-33	3.24687e-34	1.14836e-34	8.1928e-36	2.12974e-37	6.44804e-38	1.907e-37	3.41958e-37	8.66135e-37	1.86973e-35	6.96878e-35	7.34854e-35	1.38742e-34	5.56966e-35	6.27412e-35	
CGA763	0	0	0	0	0	0	0	0	0	0	0	0	0	0	0	1	0	0	0	0	0	0	0	0	0	0	0	0	0	0	0	0	0	0	0	0	0	0	0	0	0	
CGA764	0	0	0	0	0	0	0	0	0	0	0	0	0	0	0	1	0	0	0	0	0	0	0	0	0	0	0	0	0	0	0	0	0	0	0	0	0	0	0	0	0	
N75	2.30888e-53	1.83128e-51	1.35158e-49	9.02191e-48	5.34094e-46	1.46772e-47	1.17854e-42	1.66753e-25	2.05183e-35	2.87961e-41	1.25418e-20	3.60876e-12	2.06627e-17	5.68888e-33	9.98384e-32	7.62121e-14	1.76899e-06	0.999998	1.10885e-08	2.243e-17	1.05236e-34	9.8448e-34	2.63983e-33	3.12176e-32	1.31416e-32	1.18551e-32	1.30675e-33	4.43037e-35	1.1954e-35	6.88669e-37	4.9567e-37	8.07258e-37	1.18659e-35	1.6673e-35	3.60418e-35	5.43509e-34	1.26584e-34	1.19446e-34	2.05707e-34	1.33464e-35	2.11165e-35	
C601	0	0	0	0	0	0	0	0	0	0	0	0	0	0	0	0	0	1	0	0	0	0	0	0	0	0	0	0	0	0	0	0	0	0	0	0	0	0	0	0	0	
C602	0	0	0	0	0	0	0	0	0	0	0	0	0	0	0	0	0	1	0	0	0	0	0	0	0	0	0	0	0	0	0	0	0	0	0	0	0	0	0	0	0	
N76	2.66854e-36	7.99093e-33	1.71149e-29	4.90086e-27	4.68397e-25	1.91488e-21	8.50583e-18	2.59458e-15	3.70231e-12	5.54664e-09	4.64191e-07	1.49177e-06	8.69781e-07	3.73642e-06	0.00307061	0.217888	0.778082	0.000953118	4.3075e-08	4.85058e-13	5.8551e-17	9.26669e-19	4.89081e-22	4.83923e-24	2.58098e-27	9.58497e-29	2.50669e-30	1.10532e-33	1.17084e-35	3.90622e-39	4.2378e-42	1.07556e-43	1.00563e-43	1.18448e-45	2.92066e-47	2.80232e-47	5.10327e-49	7.29947e-51	1.94633e-52	1.69582e-55	2.1728e-57	
CGA236	0	0	0	0	0	0	0	0	0	0	0	0	0	0	0	0	1	0	0	0	0	0	0	0	0	0	0	0	0	0	0	0	0	0	0	0	0	0	0	0	0	
N77	6.6018e-32	7.09378e-29	5.59018e-26	5.13342e-24	3.20745e-23	8.84721e-20	1.00607e-16	7.36466e-14	1.25104e-10	1.19873e-08	3.56028e-07	1.14826e-06	1.90167e-06	0.000481508	0.0331723	0.341684	0.623644	0.00101456	1.1275e-07	3.29103e-12	1.75689e-16	4.51544e-18	9.42592e-21	2.45888e-22	8.26526e-25	2.84503e-28	5.72985e-33	1.79476e-38	1.17977e-42	4.05624e-48	7.97529e-54	9.16849e-58	4.07918e-60	5.01381e-64	9.78303e-68	1.75441e-69	3.13429e-71	1.63078e-73	1.53351e-75	2.64853e-79	1.17362e-81	
N78	6.19509e-37	6.67739e-32	4.9174e-27	2.61699e-23	1.43898e-19	4.41739e-17	6.89305e-15	3.13392e-11	1.09743e-09	3.60728e-09	4.44769e-08	3.38925e-05	0.00217941	0.0237485	0.0309698	0.357314	0.56984	0.015911	3.20346e-06	2.05021e-10	7.07739e-13	4.33671e-15	4.28569e-18	1.5643e-20	4.7979e-24	1.25595e-27	3.10163e-32	1.907e-37	8.13466e-42	6.34206e-47	8.00171e-51	1.22772e-54	1.23536e-57	7.07888e-62	7.20527e-66	4.71401e-69	1.10468e-73	4.77667e-78	3.25051e-82	6.9489e-88	2.68836e-92	
Calboe	0	0	0	0	0	0	0	0	0	0	0	0	0	1	0	0	0	0	0	0	0	0	0	0	0	0	0	0	0	0	0	0	0	0	0	0	0	0	0	0	0	
C3125	0	0	0	0	0	0	0	0	0	0	0	0	0	0	0	0	0	1	0	0	0	0	0	0	0	0	0	0	0	0	0	0	0	0	0	0	0	0	0	0	0	
N79	1.61133e-48	5.44461e-47	1.72019e-45	4.90684e-44	3.96527e-65	2.80052e-41	1.30543e-43	2.89147e-60	1.14678e-39	3.31973e-22	2.04308e-37	5.82307e-35	1.00189e-35	7.18558e-18	1	8.43736e-16	8.97899e-32	1.67024e-31	1.63236e-32	1.08469e-33	2.89919e-34	1.09361e-33	2.95305e-33	2.02144e-32	4.18457e-32	3.99198e-32	1.10844e-32	9.65786e-34	2.96393e-34	3.87548e-35	4.72259e-36	4.93111e-36	2.91586e-35	4.20805e-35	9.05115e-35	7.192e-34	9.49076e-34	1.02765e-33	1.67782e-33	2.83547e-34	3.50328e-34	
CGA429	0	0	0	0	0	0	0	0	0	0	0	0	0	0	1	0	0	0	0	0	0	0	0	0	0	0	0	0	0	0	0	0	0	0	0	0	0	0	0	0	0	
CGA430	0	0	0	0	0	0	0	0	0	0	0	0	0	0	1	0	0	0	0	0	0	0	0	0	0	0	0	0	0	0	0	0	0	0	0	0	0	0	0	0	0	
N80	5.24983e-35	3.15224e-31	1.24586e-27	1.11339e-24	2.45933e-23	2.82574e-20	1.44543e-17	4.5632e-15	5.9086e-10	3.2229e-07	9.94741e-08	7.40646e-08	1.09751e-06	0.00223578	0.593318	0.373373	0.0310584	1.36529e-05	1.11693e-10	2.83852e-16	3.23938e-22	8.08114e-26	2.02998e-28	4.75111e-28	3.22419e-28	8.34802e-30	1.74746e-31	4.37409e-35	3.1244e-37	9.15217e-41	7.59651e-45	3.36495e-47	2.07217e-48	5.49998e-50	2.52903e-51	5.82249e-50	8.12086e-49	8.21433e-49	1.6262e-48	7.25812e-49	7.45454e-49	
N81	5.44337e-47	1.5411e-45	4.00433e-44	9.13139e-43	1.42419e-64	7.17672e-44	3.73151e-44	4.88085e-41	2.83263e-23	8.50726e-38	4.6898e-35	1.24116e-35	8.32103e-18	1	6.72767e-16	5.33503e-32	4.05256e-31	7.45023e-32	7.60407e-33	9.12988e-34	3.23008e-33	9.50614e-33	1.4984e-32	4.67694e-32	2.39927e-32	1.95202e-32	5.33446e-33	4.9038e-34	1.48102e-34	3.26491e-35	5.39548e-35	8.41063e-35	3.9316e-34	3.31504e-34	4.96191e-34	2.14892e-33	6.91513e-34	6.23504e-34	8.98221e-34	1.6268e-34	2.95884e-34	
C985	0	0	0	0	0	0	0	0	0	0	0	0	0	1	0	0	0	0	0	0	0	0	0	0	0	0	0	0	0	0	0	0	0	0	0	0	0	0	0	0	0	
C984	0	0	0	0	0	0	0	0	0	0	0	0	0	1	0	0	0	0	0	0	0	0	0	0	0	0	0	0	0	0	0	0	0	0	0	0	0	0	0	0	0	
N82	1.42279e-33	1.66752e-30	1.48564e-27	3.90886e-25	1.26972e-23	1.80817e-19	2.05311e-16	1.49992e-14	2.8539e-10	1.37287e-07	2.49136e-08	1.60034e-08	8.03553e-07	0.00350269	0.72787	0.260054	0.00857033	1.64241e-06	4.34086e-11	4.17752e-16	6.68947e-19	6.36646e-21	4.3384e-24	3.56851e-26	2.40038e-29	7.0628e-33	1.52718e-37	2.85424e-43	1.79973e-47	3.66727e-53	3.33168e-57	4.55018e-61	1.12396e-63	5.91933e-68	6.13869e-72	4.73677e-74	1.6929e-76	8.43058e-79	7.77054e-81	1.55428e-84	6.79106e-87	
N83	5.48129e-52	1.52859e-44	1.30138e-37	3.96404e-33	2.97885e-28	1.41742e-24	1.53054e-19	1.09929e-21	9.87303e-16	2.99963e-10	4.58142e-13	3.29642e-16	5.64316e-11	2.00986e-05	0.999772	0.000207981	3.36902e-09	9.57786e-15	7.92747e-21	1.27353e-26	1.13036e-31	2.24793e-33	2.70068e-33	4.934e-33	1.21775e-33	8.01596e-34	1.81604e-34	1.45997e-35	4.70142e-36	3.91094e-36	1.3991e-35	2.08524e-35	9.14156e-35	6.02183e-35	7.09018e-35	2.05564e-34	3.46972e-35	2.4993e-35	3.1119e-35	5.38163e-36	1.87445e-35	
CGA310	0	0	0	0	0	0	0	0	0	0	0	0	0	0	1	0	0	0	0	0	0	0	0	0	0	0	0	0	0	0	0	0	0	0	0	0	0	0	0	0	0	
CGA314	0	0	0	0	0	0	0	0	0	0	0	0	0	0	1	0	0	0	0	0	0	0	0	0	0	0	0	0	0	0	0	0	0	0	0	0	0	0	0	0	0	
N84	1.79624e-38	1.86655e-33	1.30411e-28	2.09392e-24	2.08645e-21	1.4145e-17	7.69563e-16	5.13999e-14	3.12799e-10	8.58125e-09	4.06689e-10	5.23174e-09	2.29665e-05	0.0632963	0.908695	0.0279176	6.82212e-05	1.21561e-08	6.92585e-13	4.44579e-17	3.24249e-19	9.08679e-22	4.26987e-25	4.87401e-28	3.63113e-32	6.28974e-36	1.26723e-40	6.62008e-46	2.23054e-50	3.2291e-55	1.5386e-58	1.96812e-62	9.4523e-65	5.27645e-66	6.14559e-66	3.85581e-65	6.74107e-66	6.06081e-66	1.00882e-65	7.27373e-67	1.48993e-66	
N85	6.57328e-50	3.00913e-48	1.84942e-52	1.21963e-49	1.57958e-30	1.2099e-26	4.78862e-21	2.23505e-23	9.54869e-17	1.42673e-10	1.35529e-13	5.28344e-17	2.70158e-11	2.31185e-05	0.999957	1.94552e-05	3.64694e-11	2.03986e-17	8.64821e-35	2.12162e-34	1.81029e-33	1.40644e-33	1.32939e-33	6.39552e-34	5.27669e-35	2.27998e-35	2.81571e-36	8.26304e-37	9.16564e-37	4.69789e-36	2.27838e-35	2.40147e-35	3.48923e-35	1.80216e-35	1.73004e-35	1.49958e-35	9.699e-37	4.94038e-37	4.38094e-37	1.22232e-37	2.31953e-36	
CGA382	0	0	0	0	0	0	0	0	0	0	0	0	0	0	1	0	0	0	0	0	0	0	0	0	0	0	0	0	0	0	0	0	0	0	0	0	0	0	0	0	0	
CGA365	0	0	0	0	0	0	0	0	0	0	0	0	0	0	1	0	0	0	0	0	0	0	0	0	0	0	0	0	0	0	0	0	0	0	0	0	0	0	0	0	0	
N86	4.00284e-50	1.86462e-48	7.96682e-47	3.02288e-45	1.47349e-47	1.2686e-26	2.66207e-36	2.7341e-23	7.32e-15	2.06817e-19	1.19473e-35	9.82804e-17	2.41799e-08	0.999996	3.52934e-06	2.44465e-13	1.66817e-32	1.16096e-33	1.01047e-34	1.61482e-34	2.01386e-33	7.91017e-33	8.10373e-33	6.32293e-33	6.15674e-34	2.92263e-34	3.74787e-35	2.01644e-36	9.02138e-37	3.07496e-36	1.95737e-35	3.00807e-35	2.06235e-34	1.14985e-34	1.1408e-34	1.59483e-34	1.17284e-35	6.35578e-36	6.15003e-36	9.6534e-37	1.18643e-35	
CGA494	0	0	0	0	0	0	0	0	0	0	0	0	0	1	0	0	0	0	0	0	0	0	0	0	0	0	0	0	0	0	0	0	0	0	0	0	0	0	0	0	0	
CGA495	0	0	0	0	0	0	0	0	0	0	0	0	0	1	0	0	0	0	0	0	0	0	0	0	0	0	0	0	0	0	0	0	0	0	0	0	0	0	0	0	0	
N87	9.03399e-41	4.92517e-35	1.53111e-29	8.3668e-26	2.36339e-21	1.39891e-18	3.98252e-15	1.53256e-12	2.07343e-11	8.0105e-10	1.11407e-06	2.31134e-06	3.53975e-07	6.44026e-07	1.56634e-05	0.00697502	0.382751	0.60029	0.00996241	1.39553e-06	3.06455e-10	7.71777e-13	4.71221e-16	6.61319e-19	1.13543e-22	1.62523e-24	2.18335e-26	3.2986e-29	2.44402e-31	4.08249e-34	6.42416e-37	1.12018e-38	1.42771e-39	2.29643e-41	5.9986e-43	8.74611e-44	5.87806e-46	6.96319e-48	7.92296e-49	1.85721e-49	2.21749e-49	
N88	6.79888e-36	1.55563e-32	2.68343e-29	6.85478e-27	2.90172e-22	6.34655e-20	2.41074e-15	1.87909e-13	6.83773e-12	4.11912e-10	6.49577e-07	1.34036e-06	1.96695e-07	4.62718e-07	6.85304e-06	0.0134155	0.411916	0.572762	0.00189747	1.04069e-07	2.36042e-12	2.87678e-16	2.78019e-20	8.77962e-23	2.60738e-25	5.69963e-29	6.37228e-32	2.36706e-36	2.31361e-40	8.06026e-46	4.8625e-51	1.11503e-49	6.43032e-52	8.90706e-55	1.23248e-53	6.88554e-54	3.7905e-55	3.28523e-57	9.03708e-59	2.78226e-57	4.41408e-58	
C12265	0	0	0	0	0	0	0	0	0	0	0	0	0	0	0	0	0	1	0	0	0	0	0	0	0	0	0	0	0	0	0	0	0	0	0	0	0	0	0	0	0	
N89	7.28851e-48	2.94491e-41	5.64496e-35	7.89634e-31	5.46959e-26	9.5608e-23	9.20672e-18	3.72811e-19	1.12706e-15	1.28928e-10	1.05847e-08	3.50529e-11	4.92516e-12	4.03819e-08	0.00397116	0.981606	0.0143905	3.2193e-05	7.19286e-10	2.77001e-15	3.59155e-21	2.44051e-27	3.20685e-31	8.18015e-32	6.92443e-33	1.129e-34	9.37133e-36	5.98674e-39	2.34603e-41	9.91149e-45	1.15941e-48	1.19496e-51	2.0212e-55	1.53743e-58	9.01101e-61	5.11289e-62	4.09462e-64	4.50886e-67	9.87904e-70	1.78179e-32	2.36011e-32	
C404	0	0	0	0	0	0	0	0	0	0	0	0	0	0	1	0	0	0	0	0	0	0	0	0	0	0	0	0	0	0	0	0	0	0	0	0	0	0	0	0	0	
N90	4.5059e-42	3.95441e-38	2.47032e-34	3.10124e-32	5.85284e-29	6.91081e-26	2.18805e-20	7.07974e-21	1.17936e-17	1.97011e-12	6.04397e-10	4.25396e-13	3.54488e-14	5.95159e-09	0.000799301	0.995286	0.00391315	1.2431e-06	7.99082e-12	1.39643e-17	2.75491e-21	1.52941e-23	1.43984e-27	4.87733e-31	1.07028e-35	4.24023e-40	7.1081e-45	1.45537e-51	1.40073e-56	2.50556e-63	3.5744e-67	2.50745e-64	1.70083e-62	8.84819e-63	1.9537e-58	7.67578e-49	1.65061e-49	1.64035e-49	3.23898e-49	3.13136e-47	5.96152e-38	
N91	5.89701e-56	6.53716e-54	6.47176e-52	2.22302e-71	1.25823e-50	2.61796e-46	3.07211e-28	9.58435e-38	1.97988e-42	1.21089e-21	7.29744e-15	1.62763e-19	7.34455e-36	1.77092e-15	1.19694e-07	1	2.84047e-07	8.74025e-15	5.99151e-36	2.20827e-37	3.48188e-36	3.88565e-35	9.07584e-35	1.28924e-33	8.54553e-35	4.99239e-35	3.99055e-36	1.00472e-37	2.8018e-38	2.02331e-39	1.29747e-38	2.14455e-38	3.81778e-37	4.37558e-37	8.86062e-37	1.67541e-35	7.55754e-37	4.61088e-37	5.68983e-37	3.07913e-38	1.92572e-37	
Cl11778	0	0	0	0	0	0	0	0	0	0	0	0	0	0	0	1	0	0	0	0	0	0	0	0	0	0	0	0	0	0	0	0	0	0	0	0	0	0	0	0	0	
Cl11779	0	0	0	0	0	0	0	0	0	0	0	0	0	0	0	1	0	0	0	0	0	0	0	0	0	0	0	0	0	0	0	0	0	0	0	0	0	0	0	0	0	
N92	2.26686e-56	1.75418e-49	8.02734e-43	1.4353e-38	7.23234e-33	1.18461e-29	1.845e-23	9.80367e-25	5.25664e-22	1.58897e-16	1.84087e-12	5.35114e-15	2.62139e-16	1.08783e-10	3.0647e-05	0.999873	9.65703e-05	8.28755e-10	1.76292e-15	2.09739e-21	1.10678e-24	3.52877e-28	9.66e-33	1.55847e-36	5.1194e-43	1.05547e-48	9.8242e-56	7.52952e-64	1.59847e-38	6.7924e-40	4.14459e-39	6.83244e-39	1.70425e-37	1.63744e-37	3.092e-37	8.15804e-36	3.23336e-37	2.29386e-37	3.42339e-37	1.40412e-38	6.48981e-38	
CGA594	0	0	0	0	0	0	0	0	0	0	0	0	0	0	0	1	0	0	0	0	0	0	0	0	0	0	0	0	0	0	0	0	0	0	0	0	0	0	0	0	0	
CGA48	0	0	0	0	0	0	0	0	0	0	0	0	0	0	0	1	0	0	0	0	0	0	0	0	0	0	0	0	0	0	0	0	0	0	0	0	0	0	0	0	0	
N93	1.22119e-47	4.87885e-46	1.83492e-44	6.27878e-43	1.92168e-41	5.13703e-40	1.16108e-38	2.12134e-37	1.29833e-20	6.57355e-37	1.30925e-34	7.67199e-17	8.18432e-10	3.62987e-15	1.98485e-31	1.13859e-30	3.06471e-12	5.33437e-06	0.999995	7.68499e-08	6.12693e-15	3.74361e-33	9.72418e-33	6.87148e-32	7.6891e-32	7.27539e-32	2.78942e-32	2.39217e-33	8.22265e-34	9.90942e-35	1.02864e-35	1.09349e-35	8.26275e-35	1.16667e-34	2.4489e-34	2.11813e-33	1.37009e-33	1.40708e-33	2.372e-33	5.26715e-34	6.72555e-34	
C3134	0	0	0	0	0	0	0	0	0	0	0	0	0	0	0	0	0	0	1	0	0	0	0	0	0	0	0	0	0	0	0	0	0	0	0	0	0	0	0	0	0	
C3126	0	0	0	0	0	0	0	0	0	0	0	0	0	0	0	0	0	0	1	0	0	0	0	0	0	0	0	0	0	0	0	0	0	0	0	0	0	0	0	0	0	
N94	2.23212e-37	5.70363e-32	8.37633e-27	4.06693e-24	3.96279e-19	1.26927e-18	7.61726e-15	7.69906e-11	1.68848e-11	3.64105e-11	4.22593e-07	0.000428699	4.90432e-06	7.37878e-10	5.42825e-11	4.83978e-07	0.00202883	0.971062	0.0264615	1.34341e-05	1.73703e-09	1.95694e-13	1.20883e-16	1.64477e-19	5.62651e-23	1.76466e-26	9.16227e-28	4.51762e-30	4.8207e-32	2.54269e-34	4.79968e-37	3.4401e-39	2.21282e-41	3.64191e-43	1.26608e-44	1.43725e-45	3.27075e-47	5.62932e-49	2.17471e-50	5.23007e-52	8.77366e-54	
CGA311	0	0	0	0	0	0	0	0	0	0	0	0	0	0	0	0	0	1	0	0	0	0	0	0	0	0	0	0	0	0	0	0	0	0	0	0	0	0	0	0	0	
N95	6.54003e-38	1.73208e-34	4.17344e-30	1.80547e-26	6.62009e-22	5.01446e-20	1.8507e-16	1.61924e-12	4.62327e-13	4.22497e-12	4.81325e-08	8.46861e-05	1.20651e-06	9.65188e-11	3.73678e-11	1.15498e-07	0.00134863	0.968212	0.0303459	7.69444e-06	3.76487e-10	1.02231e-14	5.11386e-18	1.96091e-19	1.31644e-21	5.18482e-25	2.42708e-27	1.909e-32	2.55205e-36	1.68899e-41	1.95764e-47	4.47136e-49	1.02801e-50	2.80452e-53	9.6062e-55	5.11025e-52	1.04343e-51	1.43732e-53	4.3972e-55	5.17271e-56	9.60604e-58	
N96	8.87971e-45	6.45329e-39	2.87064e-33	6.99431e-30	1.07123e-24	1.13558e-23	8.48954e-19	6.58931e-16	1.44706e-16	1.2538e-13	7.24085e-09	1.61578e-06	1.14075e-09	2.87186e-13	5.82368e-12	4.84487e-07	0.00908611	0.989207	0.00170444	1.00005e-07	1.45433e-12	8.4021e-18	1.74223e-22	8.52895e-25	1.1916e-27	2.24203e-31	8.13592e-34	2.55462e-36	3.62238e-38	2.28666e-40	9.75693e-42	3.46342e-44	1.49678e-47	5.82505e-51	1.0135e-52	5.84636e-53	1.71096e-52	1.85398e-52	1.02846e-51	1.05472e-50	2.03551e-50	
N97	3.38776e-51	1.86553e-49	9.54467e-48	4.4136e-46	1.8199e-44	6.58114e-43	1.72755e-26	1.07279e-42	5.05717e-41	2.63128e-21	4.64287e-13	2.94316e-18	1.81917e-36	1.49161e-35	8.61363e-17	2.26738e-08	0.999997	2.80092e-06	5.38191e-14	2.64539e-33	1.24952e-34	7.04597e-36	9.66613e-36	1.50029e-34	8.85704e-34	2.23331e-33	1.53683e-32	1.63188e-33	6.93413e-34	8.99856e-35	4.19732e-36	1.14448e-36	1.21627e-37	6.54669e-38	1.60478e-37	2.65273e-36	9.06053e-36	1.16062e-35	5.98605e-35	2.46978e-34	3.10542e-34	
CGA45	0	0	0	0	0	0	0	0	0	0	0	0	0	0	0	0	1	0	0	0	0	0	0	0	0	0	0	0	0	0	0	0	0	0	0	0	0	0	0	0	0	
CGA46	0	0	0	0	0	0	0	0	0	0	0	0	0	0	0	0	1	0	0	0	0	0	0	0	0	0	0	0	0	0	0	0	0	0	0	0	0	0	0	0	0	
N98	1.92143e-38	5.6149e-35	1.18364e-31	2.26941e-30	1.42115e-26	6.18066e-26	2.69222e-21	7.858e-17	3.84537e-17	4.14297e-15	2.2357e-10	2.23977e-07	7.45781e-11	3.13456e-14	1.14914e-12	1.06991e-07	0.00248544	0.996694	0.000820316	4.71643e-08	6.71647e-13	2.10814e-17	3.25432e-20	9.35723e-22	5.43377e-24	1.17095e-27	8.34723e-31	3.63775e-36	2.76076e-40	6.53434e-46	3.65446e-52	2.81325e-56	1.8322e-56	2.30629e-58	5.36786e-60	4.6786e-59	3.55226e-57	2.72245e-59	3.99173e-61	6.09196e-63	4.28822e-65	
N99	2.7993e-49	2.12301e-43	1.1304e-37	1.91777e-34	1.02125e-28	2.07105e-28	2.63768e-23	1.88448e-18	1.47818e-19	7.03617e-18	5.69377e-13	4.45256e-09	8.57552e-13	4.24476e-15	7.03285e-14	8.10986e-09	0.000272789	0.99942	0.000307249	1.16323e-08	1.28926e-13	1.58098e-18	7.37777e-22	3.18969e-24	3.27708e-27	4.35985e-31	2.95792e-34	5.56396e-40	7.92316e-45	1.19796e-50	4.85532e-57	2.16086e-62	6.25392e-59	6.49325e-59	1.69709e-58	7.4761e-55	4.58205e-46	4.91612e-46	1.80292e-45	1.22462e-44	1.36185e-44	
N100	1.73808e-59	8.44848e-52	1.26719e-44	1.9107e-41	2.07059e-34	1.95389e-35	5.19202e-29	6.50747e-23	3.67645e-25	2.14556e-23	3.59948e-17	6.06361e-12	1.82526e-16	2.9506e-19	5.98884e-18	1.46587e-11	1.08382e-05	0.999973	1.64902e-05	3.3922e-11	2.08199e-17	7.51329e-24	8.48529e-29	7.51889e-33	2.64865e-35	6.80899e-35	1.18731e-33	4.55898e-35	1.74788e-35	8.76666e-37	1.50696e-38	3.90343e-39	1.80667e-40	1.25068e-40	3.29128e-40	1.36746e-38	1.06308e-37	1.17927e-37	6.86984e-37	6.84411e-36	7.4904e-36	
C3043	0	0	0	0	0	0	0	0	0	0	0	0	0	0	0	0	0	1	0	0	0	0	0	0	0	0	0	0	0	0	0	0	0	0	0	0	0	0	0	0	0	
CGA87	0	0	0	0	0	0	0	0	0	0	0	0	0	0	0	0	0	1	0	0	0	0	0	0	0	0	0	0	0	0	0	0	0	0	0	0	0	0	0	0	0	
N101	9.40921e-59	3.42881e-51	3.84556e-44	5.92e-41	4.69213e-34	6.10847e-35	1.1866e-28	1.10203e-22	8.87117e-25	5.38539e-23	6.81927e-17	8.68912e-12	3.04138e-16	6.60676e-19	1.39335e-17	2.56872e-11	1.43516e-05	0.999964	2.18506e-05	5.95211e-11	4.84244e-17	2.3117e-23	3.59002e-28	4.56797e-32	2.48077e-35	6.34736e-35	1.15074e-33	4.25154e-35	1.64057e-35	7.94106e-37	1.31456e-38	3.40376e-39	1.51571e-40	1.04534e-40	2.75393e-40	1.18918e-38	9.57928e-38	1.05748e-37	6.13509e-37	6.34527e-36	6.92398e-36	
CGA368	0	0	0	0	0	0	0	0	0	0	0	0	0	0	0	0	0	1	0	0	0	0	0	0	0	0	0	0	0	0	0	0	0	0	0	0	0	0	0	0	0	
CGA557	0	0	0	0	0	0	0	0	0	0	0	0	0	0	0	0	0	1	0	0	0	0	0	0	0	0	0	0	0	0	0	0	0	0	0	0	0	0	0	0	0	
CGA364	0	0	0	0	0	0	0	0	0	0	0	0	0	0	0	0	0	1	0	0	0	0	0	0	0	0	0	0	0	0	0	0	0	0	0	0	0	0	0	0	0	
C2208	0	0	0	0	0	0	0	0	0	0	0	0	0	0	0	0	0	0	1	0	0	0	0	0	0	0	0	0	0	0	0	0	0	0	0	0	0	0	0	0	0	
N102	1.07508e-32	4.75845e-28	1.4491e-23	5.06162e-21	1.26207e-16	2.15067e-16	1.48353e-12	3.95477e-09	2.28203e-10	3.54408e-09	1.26705e-05	0.00387922	1.27468e-05	4.81922e-09	2.39602e-09	5.56164e-06	0.00603292	0.984809	0.00524213	5.86033e-06	2.34141e-09	4.65195e-13	3.76309e-16	9.03384e-19	7.57361e-22	4.25933e-25	2.72352e-28	1.10549e-32	6.92931e-37	2.76291e-41	3.49291e-46	4.16478e-50	1.2661e-50	7.53838e-53	1.48028e-54	1.20307e-53	1.39997e-53	9.46083e-54	3.10887e-53	5.88804e-53	9.89847e-53	
N103	1.23265e-40	5.01672e-35	1.25498e-29	1.24327e-26	2.07196e-21	1.11468e-20	5.48861e-16	7.43661e-13	1.01582e-14	5.22682e-12	1.90438e-07	6.68539e-05	2.24974e-08	1.01776e-12	1.41721e-11	6.63213e-07	0.00760306	0.991695	0.000633812	5.09984e-08	1.20039e-12	1.63641e-17	3.68514e-21	1.15519e-23	8.53557e-27	1.1193e-30	6.11424e-34	3.76264e-38	5.41808e-40	2.60397e-40	1.90375e-43	5.10121e-46	2.86909e-49	7.15194e-52	1.29184e-53	6.18341e-53	2.52804e-52	2.75555e-52	1.01201e-51	5.70373e-51	6.96947e-51	
N104	7.58132e-51	4.36221e-49	3.8483e-72	1.2125e-50	4.25282e-31	1.83312e-41	3.30039e-26	1.67181e-19	6.96209e-23	2.14007e-21	1.32625e-14	7.65526e-09	1.48827e-14	1.96235e-20	1.78723e-19	1.61371e-12	4.0104e-06	0.999992	3.49317e-06	1.5313e-12	2.05185e-19	4.01034e-37	1.1005e-36	2.26056e-35	1.54426e-34	2.5284e-34	1.8225e-33	1.11439e-34	4.28304e-35	3.33573e-36	9.11645e-38	2.41324e-38	3.86687e-39	5.14527e-39	1.31905e-38	2.98484e-37	1.24166e-36	1.35778e-36	4.26502e-36	1.71996e-35	1.97365e-35	
CGA453	0	0	0	0	0	0	0	0	0	0	0	0	0	0	0	0	0	1	0	0	0	0	0	0	0	0	0	0	0	0	0	0	0	0	0	0	0	0	0	0	0	
CGA383	0	0	0	0	0	0	0	0	0	0	0	0	0	0	0	0	0	1	0	0	0	0	0	0	0	0	0	0	0	0	0	0	0	0	0	0	0	0	0	0	0	
N105	3.66967e-40	2.51937e-36	1.34433e-32	5.21476e-30	7.44496e-25	2.85945e-23	2.84245e-18	3.91959e-16	1.09715e-16	4.1052e-13	3.46192e-08	1.89564e-06	1.48047e-10	3.94469e-14	1.05456e-11	1.30148e-06	0.0364032	0.963472	0.000122064	2.46527e-09	1.60614e-14	6.98509e-20	1.75768e-23	1.30655e-25	2.37293e-28	3.92487e-32	5.48589e-35	7.09318e-41	1.19187e-45	1.27726e-51	3.487e-58	1.60252e-63	4.17813e-69	1.67885e-70	2.06148e-69	1.41105e-59	6.91718e-52	7.31181e-52	3.63916e-51	5.07452e-50	1.05437e-48	
N106	8.05257e-54	8.24802e-52	7.97384e-50	7.21056e-48	6.01067e-46	1.76633e-46	2.86922e-42	4.47359e-24	3.01423e-34	1.60455e-39	6.74983e-19	6.30036e-12	1.83173e-19	2.85131e-36	1.10872e-34	1.8039e-15	2.7805e-07	1	4.07078e-08	2.10701e-16	1.16463e-36	4.90886e-37	1.75955e-36	5.15352e-35	4.62067e-34	4.9832e-34	1.16137e-33	4.48297e-35	1.61369e-35	8.09467e-37	1.40791e-38	3.72137e-39	3.00435e-39	5.48833e-39	1.43689e-38	4.75462e-37	2.72947e-36	2.8411e-36	5.8197e-36	7.09057e-36	7.74374e-36	
CGA501	0	0	0	0	0	0	0	0	0	0	0	0	0	0	0	0	0	1	0	0	0	0	0	0	0	0	0	0	0	0	0	0	0	0	0	0	0	0	0	0	0	
C11776	0	0	0	0	0	0	0	0	0	0	0	0	0	0	0	0	0	1	0	0	0	0	0	0	0	0	0	0	0	0	0	0	0	0	0	0	0	0	0	0	0	
N107	6.00646e-54	5.97758e-52	5.44435e-50	4.55648e-48	3.56301e-46	2.62618e-44	2.16519e-27	3.15463e-43	3.6146e-41	4.62527e-21	1.67791e-12	3.08871e-17	3.64852e-36	1.11509e-36	2.064e-17	1.11106e-08	0.999992	8.07461e-06	6.96192e-14	9.06374e-34	1.62476e-35	3.86085e-37	6.43484e-37	2.448e-35	3.26545e-34	8.7462e-34	1.48321e-32	5.92693e-34	2.22296e-34	1.15272e-35	2.05633e-37	5.32135e-38	2.48684e-39	1.64458e-39	4.32793e-39	1.75549e-37	1.34158e-36	1.50676e-36	9.29055e-36	9.04046e-35	9.92007e-35	
C3121	0	0	0	0	0	0	0	0	0	0	0	0	0	0	0	0	1	0	0	0	0	0	0	0	0	0	0	0	0	0	0	0	0	0	0	0	0	0	0	0	0	
C3123	0	0	0	0	0	0	0	0	0	0	0	0	0	0	0	0	1	0	0	0	0	0	0	0	0	0	0	0	0	0	0	0	0	0	0	0	0	0	0	0	0	
N108	3.67334e-44	5.85103e-38	5.2838e-32	2.55483e-29	1.96076e-23	1.82142e-24	2.5461e-19	2.02621e-14	9.45579e-17	1.91477e-15	3.52467e-10	6.48315e-06	5.32899e-10	5.10526e-15	5.2058e-15	1.31391e-09	0.000102306	0.999741	0.000150022	2.87331e-09	1.65747e-14	7.49956e-20	4.54353e-24	1.38112e-27	9.87318e-32	1.87062e-36	6.38871e-41	2.23192e-47	1.53087e-53	9.62154e-61	1.12239e-36	3.25561e-37	4.47293e-38	3.17853e-38	7.57466e-38	1.08918e-36	3.08262e-36	3.67778e-36	1.43411e-35	5.07034e-35	6.45943e-35	
Calparcri	0	0	0	0	0	0	0	0	0	0	0	0	0	0	0	0	0	1	0	0	0	0	0	0	0	0	0	0	0	0	0	0	0	0	0	0	0	0	0	0	0	
C3118	0	0	0	0	0	0	0	0	0	0	0	0	0	0	0	0	0	1	0	0	0	0	0	0	0	0	0	0	0	0	0	0	0	0	0	0	0	0	0	0	0	
N109	4.52312e-37	4.23468e-33	2.96494e-29	4.54225e-26	1.96753e-20	2.09824e-18	5.34585e-14	8.33183e-10	1.12346e-09	9.52525e-08	0.00110822	0.996171	0.0027198	5.44031e-07	5.34718e-10	1.36614e-10	5.22735e-11	5.79554e-10	1.45748e-13	4.02303e-16	8.38073e-21	1.1265e-25	3.85913e-29	3.85248e-31	7.61962e-34	1.86732e-35	1.00405e-35	1.37152e-39	1.27174e-41	2.33124e-43	2.53584e-47	1.9619e-49	9.03549e-53	4.68547e-55	5.92122e-57	4.27485e-57	9.74058e-60	7.48206e-62	1.23623e-63	1.20444e-64	8.02465e-67	
N110	4.89144e-34	3.99716e-29	2.12654e-24	2.45076e-21	8.61034e-17	1.0648e-15	8.3666e-12	3.55965e-08	2.22018e-08	5.29578e-07	0.00219959	0.992729	0.00493719	2.13573e-06	7.46652e-09	3.91311e-08	1.25204e-06	0.000129497	6.66221e-07	3.67519e-09	1.96143e-12	2.54281e-16	2.53001e-19	2.00172e-21	1.91537e-24	2.1736e-27	1.02966e-29	2.12521e-34	2.84119e-38	5.17825e-42	6.20116e-47	5.74488e-51	7.15479e-56	2.082e-60	2.84905e-64	2.80182e-67	1.34915e-71	9.67842e-76	2.50454e-79	7.66007e-83	4.24722e-87	
N111	1.8156e-32	8.77772e-28	2.83393e-23	2.02069e-20	4.82371e-16	3.18354e-15	2.07207e-11	8.11321e-08	2.92172e-08	5.59624e-07	0.00213452	0.993597	0.00412639	1.87595e-06	1.1446e-08	1.55273e-07	1.01385e-05	0.000129014	4.98995e-07	3.61813e-10	8.74286e-14	1.02002e-17	1.14938e-20	1.22063e-22	3.79664e-25	4.07128e-28	1.03243e-30	3.03387e-35	3.32395e-39	3.00733e-40	4.73799e-43	1.27346e-43	3.32195e-44	2.06433e-46	7.23733e-48	1.30118e-47	3.54861e-47	6.20169e-49	3.76771e-50	1.9508e-51	2.96234e-53	
N112	6.33466e-33	3.31164e-28	1.11199e-23	1.00815e-20	2.05153e-16	1.70728e-15	8.15106e-12	2.46103e-08	1.34909e-08	3.75159e-07	0.00173979	0.994791	0.0033271	1.19222e-06	6.42348e-08	2.39374e-06	3.4537e-05	0.000102938	7.47113e-08	1.14422e-11	6.68594e-16	2.73215e-20	2.5176e-23	3.64254e-25	1.439e-27	1.15253e-30	3.95756e-33	7.6336e-38	9.3874e-42	1.78852e-46	9.51206e-52	4.25416e-56	3.82449e-61	1.74961e-65	4.27982e-69	9.94499e-72	3.75654e-75	3.0264e-79	8.25267e-83	2.95776e-86	1.9298e-90	
N113	6.25057e-36	6.49122e-31	4.38983e-26	3.20556e-23	1.63589e-18	6.71778e-18	9.04895e-14	6.84102e-10	1.56712e-10	4.36713e-09	4.31063e-05	0.0409522	8.64664e-05	1.52522e-08	5.83502e-10	1.63239e-06	0.0013848	0.954733	0.00279005	9.0021e-06	2.90461e-09	2.3331e-13	1.33045e-16	5.25269e-19	2.58611e-22	1.58258e-25	3.9504e-28	9.1186e-33	6.86745e-35	8.06186e-36	3.94142e-37	5.60211e-39	1.20644e-41	6.1986e-44	1.48729e-45	2.50319e-46	2.28637e-48	3.75519e-50	2.27926e-51	1.77739e-52	2.8936e-54	
Triowe	0	0	0	0	0	0	0	0	0	0	0	0	0	0	0	0	0	1	0	0	0	0	0	0	0	0	0	0	0	0	0	0	0	0	0	0	0	0	0	0	0	
N114	3.16792e-34	2.69174e-31	4.06569e-27	6.54398e-24	1.79442e-19	3.5169e-18	2.16308e-14	5.70344e-11	3.24719e-11	1.95922e-09	1.51781e-05	0.0124993	2.88716e-05	6.30758e-09	1.73001e-10	8.09022e-07	0.00196866	0.981882	0.00360157	3.86732e-06	9.70835e-10	9.06453e-14	1.24874e-16	6.59633e-18	8.02575e-20	1.62106e-22	2.82859e-24	6.97749e-29	2.24292e-32	1.4302e-36	1.38551e-41	2.1749e-45	2.76853e-50	1.19566e-54	4.99882e-58	3.79068e-60	3.17191e-63	5.40142e-67	3.1931e-70	4.93036e-73	6.77311e-77	
Trijoh	0	0	0	0	0	0	0	0	0	0	0	0	0	0	0	0	0	1	0	0	0	0	0	0	0	0	0	0	0	0	0	0	0	0	0	0	0	0	0	0	0	
Trimel	0	0	0	0	0	0	0	0	0	0	0	0	0	0	0	0	0	1	0	0	0	0	0	0	0	0	0	0	0	0	0	0	0	0	0	0	0	0	0	0	0	
N115	1.58432e-32	1.29037e-27	6.77274e-23	4.04719e-20	1.59891e-15	4.23511e-15	3.89809e-11	2.21357e-07	2.98525e-08	3.28369e-07	0.00154019	0.99575	0.00270559	3.36395e-06	6.0156e-08	5.97394e-10	2.49304e-12	3.60064e-15	1.76496e-19	3.28707e-24	3.17589e-29	3.25719e-34	5.0617e-38	4.73635e-41	1.43454e-44	1.86222e-48	5.27161e-51	6.61728e-51	6.49473e-52	7.89924e-52	5.90046e-55	5.5279e-56	1.34263e-56	8.12161e-59	1.69834e-60	9.17112e-61	1.5687e-60	1.59456e-62	5.07703e-64	1.10719e-65	9.89482e-68	
N116	3.76433e-34	4.00224e-29	2.60076e-24	3.42407e-21	1.46565e-16	1.16648e-15	9.61175e-12	3.31272e-08	3.71589e-09	9.87122e-08	0.000866156	0.99753	0.00160335	4.07948e-07	3.54844e-10	5.21935e-13	4.91678e-16	4.5479e-18	9.51703e-23	2.05422e-26	5.28941e-31	2.5621e-35	4.50916e-39	1.04283e-42	4.85469e-47	7.66474e-51	1.40305e-53	3.37937e-59	1.46195e-63	1.15809e-67	3.29379e-73	1.22854e-77	2.5705e-82	4.59423e-87	1.49179e-91	1.11345e-95	4.3499e-101	9.25134e-106	5.20022e-110	8.30489e-114	1.45788e-118	
Trihoe	0	0	0	0	0	0	0	0	0	0	0	1	0	0	0	0	0	0	0	0	0	0	0	0	0	0	0	0	0	0	0	0	0	0	0	0	0	0	0	0	0	
Tribit	0	0	0	0	0	0	0	0	0	0	0	1	0	0	0	0	0	0	0	0	0	0	0	0	0	0	0	0	0	0	0	0	0	0	0	0	0	0	0	0	0	
Trijac	0	0	0	0	0	0	0	0	0	0	0	1	0	0	0	0	0	0	0	0	0	0	0	0	0	0	0	0	0	0	0	0	0	0	0	0	0	0	0	0	0	
N117	2.9209e-33	1.28297e-28	3.94681e-24	1.9739e-21	4.95678e-17	1.74507e-16	1.22869e-12	4.82814e-09	8.25072e-10	1.36359e-08	6.35722e-05	0.031085	0.000112549	3.92815e-08	2.61741e-09	3.98034e-06	0.00268202	0.961217	0.00481846	1.72745e-05	1.0568e-08	1.79733e-12	1.44685e-15	5.50971e-18	4.14559e-21	3.60061e-24	7.88465e-27	2.37811e-31	2.72019e-35	3.92858e-39	6.6336e-44	4.27841e-46	1.88887e-46	1.02862e-48	2.45759e-50	3.00552e-50	2.44089e-50	4.21119e-52	2.26986e-53	1.04229e-54	1.82777e-56	
Tricri	0	0	0	0	0	0	0	0	0	0	0	0	0	0	0	0	0	1	0	0	0	0	0	0	0	0	0	0	0	0	0	0	0	0	0	0	0	0	0	0	0	
N118	1.62712e-35	9.23154e-31	3.53219e-26	3.60675e-23	9.31657e-19	7.93201e-18	4.31471e-14	1.01906e-10	2.51782e-11	9.3342e-10	6.54305e-06	0.00479696	1.20181e-05	2.8758e-09	1.58355e-10	8.62057e-07	0.00227625	0.988815	0.00408892	3.46287e-06	8.3719e-10	8.65116e-14	1.01444e-16	2.6113e-18	1.7181e-20	2.37835e-23	1.72857e-25	4.81581e-30	1.05475e-33	5.04167e-38	4.98941e-43	5.04023e-47	7.08205e-52	2.67971e-56	8.07871e-60	2.81354e-62	1.31805e-65	1.5922e-69	6.27258e-73	4.08502e-76	4.09092e-80	
Triwie	0	0	0	0	0	0	0	0	0	0	0	0	0	0	0	0	0	1	0	0	0	0	0	0	0	0	0	0	0	0	0	0	0	0	0	0	0	0	0	0	0	
Triqua	0	0	0	0	0	0	0	0	0	0	0	0	0	0	0	0	0	1	0	0	0	0	0	0	0	0	0	0	0	0	0	0	0	0	0	0	0	0	0	0	0	
N119	3.24258e-30	3.43073e-26	2.67407e-22	2.18987e-19	7.98418e-16	2.64685e-14	3.29182e-11	2.59892e-08	7.31164e-08	2.50813e-06	0.00266996	0.370585	0.00486596	7.21028e-06	2.0946e-07	5.7153e-05	0.00514793	0.607426	0.00898551	0.000252322	6.01047e-07	3.57052e-10	2.05746e-12	1.19172e-13	6.66886e-16	4.98943e-18	2.10817e-19	2.49068e-23	2.5789e-26	4.07985e-29	3.11476e-33	2.31479e-36	1.8437e-40	4.07778e-44	4.5279e-47	4.43591e-49	1.58309e-52	9.71376e-56	2.22231e-58	7.93165e-61	4.18997e-64	
N120	8.41634e-30	1.04037e-25	9.48433e-22	4.06231e-19	2.55143e-15	1.8506e-14	3.53619e-11	3.78553e-08	1.30807e-08	1.56066e-07	0.000182944	0.0254009	0.000301807	4.04301e-07	4.16618e-08	2.56748e-05	0.0104289	0.946825	0.0167526	8.12615e-05	1.27331e-07	7.61151e-11	1.93121e-13	2.16326e-15	8.27849e-18	2.10451e-20	8.14231e-23	1.18537e-26	3.78822e-30	8.32547e-34	4.89672e-38	9.76211e-42	7.60175e-46	8.36929e-50	3.66954e-53	5.97922e-56	1.81233e-59	4.64777e-63	2.99568e-66	1.14893e-69	2.48905e-73	
Kinboe	0	0	0	0	0	0	0	0	0	0	0	0	0	0	0	0	0	1	0	0	0	0	0	0	0	0	0	0	0	0	0	0	0	0	0	0	0	0	0	0	0	
Kinfis	0	0	0	0	0	0	0	0	0	0	0	0	0	0	0	0	0	1	0	0	0	0	0	0	0	0	0	0	0	0	0	0	0	0	0	0	0	0	0	0	0	
Kinxen	0	0	0	0	0	0	0	0	0	0	0	0	0	0	0	0	0	1	0	0	0	0	0	0	0	0	0	0	0	0	0	0	0	0	0	0	0	0	0	0	0	
N121	9.86382e-34	1.72885e-30	2.43121e-27	1.16036e-24	3.182e-20	4.22476e-17	1.38064e-13	1.98015e-10	6.88033e-09	2.33056e-06	0.00230579	0.985523	0.0121432	2.52132e-05	1.19981e-07	2.94415e-07	3.2785e-08	2.33278e-07	2.60907e-10	4.0706e-12	6.53746e-16	1.14782e-20	9.03077e-24	2.63396e-25	7.9269e-29	8.58465e-32	4.04144e-32	2.63297e-36	6.63633e-39	1.94077e-41	2.7536e-46	8.85027e-50	4.16352e-55	2.68256e-58	4.67879e-60	5.14509e-60	2.12755e-62	2.23212e-64	8.65663e-66	3.21618e-66	3.0724e-68	
N122	7.50208e-27	4.80272e-23	2.26228e-19	1.30607e-16	2.80123e-13	7.78956e-12	5.44916e-09	2.43119e-06	4.93253e-06	5.57137e-05	0.0166264	0.953782	0.0294022	0.000126297	3.96219e-07	1.63977e-08	5.148e-10	1.2846e-11	8.07061e-15	6.18464e-18	2.08086e-21	3.1657e-25	3.09125e-28	2.45573e-30	6.98476e-33	1.5402e-35	7.68023e-38	7.05992e-42	2.1692e-45	5.83232e-49	3.00833e-53	6.96077e-57	4.48207e-61	4.47738e-65	2.37144e-68	6.43265e-71	2.66145e-74	9.16194e-78	1.03859e-80	8.40875e-84	3.51485e-87	
N123	3.38917e-31	2.7609e-26	1.34568e-21	5.1685e-19	1.73178e-14	2.80306e-14	1.81509e-10	7.41559e-07	6.5748e-08	5.14452e-07	0.00202481	0.993381	0.00459043	2.17383e-06	5.5665e-10	6.821e-13	5.32385e-16	5.69536e-19	2.2569e-23	1.78338e-27	4.61589e-32	6.20924e-37	1.49711e-39	2.30321e-40	5.38766e-41	8.78986e-43	3.71794e-44	4.15715e-47	1.85098e-49	1.62234e-51	5.16294e-53	3.26547e-53	7.1552e-54	2.01287e-54	2.56684e-54	3.14036e-53	1.28315e-52	1.60572e-52	5.35039e-52	1.54992e-51	2.44486e-51	
N124	1.34318e-35	4.47352e-30	8.46435e-25	6.09514e-22	8.04892e-17	8.33735e-17	1.62656e-12	1.65857e-08	7.7655e-10	1.55296e-08	0.000351656	0.998876	0.000772344	6.58095e-08	3.10317e-12	4.09501e-15	1.91319e-18	2.49235e-21	1.93277e-26	6.58936e-31	3.40132e-36	2.28554e-41	6.68117e-44	1.52502e-44	6.82284e-45	6.67238e-47	4.48182e-48	4.38759e-47	4.70669e-46	3.87203e-43	2.80959e-44	5.9795e-43	1.02587e-41	2.35803e-42	3.1494e-42	1.94297e-40	1.04752e-38	1.14638e-38	4.92126e-38	3.30486e-37	4.06099e-37	
N125	2.20576e-35	2.38723e-30	1.59346e-25	2.38582e-22	1.01915e-17	1.02066e-16	8.65441e-13	3.44061e-09	1.2057e-09	5.64637e-08	0.000633654	0.998283	0.00108289	1.43986e-07	1.20415e-11	1.91316e-13	4.73714e-16	8.23641e-18	1.2807e-22	2.33453e-26	2.90989e-31	1.22547e-36	1.42026e-40	4.545e-43	7.56772e-47	1.9155e-50	6.48772e-53	1.27217e-58	5.07571e-63	3.3814e-67	4.92354e-73	1.59252e-77	2.4192e-83	2.16421e-88	1.1051e-92	1.08695e-95	1.69726e-100	4.34318e-105	4.64851e-109	1.54893e-112	2.87993e-117	
Chaafr	0	0	0	0	0	0	0	0	0	0	0	1	0	0	0	0	0	0	0	0	0	0	0	0	0	0	0	0	0	0	0	0	0	0	0	0	0	0	0	0	0	
Chacha	0	0	0	0	0	0	0	0	0	0	0	1	0	0	0	0	0	0	0	0	0	0	0	0	0	0	0	0	0	0	0	0	0	0	0	0	0	0	0	0	0	
N126	2.50576e-35	2.93073e-30	2.08737e-25	2.52881e-22	1.16755e-17	7.02087e-17	6.6241e-13	3.97474e-09	1.63167e-09	5.74709e-08	0.000642736	0.998304	0.00105332	1.38476e-07	1.22648e-11	1.15724e-13	2.27635e-16	2.17995e-18	3.3926e-23	4.26084e-27	5.23708e-32	2.29886e-37	2.11024e-41	3.9433e-44	5.38632e-48	1.0498e-51	1.92818e-54	3.87516e-60	1.11346e-64	4.95884e-69	7.2665e-75	1.73734e-79	2.78382e-85	2.0107e-90	7.87198e-95	4.37003e-98	5.741e-103	1.1275e-107	9.23411e-112	1.65779e-115	2.36753e-120	
Chacaly	0	0	0	0	0	0	0	0	0	0	0	1	0	0	0	0	0	0	0	0	0	0	0	0	0	0	0	0	0	0	0	0	0	0	0	0	0	0	0	0	0	
Chazey	0	0	0	0	0	0	0	0	0	0	0	1	0	0	0	0	0	0	0	0	0	0	0	0	0	0	0	0	0	0	0	0	0	0	0	0	0	0	0	0	0	
N127	9.94543e-31	2.79095e-26	4.88393e-22	5.29273e-19	4.82028e-15	1.16594e-13	2.82934e-10	2.69275e-07	4.1197e-08	1.07251e-06	0.002683	0.992027	0.00528575	3.1401e-06	9.47227e-10	3.00436e-11	1.78248e-13	7.61804e-15	5.45579e-19	4.3044e-22	2.38995e-26	3.94928e-31	1.38237e-34	8.93725e-37	3.61926e-40	2.61148e-43	2.52859e-45	2.2568e-50	3.92576e-54	1.28368e-57	9.09663e-63	1.22291e-66	8.70622e-72	3.01957e-76	5.4165e-80	1.39713e-82	6.85135e-87	7.77769e-91	3.10805e-94	4.22184e-97	4.26743e-101	
Chadil	0	0	0	0	0	0	0	0	0	0	0	1	0	0	0	0	0	0	0	0	0	0	0	0	0	0	0	0	0	0	0	0	0	0	0	0	0	0	0	0	0	
Chasen	0	0	0	0	0	0	0	0	0	0	0	1	0	0	0	0	0	0	0	0	0	0	0	0	0	0	0	0	0	0	0	0	0	0	0	0	0	0	0	0	0	
Chanam	0	0	0	0	0	0	0	0	0	0	0	1	0	0	0	0	0	0	0	0	0	0	0	0	0	0	0	0	0	0	0	0	0	0	0	0	0	0	0	0	0	
N128	2.91236e-27	2.83108e-25	2.51741e-23	8.12425e-22	2.59821e-19	6.78979e-16	5.05925e-13	1.92189e-10	3.95338e-08	2.24409e-05	0.00508197	0.921677	0.0231928	0.000192919	3.16928e-06	0.00011309	0.000186921	0.0482077	0.00085669	0.000464155	1.47564e-06	3.25409e-10	5.4287e-12	7.55309e-12	8.23781e-14	6.36931e-15	3.83998e-13	9.1063e-16	1.62887e-16	4.0858e-17	2.15507e-20	4.47554e-22	2.7724e-26	6.88527e-29	5.26732e-31	8.35108e-31	9.49344e-34	3.57201e-36	2.24901e-38	1.69011e-38	4.36574e-41	
Riebrev	0	0	0	0	0	0	0	0	0	0	0	0	0	0	0	0	0	0	0	0	0	0	0	0	0	0	0	0	0	0	1	0	0	0	0	0	0	0	0	0	0	
N129	3.36934e-36	6.57651e-31	8.39416e-26	1.29691e-22	2.2383e-18	3.32016e-16	1.67415e-11	3.05187e-12	3.04549e-12	7.02985e-08	0.000545158	9.02467e-06	3.26706e-09	1.7633e-10	2.97146e-07	0.000916249	0.989673	0.00885306	3.28077e-06	7.78284e-10	7.26536e-14	2.29606e-18	1.44457e-22	2.10208e-26	1.24672e-30	7.16236e-35	3.24407e-38	6.55959e-41	6.77913e-42	6.09265e-41	1.01883e-43	8.42467e-42	3.22966e-42	1.03363e-42	2.10057e-41	4.11419e-38	3.23499e-38	4.2152e-38	1.21064e-37	2.2016e-37	7.03165e-36	
N130	7.48227e-44	3.01411e-41	4.43806e-35	4.46672e-31	5.20595e-25	3.51823e-22	1.64983e-16	6.12238e-18	2.04903e-17	1.4069e-11	2.35699e-06	2.63961e-09	3.23148e-14	8.20196e-16	2.54372e-10	4.38081e-05	0.999573	0.000380786	5.73897e-09	2.30303e-14	3.44847e-20	1.53473e-24	3.96437e-29	4.35471e-30	4.30348e-31	4.69394e-33	2.08839e-35	4.88473e-39	1.99176e-41	7.13179e-45	7.35664e-49	2.2485e-48	7.37742e-48	7.02192e-48	2.62911e-46	2.47782e-41	1.11132e-40	1.13316e-40	2.20716e-40	5.27803e-41	1.0355e-39	
N131	1.98593e-42	1.87257e-38	1.23095e-34	1.43348e-32	4.86844e-28	1.06506e-24	4.20199e-19	4.86111e-20	1.61421e-18	1.05141e-12	1.69856e-07	1.05485e-10	8.78567e-16	1.61695e-16	1.29333e-10	3.30627e-05	0.999796	0.00017043	1.71251e-09	4.1132e-15	4.39287e-21	2.05161e-23	8.42673e-27	1.34748e-28	3.70253e-31	2.43791e-35	5.58882e-39	4.14007e-43	4.05464e-44	1.27937e-45	2.41128e-50	7.44989e-53	3.61212e-53	3.66238e-55	6.12764e-57	1.5597e-56	2.46482e-57	1.58424e-59	1.88587e-61	3.2498e-65	1.7482e-67	
Braset	0	0	0	0	0	0	0	0	0	0	0	0	0	0	0	0	1	0	0	0	0	0	0	0	0	0	0	0	0	0	0	0	0	0	0	0	0	0	0	0	0	
N132	1.08384e-41	7.31223e-38	3.5303e-34	3.73471e-32	6.70411e-30	1.46945e-26	7.25835e-21	3.22113e-20	6.05501e-19	1.15904e-13	5.45422e-09	2.33559e-12	1.46315e-16	3.14897e-15	9.12109e-10	8.53509e-05	0.99976	0.000155099	2.9271e-09	1.60352e-14	8.74273e-20	5.73802e-22	3.71651e-25	3.34164e-27	6.56361e-30	4.58345e-34	9.63389e-40	4.23053e-46	4.11739e-51	1.84761e-57	4.39591e-64	3.7829e-61	1.78142e-59	3.36771e-59	3.31723e-56	8.03468e-47	1.09623e-45	1.11349e-45	2.17043e-45	4.62814e-47	1.60361e-44	
N133	3.62652e-55	2.64415e-48	1.09655e-41	1.33957e-37	6.2868e-32	6.57022e-29	9.62545e-23	1.57286e-23	8.7424e-23	4.92801e-17	6.4136e-12	2.59819e-15	1.45242e-17	1.35985e-16	1.16501e-10	3.04942e-05	0.999923	4.65068e-05	2.70913e-10	4.69091e-16	1.11502e-21	3.07766e-25	1.8673e-29	4.66752e-33	2.26165e-37	9.17369e-43	2.00743e-49	6.27384e-57	5.43731e-64	2.7887e-38	7.54264e-40	5.91789e-40	1.03923e-38	1.9595e-38	5.09034e-38	1.35434e-36	6.31744e-36	6.60503e-36	1.2212e-35	6.61072e-37	6.97112e-37	
Bramel	0	0	0	0	0	0	0	0	0	0	0	0	0	0	0	0	1	0	0	0	0	0	0	0	0	0	0	0	0	0	0	0	0	0	0	0	0	0	0	0	0	
Bratha	0	0	0	0	0	0	0	0	0	0	0	0	0	0	0	0	1	0	0	0	0	0	0	0	0	0	0	0	0	0	0	0	0	0	0	0	0	0	0	0	0	
N134	1.93612e-52	3.69562e-46	4.52892e-40	6.7734e-36	1.06891e-30	1.4668e-27	6.71128e-22	7.35003e-22	6.57204e-21	1.11484e-15	4.5141e-11	2.14936e-14	3.17881e-16	4.45662e-15	1.16831e-09	9.65698e-05	0.999754	0.000149028	2.77967e-09	1.53676e-14	1.15555e-19	2.2666e-22	7.6158e-26	1.7105e-28	8.557e-32	3.11582e-36	5.90661e-42	2.58172e-48	1.21264e-53	5.37411e-60	1.06056e-66	6.8518e-72	1.13016e-75	1.07653e-80	1.07098e-85	1.15793e-89	1.48103e-94	1.92074e-100	2.66455e-106	3.44684e-114	3.33461e-121	
Bradra	0	0	0	0	0	0	0	0	0	0	0	0	0	0	0	0	1	0	0	0	0	0	0	0	0	0	0	0	0	0	0	0	0	0	0	0	0	0	0	0	0	
Bratra	0	0	0	0	0	0	0	0	0	0	0	0	0	0	0	0	1	0	0	0	0	0	0	0	0	0	0	0	0	0	0	0	0	0	0	0	0	0	0	0	0	
N135	1.09479e-47	1.08436e-41	7.1156e-36	6.3801e-32	5.71748e-27	4.92312e-24	1.30039e-18	1.01256e-18	5.8834e-18	5.7824e-13	1.36312e-08	8.16818e-12	2.62131e-15	2.19378e-14	3.36898e-09	0.000163814	0.999577	0.00025903	8.40399e-09	8.08375e-14	9.99874e-19	1.41169e-21	5.18328e-25	8.37845e-28	3.09317e-31	1.24057e-35	4.0522e-41	3.08727e-47	1.6355e-52	1.23939e-58	4.10667e-65	2.83286e-70	3.35574e-74	3.56121e-79	3.89354e-84	3.0228e-88	2.89772e-93	4.22851e-99	6.31902e-105	1.42749e-112	1.57589e-119	
Bragut	0	0	0	0	0	0	0	0	0	0	0	0	0	0	0	0	1	0	0	0	0	0	0	0	0	0	0	0	0	0	0	0	0	0	0	0	0	0	0	0	0	
Braven	0	0	0	0	0	0	0	0	0	0	0	0	0	0	0	0	1	0	0	0	0	0	0	0	0	0	0	0	0	0	0	0	0	0	0	0	0	0	0	0	0	
N136	5.44494e-40	1.15045e-34	1.51595e-29	6.20267e-26	9.32764e-22	2.82167e-19	7.28107e-15	8.19363e-15	5.73034e-14	1.66585e-09	1.23163e-05	5.40694e-08	7.47216e-12	1.0386e-12	4.03403e-08	0.000561115	0.997608	0.00181786	2.92319e-07	1.24567e-11	3.14302e-16	6.67544e-19	7.43982e-22	4.19145e-24	5.21768e-27	7.87808e-31	2.46179e-35	1.00683e-40	3.10845e-45	1.34239e-50	1.92822e-56	3.98142e-61	1.32868e-64	7.99003e-69	6.41599e-73	4.75937e-76	4.82659e-80	1.12583e-84	4.15559e-89	9.91395e-95	1.68641e-99	
Brapum	0	0	0	0	0	0	0	0	0	0	0	0	0	0	0	0	1	0	0	0	0	0	0	0	0	0	0	0	0	0	0	0	0	0	0	0	0	0	0	0	0	
Bradam	0	0	0	0	0	0	0	0	0	0	0	0	0	0	0	0	1	0	0	0	0	0	0	0	0	0	0	0	0	0	0	0	0	0	0	0	0	0	0	0	0	
