NODE	1	2	3	4	5	6	7	8	9	10	11	12	13	14	15	16	17	18	19	20	21	22	23	24	25	26	27	28	29	
N1	8.48463e-25	1.80493e-21	2.70479e-18	1.53843e-16	1.35777e-13	1.14722e-13	3.88351e-11	3.9294e-09	1.62122e-10	8.84147e-10	2.42928e-07	1.10572e-05	7.2201e-07	7.34029e-09	2.82276e-10	0.673794	0.281943	0.0442507	1.79421e-13	8.33144e-16	1.92407e-18	2.62805e-21	2.34446e-24	1.4554e-27	6.56492e-31	2.2187e-34	5.74511e-38	1.1615e-41	6.29978e-44	
N2	2.43098e-27	5.59533e-24	9.55568e-21	2.67572e-18	1.27674e-15	1.02488e-14	3.08435e-12	2.59782e-10	2.48501e-11	2.98297e-10	9.66845e-08	9.5435e-06	5.25042e-05	9.23858e-05	0.00077606	0.187972	0.536089	0.270366	0.00459389	2.75932e-05	1.55535e-05	4.70859e-06	2.93679e-07	4.76107e-08	4.19506e-11	1.90872e-13	1.54161e-16	1.35734e-19	1.27743e-20	
N3	7.93213e-37	2.82747e-32	6.90487e-28	3.75578e-25	4.76483e-21	1.60124e-20	4.89126e-17	7.63799e-14	2.49158e-14	7.81791e-13	6.50945e-09	7.35362e-06	3.78081e-06	1.48654e-07	3.84174e-07	0.000565321	0.0724289	0.909933	0.0170161	4.49062e-05	5.40342e-07	5.22023e-09	2.11348e-11	9.35202e-14	2.77826e-17	1.28783e-20	2.51084e-24	1.90141e-28	2.10352e-31	
N4	5.28103e-39	1.52938e-34	3.11463e-30	4.78605e-27	3.74527e-23	2.09863e-21	5.68924e-18	6.15853e-15	2.87705e-14	2.69365e-12	6.60443e-09	1.73727e-06	6.65244e-07	2.98848e-08	1.8828e-07	0.000197694	0.0505309	0.918775	0.0303869	0.000106708	1.98146e-07	1.05739e-09	1.45333e-11	1.2893e-12	1.32572e-14	4.31966e-17	2.52605e-19	2.579e-23	3.27215e-26	
B3088	0	0	0	0	0	0	0	0	0	0	0	0	0	0	0	0	0	1	0	0	0	0	0	0	0	0	0	0	0	
N5	1.07036e-36	8.68101e-33	5.96011e-29	9.70697e-26	2.56391e-22	3.4329e-20	4.53524e-17	2.75374e-14	2.41506e-13	1.53687e-11	9.2999e-09	8.43543e-07	2.86943e-07	5.094e-08	5.6465e-07	0.000254099	0.0481882	0.904546	0.0466861	0.000323563	6.84359e-07	2.16366e-09	9.21825e-11	2.4842e-11	1.35625e-12	1.53829e-14	4.99699e-16	2.21062e-19	9.70565e-22	
BGA709	0	0	0	0	0	0	0	0	0	0	0	0	0	0	0	0	0	1	0	0	0	0	0	0	0	0	0	0	0	
BGA309	0	0	0	0	0	0	0	0	0	0	0	0	0	0	0	0	0	1	0	0	0	0	0	0	0	0	0	0	0	
N6	3.57265e-41	2.77893e-36	1.58709e-31	2.39023e-28	8.745e-24	6.98918e-23	8.84957e-19	4.58311e-15	1.24896e-15	4.4236e-14	2.88701e-10	2.2629e-07	1.47834e-08	3.13296e-10	1.65394e-09	6.98954e-06	0.00844204	0.981437	0.0101012	1.23329e-05	4.80681e-09	3.98692e-12	1.51675e-14	1.34902e-16	2.56357e-19	2.01639e-22	2.19166e-25	1.1726e-29	3.18718e-33	
N7	1.05111e-37	1.5861e-33	1.83395e-29	1.90343e-26	1.16092e-22	2.20888e-21	5.38263e-18	5.33304e-15	3.46388e-15	9.06938e-14	1.09035e-10	2.31683e-08	1.31143e-08	2.88262e-09	1.88026e-08	2.60162e-05	0.0136711	0.961781	0.0244385	8.30728e-05	8.56141e-08	7.18709e-11	5.95165e-13	1.74676e-14	1.53106e-16	6.39895e-19	3.74314e-21	8.03275e-25	6.69159e-28	
B11696	0	0	0	0	0	0	0	0	0	0	0	0	0	0	0	0	0	1	0	0	0	0	0	0	0	0	0	0	0	
B11609	0	0	0	0	0	0	0	0	0	0	0	0	0	0	0	0	0	1	0	0	0	0	0	0	0	0	0	0	0	
N8	3.25402e-48	2.60448e-42	1.12645e-36	3.14258e-33	6.61363e-28	3.30054e-27	1.47731e-22	2.28377e-18	4.56032e-19	3.37743e-17	1.31556e-12	4.10252e-09	5.91651e-11	3.36089e-13	5.18327e-12	1.66354e-07	0.00142601	0.993612	0.00496052	1.73482e-06	1.33626e-10	6.47312e-15	5.42707e-18	4.97101e-20	8.67686e-23	2.51971e-26	8.88187e-28	2.34484e-30	6.33705e-32	
N9	6.50234e-39	1.3156e-35	1.97283e-32	9.99154e-31	1.10843e-27	6.27336e-28	5.90385e-24	5.08072e-20	3.60728e-20	8.03893e-18	2.54298e-13	6.98274e-10	6.81973e-12	7.94188e-14	3.90936e-12	1.26424e-07	0.00117797	0.994042	0.00477844	1.65495e-06	1.28551e-10	4.41842e-15	5.69766e-18	5.7826e-19	1.19684e-20	1.31729e-23	1.7899e-25	2.98163e-30	9.91117e-34	
N10	4.42656e-44	1.41406e-39	4.07365e-35	1.11759e-31	1.66805e-27	8.7333e-26	5.01275e-22	1.15271e-18	2.04365e-18	1.29835e-16	3.36469e-13	1.30452e-10	1.39698e-10	8.89493e-11	1.51482e-09	4.8636e-06	0.00600328	0.981337	0.0126338	2.1019e-05	1.032e-08	3.25041e-12	2.45647e-14	2.05846e-15	4.60474e-17	2.56801e-19	4.24861e-21	4.19815e-25	3.42266e-28	
B985	0	0	0	0	0	0	0	0	0	0	0	0	0	0	0	0	0	1	0	0	0	0	0	0	0	0	0	0	0	
N11	6.82452e-46	6.81481e-41	4.76379e-36	7.14336e-33	3.58911e-28	1.94625e-27	4.10222e-23	4.09169e-19	9.76959e-20	7.698e-18	2.00426e-13	9.75361e-10	2.44477e-10	1.05895e-11	7.85834e-11	7.61707e-07	0.00242732	0.992788	0.0047815	2.91782e-06	5.27607e-10	6.60143e-14	8.40618e-17	4.96756e-19	8.43334e-22	6.14601e-25	6.68022e-28	2.11836e-32	2.60357e-36	
B199	0	0	0	0	0	0	0	0	0	0	0	0	0	0	0	0	0	1	0	0	0	0	0	0	0	0	0	0	0	
B11604	0	0	0	0	0	0	0	0	0	0	0	0	0	0	0	0	0	1	0	0	0	0	0	0	0	0	0	0	0	
N12	1.01571e-45	1.013e-40	7.02039e-36	1.32171e-32	5.34042e-28	5.59405e-27	7.43275e-23	3.79733e-19	1.2945e-19	6.62995e-18	7.36422e-14	1.98761e-10	1.37548e-10	1.49971e-11	1.75428e-10	1.3021e-06	0.00323711	0.988828	0.00792666	7.29248e-06	1.86318e-09	3.15059e-13	7.83511e-16	1.20081e-17	5.09249e-20	7.77661e-23	2.19283e-25	9.38374e-30	2.07017e-33	
BGA89	0	0	0	0	0	0	0	0	0	0	0	0	0	0	0	0	0	1	0	0	0	0	0	0	0	0	0	0	0	
N13	1.74551e-46	9.01458e-42	4.29196e-37	1.15612e-33	2.86993e-29	7.96123e-28	7.96562e-24	3.82172e-20	5.04611e-20	5.21296e-18	4.09505e-14	4.52278e-11	2.45716e-11	7.17122e-12	1.4976e-10	1.15556e-06	0.00306834	0.989654	0.0072702	6.00831e-06	1.36902e-09	1.70078e-13	4.90407e-16	2.84487e-17	4.02828e-19	9.12042e-22	1.00712e-23	4.82084e-28	2.46437e-31	
BGAA2	0	0	0	0	0	0	0	0	0	0	0	0	0	0	0	0	0	1	0	0	0	0	0	0	0	0	0	0	0	
BGA584	0	0	0	0	0	0	0	0	0	0	0	0	0	0	0	0	0	1	0	0	0	0	0	0	0	0	0	0	0	
N14	7.00484e-41	1.70111e-36	3.02838e-32	4.11469e-29	3.83742e-25	7.70791e-24	2.76523e-20	4.04649e-17	2.76448e-17	1.04228e-15	2.96101e-12	2.37452e-09	2.76526e-09	6.51464e-10	5.38482e-09	1.15408e-05	0.00921363	0.973493	0.0172412	4.02341e-05	2.82742e-08	1.47896e-11	9.61782e-14	2.97396e-15	2.6945e-17	1.04742e-19	6.31407e-22	9.07022e-26	5.71875e-29	
BGA304	0	0	0	0	0	0	0	0	0	0	0	0	0	0	0	0	0	1	0	0	0	0	0	0	0	0	0	0	0	
BGAB1	0	0	0	0	0	0	0	0	0	0	0	0	0	0	0	0	0	1	0	0	0	0	0	0	0	0	0	0	0	
PGA445	0	0	0	0	0	0	0	0	0	0	0	0	0	0	0	0	0	1	0	0	0	0	0	0	0	0	0	0	0	
N15	7.97839e-35	1.39557e-29	1.11147e-24	1.22665e-21	1.08582e-17	7.01186e-17	2.99089e-13	1.63736e-10	1.21807e-09	5.10046e-07	0.00206627	0.780064	0.206408	0.0112602	0.000197099	2.33329e-06	1.38177e-06	4.28413e-08	4.01148e-12	8.38693e-17	7.04587e-22	2.97885e-26	1.02217e-29	2.72105e-31	9.94699e-33	1.5165e-34	6.73993e-36	3.92688e-36	1.68628e-34	
N16	4.10629e-31	1.00632e-26	2.11416e-22	1.12604e-18	2.44738e-15	2.97464e-12	1.7633e-09	1.77219e-07	4.34844e-05	0.0102765	0.271429	0.636029	0.0804717	0.00173972	1.02581e-05	7.44737e-08	2.90453e-09	1.39966e-11	3.56493e-15	1.47277e-18	2.80187e-21	8.54927e-25	4.49127e-27	3.64354e-28	1.00801e-28	8.03566e-30	1.04298e-30	3.67923e-33	2.4231e-34	
Rhaspe	0	0	0	0	0	0	0	0	0	1	0	0	0	0	0	0	0	0	0	0	0	0	0	0	0	0	0	0	0	
N17	5.4247e-25	3.02934e-23	3.37092e-20	6.77981e-17	6.66722e-14	3.88586e-11	1.37811e-08	1.18863e-06	0.000139618	0.0164056	0.315373	0.598028	0.068681	0.00136342	7.67803e-06	5.89141e-08	1.64897e-09	1.2191e-10	6.85186e-13	9.50353e-15	4.35109e-17	2.24792e-20	1.49514e-22	3.51897e-25	1.01232e-27	5.65321e-30	1.08243e-31	7.59604e-35	1.0962e-36	
Rhamar	0	0	0	0	0	0	0	0	0	1	0	0	0	0	0	0	0	0	0	0	0	0	0	0	0	0	0	0	0	
Rhatem	0	0	0	0	0	0	0	0	0	0	1	0	0	0	0	0	0	0	0	0	0	0	0	0	0	0	0	0	0	
N18	6.52918e-39	5.85741e-34	2.51426e-29	2.71278e-26	5.59609e-21	8.32817e-20	8.68563e-15	2.17787e-10	1.84282e-10	3.40906e-08	0.000751386	0.90282	0.0954382	0.000981866	5.5145e-06	1.0158e-06	1.51193e-06	5.36344e-08	7.15961e-11	1.28148e-13	3.56028e-16	6.45736e-20	1.07465e-23	1.84242e-26	7.27108e-29	1.99338e-30	1.05791e-32	1.84317e-35	5.26836e-36	
N19	2.32457e-37	8.91698e-32	2.12474e-26	5.15253e-23	5.97111e-18	1.01336e-16	3.46605e-12	1.0662e-08	3.85718e-09	6.02428e-07	0.00432786	0.975739	0.019243	1.83497e-05	2.01208e-06	1.19479e-05	0.000128482	0.000526372	2.46558e-06	7.19795e-09	3.26951e-12	2.34985e-16	5.109e-20	8.91479e-24	1.90244e-27	6.31803e-31	5.83875e-34	1.19883e-38	2.09226e-41	
N20	1.21836e-31	2.52356e-27	3.89086e-23	7.59844e-20	3.72893e-16	4.679e-14	1.03884e-10	4.15685e-08	3.69289e-07	3.93677e-05	0.0239861	0.94975	0.0253449	0.000202804	4.53561e-05	0.000219213	0.000344111	6.8001e-05	1.48817e-07	1.12034e-10	3.51562e-14	6.05356e-18	8.69378e-21	3.42349e-22	4.22329e-24	1.47763e-26	1.61571e-28	1.70691e-32	1.38487e-35	
FGA379	0	0	0	0	0	0	0	0	0	0	0	0	0	0	0	0	1	0	0	0	0	0	0	0	0	0	0	0	0	
N21	3.6975e-30	7.4556e-26	1.09436e-21	1.61999e-18	8.88814e-15	5.26533e-13	8.30681e-10	5.84796e-07	2.0154e-06	5.18769e-05	0.0172331	0.937032	0.0450223	0.000540114	0.000105086	1.2659e-05	5.37893e-07	5.99974e-09	2.82974e-12	4.88887e-16	4.24821e-20	5.3171e-24	1.06317e-26	1.06552e-28	2.85849e-31	2.43244e-34	4.85394e-37	2.17644e-41	2.55094e-44	
N22	3.53345e-33	5.60376e-28	4.94621e-23	1.16273e-19	1.60611e-15	2.10709e-13	3.1454e-10	1.76002e-07	8.02253e-07	0.000134296	0.017898	0.921236	0.0601402	0.00058603	4.13143e-06	2.17106e-08	3.06037e-11	2.96913e-14	1.48684e-18	5.52267e-22	6.14149e-24	2.21201e-25	1.54679e-26	2.44333e-27	6.24959e-29	2.83388e-30	1.79336e-31	5.52286e-34	3.7884e-35	
N23	1.176e-35	3.98259e-31	1.0427e-25	4.75785e-22	2.80863e-17	2.93338e-15	7.47635e-11	3.71844e-08	9.8976e-08	3.04903e-05	0.0244093	0.950267	0.0252489	4.46644e-05	3.65903e-08	1.7189e-11	1.98898e-15	3.76205e-19	3.75786e-23	1.70202e-26	4.51345e-28	4.84171e-30	2.03968e-31	7.38668e-33	2.73414e-35	8.6208e-37	1.86209e-38	9.50787e-41	1.35905e-41	
F3016	0	0	0	0	0	0	0	0	0	0	1	0	0	0	0	0	0	0	0	0	0	0	0	0	0	0	0	0	0	
N24	2.94959e-35	1.22008e-31	6.75841e-27	5.7017e-23	4.56811e-18	7.38062e-16	1.05772e-11	8.18103e-09	6.08683e-08	1.26333e-05	0.0240522	0.956278	0.0196463	1.12879e-05	2.0225e-09	1.0525e-12	9.17437e-16	4.17416e-18	2.38659e-22	5.4234e-26	1.29951e-29	1.89174e-32	6.42646e-34	1.04366e-35	1.54654e-37	5.71888e-39	2.58499e-39	6.18191e-42	5.23687e-43	
N25	4.98271e-35	1.34069e-31	3.59045e-27	3.01739e-23	1.32234e-18	3.96081e-16	1.88422e-12	6.28754e-09	5.94395e-08	1.02374e-05	0.0153472	0.96274	0.0218948	8.13183e-06	2.53376e-09	4.65484e-11	6.52883e-14	1.9751e-16	5.89993e-21	1.90618e-24	2.76049e-29	1.68957e-34	7.1024e-36	3.39662e-33	4.32841e-34	1.66042e-35	3.69096e-36	3.51606e-39	2.30165e-40	
N26	1.06053e-44	5.57576e-38	6.0143e-31	6.61773e-27	6.22301e-21	1.02386e-18	4.54147e-13	3.548e-10	1.42008e-10	1.47342e-06	0.0230104	0.973673	0.00331493	1.59298e-07	1.50873e-12	2.94553e-16	2.95504e-20	1.03593e-23	2.58144e-29	1.15355e-32	4.85434e-36	5.19534e-40	4.7639e-41	5.01172e-38	1.31776e-37	1.95882e-37	3.86016e-36	4.47592e-37	1.19522e-36	
N27	3.67665e-36	1.90901e-32	6.18916e-29	1.8074e-26	3.15842e-21	4.45101e-18	1.73004e-13	4.23843e-11	1.30959e-09	1.16103e-05	0.0344168	0.961855	0.00371554	6.53815e-07	1.75211e-11	3.46282e-13	3.47288e-16	5.12127e-18	3.10925e-23	4.18063e-27	2.54151e-32	3.61727e-36	5.59242e-38	5.9272e-38	1.08766e-39	4.14157e-41	5.47636e-41	1.70151e-44	7.80734e-46	
F1476	0	0	0	0	0	0	0	0	0	0	1	0	0	0	0	0	0	0	0	0	0	0	0	0	0	0	0	0	0	
N28	1.07898e-35	5.96827e-32	2.17487e-28	2.06566e-25	1.04283e-20	5.11575e-17	4.4603e-13	5.74806e-10	7.29906e-08	0.000102594	0.0392762	0.949902	0.010705	1.4026e-05	4.83594e-09	1.83634e-10	2.14371e-13	1.36305e-15	7.30541e-21	3.49454e-24	3.04891e-27	3.08814e-30	1.46533e-31	1.92396e-31	3.66997e-33	1.36406e-34	7.69456e-35	2.29502e-38	7.18086e-40	
Furcep	0	0	0	0	0	0	0	0	0	0	0	0	0	1	0	0	0	0	0	0	0	0	0	0	0	0	0	0	0	
N29	1.67463e-33	2.44518e-30	3.08766e-27	1.5699e-23	8.96136e-19	8.52379e-16	2.75128e-11	2.93688e-09	4.91131e-08	4.09449e-05	0.0778244	0.917464	0.00466788	2.20103e-06	2.6554e-10	1.04095e-12	4.26756e-16	5.73442e-18	5.03549e-22	2.51003e-25	1.37384e-29	1.00348e-34	1.86262e-38	1.88864e-41	4.0554e-46	7.07768e-50	1.62615e-52	3.64773e-55	3.61941e-54	
Furpol	0	0	0	0	0	0	0	0	0	0	0	1	0	0	0	0	0	0	0	0	0	0	0	0	0	0	0	0	0	
N30	3.15831e-36	5.62106e-31	6.34216e-26	6.25602e-22	6.91499e-18	9.9306e-15	2.09083e-10	4.83834e-10	2.96296e-08	0.000356414	0.814576	0.184903	0.00016402	2.45676e-08	1.52368e-12	2.94001e-15	4.89565e-18	2.91409e-20	9.38895e-25	1.78781e-28	3.82975e-33	2.1206e-38	1.15517e-42	4.92276e-46	6.08486e-50	1.0646e-53	1.17966e-56	6.45206e-59	2.58612e-58	
N31	1.25925e-36	2.81204e-31	4.09749e-26	5.3895e-22	7.95105e-18	1.53591e-14	4.38447e-10	7.71048e-10	4.55804e-08	0.000549886	0.966567	0.0328721	1.08576e-05	7.96751e-10	2.64565e-13	1.32381e-15	8.05022e-19	9.70089e-22	1.31664e-26	1.30159e-30	1.38983e-35	1.71329e-40	2.23167e-44	2.1191e-47	7.82461e-52	4.53888e-56	9.84785e-60	1.05707e-65	2.9553e-70	
F2241	0	0	0	0	0	0	0	0	0	0	1	0	0	0	0	0	0	0	0	0	0	0	0	0	0	0	0	0	0	
Furang	0	0	0	0	0	0	0	0	0	0	1	0	0	0	0	0	0	0	0	0	0	0	0	0	0	0	0	0	0	
FGA490	0	0	0	0	0	0	0	0	0	0	1	0	0	0	0	0	0	0	0	0	0	0	0	0	0	0	0	0	0	
N32	1.92332e-41	2.10857e-35	1.56919e-29	1.67329e-25	3.71658e-20	6.63101e-18	8.98694e-13	7.21393e-10	7.24841e-10	3.28425e-06	0.0351262	0.964204	0.000666688	4.14715e-08	1.53544e-12	4.51885e-15	1.98608e-18	3.95167e-21	2.73753e-26	1.61793e-30	5.85621e-36	8.77385e-42	2.22278e-44	4.35945e-43	2.91739e-44	3.13265e-46	3.05708e-47	6.30893e-50	1.03409e-47	
N33	9.23549e-40	5.65721e-34	2.21626e-28	2.00563e-24	2.11176e-19	3.30655e-17	1.11699e-12	1.87673e-09	1.82982e-08	3.33491e-06	0.0309349	0.967955	0.00110646	1.09423e-07	3.82618e-11	4.92952e-13	3.59677e-16	7.83036e-19	5.84756e-24	5.58197e-28	2.92155e-33	1.90123e-38	1.66608e-41	9.79042e-41	7.49572e-40	1.90004e-41	3.06458e-42	9.34387e-46	1.69582e-47	
N34	1.15407e-42	3.28617e-36	4.68484e-30	6.21843e-26	2.13999e-20	1.88743e-18	2.57299e-14	2.48663e-09	1.58635e-08	1.68064e-07	0.00171965	0.993281	0.00499705	1.70471e-06	2.02006e-09	1.4514e-11	4.1359e-15	9.70792e-19	1.76066e-24	9.37656e-29	2.42057e-32	7.46777e-35	1.1595e-36	2.55576e-37	1.1314e-39	8.79246e-42	1.77405e-43	1.70572e-47	3.22432e-47	
N35	1.15337e-35	3.06943e-32	8.97593e-29	3.91414e-25	8.23612e-20	2.21849e-18	9.89851e-14	1.63036e-09	7.90612e-10	3.70931e-08	0.00064996	0.996951	0.0023989	3.68307e-07	4.15523e-11	1.04653e-13	9.47734e-17	9.07863e-19	2.29649e-23	6.08703e-27	7.56314e-32	4.35889e-37	5.179e-41	1.75073e-44	7.46203e-49	8.7976e-53	1.66611e-55	2.02533e-59	2.82989e-59	
N36	3.2014e-38	7.74939e-33	1.13109e-27	3.80075e-24	3.08448e-19	3.4682e-18	1.01192e-13	1.44215e-09	6.64235e-10	3.99865e-08	0.00054748	0.998177	0.00127506	1.8835e-07	1.33023e-11	6.99329e-14	1.20501e-16	8.65482e-19	1.47364e-23	1.99309e-27	2.41332e-32	8.59604e-38	4.805e-42	4.07692e-45	3.60832e-49	4.40981e-53	3.95854e-56	4.97433e-62	1.80835e-66	
FGA456	0	0	0	0	0	0	0	0	0	0	0	1	0	0	0	0	0	0	0	0	0	0	0	0	0	0	0	0	0	
FGA516	0	0	0	0	0	0	0	0	0	0	0	1	0	0	0	0	0	0	0	0	0	0	0	0	0	0	0	0	0	
F12278	0	0	0	0	0	0	0	0	0	0	0	1	0	0	0	0	0	0	0	0	0	0	0	0	0	0	0	0	0	
N37	4.3969e-36	8.96506e-31	1.16548e-25	1.39868e-21	1.38635e-17	8.87379e-15	2.25047e-12	2.33822e-08	2.22174e-06	1.79537e-05	0.000729399	0.833267	0.161988	0.00399324	1.98889e-06	3.92434e-08	1.3124e-10	1.49981e-12	4.20697e-17	7.32638e-21	1.39105e-25	1.16444e-30	1.99773e-34	3.95688e-37	5.06004e-41	9.6436e-45	1.19642e-47	2.41904e-53	1.11622e-57	
Furant	0	0	0	0	0	0	0	0	0	0	0	1	0	0	0	0	0	0	0	0	0	0	0	0	0	0	0	0	0	
FGA331	0	0	0	0	0	0	0	0	0	0	0	0	0	1	0	0	0	0	0	0	0	0	0	0	0	0	0	0	0	
FGA465	0	0	0	0	0	0	0	0	0	0	1	0	0	0	0	0	0	0	0	0	0	0	0	0	0	0	0	0	0	
N38	1.52947e-37	4.4876e-32	8.36418e-27	6.47498e-23	2.29765e-18	1.22136e-15	4.36315e-11	2.05431e-09	1.01587e-08	7.37068e-05	0.238086	0.76139	0.000449522	4.43213e-08	3.54019e-12	1.59291e-14	2.05906e-17	8.80769e-20	1.21514e-24	9.77249e-29	9.50256e-34	4.4343e-39	6.39559e-41	1.73433e-39	8.90233e-41	2.70565e-42	5.53414e-43	2.76385e-46	3.45795e-48	
FGA99	0	0	0	0	0	0	0	0	0	0	1	0	0	0	0	0	0	0	0	0	0	0	0	0	0	0	0	0	0	
N39	2.65497e-36	5.09414e-31	5.99097e-26	4.40461e-22	1.1957e-17	2.71298e-15	6.27521e-11	1.234e-08	1.04202e-07	8.13865e-05	0.2497	0.749745	0.000473562	5.05104e-08	4.17632e-11	5.92732e-13	6.54193e-16	1.49052e-18	2.40327e-23	4.30151e-27	5.82197e-32	1.71678e-36	5.17754e-40	1.62879e-42	1.39738e-46	2.05225e-50	1.36472e-53	3.05171e-59	3.11258e-63	
FGA15	0	0	0	0	0	0	0	0	0	0	1	0	0	0	0	0	0	0	0	0	0	0	0	0	0	0	0	0	0	
FGA581	0	0	0	0	0	0	0	0	0	0	0	1	0	0	0	0	0	0	0	0	0	0	0	0	0	0	0	0	0	
FGA104	0	0	0	0	0	0	0	0	0	0	0	0	1	0	0	0	0	0	0	0	0	0	0	0	0	0	0	0	0	
FGA489	0	0	0	0	0	0	0	0	0	0	1	0	0	0	0	0	0	0	0	0	0	0	0	0	0	0	0	0	0	
FGA174	0	0	0	0	0	0	0	0	0	0	0	0	0	1	0	0	0	0	0	0	0	0	0	0	0	0	0	0	0	
FurbGB	0	0	0	0	0	0	0	0	0	0	0	1	0	0	0	0	0	0	0	0	0	0	0	0	0	0	0	0	0	
N40	1.23972e-36	3.72485e-32	3.08649e-27	1.44625e-23	4.48861e-19	4.73443e-17	4.78425e-13	4.75716e-10	6.72869e-10	2.59936e-07	0.00129086	0.225708	0.00378979	3.8572e-06	6.52467e-07	6.74016e-05	0.00591231	0.750183	0.0126018	0.000441211	6.72693e-07	1.47918e-10	4.67839e-13	1.70958e-15	2.66338e-18	7.49925e-21	2.74037e-22	1.69544e-26	4.03331e-29	
N41	5.98045e-35	1.84316e-30	4.22709e-26	1.25067e-22	9.83507e-19	1.67714e-16	8.30904e-13	3.7526e-10	2.02635e-09	6.21846e-07	0.000860029	0.0378181	0.000633685	3.07613e-06	8.51257e-07	0.000181997	0.0362946	0.905509	0.0184455	0.000251635	4.55232e-07	2.06778e-10	4.3133e-13	1.36988e-14	2.06691e-16	1.36006e-18	3.58547e-20	5.18239e-24	9.10599e-27	
N42	4.90798e-36	3.82529e-31	2.10867e-26	5.64759e-23	6.61686e-19	1.1199e-16	1.28415e-12	3.3668e-11	2.26605e-10	1.56284e-07	0.000142007	0.00033734	2.4434e-06	8.14806e-07	9.12621e-06	0.00712357	0.384724	0.604023	0.00363277	4.03258e-06	1.47376e-09	2.52416e-13	2.07032e-16	1.21244e-18	2.26161e-21	1.92713e-24	2.48953e-27	1.24911e-28	1.51692e-28	
CGA312	0	0	0	0	0	0	0	0	0	0	0	0	0	0	0	0	0	1	0	0	0	0	0	0	0	0	0	0	0	
N43	3.68098e-42	1.84114e-37	8.81186e-32	1.71748e-27	1.09579e-22	8.89246e-20	3.4948e-15	3.83066e-14	6.90593e-12	2.80848e-08	1.08508e-05	1.01037e-05	8.60952e-07	3.59712e-07	3.27915e-05	0.0225168	0.568355	0.40864	0.000433062	4.38494e-08	9.78318e-13	7.49728e-18	2.94377e-22	1.63061e-24	4.25795e-25	1.70422e-26	4.87597e-27	9.43051e-30	1.87953e-31	
N44	1.75915e-43	6.88034e-41	4.45143e-36	1.32423e-32	1.38527e-27	6.17739e-23	2.80551e-18	2.23882e-17	5.3358e-14	2.39798e-09	2.82302e-07	2.21107e-07	8.78802e-08	4.51596e-07	0.00154204	0.166909	0.824277	0.007271	1.07594e-07	1.89211e-13	8.42036e-20	1.02861e-26	7.14658e-32	8.16228e-33	1.06824e-31	1.64167e-31	3.66712e-30	1.7474e-31	1.57036e-31	
N45	1.06513e-42	1.31564e-38	1.0212e-34	3.41218e-32	5.38221e-29	6.92219e-25	2.43815e-19	3.89636e-17	1.60711e-14	2.49763e-10	2.34419e-08	4.98925e-08	7.32171e-08	2.31254e-07	0.00110366	0.160538	0.833765	0.00459228	2.05484e-07	3.70289e-12	4.55374e-15	2.78857e-17	8.12353e-21	8.29827e-24	2.36492e-27	6.43714e-29	8.11937e-31	1.58794e-34	9.82462e-36	
N46	3.78057e-46	2.43755e-40	8.76532e-35	3.56591e-31	2.17356e-26	5.03006e-24	3.86528e-19	6.01976e-18	3.77064e-18	7.73492e-14	1.60216e-09	8.60157e-09	2.76353e-10	8.86834e-10	8.30824e-06	0.0335496	0.943412	0.0230251	5.37435e-06	3.42151e-10	3.08484e-13	3.1615e-16	1.04643e-19	5.02267e-23	2.11977e-27	6.43576e-30	2.61843e-32	4.69258e-35	3.16743e-36	
CGA642	0	0	0	0	0	0	0	0	0	0	0	0	0	0	0	0	1	0	0	0	0	0	0	0	0	0	0	0	0	
N47	1.95713e-38	5.80421e-35	1.26982e-31	1.34264e-29	1.02382e-26	2.74867e-25	8.79733e-21	5.86024e-19	2.22255e-17	7.04545e-14	6.75908e-10	3.21554e-09	1.05289e-10	4.07895e-09	3.83499e-06	0.038328	0.928011	0.0336528	4.64883e-06	1.45441e-10	1.33615e-14	2.66384e-16	3.64444e-19	7.79135e-21	1.06695e-23	3.04623e-27	4.99765e-32	1.05566e-37	7.57369e-41	
CGA763	0	0	0	0	0	0	0	0	0	0	0	0	0	0	0	1	0	0	0	0	0	0	0	0	0	0	0	0	0	
C601	0	0	0	0	0	0	0	0	0	0	0	0	0	0	0	0	0	1	0	0	0	0	0	0	0	0	0	0	0	
N48	4.64038e-38	1.44779e-34	3.34086e-31	1.35193e-28	1.48899e-26	3.6378e-23	1.39887e-19	5.00008e-17	8.46147e-14	1.07445e-10	8.38183e-09	4.25565e-08	7.68868e-08	2.37741e-06	0.00190868	0.175313	0.819492	0.00328431	4.04802e-07	1.07743e-11	1.19676e-15	3.50916e-17	4.28808e-20	7.68931e-22	6.95502e-25	5.66451e-28	2.11693e-29	1.93857e-32	2.37377e-33	
CGA236	0	0	0	0	0	0	0	0	0	0	0	0	0	0	0	0	1	0	0	0	0	0	0	0	0	0	0	0	0	
N49	1.27933e-33	1.3772e-30	1.12364e-27	1.4335e-25	9.57075e-25	1.47282e-21	1.62344e-18	1.34106e-15	1.77619e-12	1.70496e-10	5.23723e-09	3.10542e-08	8.54234e-07	0.000332925	0.0221286	0.296483	0.678039	0.00301446	8.86998e-07	6.65912e-11	5.34055e-15	1.61025e-16	6.77e-19	2.55508e-20	1.31858e-22	8.88752e-26	5.81226e-30	4.77793e-35	6.86234e-38	
N50	1.35715e-38	1.03969e-33	5.44437e-29	3.08306e-25	1.65786e-21	5.43945e-19	1.03483e-16	3.26988e-13	1.31748e-11	1.45115e-10	1.27644e-08	2.87479e-05	0.00164636	0.015938	0.0277121	0.324547	0.605265	0.0248499	1.2247e-05	1.85878e-09	6.93996e-12	6.34275e-14	1.34181e-16	8.03988e-19	5.03239e-22	2.5726e-25	1.5784e-29	3.20894e-34	5.57216e-37	
Calboe	0	0	0	0	0	0	0	0	0	0	0	0	0	1	0	0	0	0	0	0	0	0	0	0	0	0	0	0	0	
C3125	0	0	0	0	0	0	0	0	0	0	0	0	0	0	0	0	0	1	0	0	0	0	0	0	0	0	0	0	0	
CGA429	0	0	0	0	0	0	0	0	0	0	0	0	0	0	1	0	0	0	0	0	0	0	0	0	0	0	0	0	0	
N51	1.51506e-36	9.15712e-33	3.69929e-29	3.49194e-26	1.48033e-24	1.67672e-21	9.48134e-19	4.5302e-16	3.08861e-11	1.43553e-08	8.47413e-09	8.76717e-09	1.8329e-07	0.00179927	0.424547	0.499822	0.0737331	9.83535e-05	2.33918e-09	1.71761e-14	5.64849e-20	1.73359e-23	1.59442e-26	3.90067e-27	2.61746e-27	9.58613e-29	3.60788e-30	1.57837e-33	3.96134e-35	
C985	0	0	0	0	0	0	0	0	0	0	0	0	0	1	0	0	0	0	0	0	0	0	0	0	0	0	0	0	0	
N52	1.83755e-34	1.98251e-31	1.67291e-28	4.3199e-26	1.8573e-24	1.09403e-20	8.80676e-18	1.33792e-15	1.39448e-11	5.17593e-09	2.06155e-09	2.34349e-09	7.88214e-07	0.00334128	0.562763	0.405473	0.0284023	1.92061e-05	1.40468e-09	3.55479e-14	3.69114e-17	6.75578e-19	1.0473e-21	1.71114e-23	2.46822e-26	1.55121e-29	1.19746e-33	6.19082e-39	8.74576e-42	
CGA310	0	0	0	0	0	0	0	0	0	0	0	0	0	0	1	0	0	0	0	0	0	0	0	0	0	0	0	0	0	
N53	3.19188e-39	2.13893e-34	9.94714e-30	1.15893e-25	1.4589e-22	7.21152e-19	4.07175e-17	4.52551e-15	1.92779e-11	1.11248e-09	7.60161e-10	2.00443e-08	4.96701e-05	0.0679918	0.867291	0.0642269	0.000440526	2.07664e-07	3.08583e-11	3.20546e-15	2.1606e-17	9.70622e-20	1.08075e-22	2.78809e-25	5.98623e-29	2.19463e-32	1.17525e-36	2.54875e-41	4.67716e-44	
CGA382	0	0	0	0	0	0	0	0	0	0	0	0	0	0	1	0	0	0	0	0	0	0	0	0	0	0	0	0	0	
CGA494	0	0	0	0	0	0	0	0	0	0	0	0	0	1	0	0	0	0	0	0	0	0	0	0	0	0	0	0	0	
N54	8.13572e-42	3.30981e-36	7.72142e-31	4.95021e-27	1.35533e-22	8.13105e-20	2.92402e-16	8.67975e-14	1.17241e-12	6.03539e-11	7.45887e-08	1.87809e-07	1.49685e-07	6.78319e-07	1.90633e-05	0.00666072	0.377039	0.601581	0.0146934	5.11985e-06	1.65087e-09	6.97099e-12	9.78037e-15	2.40641e-17	5.79557e-21	9.16113e-24	1.59726e-25	4.35304e-28	2.16091e-29	
N55	2.47301e-37	5.46077e-34	9.26032e-31	3.38736e-28	7.6184e-24	3.55602e-21	8.47997e-17	6.13106e-15	2.60176e-13	2.88544e-11	3.22388e-08	9.69841e-08	8.57743e-08	4.6169e-07	9.74133e-06	0.0141917	0.410725	0.571403	0.00366979	5.43601e-07	3.00349e-11	7.75435e-15	1.74299e-18	5.82203e-21	2.66983e-23	1.18249e-26	2.19609e-29	1.61867e-33	3.4657e-37	
C12265	0	0	0	0	0	0	0	0	0	0	0	0	0	0	0	0	0	1	0	0	0	0	0	0	0	0	0	0	0	
N56	1.00521e-46	2.10254e-44	1.85594e-37	4.16084e-33	7.58527e-28	2.50339e-24	1.55039e-19	2.21867e-20	1.46147e-16	8.35256e-12	5.19652e-10	3.27476e-12	3.81861e-12	1.18362e-07	0.00547548	0.968146	0.0262757	0.000102493	6.99782e-09	6.83642e-14	1.52601e-19	1.2673e-25	4.28244e-30	8.75164e-31	7.56948e-32	1.69649e-33	1.41347e-34	1.66192e-37	1.17088e-39	
C404	0	0	0	0	0	0	0	0	0	0	0	0	0	0	1	0	0	0	0	0	0	0	0	0	0	0	0	0	0	
N57	5.35777e-42	2.93184e-38	1.17668e-34	3.11659e-32	1.58281e-29	5.85498e-27	1.06221e-21	1.78482e-21	3.99317e-18	2.12e-13	3.31887e-11	3.34851e-13	5.10811e-13	4.17401e-08	0.00177564	0.986361	0.0118516	1.16677e-05	3.20497e-10	2.29455e-15	7.38884e-19	8.7984e-21	2.57785e-24	2.63756e-27	1.78532e-31	2.17037e-35	1.12566e-39	9.57773e-46	1.07553e-49	
Cl11778	0	0	0	0	0	0	0	0	0	0	0	0	0	0	0	1	0	0	0	0	0	0	0	0	0	0	0	0	0	
CGA594	0	0	0	0	0	0	0	0	0	0	0	0	0	0	0	1	0	0	0	0	0	0	0	0	0	0	0	0	0	
C3134	0	0	0	0	0	0	0	0	0	0	0	0	0	0	0	0	0	0	1	0	0	0	0	0	0	0	0	0	0	
N58	2.39212e-37	4.45613e-32	4.85735e-27	4.22106e-24	2.28812e-19	1.21387e-18	6.82387e-15	3.58179e-11	1.05408e-11	3.80409e-11	2.42567e-07	0.000136465	3.43159e-06	1.47052e-09	3.0524e-10	1.54756e-06	0.00356122	0.941721	0.0545033	7.31371e-05	2.39511e-08	6.07964e-12	7.30596e-15	1.68372e-17	1.07723e-20	3.62793e-24	1.50089e-26	1.28365e-28	3.98277e-30	
CGA311	0	0	0	0	0	0	0	0	0	0	0	0	0	0	0	0	0	1	0	0	0	0	0	0	0	0	0	0	0	
N59	3.8445e-39	1.41705e-35	9.3775e-31	5.55216e-27	1.85139e-22	1.92129e-20	8.10581e-17	4.03078e-13	1.71417e-13	2.71174e-12	2.01773e-08	1.96902e-05	5.83204e-07	1.68466e-10	1.96577e-10	4.0388e-07	0.00230448	0.938547	0.0590816	4.58214e-05	6.67809e-09	4.72267e-13	2.68897e-16	1.23908e-17	1.15364e-19	9.11004e-23	5.77854e-25	1.48795e-29	4.89094e-33	
N60	1.1255e-45	8.55746e-40	3.38542e-34	1.40306e-30	1.37681e-25	2.8014e-24	1.46482e-19	1.21964e-16	6.36568e-17	5.0658e-14	1.42883e-09	2.5267e-07	5.55083e-10	3.78554e-13	3.37553e-11	1.32568e-06	0.011625	0.983121	0.00525194	9.08968e-07	3.77347e-11	5.97106e-16	1.94805e-20	1.1207e-22	1.83315e-25	6.62874e-29	7.36667e-30	6.05801e-32	1.40736e-33	
CGA45	0	0	0	0	0	0	0	0	0	0	0	0	0	0	0	0	1	0	0	0	0	0	0	0	0	0	0	0	0	
N61	1.22802e-39	3.38754e-36	6.88728e-33	3.48133e-31	1.33511e-27	1.20286e-26	5.17008e-22	1.20819e-17	9.19368e-18	1.46234e-15	3.85554e-11	2.50581e-08	2.96539e-11	1.83761e-13	7.99343e-12	3.44628e-07	0.00377792	0.993311	0.00291019	4.82397e-07	1.90921e-11	8.0948e-16	1.99395e-18	8.2986e-20	6.92669e-22	3.1683e-25	4.49009e-28	6.67364e-33	1.31763e-36	
N62	1.25667e-48	4.63866e-43	1.14408e-37	4.05434e-34	6.86364e-29	5.11185e-28	2.87655e-23	6.42485e-19	1.21299e-19	8.82609e-18	2.21289e-13	5.52217e-10	2.01904e-12	1.20629e-13	2.22682e-12	7.82776e-08	0.000832775	0.997827	0.00133973	2.13635e-07	9.74735e-12	3.61377e-16	4.16971e-19	4.1006e-21	9.81124e-24	4.2109e-27	6.70833e-30	5.41165e-35	4.02152e-39	
C3043	0	0	0	0	0	0	0	0	0	0	0	0	0	0	0	0	0	1	0	0	0	0	0	0	0	0	0	0	0	
CGA368	0	0	0	0	0	0	0	0	0	0	0	0	0	0	0	0	0	1	0	0	0	0	0	0	0	0	0	0	0	
CGA364	0	0	0	0	0	0	0	0	0	0	0	0	0	0	0	0	0	1	0	0	0	0	0	0	0	0	0	0	0	
C2208	0	0	0	0	0	0	0	0	0	0	0	0	0	0	0	0	0	0	1	0	0	0	0	0	0	0	0	0	0	
N63	6.53735e-32	1.65986e-27	3.04729e-23	1.92195e-20	2.05444e-16	8.90445e-16	3.54239e-12	4.17634e-09	4.35522e-10	9.52938e-09	1.49423e-05	0.00216112	2.03035e-05	2.38569e-08	1.97037e-08	2.29395e-05	0.0126572	0.970283	0.0147978	4.22559e-05	4.38761e-08	2.33657e-11	4.16852e-14	1.84486e-16	3.18007e-19	3.82647e-22	4.21469e-25	5.4703e-29	1.7393e-32	
N64	2.37659e-40	6.36251e-35	1.06484e-29	2.0298e-26	1.66273e-21	1.8107e-20	5.08157e-16	4.72786e-13	1.56482e-14	7.94918e-12	1.28605e-07	2.69378e-05	2.90136e-08	4.32231e-12	1.20458e-10	2.51529e-06	0.0127007	0.985208	0.00206142	5.13755e-07	3.61853e-11	1.28935e-15	4.14436e-19	1.86416e-21	2.02335e-24	5.25262e-28	3.83683e-31	4.36843e-36	6.18919e-38	
CGA453	0	0	0	0	0	0	0	0	0	0	0	0	0	0	0	0	0	1	0	0	0	0	0	0	0	0	0	0	0	
N65	1.97276e-41	1.27641e-37	9.89764e-34	3.00531e-30	2.51262e-25	1.98263e-23	1.15038e-18	1.47443e-16	1.02749e-16	3.18308e-13	1.24331e-08	5.36842e-07	1.23213e-10	1.07691e-13	6.33885e-11	3.61022e-06	0.0463694	0.953254	0.00037217	2.1668e-08	3.92654e-13	4.02611e-18	1.41354e-21	1.44643e-23	3.63068e-26	1.12685e-29	2.15078e-32	8.20995e-38	4.23974e-42	
CGA501	0	0	0	0	0	0	0	0	0	0	0	0	0	0	0	0	0	1	0	0	0	0	0	0	0	0	0	0	0	
C3121	0	0	0	0	0	0	0	0	0	0	0	0	0	0	0	0	1	0	0	0	0	0	0	0	0	0	0	0	0	
Calparcri	0	0	0	0	0	0	0	0	0	0	0	0	0	0	0	0	0	1	0	0	0	0	0	0	0	0	0	0	0	
N66	1.00478e-36	5.07048e-33	1.76606e-29	2.24592e-27	5.15635e-22	1.35217e-19	5.91905e-15	2.75882e-11	1.33426e-10	8.05661e-08	0.00127359	0.919254	0.0788694	0.000596002	4.39149e-06	9.46886e-07	1.52292e-06	1.78418e-07	9.35553e-10	3.9671e-12	3.80654e-15	2.47379e-19	1.52566e-22	1.0665e-25	4.61406e-29	1.09056e-30	1.24252e-32	4.62148e-35	4.05373e-36	
N67	1.22395e-33	7.72151e-29	3.25969e-24	6.98955e-21	1.37264e-16	4.10647e-15	2.28086e-11	4.91463e-08	5.8544e-08	1.91726e-06	0.004122	0.951803	0.0408289	0.000100623	7.88972e-07	1.00388e-06	4.88168e-05	0.0029831	0.000106953	2.59919e-06	7.60839e-09	3.84663e-12	6.84259e-15	1.48418e-17	2.03026e-20	4.86199e-23	3.65443e-25	4.25947e-29	5.35076e-32	
N68	6.45151e-32	2.28607e-27	5.68986e-23	7.58749e-20	1.00603e-15	1.59182e-14	7.25179e-11	1.41112e-07	8.69079e-08	2.32192e-06	0.00426927	0.974301	0.0181365	3.05456e-05	3.64628e-07	5.81798e-06	0.000317921	0.00289271	4.29864e-05	1.31453e-07	1.10539e-10	3.43664e-14	2.64806e-17	3.46598e-19	1.74162e-21	3.69872e-24	1.40422e-26	1.53646e-30	7.61898e-34	
N69	2.39718e-32	8.7892e-28	2.16389e-23	3.36011e-20	3.68718e-16	7.09039e-15	2.58333e-11	4.40707e-08	4.16695e-08	1.58922e-06	0.00355749	0.981023	0.0121443	1.47346e-05	2.57257e-06	7.89035e-05	0.000929687	0.00224127	6.38478e-06	3.59e-09	7.11075e-13	7.39911e-17	6.05249e-20	1.24316e-21	7.33322e-24	1.15856e-26	5.73671e-29	3.85042e-33	1.66313e-36	
N70	1.25307e-35	9.56429e-31	4.97886e-26	6.8502e-23	2.00867e-18	1.9958e-17	1.99391e-13	7.57503e-10	2.88242e-10	1.13626e-08	5.59688e-05	0.0252724	0.000175906	9.0351e-08	6.78803e-09	6.42178e-06	0.00312554	0.962139	0.00914704	7.7552e-05	7.50625e-08	1.81439e-11	2.21478e-14	9.2174e-17	8.06324e-20	9.62572e-23	3.46144e-25	1.24305e-29	9.22913e-33	
Triowe	0	0	0	0	0	0	0	0	0	0	0	0	0	0	0	0	0	1	0	0	0	0	0	0	0	0	0	0	0	
N71	2.56212e-35	1.33037e-31	3.96636e-27	1.09707e-23	1.59713e-19	6.68712e-18	2.94398e-14	4.36488e-11	4.86605e-11	4.05627e-09	1.4883e-05	0.00579882	4.18322e-05	2.73081e-08	1.54739e-09	3.28606e-06	0.00415359	0.979386	0.0105669	3.47176e-05	2.43343e-08	5.83859e-12	8.88739e-15	5.74653e-16	1.00626e-17	3.77162e-20	8.71162e-22	6.28251e-26	6.5142e-29	
Trijoh	0	0	0	0	0	0	0	0	0	0	0	0	0	0	0	0	0	1	0	0	0	0	0	0	0	0	0	0	0	
Trimel	0	0	0	0	0	0	0	0	0	0	0	0	0	0	0	0	0	1	0	0	0	0	0	0	0	0	0	0	0	
N72	7.05205e-32	4.17814e-27	1.61533e-22	1.77052e-19	3.66294e-15	2.19318e-14	1.40155e-10	3.88229e-07	8.29499e-08	1.38107e-06	0.00313082	0.988277	0.00846316	0.000122646	4.19066e-06	6.17454e-08	3.77299e-10	7.91292e-13	1.01329e-16	4.72885e-21	1.08185e-25	2.16513e-30	1.46198e-33	2.67766e-33	1.27842e-32	5.57968e-34	3.72716e-35	1.18071e-37	1.49987e-39	
N73	1.2672e-33	9.56595e-29	4.71487e-24	1.14563e-20	2.56962e-16	4.38612e-15	2.54122e-11	4.63564e-08	1.12031e-08	4.36915e-07	0.0018254	0.993101	0.00506146	1.19107e-05	4.94769e-08	8.5005e-11	6.00916e-14	1.93711e-16	1.21665e-20	5.82797e-24	1.48537e-27	3.00592e-31	1.07303e-34	3.67339e-38	1.81084e-42	3.72868e-46	2.02331e-49	1.4577e-54	5.69331e-58	
Trihoe	0	0	0	0	0	0	0	0	0	0	0	1	0	0	0	0	0	0	0	0	0	0	0	0	0	0	0	0	0	
Tribit	0	0	0	0	0	0	0	0	0	0	0	1	0	0	0	0	0	0	0	0	0	0	0	0	0	0	0	0	0	
Trijac	0	0	0	0	0	0	0	0	0	0	0	1	0	0	0	0	0	0	0	0	0	0	0	0	0	0	0	0	0	
N74	7.52555e-33	2.37783e-28	5.52414e-24	5.07475e-21	6.99572e-17	5.57088e-16	2.79037e-12	5.47547e-09	1.48536e-09	3.52869e-08	8.26484e-05	0.0201239	0.000213235	2.08137e-07	2.20337e-08	1.32745e-05	0.00551547	0.959828	0.0140976	0.000125208	2.12408e-07	8.83095e-11	1.21943e-13	5.78454e-16	8.62276e-19	1.46784e-21	4.74165e-24	4.16946e-28	2.54929e-31	
Tricri	0	0	0	0	0	0	0	0	0	0	0	0	0	0	0	0	0	1	0	0	0	0	0	0	0	0	0	0	0	
N75	2.93488e-35	1.17543e-30	3.2752e-26	5.78896e-23	7.76184e-19	1.42916e-17	5.59303e-14	7.48799e-11	3.61504e-11	1.89705e-09	6.35078e-06	0.00222801	1.65669e-05	1.14956e-08	1.28612e-09	3.43208e-06	0.00469377	0.981393	0.0116308	2.84947e-05	1.89066e-08	4.80889e-12	6.48759e-15	2.18215e-16	2.10033e-18	5.38883e-21	5.21463e-23	4.0772e-27	2.80672e-30	
Triwie	0	0	0	0	0	0	0	0	0	0	0	0	0	0	0	0	0	1	0	0	0	0	0	0	0	0	0	0	0	
Triqua	0	0	0	0	0	0	0	0	0	0	0	0	0	0	0	0	0	1	0	0	0	0	0	0	0	0	0	0	0	
N76	9.24165e-30	7.02362e-26	4.22725e-22	4.8284e-19	1.0586e-15	7.22714e-14	7.1202e-11	3.29307e-08	1.54932e-07	6.82252e-06	0.00363076	0.264926	0.0144023	7.84566e-05	3.10142e-06	0.000175447	0.0105699	0.668057	0.0353369	0.00279079	2.19408e-05	3.2398e-08	2.57417e-10	9.20038e-12	1.00546e-13	1.47924e-15	8.92603e-17	3.81711e-20	2.84122e-22	
N77	2.60675e-29	2.2051e-25	1.45154e-21	9.86893e-19	3.22759e-15	4.85258e-14	6.39435e-11	3.42398e-08	1.81154e-08	3.02715e-07	0.0001776	0.012934	0.000421	1.61067e-06	2.64611e-07	8.07148e-05	0.0196471	0.922935	0.0432907	0.000509991	1.96898e-06	2.73094e-09	9.93345e-12	1.5012e-13	9.9293e-16	4.59652e-18	2.51511e-20	1.06471e-23	1.52448e-26	
Kinboe	0	0	0	0	0	0	0	0	0	0	0	0	0	0	0	0	0	1	0	0	0	0	0	0	0	0	0	0	0	
Kinfis	0	0	0	0	0	0	0	0	0	0	0	0	0	0	0	0	0	1	0	0	0	0	0	0	0	0	0	0	0	
Kinxen	0	0	0	0	0	0	0	0	0	0	0	0	0	0	0	0	0	1	0	0	0	0	0	0	0	0	0	0	0	
N78	1.09654e-29	2.09623e-27	3.43151e-25	1.76689e-23	4.46306e-20	2.92763e-17	1.3948e-13	1.38666e-10	9.06433e-09	5.05125e-06	0.00784194	0.916731	0.0746605	0.000745449	1.13961e-05	1.82709e-06	1.81322e-06	1.19955e-06	5.76248e-09	8.89203e-11	9.44448e-14	1.14974e-17	3.7136e-20	1.18987e-22	1.16587e-24	4.16648e-27	1.33802e-28	2.53644e-32	1.34008e-34	
N79	6.02828e-26	2.65332e-22	9.3017e-19	6.85745e-16	8.31074e-13	4.08401e-11	1.96752e-08	4.53881e-06	1.37696e-05	0.000196486	0.0291693	0.884311	0.0851567	0.00114008	7.35832e-06	2.76438e-07	1.24716e-08	3.99191e-10	7.29168e-13	1.72701e-15	1.82984e-18	7.30921e-22	1.20687e-24	8.91204e-27	3.82479e-29	1.32888e-31	8.48451e-34	2.28881e-37	3.63285e-40	
N80	1.05707e-30	6.14093e-26	2.23481e-21	1.70281e-18	3.12608e-14	1.30113e-13	6.05652e-10	1.19599e-06	1.89378e-07	2.32799e-06	0.00421866	0.979529	0.0162226	2.58873e-05	1.56439e-08	2.28061e-11	3.4925e-14	5.99602e-17	7.64214e-21	1.55247e-24	1.22857e-28	3.01136e-33	2.84917e-37	1.78844e-38	4.46925e-39	1.03251e-40	4.47791e-42	1.14372e-44	2.02237e-46	
N81	3.20324e-35	7.68761e-30	1.06632e-24	1.55513e-21	1.09381e-16	2.82472e-16	4.13176e-12	2.45163e-08	2.42184e-09	7.55741e-08	0.000778474	0.996306	0.00291424	8.28869e-07	8.98727e-11	1.24399e-13	1.18635e-16	2.35941e-19	6.00321e-24	5.3592e-28	8.35569e-33	3.57269e-38	4.83551e-42	1.5312e-42	7.6013e-43	1.06298e-44	6.00332e-46	4.40356e-48	2.96786e-46	
N82	5.15777e-35	4.24799e-30	2.21645e-25	6.23759e-22	1.44552e-17	3.20369e-16	2.00378e-12	4.74563e-09	3.58537e-09	2.38757e-07	0.0013017	0.995565	0.00313175	1.14802e-06	1.92564e-10	3.01466e-12	1.40366e-14	3.34789e-16	1.45619e-20	6.18532e-24	2.08118e-28	2.05405e-33	3.74948e-37	1.19674e-39	3.76009e-43	1.8323e-46	8.59233e-49	4.57973e-54	9.85068e-58	
Chaafr	0	0	0	0	0	0	0	0	0	0	0	1	0	0	0	0	0	0	0	0	0	0	0	0	0	0	0	0	0	
Chacha	0	0	0	0	0	0	0	0	0	0	0	1	0	0	0	0	0	0	0	0	0	0	0	0	0	0	0	0	0	
N83	7.12893e-35	5.98133e-30	3.137e-25	7.02422e-22	1.71735e-17	2.35587e-16	1.76785e-12	6.63094e-09	4.6817e-09	2.38314e-07	0.00130645	0.995812	0.00288031	1.01075e-06	1.79043e-10	1.80943e-12	6.71114e-15	8.90288e-17	3.69792e-21	1.05949e-24	3.41362e-29	3.4564e-34	5.04024e-38	1.02749e-40	2.66637e-44	1.00177e-47	2.56433e-50	1.35686e-55	1.97135e-59	
Chacaly	0	0	0	0	0	0	0	0	0	0	0	1	0	0	0	0	0	0	0	0	0	0	0	0	0	0	0	0	0	
Chazey	0	0	0	0	0	0	0	0	0	0	0	1	0	0	0	0	0	0	0	0	0	0	0	0	0	0	0	0	0	
N84	3.08899e-30	6.34347e-26	8.78857e-22	1.56354e-18	8.2666e-15	4.17542e-13	7.03707e-10	3.44227e-07	1.24087e-07	4.53265e-06	0.00545534	0.977889	0.016621	2.9157e-05	1.87741e-08	4.62188e-10	5.1237e-12	2.93525e-13	6.62357e-17	1.1834e-19	1.93943e-23	7.91873e-28	4.76286e-31	2.26867e-33	1.73505e-36	2.38934e-39	3.14443e-41	8.58179e-46	9.16379e-49	
Chadil	0	0	0	0	0	0	0	0	0	0	0	1	0	0	0	0	0	0	0	0	0	0	0	0	0	0	0	0	0	
Chasen	0	0	0	0	0	0	0	0	0	0	0	1	0	0	0	0	0	0	0	0	0	0	0	0	0	0	0	0	0	
Chanam	0	0	0	0	0	0	0	0	0	0	0	1	0	0	0	0	0	0	0	0	0	0	0	0	0	0	0	0	0	
N85	1.10093e-35	1.43388e-30	1.26865e-25	3.2392e-22	3.14832e-18	8.37135e-16	2.09185e-11	5.97027e-12	8.36597e-12	9.6919e-08	0.000384019	1.07414e-05	1.00033e-08	1.00041e-09	1.15392e-06	0.0016289	0.983624	0.0143371	1.39868e-05	7.8331e-09	1.85263e-12	1.41964e-16	1.68249e-20	3.33657e-24	3.56001e-28	3.84057e-32	4.18299e-36	1.54702e-39	1.68589e-39	
N86	3.75506e-44	9.21482e-41	1.87625e-35	3.41844e-31	3.11449e-25	4.02902e-22	9.72481e-17	9.83725e-18	4.05833e-17	1.362e-11	1.12208e-06	3.56386e-09	1.38345e-13	8.71247e-15	1.26999e-09	9.4881e-05	0.998885	0.00101855	4.99824e-08	6.5956e-13	3.29202e-18	2.01188e-22	1.05777e-26	5.50083e-29	5.12125e-30	7.96407e-32	5.68217e-34	2.66911e-37	3.51063e-39	
N87	1.40382e-43	1.29303e-39	8.45508e-36	2.89149e-33	1.55112e-28	6.21708e-25	1.22412e-19	4.9999e-20	2.2849e-18	7.26995e-13	5.65871e-08	1.20152e-10	3.00449e-15	1.70985e-15	6.21283e-10	7.27547e-05	0.999376	0.000551565	1.67448e-08	1.18404e-13	3.45546e-19	1.35411e-21	1.09572e-24	2.473e-26	9.27013e-29	9.59435e-33	1.52501e-37	1.30388e-41	4.27744e-41	
Braset	0	0	0	0	0	0	0	0	0	0	0	0	0	0	0	0	1	0	0	0	0	0	0	0	0	0	0	0	0	
N88	7.85787e-43	5.14439e-39	2.45557e-35	5.88685e-33	2.52363e-30	1.17049e-26	3.08151e-21	2.01831e-20	5.6971e-19	5.43931e-14	1.26046e-09	1.70546e-12	9.28681e-16	2.73668e-14	3.82248e-09	0.000174575	0.999393	0.000431985	2.17742e-08	3.10936e-13	3.5328e-18	2.77132e-20	3.55993e-23	4.55066e-25	1.26952e-27	1.78885e-31	1.08232e-36	1.40382e-42	8.12173e-46	
N89	2.6795e-56	4.61932e-49	2.37074e-42	5.92717e-38	1.806e-32	3.8842e-29	2.79499e-23	6.50197e-24	5.6156e-23	1.58048e-17	1.07829e-12	1.02402e-14	1.07478e-16	1.12825e-15	4.72359e-10	6.13679e-05	0.999827	0.000111765	1.5656e-09	6.62037e-15	2.8249e-20	6.25251e-24	2.34751e-28	1.16233e-34	6.00579e-34	5.84376e-34	6.71794e-35	2.90504e-36	1.40533e-35	
Bramel	0	0	0	0	0	0	0	0	0	0	0	0	0	0	0	0	1	0	0	0	0	0	0	0	0	0	0	0	0	
Bratha	0	0	0	0	0	0	0	0	0	0	0	0	0	0	0	0	1	0	0	0	0	0	0	0	0	0	0	0	0	
N90	9.81321e-53	1.55512e-46	1.45972e-40	3.81186e-36	3.38243e-31	8.78334e-28	1.98287e-22	3.04722e-22	4.24608e-21	3.59009e-16	7.20095e-12	3.85948e-14	2.36681e-15	3.71484e-14	4.76605e-09	0.0001949	0.999441	0.000363669	1.65449e-08	2.23692e-13	3.61859e-18	8.95026e-21	4.98513e-24	1.20425e-26	5.58578e-30	2.1189e-34	3.81335e-40	1.16028e-46	2.2833e-51	
Bradra	0	0	0	0	0	0	0	0	0	0	0	0	0	0	0	0	1	0	0	0	0	0	0	0	0	0	0	0	0	
Bratra	0	0	0	0	0	0	0	0	0	0	0	0	0	0	0	0	1	0	0	0	0	0	0	0	0	0	0	0	0	
N91	1.28941e-47	9.39664e-42	4.53699e-36	7.16136e-32	3.62352e-27	5.92372e-24	7.78788e-19	8.51191e-19	7.74131e-18	3.80972e-13	4.44981e-09	6.94618e-12	1.79424e-14	1.79683e-13	1.35958e-08	0.000328536	0.999042	0.000629386	4.96393e-08	1.15937e-12	3.14408e-17	6.08907e-20	4.28073e-23	9.75306e-26	5.15185e-29	4.05178e-33	3.23901e-38	7.36564e-44	1.23782e-47	
Bragut	0	0	0	0	0	0	0	0	0	0	0	0	0	0	0	0	1	0	0	0	0	0	0	0	0	0	0	0	0	
Braven	0	0	0	0	0	0	0	0	0	0	0	0	0	0	0	0	1	0	0	0	0	0	0	0	0	0	0	0	0	
N92	8.51374e-40	1.27991e-34	1.21714e-29	7.51171e-26	6.76599e-22	3.67914e-19	5.37161e-15	1.04802e-14	1.13955e-13	1.65831e-09	6.03158e-06	5.94119e-08	2.09422e-11	8.54315e-12	1.6286e-07	0.0011191	0.994815	0.00405842	1.58579e-06	1.677e-10	1.02708e-14	2.88389e-17	5.95772e-20	4.50623e-22	7.48517e-25	2.02045e-28	1.22878e-32	1.08742e-37	2.76045e-41	
Brapum	0	0	0	0	0	0	0	0	0	0	0	0	0	0	0	0	1	0	0	0	0	0	0	0	0	0	0	0	0	
Bradam	0	0	0	0	0	0	0	0	0	0	0	0	0	0	0	0	1	0	0	0	0	0	0	0	0	0	0	0	0	
