#Nodes with GAIN events with expectation above 0.5
N3: 0.815511
B3088: 0.974501
BGA709: 0.831459
BGA309: 0.831459
PGA445: 1.9613
Rhaspe: 0.604909
Rhamar: 0.588771
Rhatem: 0.662588
FGA379: 1.67184
Furcep: 1.89044
FGA331: 1.63673
FGA104: 0.820771
FGA174: 1.19731
CGA312: 1.10195
CGA642: 0.512027
CGA236: 0.503909
C3125: 1.38227
C12265: 0.649435
C3134: 1.50874
N50: 1.05588
C2208: 1.0228
N54: 1.30189
N58: 0.729669
N61: 0.717394
Triowe: 0.534965
N65: 0.732995
N68: 0.763711
Kinxen: 1.2539
Chanam: 0.566094
N76: 1.39354
Total number of gain events: 47.9486
#+++++++++++++++++++++++++++++

#Nodes with LOSS events with expectation above 0.5
B3088: 1.3452
BGA709: 1.19859
BGA309: 1.19859
B985: 0.662364
B199: 0.662364
PGA445: 1.77495
N13: 0.709555
N14: 1.8687
Rhaspe: 5.5196
Rhamar: 5.2117
Rhatem: 4.28551
N18: 0.838378
FGA379: 0.952432
N19: 2.12367
N20: 0.964037
F3016: 2.03136
F1476: 1.39756
N28: 0.697905
Fga490: 0.522126
FGA465: 1.14125
N36: 0.544953
FGA99: 0.62566
FGA15: 0.62566
FGA489: 1.87427
FurbGB: 2.57565
Calboe: 2.72798
CGA429: 1.90367
C985: 2.71413
CGA382: 1.75776
N49: 1.3584
C404: 1.17264
CGA45: 1.11406
N54: 0.610167
C3121: 0.905114
N63: 4.42813
Trihoe: 0.529182
Tribit: 0.529182
Trijac: 0.951227
N68: 0.511097
Kinxen: 1.06904
N70: 2.5395
N71: 1.97097
Chadil: 0.731977
Chasen: 0.731977
Chanam: 2.91322
N76: 1.17419
Total number of loss events: 97.2555
#+++++++++++++++++++++++++++++

#Nodes with duplication events with expectation above 0.5
Total number of duplication events: 8.94672e-34
#+++++++++++++++++++++++++++++

#Nodes with demi-duplication events with expectation above 0.5
Total number of demi-dulications events: 0
#+++++++++++++++++++++++++++++

#+++++++++++++++++++++++++++++

#Nodes with transitions in base number with expectation above 0.5
Total number of transitions in base number: 0
#+++++++++++++++++++++++++++++

#EVENTS NOT ACCOUNTED FOR IN THE SIMULATIONS: 
NONE
#+++++++++++++++++++++++++++++

#ALL EVENTS EXPECTATIONS PER NODE
NODE	GAIN	LOSS	DUPLICATION	DEMI-DUPLICATION	BASE-NUMBER
N2	0.414917	0.0641539	3.14159e-57	0	0
N3	0.815511	0.293208	9.7016e-67	0	0
N4	0.120096	0.0853942	1.03754e-66	0	0
B3088	0.974501	1.3452	0	0	0
N5	0.120451	0.124073	7.37716e-64	0	0
BGA709	0.831459	1.19859	0	0	0
BGA309	0.831459	1.19859	0	0	0
N6	0.290436	0.288928	1.89658e-71	0	0
N7	0.332786	0.476631	1.07257e-69	0	0
B11696	0.299364	0.492998	0	0	0
B11609	0.299364	0.492998	0	0	0
N8	0.0773029	0.0999072	2.26811e-78	0	0
N9	0.0216264	0.0299541	3.98691e-83	0	0
N10	0.11609	0.169413	1.85745e-70	0	0
B985	0.409139	0.662364	0	0	0
B199	0.409139	0.662364	0	0	0
N11	0.193928	0.302056	7.89874e-72	0	0
BGA89	0.293061	0.491481	0	0	0
BGAA2	0.293061	0.491481	0	0	0
N12	0.253732	0.394244	8.23178e-78	0	0
BGA304	0.258303	0.432666	0	0	0
BGAB1	0.258303	0.432666	0	0	0
PGA445	1.9613	1.77495	0	0	0
N13	0.0599806	0.709555	1.31542e-59	0	0
N14	0.0123658	1.8687	2.42845e-52	0	0
Rhaspe	0.604909	5.5196	0	0	0
N15	0.0104969	0.301969	8.94672e-34	0	0
Rhamar	0.588771	5.2117	0	0	0
Rhatem	0.662588	4.28551	0	0	0
N16	0.10857	0.0200511	1.95892e-70	0	0
N17	0.379286	0.204852	3.40793e-73	0	0
N18	0.0427702	0.838378	1.58698e-60	0	0
FGA379	1.67184	0.952432	0	0	0
N19	0.028659	2.12367	1.01657e-47	0	0
N20	0.0417003	0.964037	2.37589e-48	0	0
N21	0.00374645	0.472342	2.86678e-51	0	0
F3016	0.24666	2.03136	0	0	0
N22	0.00525833	0.151164	1.52264e-50	0	0
N23	0.0140946	0.104895	2.50108e-52	0	0
N24	0.00972332	0.319172	1.48023e-62	0	0
N25	0.00733809	0.0277959	4.81705e-60	0	0
F1476	0.179492	1.39756	0	0	0
N26	0.0274369	0.0223805	1.91532e-55	0	0
Furcep	1.89044	0.113569	0	0	0
N27	0.00532851	0.133962	7.99691e-54	0	0
Furpol	0.294215	0.388682	0	0	0
N28	0.0186575	0.697905	8.48838e-49	0	0
N29	0.0241872	0.305935	1.69796e-46	0	0
F2241	0.0497141	0.183184	0	0	0
Furang	0.0497141	0.183184	0	0	0
Fga490	0.106908	0.522126	0	0	0
N30	0.0162571	0.214051	2.47408e-65	0	0
N31	0.0328591	0.0403794	5.35009e-56	0	0
N32	0.0621147	0.012857	8.50417e-60	0	0
N33	0.00873475	0.0353582	1.83061e-59	0	0
N34	0.0276073	0.0608433	2.58818e-56	0	0
FGA456	0.0513238	0.0739362	0	0	0
FGA516	0.0513238	0.0739362	0	0	0
F12278	0.120206	0.176055	0	0	0
N35	0.325878	0.024275	2.3154e-60	0	0
Furant	0.0530093	0.437224	0	0	0
FGA331	1.63673	0.0209402	0	0	0
FGA465	0.108041	1.14125	0	0	0
N36	0.0252667	0.544953	1.04687e-50	0	0
FGA99	0.104614	0.62566	0	0	0
FGA15	0.104614	0.62566	0	0	0
FGA104	0.820771	0.368745	0	0	0
FGA489	0.235493	1.87427	0	0	0
FGA174	1.19731	0.450734	0	0	0
FurbGB	0.392582	2.57565	0	0	0
N37	0.209686	0.0126561	2.05921e-66	0	0
N38	0.255788	0.0626648	2.75218e-63	0	0
N39	0.343633	0.480911	4.40697e-69	0	0
CGA312	1.10195	0.431646	0	0	0
N40	0.0206524	0.152915	2.37798e-74	0	0
N41	0.00399506	0.262297	1.14503e-89	0	0
N42	0.0123736	0.0185849	3.9728e-80	0	0
CGA642	0.512027	0.444717	0	0	0
N43	0.0106001	0.0404291	1.98278e-73	0	0
CGA236	0.503909	0.406769	0	0	0
N44	0.0150877	0.158515	4.79656e-67	0	0
N45	0.146806	0.229686	7.53272e-67	0	0
Calboe	0.0514346	2.72798	0	0	0
C3125	1.38227	0.0624805	0	0	0
CGA429	0.144244	1.90367	0	0	0
N46	0.00467229	0.375264	1.27837e-69	0	0
C985	0.145871	2.71413	0	0	0
CGA382	0.189496	1.75776	0	0	0
N47	0.488695	0.107395	1.08229e-81	0	0
N48	0.0145643	0.101898	7.54854e-75	0	0
C12265	0.649435	0.140729	0	0	0
N49	0.0177233	1.3584	7.8551e-70	0	0
C404	0.0220244	1.17264	0	0	0
Cl11778	0.0892012	0.239821	0	0	0
C3134	1.50874	0.0874089	0	0	0
N50	1.05588	0.373255	3.06396e-70	0	0
CGA311	0.339806	0.489414	0	0	0
N51	0.0351113	0.0163957	1.67199e-72	0	0
N52	0.0400251	0.189122	6.33967e-76	0	0
CGA45	0.0948281	1.11406	0	0	0
N53	0.0322006	0.0247314	9.33364e-82	0	0
C3043	0.154329	0.181026	0	0	0
CGA364	0.154329	0.181026	0	0	0
C2208	1.0228	0.191124	0	0	0
N54	1.30189	0.610167	5.39367e-64	0	0
N55	0.112455	0.124397	6.1088e-71	0	0
CGA453	0.131437	0.0850553	0	0	0
N56	0.0208428	0.089239	2.81276e-83	0	0
CGA501	0.145359	0.030581	0	0	0
C3121	0.0198926	0.905114	0	0	0
Calparcri	0.302057	0.267617	0	0	0
N57	0.0275263	0.0196702	1.15227e-73	0	0
N58	0.729669	0.0915633	2.26446e-70	0	0
N59	0.325974	0.299261	4.93092e-65	0	0
N60	0.0791176	0.393431	2.30968e-59	0	0
N61	0.717394	0.0955892	5.58004e-63	0	0
Triowe	0.534965	0.418354	0	0	0
N62	0.11152	0.0413042	1.31304e-66	0	0
Trijoh	0.38892	0.342541	0	0	0
Trimel	0.38892	0.342541	0	0	0
N63	0.0276602	4.42813	5.46186e-57	0	0
N64	0.0202464	0.405541	3.52356e-47	0	0
Trihoe	0.0970965	0.529182	0	0	0
Tribit	0.0970965	0.529182	0	0	0
Trijac	0.133666	0.951227	0	0	0
N65	0.732995	0.288098	2.75778e-66	0	0
Tricri	0.433737	0.453425	0	0	0
N66	0.124121	0.093595	1.36987e-66	0	0
Triwie	0.249641	0.299856	0	0	0
Triqua	0.249641	0.299856	0	0	0
N67	0.369275	0.102304	8.80188e-59	0	0
N68	0.763711	0.511097	2.35583e-59	0	0
Kinboe	0.427354	0.495099	0	0	0
Kinfis	0.427354	0.495099	0	0	0
Kinxen	1.2539	1.06904	0	0	0
N69	0.0101169	0.118721	1.91754e-58	0	0
N70	0.0879344	2.5395	5.27743e-42	0	0
N71	0.177066	1.97097	2.11061e-41	0	0
N72	0.0829037	0.474222	3.03894e-50	0	0
N73	0.0297102	0.0862249	3.39299e-51	0	0
Chaafr	0.129917	0.2353	0	0	0
Chacha	0.129917	0.2353	0	0	0
N74	0.0436813	0.123871	9.65301e-51	0	0
Chacaly	0.102566	0.184274	0	0	0
Chazey	0.102566	0.184274	0	0	0
N75	0.0400479	0.148604	5.48981e-43	0	0
Chadil	0.287318	0.731977	0	0	0
Chasen	0.287318	0.731977	0	0	0
Chanam	0.566094	2.91322	0	0	0
N76	1.39354	1.17419	2.92344e-55	0	0
N77	0.0216279	0.0334619	6.93683e-79	0	0
N78	0.00271143	0.00408758	1.38003e-89	0	0
Braset	0.108112	0.115181	0	0	0
N79	0.00842697	0.0104306	3.36555e-81	0	0
N80	0.0456036	0.0499751	1.1573e-87	0	0
Bramel	0.0041732	0.00486675	0	0	0
Bratha	0.0041732	0.00486675	0	0	0
N81	0.0258193	0.0283296	1.41269e-82	0	0
Bradra	0.0192885	0.0218433	0	0	0
Bratra	0.0192885	0.0218433	0	0	0
N82	0.055392	0.0599541	1.60997e-93	0	0
Bragut	0.0222904	0.026173	0	0	0
Braven	0.0222904	0.026173	0	0	0
N83	0.0641771	0.0685669	7.48176e-72	0	0
Brapum	0.0699678	0.0858567	0	0	0
Bradam	0.0699678	0.0858567	0	0	0
#+++++++++++++++++++++++++++++

#Expected number of events from root to leaf
LEAF	GAIN	LOSS	DUPLICATION	DEMI-DUPLICATION	BASE-NUMBER
B3088	2.32502	1.78796	3.14159e-57	0	0
BGA709	2.30243	1.76542	3.14159e-57	0	0
BGA309	2.30243	1.76542	3.14159e-57	0	0
B11696	2.15301	1.61592	3.14159e-57	0	0
B11609	2.15301	1.61592	3.14159e-57	0	0
B985	2.14502	1.60793	3.14159e-57	0	0
B199	2.14502	1.60793	3.14159e-57	0	0
BGA89	2.10678	1.56969	3.14159e-57	0	0
BGAA2	2.10678	1.56969	3.14159e-57	0	0
BGA304	2.1102	1.57311	3.14159e-57	0	0
BGAB1	2.1102	1.57311	3.14159e-57	0	0
PGA445	2.37622	1.83911	3.14159e-57	0	0
Rhaspe	0.677256	8.09786	2.42845e-52	0	0
Rhamar	0.671614	8.09192	8.94672e-34	0	0
Rhatem	0.745431	7.16574	8.94672e-34	0	0
FGA379	2.26245	2.72527	1.47412e-59	0	0
F3016	0.911373	7.36424	1.25445e-47	0	0
F1476	0.88062	7.33347	1.256e-47	0	0
Furcep	2.61901	6.07186	1.256e-47	0	0
Furpol	1.02811	6.48093	1.256e-47	0	0
F2241	0.826452	7.27928	1.83204e-46	0	0
Furang	0.826452	7.27928	1.83204e-46	0	0
Fga490	0.859459	7.31228	1.34088e-47	0	0
FGA456	0.892686	6.34554	1.256e-47	0	0
FGA516	0.892686	6.34554	1.256e-47	0	0
F12278	0.933961	6.38681	1.256e-47	0	0
Furant	1.18391	6.6369	1.256e-47	0	0
FGA331	2.76762	6.22062	1.256e-47	0	0
FGA465	0.850947	7.3038	1.256e-47	0	0
FGA99	0.839927	7.29278	1.25704e-47	0	0
FGA15	0.839927	7.29278	1.25704e-47	0	0
FGA104	1.50484	5.95769	1.256e-47	0	0
FGA489	0.905465	7.35832	1.25597e-47	0	0
FGA174	1.85828	5.31128	1.25416e-47	0	0
FurbGB	1.01185	6.47216	1.01657e-47	0	0
CGA312	2.45889	1.92234	1.3157e-59	0	0
CGA642	1.90599	2.3692	1.3157e-59	0	0
CGA236	1.90848	2.37168	1.3157e-59	0	0
Calboe	1.61789	5.0811	1.3157e-59	0	0
C3125	2.94874	2.4156	1.3157e-59	0	0
CGA429	1.5639	4.0271	1.3157e-59	0	0
C985	1.53214	4.9953	1.3157e-59	0	0
CGA382	1.57576	4.03892	1.3157e-59	0	0
C12265	2.53029	1.99363	1.3157e-59	0	0
C404	1.9206	4.38394	1.3157e-59	0	0
Cl11778	1.98778	3.45112	1.3157e-59	0	0
C3134	3.37503	1.83841	1.3157e-59	0	0
CGA311	2.409	1.87245	1.3157e-59	0	0
CGA45	2.23916	2.70261	1.3157e-59	0	0
C3043	2.33086	1.79431	1.3157e-59	0	0
CGA364	2.33086	1.79431	1.3157e-59	0	0
C2208	3.12711	1.59055	1.3157e-59	0	0
CGA453	2.3033	1.76673	1.31548e-59	0	0
CGA501	2.33807	1.8015	1.31548e-59	0	0
C3121	2.2126	2.67603	1.31548e-59	0	0
Calparcri	2.36147	1.8249	1.31548e-59	0	0
Triowe	2.5832	2.04748	3.62566e-59	0	0
Trijoh	2.54867	2.01297	3.62566e-59	0	0
Trimel	2.54867	2.01297	3.62566e-59	0	0
Trihoe	1.47584	6.89638	3.52356e-47	0	0
Tribit	1.47584	6.89638	3.52356e-47	0	0
Trijac	1.49216	6.91288	5.49811e-57	0	0
Tricri	2.41845	1.88162	1.31543e-59	0	0
Triwie	2.35848	1.82165	1.31543e-59	0	0
Triqua	2.35848	1.82165	1.31543e-59	0	0
Kinboe	2.48609	1.94934	1.24731e-58	0	0
Kinfis	2.48609	1.94934	1.24731e-58	0	0
Kinxen	2.54893	2.01218	1.01173e-58	0	0
Chaafr	0.713725	6.17422	2.63836e-41	0	0
Chacha	0.713725	6.17422	2.63836e-41	0	0
Chacaly	0.700346	6.16084	2.63836e-41	0	0
Chazey	0.700346	6.16084	2.63836e-41	0	0
Chadil	0.79856	6.25905	2.69326e-41	0	0
Chasen	0.79856	6.25905	2.69326e-41	0	0
Chanam	0.860222	6.32072	5.27743e-42	0	0
Braset	1.73219	2.19491	2.92549e-55	0	0
Bramel	1.68228	2.14501	2.92549e-55	0	0
Bratha	1.68228	2.14501	2.92549e-55	0	0
Bradra	1.67761	2.14034	2.92549e-55	0	0
Bratra	1.67761	2.14034	2.92549e-55	0	0
Bragut	1.69904	2.16177	2.92549e-55	0	0
Braven	1.69904	2.16177	2.92549e-55	0	0
Brapum	1.73388	2.19661	2.92549e-55	0	0
Bradam	1.73388	2.19661	2.92549e-55	0	0
