NODE	1	2	3	4	5	6	7	8	9	10	11	12	13	14	15	16	17	18	19	20	21	22	23	24	25	26	27	28	29	30	31	32	33	34	35	36	37	38	39	40	41	
N1	8.72759e-41	1.44708e-18	5.77678e-12	2.6767e-08	1.58631e-05	0.00181785	0.0482996	0.314911	0.481863	0.146621	0.00642962	4.24347e-05	6.46869e-08	2.89254e-11	1.30667e-17	9.47867e-20	4.1313e-22	1.08258e-24	1.72018e-27	1.72247e-30	1.13742e-33	5.15694e-37	1.65877e-40	3.88467e-44	6.75947e-48	8.8787e-52	8.91242e-56	6.90098e-60	4.15031e-64	1.94784e-68	7.15375e-73	2.05793e-77	4.6331e-82	8.14115e-87	1.11134e-91	1.17051e-96	9.42273e-102	5.72562e-107	2.58344e-112	8.5557e-118	1.78818e-122	
Leiolep	0	0	0	0	0	0	0	0	0	0	0	0	0	0	0	0	0	1	0	0	0	0	0	0	0	0	0	0	0	0	0	0	0	0	0	0	0	0	0	0	0	
N2	7.44951e-51	1.24751e-25	3.16427e-20	1.21321e-15	1.14265e-11	2.96726e-08	2.06529e-05	0.0034813	0.123101	0.620968	0.241179	0.011115	0.000134671	4.93507e-07	5.14917e-10	1.25617e-13	8.2299e-18	2.20264e-22	2.97851e-27	2.30849e-32	1.11343e-37	3.53882e-43	7.72654e-49	1.19561e-54	1.34289e-60	1.1152e-66	6.94608e-73	3.28082e-79	1.18485e-85	3.29116e-92	7.05801e-99	1.17074e-105	1.50193e-112	1.48723e-119	1.13211e-126	6.58317e-134	2.89827e-141	9.54453e-149	2.31382e-156	4.04322e-164	8.41571e-172	
N3	4.03006e-53	6.73965e-28	1.85486e-22	8.66792e-18	1.1371e-13	4.77333e-10	6.2288e-07	0.000216688	0.0160289	0.18724	0.408525	0.296507	0.0824813	0.00869616	0.000301551	2.47535e-06	4.13571e-09	2.11595e-12	3.51763e-16	2.49915e-20	9.08516e-25	1.89546e-29	2.45198e-34	2.07729e-39	1.19977e-44	4.86903e-50	1.42084e-55	3.03457e-61	4.808e-67	5.70856e-73	5.11573e-79	3.47654e-85	1.82162e-91	2.96246e-97	1.6781e-101	1.07634e-105	5.95809e-110	2.82764e-114	1.14204e-118	3.88614e-123	1.42388e-127	
N4	2.36644e-65	2.739e-39	5.22019e-33	1.73575e-27	1.69902e-22	5.77625e-18	7.02396e-14	2.84499e-10	3.14646e-07	6.90149e-05	0.00354155	0.0560515	0.289588	0.456638	0.18171	0.0123426	5.89943e-05	1.77271e-08	9.57748e-13	1.81141e-17	1.58849e-22	7.5284e-28	2.12224e-33	3.79774e-39	4.51991e-45	3.70332e-51	2.1441e-57	8.94835e-64	2.73329e-70	6.18051e-77	1.04311e-83	1.32121e-90	1.25957e-97	9.04273e-105	4.87934e-112	1.9699e-119	5.9066e-127	1.30128e-134	2.07531e-142	2.34815e-150	2.64744e-158	
N5	5.39595e-68	7.80881e-42	1.89013e-35	8.16667e-30	1.07095e-24	5.0876e-20	9.18576e-16	6.06352e-12	1.27203e-08	6.31183e-06	0.00069848	0.0209705	0.182815	0.454233	0.295889	0.0441313	0.00125164	4.57359e-06	1.00334e-09	5.19415e-14	9.97222e-19	8.91804e-24	4.26018e-29	1.19033e-34	2.07355e-40	2.35981e-46	1.81724e-52	9.72644e-59	3.69326e-65	1.01055e-71	2.01576e-78	2.9554e-85	3.20138e-92	2.56823e-99	1.52525e-106	6.68441e-114	2.14818e-121	5.01299e-129	8.37591e-137	9.82948e-145	1.45585e-152	
B3088	0	0	0	0	0	0	0	0	0	0	0	0	0	0	0	0	0	1	0	0	0	0	0	0	0	0	0	0	0	0	0	0	0	0	0	0	0	0	0	0	0	
N6	2.93145e-66	1.40862e-40	1.2174e-34	2.0259e-29	1.11745e-24	2.47998e-20	2.38184e-16	9.91564e-13	1.67578e-09	9.84414e-07	0.000162098	0.00741173	0.096662	0.363371	0.395577	0.125614	0.0110018	0.000198716	2.39868e-07	7.09531e-11	7.9766e-15	4.24934e-19	1.22467e-23	2.08477e-28	2.23019e-33	1.56893e-38	7.51098e-44	2.5117e-49	5.98574e-55	1.03222e-60	1.30278e-66	1.21598e-72	1.44702e-78	1.08904e-82	1.64129e-86	2.10953e-90	2.29792e-94	2.11254e-98	1.62862e-102	1.04348e-106	9.01078e-111	
N7	8.15779e-49	3.76377e-47	1.63222e-45	6.45554e-44	2.29949e-42	7.26264e-41	1.994e-39	4.63857e-38	8.83697e-37	1.31669e-35	1.44113e-34	1.06892e-33	4.98242e-33	1.45638e-32	8.6748e-17	7.50137e-11	2.01968e-05	0.99998	1.29618e-08	3.48148e-17	3.54035e-26	1.41511e-32	8.35429e-33	4.63413e-33	2.43367e-33	1.2176e-33	5.83403e-34	2.68885e-34	1.19655e-34	5.15771e-35	2.15955e-35	8.8045e-36	3.50276e-36	1.36238e-36	5.18913e-37	1.93842e-37	7.11108e-38	2.56496e-38	9.1065e-39	3.18597e-39	1.66038e-39	
BGA709	0	0	0	0	0	0	0	0	0	0	0	0	0	0	0	0	0	1	0	0	0	0	0	0	0	0	0	0	0	0	0	0	0	0	0	0	0	0	0	0	0	
BGA710	0	0	0	0	0	0	0	0	0	0	0	0	0	0	0	0	0	1	0	0	0	0	0	0	0	0	0	0	0	0	0	0	0	0	0	0	0	0	0	0	0	
BGA309	0	0	0	0	0	0	0	0	0	0	0	0	0	0	0	0	0	1	0	0	0	0	0	0	0	0	0	0	0	0	0	0	0	0	0	0	0	0	0	0	0	
N8	2.23428e-74	5.52768e-48	2.36624e-41	1.8889e-35	4.82044e-30	4.74964e-25	1.93081e-20	3.21646e-16	2.03451e-12	4.14329e-09	2.27191e-06	0.000345022	0.0147765	0.173955	0.511944	0.284893	0.0140621	2.19597e-05	2.42238e-09	7.27239e-14	8.86457e-19	5.35983e-24	1.81348e-29	3.72001e-35	4.89584e-41	4.30939e-47	2.61758e-53	1.12369e-59	3.47204e-66	7.82923e-73	1.30158e-79	1.60657e-86	1.47859e-93	1.01627e-100	5.2113e-108	1.98623e-115	5.58905e-123	1.14935e-130	1.70307e-138	1.7946e-146	2.3538e-154	
N9	6.73859e-77	7.1824e-51	1.41079e-44	5.54998e-39	7.60777e-34	4.4808e-29	1.2495e-24	1.7194e-20	1.17269e-16	3.85522e-13	5.73436e-10	3.46717e-07	7.32184e-05	0.00463564	0.0805195	0.375516	0.447584	0.0915806	9.10896e-05	1.87957e-08	1.41774e-12	5.01684e-17	9.59789e-22	1.08774e-26	7.78005e-32	3.677e-37	1.18838e-42	2.69581e-48	4.37859e-54	5.1697e-60	4.521e-66	1.45286e-71	3.36903e-75	8.30878e-79	1.75002e-82	3.14432e-86	4.80805e-90	6.23093e-94	6.80011e-98	6.19309e-102	6.63115e-106	
N10	7.98239e-56	9.00904e-54	9.54785e-52	9.34877e-50	8.37659e-48	6.78868e-46	4.90513e-44	3.10285e-42	1.67842e-40	7.52465e-39	2.67818e-37	7.11783e-36	1.29111e-34	1.40605e-33	4.05232e-17	6.00332e-11	2.03803e-05	0.99998	1.51301e-08	4.16333e-17	3.94549e-26	6.87647e-33	2.80482e-33	1.02965e-33	3.45756e-34	1.07563e-34	3.13157e-35	8.60262e-36	2.24487e-36	5.59605e-37	1.3389e-37	3.08699e-38	6.88232e-39	1.48811e-39	3.1287e-40	6.41065e-41	1.28268e-41	2.51059e-42	4.81463e-43	9.05936e-44	2.04496e-44	
B11696	0	0	0	0	0	0	0	0	0	0	0	0	0	0	0	0	0	1	0	0	0	0	0	0	0	0	0	0	0	0	0	0	0	0	0	0	0	0	0	0	0	
B11697	0	0	0	0	0	0	0	0	0	0	0	0	0	0	0	0	0	1	0	0	0	0	0	0	0	0	0	0	0	0	0	0	0	0	0	0	0	0	0	0	0	
N11	9.35051e-112	1.08941e-83	2.2893e-75	9.55695e-68	1.38552e-60	8.65023e-54	2.58087e-47	3.87046e-41	2.96699e-35	1.15079e-29	2.17542e-24	1.86721e-19	6.47415e-15	7.59958e-11	2.48017e-07	0.000201483	0.0367495	0.963027	2.21371e-05	9.23658e-11	1.31018e-16	8.29071e-23	2.73016e-29	5.16444e-36	6.00644e-43	4.50998e-50	2.26639e-57	7.83054e-65	1.89805e-72	3.27619e-80	4.07019e-88	3.66548e-96	2.40228e-104	1.1469e-112	3.98133e-121	1.00009e-129	1.80338e-138	2.30739e-147	2.06148e-156	1.25865e-165	6.3164e-175	
B11609	0	0	0	0	0	0	0	0	0	0	0	0	0	0	0	0	0	1	0	0	0	0	0	0	0	0	0	0	0	0	0	0	0	0	0	0	0	0	0	0	0	
BGA392	0	0	0	0	0	0	0	0	0	0	0	0	0	0	0	0	0	1	0	0	0	0	0	0	0	0	0	0	0	0	0	0	0	0	0	0	0	0	0	0	0	
N12	9.88027e-86	1.96612e-58	6.53976e-51	3.9508e-44	7.44496e-38	5.29992e-32	1.53076e-26	1.79994e-21	8.16011e-17	1.26187e-12	5.43156e-09	5.554e-06	0.00122685	0.0540357	0.424471	0.474384	0.0457622	0.000114315	3.56119e-09	2.21845e-14	4.81147e-20	4.68973e-26	2.38048e-32	6.91972e-39	1.22964e-45	1.39953e-52	1.05556e-59	5.4093e-67	1.94504e-74	9.51461e-77	1.30482e-77	7.83079e-79	2.19671e-80	2.98261e-82	1.98543e-84	6.44325e-87	9.95574e-90	7.01314e-93	2.10895e-96	2.48717e-100	1.88496e-104	
N13	1.83697e-87	3.70683e-60	1.28011e-52	8.25647e-46	1.71576e-39	1.39943e-33	4.85041e-28	7.25288e-23	4.51128e-18	1.06143e-13	7.91784e-10	1.46296e-06	0.000544165	0.0357652	0.373134	0.5213	0.0688932	0.000362623	1.88974e-08	1.76621e-13	5.41259e-19	7.18954e-25	4.85764e-31	1.84917e-37	4.25218e-44	6.20561e-51	5.9575e-58	3.86218e-65	1.72322e-72	5.36252e-80	1.17398e-87	1.81625e-95	1.98902e-103	9.01725e-110	1.5634e-113	8.37183e-118	1.19851e-122	4.42181e-128	4.33674e-134	1.25674e-140	1.6119e-147	
N14	2.66145e-81	6.07233e-55	2.55428e-48	2.16379e-42	6.43188e-37	8.28864e-32	5.11615e-27	1.58213e-22	2.4739e-18	1.91422e-14	6.92656e-11	1.053e-07	5.53112e-05	0.00709737	0.156441	0.522603	0.291279	0.0225105	1.3936e-05	1.71983e-09	7.49026e-14	1.49034e-18	1.57121e-23	9.66034e-29	3.70207e-34	9.2801e-40	1.57751e-45	1.86893e-51	1.57582e-57	9.60803e-64	4.28995e-70	1.86555e-76	5.42464e-81	5.43882e-85	4.6708e-89	3.41244e-93	2.11636e-97	1.10976e-101	4.88964e-106	1.79409e-110	7.19586e-115	
N15	5.25393e-56	5.36876e-54	5.20256e-52	4.7054e-50	3.94033e-48	3.02563e-46	2.10511e-44	1.30745e-42	7.11118e-41	3.30224e-39	1.26442e-37	3.79641e-36	8.27455e-35	1.15194e-33	6.06997e-17	8.13438e-11	2.34764e-05	0.999977	1.77188e-08	5.91979e-17	7.01238e-26	9.29165e-33	4.32025e-33	1.83116e-33	7.1715e-34	2.62298e-34	9.03669e-35	2.95329e-35	9.20904e-36	2.75334e-36	7.92584e-37	2.20451e-37	5.9428e-38	1.55683e-38	3.97258e-39	9.89415e-40	2.40962e-40	5.74755e-41	1.34465e-41	3.08964e-42	8.96389e-43	
B985	0	0	0	0	0	0	0	0	0	0	0	0	0	0	0	0	0	1	0	0	0	0	0	0	0	0	0	0	0	0	0	0	0	0	0	0	0	0	0	0	0	
B983	0	0	0	0	0	0	0	0	0	0	0	0	0	0	0	0	0	1	0	0	0	0	0	0	0	0	0	0	0	0	0	0	0	0	0	0	0	0	0	0	0	
N16	2.3877e-88	7.36041e-66	1.04886e-58	3.052e-52	3.16806e-46	1.45437e-40	3.27737e-35	3.81636e-30	2.33933e-25	7.49315e-21	1.21327e-16	9.3003e-13	3.00897e-09	3.35266e-06	0.000889429	0.0428184	0.405686	0.550448	0.000154209	8.10595e-09	1.47931e-13	1.22333e-18	5.33082e-24	1.3489e-29	2.11987e-35	2.17253e-41	1.50582e-47	7.25705e-54	2.4844e-60	7.40896e-67	1.21299e-69	2.2796e-70	4.22846e-71	7.61591e-72	1.33513e-72	2.28307e-73	3.81528e-74	6.24128e-75	1.00095e-75	1.57588e-76	2.87492e-77	
N17	1.00881e-63	3.07707e-61	8.84475e-59	2.37288e-56	5.89583e-54	1.34416e-51	2.78007e-49	5.1429e-47	8.35758e-45	1.16524e-42	1.34989e-40	1.24148e-38	8.46143e-37	3.8181e-35	2.32711e-18	1.38348e-11	1.23885e-05	0.999988	8.97339e-09	1.17494e-17	4.75353e-27	8.45444e-34	1.68926e-34	2.96617e-35	4.68666e-36	6.77996e-37	9.09916e-38	1.14457e-38	1.36054e-39	1.53847e-40	1.66403e-41	1.72951e-42	1.73402e-43	1.68264e-44	1.5848e-45	1.45234e-46	1.29783e-47	1.13302e-48	9.67964e-50	8.10446e-51	7.24266e-52	
B199	0	0	0	0	0	0	0	0	0	0	0	0	0	0	0	0	0	1	0	0	0	0	0	0	0	0	0	0	0	0	0	0	0	0	0	0	0	0	0	0	0	
BGAA3	0	0	0	0	0	0	0	0	0	0	0	0	0	0	0	0	0	1	0	0	0	0	0	0	0	0	0	0	0	0	0	0	0	0	0	0	0	0	0	0	0	
N18	1.00529e-63	3.06884e-61	8.82808e-59	2.37025e-56	5.89377e-54	1.34468e-51	2.78313e-49	5.1521e-47	8.37797e-45	1.16879e-42	1.35474e-40	1.24652e-38	8.4988e-37	3.83555e-35	6.63374e-18	2.77876e-11	1.75579e-05	0.999982	1.26918e-08	2.35042e-17	1.34761e-26	8.43626e-34	1.68396e-34	2.95394e-35	4.66272e-36	6.73865e-37	9.03478e-38	1.13535e-38	1.34824e-39	1.52305e-40	1.64573e-41	1.70879e-42	1.71154e-43	1.65919e-44	1.56115e-45	1.42926e-46	1.27593e-47	1.1128e-48	9.49744e-50	7.94401e-51	7.0916e-52	
B11604	0	0	0	0	0	0	0	0	0	0	0	0	0	0	0	0	0	1	0	0	0	0	0	0	0	0	0	0	0	0	0	0	0	0	0	0	0	0	0	0	0	
BGA583	0	0	0	0	0	0	0	0	0	0	0	0	0	0	0	0	0	1	0	0	0	0	0	0	0	0	0	0	0	0	0	0	0	0	0	0	0	0	0	0	0	
N19	1.73196e-86	8.81412e-60	8.17699e-53	1.51356e-46	9.73573e-41	2.6877e-35	3.51738e-30	2.28253e-25	7.41737e-21	1.18354e-16	8.80562e-13	2.77609e-09	3.13292e-06	0.00093285	0.0491536	0.392038	0.496003	0.0618537	1.53261e-05	7.4383e-10	1.27628e-14	1.0036e-19	4.19214e-25	1.02296e-30	1.55749e-36	1.55191e-42	1.04871e-48	4.93774e-55	1.6537e-61	4.00179e-68	7.13346e-75	4.68631e-81	2.19358e-85	1.08447e-89	4.55702e-94	1.62586e-98	4.91375e-103	1.25272e-107	2.6769e-112	4.75069e-117	8.16337e-122	
N20	4.04464e-58	5.436e-56	6.92543e-54	8.25163e-52	9.12509e-50	9.27972e-48	8.58089e-46	7.11396e-44	5.19345e-42	3.26053e-40	1.70446e-38	7.08431e-37	2.18216e-35	4.43529e-34	4.9244e-14	8.23689e-09	0.00025301	0.999747	1.8815e-07	6.36786e-15	7.63629e-23	6.36427e-33	2.52741e-33	9.05293e-34	2.97219e-34	9.05646e-35	2.58659e-35	6.98e-36	1.79138e-36	4.39632e-37	1.03647e-37	2.35654e-38	5.18447e-39	1.10687e-39	2.29903e-40	4.65596e-41	9.21158e-42	1.78348e-42	3.38437e-43	6.30333e-44	1.40578e-44	
BGA89	0	0	0	0	0	0	0	0	0	0	0	0	0	0	0	0	0	1	0	0	0	0	0	0	0	0	0	0	0	0	0	0	0	0	0	0	0	0	0	0	0	
BGA40	0	0	0	0	0	0	0	0	0	0	0	0	0	0	0	0	0	1	0	0	0	0	0	0	0	0	0	0	0	0	0	0	0	0	0	0	0	0	0	0	0	
N21	3.83313e-90	2.74858e-63	3.65412e-56	9.80559e-50	9.26368e-44	3.81232e-38	7.56639e-33	7.59887e-28	3.91618e-23	1.02157e-18	1.29234e-14	7.3095e-11	1.60135e-07	0.000104544	0.0129061	0.226997	0.593751	0.166176	6.43209e-05	4.07772e-09	8.23737e-14	7.13836e-19	3.14188e-24	7.82475e-30	1.18757e-35	1.1586e-41	7.55934e-48	3.39864e-54	1.07719e-60	2.44929e-67	4.50571e-74	3.80716e-79	2.58459e-83	1.50342e-87	7.40759e-92	3.09088e-96	1.09006e-100	3.23674e-105	8.04254e-110	1.6574e-114	3.3793e-119	
N22	2.65867e-60	4.75207e-58	8.04894e-56	1.27716e-53	1.88456e-51	2.5633e-49	3.17931e-47	3.54805e-45	3.50236e-43	2.99058e-41	2.14304e-39	1.23461e-37	5.35907e-36	1.57584e-34	2.15806e-17	5.74902e-11	2.28974e-05	0.999977	1.65888e-08	4.69334e-17	4.42182e-26	3.80552e-33	1.25869e-33	3.71515e-34	9.97155e-35	2.46896e-35	5.70297e-36	1.23997e-36	2.55625e-37	5.02669e-38	9.47589e-39	1.71971e-39	3.01545e-40	5.12461e-41	8.4635e-42	1.36157e-42	2.13809e-43	3.28322e-44	4.93819e-45	7.28549e-46	1.23048e-46	
BGAA2	0	0	0	0	0	0	0	0	0	0	0	0	0	0	0	0	0	1	0	0	0	0	0	0	0	0	0	0	0	0	0	0	0	0	0	0	0	0	0	0	0	
BGAA1	0	0	0	0	0	0	0	0	0	0	0	0	0	0	0	0	0	1	0	0	0	0	0	0	0	0	0	0	0	0	0	0	0	0	0	0	0	0	0	0	0	
N23	3.5708e-129	6.1376e-100	1.69703e-90	8.52386e-82	1.38475e-73	9.17019e-66	2.78873e-58	4.15773e-51	3.13942e-44	1.20976e-37	2.34194e-31	2.18244e-25	9.03367e-20	1.43923e-14	6.76917e-10	5.81442e-06	0.00727501	0.992715	4.66812e-06	3.74066e-12	9.85597e-19	1.13263e-25	6.63766e-33	2.18639e-40	4.31764e-48	5.34298e-56	4.27202e-64	2.25332e-72	7.94505e-81	1.88585e-89	3.01811e-98	3.24506e-107	2.32342e-116	1.09172e-125	3.29516e-135	6.20026e-145	6.97652e-155	4.42688e-165	1.45366e-175	2.15734e-186	1.31266e-197	
BGA584	0	0	0	0	0	0	0	0	0	0	0	0	0	0	0	0	0	1	0	0	0	0	0	0	0	0	0	0	0	0	0	0	0	0	0	0	0	0	0	0	0	
BGA706	0	0	0	0	0	0	0	0	0	0	0	0	0	0	0	0	0	1	0	0	0	0	0	0	0	0	0	0	0	0	0	0	0	0	0	0	0	0	0	0	0	
N24	6.48076e-81	1.07479e-54	3.31929e-48	2.08158e-42	4.6245e-37	4.50413e-32	2.12953e-27	5.12797e-23	6.37633e-19	4.03524e-15	1.24315e-11	1.71336e-08	9.11079e-06	0.0014484	0.0502544	0.340992	0.494395	0.112803	9.80247e-05	1.71227e-08	1.07342e-12	3.11791e-17	4.85255e-22	4.44358e-27	2.55446e-32	9.66218e-38	2.49056e-43	4.49298e-49	5.78936e-55	5.41183e-61	3.89504e-67	4.22622e-71	6.15652e-72	1.00578e-72	1.60398e-73	2.50116e-74	3.81995e-75	5.72263e-76	8.42038e-77	1.2184e-77	2.01802e-78	
N25	1.31383e-57	1.80715e-55	2.34416e-53	2.82806e-51	3.14657e-49	4.55687e-72	3.33221e-63	4.42785e-55	1.77488e-47	2.5824e-40	1.47893e-33	3.36305e-27	2.88482e-21	8.18723e-16	5.95191e-11	8.74148e-07	0.00254503	0.997452	1.7395e-06	5.40899e-13	5.67327e-20	2.56394e-27	5.64149e-35	6.46985e-43	3.98148e-51	1.31515e-59	2.26331e-68	1.87001e-77	6.27566e-87	5.36633e-97	4.17855e-38	8.63298e-39	1.72416e-39	3.33875e-40	6.28527e-41	1.1529e-41	2.06475e-42	3.6168e-43	6.20664e-44	1.04492e-44	2.06231e-45	
BGA304	0	0	0	0	0	0	0	0	0	0	0	0	0	0	0	0	0	1	0	0	0	0	0	0	0	0	0	0	0	0	0	0	0	0	0	0	0	0	0	0	0	
BGA303	0	0	0	0	0	0	0	0	0	0	0	0	0	0	0	0	0	1	0	0	0	0	0	0	0	0	0	0	0	0	0	0	0	0	0	0	0	0	0	0	0	
N26	1.37761e-57	1.84928e-55	2.34244e-53	2.76085e-51	3.00261e-49	2.98297e-47	2.67367e-45	2.12874e-43	1.47579e-41	8.67673e-40	4.17251e-38	1.55793e-36	4.17184e-35	7.03718e-34	6.02451e-33	3.02076e-11	1.49048e-05	0.999985	1.0806e-08	2.10303e-17	1.28891e-32	5.57815e-33	2.11798e-33	7.21664e-34	2.2447e-34	6.45876e-35	1.73726e-35	4.4053e-36	1.06045e-36	2.43727e-37	5.3741e-38	1.14149e-38	2.34383e-39	4.66631e-40	9.03141e-41	1.70322e-41	3.13612e-42	5.64808e-43	9.96519e-44	1.72493e-44	3.51932e-45	
BGAB1	0	0	0	0	0	0	0	0	0	0	0	0	0	0	0	0	0	1	0	0	0	0	0	0	0	0	0	0	0	0	0	0	0	0	0	0	0	0	0	0	0	
BGA7	0	0	0	0	0	0	0	0	0	0	0	0	0	0	0	0	0	1	0	0	0	0	0	0	0	0	0	0	0	0	0	0	0	0	0	0	0	0	0	0	0	
N27	1.34182e-41	2.5422e-40	4.52593e-39	7.10551e-38	9.62669e-37	1.09395e-35	1.00347e-34	7.05035e-34	3.53856e-33	1.18118e-32	2.68501e-32	9.13072e-29	9.33073e-23	2.34736e-17	1.8967e-12	5.1516e-08	0.000501197	0.999499	2.34526e-07	1.21861e-14	2.51791e-22	2.0019e-30	6.07967e-39	5.69994e-48	3.19607e-33	1.89067e-33	1.09304e-33	6.1879e-34	3.43624e-34	1.87465e-34	1.00609e-34	5.31804e-35	2.77158e-35	1.42554e-35	7.24233e-36	3.63718e-36	1.80693e-36	8.88567e-37	4.32774e-37	2.08986e-37	1.89032e-37	
PGA445	0	0	0	0	0	0	0	0	0	0	0	0	0	0	0	0	0	1	0	0	0	0	0	0	0	0	0	0	0	0	0	0	0	0	0	0	0	0	0	0	0	
PGA363	0	0	0	0	0	0	0	0	0	0	0	0	0	0	0	0	0	1	0	0	0	0	0	0	0	0	0	0	0	0	0	0	0	0	0	0	0	0	0	0	0	
N28	1.44285e-59	5.56451e-33	2.91991e-26	2.1167e-20	3.32768e-15	1.20198e-10	8.73716e-07	0.000951291	0.101889	0.670423	0.224902	0.00183424	2.85094e-07	6.00243e-12	3.61493e-17	8.621e-23	9.87894e-29	6.17391e-35	2.29724e-41	5.42184e-48	8.50834e-55	9.20196e-62	7.0519e-69	3.91325e-76	1.59941e-83	4.87906e-91	1.12232e-98	1.9617e-106	2.61971e-114	2.68213e-122	2.1087e-130	1.27286e-138	5.89024e-147	2.75397e-155	4.55911e-162	7.11359e-169	3.38926e-176	7.38227e-184	8.70056e-192	6.01095e-200	3.3255e-208	
N29	7.16146e-52	2.97785e-26	1.59373e-20	1.09397e-15	1.57815e-11	5.50507e-08	4.63624e-05	0.00839131	0.248991	0.689758	0.0527531	5.98633e-05	7.84919e-09	2.92877e-13	4.44542e-18	3.3362e-23	1.39939e-28	3.56657e-34	5.86488e-40	6.50731e-46	5.0414e-52	2.80088e-58	1.13963e-64	3.45303e-71	7.89465e-78	1.37614e-84	1.84355e-91	1.90933e-98	1.53503e-105	9.60301e-113	4.67844e-120	1.77363e-127	5.21992e-135	1.18777e-142	2.07729e-150	2.76985e-158	2.78631e-166	2.08597e-174	1.1421e-182	4.4723e-191	2.14023e-199	
Rhaspe	0	0	0	0	0	0	0	0	0	1	0	0	0	0	0	0	0	0	0	0	0	0	0	0	0	0	0	0	0	0	0	0	0	0	0	0	0	0	0	0	0	
N30	4.17423e-49	3.87359e-24	5.70973e-19	1.33322e-14	8.11309e-11	1.46675e-07	7.73623e-05	0.0103702	0.261903	0.678593	0.048964	9.21089e-05	3.52011e-08	4.71611e-12	2.89e-16	9.46902e-21	1.83617e-25	2.26133e-30	1.86177e-35	1.06491e-40	4.3587e-46	1.30635e-51	2.91941e-57	4.93491e-63	6.38115e-69	6.36719e-75	4.93502e-81	2.98522e-87	1.41364e-93	5.24832e-100	1.52764e-106	3.48088e-113	6.19021e-120	8.55132e-127	9.11689e-134	7.43719e-141	4.59101e-148	2.11452e-155	7.1368e-163	1.72575e-170	7.84981e-178	
Rhamar	0	0	0	0	0	0	0	0	0	1	0	0	0	0	0	0	0	0	0	0	0	0	0	0	0	0	0	0	0	0	0	0	0	0	0	0	0	0	0	0	0	
Rhatem	0	0	0	0	0	0	0	0	0	0	1	0	0	0	0	0	0	0	0	0	0	0	0	0	0	0	0	0	0	0	0	0	0	0	0	0	0	0	0	0	0	
N31	7.22872e-68	1.97921e-40	7.7605e-33	4.51745e-26	6.22857e-20	2.17824e-14	1.65251e-09	1.74377e-05	0.0130824	0.399476	0.566971	0.0204365	1.70577e-05	6.33637e-10	2.85807e-15	3.53394e-21	1.73843e-27	4.16904e-34	5.52481e-41	4.39744e-48	2.22835e-55	7.49787e-63	1.72795e-70	2.79108e-78	3.21417e-86	2.67175e-94	5.12414e-99	1.10417e-98	3.86256e-99	3.76813e-100	1.23859e-101	1.46372e-103	6.16289e-106	8.56809e-109	3.35489e-112	2.84149e-116	4.47068e-121	3.18853e-126	1.80695e-131	8.47481e-137	3.66177e-142	
N32	1.89559e-66	8.58386e-40	6.07622e-33	7.13632e-27	2.32622e-21	2.4555e-16	8.5152e-12	8.83057e-08	0.000212116	0.0563112	0.723376	0.211978	0.00807671	4.57997e-05	1.34766e-08	6.6834e-13	8.46722e-18	3.82396e-23	7.94556e-29	8.83281e-35	5.78676e-41	2.38817e-47	6.51531e-54	1.21821e-60	1.60478e-67	1.52155e-74	1.05565e-81	5.42822e-89	2.08866e-96	6.05563e-104	1.32896e-111	2.21284e-119	2.79641e-127	2.67715e-135	1.93386e-143	1.04733e-151	4.21388e-160	1.24409e-168	2.65131e-177	3.99129e-186	4.99512e-195	
N33	8.1146e-61	5.00327e-35	5.21131e-29	9.72935e-24	5.52284e-19	1.13406e-14	8.80185e-11	2.47302e-07	0.000217751	0.0430256	0.761698	0.188619	0.00639192	4.73567e-05	1.05646e-07	8.28205e-11	2.20726e-14	1.39357e-18	3.58599e-23	4.71837e-28	3.59515e-33	1.71661e-38	5.4236e-44	1.17956e-49	1.81896e-55	2.03434e-61	1.67918e-67	1.03674e-73	4.83684e-80	1.71793e-86	4.6701e-93	1.04859e-99	3.57261e-105	1.35902e-109	4.71014e-114	1.41894e-118	3.69941e-123	8.29884e-128	1.58941e-132	2.57206e-137	4.00839e-142	
N34	2.81208e-44	1.01068e-42	3.3902e-41	1.02072e-39	2.71012e-38	6.19947e-37	1.18349e-35	1.80102e-34	2.03683e-33	1.52409e-32	6.16879e-32	1.17293e-31	1.47224e-31	2.65398e-15	6.80204e-10	5.89519e-05	0.999941	1.97699e-08	8.50855e-17	1.45114e-25	3.77439e-33	1.74039e-33	7.72671e-34	3.31782e-34	1.38308e-34	5.6149e-35	2.2258e-35	8.63509e-36	3.28496e-36	1.22748e-36	4.51188e-37	1.63354e-37	5.83214e-38	2.0554e-38	7.15703e-39	2.46428e-39	8.39634e-40	2.83282e-40	9.46979e-41	3.1387e-41	1.52794e-41	
FGA379	0	0	0	0	0	0	0	0	0	0	0	0	0	0	0	0	1	0	0	0	0	0	0	0	0	0	0	0	0	0	0	0	0	0	0	0	0	0	0	0	0	
F647	0	0	0	0	0	0	0	0	0	0	0	0	0	0	0	0	1	0	0	0	0	0	0	0	0	0	0	0	0	0	0	0	0	0	0	0	0	0	0	0	0	
N35	3.54784e-60	2.03415e-34	1.9408e-28	3.25862e-23	1.62912e-18	2.87734e-14	1.87094e-10	4.2844e-07	0.000300759	0.048041	0.879629	0.071802	0.000226382	1.16556e-07	1.75318e-11	1.05258e-15	3.04457e-20	4.80072e-25	4.49848e-30	2.66768e-35	1.04978e-40	2.84341e-46	5.45517e-52	7.58376e-58	7.77942e-64	5.97422e-70	3.47426e-76	1.5437e-82	5.27586e-89	1.39351e-95	2.85275e-102	4.53159e-109	5.58209e-116	5.31915e-123	3.90368e-130	2.19192e-137	9.33089e-145	3.14584e-152	1.61262e-157	1.26922e-161	1.2522e-165	
N36	1.05757e-66	3.57377e-40	1.95549e-33	1.8415e-27	5.02569e-22	4.68199e-17	1.53386e-12	1.65721e-08	4.94269e-05	0.0274079	0.948704	0.0237944	4.44502e-05	1.50198e-08	4.13589e-13	3.61536e-18	1.41301e-23	2.93189e-29	3.58668e-35	2.77613e-41	1.42981e-47	5.0868e-54	1.28612e-60	2.36221e-67	3.206e-74	3.25813e-81	2.50472e-88	7.11593e-95	5.53284e-97	3.47283e-97	4.0228e-97	3.60813e-97	2.3945e-97	1.10271e-97	3.17583e-98	4.82724e-99	3.5108e-100	2.51492e-101	1.77882e-102	1.24319e-103	9.22003e-105	
N37	1.00685e-70	1.3926e-43	2.94009e-36	1.00103e-29	9.15275e-24	2.60517e-18	2.32373e-13	5.88718e-09	3.36735e-05	0.0270659	0.971248	0.00165239	1.19338e-07	1.31854e-12	3.46647e-18	3.49655e-24	1.70683e-30	4.61047e-37	7.51046e-44	7.82587e-51	5.4396e-58	2.60046e-65	8.74464e-73	2.10263e-80	3.65902e-88	5.29109e-96	4.69369e-88	2.88368e-85	3.36569e-83	1.25762e-81	1.82347e-80	1.09947e-79	2.74272e-79	2.61808e-79	7.92751e-80	5.18507e-81	8.33491e-83	1.29955e-84	1.96721e-86	2.89056e-88	4.17912e-90	
N38	1.61724e-47	1.15069e-45	7.59473e-44	4.53299e-42	2.40795e-40	1.11485e-38	4.37237e-37	1.33428e-21	6.77936e-14	8.0371e-07	0.999999	3.78153e-08	1.95891e-16	3.16048e-25	1.846e-32	8.01995e-33	3.11572e-33	1.10772e-33	3.66343e-34	1.14073e-34	3.3753e-35	9.55867e-36	2.60573e-36	6.86957e-37	1.75819e-37	4.38257e-38	1.06681e-38	2.54182e-39	5.93959e-40	1.36353e-40	3.07978e-41	6.8531e-42	1.50407e-42	3.2592e-43	6.97924e-44	1.47814e-44	3.0985e-45	6.43285e-46	1.32353e-46	2.70014e-47	6.8342e-48	
F3016	0	0	0	0	0	0	0	0	0	0	1	0	0	0	0	0	0	0	0	0	0	0	0	0	0	0	0	0	0	0	0	0	0	0	0	0	0	0	0	0	0	
F3015	0	0	0	0	0	0	0	0	0	0	1	0	0	0	0	0	0	0	0	0	0	0	0	0	0	0	0	0	0	0	0	0	0	0	0	0	0	0	0	0	0	
N39	6.39512e-72	1.09883e-44	2.93312e-37	1.28878e-30	1.55546e-24	5.98798e-19	7.40438e-14	2.65587e-09	2.16261e-05	0.0236452	0.975827	0.000506566	1.28557e-08	6.5508e-14	1.13071e-19	8.65451e-26	3.44726e-32	7.92634e-39	1.12963e-45	1.04977e-52	6.60207e-60	2.88837e-67	8.97267e-75	2.00934e-82	3.27897e-90	3.92746e-98	3.46702e-106	2.2585e-114	1.0841e-122	1.47244e-130	8.89575e-134	2.91715e-137	3.56765e-141	1.39972e-145	1.32615e-150	1.69742e-156	1.43567e-163	7.1142e-171	2.57889e-178	6.71977e-186	1.52641e-193	
N40	1.74849e-72	2.42047e-45	5.42541e-38	2.1042e-31	2.37852e-25	9.22334e-20	1.26026e-14	5.64171e-10	6.75351e-06	0.0133002	0.98505	0.00164273	3.38407e-07	3.54963e-12	1.09332e-17	1.44915e-23	9.97354e-30	3.99075e-36	1.0009e-42	1.65931e-49	1.89059e-56	1.52458e-63	8.89884e-71	3.82518e-78	1.22708e-85	2.96747e-93	5.48827e-101	2.68972e-108	8.31212e-114	3.08004e-119	9.81917e-125	2.68611e-130	6.28883e-136	1.25558e-141	2.12767e-147	3.0421e-153	3.64293e-159	3.62063e-165	2.95313e-171	1.94912e-177	1.05084e-183	
N41	3.19987e-80	3.92931e-52	7.42038e-44	2.30782e-36	1.97554e-29	5.41582e-23	4.80048e-17	1.24585e-11	7.40899e-07	0.00579386	0.994172	3.34523e-05	9.24977e-11	6.04888e-17	1.44504e-23	1.59291e-30	9.34687e-38	3.20873e-45	6.8826e-53	9.67155e-61	9.21944e-69	6.11845e-77	2.88192e-85	9.77134e-94	2.40865e-102	4.34434e-111	6.37162e-106	3.53275e-106	3.24422e-107	8.50027e-109	7.69723e-111	2.5753e-113	3.15064e-116	1.28952e-119	1.4264e-123	2.64928e-128	7.88609e-134	1.97662e-139	4.14406e-145	7.17903e-151	1.05914e-156	
N42	1.212e-77	6.47032e-50	5.41044e-42	7.59371e-35	3.01518e-28	3.98417e-22	1.79547e-16	2.5555e-11	9.33833e-07	0.00543169	0.994357	0.000210279	2.35505e-09	5.31025e-15	3.9332e-21	1.26862e-27	2.10689e-34	2.00332e-41	1.17049e-48	4.41286e-56	1.11116e-63	1.91481e-71	2.29681e-79	1.93919e-87	1.17435e-95	2.86196e-103	1.77836e-102	6.09706e-100	3.74252e-98	2.17257e-95	5.62072e-88	3.45974e-81	4.57329e-75	1.03624e-69	2.38391e-65	1.11817e-62	1.17712e-62	1.17751e-62	1.17751e-62	1.17751e-62	1.17751e-62	
N43	4.13731e-49	4.173e-47	3.90197e-45	3.3116e-43	2.5123e-41	1.66979e-39	9.45958e-38	1.88326e-21	8.50138e-14	9.03613e-07	0.999999	4.93439e-08	3.25238e-16	6.64551e-25	6.61867e-33	2.19538e-33	6.50704e-34	1.76424e-34	4.44853e-35	1.05595e-35	2.3816e-36	5.14076e-37	1.06813e-37	2.14628e-38	4.18687e-39	7.95471e-40	1.47593e-40	2.68048e-41	4.77445e-42	8.35489e-43	1.43851e-43	2.44008e-44	4.0824e-45	6.74359e-46	1.10084e-46	1.77733e-47	2.84013e-48	4.4949e-49	7.04972e-50	1.09631e-50	1.99638e-51	
F1476	0	0	0	0	0	0	0	0	0	0	1	0	0	0	0	0	0	0	0	0	0	0	0	0	0	0	0	0	0	0	0	0	0	0	0	0	0	0	0	0	0	
FGA81	0	0	0	0	0	0	0	0	0	0	1	0	0	0	0	0	0	0	0	0	0	0	0	0	0	0	0	0	0	0	0	0	0	0	0	0	0	0	0	0	0	
N44	8.6663e-77	3.14196e-49	1.80895e-41	1.78041e-34	5.06835e-28	4.93751e-22	1.70255e-16	1.95486e-11	6.25728e-07	0.00369201	0.991411	0.00489412	1.79736e-06	1.1988e-10	3.27657e-16	2.80267e-22	1.07082e-28	2.16228e-35	2.54671e-42	1.86454e-49	8.86062e-57	2.81616e-64	6.11094e-72	9.17762e-80	9.61612e-88	7.05189e-96	3.23059e-91	1.40224e-91	9.70152e-93	1.89661e-94	6.93245e-92	1.46923e-88	6.15424e-86	4.1161e-84	2.67413e-83	3.56981e-84	2.91986e-87	2.04673e-90	1.23903e-93	6.40756e-97	3.31301e-100	
Furcep	0	0	0	0	0	0	0	0	0	0	0	0	0	1	0	0	0	0	0	0	0	0	0	0	0	0	0	0	0	0	0	0	0	0	0	0	0	0	0	0	0	
N45	1.0155e-72	1.20253e-45	2.3025e-38	7.65733e-32	7.4926e-26	2.55934e-20	3.17403e-15	1.35874e-10	1.71917e-06	0.00453869	0.990161	0.00529799	3.57419e-07	4.68327e-12	2.04019e-17	3.88511e-23	3.81355e-29	2.14842e-35	7.47886e-42	1.69568e-48	2.60245e-55	2.78221e-62	2.11667e-69	1.16427e-76	4.68328e-84	1.38837e-91	3.04708e-99	4.95868e-107	5.97573e-115	5.31028e-123	4.47588e-131	3.3516e-134	4.81872e-137	2.72401e-140	4.69575e-144	9.30301e-149	1.6239e-155	1.78744e-162	1.45287e-169	8.63894e-177	4.40479e-184	
Furpol	0	0	0	0	0	0	0	0	0	0	0	1	0	0	0	0	0	0	0	0	0	0	0	0	0	0	0	0	0	0	0	0	0	0	0	0	0	0	0	0	0	
N46	9.41641e-70	5.32618e-43	4.93483e-36	8.02975e-30	3.87923e-24	6.59171e-19	4.09434e-14	8.84546e-10	5.71641e-06	0.00791712	0.991692	0.000385253	1.57563e-08	1.7816e-13	8.19238e-19	1.88137e-24	2.44797e-30	1.96385e-36	1.03135e-42	3.70594e-49	9.42248e-56	1.73978e-62	2.38089e-69	2.45407e-76	1.92954e-83	1.16886e-90	5.49699e-98	2.01836e-105	5.80851e-113	1.31311e-120	2.33354e-128	3.25722e-136	3.56256e-144	3.04095e-152	2.01391e-160	1.02661e-168	3.98645e-177	1.16346e-185	2.50848e-194	3.9072e-203	5.09606e-212	
N47	2.56595e-71	2.06571e-44	2.72968e-37	6.35909e-31	4.41607e-25	1.08313e-19	9.75e-15	3.06261e-10	2.87928e-06	0.00575206	0.994072	0.000173034	3.94092e-09	2.7367e-14	8.16889e-20	1.26176e-25	1.13174e-31	6.37269e-38	2.38174e-44	6.15775e-51	1.13661e-57	1.5351e-64	1.56557e-71	1.33716e-77	6.73573e-82	3.22678e-86	1.34739e-90	4.92227e-95	1.57759e-99	4.4441e-104	1.10146e-108	2.40223e-113	4.60699e-118	7.75699e-123	1.14377e-127	1.47158e-132	1.64399e-137	1.58452e-142	1.30659e-147	9.11752e-153	5.8399e-158	
N48	6.24879e-53	1.67694e-50	4.11115e-48	9.0513e-46	3.06779e-43	2.04394e-34	2.49135e-26	7.17423e-19	4.84095e-12	7.21753e-06	0.999992	2.86923e-07	1.07524e-14	1.23602e-22	4.69307e-31	6.17258e-40	2.34336e-49	1.58691e-37	1.45228e-38	1.25072e-39	1.02312e-40	8.00746e-42	6.03077e-43	4.39126e-44	3.10322e-45	2.13515e-46	1.43419e-47	9.42621e-49	6.07392e-50	3.84358e-51	2.39206e-52	1.46599e-53	8.8574e-55	5.28109e-56	3.11004e-57	1.81038e-58	1.04242e-59	5.94089e-61	3.35305e-62	1.87512e-63	1.09991e-64	
F2241	0	0	0	0	0	0	0	0	0	0	1	0	0	0	0	0	0	0	0	0	0	0	0	0	0	0	0	0	0	0	0	0	0	0	0	0	0	0	0	0	0	
F12266	0	0	0	0	0	0	0	0	0	0	1	0	0	0	0	0	0	0	0	0	0	0	0	0	0	0	0	0	0	0	0	0	0	0	0	0	0	0	0	0	0	
Furang	0	0	0	0	0	0	0	0	0	0	1	0	0	0	0	0	0	0	0	0	0	0	0	0	0	0	0	0	0	0	0	0	0	0	0	0	0	0	0	0	0	
Fga490	0	0	0	0	0	0	0	0	0	0	1	0	0	0	0	0	0	0	0	0	0	0	0	0	0	0	0	0	0	0	0	0	0	0	0	0	0	0	0	0	0	
N49	8.03188e-76	2.30349e-48	1.05714e-40	8.33446e-34	1.90014e-27	1.47448e-21	4.00615e-16	3.56433e-11	8.64554e-07	0.0038036	0.995477	0.000718073	7.24555e-09	1.69182e-14	1.50891e-20	6.51345e-27	1.56278e-33	2.28076e-40	2.15592e-47	1.38167e-54	6.21281e-62	2.01225e-69	4.79094e-77	8.51904e-85	1.14536e-92	1.17538e-100	9.27188e-109	5.65038e-117	2.66858e-125	9.78179e-134	2.78249e-142	6.13174e-151	1.04333e-159	1.36381e-168	1.36009e-177	1.02545e-186	5.77746e-196	2.39681e-205	7.18602e-215	1.52037e-224	2.72205e-234	
N50	2.77586e-75	5.74284e-48	1.93424e-40	1.13948e-33	1.98638e-27	1.21448e-21	2.70693e-16	2.09168e-11	4.80819e-07	0.00233698	0.973171	0.0244916	4.06104e-07	1.5407e-12	2.23136e-18	1.56526e-24	6.10712e-31	1.44974e-37	2.22835e-44	2.32015e-51	1.6925e-58	8.87488e-66	3.41196e-73	9.76532e-81	2.10527e-88	3.44923e-96	4.32254e-104	4.16164e-112	3.08608e-120	1.76412e-128	7.76755e-137	2.62802e-145	6.8045e-154	1.34046e-162	1.99353e-171	2.21598e-180	1.81804e-189	1.0836e-198	4.59991e-208	1.35622e-217	3.13088e-227	
N51	7.37933e-81	5.42819e-53	6.40475e-45	1.30689e-37	7.79443e-31	1.60914e-24	1.19486e-18	3.03829e-13	2.28193e-08	0.000366144	0.539568	0.460043	2.27236e-05	1.19686e-10	1.22506e-16	4.47197e-23	7.62877e-30	7.07531e-37	3.92693e-44	1.39273e-51	3.30839e-59	5.45054e-67	6.39403e-75	5.44963e-83	3.42703e-91	1.60886e-99	5.68798e-108	1.5238e-116	3.10575e-125	4.82566e-134	5.71722e-143	5.15663e-152	3.52889e-161	1.82276e-170	7.05485e-180	2.02661e-189	4.26852e-199	6.49091e-209	6.9886e-219	5.19713e-229	2.76453e-239	
N52	1.36821e-77	3.42821e-50	1.4222e-42	1.05494e-35	2.3794e-29	1.9495e-23	6.10771e-18	7.11142e-13	2.75332e-08	0.000277585	0.409792	0.589898	3.24982e-05	2.5172e-10	6.02698e-16	6.2108e-22	3.30215e-28	1.01457e-34	1.94511e-41	2.45798e-48	2.13206e-55	1.30907e-62	5.82599e-70	1.91461e-77	4.97939e-85	3.19634e-91	3.09898e-96	2.65987e-101	1.97123e-106	1.26347e-111	7.00877e-117	3.36388e-122	1.39515e-127	4.9889e-133	1.53306e-138	4.03027e-144	9.01116e-150	1.70073e-155	2.68373e-161	3.4976e-167	3.87832e-173	
N53	5.1187e-76	6.84815e-49	1.54806e-41	6.40175e-35	8.26647e-29	4.00333e-23	7.71488e-18	5.82117e-13	1.57054e-08	0.000123244	0.172388	0.827388	0.000100818	1.75931e-09	9.56542e-15	2.24975e-20	2.74132e-26	1.9378e-32	8.58162e-39	2.51573e-45	5.08615e-52	7.31682e-59	7.67411e-66	6.14421e-73	9.04529e-79	3.97201e-83	1.56949e-87	5.38985e-92	1.61438e-96	4.22806e-101	9.69759e-106	1.94915e-110	3.43211e-115	5.28787e-120	7.11268e-125	8.32454e-130	8.43802e-135	7.36155e-140	5.48263e-145	3.44843e-150	1.97916e-155	
FGA456	0	0	0	0	0	0	0	0	0	0	0	1	0	0	0	0	0	0	0	0	0	0	0	0	0	0	0	0	0	0	0	0	0	0	0	0	0	0	0	0	0	
N54	4.11167e-54	1.233e-51	3.40133e-49	8.50081e-47	1.89525e-44	3.69346e-42	6.11878e-40	8.27637e-38	8.14221e-18	5.33257e-11	6.53958e-05	0.999934	1.74646e-07	4.17407e-15	3.16704e-23	1.29749e-34	1.60738e-35	1.77345e-36	1.78408e-37	1.66406e-38	1.45701e-39	1.20895e-40	9.57701e-42	7.28621e-43	5.34956e-44	3.80546e-45	2.63155e-46	1.77397e-47	1.16856e-48	7.53718e-50	4.76863e-51	2.96397e-52	1.81231e-53	1.09141e-54	6.4803e-56	3.79714e-57	2.19753e-58	1.25704e-59	7.11195e-61	3.98213e-62	2.33603e-63	
FGA516	0	0	0	0	0	0	0	0	0	0	0	1	0	0	0	0	0	0	0	0	0	0	0	0	0	0	0	0	0	0	0	0	0	0	0	0	0	0	0	0	0	
FGA513	0	0	0	0	0	0	0	0	0	0	0	1	0	0	0	0	0	0	0	0	0	0	0	0	0	0	0	0	0	0	0	0	0	0	0	0	0	0	0	0	0	
N55	4.9299e-52	9.33313e-50	1.6322e-47	2.59286e-45	3.68512e-43	4.59313e-41	4.88478e-39	4.25961e-37	1.54506e-20	8.10535e-13	7.87971e-06	0.999992	2.02597e-08	6.11212e-17	5.87935e-26	6.70064e-34	1.32289e-34	2.3353e-35	3.76861e-36	5.64874e-37	7.95833e-38	1.06357e-38	1.35803e-39	1.66633e-40	1.97411e-41	2.26689e-42	2.53135e-43	2.75636e-44	2.93358e-45	3.05785e-46	3.12716e-47	3.14238e-48	3.10687e-49	3.02588e-50	2.90601e-51	2.75458e-52	2.57922e-53	2.38733e-54	2.18582e-55	1.98086e-56	1.951e-57	
F12278	0	0	0	0	0	0	0	0	0	0	0	1	0	0	0	0	0	0	0	0	0	0	0	0	0	0	0	0	0	0	0	0	0	0	0	0	0	0	0	0	0	
F12279	0	0	0	0	0	0	0	0	0	0	0	1	0	0	0	0	0	0	0	0	0	0	0	0	0	0	0	0	0	0	0	0	0	0	0	0	0	0	0	0	0	
N56	9.7321e-76	1.00702e-48	1.78982e-41	5.92602e-35	6.26377e-29	2.55254e-23	4.28849e-18	2.95775e-13	7.79691e-09	6.61668e-05	0.119246	0.860667	0.0199547	6.69254e-05	1.60031e-09	1.12096e-14	3.41422e-20	5.45199e-26	5.10409e-32	3.01803e-38	1.18835e-44	3.24022e-51	6.30299e-58	8.95095e-65	9.44866e-72	7.60385e-79	4.80722e-85	1.93813e-89	7.52948e-94	2.55848e-98	7.61466e-103	1.98625e-107	4.53938e-112	9.07823e-117	1.58515e-121	2.40845e-126	3.16941e-131	3.58989e-136	3.47123e-141	2.83467e-146	2.14081e-151	
Furant	0	0	0	0	0	0	0	0	0	0	0	1	0	0	0	0	0	0	0	0	0	0	0	0	0	0	0	0	0	0	0	0	0	0	0	0	0	0	0	0	0	
N57	2.76554e-52	6.96223e-50	1.61253e-47	3.38184e-45	6.32291e-43	1.03255e-40	1.43209e-38	1.61986e-36	1.40175e-34	8.26689e-33	2.61897e-15	1.68193e-09	0.000115005	0.999885	1.13224e-08	2.46453e-17	1.95754e-26	3.1707e-35	3.72527e-36	4.06117e-37	4.15835e-38	4.03663e-39	3.74218e-40	3.33262e-41	2.86468e-42	2.38621e-43	1.93247e-44	1.52579e-45	1.1773e-46	8.89548e-48	6.59341e-49	4.80146e-50	3.43988e-51	2.42734e-52	1.68885e-53	1.15964e-54	7.8649e-56	5.27249e-57	3.49608e-58	2.29429e-59	1.59341e-60	
FGA331	0	0	0	0	0	0	0	0	0	0	0	0	0	1	0	0	0	0	0	0	0	0	0	0	0	0	0	0	0	0	0	0	0	0	0	0	0	0	0	0	0	
FGA332	0	0	0	0	0	0	0	0	0	0	0	0	0	1	0	0	0	0	0	0	0	0	0	0	0	0	0	0	0	0	0	0	0	0	0	0	0	0	0	0	0	
FGA465	0	0	0	0	0	0	0	0	0	0	1	0	0	0	0	0	0	0	0	0	0	0	0	0	0	0	0	0	0	0	0	0	0	0	0	0	0	0	0	0	0	
N58	3.00767e-71	2.43809e-44	3.22293e-37	7.45557e-31	5.10307e-25	1.22439e-19	1.0702e-14	3.24258e-10	2.92971e-06	0.00566224	0.993463	0.000872031	3.28917e-08	3.00502e-13	1.06292e-18	1.8309e-24	1.75916e-30	1.03057e-36	3.91755e-43	1.01123e-49	1.83408e-56	2.39947e-63	2.31102e-70	1.68997e-77	8.57112e-84	1.9985e-88	4.48517e-93	8.69759e-98	1.46059e-102	2.12698e-107	2.6893e-112	1.37247e-116	5.23354e-118	2.499e-119	1.17484e-120	5.44121e-122	2.48407e-123	1.1184e-124	4.96796e-126	2.17802e-127	9.84777e-129	
N59	3.9152e-51	6.49361e-49	9.91764e-47	1.3699e-44	1.6843e-42	1.80521e-40	1.63905e-38	7.4099e-20	9.97961e-13	3.14496e-06	0.999997	1.64228e-07	3.54256e-15	2.38582e-23	1.03522e-33	2.13296e-34	3.92295e-35	6.59441e-36	1.03015e-36	1.51395e-37	2.11275e-38	2.82009e-39	3.62134e-40	4.4947e-41	5.41291e-42	6.34531e-43	7.26005e-44	8.1262e-45	8.91562e-46	9.60436e-47	1.01737e-47	1.06107e-48	1.09082e-49	1.10648e-50	1.10842e-51	1.09741e-52	1.07461e-53	1.04141e-54	9.99386e-56	9.50175e-57	9.87629e-58	
FGA99	0	0	0	0	0	0	0	0	0	0	1	0	0	0	0	0	0	0	0	0	0	0	0	0	0	0	0	0	0	0	0	0	0	0	0	0	0	0	0	0	0	
F12269	0	0	0	0	0	0	0	0	0	0	1	0	0	0	0	0	0	0	0	0	0	0	0	0	0	0	0	0	0	0	0	0	0	0	0	0	0	0	0	0	0	
N60	1.01229e-71	8.16275e-45	1.08548e-37	2.56049e-31	1.81615e-25	4.60554e-20	4.36208e-15	1.48013e-10	1.56899e-06	0.00382866	0.985553	0.0106167	4.9337e-07	5.27205e-12	2.15589e-17	4.27924e-23	4.73479e-29	3.19539e-35	1.4004e-41	4.17159e-48	8.74097e-55	1.32265e-61	1.47625e-68	1.85207e-75	5.35589e-80	7.6478e-82	2.31553e-83	6.80641e-85	1.94159e-86	5.3793e-88	1.44832e-89	3.79068e-91	9.64585e-93	2.38622e-94	5.73763e-96	1.3404e-97	3.04078e-99	6.69385e-101	1.42868e-102	2.95339e-104	6.02252e-106	
N61	2.40901e-52	5.3155e-50	1.07765e-47	1.97405e-45	3.21523e-43	4.55912e-41	5.46803e-39	8.4479e-23	1.10081e-14	3.31166e-07	1	2.70998e-08	8.20386e-17	7.05478e-26	1.05902e-33	1.89454e-34	2.95675e-35	4.14592e-36	5.33137e-37	6.3822e-38	7.1931e-39	7.69964e-40	7.88202e-41	7.75958e-42	7.37994e-43	6.80652e-44	6.10705e-45	5.34489e-46	4.57344e-47	3.83356e-48	3.15326e-49	2.54896e-50	2.0276e-51	1.58898e-52	1.22804e-53	9.36825e-55	7.06009e-56	5.25995e-57	3.87663e-58	2.82803e-59	2.20052e-60	
FGA15	0	0	0	0	0	0	0	0	0	0	1	0	0	0	0	0	0	0	0	0	0	0	0	0	0	0	0	0	0	0	0	0	0	0	0	0	0	0	0	0	0	
FGA440	0	0	0	0	0	0	0	0	0	0	1	0	0	0	0	0	0	0	0	0	0	0	0	0	0	0	0	0	0	0	0	0	0	0	0	0	0	0	0	0	0	
N62	9.64493e-52	2.05798e-49	4.02055e-47	7.06521e-45	1.09772e-42	1.47406e-40	1.6581e-38	1.49276e-36	7.55703e-20	3.36714e-12	2.55049e-05	0.999974	1.16223e-08	2.32191e-17	1.59444e-26	8.68527e-35	1.18154e-35	1.46968e-36	1.69957e-37	1.84974e-38	1.91238e-39	1.89181e-40	1.80104e-41	1.65784e-42	1.48115e-43	1.28849e-44	1.09434e-45	9.09509e-47	7.41126e-48	5.93115e-49	4.66856e-50	3.61893e-51	2.76577e-52	2.08604e-53	1.5541e-54	1.14452e-55	8.33801e-57	6.01259e-58	4.29405e-59	3.03876e-60	2.29108e-61	
FGA581	0	0	0	0	0	0	0	0	0	0	0	1	0	0	0	0	0	0	0	0	0	0	0	0	0	0	0	0	0	0	0	0	0	0	0	0	0	0	0	0	0	
FGA582	0	0	0	0	0	0	0	0	0	0	0	1	0	0	0	0	0	0	0	0	0	0	0	0	0	0	0	0	0	0	0	0	0	0	0	0	0	0	0	0	0	
N63	7.19461e-48	5.76792e-46	4.27349e-44	2.85505e-42	1.69123e-40	8.68799e-39	3.75451e-37	1.30612e-35	3.41429e-34	4.3349e-17	1.77852e-10	3.8649e-05	0.999961	3.45242e-08	2.29196e-16	5.56756e-25	1.6015e-33	5.03871e-34	1.47471e-34	4.06395e-35	1.06425e-35	2.66759e-36	6.43676e-37	1.50215e-37	3.40345e-38	7.51068e-39	1.61868e-39	3.41479e-40	7.06551e-41	1.43629e-41	2.87278e-42	5.66101e-43	1.10031e-43	2.11158e-44	4.00464e-45	7.51171e-46	1.39459e-46	2.56433e-47	4.67281e-48	8.44306e-49	1.84001e-49	
FGA104	0	0	0	0	0	0	0	0	0	0	0	0	1	0	0	0	0	0	0	0	0	0	0	0	0	0	0	0	0	0	0	0	0	0	0	0	0	0	0	0	0	
FGA105	0	0	0	0	0	0	0	0	0	0	0	0	1	0	0	0	0	0	0	0	0	0	0	0	0	0	0	0	0	0	0	0	0	0	0	0	0	0	0	0	0	
FGA489	0	0	0	0	0	0	0	0	0	0	1	0	0	0	0	0	0	0	0	0	0	0	0	0	0	0	0	0	0	0	0	0	0	0	0	0	0	0	0	0	0	
N64	1.30367e-46	8.35606e-79	1.64084e-68	2.12827e-59	5.10668e-51	3.32447e-43	7.04978e-36	5.22759e-29	1.34283e-22	1.07281e-16	1.96682e-11	3.72598e-07	0.00154402	0.998455	8.96073e-07	1.63578e-13	1.11615e-20	3.56469e-28	5.93866e-36	5.47025e-44	2.8479e-52	8.33929e-61	1.32797e-69	1.05691e-78	3.54855e-88	3.14246e-98	2.63574e-38	6.55618e-39	1.59951e-39	3.83399e-40	9.04253e-41	2.1012e-41	4.816e-42	1.0899e-42	2.43763e-43	5.39236e-44	1.1807e-44	2.56056e-45	5.50335e-46	1.17291e-46	3.13653e-47	
FGA174	0	0	0	0	0	0	0	0	0	0	0	0	0	1	0	0	0	0	0	0	0	0	0	0	0	0	0	0	0	0	0	0	0	0	0	0	0	0	0	0	0	
FGA175	0	0	0	0	0	0	0	0	0	0	0	0	0	1	0	0	0	0	0	0	0	0	0	0	0	0	0	0	0	0	0	0	0	0	0	0	0	0	0	0	0	
FurbGB	0	0	0	0	0	0	0	0	0	0	0	1	0	0	0	0	0	0	0	0	0	0	0	0	0	0	0	0	0	0	0	0	0	0	0	0	0	0	0	0	0	
N65	2.02549e-67	7.2078e-41	4.239e-34	4.39587e-28	1.35921e-22	1.48242e-17	5.89069e-13	7.95093e-09	2.91499e-05	0.01453	0.3511	0.477489	0.146964	0.00984547	4.22957e-05	3.62233e-08	7.02145e-12	2.32712e-16	2.43661e-21	1.09551e-26	2.51692e-32	3.29848e-38	2.65708e-44	1.38768e-50	4.88685e-57	1.19529e-63	2.07683e-70	2.60774e-77	2.39707e-84	1.62842e-91	8.22908e-99	3.10546e-106	8.76444e-114	1.84822e-121	2.90255e-129	3.37479e-137	2.87972e-145	1.78165e-153	7.86295e-162	2.42272e-170	8.02889e-179	
N66	7.56513e-66	8.94894e-40	1.84087e-33	7.07644e-28	8.70153e-23	4.12211e-18	7.99335e-14	6.21985e-10	1.73418e-06	0.0012701	0.0747962	0.365022	0.434553	0.122463	0.00188753	7.11496e-06	7.15753e-09	9.76084e-13	4.56379e-17	9.84181e-22	1.1418e-26	7.84117e-32	3.4021e-37	9.77499e-43	1.92649e-48	2.67536e-54	2.67304e-60	1.95276e-66	1.05609e-72	4.26777e-79	1.29725e-85	2.97845e-92	5.17541e-99	6.80389e-106	6.75007e-113	5.02811e-120	2.79028e-127	1.1408e-134	3.38457e-142	7.13974e-150	1.71109e-157	
N67	4.93776e-74	1.3689e-47	6.68318e-41	6.20163e-35	1.88358e-29	2.27512e-24	1.17783e-19	2.62907e-15	2.38898e-11	7.60232e-08	5.93065e-05	0.0065186	0.164689	0.813305	0.0153646	6.40056e-05	8.22762e-08	3.12766e-11	1.36078e-15	2.15159e-20	1.64698e-25	7.03142e-31	1.82502e-36	3.05245e-42	3.42995e-48	2.67056e-54	1.47479e-60	5.87993e-67	1.71533e-73	3.69771e-80	5.93171e-87	7.50953e-94	1.55021e-99	4.6999e-104	1.26805e-108	2.91129e-113	5.66145e-118	9.26727e-123	1.26627e-127	1.42838e-132	1.58211e-137	
N68	3.48995e-50	2.51435e-48	1.69513e-46	1.04512e-44	5.81921e-43	2.88037e-41	1.24186e-39	4.53941e-38	1.35544e-36	3.13465e-35	5.18577e-34	3.60937e-26	3.88262e-20	5.89285e-15	1.68427e-10	1.20198e-06	0.00257115	0.997427	6.23383e-07	8.08883e-14	3.99645e-21	7.32306e-29	4.98203e-37	1.0357e-45	9.55494e-35	3.04278e-35	9.32672e-36	2.7631e-36	7.93936e-37	2.21912e-37	6.04907e-38	1.61163e-38	4.20478e-39	1.07611e-39	2.7055e-40	6.69099e-41	1.62965e-41	3.91308e-42	9.27198e-43	2.16992e-43	6.50129e-44	
CGA312	0	0	0	0	0	0	0	0	0	0	0	0	0	0	0	0	0	1	0	0	0	0	0	0	0	0	0	0	0	0	0	0	0	0	0	0	0	0	0	0	0	
CGA963	0	0	0	0	0	0	0	0	0	0	0	0	0	0	0	0	0	1	0	0	0	0	0	0	0	0	0	0	0	0	0	0	0	0	0	0	0	0	0	0	0	
N69	5.48883e-87	2.57732e-59	2.02038e-51	2.8724e-44	1.26777e-37	2.09523e-31	1.38515e-25	3.64667e-20	3.57005e-15	1.11066e-10	7.88645e-07	0.000681214	0.0878791	0.901692	0.0097383	8.74691e-06	5.76138e-10	6.45938e-15	1.92445e-20	2.12397e-26	1.07259e-32	2.84289e-39	4.34248e-46	4.08498e-53	2.48439e-60	1.013e-67	2.84651e-75	5.6287e-83	7.95687e-91	8.13505e-99	6.06452e-107	3.31336e-115	1.33001e-123	8.83316e-131	2.59849e-134	5.19679e-138	6.36212e-142	4.32658e-146	1.37337e-150	1.49137e-155	1.31313e-160	
N70	9.31993e-100	6.59061e-71	7.50734e-62	1.50182e-53	9.02124e-46	1.95818e-38	1.63471e-31	5.1973e-25	5.83862e-19	1.97315e-13	1.46247e-08	0.000119506	0.0684321	0.928674	0.00277473	4.48752e-08	3.43038e-14	5.77588e-21	3.4763e-28	9.52633e-36	1.37195e-43	1.13982e-51	5.82451e-60	1.91607e-68	4.19431e-77	6.25854e-86	6.47718e-95	4.71311e-104	1.0679e-107	4.66895e-109	3.38538e-108	2.70058e-105	8.79685e-103	1.15592e-100	5.8315e-99	1.02547e-97	5.33431e-97	6.25163e-97	1.06741e-97	1.98903e-99	2.96679e-101	
N71	1.22071e-96	2.54269e-68	8.85362e-60	5.65253e-52	1.14427e-44	8.96713e-38	2.95117e-31	4.14816e-25	2.40349e-19	5.21122e-14	3.47251e-09	4.65615e-05	0.0489881	0.932632	0.0183252	7.69769e-06	9.80133e-11	1.56251e-16	7.21843e-23	1.36402e-29	1.26901e-36	6.5087e-44	1.98203e-51	3.77e-59	4.64038e-67	3.78832e-75	2.08564e-83	1.16413e-91	6.49238e-93	3.23899e-94	5.86749e-96	4.27707e-98	1.9867e-96	6.06727e-93	3.75983e-90	3.4412e-88	2.33205e-87	7.61636e-88	5.87241e-90	2.86868e-93	1.20356e-96	
N72	1.76337e-94	5.45977e-67	3.00008e-59	3.21632e-52	1.17257e-45	1.79557e-39	1.27466e-33	4.37874e-28	7.32032e-23	5.79334e-18	2.02857e-13	2.75565e-09	1.10447e-05	0.00540849	0.172286	0.799777	0.0225148	3.0785e-06	3.4105e-11	1.12097e-16	1.58415e-22	1.15599e-28	4.85594e-35	1.26065e-41	2.12447e-48	2.40702e-55	1.88075e-62	1.03226e-69	4.03163e-77	1.0517e-82	5.04612e-83	1.12758e-83	1.24154e-84	6.98924e-86	2.04306e-87	3.09271e-89	2.37306e-91	8.82769e-94	1.47119e-96	9.54079e-100	2.259e-103	
CGA642	0	0	0	0	0	0	0	0	0	0	0	0	0	0	0	0	1	0	0	0	0	0	0	0	0	0	0	0	0	0	0	0	0	0	0	0	0	0	0	0	0	
N73	6.68492e-97	4.10715e-71	4.42884e-63	9.36396e-56	6.76053e-49	2.05668e-42	2.90654e-36	1.98913e-30	6.61943e-25	1.04026e-19	7.20611e-15	1.93005e-10	1.53437e-06	0.00169246	0.11057	0.86085	0.0268428	4.265e-05	4.53633e-10	1.22339e-15	1.30627e-21	6.81283e-28	1.96305e-34	3.38553e-41	3.69334e-48	2.65131e-55	1.28891e-62	4.4253e-70	2.08172e-76	3.62021e-81	3.14782e-84	4.03565e-86	4.85943e-88	6.18991e-90	9.70219e-88	7.14426e-85	2.8496e-82	4.8803e-80	1.62398e-78	7.52771e-78	1.53442e-77	
N74	8.44287e-63	2.75086e-60	8.46065e-58	2.43317e-55	6.49151e-53	1.59134e-50	3.54223e-48	7.05304e-46	1.23199e-43	1.83907e-41	2.26106e-39	2.16595e-37	1.47487e-35	2.38597e-13	1.78479e-06	0.999998	1.92974e-08	3.54261e-17	2.79033e-32	8.96094e-33	2.29571e-33	4.95273e-34	9.32453e-35	1.57083e-35	2.41171e-36	3.42194e-37	4.53625e-38	5.66719e-39	6.71965e-40	7.60601e-41	8.25861e-42	8.63726e-43	8.73135e-44	8.55714e-45	8.1517e-46	7.56529e-47	6.85372e-48	6.07173e-49	5.26819e-50	4.48308e-51	4.08092e-52	
CGA763	0	0	0	0	0	0	0	0	0	0	0	0	0	0	0	1	0	0	0	0	0	0	0	0	0	0	0	0	0	0	0	0	0	0	0	0	0	0	0	0	0	
CGA764	0	0	0	0	0	0	0	0	0	0	0	0	0	0	0	1	0	0	0	0	0	0	0	0	0	0	0	0	0	0	0	0	0	0	0	0	0	0	0	0	0	
N75	2.9374e-61	9.35384e-59	2.8073e-56	7.86293e-54	2.03838e-51	4.84191e-49	1.04073e-46	1.99219e-44	3.32624e-42	4.70886e-40	5.42852e-38	4.79047e-36	2.91137e-34	9.79168e-33	8.90476e-32	2.08079e-10	3.98479e-05	0.99996	3.20507e-09	1.94156e-18	5.84106e-34	9.7482e-35	1.4673e-35	2.0273e-36	2.60527e-37	3.14606e-38	3.59896e-39	3.92577e-40	4.10528e-41	4.134e-42	4.02385e-43	3.79791e-44	3.48554e-45	3.1178e-46	2.7238e-47	2.32828e-48	1.95039e-49	1.6034e-50	1.29522e-51	1.02923e-52	8.7254e-54	
C601	0	0	0	0	0	0	0	0	0	0	0	0	0	0	0	0	0	1	0	0	0	0	0	0	0	0	0	0	0	0	0	0	0	0	0	0	0	0	0	0	0	
C602	0	0	0	0	0	0	0	0	0	0	0	0	0	0	0	0	0	1	0	0	0	0	0	0	0	0	0	0	0	0	0	0	0	0	0	0	0	0	0	0	0	
N76	2.75335e-91	1.47272e-63	1.34876e-55	2.31549e-48	1.29088e-41	2.86273e-35	2.75529e-29	1.18172e-23	2.21626e-18	1.70095e-13	4.67281e-09	3.5334e-05	0.0393738	0.929142	0.0314192	2.96639e-05	4.06609e-09	2.88586e-14	5.81286e-20	4.84021e-26	2.00808e-32	4.64638e-39	6.46134e-46	5.6894e-53	3.2933e-60	1.28781e-67	3.46967e-75	6.53039e-83	8.66392e-91	8.14166e-99	5.4247e-107	2.55582e-115	8.53519e-124	2.16705e-128	2.61356e-131	1.13913e-134	1.26779e-138	1.63998e-143	9.01635e-150	4.57369e-157	1.85498e-164	
CGA236	0	0	0	0	0	0	0	0	0	0	0	0	0	0	0	0	1	0	0	0	0	0	0	0	0	0	0	0	0	0	0	0	0	0	0	0	0	0	0	0	0	
N77	1.91825e-84	2.05414e-57	3.90303e-50	1.43675e-43	1.77593e-37	9.04383e-32	2.07666e-26	2.21989e-21	1.09428e-16	2.36628e-12	2.02482e-08	5.64263e-05	0.0338947	0.921318	0.0446982	3.2321e-05	3.61717e-09	1.07157e-13	1.12928e-18	5.23874e-24	1.23875e-29	1.65354e-35	1.34059e-41	6.96681e-48	2.41686e-54	5.77324e-61	9.72568e-68	1.17758e-74	1.27477e-81	7.37282e-87	1.88521e-91	4.09279e-96	7.49557e-101	1.15933e-105	1.51385e-110	1.66581e-115	1.53931e-120	1.1881e-125	7.60182e-131	3.99029e-136	1.87411e-141	
N78	1.96646e-82	1.00671e-55	9.37505e-49	1.73836e-42	1.11593e-36	3.05563e-31	3.92806e-26	2.46654e-21	7.57606e-17	1.10041e-12	6.99386e-09	1.6752e-05	0.0111286	0.875395	0.111068	0.00237717	1.38858e-05	2.15731e-08	8.01446e-13	1.0139e-17	6.09362e-23	2.03066e-28	4.11403e-34	5.3887e-40	4.76765e-46	2.94303e-52	1.29893e-58	4.1763e-65	9.92157e-72	1.7602e-78	2.34982e-85	2.37214e-92	1.81536e-99	1.05333e-106	4.62349e-114	1.52795e-121	3.77295e-129	6.88547e-137	9.14838e-145	8.67166e-153	7.74855e-161	
Calboe	0	0	0	0	0	0	0	0	0	0	0	0	0	1	0	0	0	0	0	0	0	0	0	0	0	0	0	0	0	0	0	0	0	0	0	0	0	0	0	0	0	
C3125	0	0	0	0	0	0	0	0	0	0	0	0	0	0	0	0	0	1	0	0	0	0	0	0	0	0	0	0	0	0	0	0	0	0	0	0	0	0	0	0	0	
N79	4.38879e-55	5.51077e-53	6.53749e-51	7.21893e-49	7.35373e-47	6.83481e-45	5.71622e-43	4.22561e-41	2.69596e-39	1.43604e-37	6.08107e-36	1.89243e-34	3.84611e-31	3.36493e-15	1	5.61858e-18	5.35777e-36	1.14815e-32	4.6673e-33	1.67512e-33	5.43991e-34	1.62677e-34	4.53871e-35	1.19339e-35	2.98072e-36	7.11741e-37	1.63325e-37	3.61736e-38	7.76107e-39	1.61802e-39	3.28645e-40	6.51847e-41	1.26503e-41	2.40632e-42	4.49334e-43	8.2478e-44	1.49e-44	2.65208e-45	4.65544e-46	8.0667e-47	1.66114e-47	
CGA429	0	0	0	0	0	0	0	0	0	0	0	0	0	0	1	0	0	0	0	0	0	0	0	0	0	0	0	0	0	0	0	0	0	0	0	0	0	0	0	0	0	
CGA430	0	0	0	0	0	0	0	0	0	0	0	0	0	0	1	0	0	0	0	0	0	0	0	0	0	0	0	0	0	0	0	0	0	0	0	0	0	0	0	0	0	
N80	1.09694e-88	4.92152e-61	3.71441e-53	5.12894e-46	2.23043e-39	3.71274e-33	2.55586e-27	7.37927e-22	8.63034e-17	3.74853e-12	5.15192e-08	0.000167532	0.0713577	0.927278	0.00119721	2.3119e-08	8.4639e-14	1.05675e-19	5.90951e-26	1.73025e-32	2.93033e-39	3.07229e-46	2.09262e-53	9.59095e-61	3.03555e-68	6.76267e-76	1.10367e-83	2.74543e-85	5.34255e-85	1.15423e-83	1.19119e-82	5.9907e-82	1.54848e-81	2.09801e-81	1.47878e-81	5.23461e-82	8.68527e-83	6.05304e-84	1.59687e-85	2.13179e-87	2.73666e-89	
N81	2.66126e-54	2.95588e-52	3.10593e-50	3.03906e-48	2.74456e-46	2.26284e-44	1.6801e-42	1.10372e-40	6.26678e-39	2.97702e-37	1.12816e-35	2.32215e-32	4.81446e-16	1	1.13369e-17	1.72831e-35	4.42782e-32	2.30612e-32	1.02421e-32	4.02094e-33	1.42981e-33	4.68617e-34	1.43416e-34	4.13961e-35	1.13586e-35	2.98159e-36	7.5262e-37	1.83474e-37	4.33519e-38	9.9588e-39	2.23002e-39	4.87859e-40	1.04476e-40	2.19395e-41	4.5246e-42	9.17614e-43	1.83226e-43	3.60597e-44	7.00136e-45	1.34231e-45	3.12726e-46	
C985	0	0	0	0	0	0	0	0	0	0	0	0	0	1	0	0	0	0	0	0	0	0	0	0	0	0	0	0	0	0	0	0	0	0	0	0	0	0	0	0	0	
C984	0	0	0	0	0	0	0	0	0	0	0	0	0	1	0	0	0	0	0	0	0	0	0	0	0	0	0	0	0	0	0	0	0	0	0	0	0	0	0	0	0	
N82	4.7651e-84	6.23407e-57	1.41191e-49	6.03964e-43	8.44829e-37	4.73146e-31	1.15718e-25	1.26906e-20	6.12868e-16	1.22286e-11	8.88507e-08	0.000185384	0.0671314	0.927938	0.00474454	3.85042e-07	6.13391e-12	3.36501e-17	8.29217e-23	1.07022e-28	7.9837e-35	3.68257e-41	1.102e-47	2.21576e-54	3.07198e-61	2.99315e-68	2.07774e-75	1.03712e-82	3.74575e-90	2.02327e-97	2.88084e-102	5.70356e-107	1.3981e-111	2.35893e-111	4.12678e-111	2.86953e-111	1.67423e-111	1.4583e-109	2.02007e-108	2.0999e-108	2.1004e-108	
N83	3.81335e-108	1.76917e-79	1.353e-70	1.89313e-62	8.51386e-55	1.52992e-47	1.21865e-40	4.50823e-34	7.80564e-28	6.15182e-22	2.05589e-16	2.53729e-11	8.79943e-07	0.00447921	0.995513	6.80007e-06	7.93241e-12	3.10611e-18	5.43693e-25	4.97535e-32	2.62166e-39	8.47808e-47	1.75771e-54	2.40811e-62	2.22587e-70	1.40696e-78	6.12809e-87	1.84381e-95	3.82352e-104	5.42595e-113	5.20463e-122	3.31257e-131	1.36263e-140	3.49146e-150	5.28725e-160	4.37723e-170	1.74886e-180	2.68224e-191	8.98129e-203	6.7902e-47	1.38914e-47	
CGA310	0	0	0	0	0	0	0	0	0	0	0	0	0	0	1	0	0	0	0	0	0	0	0	0	0	0	0	0	0	0	0	0	0	0	0	0	0	0	0	0	0	
CGA314	0	0	0	0	0	0	0	0	0	0	0	0	0	0	1	0	0	0	0	0	0	0	0	0	0	0	0	0	0	0	0	0	0	0	0	0	0	0	0	0	0	
N84	2.21551e-79	8.24692e-53	5.51325e-46	7.22198e-40	3.21446e-34	5.96934e-29	5.06817e-24	2.03501e-19	3.8389e-15	3.25183e-11	1.12501e-07	0.000133121	0.037619	0.936221	0.0260206	6.30569e-06	3.45424e-10	7.08274e-15	6.89875e-20	3.67101e-25	1.16952e-30	2.37825e-36	3.23515e-42	3.04973e-48	2.04717e-54	9.9952e-61	3.81145e-67	4.19381e-72	6.45081e-74	6.17998e-75	5.80536e-76	5.31891e-77	4.76272e-78	4.17548e-79	3.58974e-80	3.03059e-81	2.51558e-82	2.05529e-83	1.65447e-84	1.31336e-85	1.11512e-86	
N85	1.55387e-56	2.95619e-54	6.41653e-80	4.18178e-70	3.26412e-61	6.1114e-53	3.64685e-45	8.04014e-38	6.99595e-31	2.43283e-24	3.24465e-18	1.47325e-12	1.754e-07	0.00272039	0.997278	1.67331e-06	4.74745e-13	4.50883e-20	1.86071e-27	3.79429e-35	4.10385e-43	2.42683e-51	7.85421e-60	1.351e-68	1.13873e-77	3.98173e-87	3.62601e-97	5.52274e-41	7.14688e-42	8.98852e-43	1.10154e-43	1.31835e-44	1.54392e-45	1.77223e-46	1.99695e-47	2.21176e-48	2.4107e-49	2.58841e-50	2.74039e-51	2.86317e-52	3.28925e-53	
CGA382	0	0	0	0	0	0	0	0	0	0	0	0	0	0	1	0	0	0	0	0	0	0	0	0	0	0	0	0	0	0	0	0	0	0	0	0	0	0	0	0	0	
CGA365	0	0	0	0	0	0	0	0	0	0	0	0	0	0	1	0	0	0	0	0	0	0	0	0	0	0	0	0	0	0	0	0	0	0	0	0	0	0	0	0	0	
N86	5.30994e-57	1.00031e-54	1.76988e-52	2.90404e-50	4.37794e-48	5.99479e-46	7.34976e-44	7.92007e-42	7.31887e-40	5.60476e-38	6.35854e-21	2.00304e-13	1.46498e-06	0.999998	4.89926e-08	2.62492e-16	3.90156e-25	9.87531e-33	2.95642e-33	7.62334e-34	1.74659e-34	3.63406e-35	6.97783e-36	1.2516e-36	2.11719e-37	3.40317e-38	5.23008e-39	7.7237e-40	1.10069e-40	1.51905e-41	2.03639e-42	2.65861e-43	3.38791e-44	4.22222e-45	5.15496e-46	6.17505e-47	7.2672e-48	8.41241e-49	9.5887e-50	1.07721e-50	1.34007e-51	
CGA494	0	0	0	0	0	0	0	0	0	0	0	0	0	1	0	0	0	0	0	0	0	0	0	0	0	0	0	0	0	0	0	0	0	0	0	0	0	0	0	0	0	
CGA495	0	0	0	0	0	0	0	0	0	0	0	0	0	1	0	0	0	0	0	0	0	0	0	0	0	0	0	0	0	0	0	0	0	0	0	0	0	0	0	0	0	
N87	7.38893e-89	1.1248e-61	3.1647e-54	1.74443e-47	3.27084e-41	2.56544e-35	9.24041e-30	1.58461e-24	1.28912e-19	4.77426e-15	7.3635e-11	3.99563e-07	0.000542427	0.0803173	0.735648	0.18022	0.00326174	9.87206e-06	4.74271e-09	7.18706e-14	3.29528e-19	6.64125e-25	7.02694e-31	4.338e-37	1.67538e-43	4.25119e-50	7.34475e-57	8.87219e-64	7.64351e-71	4.76613e-78	2.17446e-85	8.09501e-93	1.33539e-98	1.87304e-103	2.26395e-108	2.32118e-113	2.01114e-118	1.46439e-123	8.89183e-129	4.45542e-134	2.02433e-139	
N88	2.57841e-92	6.93595e-65	3.33055e-57	3.13237e-50	1.00188e-43	1.34039e-37	8.23805e-32	2.41334e-26	3.36303e-21	2.1458e-16	5.76998e-12	5.59755e-08	0.000143782	0.0442337	0.753465	0.198664	0.00348402	8.69857e-06	3.96984e-10	3.74714e-15	1.21465e-20	1.75586e-26	1.32163e-32	5.72855e-39	1.53283e-45	2.66197e-52	3.11364e-59	2.52223e-66	1.44509e-73	5.94913e-81	1.78023e-88	3.90326e-96	6.30102e-104	7.50362e-112	6.58609e-120	4.24473e-128	1.99502e-136	6.76668e-145	1.63203e-153	2.74302e-162	3.9209e-171	
C12265	0	0	0	0	0	0	0	0	0	0	0	0	0	0	0	0	0	1	0	0	0	0	0	0	0	0	0	0	0	0	0	0	0	0	0	0	0	0	0	0	0	
N89	2.44604e-101	2.65084e-73	5.03125e-65	1.84311e-57	2.26921e-50	1.1583e-43	2.70099e-37	2.99738e-31	1.58817e-25	3.89894e-20	4.14213e-15	1.68293e-10	2.09578e-06	0.00515355	0.806577	0.18826	7.61528e-06	4.70971e-11	8.17362e-17	5.60376e-23	1.84982e-29	3.32812e-36	3.54532e-43	2.36943e-50	1.03578e-57	3.05324e-65	6.206e-73	8.83885e-81	8.92553e-89	7.76411e-92	3.56709e-92	7.35844e-93	7.27266e-94	3.56072e-95	8.72481e-97	1.05855e-98	6.14762e-101	1.60136e-103	1.66609e-106	5.57192e-110	4.29427e-114	
C404	0	0	0	0	0	0	0	0	0	0	0	0	0	0	1	0	0	0	0	0	0	0	0	0	0	0	0	0	0	0	0	0	0	0	0	0	0	0	0	0	0	
N90	8.714e-105	1.09173e-77	4.19096e-69	3.12887e-61	7.9119e-54	8.3613e-47	4.07044e-40	9.5128e-34	1.07134e-27	5.6468e-22	1.30264e-16	1.16468e-11	3.24198e-07	0.00180111	0.58459	0.413603	5.72159e-06	1.22418e-11	8.23424e-18	2.36692e-24	3.45043e-31	2.84128e-38	1.42157e-45	4.55019e-53	9.67292e-61	1.40387e-68	1.42036e-76	1.67093e-84	4.09988e-90	2.08963e-95	8.72957e-101	2.9816e-106	8.29835e-112	9.27434e-116	6.15247e-116	2.16666e-116	3.58445e-117	2.3292e-118	4.15475e-120	8.0682e-123	9.01812e-127	
N91	1.39881e-64	6.51927e-62	2.87125e-59	1.18544e-56	4.55503e-54	1.61475e-51	5.22427e-49	1.5217e-46	3.92069e-44	8.72796e-42	1.62462e-39	2.4092e-37	1.25652e-17	9.54116e-11	0.000126768	0.999873	4.88354e-08	3.63915e-16	8.74413e-25	1.52281e-34	2.06088e-35	2.47078e-36	2.68284e-37	2.68152e-38	2.49768e-39	2.18888e-40	1.81861e-41	1.44131e-42	1.09514e-43	8.011e-45	5.66151e-46	3.87694e-47	2.57901e-48	1.67017e-49	1.05492e-50	6.50913e-52	3.92899e-53	2.32284e-54	1.34647e-55	7.65977e-57	4.52825e-58	
Cl11778	0	0	0	0	0	0	0	0	0	0	0	0	0	0	0	1	0	0	0	0	0	0	0	0	0	0	0	0	0	0	0	0	0	0	0	0	0	0	0	0	0	
Cl11779	0	0	0	0	0	0	0	0	0	0	0	0	0	0	0	1	0	0	0	0	0	0	0	0	0	0	0	0	0	0	0	0	0	0	0	0	0	0	0	0	0	
N92	2.72443e-113	1.11735e-84	8.21521e-76	1.19908e-67	6.06936e-60	1.31995e-52	1.36698e-45	7.07882e-39	1.85951e-32	2.44341e-26	1.53692e-20	4.25503e-15	4.464e-10	1.33333e-05	0.0566691	0.943308	1.00609e-05	1.62466e-11	8.21604e-18	1.77933e-24	1.96406e-31	1.23312e-38	4.74394e-46	1.17915e-53	1.96872e-61	2.27305e-69	1.85511e-77	1.088e-85	4.64173e-94	1.45308e-102	3.35667e-111	5.73892e-120	7.26548e-129	6.79782e-138	4.67991e-147	2.35403e-156	8.56572e-166	2.22463e-175	4.05159e-185	5.05624e-195	4.50235e-205	
CGA594	0	0	0	0	0	0	0	0	0	0	0	0	0	0	0	1	0	0	0	0	0	0	0	0	0	0	0	0	0	0	0	0	0	0	0	0	0	0	0	0	0	
CGA48	0	0	0	0	0	0	0	0	0	0	0	0	0	0	0	1	0	0	0	0	0	0	0	0	0	0	0	0	0	0	0	0	0	0	0	0	0	0	0	0	0	
N93	6.42127e-56	1.02425e-53	1.54003e-51	2.15386e-49	2.77705e-47	3.26484e-45	3.45209e-43	3.22536e-41	2.6013e-39	1.75347e-37	9.42435e-36	3.75015e-34	9.69084e-33	1.23002e-31	3.60871e-31	5.50158e-14	5.80035e-09	0.000179843	0.99982	1.52246e-08	4.757e-17	5.64813e-26	3.43567e-34	7.96384e-35	1.73664e-35	3.59107e-36	7.08694e-37	1.34188e-37	2.44851e-38	4.32154e-39	7.40118e-40	1.23331e-40	2.00435e-41	3.18349e-42	4.95044e-43	7.54902e-44	1.13047e-44	1.66454e-45	2.41265e-46	3.44589e-47	5.636e-48	
C3134	0	0	0	0	0	0	0	0	0	0	0	0	0	0	0	0	0	0	1	0	0	0	0	0	0	0	0	0	0	0	0	0	0	0	0	0	0	0	0	0	0	
C3126	0	0	0	0	0	0	0	0	0	0	0	0	0	0	0	0	0	0	1	0	0	0	0	0	0	0	0	0	0	0	0	0	0	0	0	0	0	0	0	0	0	
N94	7.02047e-81	3.5593e-54	3.16141e-47	5.31995e-41	2.93244e-35	6.46572e-30	6.1878e-25	2.61154e-20	4.66542e-16	3.13505e-12	6.05749e-09	2.22078e-06	0.000247404	0.00958892	0.127399	0.495726	0.363357	0.0036788	6.31181e-07	1.69304e-11	1.5368e-16	6.38246e-22	1.42131e-27	1.86896e-33	1.54662e-39	8.4187e-46	3.11109e-52	7.9853e-59	1.447e-65	3.62686e-72	2.06683e-72	1.12224e-72	3.00916e-73	4.1431e-74	2.98345e-75	1.12546e-76	2.19213e-78	2.13374e-80	9.81163e-83	1.94703e-85	2.25883e-88	
CGA311	0	0	0	0	0	0	0	0	0	0	0	0	0	0	0	0	0	1	0	0	0	0	0	0	0	0	0	0	0	0	0	0	0	0	0	0	0	0	0	0	0	
N95	3.75164e-88	8.3079e-61	3.12473e-53	2.17142e-46	4.7909e-40	4.07061e-34	1.43493e-28	2.11739e-23	1.24825e-18	2.60995e-14	1.50179e-10	1.54486e-07	4.16317e-05	0.00333229	0.0780967	0.460991	0.451914	0.00562007	3.826e-06	7.99041e-11	4.07127e-16	7.90181e-22	7.26423e-28	3.60014e-34	1.04685e-40	1.89384e-47	2.22299e-54	1.74567e-61	9.37844e-69	3.50289e-76	9.19705e-84	1.70908e-91	2.62554e-99	5.61695e-104	3.29854e-108	5.80247e-113	2.11551e-118	2.61796e-124	1.33589e-130	3.10106e-137	4.56604e-144	
N96	1.22024e-95	3.86794e-68	2.17836e-60	2.38646e-53	8.82032e-47	1.3502e-40	9.37383e-35	3.04762e-29	4.5924e-24	3.04215e-19	7.94127e-15	6.75374e-11	1.58837e-07	9.32936e-05	0.012114	0.278082	0.697639	0.0120711	4.15075e-07	3.11995e-12	8.42093e-18	1.03763e-23	6.73482e-30	2.53021e-36	5.87775e-43	8.85868e-50	8.97868e-57	6.28831e-64	3.10706e-71	1.19492e-78	1.6314e-84	2.23993e-89	2.61303e-94	2.55154e-99	2.08695e-104	1.42842e-109	8.15924e-115	3.87126e-120	1.51503e-125	4.84248e-131	1.33818e-136	
N97	4.87185e-61	9.18109e-59	1.63927e-56	2.74239e-54	4.26762e-52	6.12444e-50	8.02071e-48	9.46243e-46	9.89365e-44	8.9772e-42	6.87401e-40	4.27361e-38	2.03986e-36	3.62793e-19	3.63836e-12	6.77987e-06	0.999993	3.12712e-08	1.33452e-16	1.68882e-25	1.44818e-32	5.40895e-33	1.74757e-33	5.02023e-34	1.30815e-34	3.13896e-35	7.01746e-36	1.47526e-36	2.93837e-37	5.57916e-38	1.01504e-38	1.77714e-39	3.00528e-40	4.9243e-41	7.83947e-42	1.21548e-42	1.83923e-43	2.72116e-44	3.94288e-45	5.60341e-46	9.06027e-47	
CGA45	0	0	0	0	0	0	0	0	0	0	0	0	0	0	0	0	1	0	0	0	0	0	0	0	0	0	0	0	0	0	0	0	0	0	0	0	0	0	0	0	0	
CGA46	0	0	0	0	0	0	0	0	0	0	0	0	0	0	0	0	1	0	0	0	0	0	0	0	0	0	0	0	0	0	0	0	0	0	0	0	0	0	0	0	0	
N98	9.94508e-100	4.23111e-72	3.24453e-64	4.93404e-57	2.58919e-50	5.781e-44	6.04985e-38	3.09075e-32	7.73115e-27	9.17996e-22	4.82177e-17	9.87511e-13	6.43844e-09	1.04561e-05	0.00333147	0.157569	0.71325	0.125834	6.18043e-06	5.14916e-11	1.41397e-16	1.70772e-22	1.06656e-28	3.81809e-35	8.40562e-42	1.1969e-48	1.14413e-55	7.54993e-63	3.51246e-70	1.17038e-77	2.82541e-85	4.98099e-93	6.44306e-101	6.12649e-109	4.27803e-117	2.18524e-125	8.10815e-134	2.16223e-142	4.08275e-151	5.34829e-160	5.78499e-169	
N99	1.95792e-106	1.06643e-78	1.07185e-70	2.19755e-63	1.60704e-56	5.20217e-50	8.28426e-44	6.84276e-38	2.99287e-32	6.90192e-27	8.15702e-22	4.66452e-17	1.16805e-12	1.07754e-08	2.66032e-05	0.0101207	0.324542	0.665268	4.20773e-05	4.39512e-10	1.488e-15	2.18903e-21	1.65062e-27	7.0885e-34	1.86372e-40	3.16017e-47	3.59153e-54	2.81647e-61	1.558e-68	6.18166e-76	1.78102e-83	3.75868e-91	5.84233e-99	6.70551e-107	5.68126e-115	3.54191e-123	1.61457e-131	5.32846e-140	1.25517e-148	2.06933e-157	2.73012e-166	
N100	1.68229e-132	4.20571e-103	1.69229e-93	1.24265e-84	2.96796e-76	2.90985e-68	1.32152e-60	2.97461e-53	3.43861e-46	2.06588e-39	6.39079e-33	9.85363e-27	7.10931e-21	2.14841e-15	2.22654e-10	5.25917e-06	0.0109463	0.989043	5.56094e-06	4.33309e-12	1.01555e-18	9.90941e-26	4.79829e-33	1.28345e-40	2.03415e-48	2.00353e-56	1.26719e-64	5.26219e-73	1.45522e-81	2.70059e-90	3.37005e-99	2.81861e-108	1.5664e-117	5.70115e-127	1.33035e-136	1.93163e-146	1.67417e-156	8.16877e-167	2.05933e-177	2.34303e-188	9.98729e-200	
C3043	0	0	0	0	0	0	0	0	0	0	0	0	0	0	0	0	0	1	0	0	0	0	0	0	0	0	0	0	0	0	0	0	0	0	0	0	0	0	0	0	0	
CGA87	0	0	0	0	0	0	0	0	0	0	0	0	0	0	0	0	0	1	0	0	0	0	0	0	0	0	0	0	0	0	0	0	0	0	0	0	0	0	0	0	0	
N101	2.58047e-130	4.86358e-101	1.47494e-91	8.15974e-83	1.46773e-74	1.08325e-66	3.70144e-59	6.26475e-52	5.44137e-45	2.45403e-38	5.69185e-32	6.56915e-26	3.53937e-20	7.95739e-15	6.09318e-10	1.04633e-05	0.0154667	0.984516	7.29599e-06	7.48508e-12	2.30913e-18	2.96577e-25	1.89045e-32	6.65752e-40	1.3895e-47	1.80263e-55	1.50209e-63	8.22003e-72	2.99648e-80	7.33248e-89	1.20692e-97	1.33193e-106	9.77065e-116	4.69615e-125	1.4478e-134	2.77884e-144	3.18563e-154	2.0574e-164	6.87098e-175	1.03671e-185	5.85876e-197	
CGA368	0	0	0	0	0	0	0	0	0	0	0	0	0	0	0	0	0	1	0	0	0	0	0	0	0	0	0	0	0	0	0	0	0	0	0	0	0	0	0	0	0	
CGA557	0	0	0	0	0	0	0	0	0	0	0	0	0	0	0	0	0	1	0	0	0	0	0	0	0	0	0	0	0	0	0	0	0	0	0	0	0	0	0	0	0	
CGA364	0	0	0	0	0	0	0	0	0	0	0	0	0	0	0	0	0	1	0	0	0	0	0	0	0	0	0	0	0	0	0	0	0	0	0	0	0	0	0	0	0	
C2208	0	0	0	0	0	0	0	0	0	0	0	0	0	0	0	0	0	0	1	0	0	0	0	0	0	0	0	0	0	0	0	0	0	0	0	0	0	0	0	0	0	
N102	6.07487e-75	8.16347e-49	1.99452e-42	9.5269e-37	1.53798e-31	1.02503e-26	3.06259e-22	4.17212e-18	2.48944e-14	5.7782e-11	3.98671e-08	6.69149e-06	0.000413162	0.0105796	0.111826	0.433531	0.434556	0.00908537	2.3687e-06	1.53686e-10	4.04182e-15	5.36277e-20	4.06615e-25	1.90865e-30	5.86167e-36	1.2258e-41	1.79811e-47	1.89215e-53	1.45283e-59	8.24375e-66	3.48901e-72	1.10832e-78	2.65191e-85	4.78451e-92	6.49907e-99	6.61914e-106	5.01908e-113	2.804e-120	1.13743e-127	3.28429e-135	1.11674e-142	
N103	2.43171e-91	8.5255e-66	3.18146e-58	2.3014e-51	5.582e-45	5.55254e-39	2.46676e-33	5.00969e-28	4.5348e-23	1.68837e-18	2.20233e-14	7.98825e-11	9.17789e-08	3.50329e-05	0.00424951	0.139836	0.832238	0.0236403	1.77812e-06	2.45558e-11	1.12572e-16	2.25717e-22	2.32342e-28	1.36212e-34	4.88727e-41	1.13052e-47	1.75258e-54	1.87502e-61	1.41575e-68	8.00323e-76	1.68105e-81	5.40781e-86	1.49002e-90	3.47335e-95	6.8591e-100	1.14715e-104	1.86436e-109	1.88569e-111	1.42957e-112	1.06347e-113	8.36445e-115	
N104	1.5178e-61	4.11238e-59	1.04132e-56	2.43602e-54	5.21408e-52	5.44173e-76	9.87382e-67	3.20834e-58	3.09072e-50	1.05828e-42	1.3911e-35	7.06259e-29	1.32157e-22	8.23445e-17	1.44617e-11	5.57075e-07	0.0030637	0.996935	7.01765e-07	8.34416e-14	3.28647e-21	5.54883e-29	4.56127e-37	1.95819e-45	4.52335e-54	5.62462e-63	3.65367e-72	1.14221e-81	1.45312e-91	4.71376e-102	4.87212e-42	5.06337e-43	5.09595e-44	4.98081e-45	4.73944e-46	4.39979e-47	3.99233e-48	3.54671e-49	3.08934e-50	2.64186e-51	2.42043e-52	
CGA453	0	0	0	0	0	0	0	0	0	0	0	0	0	0	0	0	0	1	0	0	0	0	0	0	0	0	0	0	0	0	0	0	0	0	0	0	0	0	0	0	0	
CGA383	0	0	0	0	0	0	0	0	0	0	0	0	0	0	0	0	0	1	0	0	0	0	0	0	0	0	0	0	0	0	0	0	0	0	0	0	0	0	0	0	0	
N105	3.15398e-95	1.45379e-75	1.60513e-67	3.51673e-60	2.65878e-53	8.54631e-47	1.28531e-40	9.40688e-35	3.35394e-29	5.63563e-24	4.156e-19	1.19987e-14	1.19254e-10	3.60091e-07	0.000284162	0.0460381	0.928235	0.025442	8.33558e-07	5.03921e-12	1.0292e-17	9.35596e-24	4.43205e-30	1.2106e-36	2.04422e-43	2.24369e-50	1.66132e-57	8.55527e-65	1.26372e-71	2.2292e-75	8.67038e-77	3.84139e-78	1.63961e-79	6.76287e-81	2.70299e-82	1.04929e-83	3.96428e-85	1.46019e-86	5.25164e-88	1.84671e-89	6.57835e-91	
N106	1.78538e-66	8.34334e-64	3.67242e-61	1.50996e-58	5.75624e-56	2.01641e-53	6.41994e-51	1.83272e-48	4.61114e-46	9.99953e-44	1.81404e-41	2.64108e-39	2.90409e-37	2.19357e-35	2.55588e-17	1.39176e-10	7.82372e-05	0.999922	9.03891e-09	1.35529e-17	6.77127e-27	6.67871e-35	8.05114e-36	8.7158e-37	8.62921e-38	7.92083e-39	6.81183e-40	5.53406e-41	4.27564e-42	3.15858e-43	2.24113e-44	1.53305e-45	1.01424e-46	6.50711e-48	4.05791e-49	2.46461e-50	1.4604e-51	8.45524e-53	4.78934e-54	2.65716e-55	1.52679e-56	
CGA501	0	0	0	0	0	0	0	0	0	0	0	0	0	0	0	0	0	1	0	0	0	0	0	0	0	0	0	0	0	0	0	0	0	0	0	0	0	0	0	0	0	
C11776	0	0	0	0	0	0	0	0	0	0	0	0	0	0	0	0	0	1	0	0	0	0	0	0	0	0	0	0	0	0	0	0	0	0	0	0	0	0	0	0	0	
N107	1.79071e-67	8.50442e-65	3.8096e-62	1.59681e-59	6.21837e-57	2.2307e-54	7.29536e-52	2.14754e-49	5.59943e-47	1.26673e-44	2.41933e-42	3.75781e-40	4.49941e-38	3.44485e-20	7.47109e-13	3.13036e-06	0.999997	5.68391e-08	1.80133e-16	1.38236e-25	3.25729e-33	5.4506e-34	7.69959e-35	9.52188e-36	1.05693e-36	1.07217e-37	1.00753e-38	8.86266e-40	7.35838e-41	5.80506e-42	4.37531e-43	3.16485e-44	2.20538e-45	1.48523e-46	9.69322e-48	6.14503e-49	3.79173e-50	2.28123e-51	1.34023e-52	7.6992e-54	4.58206e-55	
C3121	0	0	0	0	0	0	0	0	0	0	0	0	0	0	0	0	1	0	0	0	0	0	0	0	0	0	0	0	0	0	0	0	0	0	0	0	0	0	0	0	0	
C3123	0	0	0	0	0	0	0	0	0	0	0	0	0	0	0	0	1	0	0	0	0	0	0	0	0	0	0	0	0	0	0	0	0	0	0	0	0	0	0	0	0	
N108	6.36666e-108	6.25565e-80	1.09122e-71	3.71132e-64	4.28192e-57	2.06467e-50	4.57395e-44	4.82886e-38	2.41802e-32	5.49201e-27	5.15862e-22	1.74953e-17	2.12499e-13	9.20362e-10	1.35331e-06	0.000600261	0.0635518	0.935827	2.00163e-05	7.82937e-11	1.05238e-16	6.37882e-23	2.03179e-29	3.7495e-36	4.28608e-43	3.18357e-50	1.59154e-57	5.49743e-65	1.33798e-72	2.32787e-80	2.92514e-88	2.67267e-96	1.78208e-104	8.67794e-113	3.07965e-121	7.92519e-130	1.46688e-138	1.92991e-147	1.77593e-156	1.11853e-165	5.60978e-175	
Calparcri	0	0	0	0	0	0	0	0	0	0	0	0	0	0	0	0	0	1	0	0	0	0	0	0	0	0	0	0	0	0	0	0	0	0	0	0	0	0	0	0	0	
C3118	0	0	0	0	0	0	0	0	0	0	0	0	0	0	0	0	0	1	0	0	0	0	0	0	0	0	0	0	0	0	0	0	0	0	0	0	0	0	0	0	0	
N109	5.30921e-71	2.37493e-43	1.55913e-35	1.57747e-28	4.00701e-22	2.83934e-16	5.15715e-11	1.7132e-06	0.00404519	0.274125	0.659366	0.062121	0.000340953	1.67111e-07	9.97778e-12	1.0493e-16	2.63771e-22	2.04102e-28	6.41846e-35	9.79823e-42	8.1438e-49	3.98191e-56	1.20893e-63	2.36827e-71	3.07665e-79	2.70194e-87	2.72569e-92	5.24871e-95	1.42196e-93	1.75994e-89	2.8945e-86	5.75612e-84	9.30707e-83	6.72525e-83	1.84937e-84	6.15004e-87	5.44572e-90	2.72259e-93	1.09418e-96	3.7222e-100	1.18338e-103	
N110	2.52215e-63	3.05391e-37	6.10704e-31	2.15433e-25	2.27261e-20	8.52012e-16	1.18266e-11	5.76302e-08	8.19362e-05	0.0192711	0.267331	0.539279	0.164689	0.00923758	0.000110269	3.04891e-07	1.92727e-10	2.46254e-14	7.76226e-19	9.87059e-24	6.3021e-29	2.28685e-34	5.10898e-40	7.42956e-46	7.32441e-52	5.04694e-58	2.4881e-64	8.93492e-71	2.36954e-77	4.68885e-84	6.97438e-91	7.83555e-98	6.66514e-105	4.29307e-112	2.08913e-119	7.64415e-127	2.08718e-134	4.2065e-142	6.16454e-150	6.43757e-158	6.39505e-166	
N111	2.8081e-65	3.02686e-39	5.55258e-33	1.85798e-27	1.93509e-22	7.52864e-18	1.15878e-13	6.90874e-10	1.43682e-06	0.000807618	0.057842	0.548659	0.349216	0.0421905	0.00127293	1.04643e-05	2.24851e-08	9.46034e-12	7.25173e-16	2.05652e-20	2.78821e-25	2.07532e-30	9.25892e-36	2.63115e-41	4.97818e-47	6.48311e-53	5.96146e-59	3.94749e-65	1.91103e-71	6.84187e-78	1.82675e-84	3.65794e-91	5.51072e-98	6.25049e-105	5.32858e-112	3.3997e-119	1.61172e-126	5.61811e-134	1.41899e-141	2.54568e-149	4.7423e-157	
N112	5.58934e-67	7.61428e-41	1.76593e-34	7.48462e-29	9.90342e-24	4.91937e-19	9.75039e-15	7.60624e-11	2.14078e-07	0.000178272	0.0285142	0.556852	0.367297	0.0457004	0.00144505	1.25318e-05	2.68177e-08	8.517e-12	3.79767e-16	6.27336e-21	5.0487e-26	2.27554e-31	6.26164e-37	1.11574e-42	1.34328e-48	1.1279e-54	6.7664e-61	2.95442e-67	9.5227e-74	2.28997e-80	4.13991e-87	5.65474e-94	5.85069e-101	4.58636e-108	2.71806e-115	1.2121e-122	4.03681e-130	9.9322e-138	1.77856e-145	2.2716e-153	2.84557e-161	
N113	3.13165e-76	1.09049e-49	6.66177e-43	7.73879e-37	2.94667e-31	4.47676e-26	2.93479e-21	8.40343e-17	1.0042e-12	4.42068e-09	5.38265e-06	0.00101873	0.0240217	0.170918	0.416182	0.324137	0.0622709	0.00144589	1.52755e-07	3.61243e-12	3.30102e-17	1.47627e-22	3.68986e-28	5.61064e-34	5.50221e-40	3.62987e-46	1.6622e-52	5.4099e-59	1.27411e-65	2.20087e-72	2.81595e-79	2.6867e-86	1.91906e-93	1.02756e-100	4.11933e-108	1.23147e-115	2.7264e-123	4.42404e-131	5.18559e-139	4.30428e-147	3.58095e-155	
Triowe	0	0	0	0	0	0	0	0	0	0	0	0	0	0	0	0	0	1	0	0	0	0	0	0	0	0	0	0	0	0	0	0	0	0	0	0	0	0	0	0	0	
N114	4.84857e-79	1.87275e-52	1.29711e-45	1.75389e-39	8.00967e-34	1.51112e-28	1.28218e-23	5.00198e-19	8.71313e-15	6.17281e-11	1.43688e-07	6.45963e-05	0.00370849	0.0584818	0.292046	0.451066	0.182613	0.0120151	4.39627e-06	3.10122e-10	7.52406e-15	8.16565e-20	4.61616e-25	1.50092e-30	3.00736e-36	3.90442e-42	3.41002e-48	2.06141e-54	8.81547e-61	2.71148e-67	6.07326e-74	9.99372e-81	1.21505e-87	1.09457e-94	7.30586e-102	3.60268e-109	1.30467e-116	3.43678e-124	6.49484e-132	8.63779e-140	1.22101e-147	
Trijoh	0	0	0	0	0	0	0	0	0	0	0	0	0	0	0	0	0	1	0	0	0	0	0	0	0	0	0	0	0	0	0	0	0	0	0	0	0	0	0	0	0	
Trimel	0	0	0	0	0	0	0	0	0	0	0	0	0	0	0	0	0	1	0	0	0	0	0	0	0	0	0	0	0	0	0	0	0	0	0	0	0	0	0	0	0	
N115	7.42866e-68	1.34123e-41	4.07839e-35	2.23871e-29	3.78314e-24	2.36277e-19	5.79081e-15	5.50042e-11	1.87168e-07	0.000192939	0.0431622	0.951681	0.00496004	3.15989e-06	4.50052e-10	2.03119e-14	3.74602e-19	3.37146e-24	1.6724e-29	4.9807e-35	9.47618e-41	1.20644e-46	1.06483e-52	6.69716e-59	3.0668e-65	1.03998e-71	2.64656e-78	5.10651e-85	7.52861e-92	8.52803e-99	7.44804e-106	5.02323e-113	2.61547e-120	1.04904e-127	3.22761e-135	7.56838e-143	1.34034e-150	1.77099e-158	1.71786e-166	1.19753e-174	8.22515e-183	
N116	4.22849e-71	1.74488e-44	1.19618e-37	1.46543e-31	5.45766e-26	7.39203e-21	3.84609e-16	7.53113e-12	5.06106e-08	9.62494e-05	0.0351445	0.964039	0.000719904	5.7973e-08	1.25962e-12	1.08216e-17	4.52548e-23	1.04842e-28	1.46834e-34	1.32309e-40	8.03267e-47	3.40329e-53	1.03407e-59	2.30206e-66	3.819e-73	4.7847e-80	4.57481e-87	3.36496e-94	1.91526e-101	8.46908e-109	2.91582e-116	7.82007e-124	1.63175e-131	2.64111e-139	3.29964e-147	3.15947e-155	2.29638e-163	1.25094e-171	5.02322e-180	1.45499e-188	3.67222e-197	
Trihoe	0	0	0	0	0	0	0	0	0	0	0	1	0	0	0	0	0	0	0	0	0	0	0	0	0	0	0	0	0	0	0	0	0	0	0	0	0	0	0	0	0	
Tribit	0	0	0	0	0	0	0	0	0	0	0	1	0	0	0	0	0	0	0	0	0	0	0	0	0	0	0	0	0	0	0	0	0	0	0	0	0	0	0	0	0	
Trijac	0	0	0	0	0	0	0	0	0	0	0	1	0	0	0	0	0	0	0	0	0	0	0	0	0	0	0	0	0	0	0	0	0	0	0	0	0	0	0	0	0	
N117	1.24707e-73	1.92292e-47	5.30007e-41	2.82262e-35	5.01654e-30	3.63065e-25	1.16058e-20	1.66467e-16	1.02833e-12	2.42957e-09	1.67351e-06	0.000234522	0.00738736	0.0791211	0.313643	0.430589	0.16075	0.00827077	2.1012e-06	1.21242e-10	2.73497e-15	3.0478e-20	1.91277e-25	7.34949e-31	1.83106e-36	3.08302e-42	3.6176e-48	3.02763e-54	1.83929e-60	8.2183e-67	2.72681e-73	6.7623e-80	1.25816e-86	1.75826e-93	1.84304e-100	1.44317e-107	8.38272e-115	3.57437e-122	1.1026e-129	2.41208e-137	5.78439e-145	
Tricri	0	0	0	0	0	0	0	0	0	0	0	0	0	0	0	0	0	1	0	0	0	0	0	0	0	0	0	0	0	0	0	0	0	0	0	0	0	0	0	0	0	
N118	2.66627e-80	9.19472e-54	5.69445e-47	6.90109e-41	2.83291e-35	4.82217e-30	3.71006e-25	1.32171e-20	2.12614e-16	1.42058e-12	3.29203e-09	1.86358e-06	0.000232952	0.00875113	0.10712	0.409388	0.409348	0.0651295	2.89391e-05	2.42517e-09	6.94105e-14	8.8567e-19	5.87549e-24	2.23917e-29	5.25469e-35	7.98578e-41	8.1612e-47	5.77144e-53	2.88673e-59	1.03837e-65	2.71967e-72	5.23293e-79	7.43919e-86	7.83583e-93	6.11545e-100	3.52623e-107	1.49325e-114	4.59991e-122	1.01662e-129	1.58129e-137	2.49522e-145	
Triwie	0	0	0	0	0	0	0	0	0	0	0	0	0	0	0	0	0	1	0	0	0	0	0	0	0	0	0	0	0	0	0	0	0	0	0	0	0	0	0	0	0	
Triqua	0	0	0	0	0	0	0	0	0	0	0	0	0	0	0	0	0	1	0	0	0	0	0	0	0	0	0	0	0	0	0	0	0	0	0	0	0	0	0	0	0	
N119	1.44875e-61	5.05254e-36	3.14823e-30	3.74357e-25	1.4597e-20	2.25899e-16	1.48426e-12	4.09791e-09	4.30878e-06	0.00130248	0.040666	0.23781	0.401692	0.250803	0.0618061	0.00574419	0.000169904	1.07257e-06	6.60014e-10	1.14736e-13	8.31897e-18	3.06383e-22	6.44829e-27	8.38145e-32	7.10422e-37	4.08586e-42	1.64262e-47	4.72149e-53	9.87135e-59	1.52071e-64	1.74258e-70	1.4949e-76	9.63685e-83	4.67386e-89	1.70314e-95	4.64426e-102	9.41162e-109	1.40281e-115	1.51574e-122	1.16434e-129	1.46717e-136	
N120	1.39721e-68	6.61392e-43	5.72167e-37	9.72673e-32	5.6196e-27	1.3484e-22	1.45956e-18	7.24834e-15	1.58467e-11	1.34818e-08	3.36272e-06	0.000232748	0.00572328	0.0574845	0.244537	0.418949	0.243386	0.0296495	3.44645e-05	9.22679e-09	9.66396e-13	4.98949e-17	1.44635e-21	2.55834e-26	2.9245e-31	2.25207e-36	1.20499e-41	4.58594e-47	1.26374e-52	2.55571e-58	3.83061e-64	4.2843e-70	3.59007e-76	2.25719e-82	1.06364e-88	3.74225e-95	9.76458e-102	1.87043e-108	2.5928e-115	2.55052e-122	3.45479e-129	
Kinboe	0	0	0	0	0	0	0	0	0	0	0	0	0	0	0	0	0	1	0	0	0	0	0	0	0	0	0	0	0	0	0	0	0	0	0	0	0	0	0	0	0	
Kinfis	0	0	0	0	0	0	0	0	0	0	0	0	0	0	0	0	0	1	0	0	0	0	0	0	0	0	0	0	0	0	0	0	0	0	0	0	0	0	0	0	0	
Kinxen	0	0	0	0	0	0	0	0	0	0	0	0	0	0	0	0	0	1	0	0	0	0	0	0	0	0	0	0	0	0	0	0	0	0	0	0	0	0	0	0	0	
N121	1.49613e-53	4.80834e-39	5.62614e-34	1.72511e-27	1.67332e-21	4.6009e-16	3.58735e-11	6.87711e-07	0.00204948	0.210371	0.679431	0.106306	0.00183439	7.43178e-06	9.33912e-09	3.98004e-12	5.4761e-16	1.96071e-20	2.66649e-25	1.66325e-30	5.29027e-36	9.15888e-42	8.99844e-48	5.15044e-54	1.74322e-60	3.6615e-67	1.52864e-72	8.08934e-77	2.54176e-81	1.42827e-84	1.72467e-83	7.92118e-83	9.91798e-83	1.41511e-83	1.16812e-85	1.57714e-88	1.17495e-91	7.29552e-95	3.91602e-98	1.79943e-101	8.11921e-105	
N122	4.52838e-53	4.55573e-28	7.81047e-23	2.38264e-18	2.19238e-14	7.23728e-11	8.96254e-08	4.00173e-05	0.00563984	0.186365	0.671734	0.135374	0.000846384	1.03721e-06	4.32578e-10	8.04995e-14	7.84289e-18	4.44136e-22	1.57264e-26	3.67278e-31	5.88995e-36	6.69111e-41	5.51783e-46	3.36774e-51	1.54494e-56	5.39269e-62	1.44613e-67	3.0014e-73	4.84742e-79	6.11434e-85	6.03524e-91	4.6633e-97	2.81694e-103	1.32626e-109	4.84302e-116	1.362e-122	2.92188e-129	4.72172e-136	5.65379e-143	4.91012e-150	6.27125e-157	
N123	2.65879e-62	3.34494e-36	6.67558e-30	2.22915e-24	2.08972e-19	6.45476e-15	6.74907e-11	2.24186e-07	0.000200621	0.0347026	0.580319	0.384633	0.000145207	9.25727e-09	1.93938e-13	1.79257e-18	8.64175e-24	2.4193e-29	4.23607e-35	4.89556e-41	3.8883e-47	2.18943e-53	8.95516e-60	2.71219e-66	6.17561e-73	1.06998e-79	1.42392e-86	1.46592e-93	1.17354e-100	7.33033e-108	3.57874e-115	1.3657e-122	4.06747e-130	9.4234e-138	1.68952e-145	2.32712e-153	2.43848e-161	1.91901e-169	1.11541e-177	4.68519e-186	1.8563e-194	
N124	4.83957e-70	3.23e-43	3.43418e-36	6.21168e-30	3.21457e-24	5.60016e-19	3.38226e-14	6.65363e-10	3.60081e-06	0.00374819	0.324727	0.671451	7.06891e-05	1.12335e-09	5.63977e-15	1.22923e-20	1.38786e-26	9.07523e-33	3.70896e-39	1.00072e-45	1.85685e-52	2.44452e-59	2.3394e-66	1.6588e-73	8.84691e-81	3.59114e-88	1.11968e-95	2.7001e-103	5.06091e-111	7.39614e-119	8.4401e-127	7.51943e-135	5.22073e-143	2.81482e-151	1.17217e-159	3.74174e-168	9.06424e-177	1.64464e-185	2.19748e-194	2.11499e-203	1.65064e-212	
N125	7.52851e-70	3.28201e-43	2.37766e-36	3.07353e-30	1.20257e-24	1.69524e-19	9.01102e-15	1.73738e-10	1.0644e-06	0.00153686	0.237929	0.760298	0.000235362	9.97422e-09	1.29837e-13	7.26438e-19	2.09828e-24	3.5083e-30	3.66936e-36	2.53775e-42	1.20942e-48	4.09852e-55	1.01206e-61	1.85625e-68	2.56733e-75	2.70957e-82	2.2024e-89	1.38834e-96	6.8213e-104	2.6206e-111	7.88439e-119	1.8575e-126	3.42085e-134	4.90779e-142	5.45597e-150	4.66506e-158	3.03753e-166	1.48667e-174	5.378e-183	1.40673e-191	3.22624e-200	
Chaafr	0	0	0	0	0	0	0	0	0	0	0	1	0	0	0	0	0	0	0	0	0	0	0	0	0	0	0	0	0	0	0	0	0	0	0	0	0	0	0	0	0	
Chacha	0	0	0	0	0	0	0	0	0	0	0	1	0	0	0	0	0	0	0	0	0	0	0	0	0	0	0	0	0	0	0	0	0	0	0	0	0	0	0	0	0	
N126	3.25457e-70	1.41271e-43	1.02398e-36	1.33293e-30	5.29376e-25	7.65181e-20	4.22666e-15	8.62867e-11	5.75917e-07	0.000952637	0.191353	0.807433	0.000260897	1.17015e-08	1.61897e-13	9.64669e-19	2.97088e-24	5.30035e-30	5.91888e-36	4.37262e-42	2.22682e-48	8.06677e-55	2.12996e-61	4.17844e-68	6.18268e-75	6.98249e-82	6.07451e-89	4.09918e-96	2.1564e-103	8.87149e-111	2.85865e-118	7.21406e-126	1.42331e-133	2.18785e-141	2.60626e-149	2.38814e-157	1.66656e-165	8.74281e-174	3.3902e-182	9.50633e-191	2.30554e-199	
Chacaly	0	0	0	0	0	0	0	0	0	0	0	1	0	0	0	0	0	0	0	0	0	0	0	0	0	0	0	0	0	0	0	0	0	0	0	0	0	0	0	0	0	
Chazey	0	0	0	0	0	0	0	0	0	0	0	1	0	0	0	0	0	0	0	0	0	0	0	0	0	0	0	0	0	0	0	0	0	0	0	0	0	0	0	0	0	
N127	2.13104e-62	2.19306e-36	3.70051e-30	1.08593e-24	9.34653e-20	2.78607e-15	2.97607e-11	1.07748e-07	0.000112865	0.0244946	0.531658	0.443329	0.000405555	5.33608e-08	2.18122e-12	3.84546e-17	3.50298e-22	1.84685e-27	6.08741e-33	1.32578e-38	1.98805e-44	2.1182e-50	1.6433e-56	9.46305e-63	4.1069e-69	1.35945e-75	3.4644e-82	6.84504e-89	1.05395e-95	1.26881e-102	1.19625e-109	8.83288e-117	5.09954e-124	2.29434e-131	8.00227e-139	2.14787e-146	4.39303e-154	6.759e-162	7.69282e-170	6.33725e-178	5.3592e-186	
Chadil	0	0	0	0	0	0	0	0	0	0	0	1	0	0	0	0	0	0	0	0	0	0	0	0	0	0	0	0	0	0	0	0	0	0	0	0	0	0	0	0	0	
Chasen	0	0	0	0	0	0	0	0	0	0	0	1	0	0	0	0	0	0	0	0	0	0	0	0	0	0	0	0	0	0	0	0	0	0	0	0	0	0	0	0	0	
Chanam	0	0	0	0	0	0	0	0	0	0	0	1	0	0	0	0	0	0	0	0	0	0	0	0	0	0	0	0	0	0	0	0	0	0	0	0	0	0	0	0	0	
N128	5.88744e-64	3.04869e-38	1.13529e-31	7.81187e-26	1.6983e-20	1.38824e-15	4.3817e-11	4.79816e-07	0.00123898	0.142945	0.567272	0.248511	0.0374571	0.00249581	7.90353e-05	1.16039e-06	6.97833e-09	1.30518e-11	1.07667e-14	4.575e-18	1.47375e-21	1.25165e-21	1.56646e-22	2.13218e-24	1.5769e-26	8.16334e-29	2.93662e-31	7.15903e-34	1.13328e-36	1.08346e-39	5.50021e-43	1.18872e-46	1.33655e-50	8.84109e-55	3.68866e-59	1.01057e-63	1.85955e-68	2.32205e-73	1.96908e-78	1.16099e-83	8.49593e-88	
Riebrev	0	0	0	0	0	0	0	0	0	0	0	0	0	0	0	0	0	0	0	0	0	0	0	0	0	0	0	0	0	0	1	0	0	0	0	0	0	0	0	0	0	
N129	2.54769e-80	9.76608e-54	6.66359e-47	8.63935e-41	3.66936e-35	6.21261e-30	4.52803e-25	1.43296e-20	1.86616e-16	8.66731e-13	1.0563e-09	4.37153e-07	7.00139e-05	0.00437439	0.0960685	0.554551	0.344905	3.04347e-05	5.92587e-10	4.52839e-15	1.72541e-20	3.73976e-26	5.01052e-32	4.3913e-38	2.6215e-44	1.09825e-50	3.30169e-57	7.24337e-64	1.17416e-70	1.41908e-77	1.28646e-84	8.7782e-92	4.51324e-99	1.7462e-106	5.06575e-114	1.09511e-121	1.74834e-129	2.03615e-137	1.70203e-145	1.00037e-153	6.74307e-162	
N130	8.58597e-74	8.49102e-59	1.00243e-53	3.0634e-49	1.57054e-48	5.5206e-43	1.51157e-36	1.66261e-30	7.00741e-25	9.9957e-20	3.82527e-15	4.04034e-11	1.21962e-07	9.89623e-05	0.017775	0.455623	0.526497	5.50119e-06	8.13657e-12	3.6484e-18	6.79264e-25	6.20228e-32	3.06916e-39	8.89943e-47	3.44284e-50	3.52868e-52	1.47288e-54	2.22471e-57	9.69694e-61	8.376e-65	2.49672e-69	6.26441e-74	1.32706e-78	2.3768e-83	3.59855e-88	4.59788e-93	4.94121e-98	4.44315e-103	3.31819e-108	2.0371e-113	1.11818e-118	
N131	2.13517e-83	1.99599e-58	3.18746e-53	5.57126e-49	3.89092e-47	5.91996e-46	9.30714e-40	1.7897e-33	1.49234e-27	4.97929e-22	5.73214e-17	1.92727e-12	1.67232e-08	3.25117e-05	0.0111355	0.419598	0.569226	7.604e-06	1.30801e-11	6.63606e-18	1.3809e-24	1.39927e-31	7.64578e-39	2.3975e-46	4.47615e-54	5.06701e-62	7.9535e-70	3.89686e-75	9.24675e-81	5.86455e-87	1.7403e-93	3.94441e-100	6.84179e-107	9.06352e-114	9.13042e-121	6.94734e-128	3.95505e-135	1.66318e-142	5.08011e-150	1.10246e-157	1.87796e-165	
Braset	0	0	0	0	0	0	0	0	0	0	0	0	0	0	0	0	1	0	0	0	0	0	0	0	0	0	0	0	0	0	0	0	0	0	0	0	0	0	0	0	0	
N132	4.5611e-102	5.87529e-75	8.21254e-68	2.90682e-61	2.29621e-54	1.06646e-47	2.35262e-41	2.58022e-35	1.42212e-29	3.86741e-24	4.93964e-19	2.70786e-14	5.46177e-10	3.10453e-06	0.00316909	0.289226	0.707568	3.33705e-05	2.10572e-10	3.96492e-16	3.11611e-22	1.22819e-28	2.72253e-35	3.66747e-42	3.17199e-49	1.83404e-56	7.30707e-64	2.05248e-71	4.13547e-79	6.05433e-87	6.49975e-95	5.14807e-103	3.01791e-111	1.31015e-119	4.20318e-128	9.91676e-137	1.70716e-145	2.12005e-154	1.86982e-163	1.14681e-172	5.42381e-182	
N133	2.45485e-118	8.86348e-90	5.80952e-81	7.66456e-73	3.56471e-65	7.26528e-58	7.22368e-51	3.70132e-44	9.99891e-38	1.42182e-31	1.03812e-25	3.69449e-20	5.85437e-15	3.53723e-10	6.10803e-06	0.0154938	0.984483	1.6924e-05	3.99268e-11	2.83388e-17	8.42495e-24	1.25794e-30	1.05656e-37	5.38859e-45	1.76163e-52	3.84062e-60	5.75086e-68	6.04657e-76	4.53837e-84	2.46118e-92	9.72487e-101	2.81443e-109	5.97988e-118	9.32506e-127	1.06406e-135	8.83317e-145	5.28753e-154	2.25413e-163	6.73021e-173	1.3764e-182	2.07032e-192	
Bramel	0	0	0	0	0	0	0	0	0	0	0	0	0	0	0	0	1	0	0	0	0	0	0	0	0	0	0	0	0	0	0	0	0	0	0	0	0	0	0	0	0	
Bratha	0	0	0	0	0	0	0	0	0	0	0	0	0	0	0	0	1	0	0	0	0	0	0	0	0	0	0	0	0	0	0	0	0	0	0	0	0	0	0	0	0	
N134	2.74973e-109	2.75796e-81	5.09066e-73	1.91287e-65	2.558e-58	1.51038e-51	4.37468e-45	6.55129e-39	5.17658e-33	2.14833e-27	4.55082e-22	4.64714e-17	2.07351e-12	3.41348e-08	0.00015049	0.0808862	0.918913	5.04959e-05	3.74606e-10	8.31662e-16	7.71792e-22	3.59608e-28	9.43547e-35	1.50681e-41	1.54802e-48	1.06575e-55	5.0705e-63	1.7066e-70	4.13654e-78	7.31796e-86	9.54172e-94	9.23047e-102	6.65024e-110	3.57251e-118	1.42889e-126	4.23743e-135	9.2505e-144	1.47087e-152	1.67836e-161	1.34689e-170	8.39181e-180	
Bradra	0	0	0	0	0	0	0	0	0	0	0	0	0	0	0	0	1	0	0	0	0	0	0	0	0	0	0	0	0	0	0	0	0	0	0	0	0	0	0	0	0	
Bratra	0	0	0	0	0	0	0	0	0	0	0	0	0	0	0	0	1	0	0	0	0	0	0	0	0	0	0	0	0	0	0	0	0	0	0	0	0	0	0	0	0	
N135	2.51221e-104	1.32114e-76	1.27327e-68	2.48223e-61	1.70917e-54	5.14995e-48	7.53086e-42	5.62095e-36	2.17917e-30	4.35189e-25	4.32873e-20	2.01111e-15	3.91613e-11	2.66294e-07	0.00045575	0.103057	0.896412	7.5249e-05	9.11328e-10	3.37554e-15	5.27774e-21	4.16509e-27	1.857e-33	5.05035e-40	8.85062e-47	1.04083e-53	8.46911e-61	4.88078e-68	2.02805e-75	6.1581e-83	1.37995e-90	2.29747e-98	2.85304e-106	2.64605e-114	1.83039e-122	9.40577e-131	3.5653e-139	9.86502e-148	1.96349e-156	2.75543e-165	3.10736e-174	
Bragut	0	0	0	0	0	0	0	0	0	0	0	0	0	0	0	0	1	0	0	0	0	0	0	0	0	0	0	0	0	0	0	0	0	0	0	0	0	0	0	0	0	
Braven	0	0	0	0	0	0	0	0	0	0	0	0	0	0	0	0	1	0	0	0	0	0	0	0	0	0	0	0	0	0	0	0	0	0	0	0	0	0	0	0	0	
N136	1.28981e-90	1.55329e-63	3.34701e-56	1.4119e-49	2.01956e-43	1.20046e-37	3.23955e-32	4.0854e-27	2.37462e-22	6.03076e-18	6.12431e-14	2.30314e-10	3.03964e-07	0.000129528	0.0150898	0.340091	0.644539	0.000150618	5.25193e-09	5.66013e-14	2.5868e-19	5.98182e-25	7.82661e-31	6.25328e-37	3.22238e-43	1.11523e-49	2.67285e-56	4.54123e-63	5.56857e-70	4.99548e-77	3.31129e-84	1.63299e-91	6.01595e-99	1.658e-106	3.41447e-114	5.23403e-122	5.93123e-130	4.91785e-138	2.94057e-146	1.24306e-154	4.53028e-163	
Brapum	0	0	0	0	0	0	0	0	0	0	0	0	0	0	0	0	1	0	0	0	0	0	0	0	0	0	0	0	0	0	0	0	0	0	0	0	0	0	0	0	0	
Bradam	0	0	0	0	0	0	0	0	0	0	0	0	0	0	0	0	1	0	0	0	0	0	0	0	0	0	0	0	0	0	0	0	0	0	0	0	0	0	0	0	0	
