NODE	1	2	3	4	5	6	7	8	9	10	11	12	13	14	15	16	17	18	19	20	21	22	23	24	25	26	27	28	29	
N1	1.85449e-24	5.01552e-21	9.53152e-18	4.22455e-16	5.1467e-13	3.11176e-13	8.95582e-11	1.52955e-08	7.89365e-10	1.29001e-09	5.21708e-07	4.19746e-05	4.03515e-06	5.44788e-08	9.87053e-10	7.33706e-10	4.37554e-10	0.999953	1.95791e-12	1.25207e-14	3.88392e-17	7.02382e-20	8.22536e-23	6.67296e-26	3.93033e-29	1.74022e-32	5.95533e-36	1.6143e-39	9.29681e-43	
N2	5.42135e-27	1.45751e-23	2.98915e-20	7.73115e-18	4.44773e-15	2.93221e-14	8.28275e-12	1.02092e-09	1.01893e-10	5.5289e-10	2.07652e-07	1.46266e-05	1.48839e-06	2.49971e-08	4.40815e-08	2.28781e-05	0.0113254	0.95207	0.036359	0.000206049	3.61423e-07	8.34923e-10	6.00088e-11	2.49245e-11	2.7656e-12	8.0577e-14	6.39069e-15	2.16849e-18	8.26653e-21	
N3	2.74622e-36	1.16381e-31	3.40426e-27	1.37726e-24	2.1963e-20	5.68996e-20	1.03492e-16	1.31287e-13	2.34441e-14	1.07686e-13	4.48753e-10	1.8212e-07	1.65149e-08	8.5986e-10	6.71239e-10	2.71073e-06	0.0048005	0.949782	0.0452555	0.000158773	1.26409e-07	8.75849e-11	4.39844e-13	4.9278e-15	1.5664e-17	2.50676e-20	4.70816e-23	4.19653e-27	1.39886e-30	
N4	1.7405e-38	5.51597e-34	1.19749e-29	1.28807e-26	9.89865e-23	3.28962e-21	5.06413e-18	3.24304e-15	2.51695e-15	6.23671e-14	1.43871e-10	3.86857e-08	3.83914e-09	7.55884e-10	3.48665e-09	6.01766e-06	0.00708655	0.935332	0.0572918	0.000283035	3.09783e-07	1.65091e-10	1.75316e-12	3.00706e-13	1.19521e-14	8.07133e-17	2.29433e-18	3.72783e-22	6.08484e-25	
B3088	0	0	0	0	0	0	0	0	0	0	0	0	0	0	0	0	0	1	0	0	0	0	0	0	0	0	0	0	0	
N5	9.34842e-37	6.89263e-33	4.19451e-29	4.41152e-26	9.34177e-23	5.69274e-21	3.51848e-18	1.42619e-15	8.78665e-15	2.61006e-13	1.6658e-10	1.77458e-08	4.90197e-09	9.57965e-09	6.73623e-08	3.56973e-05	0.0149287	0.913871	0.0705512	0.000611812	1.43143e-06	1.76681e-09	4.22495e-11	1.68707e-11	1.70719e-12	3.53338e-14	2.80896e-15	1.73058e-18	9.67698e-21	
BGA709	0	0	0	0	0	0	0	0	0	0	0	0	0	0	0	0	0	1	0	0	0	0	0	0	0	0	0	0	0	
BGA309	0	0	0	0	0	0	0	0	0	0	0	0	0	0	0	0	0	1	0	0	0	0	0	0	0	0	0	0	0	
N6	4.63823e-41	3.05916e-36	1.39508e-31	9.70381e-29	2.60316e-24	8.79181e-24	5.01897e-20	2.25444e-16	6.18195e-17	6.84287e-16	4.90191e-12	4.52435e-09	7.14954e-10	6.62367e-11	1.08527e-10	7.78402e-07	0.00242264	0.977186	0.0203529	3.71923e-05	1.64907e-08	4.00106e-12	1.02578e-14	1.56622e-16	6.62882e-19	1.11759e-21	3.11486e-24	2.52202e-28	8.92809e-32	
N7	4.06862e-39	6.63063e-35	8.4202e-31	6.49036e-28	4.84357e-24	6.49488e-23	1.45417e-19	2.07582e-16	1.81951e-16	3.58491e-15	1.36803e-11	1.34556e-08	1.86635e-08	4.71995e-09	9.77418e-09	1.41505e-05	0.0100677	0.961778	0.0280333	0.000106684	1.21543e-07	1.34596e-10	1.57983e-12	5.43815e-14	5.68657e-16	2.9849e-18	2.02299e-20	4.88593e-24	5.15993e-27	
B11696	0	0	0	0	0	0	0	0	0	0	0	0	0	0	0	0	0	1	0	0	0	0	0	0	0	0	0	0	0	
B11609	0	0	0	0	0	0	0	0	0	0	0	0	0	0	0	0	0	1	0	0	0	0	0	0	0	0	0	0	0	
N8	5.1685e-49	3.67495e-43	1.46691e-37	2.54604e-34	5.62339e-29	2.48258e-28	6.34995e-24	9.65361e-20	2.53223e-20	5.42277e-19	2.4765e-14	9.82431e-11	7.79087e-12	3.31402e-13	1.08534e-12	4.55362e-08	0.000672685	0.986911	0.0124086	7.70178e-06	9.04065e-10	4.14282e-14	2.57669e-17	3.89242e-19	1.30076e-21	6.81397e-25	3.85531e-27	8.86482e-30	2.83523e-31	
N9	4.06567e-38	7.21032e-35	9.64235e-32	3.79123e-30	3.7267e-27	1.80052e-27	9.99014e-25	3.82874e-21	3.92248e-21	3.26164e-19	8.82769e-15	2.34049e-11	1.61551e-12	2.48093e-13	3.30414e-12	8.42358e-08	0.000877253	0.986743	0.0123712	8.64626e-06	1.23837e-09	6.629e-14	8.63278e-17	1.67902e-17	7.17652e-19	1.76156e-21	5.59907e-23	2.0786e-27	1.3365e-30	
N10	4.56392e-43	3.03045e-39	2.41293e-35	3.33823e-32	3.64208e-28	1.85291e-26	6.36775e-23	1.33434e-19	4.10665e-19	1.59917e-17	7.17807e-14	1.00621e-10	5.35639e-10	5.45003e-10	2.97161e-09	5.9156e-06	0.00652458	0.971797	0.0216136	5.91432e-05	4.6381e-08	2.63054e-11	4.15237e-13	5.51425e-14	1.97064e-15	1.89946e-17	5.00692e-19	8.54388e-23	1.36236e-25	
B983	0	0	0	0	0	0	0	0	0	0	0	0	0	0	0	0	0	1	0	0	0	0	0	0	0	0	0	0	0	
B11604	0	0	0	0	0	0	0	0	0	0	0	0	0	0	0	0	0	1	0	0	0	0	0	0	0	0	0	0	0	
N11	2.54931e-43	1.05052e-38	3.33225e-34	4.31177e-31	9.86177e-27	1.54201e-25	1.14438e-21	5.63834e-18	5.93926e-18	2.12638e-16	2.09144e-12	4.19019e-09	4.00227e-09	6.67781e-10	1.45901e-09	4.3467e-06	0.00569597	0.978787	0.0154808	3.13974e-05	1.89832e-08	1.15243e-11	8.5059e-14	1.96647e-15	1.3558e-17	4.43053e-20	1.97687e-22	2.4672e-26	1.45322e-29	
BGAA1	0	0	0	0	0	0	0	0	0	0	0	0	0	0	0	0	0	1	0	0	0	0	0	0	0	0	0	0	0	
BGA584	0	0	0	0	0	0	0	0	0	0	0	0	0	0	0	0	0	1	0	0	0	0	0	0	0	0	0	0	0	
N12	2.89697e-42	8.16881e-38	1.73297e-33	1.90907e-30	2.51105e-26	4.34154e-25	1.93315e-21	6.08927e-18	8.67203e-18	3.16973e-16	2.30834e-12	3.60379e-09	5.16297e-09	1.3116e-09	3.21477e-09	7.00373e-06	0.00717893	0.972997	0.019765	5.17131e-05	4.02501e-08	3.0555e-11	3.10301e-13	1.07789e-14	1.1062e-16	5.16623e-19	3.50399e-21	5.76238e-25	4.82377e-28	
BGA303	0	0	0	0	0	0	0	0	0	0	0	0	0	0	0	0	0	1	0	0	0	0	0	0	0	0	0	0	0	
BGAB1	0	0	0	0	0	0	0	0	0	0	0	0	0	0	0	0	0	1	0	0	0	0	0	0	0	0	0	0	0	
PGA445	0	0	0	0	0	0	0	0	0	0	0	0	0	0	0	0	0	1	0	0	0	0	0	0	0	0	0	0	0	
N13	1.08453e-34	2.36819e-29	2.37041e-24	2.07634e-21	2.44409e-17	1.25835e-16	5.61006e-13	1.80961e-10	3.58973e-10	9.68669e-08	0.000797149	0.616638	0.344653	0.0365598	0.00127073	2.60079e-05	4.65271e-05	8.56693e-06	9.50229e-10	2.25372e-14	2.05756e-19	2.7953e-24	9.60294e-28	4.88117e-30	2.85517e-31	8.49888e-33	6.64076e-34	1.24029e-35	5.78237e-34	
N14	1.87705e-31	5.04838e-27	1.25644e-22	6.77335e-19	1.56085e-15	1.77395e-12	1.32508e-09	1.1048e-07	2.06943e-05	0.00579342	0.201849	0.624806	0.160415	0.00701727	9.53133e-05	3.34048e-06	2.55766e-07	5.12127e-09	1.2994e-12	1.38045e-16	7.53337e-20	4.12224e-23	1.03098e-25	1.27919e-26	5.50403e-27	6.37537e-28	2.6239e-28	8.33916e-31	3.96779e-32	
Rhaspe	0	0	0	0	0	0	0	0	0	1	0	0	0	0	0	0	0	0	0	0	0	0	0	0	0	0	0	0	0	
N15	2.15614e-25	1.48138e-23	2.1079e-20	4.40674e-17	4.49791e-14	2.46088e-11	1.0072e-08	7.90817e-07	7.56588e-05	0.00983826	0.242801	0.603934	0.137898	0.00538414	6.54634e-05	1.78355e-06	9.73994e-08	1.79178e-09	5.06276e-12	7.28276e-14	6.52491e-16	6.79275e-19	6.19163e-21	5.74822e-23	3.34255e-25	2.1913e-27	1.48506e-29	3.75417e-33	5.84551e-35	
Rhamar	0	0	0	0	0	0	0	0	0	1	0	0	0	0	0	0	0	0	0	0	0	0	0	0	0	0	0	0	0	
Rhatem	0	0	0	0	0	0	0	0	0	0	1	0	0	0	0	0	0	0	0	0	0	0	0	0	0	0	0	0	0	
N16	1.41132e-38	1.44164e-33	7.25095e-29	4.84307e-26	1.15744e-20	8.55485e-20	3.41794e-15	1.13063e-10	1.46185e-10	6.3657e-09	0.000246281	0.78561	0.209772	0.00426695	4.10675e-05	7.23171e-06	4.77172e-05	9.07498e-06	2.81939e-09	2.64079e-12	1.47749e-14	6.22115e-18	1.49509e-21	8.07076e-25	5.01459e-27	1.62474e-28	1.8556e-30	9.16452e-34	1.59595e-34	
N17	2.95943e-37	1.33178e-31	3.71972e-26	6.20002e-23	9.25811e-18	9.50443e-17	2.27539e-12	1.34396e-08	6.58982e-09	1.95198e-07	0.00195071	0.942527	0.0539996	7.71124e-05	2.16408e-06	1.4093e-05	0.000194835	0.00121986	1.45689e-05	6.77223e-08	5.376e-11	5.95502e-15	2.12318e-18	3.97721e-22	8.02427e-26	2.6082e-29	2.16328e-32	8.81379e-37	4.39241e-40	
N18	1.30017e-31	3.0179e-27	5.26311e-23	8.65478e-20	4.85318e-16	5.07001e-14	9.4985e-11	4.84887e-08	4.17904e-07	2.22737e-05	0.0171341	0.929679	0.0513414	0.000365055	6.46129e-05	0.000397422	0.000801619	0.000192835	7.58837e-07	9.30329e-10	3.95448e-13	7.88287e-17	8.34541e-20	3.68718e-21	5.39287e-23	2.39668e-25	3.04633e-27	5.26881e-31	6.21586e-34	
FGA379	0	0	0	0	0	0	0	0	0	0	0	0	0	0	0	0	1	0	0	0	0	0	0	0	0	0	0	0	0	
N19	4.24704e-30	9.6232e-26	1.60406e-21	1.98569e-18	1.25889e-14	6.51216e-13	7.56322e-10	6.98026e-07	3.03438e-06	3.21202e-05	0.0120544	0.914637	0.0717507	0.00118621	0.000291477	4.19164e-05	2.12311e-06	2.89806e-08	1.87324e-11	4.22251e-15	4.5536e-19	6.45063e-23	1.53122e-25	1.76492e-27	5.57458e-30	5.92365e-33	1.41607e-35	8.27662e-40	4.27814e-43	
N20	5.11302e-33	9.43723e-28	9.74429e-23	1.85943e-19	2.76041e-15	2.23374e-13	3.06711e-10	2.32917e-07	1.15219e-06	9.56137e-05	0.014132	0.895581	0.0888761	0.00129843	1.50176e-05	1.01564e-07	1.82568e-10	1.75945e-13	1.08009e-17	2.59499e-21	1.70949e-23	8.2957e-25	6.57089e-26	1.14954e-26	3.30385e-28	1.63772e-29	9.41937e-31	2.99561e-33	2.42105e-34	
N21	7.37624e-36	5.54157e-31	1.82327e-25	6.39203e-22	4.63984e-17	2.91855e-15	7.15296e-11	5.48891e-08	1.2496e-07	1.76381e-05	0.0175295	0.937727	0.0445973	0.000127885	1.86475e-07	1.23242e-10	1.93116e-14	2.57305e-18	2.7551e-22	8.1257e-26	1.54341e-27	2.52753e-29	1.18844e-30	5.27626e-32	2.30617e-34	8.10894e-36	1.21489e-37	5.26878e-40	9.64185e-41	
F3015	0	0	0	0	0	0	0	0	0	0	1	0	0	0	0	0	0	0	0	0	0	0	0	0	0	0	0	0	0	
N22	1.57835e-35	9.15426e-32	1.02542e-26	7.11225e-23	6.7775e-18	9.514e-16	1.01022e-11	1.06912e-08	6.84388e-08	6.58267e-06	0.0164752	0.946889	0.0365941	3.49377e-05	1.14322e-08	4.35926e-12	3.82898e-15	1.90729e-17	1.74156e-21	5.01766e-25	6.7236e-29	1.2159e-31	4.90521e-33	5.55363e-35	6.45339e-37	2.59055e-38	1.12342e-38	3.7141e-41	3.63317e-42	
N23	3.10738e-35	1.1421e-31	6.34136e-27	4.48128e-23	2.09943e-18	3.96027e-16	1.47428e-12	7.48024e-09	7.83269e-08	6.71343e-06	0.00868286	0.953015	0.0382749	2.03472e-05	6.58202e-09	1.31929e-10	2.30106e-13	8.34196e-16	3.84848e-20	1.6556e-23	3.41167e-28	2.05782e-33	1.28717e-35	6.93658e-33	1.53317e-33	6.51481e-35	1.53001e-35	1.91066e-38	1.51529e-39	
N24	1.36159e-44	9.62501e-38	1.23666e-30	8.42518e-27	1.09523e-20	8.1809e-19	4.26579e-13	5.12261e-10	1.61603e-10	6.2529e-07	0.0133956	0.978903	0.00770031	5.34052e-07	6.3783e-12	1.30444e-15	1.63167e-19	7.67496e-23	3.57812e-28	4.63774e-32	2.10016e-35	2.28188e-39	4.31205e-41	3.53366e-38	1.28374e-37	1.95859e-37	3.70057e-36	6.03962e-37	1.67696e-36	
N25	2.01805e-36	1.29581e-32	5.21787e-29	1.61585e-26	4.64825e-21	5.22074e-18	2.3455e-13	5.45808e-11	8.58504e-10	6.46886e-06	0.0254067	0.966665	0.0079199	1.87923e-06	4.74563e-11	8.23809e-13	1.17256e-15	2.58817e-17	2.69868e-22	4.98201e-26	1.62153e-31	1.24076e-35	1.77085e-37	1.43696e-37	3.28166e-39	1.54708e-40	2.54682e-40	1.13038e-43	6.54255e-45	
F1476	0	0	0	0	0	0	0	0	0	0	1	0	0	0	0	0	0	0	0	0	0	0	0	0	0	0	0	0	0	
N26	7.04755e-36	4.94527e-32	2.34527e-28	3.04258e-25	1.56569e-20	5.30184e-17	4.31863e-13	6.06417e-10	6.02241e-08	7.78753e-05	0.032166	0.951928	0.0158011	2.68455e-05	8.9002e-09	3.94271e-10	6.15279e-13	6.09939e-15	4.21289e-20	1.33937e-23	7.9493e-27	6.63725e-30	3.27477e-31	4.39975e-31	9.7106e-33	4.2683e-34	3.15406e-34	1.01058e-37	4.12415e-39	
Furcep	0	0	0	0	0	0	0	0	0	0	0	0	0	1	0	0	0	0	0	0	0	0	0	0	0	0	0	0	0	
N27	9.19848e-34	1.67255e-30	2.97918e-27	1.86128e-23	1.34275e-18	8.81154e-16	3.05647e-11	4.00385e-09	4.25119e-08	2.80629e-05	0.0644376	0.928321	0.00720888	4.52512e-06	5.97678e-10	2.92866e-12	1.50084e-15	2.01286e-17	2.57086e-21	1.58575e-24	1.15296e-28	9.00409e-34	2.06917e-37	2.59889e-40	7.24844e-45	1.52969e-48	3.46846e-51	1.58715e-54	1.49673e-53	
Furpol	0	0	0	0	0	0	0	0	0	0	0	1	0	0	0	0	0	0	0	0	0	0	0	0	0	0	0	0	0	
N28	3.97638e-36	8.05543e-31	1.03353e-25	7.96033e-22	1.06809e-17	1.0427e-14	2.82686e-10	7.21764e-10	1.81571e-08	0.000265004	0.794512	0.20497	0.000253567	4.48708e-08	3.21887e-12	7.79528e-15	1.58991e-17	1.06154e-19	4.56539e-24	1.16476e-27	2.89339e-32	1.76645e-37	1.21856e-41	6.18124e-45	9.41923e-49	2.0115e-52	2.48515e-55	2.65456e-58	1.11708e-57	
N29	1.60606e-36	4.07975e-31	6.75712e-26	6.91595e-22	1.24145e-17	1.63936e-14	6.03507e-10	1.15148e-09	2.87442e-08	0.000421502	0.960379	0.0391852	1.46883e-05	1.19179e-09	5.83841e-13	3.35377e-15	2.47109e-18	3.56073e-21	5.34833e-26	6.8731e-30	8.03406e-35	1.3417e-39	2.2153e-43	2.38353e-46	1.06222e-50	7.53137e-55	1.9387e-58	2.26026e-64	8.32743e-69	
F2241	0	0	0	0	0	0	0	0	0	0	1	0	0	0	0	0	0	0	0	0	0	0	0	0	0	0	0	0	0	
Furang	0	0	0	0	0	0	0	0	0	0	1	0	0	0	0	0	0	0	0	0	0	0	0	0	0	0	0	0	0	
FGA490	0	0	0	0	0	0	0	0	0	0	1	0	0	0	0	0	0	0	0	0	0	0	0	0	0	0	0	0	0	
N30	2.59084e-41	3.2004e-35	2.67927e-29	1.81011e-25	5.38785e-20	5.01118e-18	7.42516e-13	9.34964e-10	6.46663e-10	1.44131e-06	0.0208449	0.977727	0.00142632	1.14831e-07	4.43722e-12	1.40923e-14	8.11798e-18	2.00304e-20	2.37953e-25	2.13605e-29	8.90267e-35	1.12697e-40	7.03084e-44	1.16708e-42	1.14882e-43	1.43594e-45	1.50517e-46	1.01418e-49	1.08369e-47	
N31	9.1764e-40	6.47217e-34	2.90234e-28	2.01917e-24	2.47274e-19	3.69371e-17	9.33237e-13	1.83234e-09	1.61165e-08	1.63871e-06	0.0190377	0.979184	0.0017767	2.32243e-07	8.76345e-11	1.31642e-12	1.24368e-15	4.09106e-18	3.70738e-23	5.04758e-27	3.01784e-32	1.87418e-37	6.3548e-41	1.7638e-40	2.0614e-39	6.47656e-41	1.36949e-41	4.34982e-45	1.00944e-46	
N32	1.3715e-42	4.53891e-36	7.47203e-30	8.64561e-26	2.76301e-20	2.59305e-18	1.95383e-14	2.39244e-09	2.2329e-08	1.22598e-07	0.000913237	0.99247	0.0066132	2.91538e-06	4.22332e-09	3.60363e-11	1.29661e-14	5.091e-18	1.03335e-23	4.4862e-28	6.8219e-32	2.1521e-34	3.75448e-36	8.66286e-37	4.26636e-39	3.7388e-41	1.10418e-42	1.02283e-46	3.711e-47	
N33	7.0506e-36	2.36891e-32	1.1064e-28	4.77653e-25	1.31004e-19	2.49952e-18	9.70241e-14	2.08707e-09	1.06617e-09	1.67183e-08	0.00036555	0.996396	0.00323781	6.0487e-07	9.56066e-11	2.12626e-13	2.18779e-16	3.01585e-18	1.00457e-22	3.34886e-26	5.07732e-31	3.95484e-36	6.06908e-40	1.88911e-43	7.9576e-48	1.25081e-51	3.2133e-54	1.02989e-58	1.19265e-58	
N34	4.63994e-38	1.29018e-32	2.15934e-27	5.02245e-24	5.08483e-19	3.87935e-18	9.84784e-14	1.82234e-09	9.23666e-10	2.35575e-08	0.000409457	0.998103	0.0014869	2.4179e-07	2.10698e-11	1.50064e-13	3.25877e-16	2.66372e-18	5.1418e-23	9.07832e-27	1.1927e-31	4.69543e-37	3.49058e-41	3.77475e-44	4.29052e-48	6.46629e-52	6.52897e-55	9.08597e-61	4.37163e-65	
FGA456	0	0	0	0	0	0	0	0	0	0	0	1	0	0	0	0	0	0	0	0	0	0	0	0	0	0	0	0	0	
FGA513	0	0	0	0	0	0	0	0	0	0	0	1	0	0	0	0	0	0	0	0	0	0	0	0	0	0	0	0	0	
F12278	0	0	0	0	0	0	0	0	0	0	0	1	0	0	0	0	0	0	0	0	0	0	0	0	0	0	0	0	0	
N35	5.66707e-36	1.34074e-30	2.03427e-25	2.27188e-21	2.12919e-17	1.30355e-14	2.7912e-12	2.94786e-08	3.42882e-06	1.98442e-05	0.00082041	0.818782	0.17559	0.00478	3.35767e-06	8.66939e-08	3.84145e-10	5.24899e-12	1.50923e-16	3.15984e-20	6.18898e-25	6.31939e-30	1.51329e-33	3.69199e-36	6.39933e-40	1.55395e-43	2.24458e-46	4.6552e-52	2.65612e-56	
Furant	0	0	0	0	0	0	0	0	0	0	0	1	0	0	0	0	0	0	0	0	0	0	0	0	0	0	0	0	0	
FGA331	0	0	0	0	0	0	0	0	0	0	0	0	0	1	0	0	0	0	0	0	0	0	0	0	0	0	0	0	0	
FGA465	0	0	0	0	0	0	0	0	0	0	1	0	0	0	0	0	0	0	0	0	0	0	0	0	0	0	0	0	0	
N36	1.82783e-37	6.11754e-32	1.30331e-26	7.21913e-23	3.32975e-18	1.01731e-15	4.5913e-11	2.78098e-09	7.54279e-09	4.38058e-05	0.189307	0.810091	0.000557454	6.23185e-08	6.79604e-12	3.97748e-14	6.48629e-17	3.18622e-19	4.94285e-24	5.37831e-28	5.87813e-33	2.69014e-38	1.27842e-40	4.48663e-39	3.15068e-40	1.07339e-41	2.24346e-42	1.10811e-45	1.69779e-47	
FGA99	0	0	0	0	0	0	0	0	0	0	1	0	0	0	0	0	0	0	0	0	0	0	0	0	0	0	0	0	0	
N37	3.17073e-36	6.97742e-31	9.38656e-26	5.2278e-22	1.75059e-17	2.75612e-15	6.80684e-11	1.58817e-08	9.18547e-08	5.14623e-05	0.200351	0.79906	0.00053743	6.08669e-08	8.00006e-11	1.30517e-12	1.74613e-15	4.89475e-18	8.30613e-23	1.84922e-26	2.65316e-31	1.17303e-35	4.44856e-39	1.59262e-41	1.64978e-45	2.95806e-49	2.40165e-52	5.60978e-58	7.27537e-62	
FGA15	0	0	0	0	0	0	0	0	0	0	1	0	0	0	0	0	0	0	0	0	0	0	0	0	0	0	0	0	0	
FGA581	0	0	0	0	0	0	0	0	0	0	0	1	0	0	0	0	0	0	0	0	0	0	0	0	0	0	0	0	0	
FGA104	0	0	0	0	0	0	0	0	0	0	0	0	1	0	0	0	0	0	0	0	0	0	0	0	0	0	0	0	0	
FGA489	0	0	0	0	0	0	0	0	0	0	1	0	0	0	0	0	0	0	0	0	0	0	0	0	0	0	0	0	0	
FGA174	0	0	0	0	0	0	0	0	0	0	0	0	0	1	0	0	0	0	0	0	0	0	0	0	0	0	0	0	0	
FurbGB	0	0	0	0	0	0	0	0	0	0	0	1	0	0	0	0	0	0	0	0	0	0	0	0	0	0	0	0	0	
N38	1.84974e-36	4.99263e-32	4.73989e-27	1.66016e-23	6.64916e-19	4.12577e-17	3.6288e-13	5.95269e-10	7.97182e-10	8.98607e-08	0.000624863	0.224046	0.0104805	1.29712e-05	4.50696e-07	2.21698e-05	0.00299195	0.726718	0.0334182	0.00168029	4.03091e-06	1.2372e-09	5.52362e-12	1.02781e-14	1.68236e-17	6.08689e-20	2.67744e-21	3.71948e-25	1.22225e-27	
N39	6.57387e-35	2.26885e-30	5.84975e-26	1.28975e-22	1.33503e-18	1.32908e-16	6.3326e-13	4.80098e-10	1.95945e-09	2.65489e-07	0.000507413	0.0392613	0.00148069	3.97477e-06	3.61993e-07	6.1709e-05	0.0220861	0.896789	0.0388445	0.000962486	2.24375e-06	1.19147e-09	2.47674e-12	6.16017e-14	1.21522e-15	1.01507e-17	3.09673e-19	7.6371e-23	2.08477e-25	
N40	4.96773e-36	4.4723e-31	2.86142e-26	5.06135e-23	8.59835e-19	7.88499e-17	1.03643e-12	5.43589e-11	8.03015e-11	4.25784e-08	8.4519e-05	0.000400463	2.61891e-06	2.46243e-07	1.85955e-06	0.00206758	0.284882	0.706359	0.00619112	1.05383e-05	5.11698e-09	1.04198e-12	9.42638e-16	6.33448e-18	1.38075e-20	1.44161e-23	1.91353e-26	6.63663e-29	1.73959e-28	
CGA312	0	0	0	0	0	0	0	0	0	0	0	0	0	0	0	0	0	1	0	0	0	0	0	0	0	0	0	0	0	
N41	1.2904e-42	1.24283e-37	8.84484e-32	1.01222e-27	1.00074e-22	4.26034e-20	2.20918e-15	2.4601e-14	2.82442e-12	6.7333e-09	5.6046e-06	9.06579e-06	3.24091e-07	1.58343e-07	5.95185e-06	0.00736653	0.458759	0.532946	0.00090781	1.37269e-07	4.11935e-12	3.86135e-17	1.43074e-21	2.99468e-24	5.51358e-25	2.53294e-26	8.07277e-27	1.9514e-29	4.52159e-31	
N42	7.29775e-44	3.41479e-41	2.1198e-36	6.63395e-33	1.35525e-27	4.55083e-23	3.61685e-18	1.85698e-17	1.54868e-14	1.21279e-09	2.77799e-07	1.19278e-07	5.2114e-08	1.0814e-07	0.000478772	0.0840875	0.901023	0.0144093	3.89354e-07	9.83243e-13	5.93562e-19	9.58062e-26	3.26503e-31	1.22802e-32	6.97247e-32	1.19299e-31	2.89867e-30	1.74695e-31	1.66307e-31	
N43	4.43423e-43	6.97087e-39	6.88665e-35	1.88123e-32	4.84935e-29	3.2713e-25	1.92951e-19	3.19427e-17	7.78341e-15	1.10444e-10	1.79584e-08	1.86343e-08	4.05992e-08	6.9983e-08	0.000323525	0.0786562	0.910794	0.0102256	5.74268e-07	9.13956e-12	1.2638e-14	1.05521e-16	3.9692e-20	5.94517e-23	8.99439e-27	1.69139e-28	3.00997e-30	5.76502e-34	3.32791e-35	
N44	3.53879e-46	2.66451e-40	1.12193e-34	3.0469e-31	2.53979e-26	3.18049e-24	3.17282e-19	6.82889e-18	2.07413e-18	3.80204e-14	1.1505e-09	8.75997e-09	3.02229e-10	3.03619e-10	2.55578e-06	0.0156592	0.953104	0.0312261	8.22221e-06	5.63705e-10	5.28351e-13	6.5581e-16	2.879e-19	1.75789e-22	1.19588e-26	1.73296e-29	7.2391e-32	1.29509e-34	8.87801e-36	
CGA642	0	0	0	0	0	0	0	0	0	0	0	0	0	0	0	0	1	0	0	0	0	0	0	0	0	0	0	0	0	
N45	1.22259e-38	4.55752e-35	1.25295e-31	1.05731e-29	1.1017e-26	2.08727e-25	7.34843e-21	6.32717e-19	1.66593e-17	3.87649e-14	4.8521e-10	3.15451e-09	7.75618e-11	2.33019e-09	1.40742e-06	0.0202767	0.936749	0.042966	6.6349e-06	2.27404e-10	2.02784e-14	4.24292e-16	7.73524e-19	2.07278e-20	5.16865e-23	1.77336e-26	3.46263e-31	8.03185e-37	7.42672e-40	
CGA763	0	0	0	0	0	0	0	0	0	0	0	0	0	0	0	1	0	0	0	0	0	0	0	0	0	0	0	0	0	
C601	0	0	0	0	0	0	0	0	0	0	0	0	0	0	0	0	0	1	0	0	0	0	0	0	0	0	0	0	0	
N46	1.60095e-38	6.40485e-35	1.90708e-31	8.93875e-29	9.64525e-27	2.80899e-23	1.06569e-19	3.05587e-17	4.48273e-14	5.77354e-11	5.36735e-09	1.41976e-08	4.22143e-08	8.95351e-07	0.000712668	0.0907221	0.901012	0.00755143	1.08464e-06	3.1868e-11	2.51587e-15	8.0649e-17	1.37966e-19	3.40925e-21	5.2984e-24	2.43179e-27	6.57411e-29	5.89949e-32	6.36527e-33	
CGA236	0	0	0	0	0	0	0	0	0	0	0	0	0	0	0	0	1	0	0	0	0	0	0	0	0	0	0	0	0	
N47	4.45513e-34	6.00241e-31	6.16686e-28	9.28871e-26	8.09817e-25	1.26803e-21	1.05504e-18	6.99137e-16	1.25516e-12	1.12699e-10	2.8932e-09	1.09683e-08	4.12528e-07	0.000227014	0.01488	0.206067	0.772538	0.00628462	2.14958e-06	1.75877e-10	1.29968e-14	4.22493e-16	2.32877e-18	1.07263e-19	8.33652e-22	6.79498e-25	7.41388e-29	6.68509e-34	9.72631e-37	
N48	1.20813e-38	1.0837e-33	6.61162e-29	3.46555e-25	1.76302e-21	5.41656e-19	8.59998e-17	2.76425e-13	1.41671e-11	1.2166e-10	1.11599e-08	2.02052e-05	0.00140209	0.0164556	0.0166928	0.242693	0.689442	0.033277	1.76908e-05	2.92451e-09	1.46704e-11	1.55076e-13	4.19246e-16	3.05211e-18	2.75063e-21	1.69298e-24	1.15554e-28	2.6754e-33	5.94295e-36	
Calboe	0	0	0	0	0	0	0	0	0	0	0	0	0	1	0	0	0	0	0	0	0	0	0	0	0	0	0	0	0	
C3125	0	0	0	0	0	0	0	0	0	0	0	0	0	0	0	0	0	1	0	0	0	0	0	0	0	0	0	0	0	
CGA429	0	0	0	0	0	0	0	0	0	0	0	0	0	0	1	0	0	0	0	0	0	0	0	0	0	0	0	0	0	
N49	4.83197e-37	3.76762e-33	1.95896e-29	2.10567e-26	8.76964e-25	1.282e-21	9.99859e-19	2.28772e-16	2.01294e-11	1.36828e-08	8.03464e-09	4.04662e-09	7.57809e-08	0.000994667	0.358865	0.539351	0.100527	0.000262111	7.1117e-09	5.86543e-14	2.14703e-19	7.55283e-23	8.58519e-26	7.95166e-27	5.28973e-27	2.14497e-28	1.36382e-29	5.80781e-33	1.53544e-34	
C984	0	0	0	0	0	0	0	0	0	0	0	0	0	1	0	0	0	0	0	0	0	0	0	0	0	0	0	0	0	
N50	6.48696e-35	8.81331e-32	9.42494e-29	2.87374e-26	1.23619e-24	9.35292e-21	1.02207e-17	7.64057e-16	9.31276e-12	4.92624e-09	2.06588e-09	1.14022e-09	3.45484e-07	0.00197602	0.497416	0.458753	0.0418015	5.26999e-05	4.25394e-09	1.14655e-13	1.07096e-16	2.39327e-18	4.64445e-21	9.40543e-23	1.75809e-25	1.34015e-28	1.96118e-32	1.08302e-37	1.43588e-40	
CGA310	0	0	0	0	0	0	0	0	0	0	0	0	0	0	1	0	0	0	0	0	0	0	0	0	0	0	0	0	0	
N51	2.71397e-39	2.0951e-34	1.12899e-29	1.42252e-25	1.49326e-22	7.92005e-19	4.53175e-17	3.35004e-15	1.83696e-11	1.45448e-09	9.74597e-10	1.50211e-08	3.04938e-05	0.0544501	0.863644	0.0811351	0.000739909	3.95101e-07	6.47508e-11	7.90047e-15	6.77251e-17	3.48772e-19	4.88646e-22	1.56225e-24	4.45531e-28	1.99213e-31	1.23358e-35	3.1014e-40	6.84462e-43	
CGA365	0	0	0	0	0	0	0	0	0	0	0	0	0	0	1	0	0	0	0	0	0	0	0	0	0	0	0	0	0	
CGA494	0	0	0	0	0	0	0	0	0	0	0	0	0	1	0	0	0	0	0	0	0	0	0	0	0	0	0	0	0	
N52	4.91741e-42	2.36765e-36	6.56152e-31	3.39614e-27	1.03494e-22	4.89459e-20	1.46888e-16	6.33198e-14	5.843e-13	2.59273e-11	3.25322e-08	1.41425e-07	1.02926e-07	3.835e-07	9.82704e-06	0.0024258	0.271847	0.70511	0.0205991	7.72555e-06	2.42653e-09	1.23008e-11	2.28577e-14	7.17718e-17	3.01661e-20	2.10756e-23	3.74424e-25	9.92655e-28	5.20423e-29	
N53	1.30886e-37	3.61183e-34	7.65667e-31	2.15987e-28	6.17194e-24	1.91341e-21	5.3799e-17	4.22785e-15	1.34246e-13	1.02335e-11	1.50606e-08	7.53038e-08	4.23818e-08	3.01095e-07	4.18043e-06	0.00716741	0.309072	0.678237	0.00551763	8.87681e-07	5.28629e-11	1.80238e-14	5.41325e-18	1.56113e-20	9.67811e-23	5.33945e-26	1.43252e-28	1.33481e-32	3.43194e-36	
C12265	0	0	0	0	0	0	0	0	0	0	0	0	0	0	0	0	0	1	0	0	0	0	0	0	0	0	0	0	0	
N54	8.86664e-47	1.86807e-44	1.83933e-37	3.14875e-33	6.53794e-28	1.57566e-24	1.29316e-19	1.50005e-20	6.09716e-17	4.79046e-12	3.98761e-10	2.38803e-12	1.48905e-12	6.49102e-08	0.00416105	0.963517	0.0321649	0.000157337	1.38748e-08	1.51185e-13	3.78759e-19	3.82613e-25	1.20517e-29	1.77451e-30	1.63961e-31	4.34355e-33	3.91158e-34	5.18652e-37	4.13477e-39	
C404	0	0	0	0	0	0	0	0	0	0	0	0	0	0	1	0	0	0	0	0	0	0	0	0	0	0	0	0	0	
N55	3.24516e-42	2.22905e-38	1.12074e-34	2.40165e-32	1.64376e-29	3.7003e-27	9.42681e-22	1.7138e-21	1.61629e-18	1.11386e-13	2.59472e-11	4.08122e-13	3.48321e-13	2.1658e-08	0.0012087	0.983532	0.0152394	1.98733e-05	6.43437e-10	5.08548e-15	1.88658e-18	2.56215e-20	9.07913e-24	1.17112e-26	1.02131e-30	1.49672e-34	1.02936e-38	1.00107e-44	1.31997e-48	
Cl11778	0	0	0	0	0	0	0	0	0	0	0	0	0	0	0	1	0	0	0	0	0	0	0	0	0	0	0	0	0	
CGA48	0	0	0	0	0	0	0	0	0	0	0	0	0	0	0	1	0	0	0	0	0	0	0	0	0	0	0	0	0	
C3126	0	0	0	0	0	0	0	0	0	0	0	0	0	0	0	0	0	0	1	0	0	0	0	0	0	0	0	0	0	
N56	3.02541e-37	6.51233e-32	8.27454e-27	5.36919e-24	3.54803e-19	1.85182e-18	6.38442e-15	4.54473e-11	1.78793e-11	2.20912e-11	1.77903e-07	0.000143097	5.14315e-06	2.5747e-09	1.53368e-10	7.41547e-07	0.00240501	0.922438	0.0748799	0.000128093	5.27997e-08	1.77476e-11	2.84805e-14	8.02755e-17	6.44736e-20	2.77519e-23	4.62899e-26	3.42951e-28	1.22122e-29	
CGA311	0	0	0	0	0	0	0	0	0	0	0	0	0	0	0	0	0	1	0	0	0	0	0	0	0	0	0	0	0	
N57	2.43918e-39	1.51738e-35	1.6445e-30	8.43718e-27	2.87514e-22	2.65915e-20	8.43854e-17	5.28768e-13	2.74471e-13	2.17828e-12	1.48549e-08	2.09702e-05	8.687e-07	2.93428e-10	1.49461e-10	1.9652e-07	0.00154957	0.918301	0.0800468	8.04628e-05	1.49759e-08	1.40544e-12	8.82654e-16	4.22612e-17	5.21705e-19	5.29593e-22	4.55443e-24	1.47365e-28	6.10684e-32	
N58	2.91802e-45	2.17853e-39	8.84733e-34	2.68178e-30	2.96508e-25	5.33644e-24	2.42057e-19	2.14474e-16	1.07452e-16	5.06163e-14	1.64938e-09	3.05789e-07	1.31502e-09	6.23009e-13	2.50079e-11	1.11298e-06	0.0111959	0.978145	0.0106551	2.69141e-06	1.51913e-10	3.19998e-15	1.95412e-19	1.74929e-21	4.36091e-24	1.98733e-27	2.0355e-29	1.83859e-31	4.69058e-33	
CGA45	0	0	0	0	0	0	0	0	0	0	0	0	0	0	0	0	1	0	0	0	0	0	0	0	0	0	0	0	0	
N59	7.8346e-38	1.2673e-34	1.56096e-31	5.99743e-30	1.89783e-26	2.76908e-25	5.03761e-21	7.37343e-17	1.25128e-16	8.20286e-15	1.2733e-10	5.83969e-08	1.88788e-10	2.63001e-12	3.10932e-11	7.09845e-07	0.00514384	0.987135	0.00771775	2.67899e-06	2.17855e-10	2.19305e-14	1.38855e-16	1.28001e-17	2.43962e-19	2.71892e-22	9.77977e-25	4.19047e-29	2.1864e-32	
C3043	0	0	0	0	0	0	0	0	0	0	0	0	0	0	0	0	0	1	0	0	0	0	0	0	0	0	0	0	0	
CGA364	0	0	0	0	0	0	0	0	0	0	0	0	0	0	0	0	0	1	0	0	0	0	0	0	0	0	0	0	0	
C2208	0	0	0	0	0	0	0	0	0	0	0	0	0	0	0	0	0	0	1	0	0	0	0	0	0	0	0	0	0	
N60	3.83048e-32	1.3079e-27	3.22396e-23	1.47032e-20	2.37429e-16	5.75096e-16	2.39271e-12	4.4849e-09	4.19776e-10	3.47169e-09	8.20782e-06	0.00193416	1.84552e-05	2.07424e-08	4.95779e-09	8.77712e-06	0.00772633	0.975241	0.0150166	4.63709e-05	5.07285e-08	3.00297e-11	6.33599e-14	2.86244e-16	4.94219e-19	6.06315e-22	6.49005e-25	8.46184e-29	2.94847e-32	
N61	2.44895e-40	7.77243e-35	1.54826e-29	1.99467e-26	2.20171e-21	1.35135e-20	3.92309e-16	5.06674e-13	1.53367e-14	3.40788e-12	7.56195e-08	2.4461e-05	2.83776e-08	3.66708e-12	4.0347e-11	1.13295e-06	0.00817583	0.989565	0.00223311	6.06518e-07	4.64206e-11	1.94887e-15	1.00911e-18	5.52568e-21	7.41596e-24	2.50645e-27	2.24347e-30	2.39225e-35	1.00937e-37	
CGA453	0	0	0	0	0	0	0	0	0	0	0	0	0	0	0	0	0	1	0	0	0	0	0	0	0	0	0	0	0	
N62	1.13245e-41	9.33949e-38	1.11812e-33	3.01452e-30	3.22231e-25	1.70154e-23	1.05725e-18	1.65331e-16	8.25419e-17	1.7927e-13	9.21606e-09	4.95455e-07	1.21933e-10	6.56718e-14	2.958e-11	2.15267e-06	0.0370872	0.962501	0.000408979	2.54463e-08	4.88435e-13	6.27373e-18	3.95528e-21	4.63482e-23	1.3445e-25	5.2885e-29	1.16367e-31	4.78207e-37	3.09186e-41	
CGA501	0	0	0	0	0	0	0	0	0	0	0	0	0	0	0	0	0	1	0	0	0	0	0	0	0	0	0	0	0	
C3121	0	0	0	0	0	0	0	0	0	0	0	0	0	0	0	0	1	0	0	0	0	0	0	0	0	0	0	0	0	
N63	6.59012e-44	8.21292e-38	5.90908e-32	3.96981e-29	1.97595e-23	2.85683e-24	2.6712e-19	1.58029e-14	1.28952e-16	1.58548e-15	1.87536e-10	2.26411e-06	5.0637e-10	2.09138e-14	1.85174e-14	3.00374e-09	0.000154179	0.999429	0.000414602	2.17021e-08	3.38826e-13	4.90183e-18	7.8664e-22	3.86034e-25	4.68817e-29	2.03885e-33	1.11834e-37	1.10134e-43	3.19775e-49	
Calparcri	0	0	0	0	0	0	0	0	0	0	0	0	0	0	0	0	0	1	0	0	0	0	0	0	0	0	0	0	0	
C3118	0	0	0	0	0	0	0	0	0	0	0	0	0	0	0	0	0	1	0	0	0	0	0	0	0	0	0	0	0	
N64	7.42558e-37	5.08909e-33	2.35996e-29	2.0885e-27	3.51334e-22	5.82785e-20	2.08471e-15	1.5461e-11	1.00176e-10	2.33918e-08	0.000569323	0.814639	0.182233	0.002464	3.06286e-05	6.72682e-06	4.75833e-05	9.44866e-06	1.03828e-08	4.45315e-11	1.0357e-13	1.41602e-17	1.22167e-20	1.31555e-23	8.40442e-27	8.93442e-29	1.64943e-30	9.26175e-34	7.25303e-35	
N65	1.50293e-33	1.0982e-28	5.37678e-24	8.67566e-21	2.10871e-16	4.75393e-15	2.0214e-11	6.10175e-08	8.69773e-08	9.74784e-07	0.00263241	0.901851	0.0900519	0.000339325	1.63974e-06	1.65645e-06	6.28362e-05	0.00467184	0.000372177	1.37138e-05	6.17096e-08	4.79742e-11	1.40486e-13	4.21542e-16	4.84785e-19	1.03071e-21	6.01044e-24	1.3559e-27	2.55437e-30	
N66	8.76153e-32	3.53575e-27	1.00759e-22	9.95754e-20	1.6386e-15	1.86497e-14	7.0316e-11	1.83371e-07	1.27044e-07	1.30083e-06	0.00301193	0.959234	0.0323651	6.96168e-05	4.48636e-07	5.24353e-06	0.000369221	0.00481855	0.000123629	6.32577e-07	7.06744e-10	2.62217e-13	1.9517e-16	2.69256e-18	1.53739e-20	3.94959e-23	1.70386e-25	2.9629e-29	2.15736e-32	
N67	3.29136e-32	1.37784e-27	3.88517e-23	4.55082e-20	6.16221e-16	8.40019e-15	2.56217e-11	5.67382e-08	5.86381e-08	9.29789e-07	0.00256436	0.973511	0.0185801	2.74114e-05	2.41816e-06	8.40235e-05	0.00126398	0.0039483	1.75336e-05	1.43927e-08	3.73097e-12	4.60124e-16	3.73577e-19	8.77579e-21	6.08771e-23	1.2158e-25	7.03224e-28	6.80777e-32	3.98096e-35	
N68	1.82009e-35	1.59004e-30	9.52091e-26	9.50989e-23	3.47244e-18	2.43562e-17	2.00729e-13	1.03518e-09	4.4113e-10	6.45024e-09	4.05181e-05	0.0256457	0.000233396	1.37574e-07	2.7513e-09	3.22053e-06	0.00226708	0.960098	0.0115767	0.000135626	1.5435e-07	4.81102e-11	8.41676e-14	4.24904e-16	4.43351e-19	6.41401e-22	2.57511e-24	1.09922e-28	7.57464e-32	
Triowe	0	0	0	0	0	0	0	0	0	0	0	0	0	0	0	0	0	1	0	0	0	0	0	0	0	0	0	0	0	
N69	1.72411e-35	1.9847e-31	7.14957e-27	1.525e-23	2.77047e-19	8.15482e-18	3.16019e-14	5.94103e-11	6.61115e-11	2.41963e-09	1.11357e-05	0.00595731	5.29288e-05	3.76196e-08	6.92434e-10	1.69798e-06	0.00308197	0.978275	0.0125615	5.84135e-05	4.77605e-08	1.27077e-11	2.18309e-14	1.70849e-15	3.77871e-17	1.76687e-19	4.70108e-21	3.9357e-25	5.2894e-28	
Trijoh	0	0	0	0	0	0	0	0	0	0	0	0	0	0	0	0	0	1	0	0	0	0	0	0	0	0	0	0	0	
Trimel	0	0	0	0	0	0	0	0	0	0	0	0	0	0	0	0	0	1	0	0	0	0	0	0	0	0	0	0	0	
N70	1.07903e-31	7.35602e-27	3.2832e-22	2.59393e-19	6.7357e-15	2.81925e-14	1.51733e-10	5.5455e-07	1.29713e-07	8.34156e-07	0.00234379	0.986985	0.0104171	0.000242841	9.61655e-06	1.60734e-07	1.11365e-09	2.6522e-12	3.99806e-16	2.13598e-20	5.5197e-25	1.53304e-29	8.3043e-33	6.79643e-33	4.50664e-32	2.1529e-33	1.46151e-34	4.82169e-37	7.0804e-39	
N71	1.8724e-33	1.64279e-28	9.30299e-24	1.66148e-20	4.69078e-16	5.58602e-15	2.83912e-11	6.6111e-08	1.57009e-08	2.56942e-07	0.00133776	0.992513	0.00612385	2.50129e-05	1.37159e-07	2.81741e-10	2.27217e-13	6.13389e-16	4.48517e-20	2.70431e-23	1.1763e-26	3.07804e-30	1.33062e-33	5.4838e-37	3.16442e-41	7.75765e-45	3.50971e-48	2.92018e-53	1.69938e-56	
Trihoe	0	0	0	0	0	0	0	0	0	0	0	1	0	0	0	0	0	0	0	0	0	0	0	0	0	0	0	0	0	
Tribit	0	0	0	0	0	0	0	0	0	0	0	1	0	0	0	0	0	0	0	0	0	0	0	0	0	0	0	0	0	
Trijac	0	0	0	0	0	0	0	0	0	0	0	1	0	0	0	0	0	0	0	0	0	0	0	0	0	0	0	0	0	
N72	1.12377e-32	4.05741e-28	1.08555e-23	7.31418e-21	1.26061e-16	7.04091e-16	3.00062e-12	7.78157e-09	2.29602e-09	2.13432e-08	6.22897e-05	0.0204036	0.000273504	3.04365e-07	9.02563e-09	6.83373e-06	0.00408082	0.957584	0.0173782	0.000210146	4.18061e-07	2.04135e-10	3.78014e-13	2.27323e-15	4.17818e-18	8.65207e-21	3.14884e-23	3.27593e-27	2.67129e-30	
Tricri	0	0	0	0	0	0	0	0	0	0	0	0	0	0	0	0	0	1	0	0	0	0	0	0	0	0	0	0	0	
N73	4.34325e-35	1.99271e-30	6.39664e-26	8.47023e-23	1.4232e-18	1.81927e-17	6.23377e-14	1.04922e-10	5.04995e-11	1.13589e-09	4.79948e-06	0.00229128	2.05251e-05	1.55253e-08	5.7561e-10	1.82345e-06	0.00347819	0.980484	0.013674	4.49177e-05	3.54088e-08	1.00441e-11	1.63422e-14	6.68961e-16	7.88167e-18	2.51673e-20	2.80692e-22	2.53076e-26	2.23423e-29	
Triwie	0	0	0	0	0	0	0	0	0	0	0	0	0	0	0	0	0	1	0	0	0	0	0	0	0	0	0	0	0	
Triqua	0	0	0	0	0	0	0	0	0	0	0	0	0	0	0	0	0	1	0	0	0	0	0	0	0	0	0	0	0	
N74	1.12782e-29	9.52357e-26	6.46177e-22	6.26642e-19	1.62267e-15	8.28999e-14	7.06064e-11	4.20777e-08	2.03782e-07	4.27475e-06	0.00263657	0.259371	0.0253961	0.000170379	2.43904e-06	8.98024e-05	0.00768854	0.640847	0.0572161	0.00651268	6.50026e-05	1.10278e-07	1.07909e-09	3.19495e-11	4.36038e-13	7.91469e-15	5.40301e-16	3.57193e-19	3.85086e-21	
N75	3.60179e-29	3.447e-25	2.59376e-21	1.37229e-18	5.55989e-15	5.90335e-14	6.87667e-11	4.76199e-08	2.62387e-08	1.94965e-07	0.000138605	0.0133202	0.000557524	2.42e-06	1.39709e-07	4.61665e-05	0.0149886	0.916532	0.053534	0.000876307	4.0667e-06	6.44645e-09	2.84238e-11	5.10122e-13	3.96085e-15	2.18333e-17	1.34489e-19	7.02065e-23	1.32943e-25	
Kinboe	0	0	0	0	0	0	0	0	0	0	0	0	0	0	0	0	0	1	0	0	0	0	0	0	0	0	0	0	0	
Kinfis	0	0	0	0	0	0	0	0	0	0	0	0	0	0	0	0	0	1	0	0	0	0	0	0	0	0	0	0	0	
Kinxen	0	0	0	0	0	0	0	0	0	0	0	0	0	0	0	0	0	1	0	0	0	0	0	0	0	0	0	0	0	
N76	5.71548e-30	1.33907e-27	2.71762e-25	1.23215e-23	2.89059e-20	1.65026e-17	9.25103e-14	1.36362e-10	7.99135e-09	2.68769e-06	0.00518678	0.822187	0.170076	0.00242931	5.04885e-05	1.19564e-05	4.65118e-05	8.91498e-06	3.44638e-08	5.64763e-10	1.31279e-12	2.43491e-16	1.20793e-18	5.35386e-21	1.85719e-22	7.59926e-25	1.03406e-26	1.16592e-30	6.34293e-33	
N77	7.16635e-26	3.48915e-22	1.37504e-18	8.79235e-16	1.25026e-12	4.73414e-11	1.99274e-08	5.80766e-06	1.81602e-05	0.000134974	0.0212375	0.840785	0.135374	0.00241405	2.83999e-05	2.35534e-06	1.4074e-07	2.87141e-09	5.97438e-12	1.42845e-14	1.77243e-17	9.92435e-21	3.479e-23	4.92665e-25	2.91648e-27	9.26891e-30	4.19149e-32	1.22917e-35	2.30798e-38	
N78	1.52037e-30	1.01949e-25	4.28769e-21	2.2819e-18	5.23501e-14	1.51412e-13	5.58145e-10	1.51873e-06	2.74935e-07	1.18176e-06	0.00282081	0.973371	0.023756	4.9211e-05	3.80335e-08	6.74982e-11	1.25419e-13	2.52888e-16	4.4324e-20	1.22982e-23	1.22256e-27	3.66767e-32	3.80171e-36	5.56245e-38	1.88376e-38	4.82842e-40	2.12903e-41	6.56924e-44	1.40062e-45	
N79	4.67851e-35	1.30118e-29	2.09575e-24	2.08535e-21	1.85304e-16	3.31274e-16	3.931e-12	3.13639e-08	3.54292e-09	3.85972e-08	0.000538565	0.995462	0.0039975	1.38595e-06	1.82759e-10	3.25616e-13	4.004e-16	9.41067e-19	3.06695e-23	3.72807e-27	6.87097e-32	3.29994e-37	2.45439e-41	4.16484e-42	3.24051e-42	5.19575e-44	3.06241e-45	5.77287e-48	2.59387e-46	
N80	7.11876e-35	6.69218e-30	3.99055e-25	8.27611e-22	2.39956e-17	3.70131e-16	2.02711e-12	6.20963e-09	5.07203e-09	1.48434e-07	0.0009867	0.995295	0.00371631	1.52275e-06	3.14885e-10	6.62857e-12	3.83464e-14	1.03237e-15	5.16491e-20	2.87085e-23	1.06555e-27	1.16869e-32	2.83478e-36	1.14805e-38	4.53161e-42	2.70552e-45	1.41928e-47	8.47258e-53	2.4198e-56	
Chaafr	0	0	0	0	0	0	0	0	0	0	0	1	0	0	0	0	0	0	0	0	0	0	0	0	0	0	0	0	0	
Chacha	0	0	0	0	0	0	0	0	0	0	0	1	0	0	0	0	0	0	0	0	0	0	0	0	0	0	0	0	0	
N81	1.00654e-34	9.68139e-30	5.8315e-25	9.47091e-22	2.90731e-17	2.76577e-16	1.82685e-12	8.96133e-09	6.8658e-09	1.5028e-07	0.00100368	0.995697	0.00329774	1.27516e-06	2.92802e-10	4.07131e-12	1.8504e-14	2.74345e-16	1.27104e-20	4.72806e-24	1.66252e-28	1.90333e-33	3.82235e-37	1.01341e-39	3.25897e-43	1.48781e-46	4.23234e-49	2.44901e-54	4.67567e-58	
Chacaly	0	0	0	0	0	0	0	0	0	0	0	1	0	0	0	0	0	0	0	0	0	0	0	0	0	0	0	0	0	
Chazey	0	0	0	0	0	0	0	0	0	0	0	1	0	0	0	0	0	0	0	0	0	0	0	0	0	0	0	0	0	
N82	3.98056e-30	9.13411e-26	1.4194e-21	2.01039e-18	1.29307e-14	4.71282e-13	7.02155e-10	4.42458e-07	1.60402e-07	2.72615e-06	0.0039145	0.973679	0.0223561	4.69508e-05	3.48716e-08	9.5221e-10	1.34015e-11	9.07605e-13	2.66828e-16	6.17944e-19	1.20451e-22	5.51e-27	4.21003e-30	2.04121e-32	1.98114e-35	3.41776e-38	5.20983e-40	1.79009e-44	2.52792e-47	
Chadil	0	0	0	0	0	0	0	0	0	0	0	1	0	0	0	0	0	0	0	0	0	0	0	0	0	0	0	0	0	
Chasen	0	0	0	0	0	0	0	0	0	0	0	1	0	0	0	0	0	0	0	0	0	0	0	0	0	0	0	0	0	
Chanam	0	0	0	0	0	0	0	0	0	0	0	1	0	0	0	0	0	0	0	0	0	0	0	0	0	0	0	0	0	
N83	1.58709e-35	2.37029e-30	2.42211e-25	4.35685e-22	5.38924e-18	9.16748e-16	2.93561e-11	9.71085e-12	5.48941e-12	7.42376e-08	0.000389832	1.32811e-05	1.66573e-08	4.2351e-10	6.00428e-07	0.0011629	0.981337	0.0170738	2.26616e-05	1.73341e-08	5.04009e-12	4.46325e-16	6.37375e-20	1.45661e-23	1.87236e-27	2.46991e-31	3.05681e-35	5.76521e-39	4.61532e-39	
N84	4.56857e-44	1.665e-40	3.75067e-35	4.6891e-31	5.45006e-25	4.52362e-22	1.40734e-16	1.74017e-17	2.54432e-17	1.0426e-11	1.15239e-06	5.08401e-09	2.57313e-13	2.60373e-15	5.47127e-10	6.28465e-05	0.99857	0.00136604	8.90185e-08	1.63421e-12	1.0354e-17	5.92518e-22	4.46469e-26	1.17094e-28	1.1293e-29	1.92983e-31	1.60188e-33	8.42792e-37	1.26228e-38	
N85	8.59039e-44	9.9811e-40	8.24081e-36	2.78802e-33	2.68384e-28	7.05793e-25	1.79501e-19	8.28184e-20	1.51151e-18	5.63197e-13	5.8338e-08	1.78847e-10	5.24546e-15	6.91314e-16	3.06866e-10	5.06128e-05	0.999196	0.000753472	2.76156e-08	2.31821e-13	7.8444e-19	3.57686e-21	3.76759e-24	1.00481e-25	4.73219e-28	5.96963e-32	8.21495e-37	3.89028e-41	9.79663e-41	
Braset	0	0	0	0	0	0	0	0	0	0	0	0	0	0	0	0	1	0	0	0	0	0	0	0	0	0	0	0	0	
N86	4.78272e-43	3.94999e-39	2.37657e-35	4.53305e-33	4.55999e-30	1.38073e-26	4.6519e-21	3.40988e-20	3.96491e-19	4.37705e-14	1.30823e-09	2.30945e-12	1.86334e-15	1.40847e-14	2.27058e-09	0.000134499	0.999364	0.00050176	2.78901e-08	4.292e-13	7.396e-18	8.51406e-20	1.33209e-22	1.90232e-24	5.97464e-27	1.01556e-30	7.30784e-36	1.05807e-41	8.28386e-45	
N87	4.63892e-56	9.10991e-49	5.38788e-42	8.94817e-38	3.44695e-32	4.75493e-29	4.35787e-23	1.11506e-23	3.76266e-23	1.31392e-17	1.18638e-12	1.95952e-14	2.28158e-16	5.63166e-16	2.90664e-10	4.8145e-05	0.999837	0.000115079	1.65846e-09	7.22585e-15	6.35637e-20	1.92858e-23	8.64004e-28	1.29092e-34	6.1303e-34	5.89698e-34	5.84516e-35	2.3799e-36	1.4226e-35	
Bramel	0	0	0	0	0	0	0	0	0	0	0	0	0	0	0	0	1	0	0	0	0	0	0	0	0	0	0	0	0	
Bratha	0	0	0	0	0	0	0	0	0	0	0	0	0	0	0	0	1	0	0	0	0	0	0	0	0	0	0	0	0	
N88	1.54921e-52	2.82968e-46	3.06024e-40	5.64044e-36	6.29393e-31	1.05854e-27	3.0513e-22	5.16549e-22	2.91586e-21	2.93713e-16	7.58008e-12	6.8845e-14	4.94528e-15	1.92367e-14	2.91559e-09	0.000152446	0.99947	0.00037802	1.78359e-08	2.49868e-13	7.97326e-18	2.7275e-20	1.82177e-23	4.85732e-26	2.49862e-29	1.13175e-33	2.13566e-39	7.31116e-46	2.13865e-50	
Bradra	0	0	0	0	0	0	0	0	0	0	0	0	0	0	0	0	1	0	0	0	0	0	0	0	0	0	0	0	0	
Bratra	0	0	0	0	0	0	0	0	0	0	0	0	0	0	0	0	1	0	0	0	0	0	0	0	0	0	0	0	0	
N89	2.0255e-47	1.70585e-41	9.51095e-36	1.06644e-31	6.77258e-27	7.16379e-24	1.20012e-18	1.44142e-18	5.31687e-18	3.09688e-13	4.63197e-09	8.22365e-12	3.75838e-14	9.44807e-14	8.37757e-09	0.00025794	0.999078	0.000664059	5.49699e-08	1.34447e-12	6.97928e-17	1.88177e-19	1.57653e-22	3.95368e-25	2.3082e-28	2.15848e-32	1.84644e-37	4.75651e-43	1.15264e-46	
Bragut	0	0	0	0	0	0	0	0	0	0	0	0	0	0	0	0	1	0	0	0	0	0	0	0	0	0	0	0	0	
Braven	0	0	0	0	0	0	0	0	0	0	0	0	0	0	0	0	1	0	0	0	0	0	0	0	0	0	0	0	0	
N90	1.18485e-39	2.04065e-34	2.22756e-29	1.03515e-25	1.1618e-21	4.15305e-19	7.80029e-15	1.70153e-14	7.93097e-14	1.30929e-09	6.18671e-06	7.3757e-08	2.93142e-11	4.25432e-12	9.3977e-08	0.000852023	0.994369	0.00477014	2.09357e-06	2.49544e-10	1.94924e-14	8.04866e-17	2.05143e-19	1.75767e-21	3.35094e-24	1.07917e-27	7.85551e-32	7.7282e-37	2.57968e-40	
Brapum	0	0	0	0	0	0	0	0	0	0	0	0	0	0	0	0	1	0	0	0	0	0	0	0	0	0	0	0	0	
Bradam	0	0	0	0	0	0	0	0	0	0	0	0	0	0	0	0	1	0	0	0	0	0	0	0	0	0	0	0	0	
