NODE	1	2	3	4	5	6	7	8	9	10	11	12	13	14	15	16	17	18	19	20	21	22	23	24	25	26	27	28	29	30	31	32	33	34	35	36	37	38	39	40	41	
N1	6.2755e-33	2.44033e-27	2.00468e-25	2.199e-21	2.45473e-20	5.82583e-21	3.65619e-18	9.24517e-16	1.9861e-14	6.57158e-15	2.80065e-16	5.33937e-17	6.6227e-16	8.74233e-14	4.53768e-12	0.209643	0.500181	0.290176	1.24413e-11	6.2311e-13	1.43963e-14	1.82959e-16	1.43614e-18	7.54686e-21	2.8156e-23	7.79686e-26	1.65913e-28	2.78937e-31	3.78994e-34	4.24057e-37	3.9697e-40	3.1513e-43	2.14618e-46	1.2667e-49	6.53651e-53	2.97217e-56	1.19912e-59	4.31906e-63	1.39657e-66	4.07432e-70	1.12818e-73	
N2	3.18326e-36	7.13763e-31	4.87558e-28	2.17832e-24	1.22322e-22	8.40529e-22	1.50708e-18	5.02016e-15	3.42968e-12	6.68553e-11	2.81282e-10	6.05218e-10	8.31464e-09	3.71774e-06	0.00106397	0.0875679	0.426567	0.430092	0.0530513	0.00163437	1.89893e-05	1.05552e-07	3.32537e-10	1.00809e-11	4.07268e-13	2.55666e-13	6.69234e-15	2.14607e-15	3.77465e-17	6.28037e-18	7.4609e-20	5.89705e-21	1.02704e-23	2.08725e-25	2.42334e-28	2.31111e-30	1.87046e-33	5.48408e-36	2.67543e-39	7.81741e-42	1.36128e-43	
N3	7.60698e-40	7.58511e-33	9.03084e-30	3.11906e-24	1.45742e-21	3.88615e-22	3.90315e-18	7.71344e-14	1.9214e-10	2.07565e-10	2.11491e-11	8.89124e-13	3.96388e-12	9.18542e-09	9.23962e-06	0.00256275	0.124179	0.716986	0.15171	0.00451665	3.61465e-05	1.11061e-07	1.63549e-10	2.13194e-13	4.64497e-16	8.27276e-18	2.11167e-20	2.02198e-22	3.06189e-25	1.45477e-27	1.28023e-30	3.00881e-33	1.21626e-36	1.32511e-39	3.1346e-43	1.71776e-46	2.60442e-50	7.69012e-54	7.77588e-58	1.62261e-61	3.71159e-65	
N4	1.97278e-40	1.02289e-33	3.30266e-30	4.93838e-25	2.68852e-22	8.20295e-22	3.53925e-18	1.58065e-14	4.96439e-12	4.68822e-12	4.78574e-13	1.57672e-13	5.57075e-12	9.28871e-09	8.1196e-06	0.00212376	0.11314	0.693137	0.184163	0.00734743	8.04107e-05	3.37619e-07	6.69662e-10	7.27649e-13	5.35256e-16	1.84714e-17	1.76064e-19	2.61937e-20	1.46318e-22	1.15316e-23	3.44521e-26	1.55084e-27	1.98344e-30	5.35245e-32	2.66362e-35	3.78324e-37	8.13358e-41	2.82511e-43	4.31746e-47	6.00786e-50	1.83764e-53	
B3088	0	0	0	0	0	0	0	0	0	0	0	0	0	0	0	0	0	1	0	0	0	0	0	0	0	0	0	0	0	0	0	0	0	0	0	0	0	0	0	0	0	
N5	7.55109e-38	5.12747e-32	1.36867e-28	2.82411e-24	6.71211e-22	8.38341e-21	7.67908e-18	6.2136e-15	5.68141e-13	1.09273e-12	2.60943e-12	6.91149e-12	1.28796e-10	6.73798e-08	2.51447e-05	0.00339063	0.120958	0.655308	0.207975	0.0121138	0.00022716	1.85135e-06	7.8692e-09	1.97154e-11	3.26387e-14	7.51064e-16	1.7485e-17	6.42189e-18	1.02548e-19	2.14167e-20	2.14733e-22	2.66855e-23	1.40191e-25	1.08293e-26	2.25273e-29	9.87976e-31	8.39893e-34	1.0155e-35	6.19678e-39	2.97813e-41	3.56129e-44	
N6	1.50067e-43	1.52546e-42	1.58849e-41	1.54493e-40	1.39642e-39	1.16681e-38	8.95863e-38	2.11319e-22	2.62235e-14	9.31519e-20	1.14063e-34	5.02256e-34	1.89855e-33	6.02296e-33	1.55683e-32	1.45879e-13	9.73474e-07	0.999997	1.80131e-06	5.84405e-13	6.40286e-33	1.98208e-33	5.21625e-34	1.21549e-34	2.63435e-35	1.13127e-35	8.00068e-36	2.58971e-35	2.79133e-35	8.38604e-35	8.94785e-35	2.19742e-34	2.21084e-34	4.26373e-34	3.74219e-34	5.38395e-34	3.78853e-34	3.85786e-34	2.24895e-34	1.99099e-34	1.80802e-34	
BGA709	0	0	0	0	0	0	0	0	0	0	0	0	0	0	0	0	0	1	0	0	0	0	0	0	0	0	0	0	0	0	0	0	0	0	0	0	0	0	0	0	0	
BGA710	0	0	0	0	0	0	0	0	0	0	0	0	0	0	0	0	0	1	0	0	0	0	0	0	0	0	0	0	0	0	0	0	0	0	0	0	0	0	0	0	0	
BGA309	0	0	0	0	0	0	0	0	0	0	0	0	0	0	0	0	0	1	0	0	0	0	0	0	0	0	0	0	0	0	0	0	0	0	0	0	0	0	0	0	0	
N7	2.06259e-40	1.63837e-33	1.78343e-30	4.31727e-25	7.74898e-23	2.13649e-23	1.58416e-19	1.37424e-15	2.10954e-12	7.91939e-13	1.08124e-13	8.02795e-15	3.04441e-14	1.37033e-10	3.06742e-07	0.000228659	0.0402498	0.834027	0.123416	0.00206823	9.16756e-06	1.58666e-08	1.33775e-11	6.37054e-15	2.01308e-18	4.99684e-21	1.01505e-23	1.46327e-25	2.03039e-28	1.5749e-30	1.41838e-33	6.0402e-36	3.17822e-39	7.55652e-42	1.94834e-45	2.39364e-48	3.21051e-52	1.51376e-55	1.32965e-59	3.14299e-63	4.01505e-67	
N8	1.9028e-38	2.62725e-32	2.20785e-29	1.02464e-24	1.13681e-22	1.61776e-22	6.24681e-19	3.56059e-15	4.17743e-12	6.95214e-12	3.14563e-12	7.24455e-13	2.05391e-12	2.56577e-09	2.21278e-06	0.000712527	0.0632688	0.806744	0.126022	0.00322347	2.6735e-05	9.89216e-08	1.9619e-10	2.3554e-13	1.90543e-16	4.7943e-19	2.05056e-21	6.58372e-23	2.38175e-25	4.5181e-27	1.18117e-29	1.32066e-31	2.50256e-34	1.61792e-36	1.97174e-39	6.85191e-42	3.49201e-45	3.85959e-48	1.23555e-51	7.90456e-55	3.62637e-58	
N9	3.65948e-47	4.503e-46	5.43349e-45	6.11627e-44	6.72744e-43	7.71405e-42	9.54489e-41	5.83673e-25	1.20224e-16	1.0244e-21	1.80072e-36	1.5951e-35	1.20027e-34	7.46044e-34	3.68417e-33	8.9003e-14	8.39232e-07	0.999997	1.69857e-06	4.23857e-13	1.94667e-33	3.39326e-34	4.88427e-35	6.0616e-36	6.82781e-37	2.58689e-37	2.11851e-37	1.46722e-36	1.56492e-36	9.16734e-36	9.63641e-36	4.47807e-35	4.35993e-35	1.52537e-34	1.17545e-34	2.83736e-34	1.29768e-34	1.43711e-34	5.13611e-35	4.02136e-35	2.27845e-35	
B11696	0	0	0	0	0	0	0	0	0	0	0	0	0	0	0	0	0	1	0	0	0	0	0	0	0	0	0	0	0	0	0	0	0	0	0	0	0	0	0	0	0	
B11697	0	0	0	0	0	0	0	0	0	0	0	0	0	0	0	0	0	1	0	0	0	0	0	0	0	0	0	0	0	0	0	0	0	0	0	0	0	0	0	0	0	
N10	7.48256e-48	1.01333e-39	8.20319e-37	3.76681e-30	4.9265e-28	8.57918e-30	2.3412e-24	8.91264e-19	1.06713e-13	1.74664e-15	1.07319e-17	3.23724e-20	1.63382e-21	1.60621e-16	1.00682e-11	2.28077e-07	0.00135563	0.995839	0.00280398	1.1267e-06	1.40464e-10	7.61116e-15	2.15928e-19	3.61216e-24	3.93483e-29	1.11126e-33	5.44468e-38	1.9053e-41	7.35843e-46	1.34403e-49	3.18736e-54	2.89079e-58	3.90893e-63	1.64441e-67	1.02909e-72	1.74749e-77	3.50021e-83	1.36298e-88	9.92013e-95	1.01129e-100	3.26729e-107	
B11609	0	0	0	0	0	0	0	0	0	0	0	0	0	0	0	0	0	1	0	0	0	0	0	0	0	0	0	0	0	0	0	0	0	0	0	0	0	0	0	0	0	
BGA392	0	0	0	0	0	0	0	0	0	0	0	0	0	0	0	0	0	1	0	0	0	0	0	0	0	0	0	0	0	0	0	0	0	0	0	0	0	0	0	0	0	
N11	1.21275e-47	7.0397e-40	1.56877e-36	3.04325e-30	1.93872e-27	3.30029e-28	1.55678e-23	9.6973e-19	6.62489e-15	5.62575e-16	2.08701e-17	1.04148e-18	2.1306e-17	6.18863e-13	7.5527e-09	2.70446e-05	0.0183465	0.881483	0.0994097	0.000732685	1.07234e-06	5.13432e-10	1.06002e-13	1.12121e-17	6.89179e-22	2.74952e-25	2.08824e-28	2.82795e-30	1.40331e-33	3.91514e-33	2.06548e-33	1.8213e-33	4.63266e-35	2.22365e-35	2.4079e-37	7.50932e-38	3.4389e-40	3.46458e-41	1.22827e-43	4.92243e-45	3.28825e-47	
N12	7.08305e-41	2.91577e-35	1.96398e-33	3.07711e-29	4.15843e-28	2.53444e-29	9.83626e-25	4.28288e-20	1.66542e-16	1.56023e-17	9.1501e-19	3.64226e-19	2.01344e-17	5.38688e-13	6.51182e-09	2.38318e-05	0.0171623	0.886336	0.095809	0.000667506	9.40436e-07	4.42894e-10	9.16944e-14	9.88437e-18	6.22543e-22	5.0253e-25	1.21896e-27	1.63146e-28	2.49103e-31	1.80183e-32	1.53594e-35	6.54299e-37	2.42726e-40	6.63897e-42	6.44048e-46	1.11541e-47	2.25628e-52	7.59063e-55	1.09366e-59	8.58689e-63	2.68712e-67	
N13	6.06934e-45	1.81519e-38	4.00196e-35	4.20755e-30	1.37491e-27	7.08232e-27	6.74862e-23	8.67508e-19	2.08294e-15	1.07954e-14	1.43464e-14	9.71226e-15	9.48397e-14	2.39037e-10	3.9432e-07	0.000239078	0.0388851	0.850553	0.108476	0.0018365	9.27087e-06	1.99677e-08	2.24166e-11	1.4904e-14	6.4863e-18	1.93041e-20	1.16631e-22	1.1961e-23	5.40838e-26	3.18689e-27	1.03826e-29	3.55269e-31	8.33556e-34	1.62921e-35	2.16842e-38	2.39862e-40	6.74608e-44	1.31606e-46	2.52542e-50	1.93376e-53	6.06198e-57	
N14	1.80778e-47	3.33101e-46	6.05441e-45	1.0283e-43	1.62408e-42	2.37253e-41	3.18635e-40	2.40257e-24	3.8582e-16	3.24445e-21	3.80386e-36	2.92448e-35	1.92321e-34	1.05389e-33	4.63927e-33	1.3133e-13	1.00343e-06	0.999997	1.96719e-06	5.9098e-13	2.26705e-33	4.34456e-34	6.9548e-35	9.69525e-36	1.24021e-36	4.92853e-37	3.97568e-37	2.38634e-36	2.5653e-36	1.32288e-35	1.42261e-35	5.87393e-35	6.08259e-35	1.89748e-34	1.67184e-34	3.52021e-34	1.8625e-34	1.83144e-34	7.29567e-35	5.39692e-35	3.35023e-35	
B985	0	0	0	0	0	0	0	0	0	0	0	0	0	0	0	0	0	1	0	0	0	0	0	0	0	0	0	0	0	0	0	0	0	0	0	0	0	0	0	0	0	
B983	0	0	0	0	0	0	0	0	0	0	0	0	0	0	0	0	0	1	0	0	0	0	0	0	0	0	0	0	0	0	0	0	0	0	0	0	0	0	0	0	0	
N15	2.92585e-44	4.50997e-37	7.53916e-34	4.26227e-28	1.09941e-25	5.92114e-26	1.72015e-21	5.981e-17	4.7458e-13	1.57314e-13	1.65419e-14	8.64686e-16	6.8049e-16	4.76395e-12	2.20947e-08	3.74762e-05	0.0168354	0.947298	0.035638	0.000190938	3.1743e-07	2.30585e-10	8.87021e-14	2.04738e-17	3.14931e-21	1.46124e-24	1.26497e-27	9.14607e-30	6.73664e-33	2.85845e-35	1.50741e-38	3.7448e-41	1.40422e-44	2.00962e-47	4.67142e-51	3.61771e-54	3.36124e-58	8.15506e-62	1.6615e-65	2.78298e-66	1.3136e-66	
N16	7.58977e-51	2.1501e-49	5.49427e-48	1.2049e-46	2.21116e-45	3.28187e-44	3.76755e-43	9.60881e-28	1.47658e-19	1.1377e-24	6.92052e-39	1.4235e-37	2.48523e-36	3.56312e-35	4.01937e-34	1.36838e-14	3.50977e-07	0.999999	7.46588e-07	7.11254e-14	2.39402e-34	1.88094e-35	1.20613e-36	6.60487e-38	3.25561e-39	1.79704e-39	1.74802e-39	2.89952e-38	3.05302e-38	4.15557e-37	4.324e-37	4.63393e-36	4.43355e-36	3.5778e-35	2.42188e-35	1.39866e-34	2.89518e-35	3.43448e-35	5.81562e-36	4.0844e-36	1.3193e-36	
B199	0	0	0	0	0	0	0	0	0	0	0	0	0	0	0	0	0	1	0	0	0	0	0	0	0	0	0	0	0	0	0	0	0	0	0	0	0	0	0	0	0	
BGAA3	0	0	0	0	0	0	0	0	0	0	0	0	0	0	0	0	0	1	0	0	0	0	0	0	0	0	0	0	0	0	0	0	0	0	0	0	0	0	0	0	0	
N17	7.54256e-51	2.13899e-49	5.4715e-48	1.20114e-46	2.2065e-45	3.2782e-44	3.76671e-43	1.92663e-27	2.08603e-19	2.27145e-24	6.89446e-39	1.41925e-37	2.47974e-36	3.55794e-35	4.01641e-34	2.74292e-14	4.96703e-07	0.999998	1.05689e-06	1.42647e-13	2.39394e-34	1.8798e-35	1.20464e-36	6.59228e-38	3.24704e-39	1.79158e-39	1.74273e-39	2.89304e-38	3.04613e-38	4.14937e-37	4.31723e-37	4.63018e-36	4.42886e-36	3.5769e-35	2.41962e-35	1.39871e-34	2.89263e-35	3.43451e-35	5.81144e-36	4.08299e-36	1.31798e-36	
B11604	0	0	0	0	0	0	0	0	0	0	0	0	0	0	0	0	0	1	0	0	0	0	0	0	0	0	0	0	0	0	0	0	0	0	0	0	0	0	0	0	0	
BGA583	0	0	0	0	0	0	0	0	0	0	0	0	0	0	0	0	0	1	0	0	0	0	0	0	0	0	0	0	0	0	0	0	0	0	0	0	0	0	0	0	0	
N18	6.03919e-46	8.94405e-39	2.10419e-35	1.16349e-29	4.64685e-27	4.56368e-27	1.26066e-22	4.45911e-18	2.92761e-14	2.45029e-14	5.11595e-15	5.41354e-16	3.55771e-15	2.17961e-11	7.38547e-08	8.78054e-05	0.0260587	0.895611	0.077448	0.000792158	2.25158e-06	2.60247e-09	1.51386e-12	5.0798e-16	1.09687e-19	9.46833e-23	1.61893e-25	3.04632e-27	4.04956e-30	4.30659e-32	4.03181e-35	2.44694e-37	1.63945e-40	5.563e-43	2.3086e-46	4.11381e-49	4.9586e-53	2.01309e-56	1.52784e-60	2.95743e-64	3.11358e-68	
N19	5.69306e-49	1.10591e-47	2.26959e-46	1.90323e-37	4.51646e-35	1.62723e-42	5.31561e-31	3.22583e-23	5.9018e-16	7.00014e-20	3.31331e-24	8.29832e-36	6.90292e-35	4.77398e-34	3.619e-18	1.13187e-11	9.59078e-06	0.999971	1.90142e-05	5.20429e-11	4.59878e-17	2.05382e-34	2.62937e-35	2.92022e-36	2.96839e-37	1.25576e-37	1.0845e-37	8.37521e-37	8.96312e-37	5.83916e-36	6.26312e-36	3.25046e-35	3.37429e-35	1.31205e-34	1.1474e-34	2.96479e-34	1.31211e-34	1.26667e-34	4.18223e-35	2.91603e-35	1.53898e-35	
BGA89	0	0	0	0	0	0	0	0	0	0	0	0	0	0	0	0	0	1	0	0	0	0	0	0	0	0	0	0	0	0	0	0	0	0	0	0	0	0	0	0	0	
BGA40	0	0	0	0	0	0	0	0	0	0	0	0	0	0	0	0	0	1	0	0	0	0	0	0	0	0	0	0	0	0	0	0	0	0	0	0	0	0	0	0	0	
N20	1.55032e-45	1.47181e-38	4.68027e-35	1.31103e-29	4.77173e-27	1.04579e-26	1.0594e-22	1.04345e-18	1.58351e-15	1.28888e-15	7.5189e-16	3.33733e-16	2.0178e-15	1.23454e-11	4.94569e-08	6.92375e-05	0.0238869	0.911585	0.0639417	0.000516015	1.16453e-06	1.07877e-09	5.07223e-13	1.3845e-16	2.42708e-20	3.29209e-23	9.90004e-26	6.49176e-27	1.4213e-29	5.31413e-31	7.82514e-34	1.72626e-35	1.52413e-38	2.06225e-40	7.75934e-44	6.46488e-46	5.90727e-50	9.51433e-53	6.26826e-57	3.62799e-60	4.39485e-64	
N21	9.31043e-51	2.54549e-49	7.05394e-48	1.87768e-46	4.72332e-45	1.10792e-43	2.39687e-42	3.15587e-26	7.83822e-18	1.10284e-22	1.91335e-37	2.35108e-36	2.46069e-35	2.13328e-34	1.4723e-33	6.97136e-14	7.65174e-07	0.999998	1.56109e-06	3.36361e-13	7.90142e-34	9.85913e-35	1.01624e-35	9.03665e-37	7.31593e-38	3.29927e-38	2.992e-38	2.93767e-37	3.12797e-37	2.55942e-36	2.72574e-36	1.76733e-35	1.80655e-35	8.73347e-35	7.23778e-35	2.3523e-34	8.43702e-35	8.47586e-35	2.31499e-35	1.58129e-35	7.12896e-36	
BGAA2	0	0	0	0	0	0	0	0	0	0	0	0	0	0	0	0	0	1	0	0	0	0	0	0	0	0	0	0	0	0	0	0	0	0	0	0	0	0	0	0	0	
BGAA1	0	0	0	0	0	0	0	0	0	0	0	0	0	0	0	0	0	1	0	0	0	0	0	0	0	0	0	0	0	0	0	0	0	0	0	0	0	0	0	0	0	
N22	6.75627e-55	9.65488e-46	1.68662e-42	8.98213e-35	2.86734e-32	2.34063e-34	6.14235e-28	1.80261e-21	1.526e-15	6.97737e-18	1.22284e-20	1.02322e-23	1.38919e-25	9.55762e-20	3.96699e-14	5.81108e-09	0.000222326	0.999317	0.000460936	2.87669e-08	5.53283e-13	4.50956e-18	1.82683e-23	4.03455e-29	5.20119e-35	2.4606e-40	1.46799e-45	5.62384e-50	1.05187e-55	4.75268e-61	2.50722e-36	1.71059e-35	1.73782e-35	8.83614e-35	7.17447e-35	2.46781e-34	8.41712e-35	8.70401e-35	2.28254e-35	1.5673e-35	6.80794e-36	
BGA584	0	0	0	0	0	0	0	0	0	0	0	0	0	0	0	0	0	1	0	0	0	0	0	0	0	0	0	0	0	0	0	0	0	0	0	0	0	0	0	0	0	
BGA706	0	0	0	0	0	0	0	0	0	0	0	0	0	0	0	0	0	1	0	0	0	0	0	0	0	0	0	0	0	0	0	0	0	0	0	0	0	0	0	0	0	
N23	1.71603e-41	4.5277e-35	7.33987e-32	8.29362e-27	2.10386e-24	5.60407e-24	4.00075e-20	3.5029e-16	5.85333e-13	1.08794e-12	5.5463e-13	1.43765e-13	4.62014e-13	7.94487e-10	9.44443e-07	0.000418186	0.0505584	0.839454	0.107442	0.00211349	1.31978e-05	3.64245e-08	5.36307e-11	4.76291e-14	2.83172e-17	6.06737e-20	2.3955e-22	8.68303e-24	2.82392e-26	6.02029e-28	1.42327e-30	1.78911e-32	3.13288e-35	2.26886e-37	2.6321e-40	1.00521e-42	3.98496e-46	3.93915e-49	9.77342e-53	5.30811e-56	1.90269e-59	
N24	7.74474e-55	3.03378e-45	2.69097e-42	2.69522e-34	4.66934e-32	6.2661e-35	4.13054e-28	2.59426e-21	4.97549e-15	5.97833e-18	2.80655e-21	4.96518e-25	1.02462e-27	2.81264e-21	3.30764e-15	1.08497e-09	9.4182e-05	0.999712	0.000193779	5.31382e-09	4.56612e-14	1.31737e-19	1.34718e-25	4.13921e-32	3.3801e-37	1.29372e-37	1.09256e-37	8.66014e-37	9.22394e-37	6.13677e-36	6.45831e-36	3.4023e-35	3.32748e-35	1.31589e-34	1.0069e-34	2.7374e-34	1.1347e-34	1.26298e-34	4.08338e-35	3.11048e-35	1.60537e-35	
BGA304	0	0	0	0	0	0	0	0	0	0	0	0	0	0	0	0	0	1	0	0	0	0	0	0	0	0	0	0	0	0	0	0	0	0	0	0	0	0	0	0	0	
BGA303	0	0	0	0	0	0	0	0	0	0	0	0	0	0	0	0	0	1	0	0	0	0	0	0	0	0	0	0	0	0	0	0	0	0	0	0	0	0	0	0	0	
N25	2.96081e-48	4.22852e-47	6.07604e-46	8.55462e-45	1.23405e-43	1.86752e-42	2.90134e-41	1.13229e-25	3.59011e-17	2.50774e-22	9.03177e-37	8.87653e-36	7.41253e-35	5.11388e-34	2.80212e-33	4.06264e-14	5.73649e-07	0.999998	1.17259e-06	1.9685e-13	1.51516e-33	2.39135e-34	3.11314e-35	3.49127e-36	3.55146e-37	1.37605e-37	1.16089e-37	8.98372e-37	9.57668e-37	6.22889e-36	6.56827e-36	3.38516e-35	3.32794e-35	1.28744e-34	9.97896e-35	2.64844e-34	1.12164e-34	1.22962e-34	4.04759e-35	3.06821e-35	1.60959e-35	
BGAB1	0	0	0	0	0	0	0	0	0	0	0	0	0	0	0	0	0	1	0	0	0	0	0	0	0	0	0	0	0	0	0	0	0	0	0	0	0	0	0	0	0	
BGA7	0	0	0	0	0	0	0	0	0	0	0	0	0	0	0	0	0	1	0	0	0	0	0	0	0	0	0	0	0	0	0	0	0	0	0	0	0	0	0	0	0	
N26	2.47775e-39	1.30774e-38	7.58649e-38	4.20559e-29	2.57552e-27	9.49024e-36	1.91155e-24	2.12413e-17	7.09582e-11	2.80702e-15	4.43574e-20	1.11093e-32	2.2996e-32	4.02698e-32	1.98107e-16	1.29595e-10	2.70906e-05	0.99994	3.28717e-05	2.2603e-10	6.08795e-16	2.78255e-33	9.77004e-34	3.68096e-34	1.61875e-34	2.01423e-34	1.98264e-34	3.91816e-34	4.14618e-34	7.19177e-34	7.27725e-34	1.0635e-33	9.86799e-34	1.20154e-33	9.92005e-34	1.00788e-33	7.31066e-34	6.3544e-34	4.25518e-34	3.87794e-34	4.35968e-34	
PGA445	0	0	0	0	0	0	0	0	0	0	0	0	0	0	0	0	0	1	0	0	0	0	0	0	0	0	0	0	0	0	0	0	0	0	0	0	0	0	0	0	0	
PGA363	0	0	0	0	0	0	0	0	0	0	0	0	0	0	0	0	0	1	0	0	0	0	0	0	0	0	0	0	0	0	0	0	0	0	0	0	0	0	0	0	0	
N27	6.33605e-40	1.38328e-32	1.33698e-28	1.90764e-24	4.5662e-23	1.22975e-20	1.67094e-17	2.06341e-13	6.70727e-11	5.29901e-10	7.74278e-10	1.41675e-08	8.14795e-06	0.00136701	0.0623067	0.557716	0.367951	0.0106425	9.30415e-06	2.10149e-09	1.97378e-13	9.65297e-18	2.80489e-22	5.85154e-27	2.71939e-31	9.14722e-34	2.05929e-37	4.93552e-40	7.53929e-44	9.6907e-47	9.98008e-51	2.66615e-52	3.99502e-51	5.12775e-52	3.15544e-54	3.84561e-55	1.06412e-56	1.16134e-57	1.36566e-57	1.39909e-56	2.27659e-56	
N28	5.49798e-37	1.83826e-30	1.163e-25	2.95842e-22	3.69759e-18	5.56987e-16	1.46443e-14	1.12448e-11	2.22252e-08	1.26527e-05	0.00125897	0.0266245	0.165871	0.369856	0.32064	0.105184	0.0104405	0.000112268	2.36749e-07	2.18272e-10	1.12017e-13	3.61864e-17	7.9484e-21	1.8961e-24	2.86959e-27	2.10691e-28	6.42248e-31	2.96084e-32	7.58572e-35	7.25917e-34	3.16731e-34	6.2021e-34	1.27298e-34	1.20846e-33	1.58948e-34	1.22227e-34	2.33321e-36	1.46152e-37	1.188e-39	4.99816e-41	4.43275e-42	
Rhaspe	0	0	0	0	0	0	0	0	0	1	0	0	0	0	0	0	0	0	0	0	0	0	0	0	0	0	0	0	0	0	0	0	0	0	0	0	0	0	0	0	0	
N29	1.27139e-33	5.36226e-28	1.04213e-23	3.39381e-20	1.35769e-16	3.0341e-14	1.94772e-12	5.52018e-10	3.20065e-07	7.01219e-05	0.00373251	0.0511097	0.228477	0.385154	0.259038	0.0669616	0.00539573	6.10974e-05	2.13304e-07	3.6935e-10	3.84743e-13	3.75475e-16	1.60284e-18	1.00776e-18	7.39397e-21	3.5794e-21	1.44044e-23	5.06052e-24	1.12447e-26	2.85692e-27	3.47005e-30	6.013e-31	3.91856e-34	3.72452e-35	1.38596e-38	2.74674e-40	8.2734e-44	5.16813e-46	1.23978e-49	5.21306e-52	1.62225e-53	
Rhamar	0	0	0	0	0	0	0	0	0	1	0	0	0	0	0	0	0	0	0	0	0	0	0	0	0	0	0	0	0	0	0	0	0	0	0	0	0	0	0	0	0	
Rhatem	0	0	0	0	0	0	0	0	0	0	1	0	0	0	0	0	0	0	0	0	0	0	0	0	0	0	0	0	0	0	0	0	0	0	0	0	0	0	0	0	0	
N30	1.26624e-45	2.34026e-37	1.39446e-33	8.66697e-27	5.1449e-27	6.93869e-24	4.71825e-18	4.0005e-13	8.37523e-12	1.11679e-12	2.48479e-13	1.32157e-11	7.71837e-08	0.000133869	0.0316267	0.542711	0.414438	0.0110768	1.30448e-05	2.82032e-09	2.23972e-13	1.61351e-15	8.28161e-19	1.84014e-20	2.32555e-24	2.45893e-26	1.1116e-30	2.80811e-30	7.50914e-32	9.67575e-32	2.45666e-34	8.5811e-35	1.41265e-37	2.29451e-38	3.09275e-41	2.1467e-42	2.44681e-45	4.15045e-47	3.59836e-50	1.24254e-51	7.28374e-52	
N31	2.7203e-41	8.77204e-34	1.56017e-29	7.58357e-25	2.8491e-22	8.04208e-21	1.58064e-16	1.94254e-13	2.98136e-11	2.86093e-10	6.80986e-10	9.71613e-10	2.27331e-07	0.000142751	0.0182117	0.360234	0.55705	0.0637274	0.000632679	1.31223e-06	9.25252e-10	3.05117e-13	8.92694e-17	8.15237e-19	1.05204e-21	8.6199e-24	6.17559e-27	2.33787e-29	9.45092e-33	1.71062e-35	2.98388e-39	2.63776e-42	7.94005e-46	6.96169e-46	3.64645e-48	4.76006e-50	1.52325e-52	1.40046e-54	4.11061e-57	1.0669e-57	3.07148e-57	
N32	8.91521e-35	1.54658e-28	6.42738e-24	1.31951e-21	1.42933e-18	1.47485e-15	9.36143e-14	7.48087e-13	1.56062e-11	1.42107e-09	1.42277e-07	1.34364e-05	0.00112434	0.0291025	0.222618	0.492339	0.240962	0.0137036	0.000136908	4.8823e-07	8.33118e-10	8.01407e-13	4.83031e-16	2.33034e-19	3.31523e-22	2.83494e-23	1.45266e-25	8.57819e-27	3.15417e-29	1.07387e-30	2.64939e-33	5.17114e-35	5.65806e-38	6.47954e-40	2.54126e-43	1.05767e-45	2.60718e-49	3.06605e-52	5.2115e-56	3.60901e-59	2.43596e-62	
N33	4.41024e-39	2.93176e-38	2.04371e-37	1.30563e-36	7.58913e-36	3.98169e-35	1.86778e-34	5.13818e-18	5.3776e-17	8.71333e-33	2.28141e-32	4.91848e-32	8.4999e-32	1.14311e-31	1.85101e-12	3.35596e-06	0.999994	2.39291e-06	1.1706e-12	2.29262e-33	6.17839e-34	2.58048e-34	1.60683e-34	3.47212e-34	3.48574e-34	7.36428e-34	6.95224e-34	1.20069e-33	1.0114e-33	1.40536e-33	1.02788e-33	1.13755e-33	7.1335e-34	6.32346e-34	3.3871e-34	2.49559e-34	1.15366e-34	7.55037e-35	3.57642e-35	3.92879e-35	8.01594e-35	
FGA379	0	0	0	0	0	0	0	0	0	0	0	0	0	0	0	0	1	0	0	0	0	0	0	0	0	0	0	0	0	0	0	0	0	0	0	0	0	0	0	0	0	
F647	0	0	0	0	0	0	0	0	0	0	0	0	0	0	0	0	1	0	0	0	0	0	0	0	0	0	0	0	0	0	0	0	0	0	0	0	0	0	0	0	0	
N34	2.95806e-34	4.41158e-28	6.95501e-23	5.77024e-22	6.35237e-18	3.27107e-14	1.89839e-13	2.28508e-13	1.78672e-11	6.37386e-08	8.56548e-05	0.024643	0.268018	0.460495	0.213055	0.0321738	0.00151445	1.5122e-05	4.36031e-08	5.63867e-11	4.03063e-14	1.79817e-17	5.42458e-21	1.30385e-24	5.76001e-28	1.17308e-29	2.48286e-32	4.61736e-34	7.17215e-37	8.27404e-39	8.62679e-42	6.20602e-44	3.47385e-47	1.51962e-49	3.64458e-53	6.56269e-56	1.04726e-59	9.38802e-63	4.16523e-66	1.35693e-68	3.21496e-71	
N35	1.16937e-36	2.17614e-29	2.66443e-23	2.76195e-22	5.85276e-18	3.65393e-13	2.25914e-12	6.95119e-13	1.23362e-10	9.00117e-08	0.000269333	0.137782	0.561933	0.283502	0.0163013	0.000211503	7.33933e-07	6.95762e-10	2.59403e-13	4.83197e-17	5.21109e-21	5.61437e-25	1.78782e-28	1.03839e-30	4.26139e-34	1.53725e-36	3.34046e-40	3.3982e-40	1.10229e-41	5.03994e-39	5.40631e-38	1.2337e-38	1.48341e-40	2.17203e-41	2.13031e-41	2.31773e-40	2.30885e-41	8.13107e-43	4.70822e-45	1.60996e-46	2.53823e-47	
N36	7.3884e-40	5.55222e-32	2.41024e-25	3.25894e-24	1.15241e-18	2.35852e-14	6.50107e-15	2.56944e-15	9.35068e-12	2.35726e-07	0.00140525	0.379284	0.555774	0.0628027	0.000732358	1.59254e-06	8.27698e-10	1.23611e-13	7.59768e-18	2.37293e-22	4.31385e-27	1.0797e-30	5.63794e-34	1.40654e-31	1.07321e-31	2.68156e-31	3.82167e-33	6.06168e-33	2.6301e-35	2.51708e-35	6.30144e-38	2.91295e-38	5.60669e-41	1.05136e-41	1.76644e-44	1.26876e-45	1.91212e-48	7.30115e-50	1.14157e-52	4.48064e-53	1.20629e-51	
N37	3.61006e-40	3.95573e-39	4.27332e-38	4.16592e-37	2.50537e-21	1.46046e-19	1.84844e-34	1.04272e-33	2.70415e-15	1.34364e-07	0.999995	5.35708e-06	4.31162e-12	5.8961e-32	1.92994e-32	4.4489e-33	8.02663e-34	1.33456e-34	2.98438e-35	6.67083e-35	6.77973e-35	2.4279e-34	2.3538e-34	6.24106e-34	4.66263e-34	8.65516e-34	4.28647e-34	4.64477e-34	1.78679e-34	1.27943e-34	3.91272e-35	2.29735e-35	5.9254e-36	3.19541e-36	7.28152e-37	4.0432e-37	1.02011e-37	1.81137e-37	7.15589e-37	3.73578e-36	1.6419e-35	
F3016	0	0	0	0	0	0	0	0	0	0	1	0	0	0	0	0	0	0	0	0	0	0	0	0	0	0	0	0	0	0	0	0	0	0	0	0	0	0	0	0	0	
F3015	0	0	0	0	0	0	0	0	0	0	1	0	0	0	0	0	0	0	0	0	0	0	0	0	0	0	0	0	0	0	0	0	0	0	0	0	0	0	0	0	0	
N38	3.03792e-37	5.04301e-32	7.55818e-27	1.3977e-25	3.39039e-20	6.32461e-16	1.00003e-15	4.28739e-15	9.83751e-12	3.22496e-07	0.00184783	0.470656	0.502303	0.0250899	0.0001033	7.0984e-08	1.26309e-11	8.38548e-16	2.70302e-20	5.0104e-24	3.55307e-27	1.45198e-28	2.9836e-32	7.32131e-34	4.44029e-38	6.73769e-40	1.31511e-44	2.75778e-45	4.65818e-48	6.11475e-46	1.62566e-45	3.18289e-46	3.55144e-49	2.26032e-50	1.01046e-52	9.93467e-52	8.46796e-53	2.62006e-54	2.23756e-56	6.00647e-56	1.31739e-55	
N39	3.3655e-41	1.9614e-33	1.17387e-26	1.45994e-25	3.38444e-20	6.11312e-15	4.94337e-14	3.06348e-14	6.16552e-12	1.17939e-07	0.000824441	0.52716	0.460798	0.0111977	2.00804e-05	7.47563e-09	9.91932e-13	6.43077e-17	7.73181e-21	3.9897e-22	4.10516e-25	1.34685e-26	2.86489e-30	5.29582e-32	2.65052e-36	2.50157e-38	4.45734e-43	2.26646e-45	1.65708e-48	8.85292e-47	2.78243e-45	1.23122e-46	1.72452e-49	4.38613e-51	1.26307e-52	4.28061e-51	1.74106e-52	1.33992e-53	6.58145e-54	1.40365e-53	7.90328e-53	
N40	1.60419e-44	9.60413e-36	5.81251e-28	2.28117e-28	9.39314e-22	9.92048e-16	1.29126e-16	5.68027e-18	2.67258e-13	5.45225e-08	0.00173025	0.818158	0.17966	0.000450942	6.452e-08	2.09639e-12	2.53734e-17	1.49498e-22	9.32558e-28	1.97709e-30	1.73364e-34	3.1533e-37	1.62926e-40	8.7541e-39	2.02789e-40	4.56363e-41	2.815e-44	1.42699e-45	6.10725e-49	5.84453e-51	2.0074e-54	8.99543e-57	2.35104e-60	7.5537e-63	1.49846e-66	4.09445e-69	6.52127e-73	8.11944e-75	1.20162e-75	2.08039e-76	2.60302e-77	
N41	1.48923e-40	4.44456e-36	3.27234e-29	9.33816e-28	5.87221e-22	1.95116e-17	1.24622e-16	1.05193e-15	8.15472e-12	4.77089e-07	0.00519061	0.827743	0.166651	0.000414835	7.56978e-08	3.69709e-12	7.48056e-17	5.59783e-21	5.97032e-24	5.32639e-25	3.32492e-28	1.27104e-29	2.72941e-33	1.36309e-32	2.52386e-34	5.93733e-34	4.65752e-37	4.97464e-38	3.15023e-41	8.8716e-43	4.38533e-46	8.24748e-48	3.11338e-51	5.00222e-53	1.49743e-56	1.56288e-57	8.57487e-61	1.40989e-59	6.80165e-58	8.36715e-56	7.56677e-54	
N42	3.89623e-41	5.69735e-40	8.02935e-39	1.01691e-37	2.1486e-21	1.60653e-19	9.49382e-35	6.69658e-34	5.76621e-15	2.03603e-07	0.999992	8.12124e-06	6.0096e-12	1.44001e-32	2.43734e-33	3.12055e-34	3.37438e-35	1.14468e-35	9.12604e-36	4.92616e-35	5.10501e-35	2.14464e-34	1.9757e-34	5.47919e-34	2.37774e-34	3.44713e-34	1.06019e-34	7.06269e-35	1.59185e-35	8.59959e-36	1.59934e-36	8.19575e-37	1.33185e-37	6.88701e-38	1.1446e-38	1.76445e-38	6.61987e-39	3.71269e-38	1.85506e-37	1.20812e-36	6.18339e-36	
F1476	0	0	0	0	0	0	0	0	0	0	1	0	0	0	0	0	0	0	0	0	0	0	0	0	0	0	0	0	0	0	0	0	0	0	0	0	0	0	0	0	0	
FGA81	0	0	0	0	0	0	0	0	0	0	1	0	0	0	0	0	0	0	0	0	0	0	0	0	0	0	0	0	0	0	0	0	0	0	0	0	0	0	0	0	0	
N43	5.77726e-41	4.69127e-35	6.22732e-28	1.05043e-25	1.48314e-20	2.33613e-15	8.63113e-14	3.09244e-13	4.40565e-10	7.38678e-07	0.00709467	0.819309	0.172476	0.00111946	4.27136e-07	4.33891e-11	1.82978e-15	6.7423e-18	1.14763e-20	7.60308e-22	5.83592e-25	1.57399e-26	3.47696e-29	9.14467e-27	3.61733e-29	1.70489e-29	2.26578e-32	9.91976e-34	1.00855e-36	2.40455e-38	1.80114e-41	3.4569e-43	1.95357e-46	3.38209e-48	3.29097e-51	5.19292e-51	4.19385e-54	5.31122e-54	1.95391e-54	3.93056e-54	5.54282e-54	
Furcep	0	0	0	0	0	0	0	0	0	0	0	0	0	1	0	0	0	0	0	0	0	0	0	0	0	0	0	0	0	0	0	0	0	0	0	0	0	0	0	0	0	
N44	2.33816e-37	3.32502e-32	6.71723e-26	9.5108e-24	1.61742e-18	5.30131e-15	6.12087e-15	8.66485e-14	6.2616e-10	1.19001e-05	0.0439504	0.854858	0.100831	0.000348682	1.49129e-07	2.17171e-11	1.49573e-15	8.94013e-20	5.7194e-23	6.3111e-24	9.76523e-27	5.99807e-28	4.82459e-31	1.55592e-32	8.35324e-37	1.30091e-38	2.25322e-43	4.79253e-46	6.05625e-51	2.02271e-54	1.7699e-59	3.1845e-63	1.8983e-68	2.49511e-72	1.04519e-77	2.22616e-81	1.18839e-86	3.25575e-89	2.49646e-91	2.64616e-93	1.98386e-95	
Furpol	0	0	0	0	0	0	0	0	0	0	0	1	0	0	0	0	0	0	0	0	0	0	0	0	0	0	0	0	0	0	0	0	0	0	0	0	0	0	0	0	0	
N45	4.44723e-38	1.40554e-30	1.70959e-24	1.0049e-21	2.45995e-16	8.49646e-14	3.04031e-14	3.63946e-12	9.4587e-08	0.000677074	0.663959	0.329023	0.00633303	7.80251e-06	2.83624e-09	4.54085e-13	3.92938e-17	6.89612e-21	6.88682e-24	1.42953e-25	1.26403e-28	1.32105e-30	6.93794e-34	3.55964e-36	2.49233e-40	4.95465e-43	1.55385e-47	4.11539e-51	8.47021e-56	1.07554e-59	1.42482e-64	1.30652e-68	1.18171e-73	8.66898e-78	5.82846e-83	1.09303e-86	1.29885e-91	2.32907e-94	3.46403e-97	6.14367e-100	7.74974e-103	
N46	4.69412e-38	1.90445e-30	2.53104e-24	2.05801e-21	6.29494e-16	1.5536e-13	3.58288e-14	5.72665e-12	1.63645e-07	0.00115214	0.906391	0.0921228	0.000334238	1.85542e-07	3.56421e-11	3.2813e-15	2.12909e-19	1.27872e-21	1.29328e-24	1.7056e-26	9.6336e-30	6.09932e-32	6.16062e-36	1.99059e-38	6.06999e-43	4.03921e-46	8.26175e-51	1.31138e-54	1.74535e-59	1.71199e-63	1.83723e-68	1.97428e-71	1.04387e-74	7.13077e-77	1.71921e-79	3.94294e-80	3.51105e-83	4.31909e-84	1.39453e-85	2.80688e-86	3.34131e-87	
N47	1.58796e-44	6.12543e-43	7.7752e-32	4.07178e-29	8.3334e-21	1.48656e-18	2.31728e-22	3.18829e-20	5.61339e-13	2.33196e-06	0.999964	3.37936e-05	7.34403e-11	4.24643e-17	9.93016e-36	5.0364e-37	1.19835e-37	1.61448e-36	1.64479e-36	1.87543e-35	1.66549e-35	1.28544e-34	1.92429e-35	5.7424e-35	6.37834e-36	4.86865e-36	4.43008e-37	2.40295e-37	1.7988e-38	9.01561e-39	5.81532e-40	3.44099e-40	2.19384e-41	7.02661e-41	6.24997e-41	1.12036e-39	1.41061e-40	1.26751e-39	2.67782e-39	4.12191e-38	3.12804e-37	
F2241	0	0	0	0	0	0	0	0	0	0	1	0	0	0	0	0	0	0	0	0	0	0	0	0	0	0	0	0	0	0	0	0	0	0	0	0	0	0	0	0	0	
F12266	0	0	0	0	0	0	0	0	0	0	1	0	0	0	0	0	0	0	0	0	0	0	0	0	0	0	0	0	0	0	0	0	0	0	0	0	0	0	0	0	0	
Furang	0	0	0	0	0	0	0	0	0	0	1	0	0	0	0	0	0	0	0	0	0	0	0	0	0	0	0	0	0	0	0	0	0	0	0	0	0	0	0	0	0	
Fga490	0	0	0	0	0	0	0	0	0	0	1	0	0	0	0	0	0	0	0	0	0	0	0	0	0	0	0	0	0	0	0	0	0	0	0	0	0	0	0	0	0	
N48	1.89925e-41	2.81408e-33	3.98036e-26	1.461e-25	1.52505e-19	1.56772e-14	4.09349e-15	1.64864e-15	3.75549e-11	1.67298e-06	0.0116207	0.936193	0.0521418	4.32251e-05	7.1015e-09	4.15653e-13	1.14873e-17	6.42341e-22	2.75197e-25	3.3417e-27	1.11062e-30	6.13013e-33	1.05486e-36	2.72823e-39	4.94949e-44	5.24417e-47	3.22069e-52	1.16034e-55	8.40158e-59	1.03758e-57	1.99352e-58	1.05214e-60	3.77284e-64	1.80959e-66	3.08491e-68	1.60548e-67	1.54999e-69	3.60178e-70	6.24807e-71	1.30108e-71	1.95473e-72	
N49	1.20742e-40	1.0061e-32	5.21719e-26	1.50093e-24	8.67429e-19	2.25723e-14	2.37778e-14	7.90686e-14	8.93475e-11	2.68483e-06	0.0130703	0.948789	0.0380974	4.0901e-05	8.58843e-09	6.51016e-13	2.48012e-17	7.71795e-20	8.60355e-23	2.30931e-24	1.364e-27	1.61146e-29	2.00549e-33	1.29973e-35	1.85807e-40	2.09968e-43	1.80214e-48	3.18547e-52	1.21292e-55	4.22263e-55	4.50087e-54	6.7213e-56	4.30335e-59	5.32529e-61	1.30325e-63	8.50158e-61	3.96609e-61	3.16609e-61	5.64132e-62	4.6526e-62	2.63974e-62	
N50	1.45223e-42	4.76445e-34	1.55834e-26	3.6796e-26	2.72589e-20	2.46357e-14	2.00506e-13	1.81324e-14	5.93607e-13	3.94182e-08	0.00101061	0.949451	0.0494237	0.000114827	1.66186e-08	6.73909e-13	1.90766e-17	2.6123e-19	1.29765e-22	1.5624e-24	3.19792e-28	1.64473e-30	3.15293e-35	7.56186e-38	3.05599e-43	6.0257e-47	1.5876e-52	3.74491e-53	1.56553e-56	2.35138e-56	1.34664e-56	7.22766e-59	1.59221e-62	1.18919e-64	1.71055e-66	2.47008e-64	7.59648e-66	1.48379e-66	3.38467e-68	1.06632e-68	1.83055e-69	
N51	4.25915e-40	2.06216e-32	9.27232e-26	3.91458e-25	8.33329e-20	6.99317e-15	5.03403e-15	1.85394e-15	1.75997e-12	8.43853e-08	0.000929558	0.968964	0.0300683	3.80475e-05	8.63441e-09	6.89528e-13	2.61683e-17	7.92246e-21	1.13027e-23	6.86198e-25	6.01338e-28	1.70709e-29	5.31944e-33	8.40664e-35	1.37499e-39	5.01915e-42	4.79924e-47	2.31758e-50	1.62002e-55	2.09917e-59	9.41916e-65	8.11201e-69	2.42186e-74	1.72905e-78	1.50629e-83	5.29738e-85	1.07363e-88	2.65728e-89	3.67379e-90	1.26405e-90	3.04875e-91	
N52	2.5643e-38	8.75621e-31	3.07493e-24	1.03717e-23	2.12747e-18	1.96272e-13	1.22436e-13	2.66248e-14	9.02864e-12	2.35414e-07	0.00149347	0.986632	0.0118628	1.20008e-05	3.30606e-09	3.80192e-13	2.32597e-17	2.73685e-20	3.35358e-23	7.56252e-25	5.75389e-28	6.26038e-30	2.70808e-33	1.42925e-35	4.17375e-40	2.99771e-43	5.81526e-48	9.32784e-52	1.14671e-56	1.13724e-60	9.28686e-66	9.52466e-70	1.22664e-73	6.81639e-76	3.97166e-79	4.94622e-80	4.46975e-83	9.49267e-84	1.39468e-84	3.24365e-85	5.46025e-86	
FGA456	0	0	0	0	0	0	0	0	0	0	0	1	0	0	0	0	0	0	0	0	0	0	0	0	0	0	0	0	0	0	0	0	0	0	0	0	0	0	0	0	0	
N53	3.24972e-46	3.54767e-38	1.04572e-28	1.66564e-31	2.61524e-23	2.18561e-15	6.14191e-19	6.45699e-23	1.84311e-20	3.85631e-13	1.93785e-06	0.999991	7.32162e-06	6.88139e-12	2.0355e-18	1.34561e-36	5.21807e-38	1.01812e-37	1.03716e-37	1.59906e-36	1.63343e-36	1.88144e-35	1.65465e-35	1.28338e-34	1.47698e-35	1.41284e-35	1.35396e-36	7.69574e-37	5.9668e-38	3.01863e-38	1.98137e-39	9.8258e-40	5.66816e-41	3.0356e-41	3.93506e-42	5.59498e-41	7.84651e-42	1.13057e-40	1.16869e-39	1.98089e-38	2.4851e-37	
FGA516	0	0	0	0	0	0	0	0	0	0	0	1	0	0	0	0	0	0	0	0	0	0	0	0	0	0	0	0	0	0	0	0	0	0	0	0	0	0	0	0	0	
FGA513	0	0	0	0	0	0	0	0	0	0	0	1	0	0	0	0	0	0	0	0	0	0	0	0	0	0	0	0	0	0	0	0	0	0	0	0	0	0	0	0	0	
N54	4.70482e-44	1.27776e-42	4.36728e-29	7.41474e-40	4.33913e-24	2.74841e-15	4.02454e-20	5.01132e-35	5.02587e-34	6.40369e-15	2.46362e-07	0.999999	9.59043e-07	1.1963e-13	1.26099e-34	8.45351e-36	5.18178e-37	6.30515e-37	6.31631e-37	6.1429e-36	6.35531e-36	4.62735e-35	4.29304e-35	2.00924e-34	3.89463e-35	3.67993e-35	5.68199e-36	3.25316e-36	3.96332e-37	2.01685e-37	2.07478e-38	1.03627e-38	9.38863e-40	5.01904e-40	7.52338e-41	5.3916e-40	1.26366e-40	1.21446e-39	8.85926e-39	9.53773e-38	7.70439e-37	
F12278	0	0	0	0	0	0	0	0	0	0	0	1	0	0	0	0	0	0	0	0	0	0	0	0	0	0	0	0	0	0	0	0	0	0	0	0	0	0	0	0	0	
F12279	0	0	0	0	0	0	0	0	0	0	0	1	0	0	0	0	0	0	0	0	0	0	0	0	0	0	0	0	0	0	0	0	0	0	0	0	0	0	0	0	0	
N55	8.68621e-37	2.3685e-29	3.58519e-23	2.47089e-21	1.80113e-17	1.69487e-12	2.66255e-10	1.08451e-10	7.75734e-10	9.6821e-08	0.000563306	0.703134	0.281952	0.0143377	1.27511e-05	3.47679e-09	5.34203e-13	9.49159e-15	2.26748e-17	8.0793e-19	1.0752e-21	1.72404e-23	1.22121e-26	9.09978e-29	4.26951e-33	1.48433e-36	4.03287e-41	7.79935e-45	1.31699e-49	1.90077e-53	2.16987e-58	2.51065e-62	2.05985e-67	2.40017e-71	1.74045e-75	2.74498e-76	3.15702e-79	6.70094e-80	9.38145e-81	2.21815e-81	3.77741e-82	
Furant	0	0	0	0	0	0	0	0	0	0	0	1	0	0	0	0	0	0	0	0	0	0	0	0	0	0	0	0	0	0	0	0	0	0	0	0	0	0	0	0	0	
N56	1.82445e-43	6.47949e-42	2.17608e-40	6.62462e-39	1.7967e-37	5.99962e-21	1.59933e-12	4.70224e-17	1.94505e-32	1.94834e-31	1.29928e-30	4.99149e-11	2.07705e-05	0.999979	4.05091e-07	3.35438e-14	5.8736e-36	1.75078e-35	1.79323e-35	2.33271e-34	2.37542e-34	2.30796e-33	1.99428e-33	1.30284e-32	1.7168e-33	1.25589e-33	1.27963e-34	6.8752e-35	5.72604e-36	2.86752e-36	2.05088e-37	1.01954e-37	6.49272e-39	3.78081e-39	7.8287e-40	1.13177e-38	1.84133e-39	2.24415e-38	1.94563e-37	2.83907e-36	3.05688e-35	
FGA331	0	0	0	0	0	0	0	0	0	0	0	0	0	1	0	0	0	0	0	0	0	0	0	0	0	0	0	0	0	0	0	0	0	0	0	0	0	0	0	0	0	
FGA332	0	0	0	0	0	0	0	0	0	0	0	0	0	1	0	0	0	0	0	0	0	0	0	0	0	0	0	0	0	0	0	0	0	0	0	0	0	0	0	0	0	
FGA465	0	0	0	0	0	0	0	0	0	0	1	0	0	0	0	0	0	0	0	0	0	0	0	0	0	0	0	0	0	0	0	0	0	0	0	0	0	0	0	0	0	
N57	4.70162e-38	1.99162e-30	4.90511e-24	1.91609e-22	6.03901e-17	2.76817e-13	7.92317e-14	4.75204e-13	1.14312e-08	0.000119509	0.175605	0.815421	0.00884631	8.29404e-06	2.27817e-09	2.72912e-13	1.78223e-17	1.31961e-20	1.4202e-23	2.26664e-25	1.56765e-28	1.21169e-30	4.89461e-34	1.79689e-36	6.77092e-41	5.14252e-44	1.17137e-48	1.52658e-52	2.04285e-57	1.74449e-61	1.51424e-66	1.00732e-70	6.15079e-76	5.59312e-80	7.61667e-84	2.9473e-85	1.74137e-88	1.46076e-89	8.79774e-91	7.56397e-92	4.64196e-93	
N58	6.29323e-43	1.49089e-41	4.53607e-32	1.4961e-29	5.82495e-21	6.70575e-19	2.29922e-23	2.14814e-21	8.09875e-14	7.86231e-07	0.999949	5.00471e-05	6.84448e-11	2.30913e-17	2.41356e-34	1.68024e-35	1.23785e-36	2.95321e-36	3.00783e-36	2.44385e-35	2.42813e-35	1.45188e-34	1.07407e-34	4.43557e-34	8.92783e-35	7.24538e-35	1.12557e-35	6.29401e-36	7.86619e-37	3.99509e-37	4.26392e-38	2.1466e-38	2.04089e-39	1.24829e-39	3.30758e-40	2.95217e-39	6.76938e-40	5.16191e-39	2.66932e-38	2.67697e-37	1.94531e-36	
FGA99	0	0	0	0	0	0	0	0	0	0	1	0	0	0	0	0	0	0	0	0	0	0	0	0	0	0	0	0	0	0	0	0	0	0	0	0	0	0	0	0	0	
F12269	0	0	0	0	0	0	0	0	0	0	1	0	0	0	0	0	0	0	0	0	0	0	0	0	0	0	0	0	0	0	0	0	0	0	0	0	0	0	0	0	0	
N59	2.3467e-37	5.94432e-30	9.1612e-24	7.89846e-22	1.50871e-16	6.88462e-13	5.62846e-13	5.29295e-12	1.50638e-08	0.00014094	0.193396	0.801996	0.00446361	3.58527e-06	9.32215e-10	1.11723e-13	1.23563e-17	3.99785e-19	7.206e-22	2.46239e-23	2.26342e-26	3.73151e-28	4.25097e-32	3.48668e-34	1.0809e-38	9.32148e-42	2.03612e-46	5.34138e-50	7.80066e-55	1.27212e-58	1.2736e-63	1.76038e-67	9.90186e-72	7.19526e-73	2.6441e-73	9.64615e-72	5.71592e-73	1.01688e-71	3.13013e-71	1.04645e-69	1.98283e-68	
N60	3.92479e-44	1.21721e-42	3.54304e-41	9.26905e-40	2.07748e-23	3.1729e-21	7.34782e-36	1.03096e-34	8.90618e-16	8.25181e-08	0.999991	8.817e-06	1.25104e-12	1.99739e-33	1.29216e-34	6.74259e-36	3.81014e-37	1.25327e-36	1.28221e-36	1.37728e-35	1.36371e-35	1.07935e-34	7.70815e-35	4.31854e-34	6.43531e-35	5.03041e-35	5.86639e-36	3.21972e-36	3.05505e-37	1.53952e-37	1.25039e-38	6.25302e-39	4.52146e-40	2.81673e-40	7.49762e-41	9.61331e-40	1.6559e-40	1.6087e-39	1.01037e-38	1.31963e-37	1.24062e-36	
FGA15	0	0	0	0	0	0	0	0	0	0	1	0	0	0	0	0	0	0	0	0	0	0	0	0	0	0	0	0	0	0	0	0	0	0	0	0	0	0	0	0	0	
FGA440	0	0	0	0	0	0	0	0	0	0	1	0	0	0	0	0	0	0	0	0	0	0	0	0	0	0	0	0	0	0	0	0	0	0	0	0	0	0	0	0	0	
N61	2.72629e-43	8.32012e-42	3.94059e-28	5.86005e-39	4.62211e-23	2.7659e-14	4.6576e-19	4.58802e-34	4.28485e-33	5.71867e-14	1.30163e-06	0.999998	6.06304e-07	5.48734e-14	3.20003e-35	1.97373e-36	5.21712e-37	5.56134e-36	5.68691e-36	5.1699e-35	4.67633e-35	2.84038e-34	5.69593e-35	1.52167e-34	2.12652e-35	1.41441e-35	1.51935e-36	7.97417e-37	7.05153e-38	3.51658e-38	2.7053e-39	1.64183e-39	1.28851e-40	3.83504e-40	3.3723e-40	4.7886e-39	7.61394e-40	5.63567e-39	1.22892e-38	1.51175e-37	9.76117e-37	
FGA581	0	0	0	0	0	0	0	0	0	0	0	1	0	0	0	0	0	0	0	0	0	0	0	0	0	0	0	0	0	0	0	0	0	0	0	0	0	0	0	0	0	
FGA582	0	0	0	0	0	0	0	0	0	0	0	1	0	0	0	0	0	0	0	0	0	0	0	0	0	0	0	0	0	0	0	0	0	0	0	0	0	0	0	0	0	
N62	3.06841e-40	3.73881e-39	4.44094e-38	4.73955e-37	4.49033e-36	2.77729e-19	1.02561e-17	1.56821e-33	7.48932e-33	2.72121e-32	6.35412e-13	2.95327e-06	0.999995	2.12264e-06	7.90603e-13	3.89316e-34	5.11377e-35	2.54905e-35	2.17927e-35	9.94805e-35	1.02586e-34	3.62505e-34	3.26552e-34	7.54286e-34	3.24225e-34	3.49268e-34	1.14173e-34	7.73376e-35	1.99187e-35	1.11574e-35	2.4203e-36	1.26853e-36	2.42431e-37	1.28993e-37	2.67128e-38	4.65484e-38	1.95914e-38	9.31509e-38	3.8246e-37	2.18357e-36	9.76544e-36	
FGA104	0	0	0	0	0	0	0	0	0	0	0	0	1	0	0	0	0	0	0	0	0	0	0	0	0	0	0	0	0	0	0	0	0	0	0	0	0	0	0	0	0	
FGA105	0	0	0	0	0	0	0	0	0	0	0	0	1	0	0	0	0	0	0	0	0	0	0	0	0	0	0	0	0	0	0	0	0	0	0	0	0	0	0	0	0	
FGA489	0	0	0	0	0	0	0	0	0	0	1	0	0	0	0	0	0	0	0	0	0	0	0	0	0	0	0	0	0	0	0	0	0	0	0	0	0	0	0	0	0	
N63	2.48102e-45	1.12036e-35	9.67626e-28	2.00348e-25	1.49878e-23	1.52833e-16	3.88803e-10	1.07662e-13	1.07248e-17	5.08474e-21	4.50414e-15	1.65331e-09	0.000117153	0.999817	6.59338e-05	8.31566e-10	3.8743e-15	9.67538e-21	1.98886e-26	1.04709e-31	2.05451e-34	6.39896e-34	5.84617e-34	1.26546e-33	7.39251e-34	1.0148e-33	4.49905e-34	4.00446e-34	1.44892e-34	9.91589e-35	3.02817e-35	1.78753e-35	4.75339e-36	2.61056e-36	6.33256e-37	4.22235e-37	1.34388e-37	3.44303e-37	1.25807e-36	6.30122e-36	2.57772e-35	
FGA174	0	0	0	0	0	0	0	0	0	0	0	0	0	1	0	0	0	0	0	0	0	0	0	0	0	0	0	0	0	0	0	0	0	0	0	0	0	0	0	0	0	
FGA175	0	0	0	0	0	0	0	0	0	0	0	0	0	1	0	0	0	0	0	0	0	0	0	0	0	0	0	0	0	0	0	0	0	0	0	0	0	0	0	0	0	
FurbGB	0	0	0	0	0	0	0	0	0	0	0	1	0	0	0	0	0	0	0	0	0	0	0	0	0	0	0	0	0	0	0	0	0	0	0	0	0	0	0	0	0	
N64	1.27358e-41	1.38818e-34	6.29183e-31	1.7982e-25	3.26199e-23	1.98726e-22	2.76579e-18	3.35176e-14	4.49794e-11	2.18314e-10	1.92139e-10	1.01031e-10	1.532e-08	1.85213e-05	0.00554285	0.222668	0.632517	0.136474	0.00276787	1.22144e-05	1.85602e-08	1.0204e-10	1.5204e-12	6.87946e-13	4.36644e-15	8.94399e-16	1.80709e-18	1.97749e-19	1.16429e-22	6.92632e-24	1.38376e-27	3.50151e-29	3.42819e-33	1.89263e-35	1.31643e-39	2.13544e-42	1.08933e-46	8.41847e-50	3.23694e-54	6.55092e-57	1.56373e-58	
N65	6.83579e-39	1.90142e-32	5.28845e-29	4.39659e-24	2.75321e-22	5.88077e-21	3.4184e-17	1.15113e-13	1.87669e-11	4.78472e-11	3.80312e-11	6.04333e-11	6.08297e-09	5.3014e-06	0.00182362	0.120471	0.63112	0.23636	0.0101114	0.000107176	4.24671e-07	8.11128e-10	1.0917e-12	6.36787e-14	7.84767e-16	1.30458e-16	1.01388e-18	8.76414e-20	3.51623e-22	1.66387e-23	2.44609e-26	6.4618e-28	3.19065e-31	2.93686e-33	8.96013e-37	2.61115e-39	5.69925e-43	7.3362e-46	1.13828e-49	1.19016e-52	6.23811e-55	
N66	6.02204e-38	3.20058e-31	3.04916e-28	5.51821e-23	8.38785e-23	2.5127e-21	5.42049e-17	6.73595e-13	1.0504e-11	2.70051e-12	2.28068e-13	1.01741e-12	3.94841e-10	8.20113e-07	0.000687793	0.114889	0.709187	0.171648	0.00356999	1.7571e-05	3.21687e-08	2.80367e-11	1.35775e-14	5.37007e-18	3.89615e-21	3.85101e-23	5.25398e-26	3.30589e-28	2.87505e-31	9.45959e-34	5.00959e-37	8.50347e-39	7.83103e-37	1.59217e-37	4.19555e-39	3.28179e-40	6.1757e-42	2.66144e-43	7.81198e-44	1.02574e-42	1.13251e-42	
N67	6.14727e-52	4.07339e-42	3.38148e-39	5.71585e-31	8.25237e-29	4.3483e-32	3.38898e-25	2.2911e-18	4.50783e-12	1.56103e-15	2.06841e-19	1.00481e-23	5.50049e-27	1.31187e-20	1.24732e-14	2.97091e-09	0.000160305	0.999773	6.7139e-05	8.48984e-10	3.9026e-15	6.63788e-21	4.37923e-27	2.32149e-33	5.53902e-36	2.54106e-35	2.72217e-35	1.08561e-34	1.149e-34	3.58893e-34	3.46751e-34	7.85429e-34	5.71012e-34	8.63952e-34	4.5442e-34	3.97451e-34	1.59793e-34	1.0666e-34	3.61032e-35	2.54408e-35	2.91788e-35	
CGA312	0	0	0	0	0	0	0	0	0	0	0	0	0	0	0	0	0	1	0	0	0	0	0	0	0	0	0	0	0	0	0	0	0	0	0	0	0	0	0	0	0	
CGA963	0	0	0	0	0	0	0	0	0	0	0	0	0	0	0	0	0	1	0	0	0	0	0	0	0	0	0	0	0	0	0	0	0	0	0	0	0	0	0	0	0	
N68	9.41418e-45	8.21871e-37	2.67001e-33	7.84314e-27	1.36616e-26	1.31686e-24	3.19918e-19	1.53799e-14	5.88783e-14	1.34543e-15	1.59094e-17	7.20546e-16	5.09902e-12	1.20029e-07	0.000661289	0.159542	0.742487	0.0968312	0.000478078	3.56878e-07	7.75033e-11	6.84557e-15	2.99795e-19	7.5841e-24	1.44004e-28	2.13024e-31	5.12224e-35	3.16854e-37	4.14802e-41	1.44649e-43	1.17137e-47	1.0268e-43	7.91121e-44	3.45943e-44	1.0072e-46	2.4109e-47	4.03996e-50	8.79276e-51	2.59426e-50	1.85077e-49	3.02965e-51	
N69	2.58178e-52	6.06895e-43	2.87227e-38	2.47085e-31	4.60708e-32	2.7855e-27	9.89091e-21	3.27638e-17	5.69326e-18	2.4212e-21	1.14732e-21	6.23416e-18	4.13544e-12	6.15309e-07	0.00423164	0.329397	0.659712	0.00665748	1.4108e-06	4.15621e-11	3.64239e-16	1.33635e-21	2.48014e-27	2.62029e-33	1.86043e-39	4.2178e-43	1.22253e-47	4.53519e-47	9.65649e-48	1.7012e-47	5.67725e-45	3.76621e-40	2.33064e-40	7.21635e-39	7.46241e-40	1.59078e-38	5.10274e-39	5.42475e-36	1.60844e-35	8.62218e-35	1.19315e-35	
N70	2.14001e-41	3.49359e-35	1.86105e-33	4.34206e-29	5.70167e-32	2.0356e-29	8.05522e-24	1.73567e-19	2.44467e-19	1.84646e-19	6.41334e-20	5.24596e-17	6.04367e-12	3.23753e-07	0.0027556	0.317007	0.673859	0.00637591	2.72248e-06	2.39685e-10	7.34057e-15	1.01983e-19	1.03061e-24	3.61776e-26	2.38595e-29	1.23652e-30	4.72391e-34	6.71545e-33	1.51583e-33	7.98261e-33	2.09669e-35	3.61319e-35	3.3973e-38	2.3836e-38	1.48474e-41	1.78687e-42	9.69196e-46	1.83323e-47	7.52178e-51	1.45422e-52	1.17071e-52	
N71	5.68527e-44	4.10496e-36	7.18168e-33	1.70118e-26	6.23322e-27	2.66608e-25	9.00346e-20	8.97746e-15	6.26501e-13	2.58612e-14	4.24487e-16	6.4873e-17	1.37498e-12	2.16481e-08	9.94359e-05	0.0757552	0.864998	0.0590407	0.000107044	4.76411e-08	8.40221e-12	7.5025e-16	4.45505e-20	4.15427e-23	1.60509e-26	4.14724e-29	9.51249e-33	4.35315e-35	1.09614e-34	6.82313e-35	2.36972e-36	2.07258e-37	1.77259e-39	6.5597e-41	3.56724e-43	4.50446e-45	1.59093e-47	1.44715e-49	3.9418e-52	5.34529e-54	2.70098e-55	
CGA642	0	0	0	0	0	0	0	0	0	0	0	0	0	0	0	0	1	0	0	0	0	0	0	0	0	0	0	0	0	0	0	0	0	0	0	0	0	0	0	0	0	
N72	1.22068e-38	5.2857e-33	3.38736e-31	4.52798e-27	7.47167e-27	3.84631e-25	3.65535e-20	1.21121e-15	5.28694e-14	1.27984e-15	2.85052e-17	4.62445e-16	2.3824e-13	5.95007e-09	5.37531e-05	0.0809401	0.844193	0.074719	9.43416e-05	2.77309e-08	3.13476e-12	1.73953e-16	5.492e-21	1.45412e-24	1.86449e-27	1.49305e-28	1.2305e-31	5.3966e-33	2.40212e-36	6.31808e-38	1.14468e-41	1.96363e-43	7.24109e-48	7.47285e-50	6.41566e-55	5.23776e-58	4.97991e-63	2.96193e-65	1.59085e-68	3.9513e-69	1.70846e-68	
N73	6.70618e-51	1.82057e-49	4.48901e-48	2.04444e-35	1.81983e-45	3.16533e-44	5.75658e-29	5.52784e-20	5.64936e-25	8.97587e-39	2.02551e-37	3.90223e-36	6.24257e-35	8.40791e-16	7.57529e-08	0.999994	5.57907e-06	1.51446e-12	2.02471e-32	2.09898e-33	1.5705e-34	9.365e-36	4.7103e-37	2.30713e-38	3.28958e-39	4.56326e-38	4.79268e-38	7.30555e-37	7.71284e-37	9.34365e-36	9.71967e-36	8.80243e-35	7.76584e-35	4.79998e-34	1.2482e-34	3.11878e-34	5.86123e-35	3.86942e-35	5.27743e-36	2.97357e-36	2.30269e-36	
CGA763	0	0	0	0	0	0	0	0	0	0	0	0	0	0	0	1	0	0	0	0	0	0	0	0	0	0	0	0	0	0	0	0	0	0	0	0	0	0	0	0	0	
CGA764	0	0	0	0	0	0	0	0	0	0	0	0	0	0	0	1	0	0	0	0	0	0	0	0	0	0	0	0	0	0	0	0	0	0	0	0	0	0	0	0	0	
N74	1.73509e-50	4.89278e-49	1.41581e-47	4.30668e-46	1.40593e-44	4.73099e-43	1.5391e-41	8.99674e-26	6.1824e-17	6.86766e-22	5.75313e-36	9.5811e-35	1.27866e-33	1.28832e-32	8.83419e-32	8.84191e-13	4.36082e-06	0.999995	2.01105e-07	7.3284e-15	2.11063e-35	1.03262e-36	4.74094e-38	6.91257e-38	7.06427e-38	1.12489e-36	1.18344e-36	1.5052e-35	1.57568e-35	1.50566e-34	1.41179e-34	9.05782e-34	2.53999e-34	7.86946e-34	1.43193e-34	9.6519e-35	1.27646e-35	6.81473e-36	7.50737e-37	7.10344e-37	3.87655e-36	
C601	0	0	0	0	0	0	0	0	0	0	0	0	0	0	0	0	0	1	0	0	0	0	0	0	0	0	0	0	0	0	0	0	0	0	0	0	0	0	0	0	0	
C602	0	0	0	0	0	0	0	0	0	0	0	0	0	0	0	0	0	1	0	0	0	0	0	0	0	0	0	0	0	0	0	0	0	0	0	0	0	0	0	0	0	
N75	2.06423e-39	1.12664e-33	8.05518e-32	9.86339e-28	1.14419e-30	4.39487e-30	6.33853e-25	7.77475e-21	1.6466e-19	2.44236e-19	1.74416e-18	4.98598e-15	1.60697e-10	2.0635e-06	0.00432444	0.332269	0.656752	0.0066459	6.15127e-06	1.45537e-09	1.34063e-13	6.01086e-18	1.51797e-22	4.81038e-25	8.19246e-28	9.3694e-29	9.76985e-32	5.45016e-33	3.37201e-36	9.55841e-38	1.54362e-41	1.14945e-39	7.31089e-41	1.15149e-40	1.4859e-43	1.67534e-44	2.39495e-47	2.25828e-47	1.19786e-48	4.69167e-49	6.72636e-49	
CGA236	0	0	0	0	0	0	0	0	0	0	0	0	0	0	0	0	1	0	0	0	0	0	0	0	0	0	0	0	0	0	0	0	0	0	0	0	0	0	0	0	0	
N76	9.69293e-46	3.10216e-39	5.63012e-36	1.53056e-31	2.32909e-31	5.32087e-27	3.90152e-22	7.15844e-19	1.18312e-17	2.76057e-17	1.6094e-15	6.26481e-12	3.88279e-08	7.85362e-05	0.0249621	0.423901	0.543809	0.00723551	1.36363e-05	7.96637e-09	2.04699e-12	2.80614e-16	2.32266e-20	1.94061e-23	5.93652e-26	7.72391e-27	1.65465e-29	1.16858e-30	1.70178e-33	6.67408e-35	5.46014e-38	1.25249e-39	2.19861e-43	3.05338e-45	1.13551e-49	1.06742e-52	2.94032e-57	9.77257e-61	1.8641e-65	5.45874e-69	2.51889e-71	
N77	6.58537e-41	8.21202e-34	2.89096e-29	5.90521e-25	2.32153e-22	8.36798e-20	1.37817e-15	2.73415e-13	1.32104e-11	2.36513e-11	1.09142e-09	2.9871e-08	1.57822e-06	0.00136557	0.0559964	0.435028	0.472327	0.0351596	0.000121714	1.30685e-07	6.45348e-11	1.78818e-14	3.62195e-18	3.12172e-20	7.7927e-23	2.16235e-24	3.60583e-27	5.39688e-29	5.96291e-32	4.83774e-34	2.57435e-37	1.19952e-39	2.29744e-43	4.86407e-46	4.55662e-50	1.56908e-53	8.94134e-58	1.94121e-61	7.6329e-66	2.249e-69	3.76423e-72	
Calboe	0	0	0	0	0	0	0	0	0	0	0	0	0	1	0	0	0	0	0	0	0	0	0	0	0	0	0	0	0	0	0	0	0	0	0	0	0	0	0	0	0	
C3125	0	0	0	0	0	0	0	0	0	0	0	0	0	0	0	0	0	1	0	0	0	0	0	0	0	0	0	0	0	0	0	0	0	0	0	0	0	0	0	0	0	
N78	2.13527e-46	4.32244e-45	8.5255e-44	1.55893e-42	2.62816e-41	4.05913e-40	8.77191e-43	4.20688e-41	8.14054e-37	8.08028e-36	6.93789e-35	5.04141e-34	8.21898e-34	7.2094e-17	1	2.20338e-15	6.61103e-31	5.85104e-32	1.41807e-32	2.48977e-33	3.48572e-34	4.12375e-35	4.34693e-36	1.24202e-36	9.33386e-37	6.22775e-36	6.63364e-36	3.75386e-35	3.96308e-35	1.75995e-34	1.71926e-34	5.60837e-34	4.13433e-34	9.03187e-34	3.77732e-34	3.09886e-34	9.31383e-35	5.67609e-35	1.40362e-35	9.44757e-36	1.29669e-35	
CGA429	0	0	0	0	0	0	0	0	0	0	0	0	0	0	1	0	0	0	0	0	0	0	0	0	0	0	0	0	0	0	0	0	0	0	0	0	0	0	0	0	0	
CGA430	0	0	0	0	0	0	0	0	0	0	0	0	0	0	1	0	0	0	0	0	0	0	0	0	0	0	0	0	0	0	0	0	0	0	0	0	0	0	0	0	0	
N79	8.49915e-50	1.01534e-41	1.3392e-36	1.26425e-31	1.69864e-30	5.25409e-25	3.53304e-20	4.16927e-19	2.09099e-20	1.18904e-20	2.84665e-16	2.12309e-11	4.67094e-07	0.00182763	0.238756	0.594179	0.164724	0.000512467	1.23144e-07	9.85394e-12	3.68996e-16	7.66279e-21	9.78133e-26	1.15865e-30	2.4937e-34	1.43617e-35	7.62831e-36	1.8866e-34	1.26019e-35	3.44574e-35	1.64643e-36	2.90553e-36	6.55197e-38	8.39648e-38	1.5035e-40	3.53447e-41	4.98045e-44	1.21577e-45	1.27002e-48	2.28256e-50	3.70319e-51	
N80	9.27128e-45	1.59739e-43	2.69371e-42	4.19672e-41	6.00408e-40	1.90373e-43	2.26597e-25	5.45398e-40	9.10895e-36	7.40741e-35	5.1452e-34	5.86172e-34	6.02473e-17	1	2.39501e-15	9.09787e-31	1.65908e-31	6.25396e-32	1.50395e-32	2.69612e-33	3.91559e-34	4.93221e-35	6.23764e-36	6.94575e-36	6.88147e-36	3.76668e-35	4.00928e-35	1.76935e-34	1.80681e-34	6.0495e-34	5.18316e-34	1.24804e-33	7.46845e-34	1.13695e-33	4.82067e-34	3.61035e-34	1.10795e-34	6.47201e-35	1.68383e-35	1.289e-35	2.41504e-35	
C985	0	0	0	0	0	0	0	0	0	0	0	0	0	1	0	0	0	0	0	0	0	0	0	0	0	0	0	0	0	0	0	0	0	0	0	0	0	0	0	0	0	
C984	0	0	0	0	0	0	0	0	0	0	0	0	0	1	0	0	0	0	0	0	0	0	0	0	0	0	0	0	0	0	0	0	0	0	0	0	0	0	0	0	0	
N81	3.83933e-37	6.84905e-32	5.33479e-29	1.785e-26	4.39659e-28	1.62435e-25	6.43703e-21	8.47034e-19	3.40413e-18	1.02603e-17	3.19531e-14	5.84301e-10	3.47591e-06	0.00425911	0.349934	0.555447	0.0901232	0.000232615	1.2136e-07	2.4747e-11	2.56384e-15	1.55302e-19	6.50005e-24	1.35459e-25	3.68424e-28	4.94554e-29	8.21119e-32	6.12235e-33	3.93253e-36	1.92526e-37	4.54749e-41	1.53239e-42	1.23578e-46	2.58798e-48	5.7394e-53	7.99237e-56	1.38408e-60	4.84049e-64	5.83684e-69	1.81002e-72	1.42041e-74	
N82	8.9131e-48	7.73164e-39	4.06582e-35	2.45849e-28	1.74426e-30	4.54113e-24	9.93892e-18	4.15714e-16	5.29325e-19	3.18063e-22	3.26421e-20	1.62822e-14	2.89758e-09	0.000142547	0.998351	0.00150659	2.74917e-07	1.15385e-11	1.76394e-16	1.23258e-21	4.45797e-27	9.5984e-33	1.90031e-38	4.44678e-43	1.86907e-48	1.96895e-53	1.17448e-59	9.25305e-35	8.83431e-35	2.77681e-34	1.91019e-34	4.15702e-34	1.9645e-34	2.47386e-34	8.95948e-35	6.28463e-35	1.70095e-35	9.63499e-36	2.30163e-36	2.19213e-36	6.17838e-36	
CGA310	0	0	0	0	0	0	0	0	0	0	0	0	0	0	1	0	0	0	0	0	0	0	0	0	0	0	0	0	0	0	0	0	0	0	0	0	0	0	0	0	0	
CGA314	0	0	0	0	0	0	0	0	0	0	0	0	0	0	1	0	0	0	0	0	0	0	0	0	0	0	0	0	0	0	0	0	0	0	0	0	0	0	0	0	0	
N83	5.15381e-41	5.5495e-34	3.39628e-29	2.91068e-25	8.6885e-24	3.94363e-19	6.92608e-15	8.18698e-14	3.77967e-14	2.8519e-14	2.53534e-11	1.31542e-07	0.000227889	0.0831912	0.764357	0.148675	0.00353814	1.00335e-05	9.90225e-09	4.71685e-12	1.28504e-15	2.26535e-19	3.72142e-23	3.48413e-25	6.20145e-28	1.09746e-29	1.38357e-32	1.38274e-34	1.17828e-37	6.55611e-40	2.52805e-43	8.15513e-46	1.31717e-49	1.91239e-52	1.67932e-56	4.85965e-60	3.51812e-64	1.80838e-66	9.98672e-68	9.36452e-68	4.90797e-67	
N84	1.00948e-51	6.0552e-42	4.84739e-38	1.44042e-30	4.8113e-33	6.05801e-26	5.04646e-19	3.09497e-17	2.21196e-20	5.71365e-24	7.96482e-22	1.59052e-15	8.04147e-10	9.29735e-05	0.999641	0.000265715	8.38864e-09	7.25112e-14	1.94489e-19	1.76878e-25	4.83794e-32	5.12941e-37	4.70186e-37	4.21468e-36	4.3465e-36	3.00651e-35	2.74458e-35	1.33995e-34	6.18245e-35	2.01138e-34	6.06239e-35	1.09317e-34	2.64003e-35	2.43788e-35	4.89636e-36	3.04111e-36	4.95071e-37	2.6724e-37	5.34933e-38	1.92439e-37	1.45134e-36	
CGA382	0	0	0	0	0	0	0	0	0	0	0	0	0	0	1	0	0	0	0	0	0	0	0	0	0	0	0	0	0	0	0	0	0	0	0	0	0	0	0	0	0	
CGA365	0	0	0	0	0	0	0	0	0	0	0	0	0	0	1	0	0	0	0	0	0	0	0	0	0	0	0	0	0	0	0	0	0	0	0	0	0	0	0	0	0	
N85	2.84069e-47	8.06276e-46	2.23042e-44	5.7448e-43	1.36112e-41	1.32205e-25	5.96093e-17	1.00965e-21	1.45756e-36	1.86691e-35	1.99213e-34	6.23372e-15	2.06413e-07	0.999989	1.03962e-05	9.11448e-12	3.5901e-32	6.69299e-33	8.61733e-34	8.56991e-35	7.04498e-36	7.19757e-37	2.6544e-37	2.40125e-36	2.51869e-36	2.06174e-35	2.11029e-35	1.3081e-34	1.13798e-34	4.88809e-34	1.85387e-34	4.28921e-34	1.15853e-34	1.22375e-34	2.70793e-35	1.76364e-35	3.11569e-36	1.70946e-36	2.9905e-37	5.86745e-37	3.68772e-36	
CGA494	0	0	0	0	0	0	0	0	0	0	0	0	0	1	0	0	0	0	0	0	0	0	0	0	0	0	0	0	0	0	0	0	0	0	0	0	0	0	0	0	0	
CGA495	0	0	0	0	0	0	0	0	0	0	0	0	0	1	0	0	0	0	0	0	0	0	0	0	0	0	0	0	0	0	0	0	0	0	0	0	0	0	0	0	0	
N86	2.61792e-43	6.95535e-36	1.23663e-32	9.60933e-27	2.05098e-25	2.08349e-24	4.41603e-20	3.53975e-15	9.68535e-13	9.79101e-13	7.4347e-14	5.41295e-14	6.41783e-12	1.50385e-08	5.74724e-05	0.0419338	0.562721	0.380607	0.0146453	3.50333e-05	2.32316e-08	6.47646e-12	9.76669e-16	1.27096e-18	1.48786e-21	1.61722e-23	1.1539e-26	6.08132e-29	2.71852e-32	7.10733e-35	1.85251e-38	1.59595e-38	1.49101e-37	3.7664e-38	3.11331e-40	8.81013e-42	5.0083e-44	8.86351e-46	9.33883e-48	2.07498e-47	8.23799e-47	
N87	7.9148e-45	2.47759e-37	1.54209e-33	1.5658e-27	3.46936e-26	3.41804e-24	2.40863e-19	6.05178e-15	2.17474e-13	5.2619e-14	2.07723e-15	8.40466e-15	1.679e-12	1.98086e-08	8.80509e-05	0.0607909	0.586603	0.346862	0.00564833	7.23689e-06	2.6534e-09	4.15017e-13	3.40623e-17	1.89934e-21	1.24963e-25	5.60366e-28	5.39549e-31	2.57706e-32	1.98723e-35	5.65077e-37	2.29574e-40	4.06222e-42	5.0606e-46	5.9115e-48	2.01348e-52	1.17851e-54	2.12174e-59	4.70665e-62	5.77863e-67	2.13704e-70	5.37693e-75	
C12265	0	0	0	0	0	0	0	0	0	0	0	0	0	0	0	0	0	1	0	0	0	0	0	0	0	0	0	0	0	0	0	0	0	0	0	0	0	0	0	0	0	
N88	3.34834e-46	5.38487e-38	2.16731e-34	4.53735e-28	1.83481e-29	8.90049e-26	2.93394e-20	1.40694e-16	2.04408e-18	2.54194e-20	2.01437e-20	3.34175e-16	3.84295e-11	1.46198e-06	0.0118265	0.945871	0.0420566	0.000244119	9.09255e-08	8.12442e-12	2.92801e-16	5.36138e-21	5.67823e-26	3.78e-31	1.73675e-36	1.66874e-40	1.10382e-42	1.67089e-40	3.44602e-40	9.55624e-41	1.60858e-42	2.94021e-43	3.86715e-45	4.65007e-46	2.92798e-48	2.30022e-49	4.8992e-52	8.68434e-54	1.41178e-56	9.87655e-59	2.73219e-61	
C404	0	0	0	0	0	0	0	0	0	0	0	0	0	0	1	0	0	0	0	0	0	0	0	0	0	0	0	0	0	0	0	0	0	0	0	0	0	0	0	0	0	
N89	9.72462e-40	9.62665e-34	4.83015e-32	7.61093e-28	6.98828e-31	2.54927e-28	6.69457e-23	1.63685e-18	1.09083e-19	4.95872e-20	1.32862e-20	3.28274e-17	6.2164e-12	3.74595e-07	0.00435555	0.974396	0.0212112	3.67686e-05	5.26736e-09	2.18164e-13	3.88889e-18	3.65602e-23	2.11911e-28	4.69215e-31	1.92109e-34	5.98642e-36	1.50242e-39	2.48931e-41	3.07081e-45	2.88551e-47	2.2214e-52	1.05083e-54	3.4954e-60	7.06283e-63	1.59239e-68	5.61093e-70	9.65766e-72	2.27261e-71	3.34892e-72	2.35277e-71	7.33569e-70	
N90	1.06743e-53	7.35828e-52	4.7619e-50	7.98321e-35	1.53981e-46	7.59051e-45	4.3994e-27	6.28032e-19	9.8743e-23	1.39195e-38	3.55439e-37	7.47967e-36	1.24405e-34	2.14885e-13	1.40322e-06	0.999994	4.13288e-06	2.04049e-12	7.84151e-35	4.01543e-36	1.67083e-37	6.08317e-39	3.52934e-40	4.14512e-39	4.32223e-39	8.71773e-38	9.1391e-38	1.45104e-36	1.49191e-36	1.74359e-35	1.36864e-35	1.12471e-34	1.58569e-35	1.95701e-35	2.31875e-36	1.45611e-36	1.37721e-37	7.1847e-38	6.36267e-39	1.72778e-38	2.12022e-37	
Cl11778	0	0	0	0	0	0	0	0	0	0	0	0	0	0	0	1	0	0	0	0	0	0	0	0	0	0	0	0	0	0	0	0	0	0	0	0	0	0	0	0	0	
Cl11779	0	0	0	0	0	0	0	0	0	0	0	0	0	0	0	1	0	0	0	0	0	0	0	0	0	0	0	0	0	0	0	0	0	0	0	0	0	0	0	0	0	
N91	4.28081e-51	1.49095e-42	7.76144e-39	1.21661e-31	6.61318e-33	9.64253e-30	2.24687e-23	1.36744e-17	1.07854e-18	3.06184e-20	4.41517e-22	3.57865e-19	1.16698e-13	1.31473e-08	0.000359049	0.998281	0.00135989	1.81251e-07	6.5339e-12	9.58532e-17	7.10062e-22	3.07136e-27	1.37384e-32	1.8328e-35	1.32105e-39	2.06806e-42	9.12419e-47	6.89519e-50	1.84544e-54	6.35007e-58	6.48001e-63	1.03612e-66	9.96484e-73	1.4818e-77	6.95431e-84	1.98416e-89	3.55549e-96	2.80439e-102	1.21217e-109	5.76987e-116	1.1304e-37	
CGA594	0	0	0	0	0	0	0	0	0	0	0	0	0	0	0	1	0	0	0	0	0	0	0	0	0	0	0	0	0	0	0	0	0	0	0	0	0	0	0	0	0	
CGA48	0	0	0	0	0	0	0	0	0	0	0	0	0	0	0	1	0	0	0	0	0	0	0	0	0	0	0	0	0	0	0	0	0	0	0	0	0	0	0	0	0	
N92	5.94503e-47	1.36044e-45	3.18703e-44	7.18095e-43	1.52542e-41	3.00267e-40	5.39768e-39	8.74511e-38	2.41456e-20	6.95926e-19	1.72266e-34	1.56394e-33	1.14834e-32	6.47368e-32	2.57583e-31	6.19455e-31	3.81427e-11	1.7098e-05	0.999982	1.25857e-06	3.15444e-13	8.83641e-35	7.73934e-36	2.64837e-36	2.22917e-36	1.89519e-35	2.01264e-35	1.4029e-34	1.47956e-34	7.86776e-34	7.49015e-34	2.73506e-33	1.43304e-33	3.14448e-33	1.07146e-33	9.66326e-34	2.53585e-34	1.58374e-34	3.36663e-35	2.27269e-35	3.60892e-35	
C3134	0	0	0	0	0	0	0	0	0	0	0	0	0	0	0	0	0	0	1	0	0	0	0	0	0	0	0	0	0	0	0	0	0	0	0	0	0	0	0	0	0	
C3126	0	0	0	0	0	0	0	0	0	0	0	0	0	0	0	0	0	0	1	0	0	0	0	0	0	0	0	0	0	0	0	0	0	0	0	0	0	0	0	0	0	
N93	1.78146e-40	3.49834e-33	3.45019e-30	2.38725e-24	1.0236e-21	9.62907e-23	1.58912e-18	6.54402e-14	5.25634e-10	1.15099e-10	3.52391e-12	5.11018e-14	4.05542e-14	2.03726e-10	5.13745e-07	0.000386799	0.0572843	0.845872	0.095658	0.000796308	1.75813e-06	1.57551e-09	7.31857e-13	5.57342e-16	5.95108e-19	2.95257e-21	2.40763e-24	5.8755e-27	2.9634e-30	2.70458e-30	2.64542e-30	4.93157e-31	1.66366e-32	1.19749e-33	2.58836e-35	9.79138e-37	1.49058e-38	3.84308e-40	4.47795e-42	1.08374e-43	4.22597e-45	
CGA311	0	0	0	0	0	0	0	0	0	0	0	0	0	0	0	0	0	1	0	0	0	0	0	0	0	0	0	0	0	0	0	0	0	0	0	0	0	0	0	0	0	
N94	4.56015e-41	2.04073e-35	2.93489e-33	7.88974e-28	1.54662e-24	2.21722e-24	2.92846e-20	1.5939e-15	1.01495e-11	4.38744e-12	9.09259e-14	7.80518e-16	1.81813e-15	7.92193e-12	5.8859e-08	0.000119621	0.0398136	0.85741	0.102012	0.000643937	8.87439e-07	4.34427e-10	9.8059e-14	1.57772e-17	2.84577e-21	3.80035e-23	4.35269e-26	3.29285e-27	1.94617e-30	9.08075e-32	2.19853e-35	6.6567e-37	5.62937e-41	1.07773e-42	3.22103e-47	3.00235e-49	4.36274e-54	9.07936e-57	1.00373e-61	7.72257e-65	2.59886e-69	
N95	2.16448e-46	1.35389e-38	3.42833e-35	6.51702e-29	2.47132e-27	3.78695e-27	3.87199e-22	1.9153e-17	2.20194e-14	4.11969e-16	1.24193e-18	1.48235e-19	2.70622e-17	1.00993e-12	1.48774e-08	6.48646e-05	0.049759	0.928489	0.0216495	3.79613e-05	1.69943e-08	3.00264e-12	2.63085e-16	1.31553e-20	4.14768e-25	5.70891e-29	2.74566e-32	2.83322e-34	1.04632e-37	5.90053e-40	1.46273e-43	4.61707e-46	3.58075e-46	5.45093e-44	7.10605e-46	1.67661e-46	7.25025e-49	6.28039e-50	1.90003e-52	4.50405e-54	8.85925e-55	
N96	6.79243e-50	1.11634e-48	1.78299e-47	2.74375e-46	4.43085e-45	8.11298e-44	1.65103e-42	9.7387e-26	5.46854e-24	1.16311e-38	1.81462e-37	2.47047e-36	2.87614e-35	2.78589e-34	1.48058e-14	3.15769e-07	0.999992	7.55134e-06	2.62635e-12	8.24697e-33	1.18914e-33	1.33413e-34	1.24088e-35	9.98391e-37	7.32384e-38	3.38291e-38	3.11657e-38	3.41371e-37	3.63112e-37	3.32192e-36	3.55611e-36	2.58957e-35	2.74102e-35	1.48953e-34	1.37836e-34	4.85122e-34	1.65367e-34	1.50656e-34	3.8005e-35	2.41535e-35	1.04688e-35	
CGA45	0	0	0	0	0	0	0	0	0	0	0	0	0	0	0	0	1	0	0	0	0	0	0	0	0	0	0	0	0	0	0	0	0	0	0	0	0	0	0	0	0	
CGA46	0	0	0	0	0	0	0	0	0	0	0	0	0	0	0	0	1	0	0	0	0	0	0	0	0	0	0	0	0	0	0	0	0	0	0	0	0	0	0	0	0	
N97	2.0176e-49	9.71505e-42	5.20138e-38	8.02774e-32	5.52488e-29	7.13797e-29	3.23059e-24	1.12714e-19	3.49307e-16	6.8441e-18	1.80312e-18	6.35674e-19	4.45362e-18	1.58861e-13	3.21881e-09	2.04746e-05	0.025124	0.958315	0.0165163	2.45655e-05	9.51546e-09	1.46953e-12	1.13372e-16	5.03255e-21	1.66859e-25	2.74022e-27	3.44066e-30	1.82314e-31	1.47213e-34	4.28677e-36	2.0931e-39	3.52955e-41	7.55742e-45	7.90904e-47	2.30687e-51	1.0586e-53	1.36589e-58	1.07305e-61	1.02929e-66	1.9497e-70	5.74234e-75	
N98	3.67232e-51	2.14091e-43	4.86207e-40	8.7294e-34	2.81676e-31	7.97527e-32	8.71784e-27	1.53441e-21	8.06497e-17	2.89205e-17	3.49833e-18	2.06756e-19	2.04292e-19	8.90887e-15	2.41974e-10	2.26016e-06	0.00495539	0.988369	0.00666742	5.67833e-06	1.45145e-09	1.59974e-13	9.27318e-18	3.21165e-22	7.8854e-27	1.12667e-29	5.09376e-33	4.22154e-35	1.28683e-38	5.90614e-41	1.26397e-44	3.21051e-47	4.58214e-51	6.24605e-54	3.1785e-58	2.44228e-61	9.59796e-66	1.87571e-66	2.13757e-67	1.30841e-67	4.18472e-68	
N99	2.91e-58	3.4264e-49	8.3715e-46	2.85267e-38	1.03263e-35	1.80606e-37	3.04856e-31	7.89149e-25	7.7201e-19	1.74565e-20	1.52405e-22	6.34575e-25	4.24744e-26	3.83328e-20	2.07703e-14	3.93067e-09	0.000189914	0.999475	0.000335425	1.47523e-08	2.00872e-13	1.16817e-18	3.39979e-24	5.42019e-30	5.18581e-36	1.79948e-40	2.36579e-45	4.60016e-49	1.65818e-54	3.77472e-59	7.09566e-38	1.23744e-36	1.24718e-36	1.62008e-35	1.20794e-35	1.1235e-34	1.46302e-35	1.21729e-35	1.2414e-36	7.12255e-37	2.58817e-37	
C3043	0	0	0	0	0	0	0	0	0	0	0	0	0	0	0	0	0	1	0	0	0	0	0	0	0	0	0	0	0	0	0	0	0	0	0	0	0	0	0	0	0	
CGA87	0	0	0	0	0	0	0	0	0	0	0	0	0	0	0	0	0	1	0	0	0	0	0	0	0	0	0	0	0	0	0	0	0	0	0	0	0	0	0	0	0	
N100	1.06646e-57	9.51422e-49	2.42474e-45	6.21452e-38	2.3012e-35	5.5182e-37	6.42297e-31	1.13221e-24	7.90747e-19	2.5404e-20	3.15754e-22	1.87319e-24	1.77932e-25	1.20816e-19	4.92536e-14	7.00537e-09	0.000253939	0.999296	0.000449582	2.6406e-08	4.79219e-13	3.71001e-18	1.43627e-23	3.04431e-29	3.86881e-35	1.88626e-39	3.41888e-44	9.50679e-48	4.72962e-53	1.54436e-57	6.42052e-38	1.1592e-36	1.16245e-36	1.5643e-35	1.14001e-35	1.10663e-34	1.3821e-35	1.17573e-35	1.16039e-36	6.69265e-37	2.39882e-37	
CGA368	0	0	0	0	0	0	0	0	0	0	0	0	0	0	0	0	0	1	0	0	0	0	0	0	0	0	0	0	0	0	0	0	0	0	0	0	0	0	0	0	0	
CGA557	0	0	0	0	0	0	0	0	0	0	0	0	0	0	0	0	0	1	0	0	0	0	0	0	0	0	0	0	0	0	0	0	0	0	0	0	0	0	0	0	0	
CGA364	0	0	0	0	0	0	0	0	0	0	0	0	0	0	0	0	0	1	0	0	0	0	0	0	0	0	0	0	0	0	0	0	0	0	0	0	0	0	0	0	0	
C2208	0	0	0	0	0	0	0	0	0	0	0	0	0	0	0	0	0	0	1	0	0	0	0	0	0	0	0	0	0	0	0	0	0	0	0	0	0	0	0	0	0	
N101	1.02369e-35	4.15669e-29	2.98118e-26	4.43218e-21	3.81216e-19	1.41934e-19	1.15952e-15	1.01112e-11	1.56012e-08	3.16871e-09	1.85356e-10	5.36486e-12	9.435e-12	1.35496e-08	9.93452e-06	0.0023352	0.124655	0.833957	0.0386688	0.000372829	1.33845e-06	2.36987e-09	2.53457e-12	5.44246e-15	1.28553e-17	1.00833e-19	1.866e-22	8.07e-25	9.74245e-28	2.31224e-30	1.79548e-33	2.32394e-36	1.06464e-39	7.31583e-43	2.0525e-46	7.70186e-50	1.38189e-53	3.3585e-57	4.28543e-61	9.47731e-65	3.2597e-68	
N102	3.52357e-42	1.35766e-34	2.34543e-31	2.82361e-25	2.58469e-23	8.97127e-24	4.80816e-19	1.6077e-14	3.60514e-11	4.72755e-13	1.62198e-15	1.53456e-17	3.37137e-16	6.61557e-12	6.12208e-08	0.000167297	0.0809731	0.908345	0.010497	1.70493e-05	8.4927e-09	1.82672e-12	2.05732e-16	1.40546e-20	8.02912e-25	2.02623e-27	1.04e-30	5.62228e-33	1.82665e-36	5.53691e-39	1.07152e-42	1.91173e-45	1.91748e-49	2.05904e-52	9.30477e-57	5.32488e-60	1.07391e-64	1.45018e-68	2.52184e-73	2.55352e-76	4.36839e-79	
N103	8.11183e-56	7.44155e-46	1.06419e-42	1.99635e-34	4.03166e-32	3.63842e-35	2.01283e-28	7.21328e-22	4.62404e-16	8.44607e-20	5.456e-23	1.39199e-26	4.07405e-29	2.67544e-22	7.22262e-16	5.0566e-10	8.03396e-05	0.999856	6.33321e-05	5.55488e-10	1.54713e-15	1.47005e-21	5.01905e-28	5.28095e-35	1.39477e-39	8.18112e-39	8.56032e-39	1.29907e-37	1.37124e-37	1.66782e-36	1.73875e-36	1.60603e-35	1.47256e-35	9.54309e-35	3.79964e-35	1.53759e-34	3.12937e-35	2.44287e-35	3.73301e-36	2.18177e-36	9.98582e-37	
CGA453	0	0	0	0	0	0	0	0	0	0	0	0	0	0	0	0	0	1	0	0	0	0	0	0	0	0	0	0	0	0	0	0	0	0	0	0	0	0	0	0	0	
CGA383	0	0	0	0	0	0	0	0	0	0	0	0	0	0	0	0	0	1	0	0	0	0	0	0	0	0	0	0	0	0	0	0	0	0	0	0	0	0	0	0	0	
N104	3.11529e-46	2.30669e-38	7.89863e-35	1.85402e-28	3.39583e-27	2.07536e-26	2.70824e-21	1.62215e-16	7.291e-14	1.26788e-16	1.26952e-19	2.65705e-20	8.70497e-18	4.70219e-13	1.22083e-08	9.65695e-05	0.135801	0.861401	0.00270017	1.33043e-06	2.14046e-10	1.54975e-14	6.04936e-19	1.4304e-23	2.33403e-28	2.89263e-31	1.3224e-34	1.66118e-36	5.1417e-40	3.62033e-42	7.5704e-46	3.04272e-48	3.7262e-52	8.83307e-55	3.98044e-59	6.90178e-62	1.30074e-65	3.42787e-66	2.49252e-67	1.85163e-67	4.36904e-68	
N105	3.27695e-52	1.21699e-50	3.98822e-49	1.10177e-47	2.48846e-46	4.40373e-45	5.7782e-44	7.9732e-28	8.60046e-20	3.19891e-24	6.24064e-39	1.82437e-37	4.43162e-36	8.60141e-35	1.25458e-33	2.4323e-13	2.69727e-06	0.999997	7.21717e-07	7.37357e-14	2.66389e-35	1.12347e-36	3.9754e-38	1.29703e-39	1.08978e-40	2.11167e-39	2.20874e-39	5.12645e-38	5.38706e-38	9.95134e-37	1.03787e-36	1.43678e-35	1.321e-35	1.24437e-34	2.41702e-35	9.70345e-35	1.27341e-35	8.65665e-36	8.4814e-37	4.70719e-37	3.64859e-37	
CGA501	0	0	0	0	0	0	0	0	0	0	0	0	0	0	0	0	0	1	0	0	0	0	0	0	0	0	0	0	0	0	0	0	0	0	0	0	0	0	0	0	0	
C11776	0	0	0	0	0	0	0	0	0	0	0	0	0	0	0	0	0	1	0	0	0	0	0	0	0	0	0	0	0	0	0	0	0	0	0	0	0	0	0	0	0	
N106	9.03391e-52	3.66232e-50	1.32092e-48	4.06654e-47	1.03954e-45	2.11976e-44	3.23577e-43	1.34322e-26	2.05356e-25	3.17557e-41	1.1327e-39	3.67419e-38	1.01294e-36	2.30721e-35	4.07207e-15	1.67412e-07	0.999981	1.90355e-05	3.30862e-12	2.94746e-33	1.71345e-34	7.76447e-36	2.92294e-37	9.5251e-39	2.88534e-40	4.31523e-40	4.43813e-40	1.16885e-38	1.2277e-38	2.66162e-37	2.80242e-37	4.79937e-36	4.9221e-36	6.27601e-35	5.09361e-35	4.53583e-34	6.21558e-35	4.93996e-35	5.20809e-36	2.94429e-36	1.10267e-36	
C3121	0	0	0	0	0	0	0	0	0	0	0	0	0	0	0	0	1	0	0	0	0	0	0	0	0	0	0	0	0	0	0	0	0	0	0	0	0	0	0	0	0	
C3123	0	0	0	0	0	0	0	0	0	0	0	0	0	0	0	0	1	0	0	0	0	0	0	0	0	0	0	0	0	0	0	0	0	0	0	0	0	0	0	0	0	
N107	1.93655e-44	2.36932e-36	2.16754e-33	8.21263e-27	1.0297e-24	1.81056e-26	2.10969e-21	2.15137e-16	3.82144e-12	7.96994e-15	3.01357e-17	1.20889e-19	8.30378e-21	6.55045e-16	3.19655e-11	5.3864e-07	0.00221672	0.995411	0.00237067	8.28753e-07	9.27694e-11	4.62647e-15	1.23131e-19	2.01509e-24	2.851e-29	8.69633e-33	6.95828e-37	3.42863e-40	1.67818e-44	4.13641e-48	1.18872e-52	1.43144e-56	2.11302e-61	1.17549e-65	6.93873e-71	1.49285e-75	2.95183e-81	1.14601e-86	8.02175e-93	8.86993e-99	3.40235e-105	
Calparcri	0	0	0	0	0	0	0	0	0	0	0	0	0	0	0	0	0	1	0	0	0	0	0	0	0	0	0	0	0	0	0	0	0	0	0	0	0	0	0	0	0	
C3118	0	0	0	0	0	0	0	0	0	0	0	0	0	0	0	0	0	1	0	0	0	0	0	0	0	0	0	0	0	0	0	0	0	0	0	0	0	0	0	0	0	
N108	3.76638e-41	6.92155e-35	1.148e-32	2.27147e-28	6.28381e-27	1.56048e-23	3.16323e-18	8.72963e-15	1.2046e-13	1.35654e-13	3.67861e-13	2.17115e-11	3.83882e-08	0.000107576	0.0308117	0.541472	0.415889	0.0117008	1.79787e-05	5.04066e-09	4.52895e-13	4.53208e-17	1.11534e-20	1.15811e-21	3.90133e-24	8.14536e-25	8.13255e-28	1.35739e-28	9.21284e-31	2.04641e-30	6.06216e-33	8.34925e-33	9.78612e-36	5.62784e-36	4.32071e-39	5.26913e-40	3.43769e-43	9.3155e-45	4.96864e-48	8.69953e-50	2.56477e-50	
N109	7.27389e-40	6.17313e-33	1.42193e-29	3.77206e-24	8.38525e-22	2.57306e-21	3.40517e-17	3.81729e-13	2.36606e-10	6.30308e-10	3.15465e-10	1.10183e-10	6.27903e-09	6.7173e-06	0.00223361	0.127019	0.573591	0.282284	0.0146953	0.000169102	6.67062e-07	1.44578e-09	6.16931e-12	6.92465e-13	5.72754e-15	3.16081e-16	1.4196e-18	3.53619e-20	8.49026e-23	9.96743e-25	8.43306e-28	4.57497e-30	1.51261e-33	2.00703e-36	4.03004e-40	2.24822e-43	2.71845e-47	1.0138e-50	9.31631e-55	1.00236e-57	3.81782e-60	
N110	1.34569e-36	4.52797e-30	1.50225e-26	4.64452e-22	3.87054e-19	1.18015e-18	6.51075e-16	7.6066e-13	2.7539e-10	4.27379e-09	1.28554e-08	1.19314e-08	6.82898e-08	2.01545e-05	0.00277593	0.0947242	0.533207	0.35119	0.0178813	0.000199908	7.89842e-07	1.43295e-09	1.40978e-12	1.35925e-15	3.28561e-18	1.1184e-19	3.75665e-22	7.22275e-24	1.54269e-26	1.56735e-28	1.97023e-31	1.07066e-33	5.92778e-37	1.61023e-39	4.77332e-43	5.52827e-46	1.06883e-49	5.7287e-53	7.5167e-57	2.66743e-60	1.00358e-63	
N111	1.97692e-35	7.8543e-29	1.42165e-24	2.51547e-21	4.5475e-18	2.36235e-16	3.12504e-14	2.21371e-12	6.2279e-10	1.365e-08	1.72701e-07	1.06488e-06	7.67021e-06	0.000597268	0.0184536	0.193062	0.542337	0.240395	0.00512108	2.44262e-05	4.39452e-08	3.86235e-11	1.93309e-14	6.1857e-18	1.67064e-21	1.92307e-23	5.22789e-26	1.52118e-27	2.82815e-30	4.77336e-32	5.61386e-35	5.66703e-37	3.39138e-40	2.08524e-42	5.37202e-46	1.66389e-48	2.32601e-52	2.28798e-55	2.30385e-59	1.10603e-62	2.06228e-66	
N112	2.44074e-38	2.16163e-31	3.28121e-28	1.13025e-22	3.41709e-20	2.07223e-20	3.03688e-16	5.84259e-12	1.68274e-08	8.89957e-09	8.71869e-10	3.78686e-11	1.17079e-10	1.38407e-07	6.87208e-05	0.00915256	0.240395	0.715068	0.0350377	0.000276993	6.93391e-07	1.84119e-09	9.47071e-12	3.53831e-13	1.08961e-15	1.7957e-17	2.35373e-20	1.92107e-22	1.20317e-25	5.15753e-28	1.72393e-31	3.81286e-34	7.54101e-38	7.93073e-41	1.0168e-44	4.75798e-48	4.09605e-52	1.03396e-55	6.17877e-60	1.9347e-63	2.49139e-66	
Triowe	0	0	0	0	0	0	0	0	0	0	0	0	0	0	0	0	0	1	0	0	0	0	0	0	0	0	0	0	0	0	0	0	0	0	0	0	0	0	0	0	0	
N113	6.13881e-39	3.38307e-32	1.26144e-28	2.13753e-23	8.79615e-21	4.09759e-20	2.59969e-16	1.52273e-12	1.05074e-09	5.31021e-10	4.16241e-11	1.99459e-12	6.31278e-12	1.14095e-08	1.18626e-05	0.00336841	0.171379	0.778878	0.0459387	0.000423247	1.21807e-06	1.60322e-09	1.38368e-12	5.1238e-15	1.04577e-17	7.76678e-19	3.29841e-21	2.91581e-22	6.46615e-25	3.45245e-26	3.35408e-29	1.12387e-30	4.50241e-34	8.73031e-36	1.63967e-39	1.34636e-41	1.56982e-45	3.16822e-48	2.79652e-52	2.59758e-55	1.00705e-58	
Trijoh	0	0	0	0	0	0	0	0	0	0	0	0	0	0	0	0	0	1	0	0	0	0	0	0	0	0	0	0	0	0	0	0	0	0	0	0	0	0	0	0	0	
Trimel	0	0	0	0	0	0	0	0	0	0	0	0	0	0	0	0	0	1	0	0	0	0	0	0	0	0	0	0	0	0	0	0	0	0	0	0	0	0	0	0	0	
N114	3.43064e-34	1.79401e-27	1.07055e-21	1.15324e-21	5.52412e-17	1.29937e-12	5.0236e-13	7.13055e-14	2.17332e-11	2.28676e-07	0.000762372	0.446796	0.457971	0.0886728	0.00565287	0.000143752	1.51574e-06	5.9876e-09	6.2857e-12	2.89527e-15	7.34499e-19	1.16511e-22	1.25354e-26	9.74156e-31	5.97048e-35	1.83419e-38	7.22624e-42	1.91333e-44	6.6424e-48	1.13318e-50	3.05724e-54	3.26506e-57	6.50016e-61	4.17513e-64	5.13041e-68	1.8496e-71	1.12977e-75	1.48947e-79	5.88907e-84	4.65507e-88	2.59303e-92	
N115	1.04546e-35	7.28043e-29	4.85775e-23	2.18453e-22	9.22016e-18	2.12102e-13	3.37654e-13	2.06442e-13	6.47039e-11	7.03013e-07	0.00198879	0.693291	0.288807	0.0156946	0.000217633	1.00803e-06	1.75181e-09	1.18688e-12	3.29147e-16	4.75397e-20	5.02106e-24	3.13178e-26	3.21614e-29	5.19474e-31	1.31617e-34	1.25607e-36	1.46604e-40	8.26307e-43	5.70392e-47	1.8522e-49	8.67386e-54	1.55417e-56	5.37568e-61	4.97329e-64	1.33784e-68	5.81389e-72	1.2372e-76	2.3831e-80	4.02581e-85	1.58489e-88	4.72383e-91	
Trihoe	0	0	0	0	0	0	0	0	0	0	0	1	0	0	0	0	0	0	0	0	0	0	0	0	0	0	0	0	0	0	0	0	0	0	0	0	0	0	0	0	0	
Tribit	0	0	0	0	0	0	0	0	0	0	0	1	0	0	0	0	0	0	0	0	0	0	0	0	0	0	0	0	0	0	0	0	0	0	0	0	0	0	0	0	0	
Trijac	0	0	0	0	0	0	0	0	0	0	0	1	0	0	0	0	0	0	0	0	0	0	0	0	0	0	0	0	0	0	0	0	0	0	0	0	0	0	0	0	0	
N116	3.1997e-37	1.21993e-30	1.1283e-27	1.49992e-22	2.15588e-20	1.16159e-20	7.79386e-17	6.86073e-13	1.09562e-09	5.78704e-10	7.27239e-11	4.54814e-12	1.38708e-11	1.97816e-08	1.43056e-05	0.00315793	0.145367	0.78456	0.0659158	0.000979961	4.81781e-06	1.06292e-08	1.29074e-11	3.29201e-14	1.26577e-16	2.60384e-18	7.64699e-21	8.19745e-23	1.46669e-25	8.33553e-28	8.67995e-31	2.66123e-33	1.46841e-36	2.28453e-39	7.19088e-43	5.05278e-46	1.01343e-49	3.87658e-53	5.16366e-57	1.50819e-60	6.34968e-64	
Tricri	0	0	0	0	0	0	0	0	0	0	0	0	0	0	0	0	0	1	0	0	0	0	0	0	0	0	0	0	0	0	0	0	0	0	0	0	0	0	0	0	0	
N117	1.9269e-39	9.67447e-33	2.16827e-29	3.37128e-24	8.65483e-22	1.69732e-21	9.62826e-18	5.10919e-14	3.47765e-11	9.54125e-12	6.8892e-13	9.29957e-14	3.50784e-13	9.16551e-10	1.48261e-06	0.000759483	0.0824807	0.852214	0.0638328	0.000709492	2.41882e-06	3.53919e-09	2.69608e-12	1.25756e-15	5.67256e-19	1.75341e-20	6.77935e-23	3.22189e-24	7.70262e-27	2.08653e-28	2.79853e-31	4.57615e-33	2.87358e-36	2.86639e-38	7.63303e-42	3.78425e-44	5.3526e-48	7.48967e-51	7.72991e-55	5.11311e-58	1.08898e-61	
Triwie	0	0	0	0	0	0	0	0	0	0	0	0	0	0	0	0	0	1	0	0	0	0	0	0	0	0	0	0	0	0	0	0	0	0	0	0	0	0	0	0	0	
Triqua	0	0	0	0	0	0	0	0	0	0	0	0	0	0	0	0	0	1	0	0	0	0	0	0	0	0	0	0	0	0	0	0	0	0	0	0	0	0	0	0	0	
N118	7.92787e-36	5.53229e-30	1.0681e-26	2.26802e-22	4.4132e-20	3.11854e-19	3.13016e-16	3.41679e-13	6.8053e-11	4.97799e-10	1.0819e-09	1.29654e-09	1.64653e-08	5.58133e-06	0.00106069	0.0565562	0.434717	0.442561	0.0627297	0.00233661	3.33117e-05	2.28248e-07	8.92167e-10	2.10177e-11	6.86236e-13	2.36439e-13	5.0773e-15	8.91934e-16	1.14e-17	1.06862e-18	6.59147e-21	3.43191e-22	7.23655e-25	1.58326e-26	1.88243e-29	1.41221e-31	1.15859e-34	3.87173e-37	2.20426e-40	5.41251e-43	3.47743e-45	
N119	1.39833e-34	1.28434e-28	1.12365e-25	3.99463e-21	4.73915e-19	9.07603e-19	2.0224e-15	5.52671e-12	2.73735e-09	3.66443e-09	1.27075e-09	2.20689e-10	4.17583e-10	1.91757e-07	5.83276e-05	0.00617025	0.167401	0.703935	0.118074	0.00430322	5.74186e-05	3.64671e-07	1.29443e-09	3.49043e-12	1.20463e-14	3.5762e-16	2.54395e-18	6.02013e-20	2.8549e-22	3.76898e-24	1.17205e-26	8.68488e-29	1.62317e-31	6.66119e-34	7.4003e-37	1.57809e-39	1.1469e-42	1.40923e-45	7.08064e-49	6.37491e-52	6.08871e-55	
Kinboe	0	0	0	0	0	0	0	0	0	0	0	0	0	0	0	0	0	1	0	0	0	0	0	0	0	0	0	0	0	0	0	0	0	0	0	0	0	0	0	0	0	
Kinfis	0	0	0	0	0	0	0	0	0	0	0	0	0	0	0	0	0	1	0	0	0	0	0	0	0	0	0	0	0	0	0	0	0	0	0	0	0	0	0	0	0	
Kinxen	0	0	0	0	0	0	0	0	0	0	0	0	0	0	0	0	0	1	0	0	0	0	0	0	0	0	0	0	0	0	0	0	0	0	0	0	0	0	0	0	0	
N120	1.15931e-38	1.75777e-32	1.869e-29	8.36701e-27	9.89922e-26	1.05085e-21	5.50286e-18	1.23014e-15	4.34997e-14	1.28482e-13	1.22881e-12	1.3939e-09	2.15173e-06	0.000879258	0.0642582	0.580652	0.346416	0.00777702	1.54909e-05	8.78977e-09	2.475e-12	1.37921e-15	1.51584e-18	1.09755e-20	4.98934e-22	1.30062e-21	3.37446e-23	3.38977e-23	3.50817e-25	1.36054e-25	3.3508e-28	5.42268e-29	1.70107e-32	1.07965e-33	7.36337e-38	7.05913e-40	2.7469e-44	6.19528e-47	3.21768e-50	6.1826e-52	4.1221e-53	
N121	4.76469e-31	2.02151e-25	9.64835e-21	3.33314e-19	1.32223e-15	1.90633e-12	1.54854e-11	4.10689e-11	3.40023e-09	2.36043e-06	0.000656974	0.0440984	0.266235	0.414951	0.225271	0.0456639	0.00307335	4.72923e-05	3.07033e-07	1.07825e-09	2.3447e-12	3.44461e-15	3.67102e-18	7.91932e-21	4.47036e-23	2.3549e-24	1.5122e-26	5.17677e-28	2.57757e-30	5.43394e-32	1.98685e-34	2.45412e-36	5.04449e-39	3.4403e-41	3.44752e-44	7.78347e-47	5.03236e-50	6.66553e-53	2.98758e-56	3.50329e-59	8.34997e-62	
N122	1.46343e-32	1.39275e-25	1.4302e-19	9.1366e-20	5.55482e-15	1.26324e-10	2.94891e-11	1.70568e-12	3.50448e-10	1.98994e-06	0.0030282	0.641036	0.331913	0.0235844	0.000433309	2.6164e-06	5.85179e-09	5.49461e-12	2.59308e-15	7.06352e-19	1.24146e-22	2.99708e-26	1.21586e-29	2.57664e-32	1.10291e-35	1.47882e-38	3.96426e-42	3.1787e-45	5.36064e-49	2.59705e-52	2.80876e-56	8.03006e-60	5.73194e-64	9.2354e-68	4.48135e-72	4.12792e-76	1.37025e-80	8.54906e-85	2.20031e-89	1.88287e-93	4.05932e-97	
N123	1.36059e-35	3.12907e-28	7.64987e-22	3.04399e-22	5.56486e-17	5.1315e-12	7.74607e-13	3.66808e-14	1.91184e-11	3.85503e-07	0.0018086	0.914462	0.0831275	0.000600494	8.85872e-07	4.24998e-10	8.74992e-14	9.59898e-18	9.03166e-22	2.61418e-24	1.35762e-27	4.81565e-30	1.35047e-33	2.26455e-36	1.59166e-40	1.19207e-43	3.98605e-48	1.16187e-51	2.49246e-56	3.13527e-60	4.65509e-65	3.03066e-69	3.12838e-74	1.26468e-78	9.07738e-84	2.66656e-88	1.39067e-93	6.73477e-98	1.60701e-101	7.31129e-105	2.37082e-108	
N124	3.95007e-35	2.63637e-28	1.6224e-22	7.94189e-22	2.47862e-17	3.76909e-13	6.19508e-13	4.53842e-13	1.46035e-10	1.44649e-06	0.00356943	0.942224	0.0539709	0.000234117	2.46015e-07	9.9883e-11	2.00635e-14	1.05399e-17	2.95855e-20	2.11902e-21	4.4287e-24	1.55339e-25	1.63087e-28	2.95416e-30	2.36392e-34	9.55775e-37	4.76422e-41	4.4375e-44	1.60049e-48	6.34983e-52	1.62382e-56	4.01992e-60	7.2875e-65	1.35975e-68	1.85859e-73	1.11408e-76	2.03031e-81	1.10505e-83	4.37909e-86	3.02643e-88	1.49545e-90	
Chaafr	0	0	0	0	0	0	0	0	0	0	0	1	0	0	0	0	0	0	0	0	0	0	0	0	0	0	0	0	0	0	0	0	0	0	0	0	0	0	0	0	0	
Chacha	0	0	0	0	0	0	0	0	0	0	0	1	0	0	0	0	0	0	0	0	0	0	0	0	0	0	0	0	0	0	0	0	0	0	0	0	0	0	0	0	0	
N125	5.54738e-35	3.74728e-28	2.55473e-22	9.01889e-22	4.7354e-17	1.32216e-12	1.50534e-12	6.07437e-13	1.51875e-10	1.49116e-06	0.00364077	0.954285	0.0419203	0.000152569	1.42867e-07	5.35417e-11	1.01851e-14	6.27809e-18	1.40755e-20	5.61272e-22	9.09245e-25	1.76427e-26	1.57053e-29	1.50027e-31	1.27136e-35	2.71324e-38	1.42705e-42	7.58482e-46	2.76558e-50	7.14677e-54	1.78354e-58	3.14205e-62	5.50034e-67	7.62646e-71	1.03904e-75	5.69278e-79	1.17665e-83	3.92088e-86	9.63996e-89	3.58109e-91	9.51576e-94	
Chacaly	0	0	0	0	0	0	0	0	0	0	0	1	0	0	0	0	0	0	0	0	0	0	0	0	0	0	0	0	0	0	0	0	0	0	0	0	0	0	0	0	0	
Chazey	0	0	0	0	0	0	0	0	0	0	0	1	0	0	0	0	0	0	0	0	0	0	0	0	0	0	0	0	0	0	0	0	0	0	0	0	0	0	0	0	0	
N126	1.23131e-31	2.19834e-25	3.6222e-20	5.61154e-19	4.23085e-15	7.75193e-12	8.65582e-12	1.61537e-11	3.6199e-09	1.01382e-05	0.00764792	0.69919	0.280179	0.0128341	0.00013828	4.95391e-07	7.43552e-10	5.64338e-13	3.02933e-16	1.3235e-17	8.03708e-20	8.40687e-21	2.45448e-23	1.38834e-24	5.1795e-28	1.19987e-29	2.43839e-33	2.32895e-35	3.34284e-39	1.382e-41	1.53417e-45	2.97358e-48	2.61355e-52	2.69249e-55	1.85088e-59	1.20756e-62	6.39345e-67	3.97337e-70	1.38384e-72	3.1516e-74	5.44944e-76	
Chadil	0	0	0	0	0	0	0	0	0	0	0	1	0	0	0	0	0	0	0	0	0	0	0	0	0	0	0	0	0	0	0	0	0	0	0	0	0	0	0	0	0	
Chasen	0	0	0	0	0	0	0	0	0	0	0	1	0	0	0	0	0	0	0	0	0	0	0	0	0	0	0	0	0	0	0	0	0	0	0	0	0	0	0	0	0	
Chanam	0	0	0	0	0	0	0	0	0	0	0	1	0	0	0	0	0	0	0	0	0	0	0	0	0	0	0	0	0	0	0	0	0	0	0	0	0	0	0	0	0	
N127	2.86489e-33	2.73979e-29	2.78234e-27	8.84066e-25	2.27662e-24	1.03641e-21	2.60191e-18	8.40075e-16	3.31118e-14	3.29628e-13	1.1906e-11	3.36193e-09	2.90121e-06	0.000988796	0.0666127	0.576846	0.345621	0.00987751	5.11555e-05	1.0014e-07	1.21627e-10	5.08724e-13	1.25695e-13	1.16558e-11	4.70119e-12	2.23512e-10	2.62103e-11	6.49586e-10	2.02106e-11	2.48601e-10	1.78601e-12	9.44251e-12	1.52497e-14	1.99726e-14	1.46394e-17	1.62438e-18	7.79967e-22	1.66001e-23	5.08806e-27	9.12931e-29	9.06284e-29	
Riebrev	0	0	0	0	0	0	0	0	0	0	0	0	0	0	0	0	0	0	0	0	0	0	0	0	0	0	0	0	0	0	1	0	0	0	0	0	0	0	0	0	0	
N128	2.3714e-36	3.12262e-29	1.50447e-26	7.50181e-21	9.27126e-22	1.13806e-20	8.2158e-16	1.94026e-11	3.4112e-10	4.91108e-12	2.94201e-14	9.9794e-16	5.03873e-12	2.21001e-08	3.4823e-05	0.0149457	0.967905	0.017057	5.71332e-05	6.81779e-08	3.84089e-11	1.32549e-14	3.69615e-18	3.30939e-21	1.76825e-24	1.7849e-27	6.78101e-31	3.59408e-34	8.82409e-38	2.39982e-41	3.42784e-45	4.74459e-49	7.59367e-49	6.16505e-50	5.5653e-52	5.20855e-54	3.37445e-56	2.47266e-58	1.63407e-60	6.92314e-60	1.61193e-58	
N129	1.91707e-46	4.70645e-38	9.14517e-35	6.71129e-28	1.42437e-28	7.75314e-27	7.43024e-21	1.44506e-15	3.44927e-14	1.56068e-17	3.25251e-21	1.88001e-22	3.65363e-17	4.6823e-12	1.82938e-07	0.00148818	0.994556	0.00395456	1.47659e-06	1.38838e-10	4.95889e-15	8.28413e-20	7.30224e-25	1.18745e-29	1.74911e-33	7.11459e-34	1.81327e-35	1.19408e-35	2.05461e-37	9.61683e-38	9.34345e-40	3.22455e-40	1.34863e-42	3.25265e-43	3.7171e-46	1.34417e-47	1.27249e-50	2.00936e-52	1.6094e-55	1.62513e-57	2.67477e-59	
N130	4.95085e-43	6.89928e-37	4.326e-35	2.40925e-30	2.03077e-31	4.14261e-29	3.38812e-23	5.2366e-18	1.39419e-16	2.93224e-20	1.38508e-23	3.64693e-23	8.74578e-18	1.52863e-12	8.57944e-08	0.00103875	0.995713	0.00324749	9.04484e-07	6.26551e-11	1.66466e-15	2.11736e-20	1.45546e-25	2.36079e-30	1.10429e-33	8.58132e-35	3.21866e-38	1.20895e-39	2.69758e-43	5.36864e-45	5.71083e-49	2.87308e-50	3.69713e-49	2.58123e-48	9.85156e-52	7.86197e-53	2.63697e-56	6.0286e-58	2.84548e-61	1.20684e-60	6.50791e-59	
Braset	0	0	0	0	0	0	0	0	0	0	0	0	0	0	0	0	1	0	0	0	0	0	0	0	0	0	0	0	0	0	0	0	0	0	0	0	0	0	0	0	0	
N131	2.36021e-51	2.39524e-43	1.21896e-39	3.7065e-33	4.65231e-33	5.19682e-31	1.31121e-25	7.11248e-21	1.49679e-19	3.41784e-21	7.54121e-22	1.22592e-21	1.12659e-16	8.24786e-12	2.1418e-07	0.00140152	0.99524	0.0033568	1.40234e-06	1.7483e-10	9.36551e-15	2.62974e-19	4.38252e-24	1.87504e-28	1.05616e-31	4.04404e-33	1.94293e-36	4.06973e-38	1.35318e-41	1.58475e-43	3.71858e-47	2.41975e-49	3.10636e-53	1.1564e-55	7.99978e-61	1.0177e-64	4.83218e-70	2.693e-74	8.36345e-80	5.25993e-84	5.44526e-87	
N132	7.31824e-55	4.93927e-46	1.85377e-42	4.42338e-35	5.0449e-36	6.94676e-34	2.43787e-27	2.9759e-21	3.10795e-19	5.35184e-21	4.34318e-23	3.2564e-24	1.01649e-18	2.36311e-13	1.97185e-08	0.000422076	0.998786	0.000791454	8.45981e-08	2.85188e-12	4.28007e-17	3.43971e-22	1.66122e-27	1.57995e-32	8.16721e-37	1.02167e-39	4.61467e-44	2.95261e-47	8.31953e-52	2.64908e-55	4.66656e-60	6.90567e-64	6.70027e-69	3.91723e-73	3.72338e-79	1.10108e-84	3.84891e-91	4.11358e-97	4.49014e-104	1.91778e-110	1.36997e-116	
Bramel	0	0	0	0	0	0	0	0	0	0	0	0	0	0	0	0	1	0	0	0	0	0	0	0	0	0	0	0	0	0	0	0	0	0	0	0	0	0	0	0	0	
Bratha	0	0	0	0	0	0	0	0	0	0	0	0	0	0	0	0	1	0	0	0	0	0	0	0	0	0	0	0	0	0	0	0	0	0	0	0	0	0	0	0	0	
N133	1.14415e-53	1.5667e-45	6.54523e-42	4.07733e-35	3.03658e-35	6.14798e-33	6.65799e-27	2.44635e-21	3.72609e-19	4.48713e-20	2.44048e-21	1.18141e-21	1.1174e-16	8.02165e-12	2.06958e-07	0.00136667	0.995982	0.00265022	9.43798e-07	1.05276e-10	5.21497e-15	1.38779e-19	2.23821e-24	8.15578e-29	2.18613e-32	2.04036e-34	4.88975e-38	2.52439e-40	4.17145e-44	1.20529e-46	1.42194e-50	2.25067e-53	1.69552e-57	1.38361e-60	9.60388e-66	3.94384e-70	1.61489e-75	3.83148e-80	9.97312e-86	2.76454e-90	6.15327e-94	
Bradra	0	0	0	0	0	0	0	0	0	0	0	0	0	0	0	0	1	0	0	0	0	0	0	0	0	0	0	0	0	0	0	0	0	0	0	0	0	0	0	0	0	
Bratra	0	0	0	0	0	0	0	0	0	0	0	0	0	0	0	0	1	0	0	0	0	0	0	0	0	0	0	0	0	0	0	0	0	0	0	0	0	0	0	0	0	
N134	2.9831e-47	1.66442e-39	2.60625e-36	4.37574e-30	8.77322e-31	3.5579e-29	5.8107e-24	3.16595e-19	1.44359e-17	1.1154e-18	4.39095e-20	1.53664e-20	8.62019e-16	3.68401e-11	5.67477e-07	0.00224722	0.993555	0.00419451	2.40932e-06	4.37098e-10	3.54241e-14	1.54979e-18	4.13086e-23	2.13343e-27	5.95544e-31	4.00003e-33	1.06531e-36	3.99379e-39	7.34694e-43	1.54444e-45	2.04388e-49	2.35066e-52	2.08108e-56	1.18253e-59	1.41725e-64	6.04218e-69	4.01008e-74	1.04506e-78	4.41631e-84	1.28443e-88	1.93643e-92	
Bragut	0	0	0	0	0	0	0	0	0	0	0	0	0	0	0	0	1	0	0	0	0	0	0	0	0	0	0	0	0	0	0	0	0	0	0	0	0	0	0	0	0	
Braven	0	0	0	0	0	0	0	0	0	0	0	0	0	0	0	0	1	0	0	0	0	0	0	0	0	0	0	0	0	0	0	0	0	0	0	0	0	0	0	0	0	
N135	8.35105e-41	1.37588e-33	2.34582e-30	1.21134e-24	9.24557e-25	4.16353e-23	1.93543e-18	2.01537e-14	1.77675e-13	4.95944e-16	1.34959e-17	1.32036e-17	1.93266e-13	2.16961e-09	8.63898e-06	0.00869407	0.976092	0.0151726	3.23849e-05	2.16532e-08	6.40662e-12	1.015e-15	9.7437e-20	2.00774e-23	1.99334e-26	4.18009e-28	3.79615e-31	4.45256e-33	2.76423e-36	1.84841e-38	7.584e-42	2.93685e-44	6.32913e-48	1.40898e-50	5.8832e-55	1.35296e-58	3.67938e-63	4.58797e-67	8.59821e-72	9.62521e-76	4.46714e-79	
Brapum	0	0	0	0	0	0	0	0	0	0	0	0	0	0	0	0	1	0	0	0	0	0	0	0	0	0	0	0	0	0	0	0	0	0	0	0	0	0	0	0	0	
Bradam	0	0	0	0	0	0	0	0	0	0	0	0	0	0	0	0	1	0	0	0	0	0	0	0	0	0	0	0	0	0	0	0	0	0	0	0	0	0	0	0	0	
