NODE	1	2	3	4	5	6	7	8	9	10	11	12	13	14	15	16	17	18	19	20	21	22	23	24	25	26	27	28	29	
N1	1.49325e-61	1.09521e-56	4.3999e-52	9.71373e-48	1.22084e-43	9.01632e-40	4.00258e-36	1.0377e-32	1.19281e-29	4.81092e-27	7.79909e-24	8.45508e-21	4.88353e-18	1.36249e-15	1.59707e-13	6.3483e-12	5.95643e-11	1	3.95842e-11	4.86715e-12	2.57483e-13	7.22809e-15	1.23265e-16	1.40011e-18	1.13124e-20	6.82735e-23	3.19558e-25	1.19488e-27	3.86946e-30	
N2	1.73946e-67	9.14119e-62	3.03831e-56	5.48338e-51	5.48803e-46	3.08379e-41	9.91799e-37	1.93903e-32	2.6841e-28	3.4727e-24	3.58264e-20	2.14262e-16	7.04178e-13	1.19496e-09	9.56721e-07	0.000315233	0.0341076	0.769455	0.187101	0.00887355	0.000145223	1.09593e-06	4.53503e-09	1.15366e-11	1.95942e-14	2.91717e-17	1.17136e-18	1.39651e-20	2.26042e-21	
N3	1.93704e-71	4.54166e-65	5.45307e-59	3.20694e-53	9.32e-48	1.31482e-42	8.5626e-38	2.2774e-33	1.36923e-29	1.30344e-27	1.91377e-23	4.83819e-19	6.3274e-15	3.9265e-11	1.02272e-07	9.22198e-05	0.0206523	0.589354	0.366174	0.023378	0.000347935	1.84807e-06	4.49652e-09	5.88509e-12	4.62838e-15	2.36997e-18	8.40252e-22	2.19979e-25	7.90349e-29	
N4	4.12581e-75	1.14953e-68	1.93528e-62	1.80827e-56	9.69734e-51	2.94327e-45	4.80252e-40	3.72828e-35	8.34646e-31	5.47694e-27	1.83395e-22	3.54884e-18	3.44703e-14	1.54503e-10	2.8248e-07	0.000174327	0.0265844	0.562437	0.380638	0.0295953	0.0005669	3.9685e-06	1.28379e-08	2.23733e-11	2.33765e-14	1.58463e-17	8.58979e-21	1.14732e-23	5.55052e-25	
B3088	0	0	0	0	0	0	0	0	0	0	0	0	0	0	0	0	0	1	0	0	0	0	0	0	0	0	0	0	0	
N5	1.61211e-67	5.75273e-62	1.4038e-56	2.14021e-51	2.32567e-46	1.92417e-41	1.17697e-36	4.91602e-32	1.30664e-27	2.10745e-23	1.97939e-19	1.0408e-15	2.91841e-12	4.06862e-09	2.54343e-06	0.000608391	0.0428748	0.547347	0.372033	0.0361014	0.00102149	1.20367e-05	7.26769e-08	2.57062e-10	5.8434e-13	9.13432e-16	1.09588e-18	2.20928e-21	1.82034e-22	
N6	5.3345e-44	6.7657e-43	8.41955e-42	9.56727e-41	9.89066e-40	2.7974e-61	7.82051e-38	7.26261e-40	9.8109e-32	3.67482e-37	7.00955e-37	1.35068e-29	8.97401e-35	6.55067e-33	1.66777e-32	6.11465e-14	6.22634e-07	0.999997	2.40484e-06	1.02603e-12	4.98561e-33	1.31467e-33	2.87127e-34	5.37822e-35	8.86555e-36	1.3115e-36	1.76785e-37	2.20225e-38	2.80079e-39	
BGA709	0	0	0	0	0	0	0	0	0	0	0	0	0	0	0	0	0	1	0	0	0	0	0	0	0	0	0	0	0	
BGA710	0	0	0	0	0	0	0	0	0	0	0	0	0	0	0	0	0	1	0	0	0	0	0	0	0	0	0	0	0	
BGA309	0	0	0	0	0	0	0	0	0	0	0	0	0	0	0	0	0	1	0	0	0	0	0	0	0	0	0	0	0	
N7	1.77513e-73	4.97758e-67	7.16408e-61	5.06781e-55	1.7871e-49	3.12768e-44	2.68104e-39	1.12274e-34	2.19268e-30	2.07695e-28	6.16398e-25	2.2168e-20	4.38074e-16	4.25496e-12	1.80305e-08	2.79681e-05	0.0116839	0.685447	0.293025	0.00974076	7.44242e-05	2.07836e-07	2.73431e-10	1.98447e-13	8.83648e-17	2.60387e-20	5.37773e-24	8.34426e-28	2.73803e-31	
N8	2.78099e-66	1.3544e-60	3.61681e-55	4.8234e-50	3.24003e-45	1.08087e-40	1.73564e-36	1.29286e-32	4.34917e-29	1.93687e-25	3.31211e-21	3.3106e-17	1.79276e-13	4.89411e-10	6.05078e-07	0.000285899	0.0382852	0.762855	0.191546	0.00694932	7.76532e-05	3.79847e-07	9.92333e-10	1.57152e-12	1.64614e-15	1.21521e-18	6.64016e-22	2.84008e-25	1.89583e-28	
N9	8.10588e-49	2.21051e-47	5.68723e-46	1.33167e-44	2.82703e-43	2.30627e-64	9.31803e-41	2.47426e-42	5.67627e-34	5.0624e-39	1.92039e-38	6.13305e-31	9.40246e-36	9.27843e-34	4.37504e-33	3.99513e-14	5.54114e-07	0.999997	2.27395e-06	7.36131e-13	1.47665e-33	2.16445e-34	2.5601e-35	2.55476e-36	2.21868e-37	1.71522e-38	1.20145e-39	7.7957e-41	6.51577e-42	
B11696	0	0	0	0	0	0	0	0	0	0	0	0	0	0	0	0	0	1	0	0	0	0	0	0	0	0	0	0	0	
B11697	0	0	0	0	0	0	0	0	0	0	0	0	0	0	0	0	0	1	0	0	0	0	0	0	0	0	0	0	0	
N10	1.00763e-83	8.60516e-76	2.86814e-68	3.95511e-61	2.36793e-54	6.30827e-48	7.23892e-42	3.31249e-36	4.71454e-31	8.44101e-33	4.2149e-32	1.93189e-27	1.57721e-22	3.3991e-17	3.06385e-12	9.99649e-08	0.00088228	0.995271	0.00384445	2.03225e-06	3.28627e-10	2.24869e-14	7.67922e-19	1.43886e-23	1.55058e-28	9.74405e-34	3.50815e-39	6.81686e-45	9.66582e-51	
B11609	0	0	0	0	0	0	0	0	0	0	0	0	0	0	0	0	0	1	0	0	0	0	0	0	0	0	0	0	0	
BGA392	0	0	0	0	0	0	0	0	0	0	0	0	0	0	0	0	0	1	0	0	0	0	0	0	0	0	0	0	0	
N11	2.50997e-85	9.3474e-78	1.72429e-70	1.42205e-63	5.3621e-57	9.36436e-51	7.30906e-45	2.40221e-39	2.63842e-34	2.90521e-32	2.4559e-29	2.91405e-24	3.22995e-19	1.83906e-14	4.18537e-10	3.07625e-06	0.00495745	0.738689	0.252179	0.00415943	1.18093e-05	1.02051e-08	3.66004e-12	6.59265e-16	6.76916e-20	4.32935e-24	1.94647e-28	1.39834e-32	3.87132e-35	
N12	5.51277e-69	3.39883e-64	1.15832e-59	2.1484e-55	2.07193e-51	4.32273e-48	1.11599e-45	8.67204e-43	4.9626e-38	5.32421e-35	1.71963e-29	3.89196e-24	4.399e-19	2.28727e-14	4.8194e-10	3.33643e-06	0.00516917	0.751181	0.240035	0.00360225	9.42197e-06	7.67e-09	2.6474e-12	4.67742e-16	4.79177e-20	3.17356e-24	3.71139e-27	5.04089e-30	9.94427e-32	
N13	2.72345e-72	2.96155e-66	1.74377e-60	5.11502e-55	7.59325e-50	5.73336e-45	2.2509e-40	5.01018e-36	6.96596e-32	1.03877e-27	3.56128e-23	7.0532e-19	7.52351e-15	4.01854e-11	9.6382e-08	8.72499e-05	0.0218818	0.768167	0.204649	0.00517878	3.61172e-05	1.0473e-07	1.57294e-10	1.40237e-13	8.1416e-17	3.29621e-20	1.27767e-23	1.92641e-26	4.97722e-28	
N14	1.14501e-47	2.56681e-46	5.48207e-45	1.06856e-43	1.89378e-42	1.67597e-63	4.38911e-40	1.27227e-41	2.16717e-33	1.86777e-38	6.03854e-38	1.45039e-30	2.18057e-35	1.44002e-33	5.9376e-33	6.21256e-14	6.80372e-07	0.999997	2.62973e-06	1.02162e-12	1.70014e-33	2.7147e-34	3.53334e-35	3.91151e-36	3.79375e-37	3.29426e-38	2.60419e-39	1.9083e-40	1.57371e-41	
B985	0	0	0	0	0	0	0	0	0	0	0	0	0	0	0	0	0	1	0	0	0	0	0	0	0	0	0	0	0	
B983	0	0	0	0	0	0	0	0	0	0	0	0	0	0	0	0	0	1	0	0	0	0	0	0	0	0	0	0	0	
N15	4.96444e-73	1.41705e-66	2.07191e-60	1.4991e-54	5.40216e-49	9.49152e-44	7.69601e-39	2.57255e-34	2.35085e-30	2.72595e-30	4.86576e-26	2.57951e-21	7.43974e-17	1.07368e-12	6.92695e-09	1.67337e-05	0.0109845	0.936256	0.0523637	0.000378178	8.1679e-07	7.6266e-10	3.77549e-13	1.12657e-16	2.21133e-20	3.04101e-24	3.07772e-28	2.46025e-32	4.39744e-36	
N16	5.37576e-55	3.65138e-53	2.27883e-51	1.28622e-49	6.54426e-48	7.99548e-69	1.22022e-44	4.80811e-46	3.27619e-37	5.42404e-42	4.8031e-41	4.5015e-33	1.26422e-37	4.56177e-35	4.88869e-34	6.25312e-15	2.34144e-07	0.999999	1.0081e-06	1.23305e-13	1.79204e-34	1.17201e-35	6.12224e-37	2.6817e-38	1.01804e-39	3.43783e-41	1.33934e-42	1.77385e-43	5.13257e-43	
B199	0	0	0	0	0	0	0	0	0	0	0	0	0	0	0	0	0	1	0	0	0	0	0	0	0	0	0	0	0	
BGAA3	0	0	0	0	0	0	0	0	0	0	0	0	0	0	0	0	0	1	0	0	0	0	0	0	0	0	0	0	0	
N17	5.30613e-55	3.60738e-53	2.2534e-51	1.27301e-49	6.48281e-48	1.58916e-68	1.2109e-44	9.57333e-46	4.6072e-37	1.08184e-41	9.588e-41	6.34614e-33	2.52782e-37	4.5537e-35	4.88378e-34	1.25318e-14	3.3132e-07	0.999998	1.42743e-06	2.47387e-13	1.79279e-34	1.1719e-35	6.11818e-37	2.67827e-38	1.01608e-39	3.4289e-41	1.33588e-42	1.77173e-43	5.13231e-43	
B11604	0	0	0	0	0	0	0	0	0	0	0	0	0	0	0	0	0	1	0	0	0	0	0	0	0	0	0	0	0	
BGA583	0	0	0	0	0	0	0	0	0	0	0	0	0	0	0	0	0	1	0	0	0	0	0	0	0	0	0	0	0	
N18	1.48226e-74	4.62945e-68	7.42492e-62	5.85149e-56	2.29028e-50	4.39264e-45	3.97885e-40	1.60238e-35	2.35882e-31	1.78965e-29	2.7846e-25	1.22091e-20	2.86923e-16	3.30722e-12	1.6625e-08	3.02939e-05	0.0143543	0.839841	0.143515	0.0022495	9.083e-06	1.45248e-08	1.16061e-11	5.35281e-15	1.57059e-18	3.14358e-22	4.59536e-26	6.70646e-30	1.2266e-32	
N19	2.27546e-49	6.58987e-48	2.50643e-93	2.53631e-72	1.75468e-69	1.39067e-62	2.91949e-48	1.71637e-40	3.34385e-33	4.08133e-37	1.67411e-36	4.57048e-30	9.63569e-34	3.20532e-38	1.23468e-18	5.41165e-12	6.55175e-06	0.999968	2.54372e-05	8.95982e-11	1.00252e-16	1.26826e-34	1.31685e-35	1.16063e-36	8.95088e-38	6.17496e-39	3.88118e-40	2.31319e-41	2.79655e-42	
BGA89	0	0	0	0	0	0	0	0	0	0	0	0	0	0	0	0	0	1	0	0	0	0	0	0	0	0	0	0	0	
BGA40	0	0	0	0	0	0	0	0	0	0	0	0	0	0	0	0	0	1	0	0	0	0	0	0	0	0	0	0	0	
N20	7.32112e-77	2.5057e-70	4.35286e-64	3.64131e-58	1.48054e-52	2.875e-47	2.54166e-42	9.23419e-38	9.33419e-34	1.4458e-30	1.21356e-25	6.22946e-21	1.68764e-16	2.23307e-12	1.28423e-08	2.65898e-05	0.0140915	0.875458	0.109146	0.00127421	3.92627e-06	4.87726e-09	3.06871e-12	1.12671e-15	2.65645e-19	4.32019e-23	8.79204e-27	8.0202e-30	1.41584e-31	
N21	4.43174e-51	1.65061e-49	5.75538e-48	1.82816e-46	5.27058e-45	8.20689e-66	3.21555e-42	1.63414e-43	4.31826e-35	6.24358e-40	3.24483e-39	1.19976e-31	2.99715e-36	2.89914e-34	1.88046e-33	3.30168e-14	5.20433e-07	0.999997	2.10467e-06	5.80972e-13	5.85935e-34	6.03857e-35	5.02562e-36	3.53696e-37	2.17233e-38	1.19126e-39	5.98481e-41	3.17268e-42	1.20746e-42	
BGAA2	0	0	0	0	0	0	0	0	0	0	0	0	0	0	0	0	0	1	0	0	0	0	0	0	0	0	0	0	0	
BGAA1	0	0	0	0	0	0	0	0	0	0	0	0	0	0	0	0	0	1	0	0	0	0	0	0	0	0	0	0	0	
N22	1.05161e-93	4.63471e-85	4.39026e-77	1.25879e-67	1.22973e-59	3.57644e-52	3.19893e-45	9.02476e-39	8.21865e-33	3.9196e-35	2.15203e-34	2.71765e-29	7.84477e-27	1.86112e-20	1.33247e-14	2.72401e-09	0.00015033	0.999218	0.000631708	5.08305e-08	1.25081e-12	1.03077e-17	3.03954e-23	2.76209e-29	1.89872e-38	9.92443e-40	4.76086e-41	2.50681e-42	1.2114e-42	
BGA584	0	0	0	0	0	0	0	0	0	0	0	0	0	0	0	0	0	1	0	0	0	0	0	0	0	0	0	0	0	
BGA706	0	0	0	0	0	0	0	0	0	0	0	0	0	0	0	0	0	1	0	0	0	0	0	0	0	0	0	0	0	
N23	4.52681e-68	2.98758e-62	1.0699e-56	1.9125e-51	1.71975e-46	7.65152e-42	1.61988e-37	1.5289e-33	5.53238e-30	2.06885e-26	4.74008e-22	6.39475e-18	4.67184e-14	1.71859e-10	2.85577e-07	0.000180316	0.0318019	0.794862	0.168475	0.00464154	3.83446e-05	1.37437e-07	2.62241e-10	3.03025e-13	2.31593e-16	1.248e-19	5.0012e-23	1.68819e-26	2.68032e-29	
N24	1.13266e-49	3.51038e-48	1.28475e-90	1.38422e-69	1.0178e-66	8.53332e-61	1.90105e-45	1.1855e-38	2.49369e-32	3.13417e-35	1.34346e-34	3.88798e-29	8.23113e-32	2.83227e-35	1.11788e-15	4.93926e-10	6.26226e-05	0.999674	0.000263514	9.38944e-09	1.09577e-13	1.56288e-34	1.6348e-35	1.4404e-36	1.10351e-37	7.52236e-39	4.64883e-40	2.69686e-41	2.95232e-42	
BGA304	0	0	0	0	0	0	0	0	0	0	0	0	0	0	0	0	0	1	0	0	0	0	0	0	0	0	0	0	0	
BGA303	0	0	0	0	0	0	0	0	0	0	0	0	0	0	0	0	0	1	0	0	0	0	0	0	0	0	0	0	0	
N25	1.61248e-49	4.86206e-48	1.37902e-46	3.56001e-45	8.33326e-44	4.0615e-65	3.34043e-41	5.30036e-43	1.82362e-34	1.31962e-39	5.52228e-39	2.64508e-31	3.28915e-36	6.60332e-34	3.42766e-33	1.86157e-14	3.82692e-07	0.999998	1.58337e-06	3.44518e-13	1.15349e-33	1.52308e-34	1.62057e-35	1.45422e-36	1.13572e-37	7.89798e-39	4.98166e-40	2.94452e-41	3.08189e-42	
BGAB1	0	0	0	0	0	0	0	0	0	0	0	0	0	0	0	0	0	1	0	0	0	0	0	0	0	0	0	0	0	
BGA7	0	0	0	0	0	0	0	0	0	0	0	0	0	0	0	0	0	1	0	0	0	0	0	0	0	0	0	0	0	
N26	1.72853e-40	1.22993e-39	3.11053e-85	8.50862e-65	1.59787e-62	2.54743e-56	1.98695e-42	2.37702e-35	9.5043e-29	4.39647e-33	5.10585e-33	2.9592e-27	2.47396e-31	3.37208e-36	4.11503e-17	4.56067e-11	1.6238e-05	0.999939	4.43773e-05	4.00422e-10	1.39359e-15	1.82277e-33	5.16917e-34	1.3017e-34	2.96138e-35	6.17077e-36	1.19117e-36	2.16159e-37	4.15581e-38	
PGA445	0	0	0	0	0	0	0	0	0	0	0	0	0	0	0	0	0	1	0	0	0	0	0	0	0	0	0	0	0	
PGA363	0	0	0	0	0	0	0	0	0	0	0	0	0	0	0	0	0	1	0	0	0	0	0	0	0	0	0	0	0	
N27	4.69043e-69	1.369e-61	1.75035e-54	9.94975e-48	2.55413e-41	2.91103e-35	1.38484e-29	2.33236e-24	2.33773e-20	1.06798e-18	1.41867e-14	5.76549e-11	6.58581e-08	2.44688e-05	0.00300762	0.105423	0.654653	0.236382	0.000509265	2.16465e-07	3.44553e-11	2.71914e-15	1.24065e-19	3.59452e-24	7.03882e-29	1.03761e-33	1.09885e-37	1.32113e-41	3.80506e-44	
N28	2.47938e-48	3.10791e-42	2.1228e-36	6.59334e-31	9.27526e-26	5.72212e-21	1.45169e-16	1.36217e-12	4.00103e-09	2.84633e-06	0.00035683	0.00974373	0.0822588	0.265669	0.365662	0.219643	0.0530035	0.00364866	1.20711e-05	1.62556e-08	1.20711e-11	5.68326e-15	1.84429e-18	4.366e-22	7.89098e-26	1.41541e-29	9.96046e-32	2.66756e-33	2.08409e-33	
Rhaspe	0	0	0	0	0	0	0	0	0	1	0	0	0	0	0	0	0	0	0	0	0	0	0	0	0	0	0	0	0	
N29	3.59421e-34	4.14004e-31	3.38696e-28	1.48095e-25	6.52658e-22	7.74516e-18	4.19136e-14	9.44412e-11	7.89892e-08	2.05302e-05	0.0013218	0.0225913	0.133227	0.31881	0.335506	0.156863	0.0299413	0.00170997	9.08788e-06	2.14031e-08	2.95607e-11	2.72182e-14	1.80053e-17	9.03503e-21	4.86457e-24	4.21658e-26	1.29435e-27	9.74857e-30	3.41373e-30	
Rhamar	0	0	0	0	0	0	0	0	0	1	0	0	0	0	0	0	0	0	0	0	0	0	0	0	0	0	0	0	0	
Rhatem	0	0	0	0	0	0	0	0	0	0	1	0	0	0	0	0	0	0	0	0	0	0	0	0	0	0	0	0	0	
N30	5.36544e-74	1.74158e-67	4.83796e-62	1.38139e-56	7.24293e-50	1.76275e-43	1.62857e-37	4.25676e-32	2.40995e-28	2.32e-24	4.34757e-19	2.58026e-14	3.98802e-10	1.36176e-06	0.000858381	0.0777688	0.666836	0.253224	0.00131007	8.48668e-07	1.48761e-10	1.02521e-14	3.42715e-19	8.44274e-24	1.10137e-27	1.15602e-30	3.91202e-34	2.25332e-36	6.21747e-37	
N31	1.29327e-71	1.95965e-64	1.41277e-57	4.93267e-51	8.59472e-45	7.47226e-39	3.12596e-33	5.81558e-28	2.78649e-23	4.96753e-21	1.55235e-17	3.33254e-13	2.14184e-09	3.06577e-06	0.000995231	0.0653853	0.598878	0.325174	0.00952036	4.46577e-05	6.21891e-08	3.58306e-11	1.04306e-14	1.74972e-18	1.85625e-22	1.37927e-26	1.29583e-30	9.80717e-34	3.27754e-36	
N32	6.74984e-60	9.26552e-54	7.61625e-48	3.4436e-42	8.73763e-37	1.24886e-31	9.96051e-27	4.33099e-22	9.82971e-18	1.08546e-13	5.15311e-10	8.14621e-07	0.000173827	0.00744242	0.0956771	0.389537	0.427852	0.077812	0.00149658	8.47762e-06	2.13064e-08	2.91999e-11	2.47209e-14	1.40577e-17	5.70257e-21	1.7414e-24	7.07982e-28	1.27421e-30	3.53845e-32	
N33	1.03896e-39	8.60355e-39	7.11466e-38	5.28289e-37	3.50165e-36	2.05791e-35	2.24365e-58	7.60913e-36	1.79119e-34	1.16246e-35	2.20171e-28	7.69282e-33	6.9619e-32	9.87849e-32	7.16025e-13	2.07956e-06	0.999995	3.17489e-06	2.02819e-12	1.89703e-33	4.23513e-34	8.15301e-35	1.38599e-35	2.11971e-36	2.9599e-37	3.8188e-38	4.59891e-39	5.26089e-40	6.71877e-41	
FGA379	0	0	0	0	0	0	0	0	0	0	0	0	0	0	0	0	1	0	0	0	0	0	0	0	0	0	0	0	0	
F647	0	0	0	0	0	0	0	0	0	0	0	0	0	0	0	0	1	0	0	0	0	0	0	0	0	0	0	0	0	
N34	4.75996e-53	4.88209e-47	2.95306e-41	9.67032e-36	1.73841e-30	1.69864e-25	8.77948e-21	2.30113e-16	2.83104e-12	1.46101e-08	2.58724e-05	0.0102772	0.177931	0.443465	0.294904	0.0677304	0.0055353	0.000130715	6.31362e-07	1.21165e-09	1.22285e-12	7.5407e-16	3.12003e-19	9.23636e-23	2.05005e-26	3.53823e-30	5.09913e-34	1.0522e-37	5.4522e-40	
N35	7.40719e-58	3.46065e-51	7.89561e-45	8.45443e-39	4.40382e-33	1.11917e-27	1.52875e-22	1.76382e-17	8.93283e-13	1.7389e-08	9.93475e-05	0.0752271	0.503843	0.386887	0.0332513	0.00068888	4.19644e-06	7.47223e-09	4.24149e-12	1.08466e-15	1.50286e-19	1.25628e-23	6.98992e-28	2.75405e-29	2.07367e-30	9.27366e-33	7.30421e-35	9.9354e-36	3.40452e-36	
N36	4.80646e-54	7.86497e-49	2.9936e-44	4.07868e-40	3.59184e-34	2.6903e-28	4.05902e-23	1.53401e-17	2.08181e-12	8.60339e-08	0.00069506	0.261234	0.628821	0.10722	0.00202283	7.7294e-06	7.55524e-09	2.047e-12	1.87694e-16	7.60974e-21	1.62885e-25	1.50639e-29	2.08716e-32	3.16885e-35	1.08872e-37	1.00677e-38	2.3419e-40	2.32127e-40	5.55465e-41	
N37	1.43246e-40	1.9029e-39	2.39879e-38	2.67006e-37	5.56561e-39	5.7756e-37	1.08485e-30	4.2573e-35	1.87684e-15	1.0822e-07	0.999994	6.02183e-06	5.71787e-12	6.54095e-32	2.02722e-32	4.19764e-33	6.553e-34	8.28792e-35	8.89475e-36	8.36193e-37	7.04552e-38	5.41305e-39	3.84783e-40	2.67604e-41	2.61574e-42	1.86604e-42	8.7414e-43	1.05009e-42	5.44825e-43	
F3016	0	0	0	0	0	0	0	0	0	0	1	0	0	0	0	0	0	0	0	0	0	0	0	0	0	0	0	0	0	
F3015	0	0	0	0	0	0	0	0	0	0	1	0	0	0	0	0	0	0	0	0	0	0	0	0	0	0	0	0	0	
N38	5.82688e-54	5.06166e-49	2.25753e-44	6.39449e-40	4.65007e-34	4.32651e-28	5.82537e-23	2.3208e-17	3.21094e-12	1.29606e-07	0.000971638	0.34109	0.609269	0.0483261	0.000343164	4.2715e-07	1.347e-10	1.4321e-14	6.79221e-19	1.72865e-23	2.635e-28	2.74471e-33	2.18807e-37	3.42315e-40	3.48256e-40	1.2518e-39	7.71202e-42	1.51884e-41	6.12189e-43	
N39	5.97344e-57	4.92429e-53	3.26453e-47	1.03918e-40	1.47105e-34	9.75514e-29	3.23854e-23	9.29157e-18	1.07064e-12	4.16529e-08	0.000388934	0.394351	0.581704	0.0234863	6.99408e-05	3.92155e-08	7.23996e-12	6.02236e-16	2.71273e-20	7.43672e-25	1.706e-29	1.13889e-33	7.05087e-37	5.57433e-39	6.12904e-43	9.20579e-45	3.17133e-49	2.29186e-51	1.88602e-55	
N40	2.37389e-69	4.82825e-61	3.31499e-53	8.73289e-46	9.41797e-39	3.65434e-32	3.34876e-26	8.42808e-20	7.46145e-14	1.9008e-08	0.000824784	0.71265	0.285115	0.00140992	3.14073e-07	1.39934e-11	2.20259e-16	1.58029e-21	5.91368e-27	1.2552e-32	2.40446e-38	1.67146e-42	1.31945e-44	1.12298e-45	5.65984e-48	9.93886e-49	7.35761e-52	5.61569e-53	6.16015e-56	
N41	3.33807e-56	4.7088e-51	3.36341e-46	1.21167e-41	2.9108e-36	8.98488e-30	6.85878e-24	7.15663e-18	2.42762e-12	2.20413e-07	0.00317852	0.727647	0.267958	0.00121568	2.86478e-07	1.7018e-11	4.1138e-16	4.96858e-21	4.28562e-26	1.30298e-29	1.50944e-33	6.15803e-37	2.96012e-40	1.12077e-40	3.89012e-42	1.55634e-41	1.30061e-44	3.31151e-45	4.34542e-48	
N42	1.74512e-41	3.07016e-40	5.02386e-39	7.21799e-38	5.24326e-39	6.91028e-37	9.86302e-31	7.87375e-35	4.1659e-15	1.6732e-07	0.999991	9.08348e-06	8.88643e-12	1.6088e-32	2.38362e-33	2.57521e-34	2.22871e-35	1.63184e-36	1.04712e-37	6.03458e-39	3.18157e-40	1.59736e-41	1.14112e-42	1.07406e-42	4.99141e-43	8.01459e-43	2.03844e-43	1.43892e-43	3.95907e-44	
F1476	0	0	0	0	0	0	0	0	0	0	1	0	0	0	0	0	0	0	0	0	0	0	0	0	0	0	0	0	0	
FGA81	0	0	0	0	0	0	0	0	0	0	1	0	0	0	0	0	0	0	0	0	0	0	0	0	0	0	0	0	0	
N43	1.13365e-61	2.98867e-57	6.43013e-50	6.75609e-43	3.62841e-36	9.44087e-30	1.46627e-23	1.04987e-17	2.92689e-12	2.58088e-07	0.00446598	0.723318	0.269807	0.00240793	1.09626e-06	1.29421e-10	6.20747e-15	1.51881e-19	2.68918e-24	9.89924e-28	1.00778e-31	7.00254e-34	4.98924e-37	9.6834e-35	5.27427e-37	4.71194e-37	6.22534e-40	5.35499e-41	9.77794e-44	
Furcep	0	0	0	0	0	0	0	0	0	0	0	0	0	1	0	0	0	0	0	0	0	0	0	0	0	0	0	0	0	
N44	9.52872e-54	7.40966e-51	3.25858e-45	1.61014e-38	3.69224e-32	3.93305e-26	1.90295e-20	3.92441e-15	3.07938e-10	7.42242e-06	0.0339454	0.802759	0.16252	0.000767986	3.68485e-07	5.93278e-11	4.53551e-15	1.96411e-19	5.39926e-24	2.32791e-28	9.79942e-32	2.30689e-35	3.24017e-38	1.2165e-39	1.69899e-43	4.44238e-45	1.12421e-49	6.11414e-52	2.24725e-56	
Furpol	0	0	0	0	0	0	0	0	0	0	0	1	0	0	0	0	0	0	0	0	0	0	0	0	0	0	0	0	0	
N45	9.5032e-54	6.758e-47	2.39825e-40	4.15481e-34	3.53716e-28	1.45082e-22	2.7537e-17	2.21375e-12	6.51628e-08	0.000533621	0.6365	0.352177	0.0107741	1.548e-05	6.20231e-09	1.07946e-12	1.0131e-16	5.8317e-21	2.24253e-25	6.28754e-30	1.73994e-34	4.41513e-38	3.67219e-41	2.26512e-43	3.14019e-47	1.03976e-49	3.85322e-54	1.97284e-57	7.76598e-62	
N46	4.26625e-54	3.93158e-47	1.75924e-40	3.77557e-34	3.9109e-28	1.91418e-22	4.22187e-17	3.81201e-12	1.19535e-07	0.000949801	0.895676	0.102835	0.000538615	3.29307e-07	6.77085e-11	6.62116e-15	3.68929e-19	1.30918e-23	3.19385e-28	6.55152e-33	3.95711e-37	1.80451e-39	3.15302e-43	1.41121e-45	6.26707e-50	9.5027e-53	2.416e-57	7.37946e-61	2.00926e-65	
N47	7.23718e-45	3.38821e-43	1.23759e-66	1.89441e-46	2.13232e-38	6.70009e-36	1.43458e-30	2.27732e-20	4.19984e-13	1.96029e-06	0.99996	3.8057e-05	9.13395e-11	5.68152e-17	8.09313e-36	2.78617e-37	7.94715e-39	1.95781e-40	4.29182e-42	1.2743e-43	4.04117e-44	2.46161e-43	3.51833e-44	1.1478e-43	1.00915e-44	9.72798e-45	7.05547e-46	4.35551e-46	3.94028e-47	
F2241	0	0	0	0	0	0	0	0	0	0	1	0	0	0	0	0	0	0	0	0	0	0	0	0	0	0	0	0	0	
F12266	0	0	0	0	0	0	0	0	0	0	1	0	0	0	0	0	0	0	0	0	0	0	0	0	0	0	0	0	0	
Furang	0	0	0	0	0	0	0	0	0	0	1	0	0	0	0	0	0	0	0	0	0	0	0	0	0	0	0	0	0	
Fga490	0	0	0	0	0	0	0	0	0	0	1	0	0	0	0	0	0	0	0	0	0	0	0	0	0	0	0	0	0	
N48	1.16033e-62	3.77539e-55	5.45041e-48	3.63659e-41	1.20297e-34	2.05964e-28	1.88182e-22	9.29028e-17	1.68432e-11	8.82613e-07	0.00773813	0.894367	0.0977735	0.000120507	2.47362e-08	1.71624e-12	5.50135e-17	9.66014e-22	1.03373e-26	8.93061e-32	1.82011e-36	2.45529e-40	6.42285e-44	6.03414e-45	4.61735e-46	1.07904e-46	1.05209e-49	2.98025e-51	3.6623e-54	
N49	9.20318e-59	3.60699e-52	3.59579e-45	1.38518e-38	2.07983e-32	1.15326e-26	1.11529e-21	3.72321e-16	4.50664e-11	1.58051e-06	0.00955778	0.916975	0.0733651	0.000100647	2.44644e-08	2.0949e-12	8.54315e-17	1.94057e-21	2.78544e-26	1.4288e-30	1.21134e-34	5.04962e-37	1.08029e-40	1.06798e-42	5.99809e-43	3.43438e-43	5.30825e-46	2.06812e-47	3.86403e-50	
N50	4.17755e-66	1.94366e-58	5.18085e-51	5.57846e-44	2.5962e-37	5.129e-31	1.64095e-25	2.2902e-19	1.21347e-13	1.98619e-08	0.000645623	0.915336	0.0837602	0.0002578	4.22749e-08	1.90343e-12	3.59047e-17	3.51773e-22	2.18055e-27	1.24778e-31	1.24098e-35	5.98363e-38	1.9408e-42	2.35832e-42	1.99692e-43	1.62619e-44	8.24757e-48	1.15276e-49	6.64701e-53	
N51	1.41058e-59	4.47321e-56	4.9783e-49	2.88211e-42	8.42907e-36	1.33008e-29	1.11454e-23	4.8093e-18	8.27689e-13	4.79277e-08	0.00066438	0.948068	0.0511862	8.17816e-05	2.04089e-08	1.76344e-12	7.25106e-17	1.67713e-21	2.52002e-26	2.05602e-30	3.27512e-34	4.74949e-37	2.99724e-40	5.76537e-42	1.63871e-46	1.26312e-48	1.4519e-53	1.54411e-56	2.18239e-61	
N52	1.00994e-59	6.90396e-53	2.62969e-46	5.88522e-40	8.07995e-34	6.51483e-28	2.80673e-22	5.89829e-17	5.13881e-12	1.56094e-07	0.00118434	0.980684	0.0181112	2.04627e-05	6.07136e-09	7.48956e-13	4.83792e-17	1.8787e-21	4.81992e-26	1.13614e-30	6.00402e-35	1.83573e-37	1.43798e-40	9.48489e-43	4.09318e-47	7.26806e-50	1.77855e-54	5.67811e-58	1.4447e-62	
FGA456	0	0	0	0	0	0	0	0	0	0	0	1	0	0	0	0	0	0	0	0	0	0	0	0	0	0	0	0	0	
N53	1.3905e-46	1.91319e-72	9.54738e-64	6.31182e-49	1.26598e-40	7.53859e-33	4.32609e-36	4.00662e-30	1.11252e-20	2.61805e-13	1.56203e-06	0.99999	8.65706e-06	8.92236e-12	2.83314e-18	9.89712e-37	2.88548e-38	7.1878e-40	1.57999e-41	3.31339e-43	1.19304e-44	3.86422e-44	3.90318e-44	2.45828e-43	2.29732e-44	2.97619e-44	2.27896e-45	1.47969e-45	1.39156e-46	
FGA516	0	0	0	0	0	0	0	0	0	0	0	1	0	0	0	0	0	0	0	0	0	0	0	0	0	0	0	0	0	
FGA513	0	0	0	0	0	0	0	0	0	0	0	1	0	0	0	0	0	0	0	0	0	0	0	0	0	0	0	0	0	
N54	2.35202e-44	7.63005e-43	4.22592e-64	4.36816e-62	2.15965e-41	9.66426e-33	2.87726e-37	2.01577e-30	4.67849e-35	4.35995e-15	1.98565e-07	0.999999	1.17978e-06	1.63535e-13	1.15658e-34	6.59346e-36	3.05759e-37	1.2106e-38	4.22628e-40	1.33593e-41	4.09446e-43	1.07544e-43	9.92955e-44	3.81716e-43	6.37697e-44	7.9778e-44	1.01381e-44	6.46326e-45	9.613e-46	
F12278	0	0	0	0	0	0	0	0	0	0	0	1	0	0	0	0	0	0	0	0	0	0	0	0	0	0	0	0	0	
F12279	0	0	0	0	0	0	0	0	0	0	0	1	0	0	0	0	0	0	0	0	0	0	0	0	0	0	0	0	0	
N55	2.85239e-58	1.34631e-51	3.2498e-45	3.92838e-39	2.399e-33	7.52605e-28	1.32913e-22	1.59578e-17	1.34481e-12	4.38194e-08	0.000425937	0.667036	0.313989	0.0185313	1.74785e-05	5.05064e-09	6.71916e-13	5.02231e-17	2.39034e-21	1.38195e-25	3.93549e-29	5.83532e-31	7.62508e-34	7.18427e-36	4.13349e-40	2.98359e-43	1.05267e-47	3.87956e-51	1.35401e-55	
Furant	0	0	0	0	0	0	0	0	0	0	0	1	0	0	0	0	0	0	0	0	0	0	0	0	0	0	0	0	0	
N56	1.02654e-43	4.61151e-42	1.86012e-40	6.55044e-39	2.99094e-60	3.42305e-38	7.71367e-30	2.89959e-34	4.63901e-28	8.61861e-32	1.76237e-30	3.42999e-11	1.7074e-05	0.999983	4.14581e-07	3.53804e-14	2.72853e-36	7.377e-38	1.78173e-39	4.11136e-41	1.75292e-42	6.23992e-42	6.13926e-42	3.27227e-41	3.32637e-42	2.72704e-42	2.13703e-43	1.28085e-43	1.25092e-44	
FGA331	0	0	0	0	0	0	0	0	0	0	0	0	0	1	0	0	0	0	0	0	0	0	0	0	0	0	0	0	0	
FGA332	0	0	0	0	0	0	0	0	0	0	0	0	0	1	0	0	0	0	0	0	0	0	0	0	0	0	0	0	0	
FGA465	0	0	0	0	0	0	0	0	0	0	1	0	0	0	0	0	0	0	0	0	0	0	0	0	0	0	0	0	0	
N57	9.00031e-56	7.85473e-49	3.50513e-42	7.90401e-36	9.0777e-30	5.14543e-24	1.39663e-18	1.63165e-13	6.98475e-09	8.34841e-05	0.14867	0.835458	0.015772	1.64983e-05	4.91708e-09	6.39529e-13	4.48864e-17	1.93228e-21	5.56424e-26	1.2471e-30	3.7164e-35	4.21028e-38	3.00409e-41	1.38721e-43	8.96758e-48	1.586e-50	4.46243e-55	1.09639e-58	2.91656e-63	
N58	2.81396e-43	7.99987e-42	2.06669e-40	4.66039e-39	1.44135e-38	2.93487e-36	1.21697e-30	7.69268e-34	6.0003e-14	6.52655e-07	0.999945	5.39323e-05	8.63427e-11	2.64457e-33	2.02756e-34	1.19038e-35	5.7466e-37	2.38469e-38	8.76555e-40	2.92719e-41	9.6362e-43	3.12697e-43	2.39938e-43	8.35055e-43	1.39556e-43	1.42786e-43	1.83171e-44	1.14165e-44	1.74491e-45	
FGA99	0	0	0	0	0	0	0	0	0	0	1	0	0	0	0	0	0	0	0	0	0	0	0	0	0	0	0	0	0	
F12269	0	0	0	0	0	0	0	0	0	0	1	0	0	0	0	0	0	0	0	0	0	0	0	0	0	0	0	0	0	
N59	2.76606e-55	2.12748e-48	8.57316e-42	1.7681e-35	1.86011e-29	9.66951e-24	2.34996e-18	2.44582e-13	9.36579e-09	0.000100905	0.165567	0.827594	0.00673228	6.10491e-06	1.71749e-09	2.18448e-13	1.53085e-17	6.68912e-22	2.0044e-26	1.33498e-30	6.17162e-34	1.05497e-35	2.06611e-39	2.36422e-41	9.72192e-46	2.20356e-48	6.05711e-53	3.13653e-56	9.54592e-61	
N60	1.60066e-44	6.17717e-43	2.14115e-41	6.45834e-40	5.02843e-41	1.36301e-38	5.50486e-32	6.29514e-36	6.49763e-16	6.84323e-08	0.99999	9.50013e-06	1.46831e-12	1.73376e-33	9.82935e-35	4.30789e-36	1.56122e-37	4.88027e-39	1.35417e-40	3.47518e-42	1.17891e-43	2.12847e-43	1.7514e-43	8.1753e-43	9.69226e-44	9.3028e-44	8.68708e-45	5.37669e-45	6.17317e-46	
FGA15	0	0	0	0	0	0	0	0	0	0	1	0	0	0	0	0	0	0	0	0	0	0	0	0	0	0	0	0	0	
FGA440	0	0	0	0	0	0	0	0	0	0	1	0	0	0	0	0	0	0	0	0	0	0	0	0	0	0	0	0	0	
N61	1.25244e-43	4.61168e-42	3.56516e-63	4.05461e-61	2.16779e-40	9.1813e-32	3.14695e-36	1.95126e-29	4.72188e-34	3.69339e-14	9.99138e-07	0.999998	6.37257e-07	6.04138e-14	2.30469e-35	9.32898e-37	3.16841e-38	9.37624e-40	2.48276e-41	7.12841e-43	1.20034e-43	5.35436e-43	1.04058e-43	2.93194e-43	3.21335e-44	2.50853e-44	2.13691e-45	1.2638e-45	1.34073e-46	
FGA581	0	0	0	0	0	0	0	0	0	0	0	1	0	0	0	0	0	0	0	0	0	0	0	0	0	0	0	0	0	
FGA582	0	0	0	0	0	0	0	0	0	0	0	1	0	0	0	0	0	0	0	0	0	0	0	0	0	0	0	0	0	
N62	1.39064e-40	2.03867e-39	2.80667e-38	3.39251e-37	3.55987e-36	6.60915e-37	4.09972e-35	5.77749e-35	1.35823e-28	9.49021e-34	3.53439e-13	2.08047e-06	0.999996	2.38257e-06	9.75446e-13	2.91853e-34	3.05304e-35	2.71207e-36	2.11347e-37	1.47882e-38	9.45546e-40	5.66663e-41	3.77285e-42	1.5102e-42	5.61152e-43	6.57347e-43	1.85484e-43	1.379e-43	4.49411e-44	
FGA104	0	0	0	0	0	0	0	0	0	0	0	0	1	0	0	0	0	0	0	0	0	0	0	0	0	0	0	0	0	
FGA105	0	0	0	0	0	0	0	0	0	0	0	0	1	0	0	0	0	0	0	0	0	0	0	0	0	0	0	0	0	
FGA489	0	0	0	0	0	0	0	0	0	0	1	0	0	0	0	0	0	0	0	0	0	0	0	0	0	0	0	0	0	
N63	9.10516e-40	1.11222e-38	9.87093e-63	3.77959e-60	7.91926e-41	5.57538e-34	1.20394e-27	4.29249e-31	6.82989e-27	1.25991e-29	1.7568e-15	8.10711e-10	8.24658e-05	0.999841	7.65145e-05	1.10913e-09	6.14124e-15	6.46146e-35	7.45124e-36	7.58509e-37	6.95139e-38	5.82428e-39	4.52466e-40	3.49379e-41	3.5921e-42	2.04644e-42	8.02589e-43	7.97367e-43	3.93297e-43	
FGA174	0	0	0	0	0	0	0	0	0	0	0	0	0	1	0	0	0	0	0	0	0	0	0	0	0	0	0	0	0	
FGA175	0	0	0	0	0	0	0	0	0	0	0	0	0	1	0	0	0	0	0	0	0	0	0	0	0	0	0	0	0	
FurbGB	0	0	0	0	0	0	0	0	0	0	0	1	0	0	0	0	0	0	0	0	0	0	0	0	0	0	0	0	0	
N64	2.98519e-64	7.29466e-60	8.78153e-56	3.21565e-52	4.67492e-48	2.14554e-42	5.45001e-37	6.48779e-32	1.89458e-27	6.92339e-24	3.32335e-19	8.07784e-15	7.9536e-11	2.58639e-07	0.000211682	0.0314163	0.518449	0.42805	0.02168	0.000192094	5.24362e-07	6.01613e-10	3.50577e-13	1.32075e-16	1.09773e-19	1.13669e-21	3.54887e-24	8.73695e-26	7.23417e-27	
N65	2.73539e-68	2.39078e-62	1.14198e-56	2.7379e-51	3.4363e-46	2.42204e-41	1.11829e-36	4.25984e-32	1.55134e-27	5.00941e-23	9.85019e-19	1.01085e-14	4.99913e-11	1.06084e-07	8.04044e-05	0.0158329	0.428553	0.509386	0.0453184	0.000823673	5.11294e-06	1.43898e-08	2.18614e-11	2.01523e-14	1.23723e-17	7.69549e-21	2.67362e-23	2.66198e-25	2.11159e-26	
N66	2.42988e-68	4.31462e-62	4.04955e-56	1.86304e-50	4.31999e-45	5.22586e-40	3.49011e-35	1.24989e-30	5.8234e-28	7.15774e-25	2.89172e-20	6.25125e-16	6.58378e-12	2.99948e-08	4.88121e-05	0.0195948	0.58322	0.383038	0.0139928	0.000105156	2.772e-07	3.38918e-10	2.27464e-13	9.36493e-17	2.55676e-20	4.90109e-24	6.91521e-28	8.01114e-32	3.52738e-35	
N67	8.17446e-45	1.41816e-43	4.68293e-87	2.87438e-66	1.20024e-63	1.0683e-57	7.13734e-43	4.65909e-36	1.00974e-29	3.74908e-33	8.72742e-33	2.51211e-27	1.50211e-30	1.39764e-34	2.6825e-15	1.01517e-09	9.71419e-05	0.999815	8.78864e-05	1.41698e-09	8.6122e-15	8.39606e-35	1.01072e-35	1.07233e-36	1.0234e-37	8.9245e-39	7.21167e-40	5.66246e-41	8.61209e-42	
CGA312	0	0	0	0	0	0	0	0	0	0	0	0	0	0	0	0	0	1	0	0	0	0	0	0	0	0	0	0	0	
CGA963	0	0	0	0	0	0	0	0	0	0	0	0	0	0	0	0	0	1	0	0	0	0	0	0	0	0	0	0	0	
N68	7.62877e-83	2.45227e-75	5.77899e-68	6.01584e-61	2.81168e-54	5.80794e-48	4.96632e-42	1.22987e-36	8.69123e-35	4.47009e-30	2.53878e-24	7.04942e-19	8.35494e-14	3.57145e-09	3.88844e-05	0.031716	0.695409	0.270014	0.00281916	3.67809e-06	1.28632e-09	1.74038e-13	1.12041e-17	3.89846e-22	7.95197e-27	1.00353e-31	1.23835e-36	2.37555e-37	7.60944e-37	
N69	3.25458e-77	9.97305e-71	7.66054e-64	1.00201e-57	4.15915e-52	1.6971e-47	5.6752e-44	2.71523e-40	5.21765e-36	8.53857e-33	3.50658e-26	1.0271e-19	1.17786e-13	3.25151e-08	0.00054877	0.11291	0.848348	0.0381704	2.29424e-05	1.37606e-09	2.14079e-14	1.28609e-19	3.61832e-25	5.28319e-31	4.24711e-37	4.52939e-43	3.54462e-42	5.01966e-42	4.23769e-41	
N70	1.14076e-73	1.74724e-67	9.58067e-62	1.20807e-56	6.31938e-52	1.48525e-47	1.59864e-43	1.42187e-39	4.80197e-36	3.99166e-31	8.58141e-25	7.00738e-19	2.02819e-13	1.79046e-08	0.000284692	0.10465	0.85966	0.0353751	2.93926e-05	4.2465e-09	1.99057e-13	3.98821e-18	3.83949e-23	3.59109e-27	1.82016e-30	1.34722e-33	1.04152e-36	1.60465e-38	4.24609e-38	
N71	1.28249e-77	1.79216e-70	1.82407e-62	1.20452e-55	2.76623e-49	2.44867e-43	8.18817e-38	9.31481e-33	4.26716e-30	1.21724e-28	1.45828e-23	1.99733e-18	1.23522e-13	2.90015e-09	2.11687e-05	0.028644	0.872306	0.0987865	0.000241798	1.41781e-07	3.28197e-11	3.76614e-15	2.41665e-19	9.32976e-24	2.26867e-28	3.80892e-33	2.27632e-37	6.49332e-39	8.24572e-40	
CGA642	0	0	0	0	0	0	0	0	0	0	0	0	0	0	0	0	1	0	0	0	0	0	0	0	0	0	0	0	0	
N72	1.27591e-66	8.85025e-62	3.3173e-57	6.62762e-53	7.08004e-49	3.93227e-45	1.06608e-41	3.61962e-38	6.42123e-34	2.37136e-30	6.5727e-25	1.7308e-19	2.01432e-14	9.21871e-10	1.31888e-05	0.0351134	0.848195	0.116483	0.000195663	7.49964e-08	1.10329e-11	7.98298e-16	3.26753e-20	8.81387e-25	3.83325e-28	6.83945e-31	2.38918e-34	1.1929e-37	4.14934e-39	
N73	1.81008e-53	1.21382e-51	7.46315e-50	1.22557e-71	1.52775e-70	9.21153e-45	1.46612e-46	1.98453e-37	2.3038e-42	2.46252e-41	9.31053e-34	7.65647e-39	7.20691e-35	4.20798e-16	5.29164e-08	0.999993	6.8787e-06	2.81736e-12	1.81021e-32	1.51267e-33	8.94767e-35	4.16052e-36	1.61308e-37	5.4138e-39	1.61881e-40	4.95756e-42	8.73176e-43	4.54238e-43	1.96324e-42	
CGA763	0	0	0	0	0	0	0	0	0	0	0	0	0	0	0	1	0	0	0	0	0	0	0	0	0	0	0	0	0	
CGA764	0	0	0	0	0	0	0	0	0	0	0	0	0	0	0	1	0	0	0	0	0	0	0	0	0	0	0	0	0	
N74	1.04952e-51	6.61009e-50	3.80764e-48	1.97095e-46	9.12853e-45	6.59016e-66	1.37123e-41	3.1186e-43	2.27843e-34	2.59216e-39	1.89793e-38	1.75232e-30	3.00877e-35	1.15652e-32	7.56228e-32	2.97487e-13	3.15081e-06	0.999997	2.30141e-07	9.68558e-15	1.11535e-35	4.26128e-37	1.40744e-38	4.14049e-40	1.21623e-41	1.32645e-42	3.64203e-43	7.53619e-43	3.9253e-42	
C601	0	0	0	0	0	0	0	0	0	0	0	0	0	0	0	0	0	1	0	0	0	0	0	0	0	0	0	0	0	
C602	0	0	0	0	0	0	0	0	0	0	0	0	0	0	0	0	0	1	0	0	0	0	0	0	0	0	0	0	0	
N75	3.0916e-67	3.0229e-62	1.54514e-57	4.14869e-53	6.20863e-49	5.48225e-45	2.84714e-41	3.76256e-38	9.69348e-34	1.24738e-27	6.26862e-22	1.21211e-16	8.29471e-12	1.69294e-07	0.000649096	0.120414	0.847173	0.0317161	4.77999e-05	1.63586e-08	2.1025e-12	1.2648e-16	3.96103e-21	1.51616e-25	4.40808e-28	9.67924e-31	6.32013e-34	3.32983e-37	9.11103e-37	
CGA236	0	0	0	0	0	0	0	0	0	0	0	0	0	0	0	0	1	0	0	0	0	0	0	0	0	0	0	0	0	
N76	1.22671e-61	3.90326e-57	7.64223e-53	8.32762e-49	7.82882e-46	8.58634e-44	2.13603e-38	6.43416e-33	1.61363e-27	2.34292e-22	1.59257e-17	4.63288e-13	4.97447e-09	1.51488e-05	0.00781297	0.227221	0.738378	0.026499	7.45941e-05	5.82975e-08	1.94305e-11	3.42045e-15	3.60152e-19	2.53917e-23	1.52292e-26	6.04587e-29	7.75573e-32	1.0957e-34	5.14417e-36	
N77	1.76305e-65	3.15931e-59	2.98957e-53	1.48053e-47	4.174e-42	7.11861e-37	7.12294e-32	3.71276e-27	7.50514e-23	1.47178e-19	3.94499e-15	5.44924e-11	2.94735e-07	0.000441742	0.0246354	0.290585	0.619158	0.064897	0.000281845	3.74937e-07	2.29499e-10	7.8767e-14	1.7075e-17	2.53756e-21	2.90796e-25	7.69836e-29	5.76838e-32	2.49204e-34	2.93454e-36	
Calboe	0	0	0	0	0	0	0	0	0	0	0	0	0	1	0	0	0	0	0	0	0	0	0	0	0	0	0	0	0	
C3125	0	0	0	0	0	0	0	0	0	0	0	0	0	0	0	0	0	1	0	0	0	0	0	0	0	0	0	0	0	
N78	7.02616e-47	1.75002e-45	4.11038e-44	8.7523e-43	1.74355e-83	2.90241e-40	1.75331e-60	1.66805e-58	4.20011e-58	6.91148e-41	3.58801e-55	4.93164e-34	3.92574e-34	4.88609e-17	1	2.80898e-15	1.12682e-30	5.90132e-32	1.29533e-32	1.96956e-33	2.31166e-34	2.23127e-35	1.84531e-36	1.34532e-37	8.82819e-39	5.30806e-40	3.05601e-41	3.26269e-42	4.30488e-42	
CGA429	0	0	0	0	0	0	0	0	0	0	0	0	0	0	1	0	0	0	0	0	0	0	0	0	0	0	0	0	0	
CGA430	0	0	0	0	0	0	0	0	0	0	0	0	0	0	1	0	0	0	0	0	0	0	0	0	0	0	0	0	0	
N79	1.39805e-62	2.72724e-57	2.89637e-52	1.64234e-47	2.48771e-43	7.23058e-41	2.55355e-38	5.75231e-34	1.38356e-28	9.61806e-23	2.83705e-17	3.15314e-12	1.05822e-07	0.000664122	0.14771	0.573123	0.274646	0.00385558	1.52926e-06	1.8132e-10	9.68109e-15	2.82444e-19	5.01409e-24	5.82767e-29	4.83017e-33	4.79354e-36	1.95746e-37	1.63569e-38	2.75058e-38	
N80	4.00184e-45	8.32464e-44	1.63983e-42	2.91894e-41	1.21039e-82	7.65391e-61	7.76422e-43	2.4176e-57	2.09534e-41	4.20214e-55	5.31038e-34	3.1623e-34	4.33452e-17	1	2.88007e-15	1.38675e-30	1.71577e-31	5.9572e-32	1.25612e-32	1.91317e-33	2.30473e-34	2.31955e-35	2.02221e-36	1.56666e-37	1.0992e-38	7.10079e-40	4.41383e-41	5.56525e-42	7.06368e-42	
C985	0	0	0	0	0	0	0	0	0	0	0	0	0	1	0	0	0	0	0	0	0	0	0	0	0	0	0	0	0	
C984	0	0	0	0	0	0	0	0	0	0	0	0	0	1	0	0	0	0	0	0	0	0	0	0	0	0	0	0	0	
N81	1.58734e-59	4.38003e-55	7.4165e-51	6.4544e-47	7.64472e-44	8.8455e-42	4.23576e-36	2.01997e-30	5.82091e-25	8.10706e-20	5.07629e-15	1.27128e-10	1.03794e-06	0.00184964	0.246046	0.587573	0.163041	0.0014885	1.11621e-06	2.99702e-10	4.01288e-14	3.14541e-18	1.58639e-22	8.02942e-27	2.02321e-29	7.58373e-32	1.09612e-34	8.26674e-38	5.76261e-39	
N82	6.09153e-86	1.37115e-77	1.06554e-63	9.60964e-56	2.0189e-48	1.25495e-41	2.34251e-35	1.89654e-33	6.60869e-33	5.51074e-27	7.60843e-21	6.06431e-15	1.42094e-09	9.72595e-05	0.997934	0.00196798	4.94934e-07	2.57864e-11	3.78076e-16	1.8117e-21	2.5349e-27	2.78383e-36	2.12834e-37	1.45167e-38	8.99671e-40	5.17306e-41	3.14675e-42	1.1045e-42	2.17254e-42	
CGA310	0	0	0	0	0	0	0	0	0	0	0	0	0	0	1	0	0	0	0	0	0	0	0	0	0	0	0	0	0	
CGA314	0	0	0	0	0	0	0	0	0	0	0	0	0	0	1	0	0	0	0	0	0	0	0	0	0	0	0	0	0	
N83	6.71476e-64	9.66161e-58	7.50373e-52	3.17982e-46	8.37147e-41	1.56306e-35	2.17071e-30	2.10041e-25	1.39102e-20	4.7443e-16	7.65637e-12	5.1757e-08	0.00011885	0.0599159	0.737075	0.19556	0.00730145	2.83453e-05	3.6352e-08	2.20172e-11	7.57591e-15	1.66004e-18	2.50331e-22	2.75198e-26	2.37333e-30	3.23709e-34	1.69682e-37	6.41988e-40	5.25491e-42	
N84	3.42724e-47	1.21966e-45	6.35112e-89	2.64938e-65	7.39355e-60	1.84327e-43	1.25934e-36	1.48773e-34	4.61871e-34	1.68336e-28	4.60375e-31	6.24384e-16	3.90089e-10	6.18888e-05	0.999583	0.00035526	1.48165e-08	1.67645e-13	1.27284e-34	9.65446e-36	5.95369e-37	3.12163e-38	1.43526e-39	5.94009e-41	2.29364e-42	1.72975e-43	1.03407e-43	4.14844e-43	7.64256e-43	
CGA382	0	0	0	0	0	0	0	0	0	0	0	0	0	0	1	0	0	0	0	0	0	0	0	0	0	0	0	0	0	
CGA365	0	0	0	0	0	0	0	0	0	0	0	0	0	0	1	0	0	0	0	0	0	0	0	0	0	0	0	0	0	
N85	1.18644e-47	4.27674e-46	1.42648e-44	4.27366e-43	5.49509e-65	5.76164e-43	2.21621e-34	4.8482e-39	1.55109e-32	2.10708e-36	2.18397e-34	3.52208e-15	1.52478e-07	0.999988	1.21691e-05	1.41871e-11	3.78624e-32	6.43958e-33	7.13278e-34	5.89796e-35	3.93086e-36	2.21546e-37	1.09079e-38	4.81017e-40	1.95002e-41	9.22964e-43	2.22988e-43	7.97217e-43	2.24095e-42	
CGA494	0	0	0	0	0	0	0	0	0	0	0	0	0	1	0	0	0	0	0	0	0	0	0	0	0	0	0	0	0	
CGA495	0	0	0	0	0	0	0	0	0	0	0	0	0	1	0	0	0	0	0	0	0	0	0	0	0	0	0	0	0	
N86	1.238e-75	1.50454e-68	8.41072e-62	2.15134e-55	2.57061e-49	1.42191e-43	3.45744e-38	3.12825e-33	1.95047e-30	1.43665e-28	1.35568e-23	1.27918e-18	5.77976e-14	1.09813e-09	7.08351e-06	0.009914	0.404634	0.552374	0.0329625	0.000107467	9.47854e-08	3.48246e-11	6.61489e-15	7.3928e-19	5.31916e-23	2.99982e-27	3.6731e-31	3.602e-34	1.25214e-34	
N87	3.13967e-65	1.58928e-60	4.40829e-56	6.44966e-52	3.90776e-48	5.68015e-45	1.23691e-42	6.98467e-38	1.04283e-33	4.61472e-29	1.16672e-23	1.53974e-18	9.2631e-14	2.21182e-09	1.6361e-05	0.0218486	0.446275	0.517969	0.0138661	2.42663e-05	1.1873e-08	2.47117e-12	2.70823e-16	1.77853e-20	7.63724e-25	2.64287e-29	2.81189e-32	1.92055e-35	2.01533e-37	
C12265	0	0	0	0	0	0	0	0	0	0	0	0	0	0	0	0	0	1	0	0	0	0	0	0	0	0	0	0	0	
N88	5.48347e-82	2.69867e-74	4.65412e-66	1.03751e-58	8.10889e-52	2.43313e-45	2.68062e-39	6.49358e-34	3.98571e-32	2.60743e-28	1.69657e-22	6.99564e-17	1.16039e-11	6.42059e-07	0.00791322	0.932352	0.0591919	0.000542024	3.23225e-07	3.77259e-11	1.65592e-15	3.45434e-20	3.83407e-25	2.52585e-30	1.79422e-34	1.36827e-37	1.91028e-40	1.37711e-42	1.21075e-43	
C404	0	0	0	0	0	0	0	0	0	0	0	0	0	0	1	0	0	0	0	0	0	0	0	0	0	0	0	0	0	
N89	3.16735e-69	5.74973e-64	5.38406e-59	2.60685e-54	6.51235e-50	8.07166e-46	4.5893e-42	8.78639e-38	4.10608e-36	6.92083e-30	1.09178e-23	7.25855e-18	1.86138e-12	1.54972e-07	0.00257192	0.965552	0.0317824	9.30884e-05	1.96639e-08	1.08375e-12	2.49245e-17	2.98417e-22	2.0772e-27	1.86094e-32	2.63396e-36	1.34042e-39	3.13697e-43	3.83956e-47	4.0595e-49	
N90	5.6682e-54	4.72509e-52	3.58408e-50	9.60405e-70	1.45833e-68	7.98522e-45	2.02294e-44	2.78239e-36	4.37679e-40	5.34749e-39	1.94434e-32	2.00094e-36	1.45681e-34	1.08216e-13	9.81366e-07	0.999994	5.51238e-06	3.38169e-12	6.50088e-35	2.79858e-36	9.5269e-38	2.70534e-39	6.64544e-41	1.67041e-42	6.68585e-44	2.35503e-44	8.47164e-45	4.64061e-44	3.14508e-43	
Cl11778	0	0	0	0	0	0	0	0	0	0	0	0	0	0	0	1	0	0	0	0	0	0	0	0	0	0	0	0	0	
Cl11779	0	0	0	0	0	0	0	0	0	0	0	0	0	0	0	1	0	0	0	0	0	0	0	0	0	0	0	0	0	
N91	8.69493e-85	1.94934e-76	1.63133e-68	5.42389e-61	7.39507e-54	4.08842e-47	8.53361e-41	5.28725e-35	4.7479e-36	3.72539e-32	8.47565e-26	9.14464e-20	4.02488e-14	6.16411e-09	0.000239146	0.997779	0.00198178	3.48303e-07	1.56392e-11	2.73246e-16	2.27962e-21	1.01643e-26	2.56378e-32	6.25264e-38	2.88909e-43	6.54285e-48	2.68805e-53	7.25189e-58	2.62806e-43	
CGA594	0	0	0	0	0	0	0	0	0	0	0	0	0	0	0	1	0	0	0	0	0	0	0	0	0	0	0	0	0	
CGA48	0	0	0	0	0	0	0	0	0	0	0	0	0	0	0	1	0	0	0	0	0	0	0	0	0	0	0	0	0	
N92	1.389e-47	4.46774e-46	1.34241e-44	3.65004e-43	8.93849e-42	1.9602e-40	3.82302e-39	6.57529e-38	4.30791e-38	2.98983e-36	1.3968e-34	1.02216e-34	1.80247e-28	2.39798e-33	2.0699e-31	5.30355e-31	1.56057e-11	1.14916e-05	0.999987	1.53625e-06	4.67445e-13	4.95939e-35	3.33993e-36	1.97201e-37	1.04415e-38	5.08167e-40	2.61219e-41	6.31229e-42	1.57253e-41	
C3134	0	0	0	0	0	0	0	0	0	0	0	0	0	0	0	0	0	0	1	0	0	0	0	0	0	0	0	0	0	
C3126	0	0	0	0	0	0	0	0	0	0	0	0	0	0	0	0	0	0	1	0	0	0	0	0	0	0	0	0	0	
N93	7.27088e-72	3.63185e-65	8.79839e-59	9.80386e-53	5.12177e-47	1.27663e-41	1.47928e-36	7.93149e-32	1.93358e-27	5.27698e-26	3.89676e-24	5.56779e-20	9.72231e-16	1.07072e-11	4.8019e-08	7.10178e-05	0.0236735	0.803976	0.170044	0.00222794	7.33654e-06	9.52687e-09	6.16543e-12	2.29446e-15	5.40027e-19	8.59339e-23	9.72192e-27	8.40157e-31	1.21969e-34	
CGA311	0	0	0	0	0	0	0	0	0	0	0	0	0	0	0	0	0	1	0	0	0	0	0	0	0	0	0	0	0	
N94	2.26482e-69	1.41642e-64	4.91766e-60	8.97472e-56	6.59827e-52	8.17177e-49	4.08541e-45	7.49119e-40	4.10903e-35	6.44084e-33	7.0632e-28	1.16208e-22	9.42222e-18	3.3839e-13	4.63259e-09	1.89266e-05	0.0147313	0.807184	0.17627	0.00179222	3.84322e-06	2.88508e-09	9.87777e-13	1.8141e-16	1.99323e-20	1.44472e-24	3.96074e-28	1.93058e-31	4.75797e-33	
N95	1.5116e-84	5.83503e-77	9.68454e-70	7.05069e-63	2.32858e-56	3.54638e-50	2.45891e-44	7.41263e-39	8.43762e-34	7.97345e-32	1.47436e-28	1.76515e-23	1.88857e-18	1.10989e-13	2.58173e-09	1.87475e-05	0.0258803	0.930579	0.043406	0.000116026	7.45584e-08	1.8517e-11	2.26338e-15	1.57204e-19	6.8087e-24	1.96214e-28	5.28387e-33	7.94836e-37	1.6374e-39	
N96	1.7992e-51	7.26321e-50	2.74269e-48	9.44505e-47	2.95564e-45	8.36872e-44	1.93879e-66	3.32865e-43	4.08798e-41	1.43243e-41	2.32222e-33	3.11837e-37	4.02023e-35	3.66611e-34	7.62195e-15	2.24776e-07	0.999991	9.04955e-06	4.20576e-12	6.26569e-33	7.59727e-34	6.94284e-35	5.14286e-36	3.23256e-37	1.77865e-38	8.76475e-40	4.02791e-41	2.37542e-42	1.88441e-42	
CGA45	0	0	0	0	0	0	0	0	0	0	0	0	0	0	0	0	1	0	0	0	0	0	0	0	0	0	0	0	0	
CGA46	0	0	0	0	0	0	0	0	0	0	0	0	0	0	0	0	1	0	0	0	0	0	0	0	0	0	0	0	0	
N97	8.71542e-70	6.77603e-65	2.90065e-60	6.70451e-56	6.06833e-52	7.84867e-49	1.93052e-46	2.99883e-41	2.0739e-36	7.63105e-35	5.76408e-30	1.73874e-24	2.71606e-19	1.99246e-14	6.00229e-10	5.91231e-06	0.0119094	0.956303	0.0317137	6.77212e-05	3.57789e-08	7.43871e-12	7.72377e-16	4.61929e-20	1.77336e-24	1.27084e-28	5.63257e-31	2.30364e-34	3.16497e-36	
N98	1.19191e-83	2.58331e-76	2.70186e-69	1.36855e-62	3.38916e-56	4.02968e-50	2.18108e-44	4.81856e-39	3.04792e-34	1.37366e-34	3.14841e-31	9.67323e-26	1.72593e-20	1.53146e-15	5.88221e-11	8.06817e-07	0.00275956	0.987292	0.0099363	1.10919e-05	3.59088e-09	4.97748e-13	3.63773e-17	1.59276e-21	4.55238e-26	9.43925e-31	1.42052e-34	2.71828e-38	6.20805e-41	
N99	5.52488e-99	3.42464e-90	4.49379e-82	1.15727e-71	1.73193e-63	6.83679e-56	8.27033e-49	3.14604e-42	3.82611e-36	9.31965e-38	1.32587e-36	2.30312e-31	2.32208e-27	7.28379e-21	6.82392e-15	1.8103e-09	0.000127494	0.999459	0.000413046	2.20552e-08	3.71744e-13	2.14041e-18	4.47558e-24	2.9535e-30	1.42234e-41	3.19012e-43	2.3247e-43	6.21467e-44	3.07908e-43	
C3043	0	0	0	0	0	0	0	0	0	0	0	0	0	0	0	0	0	1	0	0	0	0	0	0	0	0	0	0	0	
CGA87	0	0	0	0	0	0	0	0	0	0	0	0	0	0	0	0	0	1	0	0	0	0	0	0	0	0	0	0	0	
N100	9.0102e-96	6.40044e-87	1.67839e-78	1.76028e-70	7.7209e-63	1.47372e-55	1.17791e-48	3.66388e-42	3.5192e-36	1.27784e-37	2.02098e-36	3.26529e-31	2.02581e-26	2.77131e-20	1.57571e-14	3.20001e-09	0.000169567	0.999273	0.000557736	3.99573e-08	8.84269e-13	8.41274e-18	4.04786e-23	1.07834e-28	1.6625e-34	1.77875e-40	4.80434e-45	2.22978e-50	1.00321e-54	
CGA368	0	0	0	0	0	0	0	0	0	0	0	0	0	0	0	0	0	1	0	0	0	0	0	0	0	0	0	0	0	
CGA557	0	0	0	0	0	0	0	0	0	0	0	0	0	0	0	0	0	1	0	0	0	0	0	0	0	0	0	0	0	
CGA364	0	0	0	0	0	0	0	0	0	0	0	0	0	0	0	0	0	1	0	0	0	0	0	0	0	0	0	0	0	
C2208	0	0	0	0	0	0	0	0	0	0	0	0	0	0	0	0	0	0	1	0	0	0	0	0	0	0	0	0	0	
N101	2.2535e-64	1.65925e-58	6.59671e-53	1.29765e-47	1.27004e-42	6.05198e-38	1.33019e-33	1.2009e-29	2.73605e-26	3.99015e-25	5.56146e-21	6.50051e-17	3.96455e-13	1.15734e-09	1.42769e-06	0.000612125	0.0651748	0.8747	0.0587294	0.000778948	3.75633e-06	8.71945e-09	1.14728e-11	9.52314e-15	5.37679e-18	2.18306e-21	6.6541e-25	1.58677e-28	3.82785e-32	
N102	2.00853e-79	2.56112e-72	1.5909e-65	4.77794e-59	6.99396e-53	4.89619e-47	1.55188e-41	1.96701e-36	4.12192e-32	3.43339e-32	1.52916e-27	2.30357e-22	1.85128e-17	6.8573e-13	1.01204e-08	4.65973e-05	0.040634	0.943667	0.0156178	3.48754e-05	2.35754e-08	6.86635e-12	1.04942e-15	9.53464e-20	5.60772e-24	2.27285e-28	7.35434e-33	4.22465e-37	6.87947e-40	
N103	3.44392e-54	2.24421e-52	7.43758e-95	1.63224e-73	2.42581e-70	5.39825e-64	1.81025e-48	2.94798e-41	1.60038e-34	2.96837e-37	2.44958e-36	1.7762e-30	5.35179e-33	2.54413e-36	1.7723e-16	1.7261e-10	4.26693e-05	0.999881	7.63809e-05	8.00928e-10	2.83375e-15	3.79796e-36	1.68464e-37	6.4048e-39	2.14654e-40	6.60155e-42	5.11508e-43	1.64057e-43	5.92656e-43	
CGA453	0	0	0	0	0	0	0	0	0	0	0	0	0	0	0	0	0	1	0	0	0	0	0	0	0	0	0	0	0	
CGA383	0	0	0	0	0	0	0	0	0	0	0	0	0	0	0	0	0	1	0	0	0	0	0	0	0	0	0	0	0	
N104	1.0529e-85	3.50672e-78	5.55561e-71	4.19616e-64	1.52593e-57	2.62378e-51	2.02177e-45	6.00689e-40	3.83656e-36	1.96327e-34	1.2176e-29	4.55954e-24	9.09858e-19	8.54797e-14	3.25532e-09	3.92648e-05	0.0886306	0.907421	0.00390681	2.49912e-06	5.14944e-10	4.78122e-14	2.41262e-18	7.44898e-23	1.5285e-27	2.66979e-32	2.29894e-35	3.24039e-39	1.19375e-41	
N105	1.11529e-56	1.11859e-54	1.02421e-52	8.4607e-51	6.28314e-49	5.37508e-69	2.47075e-45	6.76051e-46	3.00601e-37	1.55837e-41	1.94636e-40	1.15452e-32	9.73249e-37	9.67299e-35	1.30907e-33	9.29585e-14	1.47709e-06	0.999998	8.44267e-07	1.00807e-13	1.46951e-35	4.89411e-37	1.35113e-38	3.21471e-40	6.88787e-42	2.65562e-43	2.1025e-43	8.08536e-44	4.79554e-43	
CGA501	0	0	0	0	0	0	0	0	0	0	0	0	0	0	0	0	0	1	0	0	0	0	0	0	0	0	0	0	0	
C11776	0	0	0	0	0	0	0	0	0	0	0	0	0	0	0	0	0	1	0	0	0	0	0	0	0	0	0	0	0	
N106	1.14971e-57	1.20403e-55	1.15362e-53	1.00018e-51	7.82319e-50	5.50003e-48	4.47983e-70	1.8874e-46	5.65855e-44	4.81682e-44	1.58136e-35	6.10423e-39	1.32362e-36	2.87719e-35	2.01795e-15	1.16806e-07	0.999977	2.32188e-05	4.78738e-12	1.89759e-33	8.93873e-35	3.22499e-36	9.52875e-38	2.4048e-39	5.34156e-41	1.22949e-42	8.55801e-43	2.34866e-43	1.1242e-42	
C3121	0	0	0	0	0	0	0	0	0	0	0	0	0	0	0	0	1	0	0	0	0	0	0	0	0	0	0	0	0	
C3123	0	0	0	0	0	0	0	0	0	0	0	0	0	0	0	0	1	0	0	0	0	0	0	0	0	0	0	0	0	
N107	1.64419e-83	1.29362e-75	3.9322e-68	4.92415e-61	2.67086e-54	6.41378e-48	6.6144e-42	2.71069e-36	3.41636e-31	9.13494e-33	6.02244e-32	3.84937e-27	5.17987e-22	9.48202e-17	7.11654e-12	1.87723e-07	0.00127451	0.995728	0.00299563	1.30293e-06	1.82639e-10	1.12428e-14	3.54701e-19	6.26298e-24	6.45852e-29	3.93307e-34	1.40824e-39	3.42209e-45	4.58975e-50	
Calparcri	0	0	0	0	0	0	0	0	0	0	0	0	0	0	0	0	0	1	0	0	0	0	0	0	0	0	0	0	0	
C3118	0	0	0	0	0	0	0	0	0	0	0	0	0	0	0	0	0	1	0	0	0	0	0	0	0	0	0	0	0	
N108	2.44363e-68	6.20513e-63	7.85508e-58	4.99334e-53	1.61523e-48	2.57051e-44	2.30206e-40	7.30969e-35	2.6409e-29	3.78734e-24	8.27043e-19	5.48458e-14	7.05065e-10	1.86717e-06	0.000974584	0.0800338	0.663743	0.253293	0.0019516	2.23728e-06	7.38374e-10	9.73175e-14	6.10075e-18	2.4947e-22	2.29908e-25	7.01083e-28	1.30293e-30	4.12593e-34	4.34168e-35	
N109	5.97452e-69	1.09225e-62	1.02495e-56	4.71351e-51	1.07827e-45	1.23254e-40	7.1123e-36	2.06372e-31	2.62136e-27	2.80539e-23	6.29795e-19	7.40359e-15	4.02921e-11	8.99757e-08	6.84666e-05	0.0129998	0.339349	0.575638	0.0703401	0.00159355	1.12878e-05	3.37615e-08	5.14884e-11	4.54907e-14	2.56597e-17	1.15906e-20	1.25621e-23	1.39693e-25	3.4065e-27	
N110	1.83284e-66	2.09817e-60	1.3075e-54	4.25684e-49	7.57102e-44	7.56599e-39	4.30067e-34	1.46226e-29	3.37526e-25	6.50999e-21	8.0963e-17	4.54605e-13	1.02451e-09	8.53329e-07	0.000238922	0.0191222	0.321356	0.597846	0.0602857	0.00114354	7.13016e-06	1.96845e-08	2.8844e-11	2.53055e-14	1.44748e-17	5.75223e-21	1.6907e-24	4.91787e-28	1.73948e-30	
N111	3.9542e-62	7.69505e-56	7.96822e-50	4.177e-44	1.12292e-38	1.53219e-33	1.02419e-28	3.10026e-24	3.20838e-20	4.9608e-17	4.9803e-13	1.82478e-09	7.18908e-07	9.20347e-05	0.004484	0.0806377	0.443444	0.452603	0.0185918	0.00014599	4.03059e-07	5.26094e-10	3.85476e-13	1.77207e-16	5.5233e-20	1.23624e-23	2.15553e-27	4.84676e-31	3.08687e-33	
N112	1.02205e-67	2.37008e-61	2.79462e-55	1.5743e-49	4.27486e-44	5.54758e-39	3.40163e-34	1.00464e-29	1.26768e-25	7.49553e-24	4.11861e-20	5.99417e-16	3.85916e-12	9.84489e-09	8.79607e-06	0.00229387	0.127544	0.805289	0.0641087	0.000753039	2.67561e-06	4.0449e-09	3.17178e-12	1.46712e-15	4.3828e-19	9.38068e-23	2.59775e-26	1.17399e-28	8.8601e-31	
Triowe	0	0	0	0	0	0	0	0	0	0	0	0	0	0	0	0	0	1	0	0	0	0	0	0	0	0	0	0	0	
N113	6.31908e-72	1.0765e-65	9.54215e-60	4.07217e-54	8.44564e-49	8.413e-44	3.93686e-39	8.64748e-35	1.01884e-30	2.02251e-26	8.06336e-22	1.72346e-17	1.81129e-13	8.46099e-10	1.5099e-06	0.000810199	0.086751	0.837794	0.0737002	0.000939103	3.64018e-06	6.06663e-09	5.30114e-12	2.75956e-15	9.36985e-19	2.49627e-22	4.98873e-25	1.34554e-27	8.31505e-29	
Trijoh	0	0	0	0	0	0	0	0	0	0	0	0	0	0	0	0	0	1	0	0	0	0	0	0	0	0	0	0	0	
Trimel	0	0	0	0	0	0	0	0	0	0	0	0	0	0	0	0	0	1	0	0	0	0	0	0	0	0	0	0	0	
N114	2.2523e-55	5.19364e-49	6.42355e-43	4.21364e-37	1.55624e-31	3.33935e-26	4.09089e-21	2.82313e-16	9.03671e-12	1.18494e-07	0.000503556	0.396536	0.481302	0.112466	0.00889736	0.000290659	4.10915e-06	2.29341e-08	3.45783e-11	2.14845e-14	7.12639e-18	1.45641e-21	2.00473e-25	1.97418e-29	1.45237e-33	8.24476e-38	3.70592e-42	1.36648e-46	7.26915e-51	
N115	1.01466e-56	5.03732e-50	1.36365e-43	1.93263e-37	1.43379e-31	5.45524e-26	1.02473e-20	8.94469e-16	3.27671e-11	4.27673e-07	0.00146652	0.652935	0.323243	0.021954	0.000398713	2.52951e-06	6.26016e-09	6.12821e-12	2.30117e-15	4.3268e-19	4.81853e-23	3.5324e-27	1.83112e-31	7.1998e-36	2.62286e-40	3.02547e-43	8.19642e-47	6.69354e-49	1.04146e-51	
Trihoe	0	0	0	0	0	0	0	0	0	0	0	1	0	0	0	0	0	0	0	0	0	0	0	0	0	0	0	0	0	
Tribit	0	0	0	0	0	0	0	0	0	0	0	1	0	0	0	0	0	0	0	0	0	0	0	0	0	0	0	0	0	
Trijac	0	0	0	0	0	0	0	0	0	0	0	1	0	0	0	0	0	0	0	0	0	0	0	0	0	0	0	0	0	
N116	1.27312e-66	1.23791e-60	6.43204e-55	1.65124e-49	2.11397e-44	1.33593e-39	4.09531e-35	6.10673e-31	4.08755e-27	4.22861e-25	5.06601e-21	6.47452e-17	4.24675e-13	1.30536e-09	1.6502e-06	0.000699107	0.0697288	0.816308	0.110834	0.00241116	1.66551e-05	5.05829e-08	8.16335e-11	7.91884e-14	5.03251e-17	2.23269e-20	7.29458e-24	2.03956e-27	2.59576e-30	
Tricri	0	0	0	0	0	0	0	0	0	0	0	0	0	0	0	0	0	1	0	0	0	0	0	0	0	0	0	0	0	
N117	4.81849e-72	7.58145e-66	6.26075e-60	2.54165e-54	5.10401e-49	4.97202e-44	2.24291e-39	4.28773e-35	2.62803e-31	8.97186e-28	3.96054e-23	1.0084e-18	1.32856e-14	8.31287e-11	2.17211e-07	0.00019276	0.0400683	0.861032	0.0971924	0.00150765	6.97978e-06	1.37612e-08	1.41477e-11	8.6366e-15	3.4252e-18	9.44283e-22	2.2217e-25	1.22795e-28	2.28635e-30	
Triwie	0	0	0	0	0	0	0	0	0	0	0	0	0	0	0	0	0	1	0	0	0	0	0	0	0	0	0	0	0	
Triqua	0	0	0	0	0	0	0	0	0	0	0	0	0	0	0	0	0	1	0	0	0	0	0	0	0	0	0	0	0	
N118	1.51931e-63	4.32653e-58	8.27076e-53	9.4569e-48	6.87985e-43	3.34823e-38	1.15011e-33	2.85754e-29	4.92918e-25	5.4842e-21	3.57538e-17	1.27335e-13	2.3311e-10	2.00985e-07	7.14987e-05	0.00846911	0.225883	0.604868	0.151797	0.00872852	0.000181279	1.76059e-06	9.40731e-09	3.08797e-11	6.74444e-14	1.06421e-16	2.14857e-19	2.59117e-21	3.57311e-22	
N119	4.57161e-61	9.90419e-56	1.21596e-50	7.4501e-46	2.30572e-41	3.59551e-37	2.84572e-33	1.25096e-29	4.31806e-26	2.65289e-22	1.9925e-18	8.47261e-15	1.91456e-11	2.1301e-08	1.04246e-05	0.00188316	0.0933956	0.719916	0.175914	0.0087253	0.000154092	1.28256e-06	5.94914e-09	1.71813e-11	3.34127e-14	4.63715e-17	4.80356e-20	3.86781e-23	3.22287e-26	
Kinboe	0	0	0	0	0	0	0	0	0	0	0	0	0	0	0	0	0	1	0	0	0	0	0	0	0	0	0	0	0	
Kinfis	0	0	0	0	0	0	0	0	0	0	0	0	0	0	0	0	0	1	0	0	0	0	0	0	0	0	0	0	0	
Kinxen	0	0	0	0	0	0	0	0	0	0	0	0	0	0	0	0	0	1	0	0	0	0	0	0	0	0	0	0	0	
N120	1.12477e-49	1.04126e-45	6.38543e-42	2.30137e-38	3.12861e-35	2.02604e-33	1.47826e-31	1.47907e-26	8.11226e-22	2.01947e-17	2.05416e-13	6.94995e-10	4.93009e-07	0.000102671	0.00700931	0.144503	0.640408	0.205912	0.00205811	5.37388e-06	6.01483e-09	3.61423e-12	1.32491e-15	3.21758e-19	1.43265e-22	2.00034e-24	8.87029e-26	1.5823e-28	4.20119e-29	
N121	6.52101e-45	1.28577e-39	1.54843e-34	9.79709e-30	3.3251e-25	6.06346e-21	5.84475e-17	2.87157e-13	6.75012e-10	6.83535e-07	0.000248525	0.0226198	0.179351	0.380947	0.302061	0.100393	0.0137335	0.000638385	7.37227e-06	3.95561e-08	1.2384e-10	2.55272e-13	3.73888e-16	4.10314e-19	3.50916e-22	2.41233e-25	1.38677e-28	8.62527e-32	5.25556e-34	
N122	1.07543e-53	2.52399e-47	3.25743e-41	2.20353e-35	7.90191e-30	1.47808e-24	1.39905e-19	6.39216e-15	1.24943e-10	9.02538e-07	0.00184109	0.567635	0.390807	0.0386522	0.00105318	1.01424e-05	3.8564e-08	6.15627e-11	4.60053e-14	1.87378e-17	4.66887e-21	7.72823e-25	9.02324e-29	7.77279e-33	5.11395e-37	2.64217e-41	1.10484e-45	4.91709e-50	1.14488e-53	
N123	8.58059e-59	5.90195e-52	2.03738e-45	3.66663e-39	3.70062e-33	2.15073e-27	6.92943e-22	1.21753e-16	8.67864e-12	2.11115e-07	0.00126905	0.888723	0.108903	0.00110224	2.28981e-06	1.52595e-09	4.27854e-13	6.05069e-17	4.89713e-21	2.48304e-25	8.42887e-30	2.0155e-34	3.64567e-39	2.52681e-43	2.58608e-47	2.80526e-50	1.41497e-54	7.47326e-58	5.17312e-62	
N124	3.03445e-56	1.53183e-49	4.15241e-43	5.80515e-37	4.19588e-31	1.53985e-25	2.76491e-20	2.28335e-15	7.8095e-11	9.3015e-07	0.00277377	0.927027	0.0698162	0.000381604	4.83263e-07	2.3185e-10	5.45953e-14	7.38374e-18	6.36792e-22	3.89722e-26	2.61649e-30	4.74803e-33	9.38315e-36	2.1867e-37	2.8087e-41	2.36389e-43	1.65286e-47	3.88737e-50	4.06079e-54	
Chaafr	0	0	0	0	0	0	0	0	0	0	0	1	0	0	0	0	0	0	0	0	0	0	0	0	0	0	0	0	0	
Chacha	0	0	0	0	0	0	0	0	0	0	0	1	0	0	0	0	0	0	0	0	0	0	0	0	0	0	0	0	0	
N125	5.3337e-56	2.35509e-49	5.75829e-43	7.47547e-37	5.12463e-31	1.80642e-25	3.13714e-20	2.51904e-15	8.39547e-11	9.77937e-07	0.00286491	0.943209	0.0536878	0.000236729	2.58602e-07	1.1152e-10	2.42383e-14	3.07882e-18	2.52108e-22	1.44472e-26	7.11786e-31	5.40101e-34	8.3372e-37	9.95639e-39	1.2824e-42	5.37468e-45	3.68987e-49	4.34729e-52	3.77344e-56	
Chacaly	0	0	0	0	0	0	0	0	0	0	0	1	0	0	0	0	0	0	0	0	0	0	0	0	0	0	0	0	0	
Chazey	0	0	0	0	0	0	0	0	0	0	0	1	0	0	0	0	0	0	0	0	0	0	0	0	0	0	0	0	0	
N126	8.91015e-51	1.43992e-44	1.23962e-38	5.31498e-33	1.15184e-27	1.25237e-22	6.63103e-18	1.61427e-13	1.63828e-09	5.86617e-06	0.00543382	0.63809	0.334963	0.0211771	0.000329309	1.74364e-06	3.84391e-09	4.12688e-12	2.46684e-15	9.11986e-19	2.2585e-22	4.00867e-26	7.32617e-30	9.54195e-32	6.60696e-35	2.60373e-36	8.98545e-40	1.89081e-41	2.09213e-44	
Chadil	0	0	0	0	0	0	0	0	0	0	0	1	0	0	0	0	0	0	0	0	0	0	0	0	0	0	0	0	0	
Chasen	0	0	0	0	0	0	0	0	0	0	0	1	0	0	0	0	0	0	0	0	0	0	0	0	0	0	0	0	0	
Chanam	0	0	0	0	0	0	0	0	0	0	0	1	0	0	0	0	0	0	0	0	0	0	0	0	0	0	0	0	0	
N127	1.1972e-67	3.00003e-61	3.9603e-55	2.53277e-49	7.90007e-44	1.17832e-38	7.9329e-34	2.00084e-29	1.12411e-27	2.85824e-26	1.17204e-21	3.27097e-17	5.06869e-13	3.53662e-09	9.52864e-06	0.00756736	0.963931	0.028343	0.000148818	2.66001e-07	2.17665e-10	9.69622e-14	2.63287e-17	4.71504e-21	5.89782e-25	5.37981e-29	3.69961e-33	1.97509e-37	9.47967e-42	
N128	6.71114e-90	7.22593e-82	1.23391e-73	6.39613e-66	1.23184e-58	9.8537e-52	3.01981e-45	3.21106e-39	3.63125e-36	1.66599e-34	9.21163e-29	5.08135e-24	2.82431e-18	6.0261e-13	4.18706e-08	0.000665642	0.991965	0.00736422	4.61477e-06	6.90303e-10	3.81999e-14	9.78507e-19	1.31613e-23	1.00549e-28	5.08873e-34	8.62813e-38	1.03065e-39	1.76631e-41	7.06125e-42	
N129	1.96722e-73	5.38695e-68	7.2639e-63	4.94796e-58	1.74812e-53	3.2033e-49	2.93454e-45	1.14956e-41	5.24256e-40	5.1544e-37	1.07546e-30	1.4333e-24	9.8368e-19	2.64221e-13	2.38288e-08	0.000503281	0.993613	0.00588162	2.54792e-06	2.58426e-10	9.78737e-15	1.75852e-19	1.70927e-24	1.46446e-29	4.28767e-32	3.11882e-35	3.14512e-39	3.43142e-43	6.59434e-43	
Braset	0	0	0	0	0	0	0	0	0	0	0	0	0	0	0	0	1	0	0	0	0	0	0	0	0	0	0	0	0	
N130	2.43141e-72	4.13679e-67	3.73651e-62	1.79195e-57	1.79855e-54	1.82518e-52	4.85254e-47	2.77416e-41	3.34814e-38	2.21645e-34	2.12038e-28	1.05932e-22	2.53193e-17	2.59519e-12	9.62712e-08	0.000926558	0.994322	0.00474865	2.55475e-06	3.99854e-10	2.67571e-14	9.35141e-19	1.92058e-23	2.87659e-28	2.93563e-31	2.70441e-34	3.01329e-38	1.61563e-41	1.65804e-43	
N131	2.84378e-89	6.9908e-81	6.53361e-73	2.50706e-65	4.14364e-58	3.02623e-51	9.44658e-45	1.12922e-38	2.50562e-36	3.15452e-36	1.15913e-30	3.98971e-25	2.99885e-19	9.36733e-14	1.04613e-08	0.000305592	0.998817	0.0008769	1.0536e-07	4.07315e-12	6.96618e-17	6.16064e-22	3.07457e-27	9.05288e-33	2.11531e-38	2.69563e-43	1.92862e-48	4.09141e-53	1.12825e-57	
Bramel	0	0	0	0	0	0	0	0	0	0	0	0	0	0	0	0	1	0	0	0	0	0	0	0	0	0	0	0	0	
Bratha	0	0	0	0	0	0	0	0	0	0	0	0	0	0	0	0	1	0	0	0	0	0	0	0	0	0	0	0	0	
N132	1.29455e-85	6.73444e-78	1.57923e-70	1.70584e-63	8.63458e-57	2.02631e-50	2.10121e-44	8.13385e-39	2.73748e-36	4.76106e-34	3.47024e-28	1.49051e-22	3.24888e-17	3.09415e-12	1.07862e-07	0.000980264	0.995989	0.00302957	1.24002e-06	1.60896e-10	9.38033e-15	2.96029e-19	5.66319e-24	7.16953e-29	2.47171e-33	7.86918e-37	5.27474e-41	2.01847e-44	4.26121e-47	
Bradra	0	0	0	0	0	0	0	0	0	0	0	0	0	0	0	0	1	0	0	0	0	0	0	0	0	0	0	0	0	
Bratra	0	0	0	0	0	0	0	0	0	0	0	0	0	0	0	0	1	0	0	0	0	0	0	0	0	0	0	0	0	
N133	7.75479e-82	1.8674e-74	2.12872e-67	1.15908e-60	3.0522e-54	3.82932e-48	2.17374e-42	4.68677e-37	9.96791e-35	1.74494e-32	7.67361e-27	1.9574e-21	2.52501e-16	1.42971e-11	2.97252e-07	0.00161674	0.993566	0.00481376	3.19809e-06	6.79751e-10	6.53408e-14	3.42066e-18	1.09301e-22	2.30344e-27	4.03951e-32	3.47617e-36	3.48992e-40	1.58245e-43	2.42825e-46	
Bragut	0	0	0	0	0	0	0	0	0	0	0	0	0	0	0	0	1	0	0	0	0	0	0	0	0	0	0	0	0	
Braven	0	0	0	0	0	0	0	0	0	0	0	0	0	0	0	0	1	0	0	0	0	0	0	0	0	0	0	0	0	
N134	9.61467e-77	5.98677e-70	1.8691e-63	2.8642e-57	2.16738e-51	7.92991e-46	1.32586e-40	8.14273e-36	3.61117e-33	1.05736e-28	1.46464e-23	1.08089e-18	3.9277e-14	6.27187e-10	3.66403e-06	0.00557754	0.974772	0.0195937	5.32671e-05	4.52518e-08	1.70818e-11	3.47918e-15	4.32164e-19	3.56197e-23	2.16734e-27	2.61524e-31	9.51076e-35	1.33469e-37	9.57207e-40	
Brapum	0	0	0	0	0	0	0	0	0	0	0	0	0	0	0	0	1	0	0	0	0	0	0	0	0	0	0	0	0	
Bradam	0	0	0	0	0	0	0	0	0	0	0	0	0	0	0	0	1	0	0	0	0	0	0	0	0	0	0	0	0	
