NODE	1	2	3	4	5	6	7	8	9	10	11	12	13	14	15	16	17	18	19	20	21	22	23	24	25	26	27	28	29	
N1	1.39076e-54	4.6504e-51	1.39389e-47	3.44924e-44	6.95668e-41	1.12277e-37	1.42129e-34	1.39435e-31	1.06627e-28	7.48816e-26	5.1354e-23	2.45068e-20	7.39999e-18	1.28606e-15	1.12477e-13	4.04663e-12	4.34568e-11	1	6.14223e-11	1.17026e-11	9.09846e-13	3.53895e-14	7.90612e-16	1.11658e-17	1.06841e-19	7.29498e-22	3.6991e-24	1.43779e-26	4.58256e-29	
N2	4.88954e-57	6.36992e-53	8.90808e-49	1.01118e-44	9.47668e-41	7.63724e-37	5.50752e-33	3.52643e-29	1.87891e-25	7.73784e-22	2.31074e-18	4.70156e-15	6.17456e-12	4.88646e-09	2.12115e-06	0.000440663	0.035247	0.709184	0.239184	0.01561	0.000329365	2.97414e-06	1.36545e-08	3.57725e-11	5.8293e-14	9.64267e-17	7.18681e-18	8.2937e-20	1.39736e-20	
N3	6.31034e-62	3.17627e-57	1.36464e-52	4.21489e-48	9.00635e-44	1.27404e-39	1.1452e-35	6.44128e-32	2.02777e-28	2.41245e-25	2.31324e-21	1.75568e-17	8.06202e-14	2.04653e-10	2.53156e-07	0.000126233	0.0185633	0.447591	0.481835	0.0507519	0.0011241	7.99424e-06	2.35684e-08	3.40469e-11	2.70783e-14	1.29126e-17	3.95101e-21	8.62235e-25	5.08586e-28	
N4	1.43485e-64	1.14681e-59	8.62638e-55	5.01535e-50	2.18677e-45	6.9447e-41	1.56603e-36	2.45549e-32	2.64567e-28	2.62628e-24	2.31085e-20	1.30136e-16	4.34778e-13	7.87052e-10	6.80663e-07	0.000233821	0.0238435	0.433756	0.481215	0.0592936	0.00164255	1.50996e-05	5.84062e-08	1.11292e-10	1.1678e-13	7.33305e-17	3.39514e-20	4.96741e-23	2.3637e-24	
B3088	0	0	0	0	0	0	0	0	0	0	0	0	0	0	0	0	0	1	0	0	0	0	0	0	0	0	0	0	0	
N5	6.61982e-57	1.04829e-52	1.96693e-48	3.23074e-44	4.4674e-40	5.02777e-36	4.46938e-32	3.05142e-28	1.5551e-24	5.73262e-21	1.47249e-17	2.5165e-14	2.69767e-11	1.67752e-08	5.43058e-06	0.000781486	0.0389974	0.43764	0.454546	0.065479	0.00251373	3.67227e-05	2.52271e-07	9.35721e-10	2.06428e-12	2.9091e-15	2.93226e-18	6.03301e-21	5.18841e-22	
BGA709	0	0	0	0	0	0	0	0	0	0	0	0	0	0	0	0	0	1	0	0	0	0	0	0	0	0	0	0	0	
BGA309	0	0	0	0	0	0	0	0	0	0	0	0	0	0	0	0	0	1	0	0	0	0	0	0	0	0	0	0	0	
N6	7.86078e-64	4.84633e-59	2.63629e-54	1.09536e-49	3.49449e-45	8.63531e-41	1.62515e-36	2.14571e-32	1.57805e-28	2.07158e-26	8.98504e-23	1.00308e-18	6.95615e-15	2.73449e-11	5.40122e-08	4.4784e-05	0.0115374	0.50559	0.454593	0.0278927	0.000339704	1.33341e-06	2.20983e-09	1.83236e-12	8.53378e-16	2.42647e-19	4.49489e-23	6.03235e-27	3.22207e-30	
N7	2.31666e-56	2.19347e-52	1.96798e-48	1.31776e-44	6.61245e-41	2.64685e-37	1.00995e-33	4.65795e-30	2.61977e-26	1.44156e-22	6.20663e-19	1.8033e-15	3.32606e-12	3.59818e-09	2.04155e-06	0.00051267	0.0427606	0.659671	0.280616	0.0161743	0.000261761	1.69669e-06	5.40038e-09	9.6214e-12	1.05074e-14	7.51829e-18	3.71332e-21	1.36233e-24	1.10258e-27	
B11696	0	0	0	0	0	0	0	0	0	0	0	0	0	0	0	0	0	1	0	0	0	0	0	0	0	0	0	0	0	
B11609	0	0	0	0	0	0	0	0	0	0	0	0	0	0	0	0	0	1	0	0	0	0	0	0	0	0	0	0	0	
N8	3.85284e-75	3.03909e-69	1.75315e-63	6.78925e-58	1.76912e-52	3.14637e-47	3.94921e-42	3.54951e-37	1.78923e-32	3.96382e-30	7.42408e-27	4.37244e-22	1.58128e-17	3.01917e-13	2.61983e-09	8.26791e-06	0.00643919	0.547586	0.429476	0.0163986	9.25407e-05	1.37094e-07	7.39272e-11	1.78215e-14	2.20673e-18	1.54947e-22	7.04849e-27	6.22566e-31	2.22912e-33	
N9	2.76879e-60	4.56003e-57	6.70457e-54	7.75433e-51	6.62686e-48	2.23143e-45	1.68967e-43	3.97205e-40	1.82861e-35	7.52494e-31	5.24371e-26	2.30885e-21	5.91862e-17	8.06955e-13	5.11836e-09	1.22185e-05	0.00757707	0.559419	0.417502	0.0154009	8.78972e-05	1.38751e-07	8.34786e-11	2.33312e-14	3.4571e-18	3.02498e-22	3.32592e-25	8.38111e-28	2.10835e-29	
N10	5.01779e-61	8.12253e-57	1.32894e-52	1.81777e-48	2.28072e-44	2.95624e-40	4.14337e-36	5.74674e-32	6.83191e-28	6.2508e-24	4.08035e-20	1.78411e-16	4.92154e-13	7.90607e-10	6.60091e-07	0.000240816	0.0285846	0.603669	0.349622	0.01766	0.000222173	1.06054e-06	2.41079e-09	3.00706e-12	2.26691e-15	1.109e-18	4.59724e-22	9.30502e-25	3.02621e-26	
B983	0	0	0	0	0	0	0	0	0	0	0	0	0	0	0	0	0	1	0	0	0	0	0	0	0	0	0	0	0	
B11604	0	0	0	0	0	0	0	0	0	0	0	0	0	0	0	0	0	1	0	0	0	0	0	0	0	0	0	0	0	
N11	4.91664e-59	8.95591e-55	1.4565e-50	1.71237e-46	1.40406e-42	7.75786e-39	2.87614e-35	8.13503e-32	2.62297e-28	1.53809e-24	1.21678e-20	6.53346e-17	2.22193e-13	4.41646e-10	4.57633e-07	0.000207415	0.0303749	0.752139	0.210399	0.00681989	5.9672e-05	2.06257e-07	3.48108e-10	3.28022e-13	1.89229e-16	7.14703e-20	1.86629e-23	3.83533e-27	3.80778e-30	
BGAA1	0	0	0	0	0	0	0	0	0	0	0	0	0	0	0	0	0	1	0	0	0	0	0	0	0	0	0	0	0	
BGA584	0	0	0	0	0	0	0	0	0	0	0	0	0	0	0	0	0	1	0	0	0	0	0	0	0	0	0	0	0	
N12	2.20062e-58	3.07943e-54	3.95399e-50	3.7212e-46	2.52207e-42	1.24927e-38	5.06674e-35	2.23229e-31	1.34256e-27	9.65019e-24	5.99129e-20	2.51127e-16	6.67147e-13	1.03681e-09	8.41174e-07	0.000299326	0.0346586	0.697956	0.256157	0.0108053	0.000122718	5.49709e-07	1.20096e-09	1.46375e-12	1.0917e-15	5.33005e-19	1.80278e-22	5.0411e-26	1.01739e-28	
BGA303	0	0	0	0	0	0	0	0	0	0	0	0	0	0	0	0	0	1	0	0	0	0	0	0	0	0	0	0	0	
BGAB1	0	0	0	0	0	0	0	0	0	0	0	0	0	0	0	0	0	1	0	0	0	0	0	0	0	0	0	0	0	
PGA445	0	0	0	0	0	0	0	0	0	0	0	0	0	0	0	0	0	1	0	0	0	0	0	0	0	0	0	0	0	
N13	2.60141e-59	1.42446e-53	5.42142e-48	1.31494e-42	1.96907e-37	1.72673e-32	8.17646e-28	1.79556e-23	6.2998e-20	4.81654e-18	2.94816e-14	7.02117e-11	6.00491e-08	1.90803e-05	0.00218915	0.0780278	0.575063	0.343105	0.00159409	1.18863e-06	2.87855e-10	3.0791e-14	1.72305e-18	5.59697e-23	1.13318e-27	1.74052e-32	3.97302e-36	5.16874e-40	7.16875e-43	
N14	1.39988e-37	1.94634e-33	2.8235e-29	2.79946e-25	1.79044e-21	6.97712e-18	1.54189e-14	1.76273e-11	9.27647e-09	1.95673e-06	0.000146476	0.00390265	0.0404441	0.177786	0.348915	0.305914	0.110478	0.0123393	7.32457e-05	1.58545e-07	1.70911e-10	1.06197e-13	4.15499e-17	1.08757e-20	1.998e-24	3.44613e-28	1.80425e-30	6.55549e-33	3.04334e-33	
Rhaspe	0	0	0	0	0	0	0	0	0	1	0	0	0	0	0	0	0	0	0	0	0	0	0	0	0	0	0	0	0	
N15	3.95334e-27	1.64396e-25	9.01372e-24	1.21301e-21	1.77844e-18	2.2081e-15	1.65679e-12	6.98162e-10	1.5097e-07	1.50274e-05	0.000620908	0.010383	0.0740605	0.238261	0.355964	0.243811	0.0702926	0.00653487	5.65014e-05	1.97821e-07	3.72005e-10	4.28851e-13	3.27867e-16	1.75754e-19	8.7289e-23	6.58508e-25	2.49138e-26	1.61258e-28	5.47294e-29	
Rhamar	0	0	0	0	0	0	0	0	0	1	0	0	0	0	0	0	0	0	0	0	0	0	0	0	0	0	0	0	0	
Rhatem	0	0	0	0	0	0	0	0	0	0	1	0	0	0	0	0	0	0	0	0	0	0	0	0	0	0	0	0	0	
N16	1.03361e-67	3.59775e-62	9.75456e-58	1.66681e-52	1.04487e-46	3.88213e-41	8.14956e-36	7.44247e-31	4.03402e-27	7.92316e-23	4.04626e-18	8.54143e-14	6.2544e-10	1.30768e-06	0.000633401	0.0548442	0.572963	0.367555	0.00399881	4.82867e-06	1.36735e-09	1.3418e-13	5.72782e-18	1.52048e-22	2.1735e-26	2.46441e-29	1.1314e-32	1.31673e-35	1.78583e-36	
N17	1.90545e-61	5.90492e-56	1.46262e-50	2.5993e-45	3.20297e-40	2.61517e-35	1.32803e-30	3.78426e-26	4.01227e-22	6.83158e-20	3.15329e-16	2.16334e-12	5.70021e-09	4.50147e-06	0.000992177	0.0534935	0.509881	0.414181	0.0212839	0.000163357	3.34102e-07	2.54373e-10	8.86619e-14	1.62434e-17	1.72758e-21	1.2029e-25	1.3852e-29	1.21848e-32	4.17233e-35	
N18	6.94787e-49	2.24112e-44	6.91156e-40	1.65059e-35	2.98203e-31	3.96631e-27	3.75485e-23	2.42292e-19	1.00592e-15	2.47702e-12	3.19182e-09	1.72168e-06	0.000230445	0.00786752	0.0896154	0.355334	0.431183	0.112132	0.0036064	3.04496e-05	1.03368e-07	1.7503e-10	1.68474e-13	1.00687e-16	3.98275e-20	1.10406e-23	4.41333e-27	9.4737e-30	2.58375e-31	
FGA379	0	0	0	0	0	0	0	0	0	0	0	0	0	0	0	0	1	0	0	0	0	0	0	0	0	0	0	0	0	
N19	1.1803e-42	2.99902e-38	7.21125e-34	1.30451e-29	1.72262e-25	1.60222e-21	1.00309e-17	3.98275e-14	9.23894e-11	1.11093e-07	5.71555e-05	0.00877676	0.143243	0.406564	0.332808	0.097564	0.0106128	0.000371527	2.93592e-06	8.33579e-09	1.1276e-11	8.5086e-15	3.95662e-18	1.2146e-21	2.58907e-25	3.98756e-29	4.85677e-33	1.04568e-36	6.56958e-39	
N20	2.58886e-48	3.82829e-43	4.73931e-38	4.19259e-33	2.57867e-28	1.06268e-23	2.8024e-19	4.4638e-15	3.88036e-11	1.59808e-07	0.000241532	0.072018	0.479202	0.395374	0.0514385	0.0017082	1.71948e-05	5.3068e-08	5.05168e-11	1.99076e-14	3.89556e-18	4.23384e-22	2.76881e-26	9.40817e-29	5.02237e-30	2.16654e-32	1.70606e-34	2.1913e-35	7.50708e-36	
N21	9.60195e-47	4.28119e-43	1.20326e-39	3.8807e-35	7.76482e-30	1.00812e-24	7.77711e-20	3.37804e-15	6.87532e-11	5.31079e-07	0.00104832	0.208138	0.629982	0.155353	0.00543793	4.04616e-05	7.84678e-08	4.33919e-11	7.81082e-15	6.00524e-19	2.3396e-23	5.14737e-28	6.95301e-33	1.01347e-35	4.59282e-37	4.96814e-38	1.18705e-39	7.90524e-40	2.17806e-40	
F3015	0	0	0	0	0	0	0	0	0	0	1	0	0	0	0	0	0	0	0	0	0	0	0	0	0	0	0	0	0	
N22	3.54211e-47	5.60713e-44	1.45844e-40	3.60804e-35	7.80856e-30	1.10287e-24	9.34835e-20	4.45583e-15	9.68274e-11	7.69784e-07	0.00148442	0.279083	0.633184	0.0849363	0.00130776	3.64487e-06	2.47213e-09	5.15805e-13	4.23815e-17	1.67213e-21	3.60203e-26	4.68949e-31	1.40419e-35	1.05576e-38	1.91193e-39	6.18289e-39	3.57599e-41	7.39925e-41	3.90812e-42	
N23	2.45467e-49	5.21622e-46	1.408e-40	3.68822e-35	6.59772e-30	7.68827e-25	5.47298e-20	2.20493e-15	4.41546e-11	3.65946e-07	0.000904908	0.337551	0.61375	0.0474535	0.000339931	4.35021e-07	1.61793e-10	2.40025e-14	1.72823e-18	6.85071e-23	1.71011e-27	5.52722e-32	3.03569e-35	1.60774e-37	1.94612e-41	3.18423e-43	1.10938e-47	9.61137e-50	1.08375e-53	
N24	1.3253e-60	8.70692e-54	3.45779e-47	8.89429e-41	1.48037e-34	1.5139e-28	8.87367e-23	2.74841e-17	3.72722e-12	1.7548e-07	0.00171313	0.611188	0.382362	0.00473331	3.01026e-06	3.26277e-10	1.08389e-14	1.46281e-19	9.3363e-25	3.0882e-30	6.08573e-36	4.57667e-41	2.10699e-43	1.22085e-44	5.20022e-47	9.43035e-48	7.49999e-51	7.50246e-52	1.13914e-54	
N25	4.26663e-49	2.74474e-45	1.56345e-41	1.12271e-37	5.78992e-32	3.46936e-26	9.94353e-21	1.34801e-15	7.45666e-11	1.36707e-06	0.0049765	0.629274	0.361731	0.00401501	2.43209e-06	3.25148e-10	1.56302e-14	3.39775e-19	3.87801e-24	2.96728e-28	7.16148e-32	2.69457e-35	1.09811e-38	1.18433e-39	2.37941e-41	1.1035e-40	8.14529e-44	4.27844e-44	6.64402e-47	
F1476	0	0	0	0	0	0	0	0	0	0	1	0	0	0	0	0	0	0	0	0	0	0	0	0	0	0	0	0	0	
N26	5.675e-53	1.54257e-48	1.79325e-42	1.33698e-36	6.28054e-31	1.80252e-25	3.01896e-20	2.72602e-15	1.17002e-10	1.90923e-06	0.00735552	0.626531	0.359991	0.00611348	6.72208e-06	1.71974e-09	1.60158e-13	6.82607e-18	1.59215e-22	1.89479e-26	3.43767e-30	1.62366e-32	6.85103e-36	1.66948e-34	9.99647e-37	1.2713e-36	1.38273e-39	2.62442e-40	4.90345e-43	
Furcep	0	0	0	0	0	0	0	0	0	0	0	0	0	1	0	0	0	0	0	0	0	0	0	0	0	0	0	0	0	
N27	6.63634e-45	6.77964e-43	1.28114e-37	2.94312e-32	4.31685e-27	3.89633e-22	2.04615e-17	5.74231e-13	7.53722e-09	3.6796e-05	0.0412093	0.714228	0.24203	0.00249337	2.72321e-06	8.97727e-10	1.26454e-13	9.14184e-18	3.80104e-22	1.28256e-26	3.78177e-30	1.12562e-33	1.45704e-36	5.4019e-38	8.07258e-42	2.28084e-43	5.20673e-48	4.15921e-50	1.63973e-54	
Furpol	0	0	0	0	0	0	0	0	0	0	0	1	0	0	0	0	0	0	0	0	0	0	0	0	0	0	0	0	0	
N28	2.77093e-43	4.11086e-38	4.8926e-33	4.09806e-28	2.31449e-23	8.33588e-19	1.77564e-14	2.00905e-10	1.02393e-06	0.00176564	0.546007	0.427264	0.024876	8.57397e-05	7.3906e-08	2.49476e-11	4.12603e-15	3.82922e-19	2.18494e-23	8.24615e-28	2.4304e-32	3.172e-36	2.39077e-39	1.6839e-41	2.98762e-45	1.2573e-47	4.81482e-52	4.90358e-55	2.27208e-59	
N29	1.41746e-43	2.6416e-38	3.86091e-33	3.93006e-28	2.66472e-23	1.13477e-18	2.8001e-14	3.5625e-10	1.94726e-06	0.00330786	0.835583	0.159202	0.00190286	2.72749e-06	1.19879e-09	2.27295e-13	2.23396e-17	1.2778e-21	4.60822e-26	1.15431e-30	3.69228e-35	9.61021e-38	1.94115e-41	9.55093e-44	4.74127e-48	1.0022e-50	2.16085e-55	1.13882e-58	2.94736e-63	
F2241	0	0	0	0	0	0	0	0	0	0	1	0	0	0	0	0	0	0	0	0	0	0	0	0	0	0	0	0	0	
Furang	0	0	0	0	0	0	0	0	0	0	1	0	0	0	0	0	0	0	0	0	0	0	0	0	0	0	0	0	0	
FGA490	0	0	0	0	0	0	0	0	0	0	1	0	0	0	0	0	0	0	0	0	0	0	0	0	0	0	0	0	0	
N30	7.7842e-53	7.46902e-47	5.39128e-41	2.69953e-35	9.01798e-30	1.90716e-24	2.37999e-19	1.58861e-14	4.84927e-10	5.24036e-06	0.0118709	0.815443	0.172087	0.000593969	2.86198e-07	4.10267e-11	2.44284e-15	7.28566e-20	1.22616e-24	1.33066e-29	2.09617e-34	2.54588e-38	7.65728e-42	2.80458e-44	1.36973e-48	2.91167e-51	2.32728e-56	1.01754e-59	9.31666e-65	
N31	3.32221e-50	1.28762e-44	3.89243e-39	8.48008e-34	1.35638e-28	1.5724e-23	1.19858e-18	5.46595e-14	1.15153e-09	8.70427e-06	0.0141387	0.846413	0.138974	0.000465152	2.48387e-07	4.19154e-11	3.05723e-15	1.151e-19	2.52394e-24	6.71482e-29	6.12809e-33	2.45072e-35	6.4328e-39	6.02463e-41	1.61879e-45	6.07888e-48	5.74551e-53	3.0291e-56	3.49029e-61	
N32	1.92827e-57	3.71376e-51	5.29606e-45	5.38354e-39	3.86031e-33	1.87032e-27	5.61082e-22	9.77372e-17	7.94001e-12	2.40152e-07	0.0017381	0.842512	0.154811	0.000938501	3.5831e-07	3.3976e-11	1.22228e-15	2.07543e-20	1.93252e-25	4.43771e-30	3.87953e-34	1.87746e-36	7.68656e-41	2.10213e-41	7.54956e-43	1.17434e-43	5.34964e-47	1.5927e-48	1.04478e-51	
N33	3.56009e-51	1.89781e-47	1.26655e-41	5.62772e-36	1.62131e-30	2.92694e-25	3.1443e-20	1.86373e-15	5.41865e-11	6.39405e-07	0.00214836	0.890917	0.106544	0.000389554	2.08158e-07	3.4965e-11	2.5413e-15	9.49757e-20	2.05527e-24	8.52768e-29	1.78363e-32	2.57547e-35	1.46694e-38	3.1952e-40	1.1591e-44	1.23413e-46	1.35057e-51	2.72459e-54	4.3914e-59	
N34	1.00651e-49	2.99443e-44	7.23208e-39	1.27274e-33	1.56857e-28	1.28978e-23	6.65076e-19	1.97892e-14	3.00954e-10	1.93484e-06	0.00372873	0.951828	0.0443249	0.000116474	7.24627e-08	1.69604e-11	1.89085e-15	1.15877e-19	4.30115e-24	1.12281e-28	4.07808e-33	7.53892e-36	5.26654e-39	3.68089e-41	1.86837e-45	4.94702e-48	1.01214e-52	5.50702e-56	1.29643e-60	
FGA456	0	0	0	0	0	0	0	0	0	0	0	1	0	0	0	0	0	0	0	0	0	0	0	0	0	0	0	0	0	
FGA513	0	0	0	0	0	0	0	0	0	0	0	1	0	0	0	0	0	0	0	0	0	0	0	0	0	0	0	0	0	
F12278	0	0	0	0	0	0	0	0	0	0	0	1	0	0	0	0	0	0	0	0	0	0	0	0	0	0	0	0	0	
N35	3.09601e-49	4.6721e-44	6.18298e-39	6.60469e-34	5.61757e-29	3.59544e-24	1.58422e-19	4.33989e-15	6.58245e-11	4.67019e-07	0.0011818	0.576178	0.390837	0.0317398	6.25383e-05	3.41685e-08	7.80624e-12	9.12782e-16	6.18961e-20	3.1798e-24	4.524e-28	5.41085e-30	6.33867e-33	6.19395e-35	3.48519e-39	4.918e-42	1.48082e-46	8.90666e-50	2.86632e-54	
Furant	0	0	0	0	0	0	0	0	0	0	0	1	0	0	0	0	0	0	0	0	0	0	0	0	0	0	0	0	0	
FGA331	0	0	0	0	0	0	0	0	0	0	0	0	0	1	0	0	0	0	0	0	0	0	0	0	0	0	0	0	0	
FGA465	0	0	0	0	0	0	0	0	0	0	1	0	0	0	0	0	0	0	0	0	0	0	0	0	0	0	0	0	0	
N36	2.05978e-45	4.55511e-40	7.93826e-35	9.65272e-30	7.86243e-25	4.06485e-20	1.23988e-15	2.00777e-11	1.46694e-07	0.000365041	0.168169	0.795468	0.0359054	9.22584e-05	6.08699e-08	1.57858e-11	1.99893e-15	1.41142e-19	6.08026e-24	1.74659e-28	4.48362e-33	2.31467e-36	1.56027e-39	7.83138e-42	6.33191e-46	1.48502e-48	3.60895e-53	1.54775e-56	3.96296e-61	
FGA99	0	0	0	0	0	0	0	0	0	0	1	0	0	0	0	0	0	0	0	0	0	0	0	0	0	0	0	0	0	
N37	6.46248e-45	1.26278e-39	1.95447e-34	2.12133e-29	1.54911e-24	7.21025e-20	1.98744e-15	2.92094e-11	1.94763e-07	0.000446066	0.193062	0.789347	0.0171081	3.68237e-05	2.20887e-08	5.4139e-12	6.64544e-16	4.63799e-20	2.01295e-24	8.46821e-29	1.88384e-32	2.93015e-34	6.7865e-38	8.7861e-40	4.09453e-44	1.69876e-46	4.1502e-51	4.21494e-54	1.35162e-58	
FGA15	0	0	0	0	0	0	0	0	0	0	1	0	0	0	0	0	0	0	0	0	0	0	0	0	0	0	0	0	0	
FGA581	0	0	0	0	0	0	0	0	0	0	0	1	0	0	0	0	0	0	0	0	0	0	0	0	0	0	0	0	0	
FGA104	0	0	0	0	0	0	0	0	0	0	0	0	1	0	0	0	0	0	0	0	0	0	0	0	0	0	0	0	0	
FGA489	0	0	0	0	0	0	0	0	0	0	1	0	0	0	0	0	0	0	0	0	0	0	0	0	0	0	0	0	0	
FGA174	0	0	0	0	0	0	0	0	0	0	0	0	0	1	0	0	0	0	0	0	0	0	0	0	0	0	0	0	0	
FurbGB	0	0	0	0	0	0	0	0	0	0	0	1	0	0	0	0	0	0	0	0	0	0	0	0	0	0	0	0	0	
N38	2.7438e-63	4.03163e-58	5.37192e-53	5.4025e-48	3.93763e-43	1.98548e-38	6.5623e-34	1.32083e-29	1.30991e-25	1.1574e-21	1.51764e-17	1.11385e-13	3.96781e-10	5.69514e-07	0.00025773	0.0271572	0.43043	0.499753	0.0418228	0.000576409	2.22714e-06	3.2911e-09	2.26198e-12	8.7429e-16	5.5894e-19	5.71492e-21	2.42521e-23	3.91702e-25	3.17603e-26	
N39	5.60652e-59	1.36259e-54	3.50598e-50	8.16712e-46	1.79566e-41	3.72234e-37	6.87284e-33	1.03758e-28	1.18145e-24	9.51942e-21	5.08162e-17	1.67757e-13	3.14754e-10	2.98128e-07	0.000119323	0.0150699	0.349736	0.556696	0.0763493	0.002012	1.66052e-05	5.69539e-08	9.69719e-11	9.24464e-14	5.42473e-17	3.00958e-20	1.28677e-22	1.09313e-24	8.10796e-26	
N40	3.86964e-59	1.7155e-54	7.32449e-50	2.5304e-45	7.00586e-41	1.47414e-36	2.13419e-32	1.77672e-28	5.58621e-26	1.39957e-22	1.56909e-18	1.09828e-14	4.40475e-11	8.97756e-08	7.69847e-05	0.0195717	0.531022	0.426041	0.0230431	0.000244762	8.43104e-07	1.24064e-09	9.24557e-13	3.91002e-16	1.01721e-19	1.72826e-23	2.0215e-27	1.97505e-31	1.39587e-34	
CGA312	0	0	0	0	0	0	0	0	0	0	0	0	0	0	0	0	0	1	0	0	0	0	0	0	0	0	0	0	0	
N41	2.49925e-73	2.78009e-67	2.15698e-61	1.07667e-55	3.37041e-50	6.37153e-45	6.98249e-40	3.82756e-35	9.30292e-33	1.19141e-27	1.70498e-22	1.3684e-17	5.5272e-13	9.47497e-09	4.95072e-05	0.0299596	0.652645	0.311968	0.00536788	1.08716e-05	5.34719e-09	9.22761e-13	6.91095e-17	2.56778e-21	5.16437e-26	5.96653e-31	6.33143e-36	3.02851e-37	1.09992e-36	
N42	3.02194e-72	1.52385e-66	5.36063e-60	6.04223e-55	2.77819e-50	2.00187e-46	2.77909e-43	1.8728e-38	5.98995e-34	1.26473e-30	2.1167e-24	1.85231e-18	6.36446e-13	6.07955e-08	0.000505033	0.100042	0.831858	0.067507	8.83537e-05	9.7054e-09	2.35342e-13	1.94537e-18	6.80881e-24	1.13446e-29	9.63103e-36	6.77586e-42	2.38874e-42	3.38456e-42	2.79267e-41	
N43	4.17965e-65	5.28872e-61	5.32162e-57	4.03316e-53	2.36177e-49	1.09685e-45	3.99822e-42	6.74521e-38	4.78626e-34	1.09046e-28	5.26197e-23	1.18885e-17	1.15107e-12	3.95227e-08	0.000291197	0.0928202	0.842708	0.0640816	9.91268e-05	2.24237e-08	1.44877e-12	3.66054e-17	4.1719e-22	2.40578e-26	1.67749e-29	1.5719e-32	5.411e-36	1.44092e-39	2.4021e-38	
N44	3.29863e-67	1.39944e-61	4.31661e-56	8.73598e-51	1.1318e-45	9.06407e-41	4.34253e-36	1.18154e-31	1.82156e-28	2.10085e-26	1.23521e-21	4.93667e-17	1.06484e-12	1.0628e-08	3.84454e-05	0.0306866	0.835436	0.133344	0.000493781	3.98983e-07	1.15988e-10	1.55329e-14	1.11027e-18	4.66544e-23	1.23684e-27	2.37636e-32	8.28659e-37	3.30091e-40	1.44987e-40	
CGA642	0	0	0	0	0	0	0	0	0	0	0	0	0	0	0	0	1	0	0	0	0	0	0	0	0	0	0	0	0	
N45	2.12758e-59	5.40285e-56	1.15114e-52	1.62389e-49	2.2337e-47	1.32512e-45	5.3625e-41	2.7335e-36	1.01234e-31	6.73809e-28	7.4136e-23	5.43166e-18	2.14029e-13	3.91778e-09	2.60031e-05	0.0375254	0.810499	0.151556	0.000393679	2.10793e-07	3.93856e-11	3.32448e-15	1.47917e-19	4.03255e-24	1.24401e-27	2.22619e-30	9.83591e-34	3.76125e-37	1.21823e-38	
CGA763	0	0	0	0	0	0	0	0	0	0	0	0	0	0	0	1	0	0	0	0	0	0	0	0	0	0	0	0	0	
C601	0	0	0	0	0	0	0	0	0	0	0	0	0	0	0	0	0	1	0	0	0	0	0	0	0	0	0	0	0	
N46	4.59267e-60	1.99072e-56	8.05447e-53	2.29926e-49	1.22681e-46	4.00969e-45	1.33541e-40	1.60243e-35	2.33513e-30	3.95373e-25	3.83438e-20	1.94452e-15	4.49423e-11	3.75393e-07	0.00072274	0.109754	0.831574	0.0578068	0.000141485	7.03129e-08	1.18483e-11	8.78786e-16	3.34717e-20	1.1479e-24	2.58887e-27	6.23632e-30	6.03451e-33	1.78787e-36	7.32878e-38	
CGA236	0	0	0	0	0	0	0	0	0	0	0	0	0	0	0	0	1	0	0	0	0	0	0	0	0	0	0	0	0	
N47	1.37032e-65	3.74901e-60	9.09019e-55	1.76943e-49	2.77421e-44	3.44694e-39	3.25951e-34	2.21781e-29	1.02813e-24	3.01916e-20	5.17094e-16	4.64603e-12	1.86789e-08	2.59437e-05	0.0078629	0.212806	0.732551	0.046558	0.000195948	2.08671e-07	8.68642e-11	1.76577e-14	2.00677e-18	1.43148e-22	6.51231e-26	2.61878e-28	4.75307e-31	4.85166e-34	2.14293e-35	
N48	3.24491e-56	2.02805e-51	1.14166e-46	4.9048e-42	1.54011e-37	3.36532e-33	4.84604e-29	4.3757e-25	2.44812e-21	1.21334e-17	9.74347e-14	4.34109e-10	8.93136e-07	0.000604498	0.026974	0.283459	0.6053	0.08313	0.000530486	9.46835e-07	7.11757e-10	2.75927e-13	6.23923e-17	8.95926e-21	9.23457e-25	2.40825e-28	2.09275e-31	7.78782e-34	8.45607e-36	
Calboe	0	0	0	0	0	0	0	0	0	0	0	0	0	1	0	0	0	0	0	0	0	0	0	0	0	0	0	0	0	
C3125	0	0	0	0	0	0	0	0	0	0	0	0	0	0	0	0	0	1	0	0	0	0	0	0	0	0	0	0	0	
CGA429	0	0	0	0	0	0	0	0	0	0	0	0	0	0	1	0	0	0	0	0	0	0	0	0	0	0	0	0	0	
N49	5.95822e-55	4.84479e-51	3.18607e-47	1.52868e-43	3.01196e-40	2.15243e-38	7.633e-36	4.02014e-31	8.86612e-26	1.19568e-20	8.14671e-16	2.46954e-11	2.65916e-07	0.00064686	0.0993516	0.53186	0.35785	0.0102827	7.87986e-06	1.48993e-09	1.11701e-13	4.12868e-18	8.48472e-23	1.04894e-27	6.31775e-32	6.72034e-35	6.8393e-37	3.11382e-38	5.27071e-38	
C984	0	0	0	0	0	0	0	0	0	0	0	0	0	1	0	0	0	0	0	0	0	0	0	0	0	0	0	0	0	
N50	3.20157e-51	5.73078e-48	9.99409e-45	1.2976e-41	4.17705e-39	6.72508e-37	7.3522e-32	5.73756e-27	2.79545e-22	8.00792e-18	1.24207e-13	9.20941e-10	2.66401e-06	0.00206817	0.177493	0.579476	0.236332	0.00462216	5.79908e-06	2.33711e-09	4.2692e-13	4.18564e-17	2.43613e-21	1.16116e-25	2.36863e-28	9.83442e-31	2.23801e-33	1.26978e-36	8.89684e-38	
CGA310	0	0	0	0	0	0	0	0	0	0	0	0	0	0	1	0	0	0	0	0	0	0	0	0	0	0	0	0	0	
N51	2.50158e-54	1.73165e-49	1.17087e-44	6.59564e-40	2.97316e-35	1.02815e-30	2.6108e-26	4.64643e-22	5.5075e-18	4.05623e-14	1.69819e-10	3.54752e-07	0.000298944	0.0665146	0.663816	0.25416	0.0151042	0.000105819	2.1545e-07	1.86175e-10	8.32391e-14	2.17564e-17	3.61217e-21	4.05079e-25	3.31149e-29	4.41076e-33	2.87053e-36	9.26133e-39	7.39318e-41	
CGA365	0	0	0	0	0	0	0	0	0	0	0	0	0	0	1	0	0	0	0	0	0	0	0	0	0	0	0	0	0	
CGA494	0	0	0	0	0	0	0	0	0	0	0	0	0	1	0	0	0	0	0	0	0	0	0	0	0	0	0	0	0	
N52	2.56525e-66	6.80499e-61	1.34605e-55	1.77039e-50	1.5096e-45	7.99867e-41	2.47845e-36	3.95819e-32	1.6243e-29	2.68677e-26	1.17112e-21	3.38119e-17	5.43873e-13	4.27876e-09	1.32459e-05	0.0104284	0.369895	0.575972	0.0434981	0.000193667	2.16008e-07	9.25484e-11	1.89486e-14	2.11658e-18	1.41755e-22	7.39901e-27	1.20476e-30	1.21785e-33	1.65659e-34	
N53	4.21021e-58	7.88324e-55	1.27368e-51	1.54066e-48	1.08219e-45	2.62874e-43	1.23795e-40	4.97765e-36	2.34798e-31	1.59877e-26	1.07273e-21	4.25683e-17	9.02988e-13	8.84057e-09	3.09946e-05	0.022706	0.416719	0.540627	0.0198681	4.87421e-05	3.0588e-08	7.4766e-12	8.84779e-16	5.79261e-20	2.29835e-24	7.20421e-29	1.03621e-31	7.01902e-35	6.77717e-37	
C12265	0	0	0	0	0	0	0	0	0	0	0	0	0	0	0	0	0	1	0	0	0	0	0	0	0	0	0	0	0	
N54	1.17667e-74	7.98822e-68	3.48491e-60	4.98779e-54	3.83197e-48	1.81025e-42	5.29991e-37	8.9722e-32	3.50292e-30	8.89292e-26	1.88896e-20	2.12825e-15	1.11626e-10	2.27276e-06	0.0115891	0.89244	0.0946376	0.00133009	1.38513e-06	2.51634e-10	1.58108e-14	4.41187e-19	6.21141e-24	4.74703e-29	4.54863e-34	1.69486e-37	2.90531e-40	2.683e-42	2.36575e-43	
C404	0	0	0	0	0	0	0	0	0	0	0	0	0	0	1	0	0	0	0	0	0	0	0	0	0	0	0	0	0	
N55	1.44877e-60	5.91872e-57	1.96999e-53	4.81849e-50	8.22708e-47	9.15299e-44	8.05344e-41	2.06805e-36	6.23514e-32	2.83041e-26	7.06198e-21	8.93003e-16	5.16338e-11	1.12614e-06	0.00568129	0.929782	0.0641402	0.000395298	1.91522e-07	2.1554e-11	9.22751e-16	1.8999e-20	2.1238e-25	2.71233e-30	6.06755e-34	4.99447e-37	1.95629e-40	3.60121e-44	5.87336e-46	
Cl11778	0	0	0	0	0	0	0	0	0	0	0	0	0	0	0	1	0	0	0	0	0	0	0	0	0	0	0	0	0	
CGA48	0	0	0	0	0	0	0	0	0	0	0	0	0	0	0	1	0	0	0	0	0	0	0	0	0	0	0	0	0	
C3126	0	0	0	0	0	0	0	0	0	0	0	0	0	0	0	0	0	0	1	0	0	0	0	0	0	0	0	0	0	
N56	1.67122e-62	1.96757e-57	1.84303e-52	1.16758e-47	5.08974e-43	1.5953e-38	3.83403e-34	7.0594e-30	7.8824e-26	2.15783e-24	1.54211e-22	1.59774e-18	1.30499e-14	6.09304e-11	1.3441e-07	0.000113597	0.0255422	0.730608	0.23893	0.00478407	2.16891e-05	3.5153e-08	2.59294e-11	1.01048e-14	2.29971e-18	3.2815e-22	3.103e-26	2.19392e-30	4.5152e-34	
CGA311	0	0	0	0	0	0	0	0	0	0	0	0	0	0	0	0	0	1	0	0	0	0	0	0	0	0	0	0	0	
N57	8.4228e-62	1.86087e-58	3.65504e-55	5.39967e-52	4.56157e-49	1.4617e-46	2.59957e-42	9.72433e-38	2.01011e-33	2.93991e-30	1.84358e-25	8.29397e-21	2.1543e-16	2.90458e-12	1.74338e-08	3.65695e-05	0.0174324	0.732073	0.246422	0.00402313	1.25303e-05	1.23176e-08	5.00993e-12	9.98913e-16	1.09663e-19	7.35273e-24	2.05821e-27	1.18984e-30	2.78013e-32	
N58	1.81714e-74	1.27725e-68	6.58833e-63	2.34578e-57	5.94012e-52	1.11183e-46	1.56013e-41	1.53559e-36	8.27205e-32	6.44851e-30	3.49874e-26	2.19631e-21	8.48616e-17	1.74143e-12	1.61393e-08	5.25071e-05	0.0362085	0.870643	0.092595	0.000500522	5.56267e-07	2.1016e-10	3.50359e-14	3.01886e-18	1.49262e-22	4.56514e-27	1.41169e-31	3.62337e-35	9.05746e-38	
CGA45	0	0	0	0	0	0	0	0	0	0	0	0	0	0	0	0	1	0	0	0	0	0	0	0	0	0	0	0	0	
N59	3.23887e-59	4.13974e-56	4.69814e-53	4.05566e-50	1.90428e-47	1.98376e-45	3.24867e-43	6.63716e-39	8.51107e-35	1.46403e-30	1.04729e-25	4.86378e-21	1.34322e-16	2.0187e-12	1.44027e-08	3.87159e-05	0.0247875	0.894259	0.0804742	0.000439769	5.45015e-07	2.4489e-10	5.08961e-14	5.66779e-18	3.77718e-22	4.64798e-26	4.17843e-28	3.4762e-31	8.06561e-33	
C3043	0	0	0	0	0	0	0	0	0	0	0	0	0	0	0	0	0	1	0	0	0	0	0	0	0	0	0	0	0	
CGA364	0	0	0	0	0	0	0	0	0	0	0	0	0	0	0	0	0	1	0	0	0	0	0	0	0	0	0	0	0	
C2208	0	0	0	0	0	0	0	0	0	0	0	0	0	0	0	0	0	0	1	0	0	0	0	0	0	0	0	0	0	
N60	4.52021e-55	7.42588e-51	1.10326e-46	1.17357e-42	8.57133e-39	4.08635e-35	1.20356e-31	2.12162e-28	2.14981e-25	7.30871e-23	4.09717e-19	1.59205e-15	3.78497e-12	5.03488e-09	3.30245e-06	0.000881681	0.0694971	0.847185	0.0809729	0.00145123	8.78994e-06	2.37355e-08	3.36616e-11	2.79487e-14	1.4676e-17	5.16306e-21	1.27336e-24	2.32017e-28	4.77772e-32	
N61	2.23045e-69	5.82666e-64	1.19119e-58	1.7027e-53	1.6323e-48	9.91469e-44	3.51748e-39	6.38133e-35	3.11519e-31	5.66395e-30	2.79999e-25	1.2808e-20	3.5013e-16	5.13396e-12	3.48042e-08	8.53829e-05	0.0465543	0.929191	0.0240903	7.87416e-05	7.15162e-08	2.57017e-11	4.46581e-15	4.26531e-19	2.44692e-23	9.00999e-28	2.63091e-32	1.97079e-36	3.96398e-39	
CGA453	0	0	0	0	0	0	0	0	0	0	0	0	0	0	0	0	0	1	0	0	0	0	0	0	0	0	0	0	0	
N62	8.23098e-76	5.82584e-70	3.11339e-64	1.14792e-58	2.80616e-53	4.30549e-48	3.83187e-43	1.70469e-38	6.41458e-35	2.48993e-32	2.00174e-27	2.33546e-22	1.64048e-17	6.2463e-13	1.10831e-08	7.11733e-05	0.0975003	0.896165	0.00625776	5.74997e-06	1.53676e-09	1.68884e-13	9.26559e-18	2.8711e-22	5.47964e-27	8.58775e-32	8.00168e-35	1.14013e-38	3.93895e-41	
CGA501	0	0	0	0	0	0	0	0	0	0	0	0	0	0	0	0	0	1	0	0	0	0	0	0	0	0	0	0	0	
C3121	0	0	0	0	0	0	0	0	0	0	0	0	0	0	0	0	1	0	0	0	0	0	0	0	0	0	0	0	0	
N63	5.51815e-73	5.16669e-67	3.66391e-61	1.79893e-55	5.88576e-50	1.2157e-44	1.46238e-39	9.00131e-35	2.14282e-30	7.8202e-32	1.27489e-30	9.6969e-26	9.24558e-21	6.74099e-16	2.45632e-11	3.71032e-07	0.00165621	0.994129	0.00421217	2.41563e-06	4.10787e-10	2.90016e-14	1.02353e-18	2.02824e-23	2.44085e-28	1.88684e-33	1.00648e-38	6.08251e-44	5.74772e-48	
Calparcri	0	0	0	0	0	0	0	0	0	0	0	0	0	0	0	0	0	1	0	0	0	0	0	0	0	0	0	0	0	
C3118	0	0	0	0	0	0	0	0	0	0	0	0	0	0	0	0	0	1	0	0	0	0	0	0	0	0	0	0	0	
N64	1.49005e-59	1.04356e-55	6.10535e-52	2.74236e-48	9.24812e-45	2.32392e-41	1.46406e-37	2.25655e-32	2.97127e-27	2.55796e-22	1.18523e-17	2.14747e-13	1.2127e-09	1.90936e-06	0.000745008	0.0571462	0.570409	0.366066	0.0056194	1.17015e-05	6.22514e-09	1.18302e-12	9.68669e-17	4.3082e-21	3.19868e-24	1.12628e-26	3.00134e-29	8.0422e-33	4.38517e-34	
N65	5.90006e-60	2.8446e-55	1.2288e-50	4.15927e-46	1.10583e-41	2.3136e-37	3.81994e-33	5.01091e-29	5.22799e-25	4.47034e-21	2.76102e-17	1.02938e-13	2.11492e-10	2.12456e-07	8.75807e-05	0.0112197	0.273333	0.597774	0.113669	0.00387879	3.81361e-05	1.44699e-07	2.56145e-10	2.4111e-13	1.3346e-16	5.65707e-20	7.78974e-23	7.80303e-25	1.85031e-26	
N66	7.72589e-57	2.68074e-52	8.61219e-48	2.18391e-43	4.44253e-39	7.48121e-35	1.06191e-30	1.22422e-26	1.04921e-22	6.0703e-19	2.15234e-15	4.22208e-12	4.12813e-09	1.81289e-06	0.00031781	0.0187498	0.278497	0.604274	0.0954287	0.00270805	2.31665e-05	8.02029e-08	1.35084e-10	1.25333e-13	7.00084e-17	2.51716e-20	6.27523e-24	1.76475e-27	9.09253e-30	
N67	3.38052e-52	1.40493e-47	5.10584e-43	1.35651e-38	2.54604e-34	3.24216e-30	2.68321e-26	1.40753e-22	4.85584e-19	1.47605e-15	4.23729e-12	5.13666e-09	1.34038e-06	0.00012804	0.00503479	0.0787704	0.412661	0.469922	0.0330726	0.000407702	1.58464e-06	2.63153e-09	2.23491e-12	1.09188e-15	3.33298e-19	6.76077e-23	1.00321e-26	2.32496e-30	1.84419e-32	
N68	1.154e-58	6.08596e-54	2.76126e-49	9.12591e-45	2.22718e-40	4.15539e-36	5.98731e-32	6.05109e-28	3.01066e-24	3.46754e-22	2.02232e-18	9.97544e-15	2.6053e-11	3.23081e-08	1.66053e-05	0.00291921	0.128491	0.774027	0.0929693	0.00156865	7.36374e-06	1.34868e-08	1.17744e-11	5.58972e-15	1.58482e-18	3.00642e-22	8.26191e-26	3.98796e-28	2.88923e-30	
Triowe	0	0	0	0	0	0	0	0	0	0	0	0	0	0	0	0	0	1	0	0	0	0	0	0	0	0	0	0	0	
N69	3.49936e-62	1.24865e-57	3.93783e-53	8.9636e-49	1.4827e-44	1.90596e-40	2.28101e-36	3.17598e-32	5.06519e-28	7.37193e-24	7.8399e-20	5.22653e-16	2.01854e-12	4.06483e-09	3.6685e-06	0.00117668	0.0909455	0.802549	0.103478	0.00183803	9.14238e-06	1.79601e-08	1.70357e-11	8.89306e-15	2.80581e-18	6.54557e-22	1.47438e-24	3.90585e-27	2.21059e-28	
Trijoh	0	0	0	0	0	0	0	0	0	0	0	0	0	0	0	0	0	1	0	0	0	0	0	0	0	0	0	0	0	
Trimel	0	0	0	0	0	0	0	0	0	0	0	0	0	0	0	0	0	1	0	0	0	0	0	0	0	0	0	0	0	
N70	2.95804e-45	2.14831e-40	1.352e-35	6.33515e-31	2.14752e-26	5.07755e-22	7.98478e-18	7.83664e-14	4.37443e-10	1.20628e-06	0.00128448	0.304229	0.511287	0.16478	0.0176371	0.000766801	1.43245e-05	1.07758e-07	2.53482e-10	2.27914e-13	9.98169e-17	2.46588e-20	3.77388e-24	3.81625e-28	2.67207e-32	1.34215e-36	4.97908e-41	1.44352e-45	9.37311e-50	
N71	4.61367e-46	5.81206e-41	6.0089e-36	4.47137e-31	2.31397e-26	7.9715e-22	1.72583e-17	2.17073e-13	1.41653e-09	4.02526e-06	0.00367062	0.55163	0.401306	0.0421978	0.00118	1.13161e-05	4.15599e-08	5.98378e-11	3.32823e-14	8.63663e-18	1.2197e-21	1.04192e-25	5.79891e-30	2.25336e-34	7.40816e-39	7.49827e-42	1.94856e-45	1.54715e-47	2.28198e-50	
Trihoe	0	0	0	0	0	0	0	0	0	0	0	1	0	0	0	0	0	0	0	0	0	0	0	0	0	0	0	0	0	
Tribit	0	0	0	0	0	0	0	0	0	0	0	1	0	0	0	0	0	0	0	0	0	0	0	0	0	0	0	0	0	
Trijac	0	0	0	0	0	0	0	0	0	0	0	1	0	0	0	0	0	0	0	0	0	0	0	0	0	0	0	0	0	
N72	2.89456e-57	6.33544e-53	1.25914e-48	1.8615e-44	2.05929e-40	1.76518e-36	1.21481e-32	6.33712e-29	1.8641e-25	7.23629e-23	4.19249e-19	1.73171e-15	4.30221e-12	5.85656e-09	3.82926e-06	0.000984822	0.0714194	0.769046	0.153819	0.00468567	4.18375e-05	1.51183e-07	2.67678e-10	2.63365e-13	1.57371e-16	6.10192e-20	1.63039e-23	3.94573e-27	7.96979e-30	
Tricri	0	0	0	0	0	0	0	0	0	0	0	0	0	0	0	0	0	1	0	0	0	0	0	0	0	0	0	0	0	
N73	3.06297e-62	1.02451e-57	2.98862e-53	6.24412e-49	9.06253e-45	8.97411e-41	6.32717e-37	3.9616e-33	3.24599e-29	3.93338e-25	4.77082e-21	3.77942e-17	1.81661e-13	4.83206e-10	6.23169e-07	0.000317427	0.0447079	0.817419	0.134639	0.00289885	1.71441e-05	3.96639e-08	4.4064e-11	2.68493e-14	9.84672e-18	2.33299e-21	4.72174e-25	3.1764e-28	6.17266e-30	
Triwie	0	0	0	0	0	0	0	0	0	0	0	0	0	0	0	0	0	1	0	0	0	0	0	0	0	0	0	0	0	
Triqua	0	0	0	0	0	0	0	0	0	0	0	0	0	0	0	0	0	1	0	0	0	0	0	0	0	0	0	0	0	
N74	1.81627e-53	2.18349e-49	2.96872e-45	3.50604e-41	3.51586e-37	2.90534e-33	1.9112e-29	9.65667e-26	3.61512e-22	9.65928e-19	1.76373e-15	2.08722e-12	1.49658e-09	5.93426e-07	0.000114203	0.00872898	0.188089	0.581557	0.204812	0.0162557	0.000437614	5.11536e-06	3.04822e-08	1.03473e-10	2.17048e-13	3.06495e-16	6.38155e-19	8.34492e-21	1.08651e-21	
N75	9.13379e-52	4.42301e-48	2.14816e-44	8.03081e-41	2.40854e-37	6.51849e-34	1.90486e-30	6.49342e-27	2.24529e-23	6.52193e-20	1.38612e-16	1.95937e-13	1.7303e-10	8.79248e-08	2.29095e-05	0.002577	0.0945523	0.668741	0.219388	0.0143999	0.000316575	3.05274e-06	1.52363e-08	4.3999e-11	7.96294e-14	9.58967e-17	8.05517e-20	4.95237e-23	3.44804e-26	
Kinboe	0	0	0	0	0	0	0	0	0	0	0	0	0	0	0	0	0	1	0	0	0	0	0	0	0	0	0	0	0	
Kinfis	0	0	0	0	0	0	0	0	0	0	0	0	0	0	0	0	0	1	0	0	0	0	0	0	0	0	0	0	0	
Kinxen	0	0	0	0	0	0	0	0	0	0	0	0	0	0	0	0	0	1	0	0	0	0	0	0	0	0	0	0	0	
N76	7.89285e-41	2.66106e-38	9.48652e-36	2.76561e-33	4.45808e-31	5.90339e-30	3.87901e-28	6.22189e-24	6.1751e-20	3.44525e-16	9.81714e-13	1.23067e-09	5.51258e-07	9.01291e-05	0.00546294	0.111572	0.571728	0.305519	0.00560403	2.30652e-05	3.64683e-08	2.81488e-11	1.21591e-14	3.20808e-18	1.09995e-21	1.4018e-23	8.27631e-25	1.53326e-27	3.64339e-28	
N77	8.82255e-35	3.72992e-31	1.67812e-27	5.74502e-24	1.45115e-20	2.61301e-17	3.21212e-14	2.54862e-11	1.21021e-08	3.08989e-06	0.000360527	0.0146486	0.123995	0.330215	0.344785	0.154517	0.0293892	0.0020501	3.61876e-05	2.75516e-07	1.12802e-09	2.80484e-12	4.58149e-15	5.19668e-18	4.26764e-21	2.62379e-24	1.27709e-27	8.13634e-31	8.01287e-33	
N78	9.14293e-43	5.13627e-38	2.4724e-33	8.58402e-29	2.07752e-24	3.35845e-20	3.43159e-16	2.05796e-12	6.5214e-09	9.31276e-06	0.00456003	0.423395	0.48446	0.0835609	0.00394839	6.53303e-05	4.2356e-07	1.13664e-09	1.34891e-12	8.07605e-16	2.72628e-19	5.64021e-23	7.61216e-27	7.03097e-31	4.61493e-35	2.22018e-39	8.13683e-44	3.65785e-48	1.27963e-51	
N79	1.40098e-48	3.60981e-43	7.36375e-38	1.06635e-32	1.05631e-27	6.82396e-23	2.70009e-18	6.01314e-14	6.65329e-10	3.02678e-06	0.00407237	0.786907	0.204322	0.00467471	2.1267e-05	2.90609e-08	1.53975e-11	3.76916e-15	4.83763e-19	3.57543e-23	1.63369e-27	4.87697e-32	1.00531e-36	3.4889e-41	3.28194e-45	4.27872e-48	2.54151e-52	1.92002e-55	1.70905e-59	
N80	1.79469e-45	2.23159e-40	2.27048e-35	1.65206e-30	8.30256e-26	2.75567e-21	5.69232e-17	6.74316e-13	4.06641e-09	1.03487e-05	0.00794254	0.847312	0.142872	0.00185857	5.13769e-06	4.85383e-09	2.03444e-12	4.44702e-16	5.65226e-20	4.54313e-24	2.79488e-28	1.56425e-31	2.43407e-34	5.75176e-36	8.75244e-40	9.7811e-42	6.05382e-46	2.38257e-48	2.56699e-52	
Chaafr	0	0	0	0	0	0	0	0	0	0	0	1	0	0	0	0	0	0	0	0	0	0	0	0	0	0	0	0	0	
Chacha	0	0	0	0	0	0	0	0	0	0	0	1	0	0	0	0	0	0	0	0	0	0	0	0	0	0	0	0	0	
N81	2.59631e-45	2.97201e-40	2.81857e-35	1.93998e-30	9.33726e-26	2.99883e-21	6.04575e-17	7.04017e-13	4.19942e-09	1.06341e-05	0.00817178	0.876747	0.113883	0.00118478	2.77784e-06	2.32007e-09	8.84716e-13	1.79651e-16	2.15572e-20	1.65201e-24	8.99093e-29	1.97971e-32	2.36693e-35	2.97857e-37	4.79014e-41	2.84086e-43	1.85735e-47	3.92913e-50	3.72907e-54	
Chacaly	0	0	0	0	0	0	0	0	0	0	0	1	0	0	0	0	0	0	0	0	0	0	0	0	0	0	0	0	0	
Chazey	0	0	0	0	0	0	0	0	0	0	0	1	0	0	0	0	0	0	0	0	0	0	0	0	0	0	0	0	0	
N82	5.40257e-40	1.78398e-35	5.21058e-31	1.09416e-26	1.59482e-22	1.5435e-18	9.35692e-15	3.28122e-11	5.93857e-08	4.65356e-05	0.0116687	0.496935	0.437955	0.0518613	0.00151839	1.47692e-05	5.71652e-08	1.00895e-10	9.1452e-14	4.70978e-17	1.49342e-20	3.11168e-24	5.01095e-28	2.12816e-30	1.68731e-33	7.54468e-35	2.58368e-38	6.79799e-40	8.47079e-43	
Chadil	0	0	0	0	0	0	0	0	0	0	0	1	0	0	0	0	0	0	0	0	0	0	0	0	0	0	0	0	0	
Chasen	0	0	0	0	0	0	0	0	0	0	0	1	0	0	0	0	0	0	0	0	0	0	0	0	0	0	0	0	0	
Chanam	0	0	0	0	0	0	0	0	0	0	0	1	0	0	0	0	0	0	0	0	0	0	0	0	0	0	0	0	0	
N83	8.29488e-59	4.74015e-54	2.37009e-49	8.31162e-45	1.95997e-40	2.94498e-36	2.62489e-32	1.21347e-28	1.58065e-26	4.34068e-24	6.73294e-20	6.94297e-16	4.26487e-12	1.38013e-08	2.01053e-05	0.010061	0.94576	0.0438147	0.000342944	8.47131e-07	8.83869e-10	4.63368e-13	1.36939e-16	2.47429e-20	2.90175e-24	2.31142e-28	1.29581e-32	5.2849e-37	1.83955e-41	
N84	7.99672e-82	2.36188e-75	4.01921e-67	1.25693e-60	1.76855e-54	1.26372e-48	4.52298e-43	7.82878e-38	2.13748e-34	1.80542e-32	2.9915e-27	2.83202e-22	5.21202e-17	4.30271e-12	1.34246e-07	0.00110326	0.984886	0.0139957	1.48415e-05	3.35149e-09	2.52369e-13	8.01883e-18	1.22936e-22	9.89132e-28	4.64354e-33	2.36573e-37	2.96089e-39	4.3595e-41	1.68009e-41	
N85	6.11576e-66	4.97156e-62	3.34652e-58	1.71698e-54	6.57638e-51	1.86114e-47	3.96591e-44	6.53463e-41	3.75223e-38	2.63724e-34	1.94266e-28	8.36891e-23	1.89646e-17	1.98762e-12	8.06075e-08	0.0008678	0.987632	0.0114921	8.43779e-06	1.27249e-09	6.42294e-14	1.40656e-18	1.55315e-23	1.26971e-28	2.59266e-31	2.17719e-34	3.57224e-38	3.52581e-42	8.38545e-44	
Braset	0	0	0	0	0	0	0	0	0	0	0	0	0	0	0	0	1	0	0	0	0	0	0	0	0	0	0	0	0	
N86	1.97627e-78	2.22145e-72	1.86378e-66	1.0692e-60	4.03838e-55	9.53892e-50	1.31308e-44	9.08029e-40	2.17728e-36	1.40551e-31	3.26467e-26	4.72909e-21	3.91988e-16	1.64644e-11	2.89537e-07	0.00150318	0.989816	0.00867297	7.18231e-06	1.54301e-09	1.28909e-13	5.20392e-18	1.16113e-22	1.75681e-27	1.37535e-30	1.32768e-33	1.99086e-37	8.30201e-41	8.79606e-43	
N87	7.84278e-80	4.46307e-73	1.49091e-66	2.93293e-60	3.41586e-54	2.31021e-48	8.60155e-43	1.56066e-37	2.38222e-35	1.30242e-34	4.40842e-29	1.55065e-23	4.23298e-18	5.56146e-13	3.00449e-08	0.000485128	0.998159	0.00135525	2.30693e-07	1.15854e-11	2.36753e-16	2.30813e-21	1.17489e-26	3.27421e-32	7.09865e-38	1.0137e-42	7.48781e-48	1.42404e-52	3.66923e-57	
Bramel	0	0	0	0	0	0	0	0	0	0	0	0	0	0	0	0	1	0	0	0	0	0	0	0	0	0	0	0	0	
Bratha	0	0	0	0	0	0	0	0	0	0	0	0	0	0	0	0	1	0	0	0	0	0	0	0	0	0	0	0	0	
N88	1.07827e-75	9.92618e-70	6.8004e-64	3.21323e-58	1.00933e-52	2.00076e-47	2.31658e-42	1.32227e-37	3.64575e-35	1.9558e-31	4.26678e-26	5.8592e-21	4.61848e-16	1.84721e-11	3.11008e-07	0.00155804	0.993608	0.00483119	2.85929e-06	4.88341e-10	3.43447e-14	1.20551e-18	2.37814e-23	2.89534e-28	9.48892e-33	3.06394e-36	2.19998e-40	7.1519e-44	1.41811e-46	
Bradra	0	0	0	0	0	0	0	0	0	0	0	0	0	0	0	0	1	0	0	0	0	0	0	0	0	0	0	0	0	
Bratra	0	0	0	0	0	0	0	0	0	0	0	0	0	0	0	0	1	0	0	0	0	0	0	0	0	0	0	0	0	
N89	2.54468e-72	1.24931e-66	4.7642e-61	1.28498e-55	2.34869e-50	2.74602e-45	1.89129e-40	6.4415e-36	1.29371e-33	7.24149e-30	9.13319e-25	7.35477e-20	3.44188e-15	8.24736e-11	8.36032e-07	0.0025318	0.989913	0.0075474	7.21027e-06	2.01246e-09	2.33627e-13	1.37038e-17	4.59275e-22	9.58884e-27	1.62637e-31	1.66817e-35	2.0457e-39	9.82898e-43	1.77917e-45	
Bragut	0	0	0	0	0	0	0	0	0	0	0	0	0	0	0	0	1	0	0	0	0	0	0	0	0	0	0	0	0	
Braven	0	0	0	0	0	0	0	0	0	0	0	0	0	0	0	0	1	0	0	0	0	0	0	0	0	0	0	0	0	
N90	2.2562e-67	3.14218e-62	3.53545e-57	2.83072e-52	1.55332e-47	5.5983e-43	1.27842e-38	1.79749e-34	9.85911e-31	4.30518e-26	1.60135e-21	3.72573e-17	4.98672e-13	3.40324e-09	9.79278e-06	0.00842651	0.961112	0.0303315	0.000119997	1.362e-07	6.31552e-11	1.45671e-14	1.89438e-18	1.5152e-22	8.32883e-27	9.79961e-31	4.11583e-34	5.05159e-37	3.3796e-39	
Brapum	0	0	0	0	0	0	0	0	0	0	0	0	0	0	0	0	1	0	0	0	0	0	0	0	0	0	0	0	0	
Bradam	0	0	0	0	0	0	0	0	0	0	0	0	0	0	0	0	1	0	0	0	0	0	0	0	0	0	0	0	0	
