NODE	1	2	3	4	5	6	7	8	9	10	11	12	13	14	15	16	17	18	19	20	21	22	23	24	25	26	27	28	29	30	31	32	33	34	35	36	37	38	39	40	41	
N1	8.1857e-31	2.61709e-27	8.95721e-25	1.37721e-21	1.23224e-19	5.38155e-21	6.82066e-19	3.49947e-16	3.98838e-14	3.58748e-14	2.09598e-15	4.51764e-17	1.09642e-17	8.16331e-16	1.09237e-13	5.29107e-12	5.81912e-11	1	3.65618e-11	3.82339e-12	1.64256e-13	3.62355e-15	4.72647e-17	4.00914e-19	2.36665e-21	1.02262e-23	3.36256e-26	8.67656e-29	1.80108e-31	3.06972e-34	4.36967e-37	5.27041e-40	5.45295e-43	4.89126e-46	3.83897e-49	2.65777e-52	1.63458e-55	8.98695e-59	4.44174e-62	1.98332e-65	8.21623e-69	
N2	2.79182e-33	5.47375e-30	4.3251e-27	2.90464e-24	1.7572e-22	4.34432e-22	1.03482e-19	3.40184e-17	3.7871e-15	8.07754e-14	5.63546e-13	1.6822e-12	5.04126e-12	7.79104e-10	5.94069e-07	0.0002252	0.0293107	0.793285	0.170661	0.00643918	7.85328e-05	4.19409e-07	1.17394e-09	2.03614e-12	8.33097e-15	6.95926e-15	2.69926e-16	1.6218e-16	4.24429e-18	1.46702e-18	2.78297e-20	5.64453e-21	8.13284e-23	9.49639e-24	9.88536e-26	5.88734e-27	4.0522e-30	2.15692e-32	8.25291e-36	3.71416e-38	1.92801e-40	
N3	8.71906e-40	7.7193e-35	5.47763e-31	2.43667e-26	3.91404e-23	1.43833e-23	5.35104e-20	7.6024e-16	3.07319e-12	1.1019e-11	1.93296e-12	1.20523e-13	1.33412e-14	1.76197e-11	5.20125e-08	5.76163e-05	0.0168397	0.633637	0.333552	0.0157515	0.000161031	5.56785e-07	8.4323e-10	7.05189e-13	6.43622e-16	1.25472e-17	4.91268e-20	8.59842e-22	2.0706e-24	1.93113e-26	3.06189e-29	1.59004e-31	1.65974e-34	4.8158e-37	2.87772e-40	4.41092e-43	7.54523e-47	4.25647e-50	4.26938e-54	1.51508e-57	2.69089e-61	
N4	1.69244e-39	6.9053e-35	5.19807e-31	9.4087e-27	9.64355e-24	3.896e-23	7.20029e-20	2.00934e-16	1.00557e-13	2.40067e-13	4.9534e-14	2.54333e-14	6.89117e-14	7.40858e-11	1.46728e-07	0.00011136	0.0220805	0.605114	0.351888	0.0205317	0.000273527	1.25766e-06	2.54532e-09	2.66119e-12	1.66606e-15	2.86775e-17	4.15881e-19	9.97778e-20	9.28108e-22	1.19841e-22	7.15194e-25	5.22582e-26	1.81387e-28	7.91349e-30	1.12864e-32	3.12378e-34	7.02819e-38	7.23229e-40	9.34325e-44	3.42584e-46	9.37298e-50	
B3088	0	0	0	0	0	0	0	0	0	0	0	0	0	0	0	0	0	1	0	0	0	0	0	0	0	0	0	0	0	0	0	0	0	0	0	0	0	0	0	0	0	
N5	2.13806e-36	1.23331e-32	3.5867e-29	9.80968e-26	2.0689e-23	5.13341e-22	3.01895e-19	1.48414e-16	1.7546e-14	1.31846e-13	6.70566e-13	1.99171e-12	8.91607e-12	2.27538e-09	1.48314e-06	0.000422819	0.0371856	0.587774	0.348123	0.0259592	0.00052888	4.26996e-06	1.69156e-08	3.77536e-11	5.35126e-14	1.35436e-15	4.51087e-17	2.34472e-17	5.54822e-19	1.67648e-19	2.76911e-21	5.01283e-22	5.26955e-24	5.92432e-25	2.87166e-27	2.10723e-28	1.89648e-31	6.10103e-33	3.04043e-36	3.58025e-38	3.61287e-41	
N6	1.2079e-43	1.26966e-42	1.35491e-41	1.34615e-40	1.23951e-39	1.35305e-43	8.19771e-38	2.90817e-22	2.41935e-14	9.80641e-20	1.01974e-36	1.93484e-29	1.25369e-34	5.96005e-33	1.55986e-32	4.049e-14	4.99756e-07	0.999998	1.9985e-06	6.57283e-13	3.74395e-33	8.38933e-34	1.52481e-34	2.46621e-35	4.668e-36	6.9172e-36	7.406e-36	2.60461e-35	2.92456e-35	8.75648e-35	9.62958e-35	2.37774e-34	2.42155e-34	4.72036e-34	3.96307e-34	5.71279e-34	3.28782e-34	3.44669e-34	1.4942e-34	1.30479e-34	7.83506e-35	
BGA709	0	0	0	0	0	0	0	0	0	0	0	0	0	0	0	0	0	1	0	0	0	0	0	0	0	0	0	0	0	0	0	0	0	0	0	0	0	0	0	0	0	
BGA710	0	0	0	0	0	0	0	0	0	0	0	0	0	0	0	0	0	1	0	0	0	0	0	0	0	0	0	0	0	0	0	0	0	0	0	0	0	0	0	0	0	
BGA309	0	0	0	0	0	0	0	0	0	0	0	0	0	0	0	0	0	1	0	0	0	0	0	0	0	0	0	0	0	0	0	0	0	0	0	0	0	0	0	0	0	
N7	1.67444e-39	9.77009e-35	4.82528e-31	1.26121e-26	3.24262e-24	1.75147e-24	8.75421e-21	5.87828e-17	1.65583e-13	1.81337e-13	3.72305e-14	3.55265e-15	7.36154e-16	1.88161e-12	9.02138e-09	1.71486e-05	0.00933907	0.73313	0.251477	0.00600557	3.11749e-05	5.66263e-08	4.66096e-11	2.04975e-14	5.72849e-18	1.83945e-20	5.51142e-23	1.19861e-24	2.44567e-27	2.95738e-29	4.16472e-32	2.8781e-34	2.75189e-37	1.08698e-39	5.85184e-43	1.31571e-45	2.07203e-49	2.25409e-52	1.84345e-56	8.84924e-60	1.02359e-63	
N8	1.22798e-36	1.45665e-32	4.39056e-29	3.18325e-25	4.77566e-23	2.87612e-22	1.00663e-18	3.43921e-15	3.6283e-12	7.17666e-12	3.66634e-12	9.27051e-13	4.42001e-13	2.60357e-10	3.48967e-07	0.000193318	0.0319757	0.798064	0.165201	0.00452849	3.62435e-05	1.2141e-07	2.08491e-10	2.11556e-13	1.65429e-16	2.43977e-18	1.72821e-20	7.15719e-22	3.58388e-24	8.78098e-26	3.2258e-28	4.77028e-30	1.29869e-32	1.13977e-34	2.0235e-37	9.63884e-40	5.04852e-43	1.09933e-45	3.23955e-49	3.51949e-52	1.53071e-55	
N9	4.19891e-47	5.11739e-46	6.11458e-45	6.84785e-44	7.56439e-43	1.59274e-46	1.10059e-40	1.00125e-24	1.35635e-16	1.28811e-21	2.643e-38	8.27086e-31	1.23321e-35	7.92556e-34	3.8571e-33	2.51919e-14	4.31955e-07	0.999998	1.81442e-06	4.35889e-13	9.94194e-34	1.20698e-34	1.16042e-35	9.48364e-37	8.91054e-38	2.10511e-37	2.30199e-37	1.5537e-36	1.73312e-36	9.68826e-36	1.06329e-35	4.75664e-35	4.80401e-35	1.63672e-34	1.25762e-34	3.02901e-34	9.57397e-35	1.28381e-34	2.89804e-35	2.62153e-35	1.03383e-35	
B11696	0	0	0	0	0	0	0	0	0	0	0	0	0	0	0	0	0	1	0	0	0	0	0	0	0	0	0	0	0	0	0	0	0	0	0	0	0	0	0	0	0	
B11697	0	0	0	0	0	0	0	0	0	0	0	0	0	0	0	0	0	1	0	0	0	0	0	0	0	0	0	0	0	0	0	0	0	0	0	0	0	0	0	0	0	
N10	2.23568e-45	1.92581e-39	1.37786e-35	5.86735e-30	5.7758e-28	3.46136e-29	6.7994e-24	1.35869e-18	1.11682e-13	2.0498e-15	1.41224e-17	4.81971e-20	3.48029e-22	1.70145e-17	1.63661e-12	6.25879e-08	0.000685188	0.996241	0.00307277	1.20496e-06	1.36767e-10	6.43375e-15	1.52876e-19	2.11285e-24	2.30884e-29	4.97637e-33	4.1541e-37	1.83217e-40	9.65008e-45	2.21136e-48	7.25114e-53	8.43361e-57	1.59481e-61	8.81697e-66	7.56425e-71	1.76637e-75	3.36373e-81	2.2709e-86	1.42857e-92	2.41427e-98	7.49741e-105	
B11609	0	0	0	0	0	0	0	0	0	0	0	0	0	0	0	0	0	1	0	0	0	0	0	0	0	0	0	0	0	0	0	0	0	0	0	0	0	0	0	0	0	
BGA392	0	0	0	0	0	0	0	0	0	0	0	0	0	0	0	0	0	1	0	0	0	0	0	0	0	0	0	0	0	0	0	0	0	0	0	0	0	0	0	0	0	
N11	1.349e-46	6.60679e-41	9.3689e-37	2.16194e-31	2.96655e-28	8.12168e-29	2.13664e-24	8.63844e-20	7.85731e-16	2.03447e-16	1.13854e-17	7.01381e-19	2.54328e-19	6.53778e-15	1.72738e-10	1.60993e-06	0.00357102	0.784482	0.209607	0.00233468	4.21961e-06	2.22446e-09	4.68673e-13	4.78756e-17	2.72696e-21	1.51314e-24	1.79288e-27	3.581e-29	2.66644e-32	3.30251e-33	5.21498e-33	6.33101e-33	2.71675e-34	1.56011e-34	3.11706e-36	1.31055e-36	5.54867e-39	1.19757e-39	2.8868e-42	2.4175e-43	1.2403e-45	
N12	1.81186e-38	5.46739e-35	1.76407e-32	2.96164e-29	5.92744e-28	1.99141e-29	1.9339e-25	4.79716e-21	2.04221e-17	5.16838e-18	4.03284e-19	1.6747e-19	4.30465e-19	8.33628e-15	2.02823e-10	1.76787e-06	0.00374055	0.795932	0.198322	0.00200058	3.33452e-06	1.66369e-09	3.39654e-13	3.42993e-17	1.94757e-21	1.54762e-24	6.00165e-27	1.02554e-27	2.42349e-30	2.45023e-31	3.65548e-34	2.12837e-35	1.70334e-38	6.19253e-40	1.63234e-43	4.07597e-45	8.86578e-50	8.87532e-52	9.72346e-57	2.24365e-59	6.75111e-64	
N13	7.61699e-43	1.76902e-38	1.22376e-34	1.96415e-30	8.13127e-28	1.39039e-26	1.01768e-22	7.41534e-19	1.63279e-15	1.02119e-14	1.53559e-14	1.12349e-14	1.62942e-14	2.01668e-11	5.28e-08	5.67741e-05	0.0178986	0.808143	0.170727	0.00315932	1.53849e-05	2.99122e-08	2.89918e-11	1.61115e-14	6.05695e-18	1.06767e-19	9.73877e-22	1.26502e-22	8.0212e-25	6.08109e-26	2.82572e-28	1.2718e-29	4.42606e-32	1.1629e-33	2.63343e-36	3.83486e-38	1.06039e-41	5.69524e-44	8.71131e-48	1.35696e-50	3.98983e-54	
N14	2.72504e-47	5.03986e-46	9.14798e-45	1.5457e-43	2.41979e-42	8.19856e-46	4.61659e-40	5.073e-24	5.28248e-16	4.89255e-21	8.56861e-38	2.01548e-30	2.94262e-35	1.26267e-33	5.35561e-33	3.98867e-14	5.36197e-07	0.999997	2.08732e-06	6.01782e-13	1.14147e-33	1.51515e-34	1.61026e-35	1.49002e-36	1.75989e-37	4.60139e-37	5.05686e-37	2.93845e-36	3.29738e-36	1.59827e-35	1.78446e-35	6.97307e-35	7.38233e-35	2.19662e-34	1.86828e-34	3.76043e-34	1.38916e-34	1.57142e-34	4.09865e-35	3.3283e-35	1.48068e-35	
B985	0	0	0	0	0	0	0	0	0	0	0	0	0	0	0	0	0	1	0	0	0	0	0	0	0	0	0	0	0	0	0	0	0	0	0	0	0	0	0	0	0	
B983	0	0	0	0	0	0	0	0	0	0	0	0	0	0	0	0	0	1	0	0	0	0	0	0	0	0	0	0	0	0	0	0	0	0	0	0	0	0	0	0	0	
N15	1.27089e-41	1.37157e-36	1.24666e-32	7.03463e-28	1.44907e-25	2.45147e-25	4.98357e-21	8.94366e-17	5.3451e-13	1.99666e-13	2.3223e-14	1.34596e-15	1.58914e-16	5.32622e-13	3.74956e-09	1.06132e-05	0.00865666	0.94895	0.0421572	0.000225452	3.43425e-07	2.1668e-10	6.96824e-14	1.32157e-17	2.01077e-21	7.66476e-24	1.10904e-26	9.99097e-29	1.0097e-31	5.33617e-34	3.91227e-37	1.23632e-39	6.52316e-43	1.21607e-45	3.9487e-49	4.10682e-52	3.67604e-56	1.65359e-59	9.33481e-64	3.32207e-66	6.63233e-67	
N16	1.16118e-50	3.21164e-49	7.98298e-48	1.6963e-46	3.00529e-45	4.88659e-49	4.73182e-43	1.72198e-27	1.70243e-19	1.45327e-24	6.41007e-41	5.83772e-33	1.5891e-37	3.72756e-35	4.12361e-34	3.78597e-15	1.77142e-07	0.999999	7.70113e-07	6.82337e-14	1.10885e-34	5.92737e-36	2.48807e-37	8.70481e-39	3.48164e-40	1.7218e-39	1.89078e-39	2.93389e-38	3.24932e-38	4.13439e-37	4.54786e-37	4.57272e-36	4.70001e-36	3.56368e-35	2.65625e-35	1.45572e-34	1.75568e-35	3.04045e-35	2.83544e-36	2.64765e-36	7.19564e-37	
B199	0	0	0	0	0	0	0	0	0	0	0	0	0	0	0	0	0	1	0	0	0	0	0	0	0	0	0	0	0	0	0	0	0	0	0	0	0	0	0	0	0	
BGAA3	0	0	0	0	0	0	0	0	0	0	0	0	0	0	0	0	0	1	0	0	0	0	0	0	0	0	0	0	0	0	0	0	0	0	0	0	0	0	0	0	0	
N17	1.15395e-50	3.19501e-49	7.94978e-48	1.69097e-46	2.99888e-45	9.78459e-49	4.73055e-43	3.45235e-27	2.40441e-19	2.89997e-24	1.27942e-40	8.22878e-33	3.17693e-37	3.72044e-35	4.11893e-34	7.58651e-15	2.50651e-07	0.999999	1.09043e-06	1.36881e-13	1.10915e-34	5.92579e-36	2.48592e-37	8.6915e-39	3.47199e-40	1.71565e-39	1.88401e-39	2.92578e-38	3.24029e-38	4.12622e-37	4.53866e-37	4.56708e-36	4.69345e-36	3.56163e-35	2.65337e-35	1.45562e-34	1.75405e-35	3.04121e-35	2.83382e-36	2.64772e-36	7.18912e-37	
B11604	0	0	0	0	0	0	0	0	0	0	0	0	0	0	0	0	0	1	0	0	0	0	0	0	0	0	0	0	0	0	0	0	0	0	0	0	0	0	0	0	0	
BGA583	0	0	0	0	0	0	0	0	0	0	0	0	0	0	0	0	0	1	0	0	0	0	0	0	0	0	0	0	0	0	0	0	0	0	0	0	0	0	0	0	0	
N18	1.74159e-43	2.06017e-38	2.25283e-34	1.35433e-29	5.74778e-27	1.34919e-26	2.47373e-22	4.74772e-18	2.82765e-14	2.99088e-14	7.15511e-15	8.37474e-16	3.82334e-16	1.52728e-12	8.49749e-09	1.85535e-05	0.0112223	0.871032	0.116405	0.00131836	3.66669e-06	3.87407e-09	1.96763e-12	5.59385e-16	1.11826e-19	6.94624e-22	1.93175e-24	4.64965e-26	8.73708e-29	1.19656e-30	1.60459e-33	1.27975e-35	1.25748e-38	5.74719e-41	3.68223e-44	8.81741e-47	1.08361e-50	1.04087e-53	6.80968e-58	2.40161e-61	2.47374e-65	
N19	8.12459e-49	1.61606e-47	5.24791e-58	4.14097e-37	7.32294e-35	6.81442e-45	2.16363e-30	6.75769e-23	8.03766e-16	1.04927e-19	5.4926e-24	6.23022e-30	1.2743e-33	4.28401e-38	6.7008e-19	3.41575e-12	5.10182e-06	0.999975	1.98633e-05	5.14538e-11	4.03444e-17	6.8071e-35	5.74468e-36	4.17687e-37	3.8891e-38	1.24742e-37	1.37334e-37	1.00691e-36	1.12711e-36	6.86295e-36	7.67888e-36	3.748e-35	4.02651e-35	1.48467e-34	1.29052e-34	3.16062e-34	9.16769e-35	1.07898e-34	2.22746e-35	1.78436e-35	7.1003e-36	
BGA89	0	0	0	0	0	0	0	0	0	0	0	0	0	0	0	0	0	1	0	0	0	0	0	0	0	0	0	0	0	0	0	0	0	0	0	0	0	0	0	0	0	
BGA40	0	0	0	0	0	0	0	0	0	0	0	0	0	0	0	0	0	1	0	0	0	0	0	0	0	0	0	0	0	0	0	0	0	0	0	0	0	0	0	0	0	
N20	9.55418e-43	6.50896e-38	7.19364e-34	2.07034e-29	6.09308e-27	3.72599e-26	2.52832e-22	1.26926e-18	1.53473e-15	1.29615e-15	7.43945e-16	3.58439e-16	3.53339e-16	1.03982e-12	6.56941e-09	1.61959e-05	0.0109082	0.900562	0.0877699	0.000741918	1.57955e-06	1.30058e-09	5.21615e-13	1.17771e-16	1.74237e-20	1.46707e-22	6.52173e-25	5.33519e-26	1.63464e-28	7.7168e-30	1.65533e-32	4.64118e-34	6.39157e-37	1.09992e-38	6.83774e-42	7.64119e-44	6.27555e-48	2.45353e-50	1.19873e-54	1.50115e-57	1.60907e-61	
N21	1.31815e-50	3.63879e-49	1.01146e-47	2.68437e-46	6.69578e-45	3.94404e-48	3.29799e-42	6.32094e-26	1.01711e-17	1.57557e-22	4.42545e-39	1.59991e-31	3.87869e-36	2.43903e-34	1.63099e-33	2.04886e-14	4.00732e-07	0.999998	1.62558e-06	3.27651e-13	3.72323e-34	3.15989e-35	2.12916e-36	1.2209e-37	8.74871e-39	3.28835e-38	3.6194e-38	3.34429e-37	3.73107e-37	2.85089e-36	3.1788e-36	1.93649e-35	2.06934e-35	9.48234e-35	8.08009e-35	2.49581e-34	5.62906e-35	7.36231e-35	1.20079e-35	9.80292e-36	3.44008e-36	
BGAA2	0	0	0	0	0	0	0	0	0	0	0	0	0	0	0	0	0	1	0	0	0	0	0	0	0	0	0	0	0	0	0	0	0	0	0	0	0	0	0	0	0	
BGAA1	0	0	0	0	0	0	0	0	0	0	0	0	0	0	0	0	0	1	0	0	0	0	0	0	0	0	0	0	0	0	0	0	0	0	0	0	0	0	0	0	0	
N22	2.18982e-52	2.00734e-45	3.54263e-41	1.76313e-34	4.23388e-32	1.20619e-33	2.24951e-27	3.40892e-21	1.90965e-15	9.64617e-18	1.87346e-20	1.75453e-23	3.32753e-26	1.11837e-20	6.97545e-15	1.68396e-09	0.000115459	0.999397	0.000487367	2.86363e-08	4.8574e-13	3.34134e-18	1.10521e-23	1.97299e-29	2.75285e-35	1.37027e-39	1.26666e-44	5.89619e-49	1.50099e-54	8.27866e-60	2.8398e-36	1.82326e-35	1.9426e-35	9.37778e-35	7.9132e-35	2.59404e-34	5.57376e-35	7.69897e-35	1.19713e-35	9.93942e-36	3.33367e-36	
BGA584	0	0	0	0	0	0	0	0	0	0	0	0	0	0	0	0	0	1	0	0	0	0	0	0	0	0	0	0	0	0	0	0	0	0	0	0	0	0	0	0	0	
BGA706	0	0	0	0	0	0	0	0	0	0	0	0	0	0	0	0	0	1	0	0	0	0	0	0	0	0	0	0	0	0	0	0	0	0	0	0	0	0	0	0	0	
N23	5.14801e-39	1.34865e-34	8.06505e-31	1.12074e-26	2.56404e-24	1.93908e-23	9.56219e-20	4.43054e-16	6.30426e-13	1.35908e-12	7.68031e-13	2.15264e-13	1.14088e-13	9.04577e-11	1.62842e-07	0.000120433	0.0262716	0.828736	0.141929	0.00292577	1.72093e-05	4.20609e-08	5.25748e-11	3.87291e-14	2.21792e-17	3.61118e-19	2.31565e-21	1.05014e-22	4.72526e-25	1.26497e-26	4.19305e-29	6.75557e-31	1.6882e-33	1.60526e-35	2.69292e-38	1.3556e-40	5.30921e-44	1.11e-46	2.43466e-50	2.26026e-53	7.87205e-57	
N24	2.58363e-52	6.28237e-45	5.74391e-41	5.20048e-34	6.60599e-32	3.08064e-34	1.43814e-27	4.6689e-21	5.89736e-15	7.85464e-18	4.10745e-21	8.28605e-25	2.44689e-28	3.19333e-22	5.68347e-16	3.09716e-10	4.85872e-05	0.999744	0.000207843	5.46637e-09	4.21132e-14	1.04039e-19	8.79793e-26	2.21008e-32	4.248e-38	1.11979e-37	1.22699e-37	9.34073e-37	1.04131e-36	6.55176e-36	7.20792e-36	3.61942e-35	3.68225e-35	1.40315e-34	1.08035e-34	2.90075e-34	8.11233e-35	1.13625e-34	2.26664e-35	2.03743e-35	7.43999e-36	
BGA304	0	0	0	0	0	0	0	0	0	0	0	0	0	0	0	0	0	1	0	0	0	0	0	0	0	0	0	0	0	0	0	0	0	0	0	0	0	0	0	0	0	
BGA303	0	0	0	0	0	0	0	0	0	0	0	0	0	0	0	0	0	1	0	0	0	0	0	0	0	0	0	0	0	0	0	0	0	0	0	0	0	0	0	0	0	
N25	4.20917e-48	5.90504e-47	8.30558e-46	1.14331e-44	1.61576e-43	2.36056e-47	3.6798e-41	2.09935e-25	4.33392e-17	3.35088e-22	7.5839e-39	3.55659e-31	4.29796e-36	5.61588e-34	3.00757e-33	1.16846e-14	2.97304e-07	0.999998	1.24899e-06	2.0035e-13	7.59603e-34	8.28422e-35	7.15011e-36	5.24005e-37	4.49724e-38	1.20954e-37	1.32619e-37	9.85706e-37	1.09948e-36	6.75851e-36	7.44436e-36	3.65446e-35	3.72983e-35	1.3893e-34	1.07902e-34	2.82071e-34	8.04948e-35	1.09834e-34	2.23828e-35	1.98767e-35	7.40738e-36	
BGAB1	0	0	0	0	0	0	0	0	0	0	0	0	0	0	0	0	0	1	0	0	0	0	0	0	0	0	0	0	0	0	0	0	0	0	0	0	0	0	0	0	0	
BGA7	0	0	0	0	0	0	0	0	0	0	0	0	0	0	0	0	0	1	0	0	0	0	0	0	0	0	0	0	0	0	0	0	0	0	0	0	0	0	0	0	0	
N26	3.68715e-40	2.18425e-39	5.36707e-50	1.24215e-29	6.27688e-28	1.21605e-38	1.47211e-24	9.55343e-18	2.37628e-11	1.19457e-15	2.43263e-20	4.37531e-27	3.57647e-31	4.9406e-36	2.43776e-17	3.09643e-11	1.3201e-05	0.99995	3.7054e-05	2.62877e-10	6.80165e-16	1.25916e-33	3.12707e-34	9.46946e-35	4.68362e-35	9.23665e-35	1.0194e-34	2.30841e-34	2.57508e-34	5.0674e-34	5.46071e-34	9.08477e-34	8.92526e-34	1.2041e-33	9.83542e-34	1.0262e-33	6.401e-34	5.29521e-34	2.79102e-34	2.32436e-34	1.7755e-34	
PGA445	0	0	0	0	0	0	0	0	0	0	0	0	0	0	0	0	0	1	0	0	0	0	0	0	0	0	0	0	0	0	0	0	0	0	0	0	0	0	0	0	0	
PGA363	0	0	0	0	0	0	0	0	0	0	0	0	0	0	0	0	0	1	0	0	0	0	0	0	0	0	0	0	0	0	0	0	0	0	0	0	0	0	0	0	0	
N27	6.83764e-38	1.02859e-32	8.47492e-29	5.76302e-25	2.55244e-23	2.99358e-22	2.42456e-19	2.45261e-15	1.35983e-11	1.32889e-10	2.6845e-10	1.58961e-10	3.83678e-08	1.61434e-05	0.00234197	0.0996584	0.694135	0.203585	0.0002636	6.9585e-08	6.83569e-12	3.26366e-16	8.81498e-21	1.57967e-25	6.86117e-30	4.08786e-32	1.4216e-35	6.23111e-38	1.47703e-41	3.70896e-44	6.2614e-48	9.29069e-51	1.61532e-50	3.46404e-50	5.86952e-52	6.60957e-53	6.21256e-55	7.95859e-56	1.18665e-57	1.84249e-56	2.15399e-55	
N28	4.98159e-34	7.22378e-30	6.94775e-26	1.71981e-22	6.17442e-19	1.22344e-16	6.25391e-15	4.45632e-12	5.99215e-09	2.95671e-06	0.000330269	0.00905099	0.0791227	0.264358	0.370945	0.221831	0.0512891	0.00306213	7.52653e-06	7.21163e-09	3.65125e-12	1.12354e-15	2.28627e-19	4.0528e-23	5.44668e-26	6.02807e-27	2.84872e-29	2.08253e-30	7.62586e-33	3.68961e-33	1.8145e-33	5.64982e-33	2.69482e-33	2.58423e-32	7.30871e-33	1.69503e-32	2.22657e-34	2.46267e-35	1.34051e-37	9.02193e-39	6.21812e-40	
Rhaspe	0	0	0	0	0	0	0	0	0	1	0	0	0	0	0	0	0	0	0	0	0	0	0	0	0	0	0	0	0	0	0	0	0	0	0	0	0	0	0	0	0	
N29	1.45792e-30	5.9584e-27	2.19709e-23	4.17571e-20	5.20782e-17	1.07048e-14	9.44895e-13	2.56697e-10	1.10246e-07	2.14439e-05	0.00124505	0.021272	0.129197	0.318635	0.341003	0.158337	0.0288547	0.00142915	5.87807e-06	1.02455e-08	1.00446e-11	6.63378e-15	9.5509e-18	5.80508e-18	6.99103e-20	4.29266e-20	2.97308e-22	1.37074e-22	5.42899e-25	1.9262e-25	4.22947e-28	1.15883e-28	1.30627e-31	2.65037e-32	1.31071e-35	1.55056e-36	3.571e-40	5.49709e-42	9.87364e-46	8.46018e-48	1.11844e-49	
Rhamar	0	0	0	0	0	0	0	0	0	1	0	0	0	0	0	0	0	0	0	0	0	0	0	0	0	0	0	0	0	0	0	0	0	0	0	0	0	0	0	0	0	
Rhatem	0	0	0	0	0	0	0	0	0	0	1	0	0	0	0	0	0	0	0	0	0	0	0	0	0	0	0	0	0	0	0	0	0	0	0	0	0	0	0	0	0	
N30	9.24788e-45	8.38731e-39	2.11054e-34	1.17917e-28	8.27164e-28	1.34785e-25	4.52015e-20	5.75637e-15	3.26342e-12	7.08048e-13	6.83988e-14	7.50365e-14	5.72268e-11	3.2726e-07	0.000432494	0.0724672	0.713436	0.213111	0.000552942	1.73851e-07	1.48763e-11	1.08091e-14	1.11755e-17	3.61517e-19	9.98157e-23	1.49175e-24	1.27548e-28	2.14797e-30	1.60277e-31	7.30386e-31	3.58785e-33	2.61621e-33	4.87292e-36	2.3236e-36	2.6335e-39	6.73984e-40	4.82099e-43	1.47763e-44	7.81704e-48	2.43813e-49	7.82994e-50	
N31	6.11464e-40	1.36369e-34	2.07785e-30	5.47908e-26	8.36286e-23	9.12381e-22	6.74778e-18	1.3488e-14	4.52028e-12	8.07387e-11	2.26581e-10	2.6043e-10	1.54779e-09	1.92617e-06	0.000723069	0.0572744	0.614961	0.319673	0.00734184	2.43064e-05	2.24402e-08	8.21459e-12	1.67352e-15	7.56512e-18	1.52399e-20	2.01012e-22	2.28385e-25	1.43775e-27	9.9459e-31	3.15313e-33	1.25548e-36	2.03464e-39	3.09176e-43	4.75357e-44	2.53349e-46	8.46984e-48	2.31732e-50	3.38358e-52	6.3859e-55	2.42455e-56	5.29788e-56	
N32	2.02792e-32	2.73348e-28	2.0823e-24	4.71599e-22	3.88902e-19	2.74781e-16	1.89752e-14	1.59377e-13	2.80415e-12	3.04213e-10	3.17323e-08	2.0418e-06	0.000156052	0.00648778	0.0878743	0.382782	0.444441	0.0770795	0.00117226	4.94683e-06	8.84208e-09	8.26545e-12	4.59119e-15	1.78617e-18	1.81085e-21	1.99766e-22	1.45022e-24	1.22381e-25	6.56243e-28	3.33303e-29	1.33351e-31	4.04052e-33	1.04585e-35	1.87363e-37	1.44601e-40	1.61297e-42	3.53501e-46	1.14682e-48	1.67289e-52	2.40663e-55	1.24556e-58	
N33	2.5265e-39	1.72761e-38	1.22733e-37	7.98429e-37	4.72265e-36	2.5214e-35	6.64344e-58	1.80914e-18	4.28826e-17	2.35244e-35	3.44804e-28	1.1308e-32	6.76291e-32	9.73499e-32	5.4512e-13	1.7846e-06	0.999995	2.72272e-06	1.40791e-12	1.54081e-33	3.26591e-34	1.40911e-34	1.07663e-34	2.60933e-34	2.73464e-34	5.9478e-34	5.74487e-34	1.03901e-33	8.75182e-34	1.30321e-33	9.11622e-34	1.1073e-33	6.19263e-34	6.06372e-34	2.66392e-34	2.10962e-34	7.45678e-35	5.31151e-35	2.22323e-35	3.08738e-35	5.49081e-35	
FGA379	0	0	0	0	0	0	0	0	0	0	0	0	0	0	0	0	1	0	0	0	0	0	0	0	0	0	0	0	0	0	0	0	0	0	0	0	0	0	0	0	0	
F647	0	0	0	0	0	0	0	0	0	0	0	0	0	0	0	0	1	0	0	0	0	0	0	0	0	0	0	0	0	0	0	0	0	0	0	0	0	0	0	0	0	
N34	2.13575e-31	2.21594e-27	1.5484e-23	8.99869e-22	3.88042e-18	8.49364e-15	9.31149e-14	1.48231e-13	7.15325e-12	2.09435e-08	2.87379e-05	0.00992581	0.173278	0.443025	0.299305	0.0688148	0.00550256	0.000119741	4.53961e-07	6.44985e-10	4.6051e-13	1.92841e-16	5.21752e-20	1.09025e-23	5.92921e-27	1.84346e-28	5.47968e-31	1.38366e-32	3.14097e-35	5.05065e-37	8.35686e-40	8.58666e-42	8.66333e-45	5.78038e-47	2.27353e-50	9.64268e-53	1.38363e-56	2.59615e-59	7.55234e-63	4.54999e-65	9.32107e-68	
N35	3.2399e-33	4.07675e-28	3.04857e-23	8.68708e-22	1.61203e-17	3.3843e-13	1.78518e-12	6.14921e-13	8.69719e-11	4.58523e-08	0.000114996	0.0746043	0.499294	0.391398	0.0338952	0.000689202	3.97748e-06	6.2844e-09	2.8903e-12	5.76512e-16	6.12611e-20	5.46855e-24	1.86822e-27	1.37486e-29	8.20125e-33	3.81919e-35	1.22353e-38	2.15281e-39	1.42188e-40	6.08428e-38	4.21769e-37	1.40016e-37	1.74328e-39	4.67164e-40	3.27779e-40	8.31975e-39	7.17634e-40	4.85965e-41	1.98267e-43	1.03042e-44	1.27259e-45	
N36	2.92493e-36	1.38741e-30	3.15528e-25	1.81123e-23	1.61901e-18	1.6969e-14	6.63691e-15	3.25815e-15	6.40901e-12	1.26559e-07	0.000749444	0.256968	0.630387	0.109816	0.0020719	7.60771e-06	6.84212e-09	1.61697e-12	1.24392e-16	4.28095e-21	7.88654e-26	1.01619e-29	4.71964e-33	2.62363e-31	3.18242e-31	9.16021e-31	1.92356e-32	3.33393e-32	1.82388e-34	2.35909e-34	5.85061e-37	4.95193e-37	7.46344e-40	3.4162e-40	3.81566e-43	7.47403e-44	7.06863e-47	5.91614e-48	5.04439e-51	6.3624e-52	1.91762e-51	
N37	3.95918e-40	4.3219e-39	4.62992e-38	4.46464e-37	2.74667e-21	1.71945e-19	2.12563e-30	8.50301e-35	3.54419e-15	1.408e-07	0.999994	6.28953e-06	6.15094e-12	6.62841e-32	2.03773e-32	4.07251e-33	5.99221e-34	8.28997e-35	2.17778e-35	6.62907e-35	7.1391e-35	2.48003e-34	2.48073e-34	6.52976e-34	5.01593e-34	9.55631e-34	4.0773e-34	5.26167e-34	1.48188e-34	1.23528e-34	2.60945e-35	1.81798e-35	3.05714e-36	2.02266e-36	2.88637e-37	2.169e-37	7.08095e-38	2.75499e-37	1.13935e-36	4.68891e-36	1.55841e-35	
F3016	0	0	0	0	0	0	0	0	0	0	1	0	0	0	0	0	0	0	0	0	0	0	0	0	0	0	0	0	0	0	0	0	0	0	0	0	0	0	0	0	0	
F3015	0	0	0	0	0	0	0	0	0	0	1	0	0	0	0	0	0	0	0	0	0	0	0	0	0	0	0	0	0	0	0	0	0	0	0	0	0	0	0	0	0	
N38	1.34881e-33	1.89302e-30	9.66076e-27	7.76238e-25	5.0044e-20	4.75105e-16	1.16737e-15	5.92716e-15	7.08019e-12	1.86604e-07	0.0010536	0.336848	0.611952	0.049794	0.00035124	4.11498e-07	1.14294e-10	9.96199e-15	3.67746e-19	3.07917e-23	2.56613e-26	1.24275e-27	3.89282e-31	1.15352e-32	1.1103e-36	2.15534e-38	6.31891e-43	2.51648e-44	4.40074e-47	2.11562e-44	1.3508e-44	7.02022e-45	5.06728e-48	8.97241e-49	2.02185e-51	4.4454e-50	3.01363e-51	2.05263e-52	1.17884e-54	3.17679e-54	6.78665e-54	
N39	1.44276e-37	5.2751e-32	1.17067e-26	9.32922e-25	9.18139e-20	5.28172e-15	4.8844e-14	3.26093e-14	4.57755e-12	6.51471e-08	0.000454379	0.391176	0.584006	0.0242923	7.11797e-05	3.67334e-08	5.86169e-12	4.06494e-16	3.75484e-20	1.95662e-21	2.70757e-24	1.04563e-25	3.37005e-29	7.59968e-31	5.64944e-35	7.55441e-37	1.58821e-41	1.08898e-43	9.61618e-48	2.86694e-45	2.3701e-44	2.54963e-45	2.35794e-48	1.21255e-49	1.65509e-51	9.48779e-50	3.78037e-51	4.0465e-52	2.99772e-52	5.81833e-52	8.82465e-52	
N40	8.45884e-41	3.07297e-34	5.78428e-28	1.95852e-27	2.21321e-21	9.00502e-16	1.84473e-16	8.68726e-18	1.91645e-13	3.09725e-08	0.000968708	0.70765	0.289895	0.00148674	3.1926e-07	1.28002e-11	1.71641e-16	1.03912e-21	6.75083e-27	1.83304e-29	2.19831e-33	4.90968e-36	7.15986e-40	2.63527e-38	1.08985e-39	2.9712e-40	1.8193e-43	1.7418e-44	5.14924e-48	1.13686e-49	2.60595e-53	2.25862e-55	3.93622e-59	2.20593e-61	2.86498e-65	1.31083e-67	1.43898e-71	5.02582e-73	9.24676e-74	1.60619e-74	2.00131e-75	
N41	1.10748e-36	1.45523e-34	4.66102e-29	6.25962e-27	9.93838e-22	1.80298e-17	2.02692e-16	2.05806e-15	8.1899e-12	3.42338e-07	0.00352817	0.722629	0.272561	0.00128122	2.88922e-07	1.54566e-11	3.18767e-16	2.3159e-20	3.24347e-23	3.42456e-24	2.89149e-27	1.32346e-28	4.33938e-32	3.35865e-32	8.24101e-34	3.44531e-33	1.94315e-36	5.63826e-37	2.31511e-40	1.33711e-41	4.31321e-45	1.45037e-46	3.52682e-50	9.66108e-52	1.83858e-55	2.9618e-56	1.58142e-59	7.45809e-59	1.17851e-57	1.10047e-55	8.34805e-54	
N42	5.04567e-41	7.27153e-40	1.00573e-38	1.2455e-37	2.65756e-21	2.10316e-19	1.96649e-30	1.59317e-34	7.93354e-15	2.18543e-07	0.99999	9.47147e-06	9.62414e-12	1.63439e-32	2.38053e-33	2.47177e-34	2.12406e-35	1.0472e-35	1.00718e-35	5.18042e-35	5.58187e-35	2.21264e-34	2.06143e-34	5.54188e-34	2.39659e-34	4.38327e-34	9.23141e-35	7.27167e-35	1.06988e-35	7.30544e-36	8.41321e-37	5.64469e-37	5.41769e-38	3.79872e-38	5.04703e-39	1.65312e-38	9.69891e-39	6.22324e-38	2.95845e-37	1.53647e-36	6.08744e-36	
F1476	0	0	0	0	0	0	0	0	0	0	1	0	0	0	0	0	0	0	0	0	0	0	0	0	0	0	0	0	0	0	0	0	0	0	0	0	0	0	0	0	0	
FGA81	0	0	0	0	0	0	0	0	0	0	1	0	0	0	0	0	0	0	0	0	0	0	0	0	0	0	0	0	0	0	0	0	0	0	0	0	0	0	0	0	0	
N43	5.56992e-37	1.88665e-33	1.46441e-27	5.08896e-25	5.95988e-20	4.40721e-15	1.20511e-13	5.04071e-13	5.83248e-10	6.6082e-07	0.00499759	0.71813	0.274365	0.00250628	1.09815e-06	1.17485e-10	4.94551e-15	2.58446e-17	5.79909e-20	4.48761e-21	4.64664e-24	1.4831e-25	1.27065e-28	2.63882e-26	1.03695e-28	1.00658e-28	8.88808e-32	8.63683e-33	5.88007e-36	2.51213e-37	1.23509e-40	4.03931e-42	1.45595e-45	4.25208e-47	4.49486e-50	9.67112e-50	7.93654e-53	1.56277e-52	8.65083e-53	1.74825e-52	2.44958e-52	
Furcep	0	0	0	0	0	0	0	0	0	0	0	0	0	1	0	0	0	0	0	0	0	0	0	0	0	0	0	0	0	0	0	0	0	0	0	0	0	0	0	0	0	
N44	1.49636e-33	1.28926e-30	1.1423e-25	9.1985e-23	3.79266e-18	7.11622e-15	8.73642e-15	1.3964e-13	7.24664e-10	1.0515e-05	0.0357367	0.796479	0.166964	0.000809685	3.72499e-07	5.42725e-11	3.55907e-15	2.54472e-19	2.52259e-22	2.98322e-23	5.98558e-26	4.2575e-27	4.71843e-30	1.77067e-31	1.63637e-35	3.80146e-37	5.64624e-42	2.8867e-44	2.70293e-49	1.9366e-52	1.24968e-57	4.54296e-61	1.98047e-66	5.15553e-70	1.61094e-75	1.04928e-78	6.28338e-84	4.49012e-86	4.98554e-88	6.33476e-90	5.58287e-92	
Furpol	0	0	0	0	0	0	0	0	0	0	0	1	0	0	0	0	0	0	0	0	0	0	0	0	0	0	0	0	0	0	0	0	0	0	0	0	0	0	0	0	0	
N45	2.09019e-34	4.14803e-29	3.27828e-24	7.05159e-21	3.2927e-16	1.12495e-13	4.59483e-14	7.50256e-12	1.25495e-07	0.000695403	0.627185	0.360535	0.0115676	1.69518e-05	6.51378e-09	1.02807e-12	8.34884e-17	2.13197e-20	3.15441e-23	7.51591e-25	8.65748e-28	1.04698e-29	7.2913e-33	4.41271e-35	4.53253e-39	1.51823e-41	3.83893e-46	2.18169e-49	3.53789e-54	8.44767e-58	8.56301e-63	1.48729e-66	9.98031e-72	1.40358e-75	7.36692e-81	4.05315e-84	9.72502e-89	3.02657e-91	6.35301e-94	1.32617e-96	1.93577e-99	
N46	2.13246e-34	5.45223e-29	5.04856e-24	1.56165e-20	8.8769e-16	2.15529e-13	5.57119e-14	1.2525e-11	2.28433e-07	0.00123661	0.890047	0.108114	0.000600812	3.70839e-07	7.26386e-11	6.4657e-15	4.45395e-19	4.42457e-21	5.68007e-24	8.41512e-26	6.08584e-29	4.4011e-31	5.66296e-35	2.38638e-37	7.20784e-42	1.09489e-44	1.75422e-49	5.4467e-53	5.58735e-58	1.03456e-61	7.17155e-67	2.64616e-70	5.90659e-74	7.45209e-76	3.04536e-78	7.93169e-79	7.14924e-82	1.32753e-82	5.99497e-84	1.20289e-84	1.44346e-85	
N47	2.41602e-44	9.08982e-43	1.24572e-31	3.31495e-28	1.16142e-20	2.16145e-18	3.55232e-22	7.39249e-20	8.17672e-13	2.5875e-06	0.999956	4.1559e-05	1.06192e-10	6.6332e-17	8.63364e-36	4.03998e-37	1.37899e-37	1.81991e-36	1.92878e-36	2.01289e-35	1.83633e-35	1.29915e-34	1.62744e-35	6.28486e-35	4.50294e-36	5.45506e-36	3.13081e-37	2.41584e-37	1.08494e-38	7.70092e-39	2.85998e-40	2.6644e-40	1.19641e-41	8.23897e-41	8.21507e-41	1.2832e-39	1.3889e-40	1.5732e-39	3.72613e-39	4.83418e-38	3.0964e-37	
F2241	0	0	0	0	0	0	0	0	0	0	1	0	0	0	0	0	0	0	0	0	0	0	0	0	0	0	0	0	0	0	0	0	0	0	0	0	0	0	0	0	0	
F12266	0	0	0	0	0	0	0	0	0	0	1	0	0	0	0	0	0	0	0	0	0	0	0	0	0	0	0	0	0	0	0	0	0	0	0	0	0	0	0	0	0	
Furang	0	0	0	0	0	0	0	0	0	0	1	0	0	0	0	0	0	0	0	0	0	0	0	0	0	0	0	0	0	0	0	0	0	0	0	0	0	0	0	0	0	
Fga490	0	0	0	0	0	0	0	0	0	0	1	0	0	0	0	0	0	0	0	0	0	0	0	0	0	0	0	0	0	0	0	0	0	0	0	0	0	0	0	0	0	
N48	1.05707e-37	9.61845e-32	4.52658e-26	1.24859e-24	3.30535e-19	1.66682e-14	5.23542e-15	2.45343e-15	3.68238e-11	1.2916e-06	0.0085007	0.890385	0.100986	0.000127585	2.50612e-08	1.56821e-12	4.3173e-17	2.76586e-21	1.65797e-24	2.38401e-26	1.05694e-29	6.97198e-32	1.6887e-35	5.22397e-38	1.52985e-42	2.58193e-45	1.301e-50	4.08342e-54	1.74209e-57	2.49051e-56	1.70193e-57	1.5142e-59	3.4988e-63	2.81374e-65	2.87732e-67	2.75907e-66	5.17782e-68	1.83774e-68	4.02241e-69	3.98775e-69	6.19727e-68	
N49	5.6691e-37	2.98509e-31	7.737e-26	1.20428e-23	1.77281e-18	2.34925e-14	3.8005e-14	1.5798e-13	9.6648e-11	2.25762e-06	0.0103619	0.913375	0.0761546	0.000106096	2.46239e-08	1.90139e-12	7.0885e-17	3.32203e-19	4.79813e-22	1.47917e-23	1.14778e-26	1.58063e-28	2.93477e-32	2.30094e-34	3.55174e-39	9.41966e-42	6.19953e-47	1.68032e-50	8.10968e-55	1.33557e-53	2.80306e-53	7.42116e-55	3.00346e-58	6.27738e-60	1.79738e-62	1.28017e-59	7.14259e-60	9.84282e-60	2.74644e-60	2.26599e-60	1.2893e-60	
N50	9.37631e-39	1.88197e-32	1.99863e-26	3.21026e-25	1.11059e-19	2.89386e-14	3.28153e-13	3.22146e-14	8.09411e-13	3.23034e-08	0.00076916	0.91205	0.0869102	0.000270995	4.22294e-08	1.72258e-12	5.68556e-17	1.11164e-18	6.99362e-22	9.23285e-24	2.31884e-27	1.23706e-29	2.90321e-34	7.63858e-34	4.16634e-35	4.04774e-36	1.49079e-39	2.56435e-41	6.66803e-45	7.25733e-47	1.34745e-50	1.19941e-52	1.66306e-56	2.49818e-58	1.41376e-60	6.313e-61	2.0064e-64	5.63678e-65	1.90425e-66	6.07958e-67	1.09893e-67	
N51	2.05272e-35	9.52971e-31	1.46288e-25	6.00808e-24	3.97741e-19	9.50202e-15	6.60227e-15	2.41516e-15	2.05955e-12	7.74837e-08	0.000803902	0.94549	0.0536196	8.67752e-05	2.06116e-08	1.60233e-12	5.64749e-17	2.34887e-20	4.36799e-23	3.05045e-24	3.49721e-27	1.15487e-28	5.25768e-32	9.64003e-34	1.92263e-38	1.49927e-40	1.12226e-45	1.30733e-48	6.79774e-54	1.76361e-57	5.79806e-63	9.77153e-67	2.07707e-72	2.77567e-76	5.97038e-82	1.18467e-83	2.39715e-87	9.68587e-88	2.00067e-88	6.99564e-89	1.6942e-89	
N52	1.74906e-34	3.66627e-29	4.18831e-24	1.39882e-22	9.08434e-18	2.45769e-13	1.63739e-13	3.87547e-14	1.22147e-11	2.44842e-07	0.00140996	0.979328	0.0192397	2.19209e-05	6.18699e-09	6.87172e-13	3.94004e-17	8.54219e-20	1.34537e-22	3.39913e-24	3.31421e-27	4.06253e-29	2.28448e-32	1.35794e-34	3.834e-39	6.5544e-42	9.55618e-47	2.91976e-50	2.62229e-55	4.61681e-59	2.61033e-64	3.71383e-68	7.79329e-73	6.21456e-75	3.99219e-78	9.5094e-79	1.13175e-81	3.33688e-82	5.86665e-83	1.34815e-83	2.21535e-84	
FGA456	0	0	0	0	0	0	0	0	0	0	0	1	0	0	0	0	0	0	0	0	0	0	0	0	0	0	0	0	0	0	0	0	0	0	0	0	0	0	0	0	0	
N53	4.95788e-46	1.65046e-36	1.50336e-28	2.5858e-30	1.28542e-22	2.91879e-15	8.66929e-19	9.68214e-23	2.60402e-20	4.15004e-13	1.87139e-06	0.999989	9.27574e-06	9.61236e-12	2.89195e-18	9.81542e-37	3.3004e-38	1.20025e-37	1.28632e-37	1.8145e-36	1.93209e-36	2.03162e-35	1.84431e-35	1.30437e-34	1.00074e-35	1.63384e-35	9.88964e-37	7.99915e-37	3.7259e-38	2.66085e-38	9.97319e-40	6.98991e-40	2.21381e-41	1.84316e-41	3.86041e-42	6.66986e-41	1.02498e-41	1.70048e-40	1.71667e-39	2.40716e-38	2.45724e-37	
FGA516	0	0	0	0	0	0	0	0	0	0	0	1	0	0	0	0	0	0	0	0	0	0	0	0	0	0	0	0	0	0	0	0	0	0	0	0	0	0	0	0	0	
FGA513	0	0	0	0	0	0	0	0	0	0	0	1	0	0	0	0	0	0	0	0	0	0	0	0	0	0	0	0	0	0	0	0	0	0	0	0	0	0	0	0	0	
N54	7.28733e-44	1.93876e-42	6.26211e-29	3.41106e-44	2.11417e-23	3.62491e-15	5.612e-20	3.86818e-30	9.29899e-35	6.83096e-15	2.36336e-07	0.999999	1.25652e-06	1.74996e-13	1.19161e-34	6.52455e-36	3.42076e-37	7.32525e-37	7.83314e-37	7.0008e-36	7.55077e-36	5.04734e-35	4.77071e-35	2.05208e-34	2.88142e-35	4.38639e-35	4.48231e-36	3.43348e-36	2.59703e-37	1.80799e-37	1.09174e-38	7.54405e-39	3.849e-40	3.10078e-40	6.3613e-41	6.4263e-40	1.79703e-40	1.92459e-39	1.34384e-38	1.1813e-37	7.60572e-37	
F12278	0	0	0	0	0	0	0	0	0	0	0	1	0	0	0	0	0	0	0	0	0	0	0	0	0	0	0	0	0	0	0	0	0	0	0	0	0	0	0	0	0	
F12279	0	0	0	0	0	0	0	0	0	0	0	1	0	0	0	0	0	0	0	0	0	0	0	0	0	0	0	0	0	0	0	0	0	0	0	0	0	0	0	0	0	
N55	6.06611e-33	1.03255e-27	9.25821e-23	1.51384e-20	1.43068e-16	3.88304e-12	4.13891e-10	1.83562e-10	1.3075e-09	1.10068e-07	0.00050342	0.661298	0.319153	0.0190286	1.71341e-05	4.51719e-09	8.32397e-13	3.21272e-14	9.77248e-17	3.94157e-18	6.78145e-21	1.24683e-22	1.1786e-25	1.00951e-27	3.73606e-32	2.72761e-35	5.91932e-40	2.15635e-43	2.80536e-48	7.6949e-52	6.55051e-57	1.45477e-60	8.74453e-66	2.46368e-69	2.56149e-73	7.86777e-75	9.59211e-78	2.81549e-78	4.68395e-79	1.09308e-79	1.80836e-80	
Furant	0	0	0	0	0	0	0	0	0	0	0	1	0	0	0	0	0	0	0	0	0	0	0	0	0	0	0	0	0	0	0	0	0	0	0	0	0	0	0	0	0	
N56	3.53557e-43	1.23235e-41	4.04069e-40	1.19498e-38	2.00327e-42	2.48775e-20	2.53431e-12	7.90727e-17	7.98262e-28	1.42166e-31	1.70367e-30	3.54067e-11	1.7045e-05	0.999983	3.93476e-07	3.07091e-14	4.06303e-36	2.56553e-35	2.75947e-35	3.28809e-34	3.48783e-34	3.09948e-33	2.75284e-33	1.64394e-32	1.36318e-33	1.39478e-33	8.70638e-35	6.5162e-35	3.1826e-36	2.24351e-36	9.01605e-38	6.3561e-38	2.22579e-39	2.46819e-39	1.07768e-39	1.68425e-38	2.96217e-39	4.15028e-38	3.49388e-37	4.20418e-36	3.65737e-35	
FGA331	0	0	0	0	0	0	0	0	0	0	0	0	0	1	0	0	0	0	0	0	0	0	0	0	0	0	0	0	0	0	0	0	0	0	0	0	0	0	0	0	0	
FGA332	0	0	0	0	0	0	0	0	0	0	0	0	0	1	0	0	0	0	0	0	0	0	0	0	0	0	0	0	0	0	0	0	0	0	0	0	0	0	0	0	0	
FGA465	0	0	0	0	0	0	0	0	0	0	1	0	0	0	0	0	0	0	0	0	0	0	0	0	0	0	0	0	0	0	0	0	0	0	0	0	0	0	0	0	0	
N57	2.50793e-34	6.72413e-29	8.23541e-24	1.57386e-21	1.07628e-16	3.47284e-13	1.12247e-13	8.78574e-13	1.41404e-08	0.00011413	0.153642	0.829618	0.0166088	1.76159e-05	5.01928e-09	5.90365e-13	3.66047e-17	4.59023e-20	6.47748e-23	1.16937e-24	1.0374e-27	9.02718e-30	4.66574e-33	1.90302e-35	8.00694e-40	1.28598e-42	2.07949e-47	8.17323e-51	3.85993e-53	5.63933e-52	2.46835e-53	4.22237e-55	2.64868e-58	7.61779e-60	5.01697e-60	6.88936e-57	3.78154e-57	8.19904e-56	1.12974e-54	1.90409e-53	2.37669e-52	
N58	8.68944e-43	2.02076e-41	4.38872e-40	8.48185e-39	7.65909e-21	9.30505e-19	2.50889e-30	1.59888e-33	1.16463e-13	8.60865e-07	0.999944	5.55913e-05	9.50722e-11	2.73468e-33	2.05596e-34	1.18044e-35	8.47142e-37	3.20133e-36	3.43705e-36	2.59076e-35	2.67131e-35	1.48838e-34	1.13222e-34	4.4055e-34	6.16197e-35	7.65897e-35	7.94319e-36	5.95226e-36	4.64697e-37	3.22455e-37	2.03313e-38	1.41951e-38	7.75447e-40	8.1042e-40	3.35875e-40	3.27605e-39	8.03561e-40	7.26708e-39	3.83702e-38	3.14896e-37	1.82641e-36	
FGA99	0	0	0	0	0	0	0	0	0	0	1	0	0	0	0	0	0	0	0	0	0	0	0	0	0	0	0	0	0	0	0	0	0	0	0	0	0	0	0	0	0	
F12269	0	0	0	0	0	0	0	0	0	0	1	0	0	0	0	0	0	0	0	0	0	0	0	0	0	0	0	0	0	0	0	0	0	0	0	0	0	0	0	0	0	
N59	1.14966e-33	1.86599e-28	1.43855e-23	7.33886e-21	3.46631e-16	8.54227e-13	7.67695e-13	8.83472e-12	1.92282e-08	0.000137667	0.171509	0.821177	0.00716953	6.57265e-06	1.76234e-09	2.05556e-13	2.6881e-17	1.25112e-18	2.85561e-21	1.09305e-22	1.28915e-25	2.41597e-27	3.44604e-31	3.70491e-33	1.00863e-37	2.34868e-40	4.00969e-45	2.12152e-48	2.36271e-53	7.45009e-57	5.5369e-62	1.35425e-65	1.13492e-70	1.6284e-72	3.26793e-73	1.02925e-71	5.02478e-73	1.15803e-71	4.1625e-71	1.17621e-69	1.91806e-68	
N60	5.51406e-44	1.67667e-42	4.76659e-41	1.21318e-39	2.73164e-23	4.39164e-21	1.14954e-31	1.32015e-35	1.26874e-15	9.05837e-08	0.99999	9.74789e-06	1.61517e-12	1.79322e-33	9.97024e-35	4.26033e-36	2.47121e-37	1.36108e-36	1.46066e-36	1.44994e-35	1.49269e-35	1.09501e-34	8.14474e-35	4.25748e-34	4.15477e-35	4.95701e-35	3.70153e-36	2.82556e-36	1.62995e-37	1.14688e-37	5.38616e-39	3.79448e-39	1.5483e-40	1.75758e-40	8.02617e-41	1.05888e-39	1.8776e-40	2.19233e-39	1.41821e-38	1.52691e-37	1.16104e-36	
FGA15	0	0	0	0	0	0	0	0	0	0	1	0	0	0	0	0	0	0	0	0	0	0	0	0	0	0	0	0	0	0	0	0	0	0	0	0	0	0	0	0	0	
FGA440	0	0	0	0	0	0	0	0	0	0	1	0	0	0	0	0	0	0	0	0	0	0	0	0	0	0	0	0	0	0	0	0	0	0	0	0	0	0	0	0	0	
N61	3.88431e-43	1.15738e-41	5.16365e-28	3.07016e-43	2.04525e-22	3.30296e-14	5.86383e-19	3.56451e-29	8.90655e-34	5.47869e-14	1.12715e-06	0.999998	6.79592e-07	6.4769e-14	2.38291e-35	1.41503e-36	5.63955e-37	5.95214e-36	6.33565e-36	5.28508e-35	4.89313e-35	2.73502e-34	4.7106e-35	1.5562e-34	1.3959e-35	1.34993e-35	9.18565e-37	6.75097e-37	3.59774e-38	2.52311e-38	1.1313e-39	1.12392e-39	6.65533e-41	4.25579e-40	4.21056e-40	5.23603e-39	7.31344e-40	6.7674e-39	1.63809e-38	1.69194e-37	9.05412e-37	
FGA581	0	0	0	0	0	0	0	0	0	0	0	1	0	0	0	0	0	0	0	0	0	0	0	0	0	0	0	0	0	0	0	0	0	0	0	0	0	0	0	0	0	
FGA582	0	0	0	0	0	0	0	0	0	0	0	1	0	0	0	0	0	0	0	0	0	0	0	0	0	0	0	0	0	0	0	0	0	0	0	0	0	0	0	0	0	
N62	3.80611e-40	4.57987e-39	5.34607e-38	5.58507e-37	5.15953e-36	2.44787e-19	1.27159e-17	1.23262e-34	2.27605e-28	1.70666e-33	4.34098e-13	2.17732e-06	0.999995	2.40662e-06	9.41351e-13	2.84339e-34	3.13697e-35	2.34823e-35	2.34055e-35	1.01359e-34	1.08307e-34	3.59151e-34	3.21236e-34	7.0513e-34	2.61131e-34	3.53564e-34	8.4491e-35	6.95466e-35	1.23578e-35	8.55081e-36	1.20221e-36	8.04732e-37	9.4878e-38	6.86579e-38	1.30493e-38	4.42971e-38	2.61422e-38	1.41271e-37	5.4651e-37	2.47365e-36	8.40697e-36	
FGA104	0	0	0	0	0	0	0	0	0	0	0	0	1	0	0	0	0	0	0	0	0	0	0	0	0	0	0	0	0	0	0	0	0	0	0	0	0	0	0	0	0	
FGA105	0	0	0	0	0	0	0	0	0	0	0	0	1	0	0	0	0	0	0	0	0	0	0	0	0	0	0	0	0	0	0	0	0	0	0	0	0	0	0	0	0	
FGA489	0	0	0	0	0	0	0	0	0	0	1	0	0	0	0	0	0	0	0	0	0	0	0	0	0	0	0	0	0	0	0	0	0	0	0	0	0	0	0	0	0	
N63	2.40353e-39	2.41047e-38	2.50605e-27	2.25959e-25	1.35594e-22	3.67706e-16	3.66371e-10	1.09878e-13	1.23171e-17	2.0288e-29	2.16763e-15	8.5466e-10	8.19801e-05	0.999844	7.3647e-05	9.77495e-10	4.77124e-15	9.84952e-35	5.42986e-35	1.86612e-34	1.98518e-34	5.91074e-34	5.41991e-34	1.15175e-33	6.53204e-34	1.0109e-33	3.64249e-34	3.88992e-34	1.05716e-34	8.66092e-35	1.88235e-35	1.33611e-35	2.39579e-36	1.61348e-36	2.62222e-37	2.61445e-37	1.17607e-37	4.86284e-37	1.75975e-36	6.93765e-36	2.13858e-35	
FGA174	0	0	0	0	0	0	0	0	0	0	0	0	0	1	0	0	0	0	0	0	0	0	0	0	0	0	0	0	0	0	0	0	0	0	0	0	0	0	0	0	0	
FGA175	0	0	0	0	0	0	0	0	0	0	0	0	0	1	0	0	0	0	0	0	0	0	0	0	0	0	0	0	0	0	0	0	0	0	0	0	0	0	0	0	0	
FurbGB	0	0	0	0	0	0	0	0	0	0	0	1	0	0	0	0	0	0	0	0	0	0	0	0	0	0	0	0	0	0	0	0	0	0	0	0	0	0	0	0	0	
N64	2.34237e-40	2.07721e-35	2.69509e-31	9.66902e-27	7.04426e-24	3.63355e-23	2.29811e-19	2.08926e-15	5.8899e-12	5.35449e-11	6.20219e-11	2.81512e-11	1.05812e-10	1.46226e-07	0.00013697	0.0255197	0.519993	0.436253	0.0179805	0.000116859	2.19545e-07	2.41871e-10	2.03521e-12	1.23486e-12	1.31203e-14	3.71154e-15	1.579e-17	2.39207e-18	3.30117e-21	3.01911e-22	1.25915e-25	7.00911e-27	9.2541e-31	2.48924e-32	1.47382e-36	9.43145e-39	3.91622e-43	8.59375e-46	2.63722e-50	5.11399e-53	7.74215e-55	
N65	2.0131e-37	4.85686e-33	3.16498e-29	3.38188e-25	5.89724e-23	1.07639e-21	3.21514e-18	7.79172e-15	3.0311e-12	1.19672e-11	1.18916e-11	7.64176e-12	8.14261e-11	5.90386e-08	5.00151e-05	0.0121475	0.42104	0.526376	0.0398277	0.00055624	2.48656e-06	4.80186e-09	5.1791e-12	1.14267e-13	1.89993e-15	4.3563e-16	5.10869e-18	6.45314e-19	4.64618e-21	3.22456e-22	1.1368e-24	4.72653e-26	5.16964e-29	1.32285e-30	4.03869e-34	3.80709e-36	6.93181e-40	2.16937e-42	2.77157e-46	5.38534e-49	1.79523e-51	
N66	1.22597e-36	4.98241e-32	1.86027e-28	3.95346e-24	1.33193e-23	6.53745e-22	8.1564e-18	6.57977e-14	6.20308e-12	2.19269e-12	2.28355e-13	4.7173e-14	8.03569e-12	1.65653e-08	2.95562e-05	0.0142371	0.561615	0.411317	0.0127278	7.37254e-05	1.40891e-07	1.18817e-10	5.27802e-14	2.07361e-17	2.47765e-20	3.82812e-22	7.4133e-25	6.62863e-27	8.38452e-30	4.0893e-32	3.3717e-35	1.08975e-37	2.66697e-36	9.83225e-37	2.94499e-38	3.98646e-39	6.08642e-41	4.02913e-42	1.05199e-43	2.30274e-42	6.79604e-42	
N67	2.02421e-44	2.81511e-43	8.74466e-52	4.42995e-31	4.8799e-29	5.18537e-40	5.30361e-25	1.84958e-18	2.47054e-12	9.84788e-16	1.56634e-19	3.56147e-27	2.08114e-30	1.97143e-34	1.54771e-15	6.854e-10	8.0387e-05	0.999849	7.10662e-05	8.72299e-10	3.81611e-15	5.12994e-35	5.57463e-36	3.24501e-36	3.15726e-36	1.52329e-35	1.70349e-35	6.92815e-35	7.66231e-35	2.51421e-34	2.58668e-34	6.47438e-34	5.24918e-34	9.10645e-34	3.73399e-34	3.9174e-34	1.12647e-34	8.41299e-35	1.94635e-35	1.69423e-35	1.86669e-35	
CGA312	0	0	0	0	0	0	0	0	0	0	0	0	0	0	0	0	0	1	0	0	0	0	0	0	0	0	0	0	0	0	0	0	0	0	0	0	0	0	0	0	0	
CGA963	0	0	0	0	0	0	0	0	0	0	0	0	0	0	0	0	0	1	0	0	0	0	0	0	0	0	0	0	0	0	0	0	0	0	0	0	0	0	0	0	0	
N68	3.48563e-43	2.35259e-37	5.12495e-33	1.61376e-27	5.18228e-27	6.73603e-25	7.03835e-20	2.94977e-15	2.51277e-14	8.9561e-16	6.69364e-18	5.1239e-17	5.35094e-14	1.94727e-09	2.38332e-05	0.0236028	0.675414	0.298339	0.00261783	2.50739e-06	5.99522e-10	5.25595e-14	2.09432e-18	4.53095e-23	8.25461e-28	1.30489e-30	3.73076e-34	3.39014e-32	1.39709e-32	2.09896e-32	5.33849e-34	3.66075e-34	4.6561e-36	2.43709e-36	1.0234e-38	3.91493e-39	4.91224e-42	7.65383e-43	6.76006e-46	4.50265e-47	1.22354e-49	
N69	4.05722e-42	5.81201e-37	7.09088e-34	1.88238e-29	1.60974e-31	1.08671e-27	1.58445e-21	8.50281e-18	7.93965e-18	4.35213e-21	4.27941e-22	8.00303e-20	7.33925e-14	2.10407e-08	0.000407117	0.0949197	0.864776	0.0398794	1.80886e-05	7.29881e-10	7.277e-15	2.68844e-20	4.46158e-26	3.68422e-32	1.7483e-38	1.05743e-41	2.2239e-40	8.26725e-38	9.91502e-38	4.57192e-36	4.46015e-36	1.59889e-34	1.05965e-34	3.09827e-33	6.30291e-34	1.60759e-32	4.5329e-34	4.03415e-33	8.58524e-35	2.0455e-34	1.65343e-35	
N70	1.70994e-39	2.02366e-35	7.44648e-33	4.58308e-29	1.02605e-30	1.91134e-29	1.66186e-24	4.75835e-20	1.43029e-19	1.59858e-19	6.61191e-20	2.45474e-18	1.28348e-13	1.13668e-08	0.000200636	0.0871797	0.876073	0.0365232	2.30631e-05	2.37301e-09	7.54702e-14	9.8689e-19	7.32438e-24	2.36177e-25	2.235e-28	1.60983e-29	8.66893e-33	4.31134e-33	2.57124e-33	2.17557e-32	1.01535e-34	2.1758e-34	2.42712e-37	3.34676e-37	1.57524e-40	8.08611e-41	2.5981e-44	1.1461e-45	2.91399e-49	7.86431e-51	3.47223e-51	
N71	3.68303e-42	1.75532e-36	2.10195e-32	4.62318e-27	4.3554e-27	3.43365e-25	4.4067e-20	2.38508e-15	4.78347e-13	2.24696e-14	4.11096e-16	1.15219e-17	7.70844e-14	1.83552e-09	1.47855e-05	0.02378	0.881567	0.0944584	0.000180182	7.7921e-08	1.26657e-11	1.00806e-15	6.29445e-20	1.44444e-22	7.81193e-26	2.57706e-28	8.24717e-32	1.55232e-34	1.49607e-34	1.48877e-34	8.33209e-36	8.82175e-37	1.09346e-38	7.3028e-40	2.89562e-42	5.76124e-44	1.49318e-46	2.02155e-48	4.07206e-51	9.92213e-53	5.73741e-54	
CGA642	0	0	0	0	0	0	0	0	0	0	0	0	0	0	0	0	1	0	0	0	0	0	0	0	0	0	0	0	0	0	0	0	0	0	0	0	0	0	0	0	0	
N72	4.3142e-36	1.33366e-32	4.28611e-30	6.24106e-27	5.29427e-27	8.08192e-25	4.04375e-20	7.64688e-16	3.49008e-14	1.01271e-15	1.80248e-17	1.1367e-16	2.64199e-14	5.89362e-10	9.35394e-06	0.0300701	0.857861	0.111916	0.000143604	3.98569e-08	4.0527e-12	1.95132e-16	5.2276e-21	2.56208e-24	4.63477e-27	4.50206e-28	5.32543e-31	2.92463e-32	2.06827e-35	6.76142e-37	2.30748e-40	4.90756e-42	4.51009e-46	6.74595e-48	4.30282e-53	8.63889e-56	4.16079e-61	6.82836e-64	1.06335e-67	5.4946e-69	1.87857e-68	
N73	5.60202e-51	1.49209e-49	3.61403e-48	1.57988e-35	4.66121e-52	2.79041e-44	1.09722e-28	6.22123e-20	7.31916e-25	3.87955e-41	1.43218e-33	1.21755e-38	6.70948e-35	3.36604e-16	4.5704e-08	0.999993	6.59835e-06	2.41949e-12	1.67768e-32	1.20851e-33	6.02888e-35	2.3191e-36	7.32064e-38	4.49205e-39	2.81867e-39	4.75913e-38	5.24959e-38	7.45096e-37	8.26812e-37	9.35024e-36	1.02982e-35	8.75536e-35	8.46872e-35	4.82891e-34	1.04476e-34	3.70546e-34	3.7348e-35	3.0157e-35	2.18994e-36	1.68348e-36	1.93039e-36	
CGA763	0	0	0	0	0	0	0	0	0	0	0	0	0	0	0	1	0	0	0	0	0	0	0	0	0	0	0	0	0	0	0	0	0	0	0	0	0	0	0	0	0	
CGA764	0	0	0	0	0	0	0	0	0	0	0	0	0	0	0	1	0	0	0	0	0	0	0	0	0	0	0	0	0	0	0	0	0	0	0	0	0	0	0	0	0	
N74	1.39609e-50	4.21558e-49	1.34629e-47	4.53341e-46	1.57974e-44	4.03639e-48	1.73884e-41	1.468e-25	6.46096e-17	7.80525e-22	3.06389e-38	2.74512e-30	4.54151e-35	1.12712e-32	7.5539e-32	2.12002e-13	2.80935e-06	0.999997	1.76953e-07	5.46177e-15	7.12292e-36	2.28495e-37	9.6136e-39	6.30262e-38	6.8983e-38	1.00959e-36	1.1146e-36	1.30511e-35	1.43571e-35	1.27345e-34	1.26025e-34	7.62432e-34	2.44314e-34	1.07757e-33	1.07634e-34	9.23679e-35	6.66641e-36	4.62204e-36	2.9507e-37	5.92281e-37	3.79201e-36	
C601	0	0	0	0	0	0	0	0	0	0	0	0	0	0	0	0	0	1	0	0	0	0	0	0	0	0	0	0	0	0	0	0	0	0	0	0	0	0	0	0	0	
C602	0	0	0	0	0	0	0	0	0	0	0	0	0	0	0	0	0	1	0	0	0	0	0	0	0	0	0	0	0	0	0	0	0	0	0	0	0	0	0	0	0	
N75	3.502e-37	1.39861e-33	4.11149e-31	7.19095e-28	3.63655e-30	3.4319e-30	1.18339e-25	1.78992e-21	7.94797e-20	1.46207e-19	2.47736e-19	2.28773e-16	5.49598e-12	1.1188e-07	0.000475706	0.101708	0.865505	0.0322727	3.77881e-05	9.40081e-09	8.33989e-13	3.41214e-17	7.53588e-22	1.69193e-24	4.10239e-27	5.77174e-28	8.59922e-31	6.20196e-32	5.85423e-35	2.17705e-36	7.82968e-40	2.21104e-39	4.11858e-40	1.07622e-39	1.04704e-42	5.47678e-43	4.02044e-46	2.52115e-46	1.07812e-47	1.04782e-47	1.3174e-47	
CGA236	0	0	0	0	0	0	0	0	0	0	0	0	0	0	0	0	1	0	0	0	0	0	0	0	0	0	0	0	0	0	0	0	0	0	0	0	0	0	0	0	0	
N76	6.50187e-43	1.15294e-38	3.36663e-35	1.04493e-31	2.13039e-31	2.79844e-27	9.05969e-23	2.34459e-19	7.43833e-18	1.86899e-17	4.12968e-16	6.9724e-13	3.90212e-09	1.1582e-05	0.00652233	0.206808	0.759841	0.0267571	5.99161e-05	3.4765e-08	8.17343e-12	9.74802e-16	6.77203e-20	6.94093e-23	2.9956e-25	4.84015e-26	1.43882e-28	1.30953e-29	2.75322e-32	1.42187e-33	1.96285e-36	5.88897e-38	2.86623e-41	5.72559e-43	1.81289e-47	7.56179e-50	1.57501e-54	1.1594e-57	1.65945e-62	9.43508e-66	3.53849e-68	
N77	7.9206e-38	6.69226e-33	1.5474e-28	8.10886e-25	6.09243e-22	2.0142e-19	1.85266e-15	2.76739e-13	1.23507e-11	1.82925e-11	7.34748e-10	2.18931e-08	5.11471e-07	0.000364084	0.0212264	0.270854	0.641797	0.0655317	0.000225851	2.25602e-07	9.8877e-11	2.36377e-14	5.45436e-18	1.37145e-19	4.6289e-22	1.55066e-23	3.52412e-26	6.52074e-28	1.00871e-30	1.04453e-32	8.5694e-36	5.41167e-38	1.67934e-41	6.55572e-44	4.75774e-48	3.49192e-51	1.61034e-55	6.52499e-59	2.10969e-63	1.48304e-66	3.63869e-69	
Calboe	0	0	0	0	0	0	0	0	0	0	0	0	0	1	0	0	0	0	0	0	0	0	0	0	0	0	0	0	0	0	0	0	0	0	0	0	0	0	0	0	0	
C3125	0	0	0	0	0	0	0	0	0	0	0	0	0	0	0	0	0	1	0	0	0	0	0	0	0	0	0	0	0	0	0	0	0	0	0	0	0	0	0	0	0	
N78	1.88051e-46	3.8478e-45	7.64386e-44	1.40469e-42	1.04811e-65	3.67517e-40	5.06323e-43	4.44343e-41	8.27401e-58	1.0894e-40	5.69951e-55	4.64872e-34	3.57065e-34	4.48525e-17	1	2.76587e-15	1.06585e-30	6.18208e-32	1.2398e-32	1.66698e-33	1.6856e-34	1.37918e-35	1.03127e-36	8.10461e-37	8.39351e-37	5.62595e-36	6.26603e-36	3.48966e-35	3.85973e-35	1.71796e-34	1.78263e-34	5.98546e-34	4.815e-34	1.09747e-33	3.07161e-34	3.21552e-34	6.36109e-35	4.57337e-35	7.24686e-36	6.91204e-36	1.12442e-35	
CGA429	0	0	0	0	0	0	0	0	0	0	0	0	0	0	1	0	0	0	0	0	0	0	0	0	0	0	0	0	0	0	0	0	0	0	0	0	0	0	0	0	0	
CGA430	0	0	0	0	0	0	0	0	0	0	0	0	0	0	1	0	0	0	0	0	0	0	0	0	0	0	0	0	0	0	0	0	0	0	0	0	0	0	0	0	0	
N79	1.51225e-35	9.43557e-32	5.41099e-29	3.16402e-26	7.37816e-27	4.03367e-25	7.12612e-21	2.08743e-19	2.18678e-20	5.08839e-21	3.32218e-17	3.09434e-12	9.7061e-08	0.000621589	0.148971	0.576177	0.270542	0.00368671	1.08708e-06	9.17092e-11	3.33943e-15	6.37315e-20	7.1036e-25	6.98749e-30	3.02955e-33	1.33625e-34	9.75818e-36	4.10391e-34	3.51499e-35	1.11456e-34	6.7725e-36	1.39639e-35	6.14467e-37	8.33203e-37	2.09971e-39	1.73379e-39	1.47164e-42	8.53725e-44	5.71367e-47	1.69359e-48	1.20698e-49	
N80	1.16038e-44	1.98684e-43	3.3163e-42	5.09773e-41	7.91339e-65	5.50993e-43	2.55905e-25	6.68378e-40	3.69529e-41	7.17444e-55	5.36592e-34	3.44143e-34	4.3416e-17	1	2.84166e-15	1.32162e-30	1.82011e-31	5.95717e-32	1.1409e-32	1.5347e-33	1.59531e-34	1.45009e-35	2.03647e-36	6.68625e-36	7.36184e-36	3.84633e-35	4.25994e-35	1.80594e-34	1.90211e-34	6.25958e-34	5.48909e-34	1.34356e-33	7.568e-34	1.32301e-33	3.69509e-34	3.17077e-34	6.2933e-35	4.3109e-35	7.64015e-36	9.40455e-36	2.08599e-35	
C985	0	0	0	0	0	0	0	0	0	0	0	0	0	1	0	0	0	0	0	0	0	0	0	0	0	0	0	0	0	0	0	0	0	0	0	0	0	0	0	0	0	
C984	0	0	0	0	0	0	0	0	0	0	0	0	0	1	0	0	0	0	0	0	0	0	0	0	0	0	0	0	0	0	0	0	0	0	0	0	0	0	0	0	0	
N81	2.94766e-34	3.95443e-31	1.79117e-28	2.5389e-26	6.20038e-27	1.21276e-25	2.62526e-21	6.38104e-19	2.99316e-18	7.05865e-18	6.68215e-15	1.28326e-10	9.71534e-07	0.00174347	0.248833	0.58951	0.158555	0.00135648	7.83074e-07	1.53731e-10	1.43998e-14	7.57926e-19	2.68496e-23	6.81889e-25	2.55047e-27	4.1501e-28	9.95381e-31	9.04001e-32	9.37551e-35	5.63689e-36	2.30415e-39	9.93872e-41	1.39003e-44	4.31247e-46	8.90481e-51	7.81721e-53	9.92602e-58	7.9656e-61	7.06657e-66	4.0524e-69	2.0822e-71	
N82	2.16616e-45	1.19567e-38	2.55504e-34	3.35867e-28	7.32132e-30	8.35033e-24	7.23211e-18	5.35057e-16	7.45309e-19	4.89212e-22	1.14117e-20	6.08458e-15	1.32743e-09	9.06694e-05	0.998018	0.00189042	4.36152e-07	1.87727e-11	2.70514e-16	1.69383e-21	5.29775e-27	1.17418e-32	5.50908e-38	2.68421e-42	1.5072e-47	1.91627e-52	1.52115e-58	9.26868e-35	9.08849e-35	2.81206e-34	1.95201e-34	4.53896e-34	1.81991e-34	2.92383e-34	6.85519e-35	5.49591e-35	9.24628e-36	6.26751e-36	1.07021e-36	1.84187e-36	5.65638e-36	
CGA310	0	0	0	0	0	0	0	0	0	0	0	0	0	0	1	0	0	0	0	0	0	0	0	0	0	0	0	0	0	0	0	0	0	0	0	0	0	0	0	0	0	
CGA314	0	0	0	0	0	0	0	0	0	0	0	0	0	0	1	0	0	0	0	0	0	0	0	0	0	0	0	0	0	0	0	0	0	0	0	0	0	0	0	0	0	
N83	6.94654e-38	5.12665e-33	1.23513e-28	4.09879e-25	4.42366e-23	7.18601e-19	5.7319e-15	8.94424e-14	4.51334e-14	2.63526e-14	9.96488e-12	5.40825e-08	0.000115079	0.0582584	0.742336	0.192486	0.00678167	2.23324e-05	2.27604e-08	1.03847e-11	2.56649e-15	4.02877e-19	9.70282e-23	2.20309e-24	5.27974e-27	1.12276e-28	1.92777e-31	2.3671e-33	2.81686e-36	1.97922e-38	1.13744e-41	5.03489e-44	1.05849e-47	2.81502e-50	1.97827e-54	1.29769e-57	5.99883e-62	3.98307e-65	8.84661e-68	9.3771e-68	4.84525e-67	
N84	2.63235e-49	1.0017e-41	3.46396e-37	2.21743e-30	2.26183e-32	1.23571e-25	4.0116e-19	4.32071e-17	3.33511e-20	9.40883e-24	2.88569e-22	6.05802e-16	3.67853e-10	5.80342e-05	0.999607	0.000334617	1.23691e-08	1.08298e-13	2.70985e-19	2.18702e-25	5.52008e-32	4.93613e-37	5.24068e-37	4.37322e-36	4.71064e-36	3.02489e-35	2.85171e-35	1.30575e-34	5.86505e-35	2.06404e-34	5.01375e-35	1.21995e-34	1.94334e-35	2.67823e-35	3.29068e-36	2.60608e-36	2.4691e-37	1.72048e-37	3.78883e-38	2.1736e-37	1.38129e-36	
CGA382	0	0	0	0	0	0	0	0	0	0	0	0	0	0	1	0	0	0	0	0	0	0	0	0	0	0	0	0	0	0	0	0	0	0	0	0	0	0	0	0	0	
CGA365	0	0	0	0	0	0	0	0	0	0	0	0	0	0	1	0	0	0	0	0	0	0	0	0	0	0	0	0	0	0	0	0	0	0	0	0	0	0	0	0	0	
N85	3.93495e-47	1.11415e-45	3.05615e-44	7.76614e-43	3.69813e-47	4.24049e-25	7.42942e-17	1.35864e-21	2.763e-32	3.62415e-36	2.21754e-34	3.84351e-15	1.52897e-07	0.999988	1.19818e-05	1.32367e-11	3.74976e-32	5.8639e-33	5.78494e-34	4.15611e-35	2.37371e-36	3.58842e-37	2.76674e-37	2.58385e-36	2.83902e-36	2.15968e-35	2.3116e-35	1.33908e-34	1.2059e-34	4.88402e-34	1.65763e-34	4.68623e-34	8.65665e-35	1.35176e-34	1.82416e-35	1.49774e-35	1.54274e-36	1.07609e-36	1.5696e-37	6.11006e-37	3.5184e-36	
CGA494	0	0	0	0	0	0	0	0	0	0	0	0	0	1	0	0	0	0	0	0	0	0	0	0	0	0	0	0	0	0	0	0	0	0	0	0	0	0	0	0	0	
CGA495	0	0	0	0	0	0	0	0	0	0	0	0	0	1	0	0	0	0	0	0	0	0	0	0	0	0	0	0	0	0	0	0	0	0	0	0	0	0	0	0	0	
N86	2.46898e-41	4.51036e-36	3.92179e-32	4.03154e-27	1.14949e-25	1.81897e-24	2.25268e-20	9.82459e-16	5.11315e-13	8.21359e-13	7.1751e-14	1.15496e-14	1.00594e-12	6.81795e-10	4.4237e-06	0.00748219	0.379847	0.579938	0.0326481	7.97598e-05	4.96338e-08	1.232e-11	1.63703e-15	3.96833e-18	6.61916e-21	9.21822e-23	9.17217e-26	6.34984e-28	4.05149e-31	1.44975e-33	5.79608e-37	1.17662e-37	1.21828e-36	5.32063e-37	3.32105e-39	1.87471e-40	7.73286e-43	2.09099e-44	7.76641e-47	1.58701e-46	1.19871e-45	
N87	1.83526e-42	4.03269e-37	1.07756e-32	1.09105e-27	2.52739e-26	6.62005e-24	2.46148e-19	3.85779e-15	1.39075e-13	4.21298e-14	1.55634e-15	2.71059e-15	1.36876e-13	1.35746e-09	1.11212e-05	0.0178739	0.421097	0.547754	0.0132462	1.69293e-05	5.71611e-09	7.84751e-13	5.46608e-17	3.42625e-21	5.15492e-25	2.19084e-27	1.86675e-30	1.06693e-31	1.2043e-34	4.36581e-36	3.03141e-39	6.70083e-41	2.07088e-44	3.00828e-46	1.51256e-50	1.4167e-52	2.32678e-57	1.07619e-59	8.23781e-65	6.05245e-68	1.21162e-72	
C12265	0	0	0	0	0	0	0	0	0	0	0	0	0	0	0	0	0	1	0	0	0	0	0	0	0	0	0	0	0	0	0	0	0	0	0	0	0	0	0	0	0	
N88	5.77786e-44	6.13285e-38	1.09914e-33	3.27018e-28	2.38012e-29	1.52274e-25	2.04487e-20	9.54029e-17	1.76611e-18	2.73817e-20	1.1377e-20	6.22075e-17	9.35367e-12	5.28851e-07	0.00720583	0.934939	0.0573495	0.000504542	2.47172e-07	2.13271e-11	6.82118e-16	1.0598e-20	9.23429e-26	4.96489e-31	2.28678e-36	1.49773e-39	1.70883e-42	3.207e-40	1.35147e-39	4.17617e-40	8.61949e-42	1.7788e-42	3.05821e-44	4.19047e-45	4.05983e-47	3.83594e-48	6.20792e-51	2.2114e-52	2.28772e-55	2.48767e-57	6.14427e-60	
C404	0	0	0	0	0	0	0	0	0	0	0	0	0	0	1	0	0	0	0	0	0	0	0	0	0	0	0	0	0	0	0	0	0	0	0	0	0	0	0	0	0	
N89	2.25943e-37	1.55424e-33	5.14655e-31	8.82134e-28	1.095e-30	6.43428e-28	6.71624e-23	1.09336e-18	1.11176e-19	5.68541e-20	1.55312e-20	6.50301e-18	1.48765e-12	1.2451e-07	0.00224398	0.967502	0.0301728	8.1515e-05	1.3475e-08	5.40992e-13	8.63762e-18	6.93723e-23	3.51126e-28	2.1849e-30	1.20561e-33	4.47487e-35	1.57929e-38	3.108e-40	5.86778e-44	6.43459e-46	6.91504e-51	4.73597e-53	1.77803e-58	6.91863e-61	1.23749e-66	5.24317e-69	7.19408e-72	2.05524e-71	7.3076e-73	1.33617e-71	7.15685e-70	
N90	1.66259e-53	1.13338e-51	7.21597e-50	1.14778e-34	9.34861e-51	1.06933e-44	1.12278e-26	8.16367e-19	1.38715e-22	8.48304e-39	3.00952e-32	3.19747e-36	1.36026e-34	8.66672e-14	8.47936e-07	0.999994	4.87816e-06	2.47609e-12	5.18792e-35	1.94787e-36	5.65109e-38	1.52692e-39	2.31247e-40	4.61389e-39	5.04975e-39	9.35524e-38	1.02975e-37	1.50471e-36	1.62932e-36	1.76405e-35	1.53432e-35	1.15036e-34	9.85711e-36	2.06852e-35	1.38653e-36	1.2908e-36	6.90184e-38	4.82953e-38	3.13081e-39	1.85728e-38	2.05162e-37	
Cl11778	0	0	0	0	0	0	0	0	0	0	0	0	0	0	0	1	0	0	0	0	0	0	0	0	0	0	0	0	0	0	0	0	0	0	0	0	0	0	0	0	0	
Cl11779	0	0	0	0	0	0	0	0	0	0	0	0	0	0	0	1	0	0	0	0	0	0	0	0	0	0	0	0	0	0	0	0	0	0	0	0	0	0	0	0	0	
N91	1.11783e-48	2.42329e-42	1.06243e-37	1.5491e-31	9.6946e-33	5.49792e-29	4.94979e-23	1.59208e-17	1.36008e-18	4.18541e-20	6.34685e-22	8.14196e-20	3.17787e-14	4.88862e-09	0.000205338	0.998015	0.00177984	2.62058e-07	9.1991e-12	1.21958e-16	7.76451e-22	2.89303e-27	3.11137e-32	9.43991e-35	9.04751e-39	1.66035e-41	9.89144e-46	8.91996e-49	3.28942e-53	1.38201e-56	2.22012e-61	4.32256e-65	3.51022e-71	1.28018e-75	4.47023e-82	2.98164e-87	4.06334e-94	6.0605e-100	2.23039e-107	3.08439e-113	1.1012e-37	
CGA594	0	0	0	0	0	0	0	0	0	0	0	0	0	0	0	1	0	0	0	0	0	0	0	0	0	0	0	0	0	0	0	0	0	0	0	0	0	0	0	0	0	
CGA48	0	0	0	0	0	0	0	0	0	0	0	0	0	0	0	1	0	0	0	0	0	0	0	0	0	0	0	0	0	0	0	0	0	0	0	0	0	0	0	0	0	
N92	5.09959e-47	1.20332e-45	2.85877e-44	6.45296e-43	1.3611e-41	2.64462e-40	4.6749e-39	7.43061e-38	9.2984e-21	6.81968e-19	1.37942e-34	1.36735e-34	2.84682e-28	3.83232e-33	2.12512e-31	5.71091e-31	1.10902e-11	9.75057e-06	0.999989	1.15065e-06	2.49339e-13	3.13498e-35	1.88971e-36	1.6858e-36	1.77455e-36	1.45254e-35	1.61406e-35	1.07956e-34	1.1905e-34	6.21919e-34	6.23889e-34	2.3636e-33	1.519e-33	4.15092e-33	9.61976e-34	1.21859e-33	2.00935e-34	1.49073e-34	1.90926e-35	1.79975e-35	3.24546e-35	
C3134	0	0	0	0	0	0	0	0	0	0	0	0	0	0	0	0	0	0	1	0	0	0	0	0	0	0	0	0	0	0	0	0	0	0	0	0	0	0	0	0	0	
C3126	0	0	0	0	0	0	0	0	0	0	0	0	0	0	0	0	0	0	1	0	0	0	0	0	0	0	0	0	0	0	0	0	0	0	0	0	0	0	0	0	0	
N93	1.36167e-38	2.0208e-33	1.00749e-29	7.67636e-25	5.16256e-22	9.0848e-23	9.2203e-19	2.16547e-14	1.62527e-10	6.96288e-11	2.69721e-12	4.76517e-14	1.82623e-15	5.0875e-12	2.54665e-08	4.54934e-05	0.019291	0.821674	0.157458	0.00152842	3.51177e-06	3.04985e-09	1.31974e-12	1.39692e-15	2.38648e-18	1.71127e-20	1.99126e-23	7.05142e-26	4.94341e-29	2.7773e-30	7.46016e-30	2.29629e-30	1.0927e-31	1.14036e-32	2.41649e-34	1.43069e-35	1.88511e-37	6.74341e-39	6.39817e-41	2.18687e-42	8.1765e-44	
CGA311	0	0	0	0	0	0	0	0	0	0	0	0	0	0	0	0	0	1	0	0	0	0	0	0	0	0	0	0	0	0	0	0	0	0	0	0	0	0	0	0	0	
N94	1.98833e-38	6.29422e-35	2.57984e-32	5.28163e-28	8.85085e-25	2.1802e-24	1.92432e-20	5.51162e-16	3.3032e-12	2.5263e-12	6.85145e-14	6.45729e-16	1.36826e-16	1.64543e-13	2.23596e-09	1.11987e-05	0.0114499	0.82325	0.164076	0.00121144	1.75996e-06	8.51183e-10	1.82065e-13	3.60468e-17	1.18037e-20	9.19568e-23	1.299e-25	1.21573e-26	1.31512e-29	7.80605e-31	3.91726e-34	1.52999e-35	2.84764e-39	7.69842e-41	3.60177e-45	6.2377e-47	7.5095e-52	3.88588e-54	3.15858e-59	6.07e-62	2.08228e-66	
N95	1.83121e-44	7.879e-39	1.13747e-34	2.11234e-29	1.09013e-27	3.81275e-27	2.09073e-22	6.05346e-18	8.89011e-15	2.49961e-16	9.19671e-19	5.6721e-20	1.12474e-18	5.2699e-14	1.37317e-09	1.20828e-05	0.0216634	0.941199	0.0370557	6.99125e-05	3.02201e-08	4.85187e-12	3.70258e-16	1.56136e-20	4.10456e-25	2.23125e-28	1.70765e-31	2.31888e-33	1.21742e-36	9.22085e-39	3.37864e-42	1.44671e-44	2.10671e-45	2.90254e-43	6.2897e-45	1.76191e-45	7.56747e-48	1.22658e-48	2.34509e-51	9.38332e-53	2.56046e-54	
N96	3.63125e-50	6.43757e-49	1.19068e-47	2.32133e-46	4.92437e-45	1.10105e-43	5.78719e-66	7.73874e-26	9.38624e-24	2.73591e-41	3.38367e-33	4.21304e-37	3.55872e-35	3.28482e-34	5.32353e-15	1.82022e-07	0.999991	8.49996e-06	3.12999e-12	5.20182e-33	5.36006e-34	4.07521e-35	2.46478e-36	1.27088e-37	8.44363e-39	3.64405e-38	4.0135e-38	4.06277e-37	4.5313e-37	3.79906e-36	4.25977e-36	2.85152e-35	3.14904e-35	1.582e-34	1.48226e-34	4.79815e-34	1.00878e-34	1.24838e-34	1.88978e-35	1.43396e-35	5.12397e-36	
CGA45	0	0	0	0	0	0	0	0	0	0	0	0	0	0	0	0	1	0	0	0	0	0	0	0	0	0	0	0	0	0	0	0	0	0	0	0	0	0	0	0	0	
CGA46	0	0	0	0	0	0	0	0	0	0	0	0	0	0	0	0	1	0	0	0	0	0	0	0	0	0	0	0	0	0	0	0	0	0	0	0	0	0	0	0	0	
N97	2.77163e-47	9.30261e-42	2.51302e-37	3.81347e-32	2.10626e-29	8.05702e-29	2.51567e-24	4.71015e-20	1.35886e-16	4.18093e-18	1.30656e-18	5.24343e-19	4.7227e-19	9.1855e-15	3.06111e-10	3.60453e-06	0.00928749	0.964405	0.026264	4.00209e-05	1.43687e-08	1.9486e-12	1.27136e-16	4.65255e-21	1.92016e-25	1.01922e-26	1.7726e-29	1.17618e-30	1.35744e-33	5.01511e-35	3.79038e-38	8.03236e-40	3.07282e-43	3.96898e-45	1.74361e-49	1.39422e-51	1.52517e-56	3.61723e-59	2.46169e-64	1.07703e-67	3.20988e-72	
N98	5.7701e-49	2.22922e-43	3.40608e-39	6.02571e-34	1.63846e-31	1.79003e-31	1.6997e-26	1.74323e-21	6.80068e-17	2.72443e-17	3.6261e-18	2.37602e-19	3.28409e-20	7.07765e-16	2.96237e-11	4.77486e-07	0.00205713	0.990144	0.00779162	6.38664e-06	1.44738e-09	1.34678e-13	6.36623e-18	1.77267e-22	5.83538e-27	5.18741e-29	3.21479e-32	3.2152e-34	1.35134e-37	7.63154e-40	2.2931e-43	7.34637e-46	1.53466e-49	2.71637e-52	2.5096e-56	2.64682e-59	2.92703e-64	2.51381e-66	1.15021e-67	9.48431e-68	2.7862e-68	
N99	8.33574e-56	6.12382e-49	1.41234e-44	4.38766e-38	1.18114e-35	7.27949e-37	9.2755e-31	1.33026e-24	8.95123e-19	2.25057e-20	2.17814e-22	1.01433e-24	9.51948e-27	4.22344e-21	3.46184e-15	1.09059e-09	9.59257e-05	0.99959	0.000314265	1.22178e-08	1.41082e-13	6.73493e-19	1.56631e-24	1.97721e-30	2.70635e-36	1.05447e-39	1.8968e-44	4.40087e-48	2.16657e-53	5.96485e-58	7.34724e-38	1.19287e-36	1.29054e-36	1.56297e-35	1.35212e-35	1.14317e-34	7.77807e-36	9.45313e-36	5.09445e-37	3.94493e-37	1.86212e-37	
C3043	0	0	0	0	0	0	0	0	0	0	0	0	0	0	0	0	0	1	0	0	0	0	0	0	0	0	0	0	0	0	0	0	0	0	0	0	0	0	0	0	0	
CGA87	0	0	0	0	0	0	0	0	0	0	0	0	0	0	0	0	0	1	0	0	0	0	0	0	0	0	0	0	0	0	0	0	0	0	0	0	0	0	0	0	0	
N100	3.09382e-55	1.7281e-48	4.06697e-44	9.4999e-38	2.60652e-35	2.16817e-36	1.87729e-30	1.83735e-24	8.93665e-19	3.20224e-20	4.41532e-22	2.93101e-24	3.91471e-26	1.30889e-20	8.09191e-15	1.92219e-09	0.000127422	0.999448	0.000424108	2.20957e-08	3.40748e-13	2.16825e-18	6.71344e-24	1.12605e-29	2.00111e-35	1.08511e-38	2.68958e-43	8.92639e-47	6.06254e-52	2.39518e-56	6.52814e-38	1.09913e-36	1.18594e-36	1.48987e-35	1.27179e-35	1.12287e-34	7.3263e-36	9.22202e-36	4.80011e-37	3.75107e-37	1.73658e-37	
CGA368	0	0	0	0	0	0	0	0	0	0	0	0	0	0	0	0	0	1	0	0	0	0	0	0	0	0	0	0	0	0	0	0	0	0	0	0	0	0	0	0	0	
CGA557	0	0	0	0	0	0	0	0	0	0	0	0	0	0	0	0	0	1	0	0	0	0	0	0	0	0	0	0	0	0	0	0	0	0	0	0	0	0	0	0	0	
CGA364	0	0	0	0	0	0	0	0	0	0	0	0	0	0	0	0	0	1	0	0	0	0	0	0	0	0	0	0	0	0	0	0	0	0	0	0	0	0	0	0	0	
C2208	0	0	0	0	0	0	0	0	0	0	0	0	0	0	0	0	0	0	1	0	0	0	0	0	0	0	0	0	0	0	0	0	0	0	0	0	0	0	0	0	0	
N101	1.03418e-33	3.14195e-29	1.08069e-25	1.714e-21	1.47221e-19	1.56014e-19	8.60694e-16	4.19905e-12	6.19656e-09	1.5522e-09	1.08788e-10	3.72531e-12	5.68839e-13	6.1986e-10	8.40243e-07	0.000422771	0.0550495	0.895011	0.0490183	0.000495952	1.73233e-06	2.82429e-09	2.77718e-12	9.26528e-15	3.33076e-17	3.64466e-19	9.22523e-22	5.57864e-24	9.39515e-27	3.25855e-29	3.65087e-32	7.30818e-35	4.96257e-38	5.56013e-41	1.83746e-44	1.11839e-47	2.1266e-51	7.8373e-55	1.00515e-58	3.5732e-62	1.39714e-65	
N102	3.50641e-40	9.29036e-35	1.0118e-30	1.18549e-25	1.34187e-23	1.08926e-23	3.26399e-19	5.77316e-15	1.46265e-11	2.44405e-13	1.03086e-15	1.03672e-17	1.91982e-17	3.38924e-13	5.51639e-09	3.01213e-05	0.0330832	0.954518	0.0123486	2.01433e-05	9.45456e-09	1.82924e-12	1.78591e-16	1.07277e-20	8.68638e-25	6.0533e-27	4.20158e-30	2.87824e-32	1.28407e-35	4.83571e-38	1.33553e-41	2.84987e-44	1.55375e-46	1.66038e-45	1.27557e-47	1.41531e-48	2.97552e-51	1.12177e-52	1.74091e-55	1.06887e-56	4.53868e-55	
N103	9.70853e-54	5.52555e-46	8.2012e-42	1.39082e-34	2.04985e-32	6.36008e-35	2.44994e-28	4.48486e-22	2.02529e-16	7.63278e-20	5.61098e-23	1.63796e-26	6.9269e-30	2.11807e-23	8.71763e-17	1.03882e-10	3.20277e-05	0.999909	5.87593e-05	4.50853e-10	1.05763e-15	8.21715e-22	2.23759e-28	2.07304e-35	4.15925e-40	6.10231e-39	6.73053e-39	9.51426e-38	1.05548e-37	1.20244e-36	1.32387e-36	1.15874e-35	1.14765e-35	7.16768e-35	3.42951e-35	1.62136e-34	1.78745e-35	1.81992e-35	1.51457e-36	1.1514e-36	6.15344e-37	
CGA453	0	0	0	0	0	0	0	0	0	0	0	0	0	0	0	0	0	1	0	0	0	0	0	0	0	0	0	0	0	0	0	0	0	0	0	0	0	0	0	0	0	
CGA383	0	0	0	0	0	0	0	0	0	0	0	0	0	0	0	0	0	1	0	0	0	0	0	0	0	0	0	0	0	0	0	0	0	0	0	0	0	0	0	0	0	
N104	3.14632e-44	1.56115e-38	3.45876e-34	7.61958e-29	1.6497e-27	2.63648e-26	1.75524e-21	5.4328e-17	2.84503e-14	6.62725e-17	9.76591e-20	1.14871e-20	9.77847e-19	4.51127e-14	1.88681e-09	2.69469e-05	0.0773015	0.919677	0.00299286	1.37833e-06	1.95899e-10	1.20473e-14	3.87235e-19	7.37334e-24	1.27582e-28	1.09584e-30	6.88151e-34	1.08033e-35	4.63764e-39	4.16788e-41	1.26497e-44	6.55019e-47	1.29451e-50	3.91907e-53	3.30898e-57	6.38276e-60	1.02544e-64	4.51333e-66	1.07717e-67	1.17477e-67	2.82931e-68	
N105	1.34434e-52	4.91553e-51	1.58349e-49	4.2989e-48	9.5714e-47	9.27235e-50	2.34711e-44	6.41102e-28	8.45828e-20	4.18201e-24	2.8019e-40	1.61284e-32	1.30915e-36	8.39215e-35	1.16196e-33	5.86362e-14	1.15111e-06	0.999998	6.47401e-07	5.63223e-14	9.23694e-36	2.52941e-37	5.64577e-39	1.83348e-40	8.55438e-41	2.13515e-39	2.34782e-39	4.9442e-38	5.46873e-38	9.15393e-37	1.00817e-36	1.26571e-35	1.24388e-35	1.05587e-34	1.81487e-35	1.01717e-34	6.93026e-36	6.24302e-36	3.1887e-37	2.43804e-37	2.85976e-37	
CGA501	0	0	0	0	0	0	0	0	0	0	0	0	0	0	0	0	0	1	0	0	0	0	0	0	0	0	0	0	0	0	0	0	0	0	0	0	0	0	0	0	0	
C11776	0	0	0	0	0	0	0	0	0	0	0	0	0	0	0	0	0	1	0	0	0	0	0	0	0	0	0	0	0	0	0	0	0	0	0	0	0	0	0	0	0	
N106	4.50468e-52	1.77543e-50	6.20141e-49	1.84105e-47	4.51962e-46	8.81601e-45	4.34629e-67	2.72909e-27	9.55173e-26	9.15882e-44	2.2587e-35	8.08926e-39	1.15053e-36	2.53617e-35	1.39077e-15	9.37938e-08	0.999978	2.22221e-05	3.4594e-12	1.48852e-33	5.8456e-35	1.72843e-36	4.11732e-38	8.3959e-40	3.06133e-41	4.66547e-40	5.13309e-40	1.24331e-38	1.3747e-38	2.74401e-37	3.04817e-37	4.81233e-36	5.26189e-36	6.19088e-35	5.64555e-35	4.5311e-34	3.21759e-35	3.5094e-35	1.93326e-36	1.46009e-36	7.66392e-37	
C3121	0	0	0	0	0	0	0	0	0	0	0	0	0	0	0	0	1	0	0	0	0	0	0	0	0	0	0	0	0	0	0	0	0	0	0	0	0	0	0	0	0	
C3123	0	0	0	0	0	0	0	0	0	0	0	0	0	0	0	0	1	0	0	0	0	0	0	0	0	0	0	0	0	0	0	0	0	0	0	0	0	0	0	0	0	
N107	2.60264e-42	2.02429e-36	1.58458e-32	5.52846e-27	5.14711e-25	3.0211e-26	2.44478e-21	1.26773e-16	1.55511e-12	4.50761e-15	2.27332e-17	1.08374e-19	1.12016e-21	4.64541e-17	3.72684e-12	1.15536e-07	0.000978	0.996662	0.00235863	7.59932e-07	7.4906e-11	3.17758e-15	6.99453e-20	1.02175e-24	3.09014e-29	2.98872e-32	3.26907e-36	2.0771e-39	1.40081e-43	4.56224e-47	1.87404e-51	3.05787e-55	6.80298e-60	5.26166e-64	4.55572e-69	1.52953e-73	2.48586e-79	1.65678e-84	9.44568e-91	1.7984e-96	8.35077e-103	
Calparcri	0	0	0	0	0	0	0	0	0	0	0	0	0	0	0	0	0	1	0	0	0	0	0	0	0	0	0	0	0	0	0	0	0	0	0	0	0	0	0	0	0	
C3118	0	0	0	0	0	0	0	0	0	0	0	0	0	0	0	0	0	1	0	0	0	0	0	0	0	0	0	0	0	0	0	0	0	0	0	0	0	0	0	0	0	
N108	5.65316e-39	7.80375e-35	3.56588e-32	1.85249e-28	1.05583e-27	6.2321e-25	6.86568e-20	8.17851e-16	3.47583e-14	5.49776e-14	3.91572e-14	2.57174e-13	4.21456e-11	2.47373e-07	0.000440863	0.075551	0.714731	0.208559	0.000717541	3.08876e-07	3.48639e-11	1.82487e-15	1.3782e-19	9.29807e-22	8.90948e-25	2.66198e-25	9.74341e-28	2.12244e-28	1.49733e-30	4.07897e-30	3.87356e-32	7.45066e-32	2.10067e-34	3.00005e-34	2.33211e-37	1.57191e-37	6.43345e-41	4.28311e-42	1.43139e-45	4.24066e-47	2.99919e-48	
N109	7.24126e-39	5.0151e-34	4.81802e-30	1.58783e-25	1.491e-22	3.60932e-22	1.63157e-18	1.55717e-14	2.8364e-11	1.61699e-10	1.109e-10	3.48402e-11	4.3207e-11	4.18537e-08	3.9807e-05	0.0101934	0.335872	0.594264	0.058659	0.000967134	4.67532e-06	9.33961e-09	1.61737e-11	1.57834e-12	1.99149e-14	1.70702e-15	1.18934e-17	4.79098e-19	1.99596e-21	3.98406e-23	8.7377e-26	9.00601e-28	5.53305e-31	2.95932e-33	6.1291e-37	8.94329e-40	1.09767e-43	8.10092e-47	6.61001e-51	8.09269e-54	2.70797e-56	
N110	1.17446e-34	2.97354e-30	1.53517e-26	1.02298e-22	7.40258e-20	3.638e-19	8.24141e-17	1.08326e-13	5.48856e-11	1.15418e-09	4.45015e-09	4.98233e-09	4.15031e-09	5.25021e-07	0.000156535	0.0148388	0.303103	0.629621	0.0515552	0.000721645	3.13196e-06	5.74346e-09	5.37541e-12	4.31415e-15	1.23033e-17	6.06283e-19	2.94441e-21	8.31912e-23	2.67002e-25	4.163e-27	8.81928e-30	7.70667e-32	9.0233e-35	4.52588e-37	1.79538e-40	4.83782e-43	8.99619e-47	1.03116e-49	1.23658e-53	8.293e-57	2.93061e-60	
N111	5.30653e-33	1.45524e-28	1.0742e-24	1.71477e-21	2.01694e-18	8.53051e-17	9.49939e-15	5.49457e-13	1.5285e-10	4.26163e-09	6.3597e-08	4.72475e-07	9.35692e-07	6.46237e-05	0.00339537	0.0680168	0.425655	0.487143	0.0156357	8.84242e-05	1.67257e-07	1.43394e-10	6.6385e-14	1.88856e-17	5.04349e-21	1.13867e-22	4.43055e-25	1.80113e-26	4.97501e-29	1.19974e-30	2.3126e-33	3.37759e-35	3.91653e-38	3.57242e-40	1.60046e-43	9.38994e-46	1.22315e-49	2.82702e-52	2.34193e-56	2.4281e-59	4.24298e-63	
N112	2.82142e-36	2.0226e-31	1.34943e-27	5.22536e-23	2.10131e-20	2.48085e-20	2.20332e-16	2.36632e-12	7.09868e-09	5.26136e-09	6.11683e-10	3.00498e-11	5.51656e-12	5.00576e-09	4.9586e-06	0.0015419	0.106791	0.837143	0.0540486	0.000469352	1.17133e-06	2.82743e-09	1.96383e-11	9.6823e-13	4.37072e-15	9.6032e-17	1.88316e-19	2.14888e-21	1.95536e-24	1.27795e-26	5.67632e-30	2.19287e-32	5.05632e-36	1.1718e-36	1.25157e-38	1.11345e-39	7.0831e-42	3.08203e-43	1.51632e-45	1.02543e-46	3.06223e-46	
Triowe	0	0	0	0	0	0	0	0	0	0	0	0	0	0	0	0	0	1	0	0	0	0	0	0	0	0	0	0	0	0	0	0	0	0	0	0	0	0	0	0	0	
N113	1.93876e-36	8.10961e-32	7.99789e-28	1.46418e-23	4.9845e-21	6.00251e-20	2.49882e-16	7.54873e-13	4.47349e-10	2.82613e-10	2.61069e-11	1.11678e-12	4.30795e-13	4.00942e-10	7.87378e-07	0.000510216	0.0701026	0.866808	0.0619887	0.00058788	1.60571e-06	1.95876e-09	1.94268e-12	1.48997e-14	3.11509e-17	1.52797e-18	8.65596e-21	9.84174e-22	3.71626e-24	2.58843e-25	4.73601e-28	2.16031e-29	1.57703e-32	4.8752e-34	1.1753e-37	2.14124e-39	1.94968e-43	9.44417e-46	6.16295e-50	1.26723e-52	5.20261e-56	
Trijoh	0	0	0	0	0	0	0	0	0	0	0	0	0	0	0	0	0	1	0	0	0	0	0	0	0	0	0	0	0	0	0	0	0	0	0	0	0	0	0	0	0	
Trimel	0	0	0	0	0	0	0	0	0	0	0	0	0	0	0	0	0	1	0	0	0	0	0	0	0	0	0	0	0	0	0	0	0	0	0	0	0	0	0	0	0	
N114	5.45729e-31	2.03522e-26	4.93777e-22	6.1116e-21	1.12373e-16	9.45742e-13	4.47688e-13	7.53035e-14	2.07274e-11	1.78678e-07	0.000580106	0.385568	0.487301	0.116896	0.00934681	0.000303533	4.18087e-06	2.19201e-08	2.62934e-11	1.22013e-14	2.89599e-18	4.08799e-22	3.77021e-26	2.48996e-30	1.69839e-34	3.04793e-37	1.86043e-40	6.44129e-43	3.11186e-46	7.03575e-49	2.69133e-52	3.92627e-55	1.14258e-58	1.03732e-61	1.92185e-65	1.01349e-68	6.00614e-73	1.41525e-76	5.05213e-81	6.68836e-85	3.74395e-89	
N115	4.16802e-32	1.81647e-27	4.22488e-23	1.85266e-21	2.7691e-17	2.17736e-13	3.88398e-13	2.63654e-13	7.66936e-11	6.49548e-07	0.00170128	0.643092	0.331696	0.0230889	0.000418901	2.57632e-06	5.95514e-09	5.14267e-12	1.51725e-15	2.12073e-19	2.17432e-23	1.91758e-25	2.64861e-28	4.9864e-30	1.75172e-33	2.13155e-35	3.20244e-39	2.60506e-41	2.08497e-45	1.12979e-47	5.44872e-52	1.90342e-54	6.0035e-59	1.25789e-61	2.75666e-66	2.99994e-69	4.792e-74	2.05347e-77	2.73269e-82	2.36728e-85	8.48176e-88	
Trihoe	0	0	0	0	0	0	0	0	0	0	0	1	0	0	0	0	0	0	0	0	0	0	0	0	0	0	0	0	0	0	0	0	0	0	0	0	0	0	0	0	0	
Tribit	0	0	0	0	0	0	0	0	0	0	0	1	0	0	0	0	0	0	0	0	0	0	0	0	0	0	0	0	0	0	0	0	0	0	0	0	0	0	0	0	0	
Trijac	0	0	0	0	0	0	0	0	0	0	0	1	0	0	0	0	0	0	0	0	0	0	0	0	0	0	0	0	0	0	0	0	0	0	0	0	0	0	0	0	0	
N116	3.75888e-35	1.06168e-30	3.76101e-27	5.33889e-23	8.19888e-21	9.78086e-21	4.20119e-17	2.02406e-13	3.10696e-10	2.19699e-10	3.37798e-11	2.50983e-12	6.2558e-13	6.35918e-10	8.95026e-07	0.000456983	0.0577901	0.846283	0.0939281	0.00153324	7.51065e-06	1.54785e-08	1.68194e-11	5.12002e-14	2.93093e-16	8.43973e-18	3.50223e-20	5.34706e-22	1.4104e-24	1.18958e-26	1.95244e-29	9.36949e-32	8.41004e-35	2.33527e-37	9.07371e-41	1.34408e-43	2.66478e-47	1.81272e-50	2.26325e-54	1.14311e-57	5.1934e-61	
Tricri	0	0	0	0	0	0	0	0	0	0	0	0	0	0	0	0	0	1	0	0	0	0	0	0	0	0	0	0	0	0	0	0	0	0	0	0	0	0	0	0	0	
N117	3.70137e-37	1.35203e-32	9.50828e-29	1.54173e-24	3.22457e-22	1.72127e-21	6.51573e-18	1.78254e-14	1.0222e-11	3.53824e-12	2.98152e-13	4.25802e-14	2.82662e-14	3.87412e-11	1.11787e-07	0.000119084	0.0316296	0.886111	0.0812	0.000937408	3.05382e-06	4.04374e-09	2.67935e-12	1.08842e-15	6.14961e-19	3.6645e-20	1.97913e-22	1.25547e-23	4.50365e-26	1.64828e-27	3.69634e-30	8.2266e-32	9.61294e-35	1.37837e-36	5.72186e-40	5.24272e-42	6.30115e-46	1.97422e-48	1.57654e-52	2.21036e-55	4.59789e-59	
Triwie	0	0	0	0	0	0	0	0	0	0	0	0	0	0	0	0	0	1	0	0	0	0	0	0	0	0	0	0	0	0	0	0	0	0	0	0	0	0	0	0	0	
Triqua	0	0	0	0	0	0	0	0	0	0	0	0	0	0	0	0	0	1	0	0	0	0	0	0	0	0	0	0	0	0	0	0	0	0	0	0	0	0	0	0	0	
N118	9.19448e-34	5.5866e-30	1.46422e-26	4.19219e-23	8.70595e-21	1.09453e-19	6.59936e-17	4.28969e-14	8.92217e-12	8.60526e-11	2.34763e-10	3.11248e-10	6.60805e-10	1.19205e-07	4.53956e-05	0.00650151	0.216597	0.634712	0.136003	0.00604876	9.12419e-05	6.12352e-07	2.17923e-09	2.0426e-11	8.10486e-13	3.97328e-13	1.24344e-14	3.22907e-15	6.59428e-17	9.42684e-18	1.17388e-19	9.57077e-21	5.07785e-23	2.53026e-24	3.48091e-27	7.7926e-29	5.60709e-32	4.31116e-34	2.10576e-37	9.91393e-40	4.51511e-42	
N119	1.94662e-32	1.49485e-28	3.45766e-25	1.50111e-21	1.65403e-19	8.85337e-19	1.41924e-15	2.20045e-12	1.02523e-09	1.71638e-09	7.09573e-10	1.42466e-10	5.11384e-11	1.19705e-08	6.35439e-06	0.00134695	0.081571	0.753815	0.157109	0.00607314	7.87152e-05	4.57943e-07	1.42892e-09	3.89589e-12	2.319e-14	1.19292e-15	1.1726e-17	3.83801e-19	2.55751e-21	4.85877e-23	2.21732e-25	2.48424e-27	7.1624e-30	4.67762e-32	6.80382e-35	2.59175e-37	1.95994e-40	4.00678e-43	1.95756e-46	2.85436e-49	2.73293e-52	
Kinboe	0	0	0	0	0	0	0	0	0	0	0	0	0	0	0	0	0	1	0	0	0	0	0	0	0	0	0	0	0	0	0	0	0	0	0	0	0	0	0	0	0	
Kinfis	0	0	0	0	0	0	0	0	0	0	0	0	0	0	0	0	0	1	0	0	0	0	0	0	0	0	0	0	0	0	0	0	0	0	0	0	0	0	0	0	0	
Kinxen	0	0	0	0	0	0	0	0	0	0	0	0	0	0	0	0	0	1	0	0	0	0	0	0	0	0	0	0	0	0	0	0	0	0	0	0	0	0	0	0	0	
N120	1.82391e-35	1.07493e-31	5.70184e-29	2.66114e-26	1.20808e-25	1.09497e-22	3.47424e-19	1.73866e-16	9.83744e-15	5.14304e-14	5.41131e-14	1.01257e-11	1.69081e-08	1.6012e-05	0.00383539	0.154626	0.694669	0.14634	0.000512868	3.75436e-07	1.00039e-10	1.27448e-14	1.30569e-18	7.40568e-22	1.78751e-23	9.95052e-23	6.58311e-24	1.74448e-23	5.44371e-25	5.24852e-25	5.97491e-27	1.96127e-27	4.71203e-30	6.50844e-31	1.37244e-34	8.4745e-36	2.96706e-40	1.3816e-42	3.77815e-47	3.69111e-49	6.70015e-51	
N121	6.128e-28	1.9631e-24	4.90099e-21	8.51031e-19	1.21868e-15	7.19068e-13	6.90348e-12	2.20861e-11	1.64333e-09	9.729e-07	0.000277926	0.0222516	0.178296	0.38423	0.304139	0.098026	0.0123187	0.000455681	3.86237e-06	1.45677e-08	3.08438e-11	4.14555e-14	3.84769e-17	6.23308e-20	4.41537e-22	3.19687e-23	2.85935e-25	1.38194e-26	9.80962e-29	3.07079e-30	1.71437e-32	3.38641e-34	1.30923e-36	1.53492e-38	2.4129e-41	1.6429e-43	1.09131e-46	2.55657e-49	1.05469e-52	2.09131e-55	4.17667e-58	
N122	5.02536e-29	3.03275e-24	1.04644e-19	6.60689e-19	1.24184e-14	9.40013e-11	2.84286e-11	1.91336e-12	3.09743e-10	1.4447e-06	0.00219345	0.557901	0.39879	0.0400326	0.00107194	9.72436e-06	3.28156e-08	4.27931e-11	2.45717e-14	7.33948e-18	1.30651e-21	2.95975e-25	1.55657e-28	4.45314e-31	2.67513e-34	4.88227e-37	1.86052e-40	2.12947e-43	5.06789e-47	3.77086e-50	5.5115e-54	2.69218e-57	2.37655e-61	7.39672e-65	3.93498e-69	7.207e-73	2.47871e-77	2.78038e-81	7.31393e-86	1.07708e-89	2.59914e-93	
N123	5.81565e-32	8.52791e-27	7.10601e-22	3.10552e-21	1.90502e-16	5.51108e-12	9.71728e-13	5.15113e-14	2.1842e-11	3.47731e-07	0.00154353	0.882817	0.114456	0.00118094	2.3745e-06	1.44599e-09	3.4987e-13	4.18379e-17	4.24161e-21	1.53792e-23	1.06552e-26	4.52653e-29	1.72105e-32	3.52032e-35	3.3228e-39	3.71513e-42	1.34892e-46	7.52098e-50	1.51292e-54	4.13861e-58	5.41283e-63	7.7091e-67	6.92912e-72	5.76801e-76	3.58717e-81	2.0469e-85	9.52383e-91	1.13079e-94	4.43751e-98	2.40015e-101	9.06065e-105	
N124	2.21296e-31	9.15002e-27	1.93012e-22	8.62012e-21	8.75451e-17	4.33524e-13	7.90782e-13	6.39321e-13	1.89503e-10	1.45324e-06	0.00328716	0.922317	0.0739823	0.000411267	4.99073e-07	2.16656e-10	4.38689e-14	3.05696e-17	1.17355e-19	9.549e-21	2.59005e-23	1.04144e-24	1.4679e-27	3.07181e-29	2.56541e-33	2.00512e-35	8.15418e-40	1.78122e-42	5.00165e-47	4.37749e-50	8.72335e-55	4.40156e-58	6.1817e-63	2.25893e-66	2.4624e-71	3.56709e-74	9.31923e-79	9.34825e-81	5.4388e-83	4.43071e-85	2.52305e-87	
Chaafr	0	0	0	0	0	0	0	0	0	0	0	1	0	0	0	0	0	0	0	0	0	0	0	0	0	0	0	0	0	0	0	0	0	0	0	0	0	0	0	0	0	
Chacha	0	0	0	0	0	0	0	0	0	0	0	1	0	0	0	0	0	0	0	0	0	0	0	0	0	0	0	0	0	0	0	0	0	0	0	0	0	0	0	0	0	
N125	3.12941e-31	1.31977e-26	3.09258e-22	1.05873e-20	1.8363e-16	1.59434e-12	1.95816e-12	8.68442e-13	2.00572e-10	1.52033e-06	0.00338788	0.939292	0.0570625	0.000255581	2.67242e-07	1.0426e-10	1.95985e-14	1.83631e-17	5.65275e-20	2.55783e-21	5.36371e-24	1.19219e-25	1.40422e-28	1.55199e-30	1.3655e-34	5.61492e-37	2.41604e-41	2.84923e-44	8.24389e-49	4.36462e-52	8.61379e-57	2.9425e-60	3.99813e-65	1.06125e-68	1.2191e-73	1.79823e-76	5.82778e-81	3.37481e-83	1.17242e-85	5.10251e-88	1.55191e-90	
Chacaly	0	0	0	0	0	0	0	0	0	0	0	1	0	0	0	0	0	0	0	0	0	0	0	0	0	0	0	0	0	0	0	0	0	0	0	0	0	0	0	0	0	
Chazey	0	0	0	0	0	0	0	0	0	0	0	1	0	0	0	0	0	0	0	0	0	0	0	0	0	0	0	0	0	0	0	0	0	0	0	0	0	0	0	0	0	
N126	4.7084e-28	5.36881e-24	3.41998e-20	3.80172e-18	9.17337e-15	5.83383e-12	8.93496e-12	1.96015e-11	4.00981e-09	8.85991e-06	0.0062762	0.628063	0.343238	0.0220773	0.000335165	1.64441e-06	3.16024e-09	2.79347e-12	1.51145e-15	5.44531e-17	4.35999e-19	5.31605e-20	2.1489e-22	1.42696e-23	6.71765e-27	2.43157e-28	5.11761e-32	9.77325e-34	1.26041e-37	1.24177e-39	1.13595e-43	5.74051e-46	4.00514e-50	1.06262e-52	5.80008e-57	8.79503e-60	3.73902e-64	4.67293e-67	2.05115e-69	5.57034e-71	1.10126e-72	
Chadil	0	0	0	0	0	0	0	0	0	0	0	1	0	0	0	0	0	0	0	0	0	0	0	0	0	0	0	0	0	0	0	0	0	0	0	0	0	0	0	0	0	
Chasen	0	0	0	0	0	0	0	0	0	0	0	1	0	0	0	0	0	0	0	0	0	0	0	0	0	0	0	0	0	0	0	0	0	0	0	0	0	0	0	0	0	
Chanam	0	0	0	0	0	0	0	0	0	0	0	1	0	0	0	0	0	0	0	0	0	0	0	0	0	0	0	0	0	0	0	0	0	0	0	0	0	0	0	0	0	
N127	1.75125e-30	1.57123e-28	1.04895e-26	6.23599e-25	1.59002e-24	1.94547e-22	2.72225e-19	1.21076e-16	6.36419e-15	5.13273e-14	4.20649e-13	4.10663e-11	2.822e-08	2.02431e-05	0.00433311	0.161537	0.688203	0.144878	0.00102603	2.17719e-06	2.08563e-09	1.11427e-12	1.18948e-15	4.60282e-14	4.49285e-14	3.97902e-12	1.40863e-12	6.52547e-11	6.90249e-12	1.56928e-10	4.0728e-12	4.03443e-11	2.07169e-13	9.30047e-13	7.99116e-16	1.00876e-15	3.751e-19	2.48689e-20	5.96447e-24	1.6551e-25	2.98255e-26	
Riebrev	0	0	0	0	0	0	0	0	0	0	0	0	0	0	0	0	0	0	0	0	0	0	0	0	0	0	0	0	0	0	1	0	0	0	0	0	0	0	0	0	0	
N128	6.38583e-35	6.22849e-30	2.20415e-26	1.15294e-21	3.7735e-22	8.19169e-21	2.61571e-16	3.89156e-12	1.84289e-10	3.32914e-12	2.47118e-14	2.1248e-16	3.3207e-13	2.40456e-09	7.1455e-06	0.0065243	0.97043	0.0229476	9.12843e-05	1.17992e-07	6.71463e-11	2.21405e-14	6.56817e-18	9.08693e-21	6.71351e-24	9.45101e-27	4.86947e-30	3.70862e-33	1.28791e-36	5.19914e-40	1.0721e-43	2.19061e-47	2.34512e-48	6.47591e-49	5.97055e-51	6.23467e-53	3.61521e-55	3.0319e-57	1.76301e-59	2.19723e-59	8.37287e-58	
N129	3.9746e-45	7.04568e-39	1.15124e-34	9.41925e-29	6.10857e-29	4.83624e-27	1.96586e-21	2.37734e-16	2.13095e-14	1.28859e-17	2.99574e-21	2.51105e-23	1.55388e-18	3.42616e-13	2.66821e-08	0.000513594	0.993931	0.0055527	2.48462e-06	2.53875e-10	9.2078e-15	1.4934e-19	1.25095e-24	2.7929e-29	4.5286e-33	8.36221e-34	2.71161e-35	2.0368e-35	4.94467e-37	2.60003e-37	3.98485e-39	1.5328e-39	1.04313e-41	3.02735e-42	2.42339e-45	1.86893e-46	1.12263e-49	3.65938e-51	1.82977e-54	3.57366e-56	7.07351e-58	
N130	5.07395e-41	4.9763e-37	1.9593e-34	1.07944e-30	1.11145e-31	2.70335e-29	8.95677e-24	8.42559e-19	8.53379e-17	2.5428e-20	1.05192e-23	6.27797e-24	5.41962e-19	1.48659e-13	1.49725e-08	0.000382759	0.995223	0.00439248	1.35709e-06	9.45402e-11	2.37312e-15	2.74008e-20	1.66899e-25	6.17653e-30	1.62296e-32	3.57658e-34	1.85424e-37	9.23682e-39	3.13326e-42	8.09024e-44	1.54138e-47	3.07804e-49	1.58704e-48	2.22692e-47	5.32933e-51	1.02602e-51	2.03068e-55	9.97109e-57	1.89542e-60	7.15455e-60	8.95776e-58	
Braset	0	0	0	0	0	0	0	0	0	0	0	0	0	0	0	0	1	0	0	0	0	0	0	0	0	0	0	0	0	0	0	0	0	0	0	0	0	0	0	0	0	
N131	1.12295e-49	6.8165e-44	2.16388e-39	6.39203e-34	1.67362e-33	3.91343e-31	4.23148e-26	1.4855e-21	9.62801e-20	4.9325e-21	1.22342e-21	4.55458e-22	1.5564e-17	1.60185e-12	6.51653e-08	0.000738235	0.995626	0.00363391	1.45361e-06	1.62846e-10	7.51031e-15	1.75678e-19	2.38013e-24	6.90185e-28	7.4365e-31	3.0444e-32	1.97787e-35	4.98717e-37	2.26668e-40	3.21022e-42	1.05335e-45	8.26016e-48	1.68449e-51	7.17407e-54	3.34282e-59	9.80191e-63	3.11429e-68	3.21479e-72	6.61394e-78	1.05173e-81	1.73636e-84	
N132	1.1489e-52	5.23867e-46	1.8354e-41	4.15281e-35	9.07424e-36	3.02122e-33	4.1679e-27	2.68515e-21	5.84577e-19	1.09274e-20	9.60123e-23	1.5267e-24	1.98151e-19	6.05148e-14	7.31387e-09	0.00024745	0.99905	0.000702636	6.44768e-08	1.81451e-12	2.21751e-17	1.41991e-22	5.54297e-28	6.4593e-32	6.37669e-36	9.31954e-39	5.68025e-43	4.2319e-46	1.63262e-50	6.12063e-54	1.49571e-58	2.64112e-62	3.57074e-67	2.50748e-71	1.69991e-77	8.76031e-83	2.22785e-89	4.30458e-95	3.59388e-102	4.96976e-108	7.45611e-114	
Bramel	0	0	0	0	0	0	0	0	0	0	0	0	0	0	0	0	1	0	0	0	0	0	0	0	0	0	0	0	0	0	0	0	0	0	0	0	0	0	0	0	0	
Bratha	0	0	0	0	0	0	0	0	0	0	0	0	0	0	0	0	1	0	0	0	0	0	0	0	0	0	0	0	0	0	0	0	0	0	0	0	0	0	0	0	0	
N133	1.14337e-51	1.3509e-45	5.13997e-41	3.43223e-35	5.14555e-35	2.45041e-32	1.05218e-26	2.10569e-21	6.50919e-19	8.56249e-20	5.04912e-21	5.31405e-22	2.08264e-17	1.98281e-12	7.49108e-08	0.000791293	0.996796	0.00241198	7.50541e-07	7.08301e-11	2.88755e-15	6.17455e-20	7.97436e-25	3.36917e-28	1.65307e-31	1.79877e-33	5.83465e-37	3.53206e-39	8.02443e-43	2.74904e-45	4.53606e-49	8.61368e-52	9.35728e-56	9.15604e-59	4.49561e-64	3.51817e-68	1.03987e-73	4.59486e-78	8.9385e-84	8.172e-88	3.65789e-91	
Bradra	0	0	0	0	0	0	0	0	0	0	0	0	0	0	0	0	1	0	0	0	0	0	0	0	0	0	0	0	0	0	0	0	0	0	0	0	0	0	0	0	0	
Bratra	0	0	0	0	0	0	0	0	0	0	0	0	0	0	0	0	1	0	0	0	0	0	0	0	0	0	0	0	0	0	0	0	0	0	0	0	0	0	0	0	0	
N134	1.38376e-45	5.23523e-40	6.08019e-36	9.96175e-31	3.98914e-31	4.09182e-29	3.32336e-24	1.64269e-19	2.37631e-17	2.16636e-18	9.24269e-20	7.04027e-21	1.63263e-16	9.23583e-12	2.07755e-07	0.00131064	0.994828	0.00385944	1.95764e-06	3.03685e-10	2.04662e-14	7.26974e-19	1.58724e-23	8.46942e-27	4.57621e-30	3.62362e-32	1.30541e-35	5.74926e-38	1.45188e-41	3.62919e-44	6.69159e-48	9.28255e-51	1.1594e-54	7.95901e-58	6.89914e-63	5.33385e-67	2.64942e-72	1.25616e-76	4.14313e-82	3.67606e-86	1.1347e-89	
Bragut	0	0	0	0	0	0	0	0	0	0	0	0	0	0	0	0	1	0	0	0	0	0	0	0	0	0	0	0	0	0	0	0	0	0	0	0	0	0	0	0	0	
Braven	0	0	0	0	0	0	0	0	0	0	0	0	0	0	0	0	1	0	0	0	0	0	0	0	0	0	0	0	0	0	0	0	0	0	0	0	0	0	0	0	0	
N135	4.53849e-39	5.3685e-34	5.05082e-30	2.57253e-25	3.80609e-25	3.7909e-23	7.3908e-19	4.78712e-15	9.53569e-14	3.92064e-16	1.68943e-17	3.96751e-18	2.52029e-14	4.03918e-10	2.56342e-06	0.00454229	0.979569	0.0158531	3.28984e-05	2.03642e-08	5.36392e-12	7.32391e-16	5.96912e-20	5.41704e-23	9.62993e-26	2.53136e-27	3.12941e-30	4.61909e-32	4.01602e-35	3.42645e-37	2.08076e-40	1.03084e-42	3.54925e-46	1.01458e-48	3.22199e-53	1.56323e-56	3.26888e-61	7.9931e-65	1.17828e-69	3.06481e-73	2.79179e-76	
Brapum	0	0	0	0	0	0	0	0	0	0	0	0	0	0	0	0	1	0	0	0	0	0	0	0	0	0	0	0	0	0	0	0	0	0	0	0	0	0	0	0	0	
Bradam	0	0	0	0	0	0	0	0	0	0	0	0	0	0	0	0	1	0	0	0	0	0	0	0	0	0	0	0	0	0	0	0	0	0	0	0	0	0	0	0	0	
