NODE	1	2	3	4	5	6	7	8	9	10	11	12	13	14	15	16	17	18	19	20	21	22	23	24	25	26	27	28	29	30	31	32	33	34	35	36	37	38	39	40	41	
N1	5.29121e-35	7.69112e-29	2.2798e-25	1.77707e-22	1.1676e-20	2.95381e-19	1.8785e-18	1.96413e-12	4.59057e-10	5.10075e-09	9.44532e-08	5.2929e-07	1.07623e-07	1.1126e-06	0.00106188	0.146192	0.663509	0.185838	0.00338979	7.45682e-06	3.33043e-09	4.24276e-13	7.58183e-19	3.3144e-21	9.9416e-24	2.13798e-26	3.41131e-29	4.1504e-32	3.9371e-35	2.96602e-38	1.80212e-41	8.94706e-45	3.67043e-48	1.25626e-51	3.61739e-55	8.82747e-59	1.83728e-62	3.27989e-66	5.04706e-70	6.72398e-74	8.18359e-78	
N2	1.57744e-36	2.68917e-30	3.91486e-26	2.37877e-22	1.02178e-19	1.83449e-17	2.3607e-15	1.76914e-12	3.09049e-10	1.8299e-09	6.61954e-09	6.09829e-08	5.679e-07	1.08571e-05	0.00123135	0.0709551	0.496367	0.38407	0.0458742	0.00146675	2.19468e-05	1.88943e-06	2.45597e-07	5.97214e-08	1.1677e-09	2.53863e-11	2.07948e-13	6.85236e-16	4.13467e-18	2.99499e-19	1.49614e-21	8.77684e-23	1.13827e-25	2.12874e-27	1.4924e-30	5.93603e-33	2.66215e-36	4.39106e-39	1.40019e-42	1.73829e-45	1.64674e-47	
N3	6.54694e-40	1.19615e-32	3.00676e-28	3.94084e-24	1.18508e-21	3.63954e-19	6.27408e-18	5.2939e-14	7.78688e-11	7.64729e-11	2.62839e-10	2.51032e-08	4.07495e-08	4.14057e-08	1.41958e-05	0.00325315	0.145354	0.699937	0.147048	0.00435885	3.52113e-05	1.40742e-07	7.99136e-10	8.82643e-12	2.80204e-14	6.59738e-17	1.0102e-19	6.63438e-23	3.92483e-26	5.87603e-29	2.71367e-32	4.3891e-35	1.12384e-38	8.44174e-42	1.15893e-45	3.38572e-49	2.76154e-53	4.03417e-57	2.07898e-61	1.97783e-65	2.52853e-69	
N4	7.7429e-42	1.0164e-34	2.85609e-30	8.2472e-26	4.73555e-23	1.30055e-20	1.77087e-18	4.73231e-15	1.27246e-12	3.03689e-12	1.73531e-11	4.73024e-10	1.58656e-09	3.24576e-08	1.39404e-05	0.00291528	0.132424	0.679405	0.178094	0.00707084	7.59001e-05	3.16079e-07	1.03718e-09	7.67189e-11	2.29203e-12	2.59228e-14	4.55005e-16	5.70153e-19	1.61703e-21	2.10269e-24	1.21184e-27	2.60234e-29	1.67105e-32	3.08704e-34	7.41854e-38	6.07306e-40	6.94439e-44	1.20689e-46	9.33974e-51	5.86338e-54	9.66081e-58	
B3088	0	0	0	0	0	0	0	0	0	0	0	0	0	0	0	0	0	1	0	0	0	0	0	0	0	0	0	0	0	0	0	0	0	0	0	0	0	0	0	0	0	
N5	1.8688e-39	3.24595e-33	4.52328e-29	2.87146e-25	1.08092e-22	1.73552e-20	2.76095e-18	1.55283e-15	1.82269e-13	1.23788e-12	1.1695e-11	3.6979e-10	5.59596e-09	2.23438e-07	4.23331e-05	0.00459038	0.138456	0.642442	0.202376	0.0118694	0.000221119	1.76593e-06	9.20959e-09	8.43965e-10	6.598e-11	1.95122e-12	1.02564e-13	4.17154e-16	3.42765e-18	1.27617e-20	1.87678e-23	7.98488e-25	2.07282e-27	1.14293e-28	1.17014e-31	3.18164e-33	1.49732e-36	9.50689e-39	3.08637e-42	7.0493e-45	4.74372e-48	
BGA709	0	0	0	0	0	0	0	0	0	0	0	0	0	0	0	0	0	1	0	0	0	0	0	0	0	0	0	0	0	0	0	0	0	0	0	0	0	0	0	0	0	
BGA309	0	0	0	0	0	0	0	0	0	0	0	0	0	0	0	0	0	1	0	0	0	0	0	0	0	0	0	0	0	0	0	0	0	0	0	0	0	0	0	0	0	
N6	9.40258e-42	1.98184e-34	9.79041e-30	8.55703e-26	2.25375e-23	1.48792e-20	1.48922e-19	9.29788e-16	1.51606e-12	7.87799e-13	4.20356e-12	8.32174e-10	1.30027e-09	1.34353e-09	7.44651e-07	0.000415385	0.0544179	0.806661	0.136001	0.0024931	1.1677e-05	2.09632e-08	2.29114e-11	1.23902e-13	5.85719e-16	1.64355e-18	4.72582e-21	2.54687e-24	1.56222e-27	7.42457e-31	1.70899e-34	3.09904e-37	8.75632e-41	1.4352e-43	1.97714e-47	1.46092e-50	1.08457e-54	2.65634e-58	1.23298e-62	1.39052e-66	9.85994e-71	
N7	2.99184e-39	1.00713e-32	1.37466e-28	6.44224e-25	1.31789e-22	3.63736e-20	1.5446e-18	3.83877e-15	2.72161e-12	5.72451e-12	3.51962e-11	2.74455e-09	5.65438e-09	1.80643e-08	5.05097e-06	0.001173	0.0778035	0.777114	0.139724	0.0041406	3.89362e-05	1.59879e-07	3.83298e-10	2.57484e-12	3.13911e-14	2.80699e-16	2.5452e-18	4.36603e-21	7.16958e-24	8.71699e-27	5.31658e-30	1.66905e-32	1.7158e-35	8.04339e-38	5.51424e-41	1.34548e-43	4.30857e-47	2.89349e-50	5.52874e-54	1.9288e-57	5.51807e-61	
B11696	0	0	0	0	0	0	0	0	0	0	0	0	0	0	0	0	0	1	0	0	0	0	0	0	0	0	0	0	0	0	0	0	0	0	0	0	0	0	0	0	0	
B11609	0	0	0	0	0	0	0	0	0	0	0	0	0	0	0	0	0	1	0	0	0	0	0	0	0	0	0	0	0	0	0	0	0	0	0	0	0	0	0	0	0	
N8	7.35072e-49	1.29553e-40	2.83874e-35	1.1209e-30	8.50097e-28	2.20174e-24	2.27192e-23	7.6682e-19	3.82565e-15	1.06532e-15	1.09046e-14	4.04284e-12	8.71021e-12	1.04519e-11	3.50599e-08	7.79881e-05	0.0315298	0.847579	0.119695	0.00111684	1.96727e-06	1.08046e-09	2.81992e-13	9.13273e-16	3.54505e-18	4.34854e-21	1.0046e-23	1.51879e-27	4.80214e-31	2.01653e-32	9.78522e-34	2.81714e-34	4.29802e-36	1.87268e-36	1.2636e-38	3.27489e-39	1.10781e-41	8.05468e-43	2.12969e-45	5.80508e-47	3.0804e-49	
N9	4.67957e-42	4.59488e-36	9.10282e-33	8.76488e-30	1.77383e-28	2.10957e-26	2.26989e-24	3.86523e-20	7.4003e-17	4.84566e-17	5.35808e-16	1.33288e-13	7.70553e-13	1.44987e-11	4.72108e-08	8.69751e-05	0.0316867	0.847483	0.119565	0.00117592	2.32964e-06	1.51193e-09	4.82964e-13	1.41752e-14	5.01137e-16	2.20866e-18	4.33358e-20	1.73684e-23	2.49445e-26	6.2847e-30	3.46141e-34	2.88993e-36	6.59704e-40	1.90054e-41	1.11224e-45	1.80299e-47	2.83388e-52	6.9167e-55	7.52935e-60	3.87996e-63	9.71925e-68	
N10	2.86874e-45	1.58782e-38	4.34645e-34	5.40536e-30	3.48034e-27	2.12682e-24	4.28322e-22	1.9576e-18	2.24678e-15	1.96604e-14	3.23708e-13	3.71685e-11	2.7988e-10	4.01243e-09	1.87045e-06	0.000629697	0.0592407	0.799176	0.137665	0.00326428	2.28489e-05	6.70396e-08	1.16404e-10	2.88954e-12	1.17419e-13	1.79559e-15	5.26359e-17	8.16262e-20	2.14341e-22	2.33658e-25	1.02365e-28	8.05568e-31	1.21299e-33	2.28599e-35	1.79499e-38	1.8327e-40	4.10507e-44	6.31841e-47	9.25773e-51	4.99109e-54	1.28054e-57	
B983	0	0	0	0	0	0	0	0	0	0	0	0	0	0	0	0	0	1	0	0	0	0	0	0	0	0	0	0	0	0	0	0	0	0	0	0	0	0	0	0	0	
B11604	0	0	0	0	0	0	0	0	0	0	0	0	0	0	0	0	0	1	0	0	0	0	0	0	0	0	0	0	0	0	0	0	0	0	0	0	0	0	0	0	0	
N11	8.79126e-43	1.07577e-35	4.44675e-31	4.72314e-27	1.94496e-24	1.53498e-21	6.12925e-20	3.40362e-16	5.32183e-13	7.71574e-13	5.15982e-12	8.2268e-10	1.20176e-09	2.09233e-09	9.45854e-07	0.000413642	0.0503915	0.8498	0.0977161	0.00166909	8.74483e-06	1.96829e-08	2.55363e-11	1.09166e-13	9.2596e-16	5.38039e-18	3.33381e-20	3.26619e-23	3.18581e-26	2.1337e-29	6.9472e-33	1.30835e-35	8.15607e-39	2.68143e-41	1.14378e-44	1.94299e-47	3.49879e-51	1.43316e-54	1.53518e-58	3.12214e-62	4.86167e-66	
BGAA1	0	0	0	0	0	0	0	0	0	0	0	0	0	0	0	0	0	1	0	0	0	0	0	0	0	0	0	0	0	0	0	0	0	0	0	0	0	0	0	0	0	
BGA584	0	0	0	0	0	0	0	0	0	0	0	0	0	0	0	0	0	1	0	0	0	0	0	0	0	0	0	0	0	0	0	0	0	0	0	0	0	0	0	0	0	
N12	2.20682e-42	1.65947e-35	5.006e-31	4.95189e-27	2.05569e-24	1.24538e-21	7.34091e-20	3.18245e-16	3.71391e-13	8.28212e-13	6.22261e-12	7.35188e-10	1.57836e-09	4.78816e-09	1.86477e-06	0.000633043	0.0603755	0.818485	0.117917	0.00257107	1.72558e-05	4.97954e-08	8.3408e-11	5.3811e-13	6.76127e-15	5.50348e-17	4.9926e-19	6.41899e-22	8.55494e-25	7.54714e-28	3.19364e-31	8.77461e-34	7.54997e-37	3.71763e-39	2.14776e-42	5.45363e-45	1.27327e-48	7.29705e-52	1.01911e-55	2.83301e-59	5.88351e-63	
BGA303	0	0	0	0	0	0	0	0	0	0	0	0	0	0	0	0	0	1	0	0	0	0	0	0	0	0	0	0	0	0	0	0	0	0	0	0	0	0	0	0	0	
BGAB1	0	0	0	0	0	0	0	0	0	0	0	0	0	0	0	0	0	1	0	0	0	0	0	0	0	0	0	0	0	0	0	0	0	0	0	0	0	0	0	0	0	
PGA445	0	0	0	0	0	0	0	0	0	0	0	0	0	0	0	0	0	1	0	0	0	0	0	0	0	0	0	0	0	0	0	0	0	0	0	0	0	0	0	0	0	
N13	2.27962e-39	3.36726e-31	1.65437e-26	8.71016e-22	3.60331e-19	4.24201e-17	1.04023e-14	1.79467e-11	5.15303e-10	3.00211e-09	1.17427e-06	7.21172e-06	1.34327e-05	0.00152167	0.0666367	0.562586	0.360116	0.00910169	1.57194e-05	6.25743e-09	9.28153e-13	6.87529e-17	7.53909e-21	1.33445e-23	8.05612e-27	2.18607e-30	6.75049e-34	2.48786e-38	1.40562e-42	5.60747e-47	1.50438e-51	1.774e-53	1.30326e-52	1.63836e-53	5.83737e-56	7.99751e-57	2.74918e-58	9.87443e-59	7.00009e-59	4.25101e-58	3.32374e-58	
N14	1.45584e-36	1.29242e-29	1.11958e-24	3.28339e-21	1.81561e-17	1.98304e-15	7.31043e-14	2.17687e-11	1.95398e-08	8.73331e-06	0.000863736	0.0201813	0.142501	0.358232	0.343854	0.121687	0.012543	0.000129278	3.09341e-07	3.18219e-10	1.77278e-13	1.16214e-16	7.45361e-19	2.365e-20	1.44854e-22	3.91301e-25	6.44445e-28	1.73343e-31	1.01103e-34	2.96214e-35	1.14123e-35	4.19137e-35	8.86402e-36	6.40744e-35	5.82634e-36	3.12812e-36	5.06112e-38	2.62221e-39	1.85173e-41	5.47913e-43	4.2913e-44	
Rhaspe	0	0	0	0	0	0	0	0	0	1	0	0	0	0	0	0	0	0	0	0	0	0	0	0	0	0	0	0	0	0	0	0	0	0	0	0	0	0	0	0	0	
N15	6.40264e-34	4.81233e-28	9.97338e-24	3.03134e-20	7.04748e-17	1.9228e-14	2.75039e-12	7.69978e-10	2.85374e-07	5.18728e-05	0.00272333	0.0405109	0.202715	0.382932	0.284766	0.0795364	0.00668882	7.56375e-05	2.83508e-07	5.30442e-10	3.10149e-12	1.39442e-13	3.65973e-15	2.67418e-16	2.10345e-18	2.92128e-20	1.04468e-22	1.02074e-24	1.59507e-27	2.7356e-28	2.00872e-31	2.51997e-32	9.79837e-36	5.83936e-37	1.34055e-40	1.34611e-42	2.37995e-46	7.78112e-49	1.34559e-52	2.21314e-55	4.35342e-57	
Rhamar	0	0	0	0	0	0	0	0	0	1	0	0	0	0	0	0	0	0	0	0	0	0	0	0	0	0	0	0	0	0	0	0	0	0	0	0	0	0	0	0	0	
Rhatem	0	0	0	0	0	0	0	0	0	0	1	0	0	0	0	0	0	0	0	0	0	0	0	0	0	0	0	0	0	0	0	0	0	0	0	0	0	0	0	0	0	
N16	1.62592e-44	5.65766e-36	9.26838e-32	1.17859e-25	2.87994e-24	1.09583e-21	8.82132e-18	2.58821e-13	4.03594e-12	1.81266e-11	4.08077e-09	5.99438e-08	1.22294e-06	0.000209942	0.0374329	0.549688	0.401247	0.0113965	2.48973e-05	2.06149e-08	2.54368e-10	4.23347e-13	5.33443e-16	6.00148e-19	6.02827e-23	5.46396e-26	2.34945e-30	5.32461e-31	1.00164e-32	1.14212e-32	2.50196e-35	7.7088e-36	1.04379e-38	1.35984e-39	1.45998e-42	5.76274e-44	5.14144e-47	7.16134e-49	1.38426e-51	1.59919e-53	4.89455e-54	
N17	5.85143e-42	5.71035e-34	8.81314e-29	9.2526e-25	4.11936e-22	2.52511e-18	1.83487e-16	2.27072e-13	7.19284e-11	3.34431e-10	5.35462e-08	9.06045e-06	4.25864e-05	0.000244146	0.0225132	0.379972	0.538322	0.0583079	0.000587229	1.26001e-06	2.1868e-09	1.13044e-11	3.76007e-14	1.29106e-16	5.4203e-20	2.60939e-23	5.73266e-27	1.99232e-30	4.18249e-34	5.23026e-37	5.20473e-41	3.12041e-44	1.6811e-47	1.05635e-47	4.68487e-50	6.0002e-52	2.76918e-54	2.14022e-56	7.65274e-59	1.83223e-59	3.69011e-59	
N18	3.65379e-36	1.69674e-29	1.00564e-24	9.78798e-22	5.68857e-19	8.24038e-16	4.52451e-14	4.19015e-12	8.81002e-11	4.41551e-09	7.70679e-07	6.60405e-05	0.0017899	0.0327318	0.232781	0.490283	0.229271	0.0129403	0.000135489	5.02179e-07	8.82034e-10	1.18754e-12	8.23115e-15	3.63366e-16	3.20972e-18	1.58687e-20	6.23671e-23	4.0092e-26	4.61498e-29	1.03147e-31	1.13347e-34	1.61829e-36	9.23845e-40	7.27546e-42	1.62599e-45	3.75112e-48	5.30726e-52	3.19964e-55	2.98101e-59	9.81782e-63	4.2785e-66	
FGA379	0	0	0	0	0	0	0	0	0	0	0	0	0	0	0	0	1	0	0	0	0	0	0	0	0	0	0	0	0	0	0	0	0	0	0	0	0	0	0	0	0	
N19	3.33784e-35	1.38901e-28	1.59444e-23	2.72216e-21	4.92066e-18	2.12111e-14	2.21261e-13	1.04854e-11	3.01028e-10	9.94101e-08	9.48711e-05	0.0219805	0.254093	0.462235	0.224709	0.0351786	0.00169123	1.74482e-05	5.314e-08	7.14275e-11	5.20616e-14	2.72154e-17	3.8504e-20	4.25548e-22	1.27965e-24	2.56738e-27	4.4403e-30	1.64001e-33	9.57369e-37	1.01272e-39	4.59829e-43	2.27257e-45	6.77483e-49	2.0023e-51	2.7376e-55	2.78392e-58	2.51621e-62	1.14422e-65	2.62612e-69	4.04477e-72	5.90383e-75	
N20	1.67208e-37	8.07969e-30	7.60815e-24	2.75123e-21	5.57552e-18	1.893e-13	2.38014e-12	3.02e-10	1.00077e-09	3.60417e-07	0.000317367	0.12661	0.558932	0.294688	0.0191726	0.000278789	1.06662e-06	1.11904e-09	4.58018e-13	9.73483e-17	4.57413e-20	4.00881e-23	3.3445e-26	3.51149e-29	6.56784e-33	2.49657e-36	3.6645e-40	9.7437e-42	3.41344e-42	2.60082e-40	2.42499e-39	5.18482e-40	1.74686e-41	3.49546e-42	1.41151e-42	1.03034e-41	8.78722e-43	2.3226e-44	1.16917e-46	2.58595e-48	3.53116e-49	
N21	7.21674e-41	1.42238e-32	4.46063e-26	3.63841e-23	3.94601e-19	7.93105e-15	1.78175e-14	6.27434e-12	1.48284e-10	3.3098e-07	0.00133919	0.337421	0.584651	0.0755258	0.00106045	2.72241e-06	1.62492e-09	2.74779e-13	1.93445e-17	1.4995e-21	5.20294e-24	2.07226e-27	1.17423e-30	5.11052e-30	9.76039e-31	1.6e-31	1.63281e-33	1.70549e-33	5.9676e-36	5.13179e-36	1.06541e-38	4.0778e-39	6.56625e-42	9.4565e-43	1.31706e-45	7.02954e-47	8.53025e-50	2.3602e-51	6.89534e-54	1.71769e-55	1.22705e-55	
F3015	0	0	0	0	0	0	0	0	0	0	1	0	0	0	0	0	0	0	0	0	0	0	0	0	0	0	0	0	0	0	0	0	0	0	0	0	0	0	0	0	0	
N22	9.09728e-39	5.533e-33	1.03676e-27	1.02728e-24	1.39893e-20	3.81678e-16	3.6715e-15	3.6111e-12	3.71955e-10	4.00925e-07	0.00176059	0.424059	0.541207	0.0328021	0.000171078	1.44339e-07	3.03497e-11	3.37163e-15	4.81777e-18	6.64131e-21	2.04884e-23	3.39327e-27	1.80308e-30	7.38621e-34	2.7381e-38	3.20861e-40	4.57735e-45	9.47333e-47	8.24331e-49	4.81707e-47	9.30732e-47	1.63197e-47	4.28009e-50	2.49348e-51	1.70371e-53	1.42618e-52	1.33607e-53	7.24282e-54	3.35137e-55	4.96283e-57	1.50008e-57	
N23	6.2083e-42	9.64295e-34	3.4016e-27	2.45857e-24	2.64529e-20	3.22468e-15	4.31453e-14	1.85024e-11	2.23579e-10	1.90677e-07	0.000840464	0.482233	0.501258	0.0156313	3.66794e-05	1.71023e-08	3.2704e-12	1.98933e-14	4.75716e-17	7.97193e-20	9.86037e-23	1.88474e-26	5.54953e-30	3.50682e-32	1.43187e-36	1.16412e-38	1.67396e-43	4.41899e-46	2.12697e-49	7.51093e-48	1.83396e-46	6.84333e-48	2.06852e-50	4.30433e-52	1.01085e-52	8.65904e-50	6.24098e-51	1.71135e-51	7.60338e-53	1.0507e-54	1.33431e-55	
N24	2.72341e-45	4.84752e-36	1.753e-28	4.50064e-26	8.81538e-22	6.47929e-16	5.35977e-16	9.90478e-13	3.34521e-12	7.55878e-08	0.00168692	0.771732	0.225771	0.000809477	1.5774e-07	6.60009e-12	1.14369e-16	5.82957e-20	2.18202e-23	2.69425e-27	1.90026e-31	1.3463e-36	4.84231e-40	5.99809e-39	1.1446e-40	2.60745e-41	1.50865e-44	7.07592e-46	2.81347e-49	2.39382e-51	7.70023e-55	2.89289e-57	7.92774e-61	2.00706e-63	1.80787e-66	1.26381e-67	5.44315e-71	2.09412e-72	1.23164e-74	2.35023e-77	2.83921e-79	
N25	6.80727e-42	1.47809e-36	8.50856e-30	1.31505e-26	4.13932e-22	1.35469e-17	6.51418e-16	3.17139e-13	1.38675e-10	8.88333e-07	0.00529677	0.783072	0.210899	0.000730979	1.755e-07	1.44834e-11	2.20661e-14	1.28066e-15	6.02333e-19	5.05405e-22	3.38981e-26	1.26044e-29	2.10794e-33	8.54866e-33	1.3611e-34	3.18653e-34	2.43687e-37	2.51631e-38	1.53238e-41	3.93922e-43	2.17485e-46	4.55595e-48	4.66605e-50	1.26183e-51	2.20567e-53	4.55682e-53	2.04065e-56	3.75931e-57	1.33965e-58	1.29717e-60	1.10873e-61	
F1476	0	0	0	0	0	0	0	0	0	0	1	0	0	0	0	0	0	0	0	0	0	0	0	0	0	0	0	0	0	0	0	0	0	0	0	0	0	0	0	0	0	
N26	1.89631e-42	1.61987e-35	1.64582e-28	3.95175e-25	1.43059e-20	1.14915e-15	4.60046e-13	3.6004e-11	2.5617e-09	5.16132e-06	0.00768839	0.774876	0.215704	0.00172591	8.65773e-07	6.32132e-10	3.63909e-12	1.31594e-13	3.7148e-17	3.92073e-20	2.76754e-24	1.26333e-26	1.53473e-29	3.33402e-27	1.37201e-29	6.52709e-30	8.47227e-33	3.40379e-34	3.46996e-37	7.96606e-39	7.17066e-42	5.53509e-43	2.44798e-44	5.38684e-46	6.96529e-48	8.86017e-48	6.28704e-51	3.50479e-52	1.15689e-53	1.29563e-55	2.03059e-56	
Furcep	0	0	0	0	0	0	0	0	0	0	0	0	0	1	0	0	0	0	0	0	0	0	0	0	0	0	0	0	0	0	0	0	0	0	0	0	0	0	0	0	0	
N27	9.17063e-39	8.83982e-33	1.27794e-26	1.62485e-23	7.77588e-19	2.90093e-15	1.70602e-13	8.59178e-12	2.61246e-09	1.66443e-05	0.0430741	0.8241	0.132219	0.000590465	3.22426e-07	7.62087e-11	6.22276e-14	1.88602e-15	4.0655e-18	7.75647e-21	3.35782e-24	7.64741e-28	4.13361e-31	1.09403e-32	5.02011e-37	6.84118e-39	9.8901e-44	1.59189e-46	1.59957e-51	3.9025e-55	2.82688e-60	5.38453e-64	6.13248e-69	2.58576e-72	8.89352e-77	4.79153e-79	2.25637e-84	2.03361e-87	3.04139e-91	1.22518e-95	2.94472e-99	
Furpol	0	0	0	0	0	0	0	0	0	0	0	1	0	0	0	0	0	0	0	0	0	0	0	0	0	0	0	0	0	0	0	0	0	0	0	0	0	0	0	0	0	
N28	1.20429e-38	9.96174e-31	9.59478e-25	1.77359e-21	1.87477e-16	6.9843e-14	1.15152e-11	1.13596e-10	1.5085e-07	0.000813409	0.626575	0.362771	0.00982457	1.59487e-05	7.34269e-09	1.65351e-12	1.47625e-15	1.67365e-17	1.35217e-20	1.28589e-23	2.66861e-27	1.6258e-30	6.15515e-34	2.82259e-36	1.74936e-40	3.06635e-43	8.14633e-48	1.6655e-51	2.77172e-56	2.56873e-60	2.73637e-65	1.88093e-69	5.42005e-74	6.1839e-78	4.09402e-82	4.08557e-85	3.26124e-90	4.43339e-94	3.1328e-98	9.1898e-103	1.25014e-106	
N29	1.52609e-38	1.56566e-30	1.65793e-24	3.77699e-21	5.15554e-16	1.37405e-13	3.70938e-11	1.98181e-10	2.78909e-07	0.00145577	0.884605	0.113336	0.000602294	4.48525e-07	1.17247e-10	7.94824e-14	1.61198e-16	6.28502e-19	1.25438e-22	9.64228e-26	2.07451e-29	8.37693e-32	7.46696e-36	2.18437e-38	6.16734e-43	3.74747e-46	6.82069e-51	8.37373e-55	9.45796e-60	7.51664e-64	7.26603e-69	2.06055e-72	2.73587e-76	1.55982e-80	4.04459e-85	3.18551e-88	1.74504e-93	8.9438e-98	4.40725e-102	1.73052e-106	4.70125e-110	
F2241	0	0	0	0	0	0	0	0	0	0	1	0	0	0	0	0	0	0	0	0	0	0	0	0	0	0	0	0	0	0	0	0	0	0	0	0	0	0	0	0	0	
Furang	0	0	0	0	0	0	0	0	0	0	1	0	0	0	0	0	0	0	0	0	0	0	0	0	0	0	0	0	0	0	0	0	0	0	0	0	0	0	0	0	0	
FGA490	0	0	0	0	0	0	0	0	0	0	1	0	0	0	0	0	0	0	0	0	0	0	0	0	0	0	0	0	0	0	0	0	0	0	0	0	0	0	0	0	0	
N30	3.94113e-42	1.55876e-33	1.23227e-26	4.27399e-24	1.11093e-19	9.3165e-15	2.59734e-14	1.23831e-11	1.92579e-10	1.97626e-06	0.0109637	0.913614	0.0753325	8.79016e-05	1.89744e-08	1.59925e-12	6.84421e-16	5.31535e-18	2.27008e-21	8.94139e-25	5.15144e-29	8.24651e-33	1.0299e-36	2.41009e-39	3.79703e-44	3.52765e-47	1.84718e-52	1.67227e-56	5.78271e-59	1.32934e-58	2.86851e-59	1.75374e-61	1.00333e-63	2.76667e-65	3.70531e-66	1.55866e-64	1.42648e-66	3.96043e-68	3.38796e-70	1.01183e-72	1.50938e-74	
N31	2.32592e-41	5.32412e-33	1.9468e-26	2.22363e-23	5.87471e-19	1.38172e-14	1.58343e-13	5.28888e-11	4.73347e-09	3.29206e-06	0.0127101	0.930361	0.0568442	8.13133e-05	2.19319e-08	1.01964e-11	3.02856e-14	3.71544e-16	7.82067e-20	5.432e-23	4.38427e-27	1.48186e-29	1.53324e-33	9.04704e-36	1.16572e-40	1.18172e-43	8.72224e-49	8.22722e-53	2.71889e-56	6.15063e-56	6.4232e-55	4.02497e-56	2.64446e-57	4.84595e-59	1.22954e-60	4.91611e-58	1.68661e-58	7.34143e-60	1.608e-61	1.46448e-63	1.47752e-64	
N32	2.64171e-43	2.34748e-34	4.25664e-27	1.7337e-24	2.09388e-20	1.2748e-14	1.57585e-13	3.53454e-11	3.32292e-10	8.03842e-08	0.00110126	0.928924	0.0697675	0.00020725	4.3394e-08	8.28763e-11	1.26556e-13	3.94243e-16	1.7108e-20	5.69106e-24	3.6804e-28	1.41934e-30	2.4515e-35	5.36519e-38	1.97907e-43	3.64495e-47	8.66505e-53	1.28498e-54	3.50876e-57	3.47828e-57	3.55528e-57	3.42475e-58	9.76817e-60	4.75494e-62	6.10212e-64	3.79469e-62	8.21029e-64	4.68533e-66	2.75636e-68	1.25043e-70	8.42701e-72	
N33	4.60926e-41	6.10665e-33	1.64381e-26	5.76364e-24	4.97276e-20	3.92575e-15	8.28439e-15	7.33692e-12	3.64631e-11	1.33975e-07	0.00113161	0.95449	0.0443037	7.47753e-05	2.18161e-08	4.3391e-12	8.44494e-15	2.78306e-16	1.1195e-19	1.16603e-22	1.44643e-26	1.78507e-29	4.32686e-33	6.28061e-35	9.30804e-40	3.07038e-42	2.50632e-47	9.30809e-51	5.29045e-56	5.19477e-60	2.06931e-65	2.82095e-69	1.20686e-73	1.09655e-77	5.27072e-82	1.56399e-84	3.31852e-90	5.71553e-94	4.17577e-98	9.13171e-103	1.85174e-106	
N34	6.40531e-39	5.60384e-31	1.06641e-24	2.72848e-22	1.89282e-18	1.25112e-13	1.79142e-13	1.06102e-10	2.0624e-10	4.00706e-07	0.00191507	0.980185	0.017875	2.42701e-05	8.65103e-09	3.06186e-12	1.09161e-14	1.49346e-16	3.31122e-20	2.26764e-23	2.99591e-27	7.27292e-30	2.40508e-33	1.18141e-35	3.20302e-40	2.17671e-43	3.75709e-48	4.62936e-52	4.83781e-57	3.7007e-61	2.7099e-66	3.16538e-70	3.06563e-74	3.61576e-78	2.24176e-82	2.50283e-85	1.24297e-90	6.45612e-95	3.26868e-99	1.01034e-103	2.82068e-107	
FGA456	0	0	0	0	0	0	0	0	0	0	0	1	0	0	0	0	0	0	0	0	0	0	0	0	0	0	0	0	0	0	0	0	0	0	0	0	0	0	0	0	0	
FGA513	0	0	0	0	0	0	0	0	0	0	0	1	0	0	0	0	0	0	0	0	0	0	0	0	0	0	0	0	0	0	0	0	0	0	0	0	0	0	0	0	0	
F12278	0	0	0	0	0	0	0	0	0	0	0	1	0	0	0	0	0	0	0	0	0	0	0	0	0	0	0	0	0	0	0	0	0	0	0	0	0	0	0	0	0	
N35	1.25009e-37	8.9364e-30	1.02658e-23	7.20268e-21	2.66159e-17	9.0647e-13	1.81343e-10	3.52077e-09	6.5219e-08	4.12645e-06	0.000776803	0.673608	0.308099	0.0174911	2.07972e-05	7.66038e-08	8.96818e-10	2.13663e-11	4.74136e-15	3.55218e-18	1.13766e-21	1.12312e-23	6.10716e-27	4.15722e-29	1.76402e-33	5.2846e-37	1.38053e-41	1.8448e-45	2.82551e-50	3.18503e-54	4.43057e-59	2.76478e-62	6.02791e-66	1.06295e-69	9.68401e-74	1.36791e-76	1.08653e-81	4.16084e-86	1.37137e-90	1.10968e-94	8.64986e-98	
Furant	0	0	0	0	0	0	0	0	0	0	0	1	0	0	0	0	0	0	0	0	0	0	0	0	0	0	0	0	0	0	0	0	0	0	0	0	0	0	0	0	0	
FGA331	0	0	0	0	0	0	0	0	0	0	0	0	0	1	0	0	0	0	0	0	0	0	0	0	0	0	0	0	0	0	0	0	0	0	0	0	0	0	0	0	0	
FGA465	0	0	0	0	0	0	0	0	0	0	1	0	0	0	0	0	0	0	0	0	0	0	0	0	0	0	0	0	0	0	0	0	0	0	0	0	0	0	0	0	0	
N36	1.11265e-38	1.23304e-30	2.07074e-24	1.39021e-21	4.57316e-17	1.9116e-13	3.04233e-12	2.06182e-10	2.23675e-08	0.000145601	0.16718	0.818961	0.0136953	1.72076e-05	6.105e-09	1.63289e-12	3.83824e-15	3.67422e-17	1.14955e-20	7.61292e-24	1.02589e-27	1.43724e-30	4.44111e-34	1.50254e-36	5.24483e-41	3.73696e-44	7.4267e-49	7.40526e-53	8.2924e-58	5.38422e-62	4.08555e-67	3.0775e-71	1.9445e-75	1.96875e-79	1.03401e-83	7.34036e-87	4.01183e-92	2.07643e-96	9.06065e-101	2.21673e-105	3.39649e-109	
FGA99	0	0	0	0	0	0	0	0	0	0	1	0	0	0	0	0	0	0	0	0	0	0	0	0	0	0	0	0	0	0	0	0	0	0	0	0	0	0	0	0	0	
N37	5.50774e-38	3.69034e-30	3.88473e-24	3.79381e-21	1.12185e-16	4.47441e-13	1.18468e-11	8.13102e-10	6.63917e-08	0.000175018	0.186579	0.806502	0.0067365	7.28957e-06	2.73963e-09	9.03023e-12	3.62305e-14	2.72262e-16	5.17193e-20	7.19758e-23	2.65652e-26	3.36466e-28	3.33601e-32	2.43359e-34	6.8859e-39	5.61526e-42	1.1064e-46	2.17102e-50	2.72137e-55	3.93675e-59	5.93075e-64	7.1349e-67	1.77729e-70	1.46237e-74	4.47685e-79	8.65262e-82	4.9126e-87	3.2542e-91	2.33673e-95	1.68882e-99	1.21255e-102	
FGA15	0	0	0	0	0	0	0	0	0	0	1	0	0	0	0	0	0	0	0	0	0	0	0	0	0	0	0	0	0	0	0	0	0	0	0	0	0	0	0	0	0	
FGA581	0	0	0	0	0	0	0	0	0	0	0	1	0	0	0	0	0	0	0	0	0	0	0	0	0	0	0	0	0	0	0	0	0	0	0	0	0	0	0	0	0	
FGA104	0	0	0	0	0	0	0	0	0	0	0	0	1	0	0	0	0	0	0	0	0	0	0	0	0	0	0	0	0	0	0	0	0	0	0	0	0	0	0	0	0	
FGA489	0	0	0	0	0	0	0	0	0	0	1	0	0	0	0	0	0	0	0	0	0	0	0	0	0	0	0	0	0	0	0	0	0	0	0	0	0	0	0	0	0	
FGA174	0	0	0	0	0	0	0	0	0	0	0	0	0	1	0	0	0	0	0	0	0	0	0	0	0	0	0	0	0	0	0	0	0	0	0	0	0	0	0	0	0	
FurbGB	0	0	0	0	0	0	0	0	0	0	0	1	0	0	0	0	0	0	0	0	0	0	0	0	0	0	0	0	0	0	0	0	0	0	0	0	0	0	0	0	0	
N38	9.31088e-43	2.62154e-35	9.43096e-31	5.98114e-26	1.70243e-23	1.26533e-20	3.8803e-18	3.68561e-14	3.29281e-11	1.76951e-10	7.7377e-09	4.41483e-07	1.6346e-06	4.34436e-05	0.00765202	0.247311	0.618323	0.124073	0.00257266	1.88434e-05	4.01524e-06	1.74165e-07	3.23262e-09	6.28394e-11	6.69306e-14	4.43236e-16	3.81342e-19	1.58626e-20	5.61514e-24	2.47563e-25	3.09922e-29	5.11755e-31	3.24192e-35	1.05681e-37	4.52574e-42	4.05563e-45	1.19687e-49	4.67879e-53	2.2207e-57	8.94599e-61	1.07796e-62	
N39	5.22271e-40	3.93367e-33	6.645e-29	1.81781e-24	3.30858e-22	1.04713e-19	5.71352e-17	1.40726e-13	2.01795e-11	9.79258e-11	2.08389e-09	4.34048e-08	3.046e-07	1.57087e-05	0.00275254	0.141452	0.627631	0.218627	0.00941387	0.000105854	1.44046e-06	5.13503e-08	1.26967e-09	6.5923e-11	2.8504e-13	1.9415e-15	5.14109e-18	1.34826e-20	2.70322e-23	8.40023e-25	6.92469e-28	1.3034e-29	3.96903e-33	2.21495e-35	4.12335e-39	6.60077e-42	8.31022e-46	5.48487e-49	5.19361e-53	2.47582e-56	7.70594e-59	
N40	7.8512e-39	1.15456e-31	5.82666e-28	4.22723e-23	1.23543e-21	5.40304e-20	1.02861e-16	6.99657e-13	6.88347e-12	1.66834e-11	1.247e-09	3.27582e-09	9.3229e-09	2.16179e-06	0.00106303	0.14076	0.700722	0.154191	0.00324566	1.63315e-05	3.09319e-08	3.46622e-11	6.79467e-14	3.87919e-16	6.70513e-19	8.81137e-22	8.30505e-25	2.72707e-28	8.89118e-32	6.7625e-35	1.81262e-38	4.1454e-40	2.25575e-38	3.96173e-39	1.18562e-40	1.37909e-41	2.17455e-43	9.72148e-45	2.87695e-45	2.05185e-44	1.81833e-44	
CGA312	0	0	0	0	0	0	0	0	0	0	0	0	0	0	0	0	0	1	0	0	0	0	0	0	0	0	0	0	0	0	0	0	0	0	0	0	0	0	0	0	0	
N41	5.56509e-46	1.34226e-37	2.89903e-33	2.47055e-27	1.92018e-25	2.06956e-23	2.20449e-19	6.85015e-15	2.69251e-14	3.11596e-13	7.28207e-12	8.07986e-12	3.21155e-10	2.78267e-07	0.000980626	0.191407	0.723818	0.083385	0.000408867	3.0671e-07	6.63201e-11	6.14733e-15	5.71633e-19	1.32445e-21	9.63531e-25	3.01645e-28	1.38567e-31	4.68946e-36	4.72632e-40	2.25051e-44	1.26289e-48	3.19145e-45	1.49252e-45	8.19644e-46	2.03524e-48	7.08119e-49	1.46791e-51	2.88064e-52	4.21905e-52	1.69459e-51	2.21977e-53	
N42	6.60115e-54	4.09761e-44	5.64608e-39	3.51884e-32	1.06628e-29	7.83463e-27	2.75477e-21	7.65421e-18	4.68581e-17	1.35382e-16	7.33261e-15	1.34246e-13	1.45273e-11	1.04312e-06	0.00532404	0.366721	0.622177	0.00577539	1.24365e-06	3.72325e-11	3.24242e-16	1.17881e-21	7.13977e-27	7.06731e-30	1.36831e-33	4.27773e-38	3.49148e-42	6.16374e-44	7.35064e-45	1.16394e-46	1.11059e-45	5.24788e-41	2.60324e-41	1.25139e-39	2.6854e-40	7.88009e-39	3.22046e-39	2.73718e-36	7.35002e-36	3.6017e-35	7.03463e-36	
N43	1.47585e-43	8.28389e-37	2.14127e-34	3.46558e-30	4.20475e-31	4.31408e-29	1.60231e-24	3.77086e-20	3.20844e-19	9.29165e-18	1.91877e-14	3.17564e-13	4.30071e-11	6.16613e-07	0.00360606	0.354128	0.636603	0.00565969	2.48075e-06	2.22096e-10	9.25915e-14	2.25551e-15	2.71933e-18	1.11499e-20	1.77077e-24	6.28735e-28	3.57352e-32	2.29512e-33	2.93399e-34	1.36026e-33	2.56504e-36	4.04986e-36	2.92135e-39	1.57339e-39	7.93761e-43	6.33655e-44	2.75331e-47	3.65721e-49	3.36802e-52	1.83917e-54	1.20223e-54	
N44	3.13304e-45	6.22526e-37	5.26523e-33	6.00026e-27	8.72942e-26	5.16417e-23	8.20769e-20	5.76316e-15	3.01063e-13	6.36346e-14	9.52121e-11	4.59093e-10	7.02399e-11	4.07512e-08	0.000140661	0.0866803	0.854566	0.0585003	0.000112705	5.24527e-08	1.42364e-11	1.34201e-14	1.52901e-17	1.89894e-20	3.23138e-24	5.33285e-28	3.91212e-32	2.05007e-35	2.80938e-35	1.29345e-35	3.09774e-37	2.46046e-38	1.62764e-40	4.61899e-42	2.03773e-44	1.94805e-46	5.4581e-49	3.57392e-51	8.39763e-54	6.9128e-56	3.068e-57	
CGA642	0	0	0	0	0	0	0	0	0	0	0	0	0	0	0	0	1	0	0	0	0	0	0	0	0	0	0	0	0	0	0	0	0	0	0	0	0	0	0	0	0	
N45	1.01845e-40	1.48379e-34	1.60199e-31	3.69637e-28	1.13049e-26	1.33676e-23	1.94502e-20	4.19033e-16	2.40309e-14	4.61789e-14	2.65062e-12	1.77444e-11	1.60499e-10	2.21336e-08	7.74296e-05	0.0915446	0.834214	0.0740637	0.000100607	3.09634e-08	3.92822e-12	9.92936e-15	3.42006e-17	1.02153e-18	1.8372e-21	1.62813e-24	2.55147e-28	6.6035e-33	1.39505e-36	4.62083e-39	4.21435e-43	5.6772e-45	1.05086e-49	7.42993e-52	3.96351e-57	1.7866e-60	7.02146e-66	9.32358e-70	4.02398e-75	1.9074e-79	7.96413e-83	
CGA763	0	0	0	0	0	0	0	0	0	0	0	0	0	0	0	1	0	0	0	0	0	0	0	0	0	0	0	0	0	0	0	0	0	0	0	0	0	0	0	0	0	
C601	0	0	0	0	0	0	0	0	0	0	0	0	0	0	0	0	0	1	0	0	0	0	0	0	0	0	0	0	0	0	0	0	0	0	0	0	0	0	0	0	0	
N46	1.33885e-41	2.52318e-35	9.28961e-33	7.289e-29	9.21328e-30	1.14613e-29	6.76717e-25	8.08332e-21	2.41337e-19	6.08378e-17	1.56544e-14	1.47859e-12	1.33148e-09	4.21213e-06	0.00559177	0.36876	0.619527	0.00611116	5.83425e-06	1.4084e-09	2.07764e-13	4.82196e-15	1.92253e-17	6.1753e-19	7.20488e-22	7.12259e-25	9.0095e-29	2.32198e-33	4.80342e-37	5.51661e-39	6.58112e-43	5.63556e-41	1.82423e-42	3.89317e-42	8.35337e-45	1.20698e-45	7.78635e-48	3.57356e-48	8.68755e-50	6.73169e-51	7.66082e-51	
CGA236	0	0	0	0	0	0	0	0	0	0	0	0	0	0	0	0	1	0	0	0	0	0	0	0	0	0	0	0	0	0	0	0	0	0	0	0	0	0	0	0	0	
N47	2.73354e-48	3.07911e-41	5.95224e-37	1.68518e-32	1.17691e-29	5.76954e-26	5.56006e-22	6.05691e-19	4.39062e-17	6.20833e-15	6.15688e-13	3.86302e-10	3.83664e-07	0.000154216	0.0294209	0.453131	0.510443	0.00683706	1.33954e-05	8.03391e-09	2.27262e-12	1.49362e-14	1.50935e-16	8.07352e-18	3.48921e-20	6.90061e-23	2.22685e-26	1.63492e-30	5.80242e-34	4.33822e-36	1.80929e-39	3.23435e-41	2.71875e-45	2.56149e-47	5.88441e-52	2.90858e-55	4.66358e-60	7.87586e-64	1.50795e-68	1.23374e-72	2.38337e-75	
N48	7.57622e-42	2.47606e-34	4.98999e-29	2.93151e-25	3.03333e-22	1.62897e-18	1.05806e-15	1.84211e-13	9.94242e-11	3.13022e-10	5.83054e-09	5.61056e-06	0.000206168	0.00287601	0.0632165	0.453461	0.446695	0.0334158	0.000123546	1.38961e-07	1.21118e-10	8.75754e-13	5.27522e-15	5.48848e-17	6.7016e-20	8.8124e-23	3.56209e-26	1.11383e-29	5.3177e-33	2.832e-35	8.52925e-39	2.92223e-41	3.22385e-45	4.14352e-48	2.40878e-52	4.6374e-56	1.54105e-60	1.72673e-64	4.81915e-69	5.19605e-73	4.98458e-76	
Calboe	0	0	0	0	0	0	0	0	0	0	0	0	0	1	0	0	0	0	0	0	0	0	0	0	0	0	0	0	0	0	0	0	0	0	0	0	0	0	0	0	0	
C3125	0	0	0	0	0	0	0	0	0	0	0	0	0	0	0	0	0	1	0	0	0	0	0	0	0	0	0	0	0	0	0	0	0	0	0	0	0	0	0	0	0	
CGA429	0	0	0	0	0	0	0	0	0	0	0	0	0	0	1	0	0	0	0	0	0	0	0	0	0	0	0	0	0	0	0	0	0	0	0	0	0	0	0	0	0	
N49	1.51831e-51	4.85643e-43	1.24285e-37	1.27928e-32	2.03928e-29	9.16706e-26	4.60307e-21	6.69137e-20	6.69973e-19	3.80847e-16	1.52691e-14	4.29618e-11	6.88987e-07	0.0020471	0.227934	0.601613	0.167896	0.00050958	1.33449e-07	1.13503e-11	4.39214e-16	4.74486e-20	1.14034e-22	2.57108e-24	9.26521e-27	5.63627e-30	1.47122e-30	1.8112e-32	3.23345e-34	7.6807e-36	2.08409e-37	3.56069e-37	4.44007e-39	5.5024e-39	7.59167e-42	1.17741e-42	1.31978e-45	2.25192e-47	2.39938e-50	2.5357e-52	2.54096e-53	
C984	0	0	0	0	0	0	0	0	0	0	0	0	0	1	0	0	0	0	0	0	0	0	0	0	0	0	0	0	0	0	0	0	0	0	0	0	0	0	0	0	0	
N50	4.51064e-39	2.68504e-33	5.96398e-30	1.98069e-27	2.80263e-27	8.02508e-26	4.0732e-21	6.21852e-19	6.23606e-17	4.27479e-14	1.05437e-12	1.259e-09	5.12542e-06	0.00485275	0.332757	0.566379	0.0957432	0.000262253	1.51633e-07	3.37666e-11	7.89411e-15	1.71523e-16	8.89051e-19	3.0757e-20	9.11676e-23	1.67912e-25	4.12361e-29	3.43769e-33	1.20573e-36	2.88993e-38	3.86328e-42	1.0498e-43	4.59285e-48	6.795e-50	9.79319e-55	7.09746e-58	7.54429e-63	1.40745e-66	2.49386e-71	1.73702e-75	6.5006e-78	
CGA310	0	0	0	0	0	0	0	0	0	0	0	0	0	0	1	0	0	0	0	0	0	0	0	0	0	0	0	0	0	0	0	0	0	0	0	0	0	0	0	0	0	
N51	7.20949e-42	1.94687e-34	2.16538e-29	1.90404e-25	2.37895e-22	4.17306e-19	4.77024e-15	6.43718e-14	1.65841e-12	9.69292e-11	8.48618e-10	2.59734e-07	0.000314354	0.0891499	0.742997	0.163154	0.00436948	1.43659e-05	1.60692e-08	8.5144e-12	5.16252e-15	2.39825e-17	8.93851e-20	5.43416e-22	4.56758e-25	4.50723e-28	1.54399e-31	5.60614e-35	2.41204e-38	9.8986e-41	2.38569e-44	5.93702e-47	6.10334e-51	5.83363e-54	3.36314e-58	5.72259e-62	1.88338e-66	1.92407e-70	5.26106e-75	5.67621e-79	5.03014e-82	
CGA365	0	0	0	0	0	0	0	0	0	0	0	0	0	0	1	0	0	0	0	0	0	0	0	0	0	0	0	0	0	0	0	0	0	0	0	0	0	0	0	0	0	
CGA494	0	0	0	0	0	0	0	0	0	0	0	0	0	1	0	0	0	0	0	0	0	0	0	0	0	0	0	0	0	0	0	0	0	0	0	0	0	0	0	0	0	
N52	8.16406e-45	6.74782e-37	1.17767e-32	2.64049e-27	7.4021e-25	7.70252e-23	7.94772e-20	2.39361e-15	4.73489e-13	1.55175e-12	8.84843e-11	1.60739e-09	1.08934e-08	6.01484e-07	0.000109635	0.051324	0.576733	0.358364	0.0134355	3.30962e-05	2.81732e-08	7.97946e-11	3.31537e-13	1.78948e-15	1.04054e-18	5.91817e-22	1.34434e-25	1.63089e-29	2.73028e-33	3.91797e-36	6.13802e-40	7.04549e-40	3.3872e-39	7.26048e-40	6.30822e-42	1.90015e-43	1.07244e-45	2.32241e-47	3.73596e-49	3.44512e-49	9.99718e-49	
N53	2.56042e-46	2.26744e-38	1.2751e-33	2.80666e-28	6.83611e-26	3.89578e-23	1.20658e-19	1.82763e-15	7.01713e-14	4.66478e-13	1.05864e-11	1.55045e-10	5.47174e-09	1.60708e-07	0.000147939	0.0714584	0.59848	0.324679	0.00522773	6.9056e-06	2.70841e-09	8.33006e-13	4.64865e-16	2.12345e-18	8.39827e-21	1.09567e-23	2.68113e-26	5.16321e-30	2.82748e-33	3.06584e-37	1.45489e-41	1.24473e-43	7.2245e-48	6.02041e-50	1.05451e-54	3.71853e-57	3.57557e-62	4.03737e-65	2.64704e-70	4.57066e-74	6.95308e-79	
C12265	0	0	0	0	0	0	0	0	0	0	0	0	0	0	0	0	0	1	0	0	0	0	0	0	0	0	0	0	0	0	0	0	0	0	0	0	0	0	0	0	0	
N54	6.09854e-48	2.71251e-39	3.86005e-35	5.61353e-29	6.32012e-27	5.17255e-26	1.26142e-20	7.58339e-17	1.55747e-17	3.89444e-15	2.63519e-13	1.22241e-13	1.04851e-10	2.78086e-06	0.0156302	0.931544	0.0524717	0.000350743	1.52195e-07	1.56187e-11	6.26385e-16	1.24632e-20	1.97741e-25	8.42232e-29	2.8089e-32	3.28547e-36	8.26031e-38	9.7648e-38	5.49491e-38	2.44164e-40	5.46108e-43	3.6743e-44	2.94912e-46	3.29444e-47	1.28259e-49	8.7132e-51	1.40948e-53	1.75195e-55	2.1497e-58	1.03955e-60	2.50256e-63	
C404	0	0	0	0	0	0	0	0	0	0	0	0	0	0	1	0	0	0	0	0	0	0	0	0	0	0	0	0	0	0	0	0	0	0	0	0	0	0	0	0	0	
N55	3.76278e-41	7.92244e-35	1.46964e-32	1.35477e-28	1.54558e-29	5.92055e-28	6.32559e-23	1.81241e-18	1.16044e-18	2.52959e-17	4.66031e-14	7.81519e-14	4.36494e-11	1.28324e-06	0.00775575	0.959808	0.0323506	8.44268e-05	1.90231e-08	1.22093e-12	9.02475e-17	9.91909e-19	9.33442e-22	2.43614e-24	4.34551e-28	1.6407e-31	2.12412e-35	6.80935e-40	6.91067e-44	6.08159e-46	4.19453e-51	2.136e-53	6.4415e-59	1.18811e-61	2.14404e-67	1.02703e-70	1.28517e-76	7.41848e-81	8.30338e-87	1.63649e-91	3.81481e-95	
Cl11778	0	0	0	0	0	0	0	0	0	0	0	0	0	0	0	1	0	0	0	0	0	0	0	0	0	0	0	0	0	0	0	0	0	0	0	0	0	0	0	0	0	
CGA48	0	0	0	0	0	0	0	0	0	0	0	0	0	0	0	1	0	0	0	0	0	0	0	0	0	0	0	0	0	0	0	0	0	0	0	0	0	0	0	0	0	
C3126	0	0	0	0	0	0	0	0	0	0	0	0	0	0	0	0	0	0	1	0	0	0	0	0	0	0	0	0	0	0	0	0	0	0	0	0	0	0	0	0	0	
N56	2.2938e-41	1.13473e-33	1.35366e-28	1.10903e-24	5.01354e-22	6.47784e-19	2.413e-18	4.58504e-14	2.49116e-10	5.72798e-11	2.13554e-10	4.59494e-08	3.30027e-08	3.48659e-09	1.14458e-06	0.000656029	0.0755075	0.826195	0.0967897	0.00084818	2.07627e-06	3.25627e-09	8.04829e-12	2.51839e-14	2.3308e-17	1.64442e-20	7.12177e-24	1.84413e-27	4.73888e-31	7.29566e-31	3.57665e-31	5.58531e-32	1.44476e-33	8.33634e-35	1.43395e-36	4.1511e-38	4.92736e-40	9.27376e-42	8.3003e-44	1.38282e-45	4.75515e-47	
CGA311	0	0	0	0	0	0	0	0	0	0	0	0	0	0	0	0	0	1	0	0	0	0	0	0	0	0	0	0	0	0	0	0	0	0	0	0	0	0	0	0	0	
N57	5.72777e-43	8.83105e-37	8.90362e-33	2.21114e-28	4.92449e-25	6.0181e-22	3.44294e-20	6.26896e-16	2.51103e-12	1.49414e-12	6.134e-12	5.84969e-10	5.04081e-10	4.41631e-10	1.82099e-07	0.000233596	0.0574106	0.837983	0.103669	0.000702503	1.04835e-06	6.86727e-10	5.74898e-13	1.18056e-14	6.35904e-17	1.36932e-19	4.74781e-22	7.85752e-26	6.07833e-29	1.9031e-32	1.47169e-36	2.74924e-38	1.17244e-42	1.58422e-44	2.52245e-49	1.42044e-51	1.17037e-56	1.27065e-59	7.57747e-65	2.75069e-68	5.36981e-73	
N58	5.94101e-48	9.59536e-40	1.28859e-34	8.22708e-30	1.36219e-27	4.11724e-24	1.54322e-22	4.46584e-18	4.15762e-15	5.0156e-16	2.13602e-14	1.84764e-12	1.28455e-12	1.1877e-11	5.9465e-08	0.000165629	0.0783333	0.891609	0.0298211	7.06634e-05	4.00733e-08	8.51955e-12	9.35233e-16	1.2071e-18	3.8327e-21	3.64739e-24	8.05221e-27	1.17444e-30	2.74164e-34	1.99517e-38	4.51953e-43	1.89394e-46	4.55613e-47	2.39712e-45	1.99043e-47	4.33802e-48	2.56953e-50	1.7158e-51	3.94824e-54	9.93726e-56	2.14515e-56	
CGA45	0	0	0	0	0	0	0	0	0	0	0	0	0	0	0	0	1	0	0	0	0	0	0	0	0	0	0	0	0	0	0	0	0	0	0	0	0	0	0	0	0	
N59	1.82819e-49	1.10397e-41	1.90269e-36	6.18573e-32	6.71676e-29	1.642e-25	7.73924e-24	6.93385e-20	9.78035e-17	5.65468e-17	6.57274e-16	5.0373e-13	2.77098e-12	1.51528e-11	4.15532e-08	0.00010645	0.0541052	0.917482	0.0282277	7.88846e-05	5.70521e-08	1.67301e-11	1.16862e-14	1.02486e-15	1.82637e-17	4.66252e-20	2.07821e-22	3.59508e-26	2.96936e-29	4.22638e-33	4.57381e-37	9.18679e-39	1.83273e-42	2.92545e-44	9.06154e-49	5.18067e-51	7.88324e-56	6.46343e-59	7.13606e-64	1.36048e-67	5.77576e-72	
C3043	0	0	0	0	0	0	0	0	0	0	0	0	0	0	0	0	0	1	0	0	0	0	0	0	0	0	0	0	0	0	0	0	0	0	0	0	0	0	0	0	0	
CGA364	0	0	0	0	0	0	0	0	0	0	0	0	0	0	0	0	0	1	0	0	0	0	0	0	0	0	0	0	0	0	0	0	0	0	0	0	0	0	0	0	0	
C2208	0	0	0	0	0	0	0	0	0	0	0	0	0	0	0	0	0	0	1	0	0	0	0	0	0	0	0	0	0	0	0	0	0	0	0	0	0	0	0	0	0	
N60	1.27771e-36	1.26979e-29	3.34814e-25	1.8709e-21	2.57899e-19	1.61954e-16	1.41235e-15	6.32921e-12	6.8673e-09	1.64859e-09	5.99417e-09	4.86129e-07	1.23667e-07	5.66552e-08	1.60987e-05	0.00312012	0.141351	0.815328	0.0397812	0.000401669	1.63532e-06	4.74729e-09	1.87165e-11	8.69103e-14	1.60807e-16	2.43623e-19	2.46391e-22	1.9802e-25	1.15669e-28	1.4227e-31	6.60989e-35	5.70572e-38	1.6293e-41	6.94783e-45	1.18249e-48	2.55149e-52	2.61139e-56	3.33638e-60	2.27283e-64	2.38598e-68	4.78901e-72	
N61	2.34654e-43	2.20138e-35	2.44122e-30	6.72953e-26	1.23125e-23	4.25612e-20	3.65394e-19	6.30019e-15	1.12151e-11	5.3683e-13	9.15222e-12	6.34754e-10	3.73208e-11	3.81492e-11	1.24069e-07	0.00025796	0.0970111	0.891305	0.0114055	2.02012e-05	1.07683e-08	2.53412e-12	5.85344e-16	1.89898e-18	2.4499e-21	1.61491e-24	1.45702e-27	1.22852e-31	1.81177e-35	1.89169e-39	1.02752e-43	1.05875e-46	5.71469e-51	4.46061e-54	1.09747e-58	4.02195e-62	4.78747e-67	3.52045e-71	2.72905e-76	9.03746e-81	1.34261e-85	
CGA453	0	0	0	0	0	0	0	0	0	0	0	0	0	0	0	0	0	1	0	0	0	0	0	0	0	0	0	0	0	0	0	0	0	0	0	0	0	0	0	0	0	
N62	1.16022e-47	2.13625e-39	1.70338e-34	2.67047e-29	4.19397e-27	8.68378e-24	1.13376e-21	3.67861e-17	1.31497e-14	5.75565e-16	4.92673e-14	1.14657e-12	9.17204e-14	2.83138e-12	2.2752e-08	0.000139711	0.153486	0.84343	0.00294299	1.56428e-06	2.62838e-10	1.94368e-14	1.3895e-18	9.1319e-21	2.76523e-23	1.78598e-26	3.77185e-29	1.39956e-33	1.70817e-37	5.39412e-42	8.44479e-47	1.20652e-49	6.96114e-54	1.23603e-56	2.46519e-61	2.3998e-64	1.11111e-69	7.46376e-74	2.2611e-79	5.36335e-84	4.59127e-89	
CGA501	0	0	0	0	0	0	0	0	0	0	0	0	0	0	0	0	0	1	0	0	0	0	0	0	0	0	0	0	0	0	0	0	0	0	0	0	0	0	0	0	0	
C3121	0	0	0	0	0	0	0	0	0	0	0	0	0	0	0	0	1	0	0	0	0	0	0	0	0	0	0	0	0	0	0	0	0	0	0	0	0	0	0	0	0	
N63	1.01098e-45	3.2802e-37	2.26333e-31	1.59867e-27	3.54721e-25	5.11778e-21	1.58628e-21	1.00091e-16	2.31044e-12	1.97533e-14	4.00223e-14	1.51976e-10	3.39233e-12	2.97232e-14	5.72265e-11	7.82862e-07	0.00264957	0.994848	0.00250069	9.0592e-07	1.02547e-10	5.24522e-15	2.54836e-19	8.71312e-23	1.48505e-26	1.52151e-30	1.53105e-34	2.50606e-39	4.27975e-44	6.69197e-49	5.80357e-54	3.76359e-58	2.91023e-63	1.08594e-67	3.36103e-73	4.28875e-78	4.77957e-84	9.68995e-90	3.59577e-96	1.89804e-102	4.14364e-109	
Calparcri	0	0	0	0	0	0	0	0	0	0	0	0	0	0	0	0	0	1	0	0	0	0	0	0	0	0	0	0	0	0	0	0	0	0	0	0	0	0	0	0	0	
C3118	0	0	0	0	0	0	0	0	0	0	0	0	0	0	0	0	0	1	0	0	0	0	0	0	0	0	0	0	0	0	0	0	0	0	0	0	0	0	0	0	0	
N64	2.80446e-43	1.74804e-36	5.07739e-33	3.33098e-29	2.41848e-26	2.27176e-22	1.45441e-18	2.2868e-15	1.52164e-13	3.86777e-12	2.30206e-10	4.58547e-08	1.65287e-06	0.000189672	0.0371289	0.547514	0.401703	0.013414	4.82284e-05	3.98766e-08	1.3625e-10	1.99283e-12	6.82473e-15	7.45532e-17	4.52309e-20	7.34181e-23	2.04529e-26	2.71515e-29	1.31177e-31	2.48136e-31	5.31699e-34	6.62604e-34	5.92438e-37	2.64247e-37	1.60399e-40	1.12203e-41	5.74699e-45	1.0885e-46	8.09216e-50	7.17516e-52	1.72841e-52	
N65	8.59552e-41	1.91836e-33	9.24259e-29	1.69286e-24	7.01554e-22	6.65854e-19	5.23549e-17	2.55369e-13	9.74782e-11	3.71964e-10	1.00727e-08	8.41775e-07	3.52101e-06	2.40384e-05	0.003303	0.144849	0.576247	0.261664	0.0137295	0.000174079	5.00503e-06	2.32276e-07	4.52824e-09	8.40099e-11	1.65459e-13	4.45134e-16	5.55178e-19	2.72525e-21	3.72504e-24	3.22241e-26	1.60365e-29	5.76976e-32	1.21257e-35	9.48466e-39	1.15293e-42	3.5926e-46	2.49783e-50	4.65819e-54	2.68656e-58	9.39934e-62	2.03103e-64	
N66	5.09493e-37	4.8798e-30	3.72702e-25	4.08849e-22	2.92916e-19	3.6273e-16	3.60271e-15	2.15394e-12	3.25415e-10	4.78936e-09	2.33331e-07	2.61522e-05	6.97215e-05	0.000135963	0.00417197	0.110779	0.542556	0.325354	0.0167159	0.000190441	8.07099e-07	2.44241e-09	1.54545e-11	2.57784e-13	9.57345e-16	2.9303e-18	6.24186e-21	4.31812e-24	3.44921e-27	8.94147e-30	5.83804e-33	2.21402e-35	7.03427e-39	1.21253e-41	2.09172e-45	1.35509e-48	1.47199e-52	4.06022e-56	2.85219e-60	4.80135e-64	1.09032e-67	
N67	1.7269e-36	1.81283e-29	1.41482e-24	2.24703e-21	1.99225e-18	2.9156e-15	3.02605e-14	1.28183e-11	1.52876e-09	2.63026e-08	1.40141e-06	0.000202372	0.00067263	0.001229	0.0224994	0.212745	0.539554	0.218277	0.0047949	2.34716e-05	4.26216e-08	3.8794e-11	3.90685e-14	5.43169e-16	2.9334e-18	8.72154e-21	3.11669e-23	1.46275e-26	1.19425e-29	7.73019e-33	2.58434e-36	1.48294e-38	4.53501e-42	1.90614e-44	2.60384e-48	4.72868e-51	3.67311e-55	1.86475e-58	9.93447e-63	2.25609e-66	2.39713e-70	
N68	1.84565e-39	5.02396e-32	3.00108e-27	4.74376e-23	1.80827e-20	1.90645e-17	3.75964e-16	3.73767e-12	7.40565e-09	4.08462e-09	2.23403e-08	1.88296e-06	1.0928e-06	5.40127e-07	0.000106533	0.0118121	0.264224	0.688522	0.035002	0.000325167	4.21565e-06	4.19801e-08	3.14547e-10	2.07692e-12	2.62678e-15	6.88663e-18	5.8032e-21	1.91443e-23	7.81786e-27	2.34602e-29	4.98581e-33	7.18916e-36	8.80711e-40	5.41264e-43	4.13693e-47	1.04672e-50	5.04648e-55	6.44533e-59	2.2985e-63	3.03417e-67	2.07296e-70	
Triowe	0	0	0	0	0	0	0	0	0	0	0	0	0	0	0	0	0	1	0	0	0	0	0	0	0	0	0	0	0	0	0	0	0	0	0	0	0	0	0	0	0	
N69	3.52285e-40	4.92506e-33	2.55654e-28	4.29222e-24	2.76334e-21	1.89953e-18	1.53858e-16	4.84591e-13	2.73888e-10	2.80952e-10	1.09049e-09	5.19337e-08	3.23139e-08	6.02763e-08	2.00583e-05	0.00455416	0.192272	0.756388	0.046306	0.000457362	2.01405e-06	7.97497e-09	5.60238e-11	2.79621e-12	2.09668e-14	1.21014e-16	6.03737e-19	3.36169e-22	5.04134e-25	2.48975e-27	1.23943e-30	2.99632e-32	6.48614e-36	8.26197e-38	8.71322e-42	4.01728e-44	2.66447e-48	2.75632e-51	1.32705e-55	6.10224e-59	1.60856e-62	
Trijoh	0	0	0	0	0	0	0	0	0	0	0	0	0	0	0	0	0	1	0	0	0	0	0	0	0	0	0	0	0	0	0	0	0	0	0	0	0	0	0	0	0	
Trimel	0	0	0	0	0	0	0	0	0	0	0	0	0	0	0	0	0	1	0	0	0	0	0	0	0	0	0	0	0	0	0	0	0	0	0	0	0	0	0	0	0	
N70	7.07621e-35	1.03705e-27	3.82369e-22	2.76193e-20	5.39329e-17	9.02536e-13	7.63812e-13	1.38762e-10	3.45788e-10	3.62958e-07	0.000908521	0.414527	0.476129	0.101294	0.00695224	0.000186617	2.03857e-06	8.23378e-09	9.14746e-12	4.39027e-15	1.13209e-18	1.79473e-22	2.23589e-26	1.06695e-29	7.56032e-33	4.25953e-36	2.53801e-39	3.51359e-43	4.914e-47	5.8876e-51	3.89503e-55	1.4319e-58	1.45824e-62	6.16923e-66	3.96339e-70	8.74692e-74	2.98834e-78	2.08374e-82	4.34741e-87	1.65556e-91	5.109e-96	
N71	1.48994e-36	2.83092e-29	1.17754e-23	2.00237e-21	7.40061e-18	1.34922e-13	4.56582e-13	1.10736e-10	7.31466e-10	1.07905e-06	0.00235183	0.660787	0.316853	0.0196999	0.000305742	1.54493e-06	2.85875e-09	2.04563e-12	6.7619e-16	3.15494e-19	1.04218e-21	7.25591e-25	7.56075e-28	9.17624e-31	1.49126e-34	4.94939e-37	4.56339e-41	1.68603e-43	8.13934e-48	1.85982e-50	5.84103e-55	6.67914e-58	1.48627e-62	7.92614e-66	1.30867e-70	3.04784e-74	3.74604e-79	4.01307e-83	1.19984e-87	1.02718e-91	9.1606e-95	
Trihoe	0	0	0	0	0	0	0	0	0	0	0	1	0	0	0	0	0	0	0	0	0	0	0	0	0	0	0	0	0	0	0	0	0	0	0	0	0	0	0	0	0	
Tribit	0	0	0	0	0	0	0	0	0	0	0	1	0	0	0	0	0	0	0	0	0	0	0	0	0	0	0	0	0	0	0	0	0	0	0	0	0	0	0	0	0	
Trijac	0	0	0	0	0	0	0	0	0	0	0	1	0	0	0	0	0	0	0	0	0	0	0	0	0	0	0	0	0	0	0	0	0	0	0	0	0	0	0	0	0	
N72	2.57867e-37	2.91451e-30	8.98598e-26	6.71242e-22	1.46222e-19	7.7128e-17	1.11009e-15	4.44781e-12	4.00427e-09	1.67722e-09	5.02217e-09	2.83316e-07	1.48051e-07	1.01093e-07	2.43843e-05	0.00425038	0.162808	0.765928	0.0659784	0.00100441	5.4304e-06	2.27032e-08	1.75879e-10	2.00061e-12	6.0513e-15	1.59049e-17	2.62368e-20	2.58853e-23	1.99839e-26	4.9805e-29	2.90203e-32	5.9353e-35	1.92916e-38	1.84171e-41	3.41683e-45	1.3339e-48	1.49784e-52	2.94423e-56	2.0922e-60	2.86623e-64	7.26542e-68	
Tricri	0	0	0	0	0	0	0	0	0	0	0	0	0	0	0	0	0	1	0	0	0	0	0	0	0	0	0	0	0	0	0	0	0	0	0	0	0	0	0	0	0	
N73	1.04217e-39	1.29344e-32	5.35692e-28	5.87794e-24	2.33615e-21	1.3688e-18	4.65296e-17	1.26436e-13	6.57146e-11	2.92454e-11	7.52005e-11	4.1176e-09	2.62374e-09	5.31414e-09	2.63852e-06	0.00106999	0.0951175	0.838276	0.0647936	0.000737904	2.54579e-06	4.02463e-09	8.12996e-12	2.38192e-13	1.96852e-15	8.67684e-18	4.6816e-20	2.6727e-23	3.11183e-26	2.93791e-29	1.2622e-32	1.26568e-34	4.05781e-38	2.76117e-40	3.90777e-44	1.1379e-46	8.98952e-51	6.48416e-54	3.55362e-58	1.10915e-61	1.36731e-65	
Triwie	0	0	0	0	0	0	0	0	0	0	0	0	0	0	0	0	0	1	0	0	0	0	0	0	0	0	0	0	0	0	0	0	0	0	0	0	0	0	0	0	0	
Triqua	0	0	0	0	0	0	0	0	0	0	0	0	0	0	0	0	0	1	0	0	0	0	0	0	0	0	0	0	0	0	0	0	0	0	0	0	0	0	0	0	0	
N74	4.4553e-37	8.62829e-31	1.09394e-26	7.4254e-23	2.58307e-20	4.46935e-18	7.60134e-16	7.25248e-13	1.47795e-10	1.12675e-09	8.00408e-09	1.53619e-07	9.78572e-07	1.69691e-05	0.001592	0.0670368	0.447232	0.421777	0.0600246	0.00227841	3.96688e-05	1.74123e-06	1.42351e-07	2.069e-08	3.42195e-10	6.30112e-12	5.90077e-14	2.52796e-16	1.36632e-18	6.24967e-20	2.1055e-22	7.92984e-24	9.97572e-27	1.35284e-28	9.71327e-32	4.02639e-34	1.89797e-37	3.26962e-40	1.05933e-43	1.19803e-46	4.79473e-49	
N75	2.94818e-35	6.62666e-29	6.80022e-25	2.65307e-21	4.58081e-19	8.43558e-17	3.10236e-15	4.13587e-12	1.42799e-09	2.15925e-09	7.72412e-09	2.65162e-07	3.50117e-07	7.61302e-07	8.98977e-05	0.00780581	0.181741	0.687677	0.118212	0.00441145	6.02654e-05	4.33856e-07	3.349e-09	5.99238e-11	5.00991e-13	3.38617e-15	1.70162e-17	3.96594e-20	7.95611e-23	2.97799e-25	4.68304e-28	2.18341e-30	2.38967e-33	6.19394e-36	4.03487e-39	4.93483e-42	2.01503e-45	1.30353e-48	3.46752e-52	1.50239e-55	8.31711e-59	
Kinboe	0	0	0	0	0	0	0	0	0	0	0	0	0	0	0	0	0	1	0	0	0	0	0	0	0	0	0	0	0	0	0	0	0	0	0	0	0	0	0	0	0	
Kinfis	0	0	0	0	0	0	0	0	0	0	0	0	0	0	0	0	0	1	0	0	0	0	0	0	0	0	0	0	0	0	0	0	0	0	0	0	0	0	0	0	0	
Kinxen	0	0	0	0	0	0	0	0	0	0	0	0	0	0	0	0	0	1	0	0	0	0	0	0	0	0	0	0	0	0	0	0	0	0	0	0	0	0	0	0	0	
N76	5.84271e-41	3.44796e-34	9.62355e-31	1.14594e-27	8.09817e-26	3.30679e-22	1.02923e-18	6.71172e-16	3.29772e-14	3.01337e-12	4.87765e-10	5.52297e-08	6.09014e-06	0.00126549	0.0748105	0.57525	0.336979	0.0116004	8.84686e-05	2.15126e-07	2.26065e-10	2.67688e-12	6.18351e-14	3.15801e-14	1.44532e-15	3.91216e-17	3.08638e-19	1.92397e-22	7.27294e-25	2.47511e-26	2.73729e-29	2.9931e-30	4.01241e-34	1.40643e-35	4.54569e-40	1.55947e-42	7.09425e-47	1.16108e-48	1.04723e-51	1.23466e-53	9.59374e-55	
N77	8.19282e-32	8.46093e-26	2.86917e-21	7.11553e-19	9.21791e-16	9.98954e-13	1.50102e-11	4.19163e-10	1.34279e-08	3.19028e-06	0.00067515	0.0385065	0.246407	0.415208	0.24271	0.0526067	0.00381293	7.05948e-05	5.48099e-07	2.24566e-09	5.72796e-12	1.5273e-14	1.37329e-16	3.04684e-18	2.02334e-20	1.07101e-22	3.66012e-25	5.5305e-28	9.42596e-31	5.8481e-33	1.15548e-35	1.01893e-37	1.21524e-40	5.49364e-43	3.46719e-46	4.94186e-49	1.95126e-52	1.48124e-55	3.95405e-59	2.22368e-62	2.59823e-65	
N78	2.42242e-33	6.14105e-26	3.60622e-20	1.98107e-18	3.79248e-15	6.3795e-11	3.52298e-11	3.0556e-09	5.29049e-09	2.95998e-06	0.00346703	0.590931	0.373057	0.0318474	0.000689303	4.82369e-06	1.23841e-08	1.3298e-11	7.12266e-15	2.36877e-18	1.05782e-21	5.69447e-25	3.43369e-28	2.11694e-31	4.4805e-35	1.55772e-38	2.68429e-42	1.03477e-45	1.16853e-49	3.95465e-53	2.82847e-57	5.38583e-61	2.46845e-65	2.43534e-69	7.25565e-74	3.85392e-78	7.41122e-83	2.44591e-87	3.5376e-92	1.29494e-96	1.42312e-100	
N79	1.55825e-36	1.07384e-28	1.70292e-22	1.32357e-20	4.2826e-17	3.01822e-12	1.12659e-12	5.34913e-10	5.01685e-10	6.17943e-07	0.00221826	0.888474	0.108276	0.00102962	1.93292e-06	1.14864e-09	3.23144e-13	2.92481e-16	1.86002e-19	1.19413e-22	4.84013e-26	9.51204e-30	1.82781e-33	1.93423e-36	1.12407e-40	7.08145e-44	1.9339e-48	4.35511e-52	7.25169e-57	6.49019e-61	7.08741e-66	3.03889e-70	2.31829e-75	5.99038e-80	5.01994e-85	6.51757e-89	3.75424e-94	1.78801e-98	4.8823e-103	8.13575e-108	5.16055e-112	
N80	4.65633e-36	8.43728e-29	3.25019e-23	5.56274e-21	1.81066e-17	2.53848e-13	9.1498e-13	2.03124e-10	1.60621e-09	2.30522e-06	0.00436976	0.923157	0.072058	0.000412167	5.48136e-07	3.45621e-10	1.19416e-12	4.84455e-14	4.31468e-17	9.49741e-20	4.67666e-23	1.3937e-25	1.06889e-28	1.72974e-30	1.22336e-34	4.25437e-37	1.79502e-41	1.30215e-44	3.7587e-49	1.08534e-52	2.19028e-57	4.3752e-61	4.2078e-65	1.11129e-68	1.70209e-72	6.35616e-75	7.56175e-80	1.79916e-83	3.12818e-87	2.33488e-91	1.41878e-94	
Chaafr	0	0	0	0	0	0	0	0	0	0	0	1	0	0	0	0	0	0	0	0	0	0	0	0	0	0	0	0	0	0	0	0	0	0	0	0	0	0	0	0	0	
Chacha	0	0	0	0	0	0	0	0	0	0	0	1	0	0	0	0	0	0	0	0	0	0	0	0	0	0	0	0	0	0	0	0	0	0	0	0	0	0	0	0	0	
N81	7.44607e-36	1.44285e-28	6.46942e-23	1.03701e-20	4.0312e-17	8.48363e-13	2.0603e-12	4.71979e-10	1.95772e-09	2.37093e-06	0.00446721	0.938884	0.0563774	0.000268926	3.17836e-07	1.9135e-10	5.87724e-13	1.33994e-14	9.64262e-18	1.52688e-20	6.34706e-24	1.57783e-26	1.03323e-29	8.80972e-32	6.61406e-36	1.21706e-38	5.43049e-43	2.23139e-46	6.5374e-51	1.22695e-54	2.4262e-59	3.5641e-63	3.02653e-67	6.59005e-71	8.06574e-75	1.57278e-77	2.00428e-82	2.83076e-86	3.32839e-90	2.10911e-94	9.06867e-98	
Chacaly	0	0	0	0	0	0	0	0	0	0	0	1	0	0	0	0	0	0	0	0	0	0	0	0	0	0	0	0	0	0	0	0	0	0	0	0	0	0	0	0	0	
Chazey	0	0	0	0	0	0	0	0	0	0	0	1	0	0	0	0	0	0	0	0	0	0	0	0	0	0	0	0	0	0	0	0	0	0	0	0	0	0	0	0	0	
N82	1.12212e-32	5.15137e-26	5.44661e-21	1.09732e-18	1.80612e-15	3.20371e-12	1.41805e-11	8.00518e-10	2.09327e-08	1.50118e-05	0.00865688	0.651928	0.321041	0.0181222	0.000236041	1.00261e-06	1.91253e-09	2.53362e-11	1.45859e-13	1.1274e-15	5.32435e-18	1.05903e-20	2.46967e-23	7.78893e-25	2.42339e-28	4.66343e-30	7.66711e-34	5.56706e-36	6.13611e-40	1.77803e-42	1.44041e-46	1.80533e-49	1.16108e-53	7.19641e-57	6.03649e-61	3.33826e-63	1.47047e-67	2.22497e-70	1.45641e-73	3.65328e-77	6.80244e-80	
Chadil	0	0	0	0	0	0	0	0	0	0	0	1	0	0	0	0	0	0	0	0	0	0	0	0	0	0	0	0	0	0	0	0	0	0	0	0	0	0	0	0	0	
Chasen	0	0	0	0	0	0	0	0	0	0	0	1	0	0	0	0	0	0	0	0	0	0	0	0	0	0	0	0	0	0	0	0	0	0	0	0	0	0	0	0	0	
Chanam	0	0	0	0	0	0	0	0	0	0	0	1	0	0	0	0	0	0	0	0	0	0	0	0	0	0	0	0	0	0	0	0	0	0	0	0	0	0	0	0	0	
N83	2.0641e-35	7.11658e-31	2.81072e-28	7.18281e-26	1.037e-24	3.22558e-22	7.20233e-19	5.17767e-16	7.94828e-14	8.88163e-12	6.90025e-10	6.28171e-08	8.03462e-06	0.00145494	0.0779854	0.569292	0.334785	0.0161354	0.000334609	3.01608e-06	8.48097e-07	7.52446e-07	1.73194e-07	4.47315e-07	7.28216e-08	3.33676e-08	1.25888e-09	4.42514e-10	9.20365e-12	9.34285e-11	4.17572e-13	1.71055e-12	1.75211e-15	1.38774e-15	6.49256e-19	3.29918e-20	9.51478e-24	1.02245e-25	7.23177e-29	1.83033e-31	1.20909e-31	
Riebrev	0	0	0	0	0	0	0	0	0	0	0	0	0	0	0	0	0	0	0	0	0	0	0	0	0	0	0	0	0	0	1	0	0	0	0	0	0	0	0	0	0	
N84	1.325e-37	4.52871e-30	1.08735e-26	2.46247e-21	1.18547e-20	1.69062e-18	8.3101e-16	1.14045e-11	1.53154e-10	2.49021e-11	2.92624e-08	6.63154e-09	1.85631e-10	3.65725e-08	4.70944e-05	0.0170545	0.964194	0.0186368	6.78757e-05	8.90422e-08	6.59343e-11	4.04912e-14	2.74246e-17	1.75516e-20	5.41435e-24	1.51554e-27	2.96384e-31	6.36592e-35	9.92422e-39	1.74872e-42	1.72959e-46	1.5764e-50	3.24973e-50	1.80476e-51	1.3299e-53	2.23116e-54	1.17515e-56	6.10261e-59	2.62047e-61	1.54986e-61	2.56536e-60	
N85	4.22068e-48	3.13896e-39	3.66977e-35	1.36485e-28	2.58966e-27	2.52599e-24	4.70096e-21	5.02267e-16	1.0154e-14	5.74255e-16	6.99413e-12	4.56035e-13	5.08428e-15	9.84067e-12	2.96565e-07	0.00188649	0.9937	0.00441146	1.78419e-06	1.76891e-10	6.75548e-15	5.37291e-19	1.86098e-22	2.97262e-25	1.02492e-28	1.45983e-30	1.46043e-32	3.22031e-35	3.0114e-37	1.99729e-38	1.21303e-40	3.96695e-41	1.08077e-43	2.33552e-44	2.14518e-47	5.88338e-49	4.40672e-52	5.01142e-54	3.47192e-57	2.20462e-59	3.01894e-61	
N86	3.81328e-45	1.81748e-38	6.83708e-36	2.22005e-31	8.80058e-31	1.60706e-27	1.08109e-23	1.00385e-18	2.32445e-17	3.69064e-18	2.89114e-14	1.78403e-15	3.71e-16	3.27142e-12	1.41879e-07	0.00134087	0.995023	0.00363536	1.09548e-06	7.94051e-11	2.16415e-15	1.03287e-18	1.97548e-21	6.27093e-23	2.00377e-25	7.45216e-29	3.22466e-33	1.67475e-38	1.30996e-42	3.93229e-46	2.02443e-50	1.48719e-51	8.75661e-51	5.4381e-50	1.78319e-53	1.57053e-53	4.65597e-57	7.58063e-59	4.87451e-62	2.45737e-62	8.39952e-61	
Braset	0	0	0	0	0	0	0	0	0	0	0	0	0	0	0	0	1	0	0	0	0	0	0	0	0	0	0	0	0	0	0	0	0	0	0	0	0	0	0	0	0	
N87	2.28468e-53	6.46852e-45	1.56917e-40	2.27412e-34	1.04638e-32	8.19656e-30	2.46306e-26	9.04207e-22	2.75319e-20	4.22925e-20	5.30833e-16	3.09391e-15	3.2228e-15	1.59252e-11	3.27515e-07	0.00172481	0.994525	0.00374811	1.69611e-06	2.21913e-10	1.23026e-14	5.8326e-18	1.84972e-20	3.73223e-22	1.47356e-24	6.69064e-28	3.46833e-32	4.28804e-37	2.49067e-41	1.10499e-44	1.30678e-48	6.62717e-51	3.93136e-55	1.10104e-57	4.74358e-63	3.36505e-67	9.46447e-73	2.73384e-77	1.3038e-82	1.53003e-87	7.53114e-91	
N88	4.76386e-56	8.76545e-47	1.59673e-42	1.81573e-35	6.03607e-34	5.80969e-31	4.40832e-27	2.13188e-21	1.70483e-19	2.37943e-19	2.39952e-14	5.86631e-15	1.48019e-16	4.25719e-13	2.87719e-08	0.000506224	0.998615	0.000878805	1.01372e-07	3.57803e-12	5.60897e-17	2.09544e-21	5.75636e-25	4.2992e-28	7.34314e-32	3.2347e-36	3.11748e-41	9.09044e-47	4.62146e-52	1.727e-56	1.54516e-61	1.74301e-65	8.49476e-71	3.63935e-75	2.1536e-81	3.55825e-87	7.27621e-94	4.02043e-100	3.48583e-107	5.01707e-114	1.85351e-120	
Bramel	0	0	0	0	0	0	0	0	0	0	0	0	0	0	0	0	1	0	0	0	0	0	0	0	0	0	0	0	0	0	0	0	0	0	0	0	0	0	0	0	0	
Bratha	0	0	0	0	0	0	0	0	0	0	0	0	0	0	0	0	1	0	0	0	0	0	0	0	0	0	0	0	0	0	0	0	0	0	0	0	0	0	0	0	0	
N89	3.54878e-55	1.82165e-46	4.60021e-42	1.57933e-35	9.25634e-34	1.16957e-30	8.95487e-27	1.79243e-21	2.10919e-19	5.9685e-19	1.37136e-14	2.13483e-14	4.68225e-15	1.4603e-11	3.03606e-07	0.00164353	0.995409	0.00294606	1.13361e-06	1.32514e-10	6.83855e-15	1.32442e-18	1.93566e-21	1.00185e-23	1.14738e-26	2.59102e-30	1.01079e-34	1.1562e-39	3.25089e-44	7.97151e-48	4.77333e-52	5.83084e-55	2.14307e-59	1.29819e-62	5.61408e-68	1.28511e-72	3.09737e-78	3.81155e-83	9.8212e-89	7.52871e-94	8.42415e-98	
Bradra	0	0	0	0	0	0	0	0	0	0	0	0	0	0	0	0	1	0	0	0	0	0	0	0	0	0	0	0	0	0	0	0	0	0	0	0	0	0	0	0	0	
Bratra	0	0	0	0	0	0	0	0	0	0	0	0	0	0	0	0	1	0	0	0	0	0	0	0	0	0	0	0	0	0	0	0	0	0	0	0	0	0	0	0	0	
N90	5.6446e-49	8.60826e-41	6.59026e-37	5.60281e-31	8.38025e-30	2.44301e-27	4.23556e-24	2.09374e-19	9.46742e-18	1.4546e-17	1.80597e-13	2.01234e-13	3.29783e-14	6.62864e-11	8.25131e-07	0.00268834	0.992656	0.00465146	2.88469e-06	5.48352e-10	4.64584e-14	8.76929e-18	1.22968e-20	4.66107e-23	4.18057e-26	1.04447e-29	6.22347e-34	1.18495e-38	4.00154e-43	1.02096e-46	6.86651e-51	6.0081e-54	2.68336e-58	1.11595e-61	8.33611e-67	1.99008e-71	7.73084e-77	1.0429e-81	3.39034e-87	3.4341e-92	2.7033e-96	
Bragut	0	0	0	0	0	0	0	0	0	0	0	0	0	0	0	0	1	0	0	0	0	0	0	0	0	0	0	0	0	0	0	0	0	0	0	0	0	0	0	0	0	
Braven	0	0	0	0	0	0	0	0	0	0	0	0	0	0	0	0	1	0	0	0	0	0	0	0	0	0	0	0	0	0	0	0	0	0	0	0	0	0	0	0	0	
N91	2.49649e-42	1.11792e-34	8.80803e-31	2.22285e-25	4.42181e-24	1.03905e-21	1.12487e-18	9.37051e-15	1.40706e-13	8.71901e-14	4.08181e-11	8.09344e-12	3.24045e-12	3.8945e-09	1.24706e-05	0.0103338	0.972903	0.0167118	3.84767e-05	2.69688e-08	8.39738e-12	5.51379e-15	2.15123e-17	2.42491e-19	5.59358e-22	4.72811e-25	1.12662e-28	8.03343e-33	1.16561e-36	1.23931e-39	2.62887e-43	7.72171e-46	8.50031e-50	1.3493e-52	3.48717e-57	4.49959e-61	7.12182e-66	4.59152e-70	5.72187e-75	2.55647e-79	6.4363e-83	
Brapum	0	0	0	0	0	0	0	0	0	0	0	0	0	0	0	0	1	0	0	0	0	0	0	0	0	0	0	0	0	0	0	0	0	0	0	0	0	0	0	0	0	
Bradam	0	0	0	0	0	0	0	0	0	0	0	0	0	0	0	0	1	0	0	0	0	0	0	0	0	0	0	0	0	0	0	0	0	0	0	0	0	0	0	0	0	
