NODE	1	2	3	4	5	6	7	8	9	10	11	12	13	14	15	16	17	18	19	20	21	22	23	24	25	26	27	28	29	30	31	32	33	34	35	36	37	38	39	40	41	
N1	1.19355e-28	8.82748e-26	2.54762e-23	9.49505e-21	1.97644e-19	7.75369e-20	1.25955e-17	1.94014e-15	7.18387e-14	4.84715e-14	2.93282e-15	1.29948e-16	2.17378e-16	1.74437e-14	1.05942e-12	0.0797062	0.422687	0.497607	4.72126e-11	4.92738e-12	2.22471e-13	5.25082e-15	7.3542e-17	6.67663e-19	4.18978e-21	1.90759e-23	6.54348e-26	1.74266e-28	3.69243e-31	6.35182e-34	9.023e-37	1.07386e-39	1.08413e-42	9.38492e-46	7.03214e-49	4.59891e-52	2.6444e-55	1.3457e-58	6.09634e-62	2.47166e-65	9.17773e-69	
N2	1.48096e-30	5.76679e-28	1.69819e-25	3.05937e-23	1.48134e-21	5.00922e-20	3.45445e-17	2.48713e-14	7.42429e-12	2.14774e-10	1.14445e-09	2.79956e-09	1.34825e-08	2.0935e-06	0.000433637	0.0325431	0.293804	0.554935	0.11317	0.00503567	7.63804e-05	5.11369e-07	1.88409e-09	2.14394e-10	1.35382e-11	1.11989e-11	4.28037e-13	1.78825e-13	4.50264e-15	9.73103e-16	1.61309e-17	1.67357e-18	3.86056e-21	2.00375e-22	2.22688e-25	6.04078e-27	3.33766e-30	2.22416e-32	6.85869e-36	4.95694e-38	8.76616e-40	
N3	6.96792e-35	1.03321e-30	5.13338e-27	4.19009e-23	1.75541e-20	2.65315e-20	8.22621e-17	2.81456e-13	2.81471e-10	8.10398e-10	1.2781e-10	7.07817e-12	4.02633e-12	4.06769e-09	3.19288e-06	0.000890947	0.0613756	0.623277	0.297494	0.0167397	0.000218121	9.70087e-07	1.90011e-09	5.44899e-12	2.96585e-14	8.37175e-16	3.33421e-18	4.48413e-20	1.01757e-22	6.83859e-25	8.72078e-28	3.03363e-30	1.77993e-33	3.46721e-36	9.61798e-40	1.05592e-42	1.46122e-46	8.4426e-50	6.97396e-54	2.90994e-57	7.07964e-61	
N4	5.81897e-35	4.55873e-31	1.86237e-27	7.5813e-24	2.94841e-21	5.8747e-20	6.7953e-17	5.3978e-14	8.73401e-12	1.70853e-11	2.44547e-12	5.95576e-13	6.58553e-12	5.34873e-09	3.50532e-06	0.000878109	0.0587716	0.594518	0.322715	0.0227222	0.000388642	2.30791e-06	5.94745e-09	7.98518e-12	8.06839e-15	5.84319e-16	8.11968e-18	1.64537e-18	1.34429e-20	1.45537e-21	6.54388e-24	4.08882e-25	8.5097e-28	3.31795e-29	2.42476e-32	5.98624e-34	1.14874e-37	1.19976e-39	1.26258e-43	5.39995e-46	1.37956e-49	
B3088	0	0	0	0	0	0	0	0	0	0	0	0	0	0	0	0	0	1	0	0	0	0	0	0	0	0	0	0	0	0	0	0	0	0	0	0	0	0	0	0	0	
N5	8.66963e-32	1.03223e-28	1.07305e-25	7.21621e-23	8.61419e-21	7.2953e-19	1.99416e-16	2.99951e-14	1.10605e-12	2.71365e-12	6.05468e-12	1.75541e-11	2.01589e-10	5.23551e-08	1.45873e-05	0.00180219	0.0722341	0.568987	0.326578	0.0296072	0.000768912	7.91234e-06	3.92722e-08	1.07367e-10	1.89312e-13	1.13103e-14	3.68375e-16	1.71212e-16	3.70354e-18	9.8932e-19	1.36518e-20	2.19626e-21	1.66922e-23	1.71211e-24	5.1242e-27	3.47801e-28	2.6866e-31	8.7218e-33	3.58483e-36	4.93585e-38	4.56377e-41	
BGA709	0	0	0	0	0	0	0	0	0	0	0	0	0	0	0	0	0	1	0	0	0	0	0	0	0	0	0	0	0	0	0	0	0	0	0	0	0	0	0	0	0	
BGA309	0	0	0	0	0	0	0	0	0	0	0	0	0	0	0	0	0	1	0	0	0	0	0	0	0	0	0	0	0	0	0	0	0	0	0	0	0	0	0	0	0	
N6	2.75996e-35	3.2553e-31	1.26107e-27	7.12905e-24	7.59943e-22	2.53603e-21	5.94631e-18	8.85624e-15	4.11071e-12	2.54803e-12	4.38055e-13	4.24865e-14	4.11457e-14	8.78174e-11	1.5213e-07	0.000107087	0.0221543	0.706728	0.262756	0.00819712	5.71296e-05	1.37651e-07	1.46599e-10	8.18029e-14	3.19192e-17	2.52795e-19	7.86597e-22	1.54577e-23	3.06102e-26	3.24244e-28	4.14475e-31	2.45002e-33	1.87429e-36	6.37216e-39	2.29592e-42	4.65859e-45	6.13124e-49	6.44274e-52	4.39027e-56	2.33553e-59	2.50655e-63	
N7	1.19218e-32	2.29319e-29	2.71297e-26	2.81071e-23	1.30982e-21	4.14487e-20	4.57447e-17	3.89131e-14	1.1902e-11	2.73222e-11	1.65404e-11	5.17375e-12	9.44473e-12	5.04623e-09	2.80425e-06	0.000685956	0.054255	0.739609	0.197582	0.00777554	9.00692e-05	4.29435e-07	1.02337e-09	1.399e-12	1.3781e-15	1.87864e-17	1.43891e-19	6.41026e-21	3.41931e-23	8.8824e-25	3.38638e-27	5.23022e-29	1.43012e-31	1.2967e-33	2.22173e-36	1.11433e-38	5.82802e-42	1.43888e-44	3.96122e-48	5.30791e-51	2.24436e-54	
B11696	0	0	0	0	0	0	0	0	0	0	0	0	0	0	0	0	0	1	0	0	0	0	0	0	0	0	0	0	0	0	0	0	0	0	0	0	0	0	0	0	0	
B11609	0	0	0	0	0	0	0	0	0	0	0	0	0	0	0	0	0	1	0	0	0	0	0	0	0	0	0	0	0	0	0	0	0	0	0	0	0	0	0	0	0	
N8	2.00952e-42	1.59846e-37	1.96387e-33	7.96879e-29	3.65543e-26	4.89663e-26	6.87754e-22	6.54274e-18	1.39527e-14	2.93114e-15	1.39627e-16	8.40411e-18	2.77966e-17	4.22055e-13	3.81241e-09	1.23955e-05	0.0096718	0.755496	0.231197	0.00361344	9.27174e-06	6.76683e-09	1.90705e-12	2.51384e-16	1.80795e-20	2.00648e-23	2.39185e-26	4.42977e-28	3.05598e-31	2.89631e-32	2.11784e-32	2.42064e-32	7.77991e-34	4.24274e-34	5.72599e-36	2.32614e-36	8.75475e-39	1.97469e-39	4.13625e-42	4.28106e-43	2.18095e-45	
N9	1.37735e-36	1.02074e-33	2.98561e-31	1.27131e-28	1.27888e-27	4.81001e-27	5.38782e-23	3.30251e-19	3.57785e-16	7.81199e-17	5.38313e-18	2.10774e-18	3.16945e-17	4.20432e-13	3.6997e-09	1.19724e-05	0.00952802	0.76539	0.221874	0.00318905	7.59422e-06	5.25129e-09	1.43172e-12	1.85865e-16	1.30864e-20	1.97722e-23	6.84498e-26	1.17658e-26	2.48489e-29	2.30366e-30	2.75271e-33	1.49592e-34	8.27639e-38	2.88214e-39	4.57864e-43	1.09597e-44	2.08329e-49	2.15366e-51	1.92366e-56	5.57216e-59	1.60464e-63	
N10	2.88762e-39	1.36909e-35	3.97545e-32	1.05888e-28	1.4932e-26	1.31747e-24	3.81568e-21	8.06017e-18	5.84635e-15	3.72386e-14	5.87764e-14	4.74678e-14	2.55139e-13	3.10102e-10	3.65662e-07	0.000186895	0.029996	0.767754	0.197054	0.00497586	3.28173e-05	8.41744e-08	1.0431e-10	7.1707e-14	3.17427e-17	4.44956e-19	3.92018e-21	4.97891e-22	2.98658e-24	2.1764e-25	9.29832e-28	3.95535e-29	1.21452e-31	2.9795e-33	5.41525e-36	7.58785e-38	1.89035e-41	1.08992e-43	1.35991e-47	2.60667e-50	6.41398e-54	
B985	0	0	0	0	0	0	0	0	0	0	0	0	0	0	0	0	0	1	0	0	0	0	0	0	0	0	0	0	0	0	0	0	0	0	0	0	0	0	0	0	0	
N11	8.6425e-39	1.88374e-34	1.43788e-30	1.69774e-26	1.40267e-24	2.11748e-23	1.731e-19	8.9348e-16	1.66095e-12	6.85678e-13	8.82112e-14	5.68705e-15	2.52834e-15	8.15009e-12	2.60303e-08	3.55596e-05	0.0149783	0.930306	0.0542822	0.000397412	8.17334e-07	6.77796e-10	2.77764e-13	6.47885e-17	1.08995e-20	3.02637e-23	4.26696e-26	3.77106e-28	3.65997e-31	1.87022e-33	1.28184e-36	3.86129e-39	1.84665e-42	3.25225e-45	9.2324e-49	9.20426e-52	7.61019e-56	3.64074e-59	1.58606e-63	3.97234e-67	2.69471e-71	
B199	0	0	0	0	0	0	0	0	0	0	0	0	0	0	0	0	0	1	0	0	0	0	0	0	0	0	0	0	0	0	0	0	0	0	0	0	0	0	0	0	0	
B11604	0	0	0	0	0	0	0	0	0	0	0	0	0	0	0	0	0	1	0	0	0	0	0	0	0	0	0	0	0	0	0	0	0	0	0	0	0	0	0	0	0	
N12	1.63047e-40	3.57406e-36	2.86978e-32	3.56497e-28	6.38256e-26	1.10177e-24	8.90112e-21	4.90321e-17	9.00954e-14	1.07478e-13	2.85407e-14	3.81001e-15	1.04911e-14	3.19512e-11	7.52714e-08	7.32887e-05	0.0209277	0.831842	0.14482	0.00232757	9.06974e-06	1.30351e-08	8.70677e-12	3.14146e-15	7.4251e-19	3.60664e-21	9.97633e-24	2.41742e-25	4.43153e-28	6.00634e-30	7.64191e-33	5.92946e-35	5.34568e-38	2.34312e-40	1.30743e-43	3.05854e-46	3.45995e-50	3.55292e-53	1.95993e-57	8.25471e-61	7.4294e-65	
BGA89	0	0	0	0	0	0	0	0	0	0	0	0	0	0	0	0	0	1	0	0	0	0	0	0	0	0	0	0	0	0	0	0	0	0	0	0	0	0	0	0	0	
N13	1.32169e-39	1.72037e-35	1.07441e-31	6.21784e-28	7.9423e-26	3.89688e-24	1.04931e-20	1.49278e-17	5.81054e-15	6.49482e-15	4.54582e-15	2.50981e-15	9.08084e-15	2.40006e-11	6.2431e-08	6.69088e-05	0.0207972	0.863003	0.1147	0.00142799	4.41456e-06	5.12701e-09	2.80671e-12	8.36309e-16	1.56709e-19	1.20413e-21	5.45603e-24	4.54706e-25	1.37721e-27	6.55364e-29	1.32323e-31	3.7371e-33	4.528e-36	7.93658e-38	4.06288e-41	4.67177e-43	3.73691e-47	1.73973e-49	7.50196e-54	1.2647e-56	1.25817e-60	
BGAA2	0	0	0	0	0	0	0	0	0	0	0	0	0	0	0	0	0	1	0	0	0	0	0	0	0	0	0	0	0	0	0	0	0	0	0	0	0	0	0	0	0	
BGA584	0	0	0	0	0	0	0	0	0	0	0	0	0	0	0	0	0	1	0	0	0	0	0	0	0	0	0	0	0	0	0	0	0	0	0	0	0	0	0	0	0	
N14	8.42181e-36	3.59323e-32	9.86566e-29	2.69294e-25	2.68591e-23	1.44538e-21	2.94777e-18	3.96552e-15	1.80567e-12	4.23662e-12	2.65653e-12	8.57152e-13	1.66136e-12	1.30879e-09	1.06423e-06	0.000377998	0.042678	0.782494	0.169603	0.00480725	3.8733e-05	1.26752e-07	2.06104e-10	1.91051e-13	1.2547e-16	1.53945e-18	9.85984e-21	4.52854e-22	2.00522e-24	5.36068e-26	1.70586e-28	2.70443e-30	6.30966e-33	5.83125e-35	8.84138e-38	4.38445e-40	1.60808e-43	3.63941e-46	6.86803e-50	7.51237e-53	2.31045e-56	
BGA304	0	0	0	0	0	0	0	0	0	0	0	0	0	0	0	0	0	1	0	0	0	0	0	0	0	0	0	0	0	0	0	0	0	0	0	0	0	0	0	0	0	
BGAB1	0	0	0	0	0	0	0	0	0	0	0	0	0	0	0	0	0	1	0	0	0	0	0	0	0	0	0	0	0	0	0	0	0	0	0	0	0	0	0	0	0	
PGA445	0	0	0	0	0	0	0	0	0	0	0	0	0	0	0	0	0	1	0	0	0	0	0	0	0	0	0	0	0	0	0	0	0	0	0	0	0	0	0	0	0	
N15	1.1598e-35	3.08774e-31	1.50339e-27	9.68975e-24	2.50434e-22	6.19044e-20	9.71348e-17	8.97931e-13	5.67891e-10	2.32901e-09	2.51566e-09	4.14972e-09	1.72333e-06	0.00031358	0.0188328	0.297721	0.616133	0.0668812	0.000116831	4.31578e-08	5.84224e-12	3.73876e-16	1.31275e-20	5.09363e-25	1.347e-28	8.31401e-31	2.89577e-34	9.71126e-37	2.23843e-40	4.0319e-43	6.14175e-47	8.2309e-50	2.09094e-49	1.00993e-49	7.55183e-52	7.35552e-53	4.75468e-55	6.89821e-56	5.16123e-57	1.21003e-55	5.09829e-55	
N16	1.32351e-29	1.99266e-26	3.27679e-23	3.18712e-20	1.92584e-17	2.26753e-15	2.93802e-13	1.37257e-10	5.44275e-08	9.49309e-06	0.0005699	0.0116216	0.0887122	0.277272	0.370961	0.207665	0.0416802	0.00150284	5.36625e-06	7.45392e-09	5.33022e-12	2.24428e-15	6.04485e-19	1.97233e-22	5.97921e-25	6.75974e-26	3.22541e-28	2.24366e-29	8.02562e-32	2.08072e-32	8.41132e-33	3.76321e-32	1.68109e-32	8.81399e-32	7.02253e-33	1.00116e-32	1.04144e-34	1.45121e-35	6.6491e-38	5.97078e-39	4.25741e-40	
Rhaspe	0	0	0	0	0	0	0	0	0	1	0	0	0	0	0	0	0	0	0	0	0	0	0	0	0	0	0	0	0	0	0	0	0	0	0	0	0	0	0	0	0	
N17	3.4279e-27	2.62643e-24	2.4913e-21	1.66082e-18	6.61678e-16	1.09796e-13	1.60639e-11	3.57581e-09	6.3548e-07	5.5001e-05	0.00190732	0.025439	0.138233	0.32431	0.336242	0.148857	0.0241571	0.000794698	4.51675e-06	1.10494e-08	1.49051e-11	1.41888e-14	4.15117e-17	3.05193e-17	3.54731e-19	2.24455e-19	1.45866e-21	6.8526e-22	2.44769e-24	8.72508e-25	1.63712e-27	4.41848e-28	3.93611e-31	7.5463e-32	2.5801e-35	2.27945e-36	4.43424e-40	8.87145e-42	1.27686e-45	1.46387e-47	2.24489e-49	
Rhamar	0	0	0	0	0	0	0	0	0	1	0	0	0	0	0	0	0	0	0	0	0	0	0	0	0	0	0	0	0	0	0	0	0	0	0	0	0	0	0	0	0	
Rhatem	0	0	0	0	0	0	0	0	0	0	1	0	0	0	0	0	0	0	0	0	0	0	0	0	0	0	0	0	0	0	0	0	0	0	0	0	0	0	0	0	0	
N18	1.52986e-41	4.18625e-36	1.58432e-31	2.07789e-26	6.76896e-26	1.28644e-22	1.06807e-17	2.98857e-13	3.30629e-11	6.77682e-12	1.0971e-12	6.29433e-12	1.06056e-08	1.73245e-05	0.00597411	0.25191	0.66719	0.0746847	0.000224474	9.36695e-08	1.14847e-11	7.82911e-14	7.07397e-17	2.32097e-18	5.31728e-22	8.00854e-24	5.55174e-28	1.52631e-29	6.4489e-31	1.89148e-30	5.98308e-33	3.75826e-33	5.09461e-36	1.9235e-36	1.70143e-39	3.34326e-40	2.01393e-43	8.42224e-45	3.71554e-48	2.22417e-49	1.0855e-49	
N19	1.71288e-36	6.81709e-32	6.67909e-28	4.85104e-24	4.628e-21	7.76578e-20	3.41565e-16	2.31539e-13	7.25668e-11	1.07143e-09	2.20333e-09	2.4451e-09	7.60276e-08	3.86069e-05	0.00546956	0.167132	0.643148	0.180093	0.00410212	1.63088e-05	1.89864e-08	9.00432e-12	3.22252e-15	4.04099e-17	8.50768e-20	1.07023e-21	1.21333e-24	7.0625e-27	4.58021e-30	1.30066e-32	4.17532e-36	6.08385e-39	6.04084e-43	5.6744e-44	2.4593e-46	7.19294e-48	1.59233e-50	2.8637e-52	4.84687e-55	9.18057e-56	2.02049e-55	
N20	1.5832e-29	4.49791e-26	9.6912e-23	2.84741e-20	1.54088e-17	7.11277e-15	2.27823e-13	1.50827e-12	6.29851e-11	3.51355e-09	2.014e-07	1.18686e-05	0.000732502	0.0180691	0.153371	0.438104	0.3464	0.042564	0.000742588	3.95814e-06	9.06375e-09	1.0739e-11	7.40786e-15	3.92085e-18	8.18886e-21	9.83364e-22	6.98697e-24	5.49334e-25	2.78797e-27	1.28755e-28	4.55017e-31	1.23349e-32	2.34136e-35	3.90141e-37	1.98787e-40	1.93417e-42	3.58671e-46	1.22859e-48	1.42622e-52	2.45709e-55	1.26625e-58	
FGA379	0	0	0	0	0	0	0	0	0	0	0	0	0	0	0	0	1	0	0	0	0	0	0	0	0	0	0	0	0	0	0	0	0	0	0	0	0	0	0	0	0	
N21	1.63964e-28	3.61004e-25	6.21247e-22	9.71578e-20	1.15408e-16	6.26354e-14	4.5516e-13	1.31311e-12	2.85797e-10	3.01597e-07	0.00014355	0.019623	0.213317	0.439514	0.266471	0.0566722	0.00417678	8.23101e-05	3.89331e-07	7.25381e-10	6.7764e-13	3.6445e-16	1.2353e-19	3.39182e-23	2.7783e-26	8.85588e-28	2.55705e-30	6.04584e-32	1.27452e-34	1.8978e-36	2.72882e-39	2.59497e-41	2.08092e-44	1.29475e-46	3.79995e-50	1.4557e-52	1.81555e-56	3.88714e-59	1.06649e-62	7.83768e-65	1.44789e-67	
N22	1.24128e-30	2.90786e-26	4.79835e-22	3.70977e-20	3.28004e-16	1.63011e-12	4.79367e-12	3.94497e-12	8.86231e-10	5.01586e-07	0.000558023	0.130779	0.532131	0.308586	0.0273425	0.000598613	3.77012e-06	6.76098e-09	4.12625e-12	1.12343e-15	1.61711e-19	2.0674e-23	8.68205e-27	6.66204e-29	4.03686e-32	1.94368e-34	6.20543e-38	1.53832e-38	1.96763e-39	3.7444e-37	9.1368e-37	3.05387e-37	3.47362e-39	1.96591e-39	1.81794e-39	1.81795e-38	8.59008e-40	7.07017e-41	2.45676e-43	1.63561e-44	1.9812e-45	
N23	1.51937e-33	1.30408e-28	6.54055e-24	8.89569e-22	1.85594e-17	5.88325e-14	3.7186e-14	6.3945e-14	2.1497e-10	1.25369e-06	0.00215893	0.331958	0.573018	0.0909127	0.00194181	8.4867e-06	9.26439e-09	2.78903e-12	2.99322e-16	1.45349e-20	3.73475e-25	9.30503e-29	4.32223e-32	1.69854e-30	9.21401e-31	2.47709e-30	4.01228e-32	6.84938e-32	3.57793e-34	4.58249e-34	1.10379e-36	9.38449e-37	1.33553e-39	6.33371e-40	6.40189e-43	1.40162e-43	1.14397e-46	1.24697e-47	8.72611e-51	1.12803e-51	8.8701e-52	
F3016	0	0	0	0	0	0	0	0	0	0	1	0	0	0	0	0	0	0	0	0	0	0	0	0	0	0	0	0	0	0	0	0	0	0	0	0	0	0	0	0	0	
N24	6.39585e-32	2.68058e-29	2.30715e-25	4.71286e-23	8.23612e-19	3.02687e-15	1.11991e-14	9.02423e-14	2.36753e-10	1.70813e-06	0.00290022	0.42151	0.532751	0.0424715	0.000365784	5.57238e-07	2.08229e-10	2.52918e-14	1.31474e-18	1.85813e-22	1.46202e-25	7.39873e-27	2.12919e-30	6.55062e-32	5.76716e-36	1.13986e-37	3.10112e-42	1.2591e-43	6.44767e-46	2.25161e-43	4.19528e-44	2.30547e-44	1.56837e-47	3.37987e-48	2.97666e-50	4.00582e-49	8.40968e-51	6.99245e-52	2.36231e-54	6.24224e-54	1.33905e-53	
N25	6.56264e-35	4.44398e-30	2.02038e-25	6.72963e-23	2.02059e-18	2.7227e-14	1.72909e-13	1.84005e-13	1.3816e-10	8.558e-07	0.00182117	0.486891	0.490129	0.0210768	8.19824e-05	6.07542e-08	1.41519e-11	1.42152e-15	1.65729e-19	8.11161e-21	1.04051e-23	4.18146e-25	1.31012e-28	3.03361e-30	2.25374e-34	3.00693e-36	6.4873e-41	4.23768e-43	4.3124e-47	3.06797e-44	6.02785e-44	7.953e-45	6.83846e-48	4.88282e-49	3.58769e-50	9.76576e-49	1.23647e-50	1.391e-51	5.20054e-52	1.01162e-51	1.40232e-51	
N26	2.23926e-38	1.51893e-32	5.6319e-27	1.85476e-25	5.22166e-20	4.26711e-15	8.00254e-16	2.10248e-16	1.04289e-11	4.38948e-07	0.00364893	0.764914	0.230161	0.00127615	4.15105e-07	2.64256e-11	5.56187e-16	5.15732e-21	4.56969e-26	1.16191e-28	1.42898e-32	3.23007e-35	7.46405e-39	1.36006e-37	2.77143e-39	6.96128e-40	4.4263e-43	4.1269e-44	1.28558e-47	3.42229e-49	7.73381e-53	8.88103e-55	1.45055e-58	1.10217e-60	1.28265e-64	8.01555e-67	7.12415e-71	1.49002e-72	1.87767e-73	3.28038e-74	4.08052e-75	
N27	5.59672e-35	1.17493e-32	1.1551e-27	4.34373e-25	1.77658e-20	1.0354e-16	1.22383e-15	2.70514e-14	1.92362e-10	2.6927e-06	0.0086642	0.775534	0.214681	0.00111818	4.05269e-07	3.54048e-11	1.16514e-15	1.19221e-19	1.78839e-22	1.89528e-23	1.58293e-26	7.34295e-28	1.87289e-31	1.78234e-31	2.36507e-33	7.92779e-33	4.71708e-36	1.47366e-36	6.2034e-40	4.85536e-41	1.53064e-44	7.13282e-46	1.62322e-49	6.15434e-51	1.06172e-54	2.27915e-55	8.34928e-59	2.54751e-58	2.65468e-58	8.60847e-58	1.98518e-57	
F1476	0	0	0	0	0	0	0	0	0	0	1	0	0	0	0	0	0	0	0	0	0	0	0	0	0	0	0	0	0	0	0	0	0	0	0	0	0	0	0	0	0	
N28	1.8059e-35	9.47468e-32	1.48963e-26	1.77132e-23	1.01511e-18	1.48479e-14	2.30537e-13	4.89963e-12	3.32559e-09	4.0306e-06	0.0120411	0.765918	0.219771	0.00226384	1.62656e-06	2.86243e-10	1.92008e-14	8.10104e-17	1.9717e-19	1.59794e-20	1.63546e-23	5.58799e-25	4.49959e-28	3.58056e-26	1.31284e-28	1.1749e-28	1.12828e-31	1.3754e-32	9.54311e-36	5.57787e-37	2.67591e-40	1.20333e-41	4.04948e-45	1.6194e-46	1.2941e-49	2.48157e-49	1.67133e-52	2.99535e-52	9.13053e-53	1.84423e-52	2.49409e-52	
Furcep	0	0	0	0	0	0	0	0	0	0	0	0	0	1	0	0	0	0	0	0	0	0	0	0	0	0	0	0	0	0	0	0	0	0	0	0	0	0	0	0	0	
N29	4.23624e-32	4.2939e-29	8.75429e-25	2.53682e-21	2.61233e-17	1.58787e-14	2.99062e-14	2.43956e-12	1.15437e-08	5.21801e-05	0.0562136	0.803159	0.139716	0.000857749	6.53683e-07	1.56483e-10	1.63527e-14	1.58768e-18	1.74715e-21	2.19827e-22	4.54007e-25	3.27003e-26	3.23841e-29	1.26197e-30	9.35643e-35	2.06412e-36	3.36114e-41	1.70963e-43	1.67312e-48	1.6402e-51	1.04268e-56	5.21402e-60	2.11884e-65	7.47703e-69	2.04833e-74	1.39809e-77	5.85634e-83	3.27962e-85	2.24381e-87	2.72949e-89	2.26401e-91	
Furpol	0	0	0	0	0	0	0	0	0	0	0	1	0	0	0	0	0	0	0	0	0	0	0	0	0	0	0	0	0	0	0	0	0	0	0	0	0	0	0	0	0	
N30	8.85676e-32	3.44511e-27	6.33189e-23	2.85247e-19	2.93402e-15	3.97109e-13	3.01504e-13	2.34182e-10	1.17534e-06	0.00201938	0.610063	0.375754	0.0121353	2.80284e-05	1.75152e-08	4.43257e-12	5.61354e-16	1.48252e-19	2.16842e-22	5.32102e-24	6.4746e-27	7.98578e-29	5.45958e-32	3.39072e-34	3.24599e-38	1.02204e-40	2.91818e-45	1.95945e-48	3.3018e-53	1.05131e-56	1.04971e-61	2.44088e-65	1.52479e-70	2.85015e-74	1.30138e-79	6.76902e-83	8.60449e-88	2.28479e-90	3.61375e-93	7.1951e-96	9.75869e-99	
N31	1.05395e-31	5.02029e-27	1.05433e-22	6.3117e-19	7.80513e-15	7.90091e-13	3.81275e-13	3.74053e-10	2.04474e-06	0.00349731	0.870117	0.125504	0.000878298	9.07156e-07	2.99873e-10	4.39503e-14	4.21971e-18	3.00687e-20	4.2401e-23	6.62603e-25	4.90591e-28	3.80112e-30	5.49834e-34	2.4025e-36	8.31878e-41	1.23877e-43	2.26146e-48	9.4593e-52	1.04074e-56	2.65628e-60	1.8227e-65	3.57933e-69	1.62026e-74	3.19103e-78	1.00306e-82	2.8554e-85	2.4391e-90	4.61141e-93	1.49441e-96	2.94304e-99	3.13358e-102	
F2241	0	0	0	0	0	0	0	0	0	0	1	0	0	0	0	0	0	0	0	0	0	0	0	0	0	0	0	0	0	0	0	0	0	0	0	0	0	0	0	0	0	
Furang	0	0	0	0	0	0	0	0	0	0	1	0	0	0	0	0	0	0	0	0	0	0	0	0	0	0	0	0	0	0	0	0	0	0	0	0	0	0	0	0	0	
FGA490	0	0	0	0	0	0	0	0	0	0	1	0	0	0	0	0	0	0	0	0	0	0	0	0	0	0	0	0	0	0	0	0	0	0	0	0	0	0	0	0	0	
N32	2.4478e-35	4.10144e-30	3.7271e-25	8.02706e-23	5.13021e-18	5.82226e-14	2.05984e-14	5.93435e-14	8.48077e-10	8.76604e-06	0.0182772	0.898971	0.0825963	0.000147001	4.51034e-08	4.43072e-12	1.87844e-16	1.56246e-20	9.81502e-24	1.4445e-25	6.7524e-29	4.48206e-31	1.00986e-34	3.21704e-37	8.06921e-42	1.28203e-44	7.22289e-50	2.7663e-53	3.89393e-56	2.95162e-55	7.59738e-57	9.38487e-59	2.03793e-62	3.01841e-64	5.84828e-66	2.80786e-65	1.89341e-67	5.88703e-68	9.47784e-69	1.99072e-69	2.94944e-70	
N33	2.21676e-34	2.26326e-29	1.34262e-24	6.01742e-22	2.17528e-17	9.18974e-14	1.96259e-13	1.51147e-12	1.7298e-09	1.27566e-05	0.0195967	0.915767	0.0644916	0.000131812	4.82766e-08	5.86307e-12	3.32925e-16	1.39016e-18	2.1438e-21	6.75015e-23	5.20319e-26	7.3713e-28	1.20413e-31	9.588e-34	1.55953e-38	3.68247e-41	2.69411e-46	9.53309e-50	6.91978e-54	2.48094e-52	1.45029e-52	4.96359e-54	1.87123e-57	5.32756e-59	3.81489e-61	2.00025e-58	3.2743e-59	3.9256e-59	6.03265e-60	4.95971e-60	2.66233e-60	
N34	2.5579e-36	9.03794e-31	1.81303e-25	1.42155e-23	1.82666e-18	1.10221e-13	7.08851e-13	9.88111e-14	1.6494e-11	3.61141e-07	0.00246784	0.916561	0.0806574	0.000313551	8.25531e-08	5.62435e-12	2.48334e-16	4.10975e-18	2.84397e-21	4.11573e-23	1.05893e-26	6.78696e-29	1.89914e-33	6.20896e-36	2.6246e-41	1.43612e-44	3.32951e-50	1.2534e-51	1.92264e-54	9.81111e-54	3.19173e-55	4.01617e-57	5.26359e-61	9.59512e-63	6.13139e-64	4.02931e-62	4.66473e-64	1.37033e-64	2.85709e-66	8.96587e-67	1.42608e-67	
N35	5.32474e-34	2.97423e-29	8.94668e-25	2.32545e-22	4.20441e-18	2.65974e-14	2.56426e-14	2.21357e-14	6.97193e-11	7.94823e-07	0.00254865	0.94337	0.0539531	0.000127246	4.97515e-08	6.31089e-12	3.52772e-16	1.8169e-19	3.65728e-22	2.59716e-23	3.0128e-26	1.00945e-27	3.78713e-31	7.22043e-33	1.4505e-37	1.02107e-39	8.53181e-45	1.10192e-47	5.92172e-53	2.11885e-56	6.84149e-62	1.58188e-65	3.14845e-71	5.67621e-75	9.47075e-81	2.14458e-83	6.73839e-89	4.04176e-91	7.47218e-94	4.22121e-96	1.58184e-98	
N36	4.16699e-32	1.56833e-27	3.44237e-23	7.75034e-21	1.28471e-16	8.14753e-13	6.21785e-13	2.66841e-13	3.09901e-10	1.98919e-06	0.00385577	0.972295	0.0238023	4.47674e-05	2.10114e-08	3.79607e-12	3.39415e-16	5.40691e-19	9.32716e-22	2.46626e-23	2.57647e-26	3.2877e-28	1.81086e-31	1.15357e-33	3.82373e-38	6.55997e-41	1.1208e-45	4.74269e-49	4.74464e-54	1.22373e-57	7.41634e-63	1.4865e-66	5.81738e-72	9.74186e-76	5.64368e-81	1.33815e-83	1.21899e-88	3.53541e-91	4.73395e-94	1.08721e-96	1.68566e-99	
FGA456	0	0	0	0	0	0	0	0	0	0	0	1	0	0	0	0	0	0	0	0	0	0	0	0	0	0	0	0	0	0	0	0	0	0	0	0	0	0	0	0	0	
FGA516	0	0	0	0	0	0	0	0	0	0	0	1	0	0	0	0	0	0	0	0	0	0	0	0	0	0	0	0	0	0	0	0	0	0	0	0	0	0	0	0	0	
F12278	0	0	0	0	0	0	0	0	0	0	0	1	0	0	0	0	0	0	0	0	0	0	0	0	0	0	0	0	0	0	0	0	0	0	0	0	0	0	0	0	0	
N37	1.01484e-30	3.16235e-26	6.02182e-22	2.18025e-19	1.5613e-15	1.03411e-11	5.9199e-10	3.78398e-10	5.37268e-09	6.3337e-07	0.00134379	0.648981	0.328569	0.0210738	3.14222e-05	1.32974e-08	2.98588e-12	6.60328e-14	2.18745e-16	9.03245e-18	1.63294e-20	3.02285e-22	2.69437e-25	2.37739e-27	1.06808e-31	1.00604e-34	2.43021e-39	1.20601e-42	1.64268e-47	6.12295e-51	5.13228e-56	1.53191e-59	8.50314e-65	2.55999e-68	1.23481e-72	6.29957e-75	9.34294e-80	3.44683e-82	5.47259e-85	1.59978e-87	3.1121e-90	
Furant	0	0	0	0	0	0	0	0	0	0	0	1	0	0	0	0	0	0	0	0	0	0	0	0	0	0	0	0	0	0	0	0	0	0	0	0	0	0	0	0	0	
FGA331	0	0	0	0	0	0	0	0	0	0	0	0	0	1	0	0	0	0	0	0	0	0	0	0	0	0	0	0	0	0	0	0	0	0	0	0	0	0	0	0	0	
FGA465	0	0	0	0	0	0	0	0	0	0	1	0	0	0	0	0	0	0	0	0	0	0	0	0	0	0	0	0	0	0	0	0	0	0	0	0	0	0	0	0	0	
N38	7.02608e-32	3.57677e-27	9.74741e-23	6.76918e-20	1.06908e-15	1.01101e-12	5.30712e-13	2.82431e-11	1.82747e-07	0.000452453	0.203552	0.779196	0.0167701	2.98222e-05	1.42987e-08	2.75634e-12	2.68619e-16	2.70632e-19	4.15869e-22	7.93471e-24	7.58456e-27	6.87581e-29	3.57812e-32	1.53059e-34	6.69151e-39	9.81228e-42	1.80033e-46	8.90731e-50	1.43856e-51	9.03029e-51	1.53301e-52	3.62915e-54	2.23189e-57	2.80578e-58	3.334e-59	4.64197e-58	2.61353e-60	9.97161e-61	1.96251e-61	5.88205e-62	1.24559e-62	
FGA99	0	0	0	0	0	0	0	0	0	0	1	0	0	0	0	0	0	0	0	0	0	0	0	0	0	0	0	0	0	0	0	0	0	0	0	0	0	0	0	0	0	
N39	3.68194e-31	1.1227e-26	1.88872e-22	3.01933e-19	3.38134e-15	2.5864e-12	3.38957e-12	1.06632e-10	2.31131e-07	0.000529386	0.22735	0.763213	0.00889431	1.34446e-05	6.00065e-09	1.13527e-12	1.76722e-16	6.15536e-18	1.48557e-20	5.84033e-22	6.6105e-25	1.30424e-26	2.08935e-30	2.29131e-32	7.29234e-37	1.7098e-39	3.22786e-44	2.32004e-47	2.70736e-52	1.17197e-55	8.63599e-61	2.83575e-64	1.39055e-69	5.84443e-73	5.53895e-77	3.9279e-79	3.46741e-84	1.48418e-86	6.59687e-90	3.10648e-92	7.30812e-95	
FGA15	0	0	0	0	0	0	0	0	0	0	1	0	0	0	0	0	0	0	0	0	0	0	0	0	0	0	0	0	0	0	0	0	0	0	0	0	0	0	0	0	0	
FGA581	0	0	0	0	0	0	0	0	0	0	0	1	0	0	0	0	0	0	0	0	0	0	0	0	0	0	0	0	0	0	0	0	0	0	0	0	0	0	0	0	0	
FGA104	0	0	0	0	0	0	0	0	0	0	0	0	1	0	0	0	0	0	0	0	0	0	0	0	0	0	0	0	0	0	0	0	0	0	0	0	0	0	0	0	0	
FGA489	0	0	0	0	0	0	0	0	0	0	1	0	0	0	0	0	0	0	0	0	0	0	0	0	0	0	0	0	0	0	0	0	0	0	0	0	0	0	0	0	0	
FGA174	0	0	0	0	0	0	0	0	0	0	0	0	0	1	0	0	0	0	0	0	0	0	0	0	0	0	0	0	0	0	0	0	0	0	0	0	0	0	0	0	0	
FurbGB	0	0	0	0	0	0	0	0	0	0	0	1	0	0	0	0	0	0	0	0	0	0	0	0	0	0	0	0	0	0	0	0	0	0	0	0	0	0	0	0	0	
N40	8.52276e-37	1.4614e-32	1.09819e-28	8.41155e-25	2.08114e-22	7.63557e-21	2.63279e-17	7.37105e-14	6.12563e-11	4.55485e-10	4.95405e-10	2.4789e-10	7.11168e-09	5.24524e-06	0.00155037	0.0923018	0.608675	0.285625	0.0117509	9.08346e-05	2.13341e-07	8.43883e-10	1.60834e-11	9.85748e-12	9.23811e-14	2.57413e-14	8.32272e-17	1.25059e-17	1.24088e-20	1.10377e-21	3.3063e-25	1.68468e-26	1.66629e-30	3.51001e-32	1.78573e-36	1.08698e-38	3.67907e-43	9.39522e-46	2.25523e-50	6.77481e-53	1.26704e-54	
N41	7.09924e-34	3.42814e-30	1.02863e-26	2.37332e-23	1.9624e-21	2.42734e-19	3.07789e-16	2.19062e-13	2.75124e-11	9.79155e-11	9.49485e-11	1.042e-10	3.79593e-09	1.82158e-06	0.000555554	0.0467401	0.529207	0.393101	0.0299038	0.000488682	2.66605e-06	6.40659e-09	1.1013e-11	8.33775e-13	1.35843e-14	2.80931e-15	3.0256e-17	3.42564e-18	2.00717e-20	1.26422e-21	3.02408e-24	1.15769e-25	7.77889e-29	1.68142e-30	4.22106e-34	3.58161e-36	5.34895e-40	1.8937e-42	1.88492e-46	4.59838e-49	1.7859e-51	
N42	2.31522e-33	1.85902e-29	5.07874e-26	2.23049e-22	4.20225e-22	1.24712e-19	4.96737e-16	1.09414e-12	2.49926e-11	8.52723e-12	9.11329e-13	1.27148e-12	2.87521e-10	3.54158e-07	0.00024936	0.0474373	0.647662	0.294606	0.00997464	7.09774e-05	1.7078e-07	1.80487e-10	9.90702e-14	5.73207e-17	9.22214e-20	1.39122e-21	2.67475e-24	2.22639e-26	2.69979e-29	1.20045e-31	8.9324e-35	5.19662e-37	1.1101e-35	3.12746e-36	7.9117e-38	1.02337e-38	1.41209e-40	1.052e-41	7.97576e-43	1.46325e-41	2.14997e-41	
CGA312	0	0	0	0	0	0	0	0	0	0	0	0	0	0	0	0	0	1	0	0	0	0	0	0	0	0	0	0	0	0	0	0	0	0	0	0	0	0	0	0	0	
N43	3.97675e-40	4.66945e-35	9.78998e-31	5.7278e-26	1.2079e-25	9.0616e-23	2.95366e-18	3.17715e-14	1.22479e-13	4.55163e-15	6.52506e-17	1.61262e-15	3.23774e-12	4.51642e-08	0.000194415	0.0696754	0.733433	0.194831	0.00186354	2.28185e-06	7.19905e-10	8.38442e-14	4.46265e-18	1.35436e-22	4.25633e-27	1.23844e-29	3.83251e-33	2.93264e-35	5.23001e-39	2.29921e-41	2.17555e-45	1.50745e-42	1.01177e-42	5.3161e-43	1.65651e-45	6.03556e-46	6.86636e-49	3.01679e-49	2.82673e-49	4.82392e-48	9.42657e-50	
N44	5.99585e-48	1.6841e-41	3.37215e-36	1.44348e-30	2.08213e-30	9.41005e-26	3.41234e-20	6.27451e-17	3.01515e-17	3.16887e-20	1.2833e-20	1.05206e-17	3.09901e-12	2.55277e-07	0.00150645	0.181528	0.790672	0.0262786	1.49052e-05	8.57225e-10	1.21652e-14	6.35262e-20	1.51938e-25	1.90832e-31	1.61618e-37	8.54651e-41	3.53027e-45	4.51807e-46	1.32134e-46	2.68876e-46	2.59797e-44	2.39622e-40	2.03188e-40	5.93392e-39	7.55457e-40	1.98064e-38	7.32767e-39	1.10508e-35	9.38595e-36	1.3329e-34	1.22339e-35	
N45	6.28682e-38	1.80343e-34	7.49625e-32	5.78913e-29	4.59298e-31	1.25328e-27	6.28592e-23	4.0679e-19	9.26843e-19	8.49482e-19	3.48809e-19	1.08485e-16	4.89095e-12	1.51121e-07	0.000937966	0.171622	0.802586	0.0248327	2.05102e-05	2.86432e-09	1.22144e-13	2.14414e-18	2.50736e-23	1.10149e-24	1.0386e-27	6.88938e-29	3.51879e-32	2.20903e-32	6.66398e-33	4.46388e-32	1.82713e-34	3.90383e-34	3.71401e-37	4.93874e-37	1.95428e-40	8.63205e-41	2.36994e-44	1.37691e-45	2.85677e-49	1.07741e-50	4.93868e-51	
N46	1.17148e-39	1.12107e-34	1.58694e-30	7.33699e-26	5.93912e-26	3.14681e-23	1.07852e-18	1.67088e-14	1.56819e-12	8.16321e-14	1.67861e-15	2.37184e-16	2.03095e-12	1.93473e-08	6.53132e-05	0.045828	0.860169	0.0936947	0.000242909	1.41592e-07	3.03124e-11	3.10716e-15	2.46543e-19	6.08703e-22	3.35082e-25	1.10481e-27	3.51131e-31	6.97239e-34	5.01484e-34	3.95477e-34	1.81759e-35	1.80652e-36	1.7727e-38	1.09218e-39	3.93507e-42	8.68524e-44	1.92831e-46	3.24234e-48	5.43933e-51	1.53267e-52	8.03775e-54	
CGA642	0	0	0	0	0	0	0	0	0	0	0	0	0	0	0	0	1	0	0	0	0	0	0	0	0	0	0	0	0	0	0	0	0	0	0	0	0	0	0	0	0	
N47	1.40029e-34	1.08481e-31	3.19725e-29	1.31415e-26	9.11536e-26	5.69842e-23	9.07915e-19	4.72942e-15	1.1871e-13	4.30592e-15	1.29226e-16	1.8992e-15	4.97389e-13	6.35047e-09	3.99945e-05	0.052386	0.836053	0.111318	0.000202911	7.85563e-08	1.08197e-11	6.83381e-16	2.32921e-20	1.84891e-23	3.21079e-26	3.01393e-27	3.19585e-30	1.66022e-31	9.5812e-35	3.00744e-36	7.49075e-40	1.54952e-41	9.24529e-46	1.32039e-47	7.59893e-53	1.83537e-55	7.1347e-61	5.50641e-64	1.56281e-69	6.35005e-73	4.97651e-76	
CGA763	0	0	0	0	0	0	0	0	0	0	0	0	0	0	0	1	0	0	0	0	0	0	0	0	0	0	0	0	0	0	0	0	0	0	0	0	0	0	0	0	0	
C601	0	0	0	0	0	0	0	0	0	0	0	0	0	0	0	0	0	1	0	0	0	0	0	0	0	0	0	0	0	0	0	0	0	0	0	0	0	0	0	0	0	
N48	1.12456e-35	1.12328e-32	3.32463e-30	1.33914e-27	1.45569e-29	2.62148e-28	4.36602e-24	1.7184e-20	4.68661e-19	8.81312e-19	6.64403e-18	1.0146e-14	1.47599e-10	1.11523e-06	0.00181388	0.189224	0.785815	0.02311	3.57033e-05	1.2063e-08	1.43343e-12	7.6557e-17	2.1568e-21	9.92236e-24	2.35622e-26	3.3909e-27	4.84014e-30	3.40843e-31	2.87348e-34	1.04107e-35	2.85145e-39	1.43263e-38	8.78139e-40	2.08591e-39	1.7131e-42	7.82799e-43	6.62821e-46	1.3013e-45	2.45449e-47	1.87809e-47	1.99198e-47	
CGA236	0	0	0	0	0	0	0	0	0	0	0	0	0	0	0	0	1	0	0	0	0	0	0	0	0	0	0	0	0	0	0	0	0	0	0	0	0	0	0	0	0	
N49	1.35862e-40	3.9419e-37	5.15544e-34	3.69361e-31	1.82316e-29	1.8038e-25	1.64243e-21	1.67782e-18	3.72197e-17	1.26923e-16	9.58132e-15	1.43351e-11	4.10716e-08	5.23756e-05	0.0139464	0.293967	0.671595	0.02038	5.91947e-05	4.61352e-08	1.4395e-11	2.22273e-15	1.94609e-19	3.5267e-22	1.50637e-24	2.40508e-25	6.84844e-28	5.95168e-29	1.14477e-31	5.56212e-33	6.31406e-36	1.79309e-37	5.48094e-41	1.0452e-42	2.80082e-47	1.06769e-49	1.80998e-54	1.6912e-57	1.87626e-62	1.31761e-65	4.00271e-68	
N50	3.90239e-35	6.52562e-31	5.96975e-27	1.37531e-23	8.76787e-21	4.16841e-18	1.29069e-14	1.0974e-12	2.98075e-11	1.09272e-10	3.72704e-09	7.2111e-08	2.05643e-06	0.000972726	0.0386343	0.34342	0.559843	0.0568633	0.000264332	3.53592e-07	2.02949e-10	6.19325e-14	1.70705e-17	4.09832e-19	1.37467e-21	4.56857e-23	1.0028e-25	1.81297e-27	2.61187e-30	2.61418e-32	1.89883e-35	1.14497e-37	2.85016e-41	1.0352e-43	6.65554e-48	5.47303e-51	2.07065e-55	1.02568e-58	2.57364e-63	1.89069e-66	3.72066e-69	
Calboe	0	0	0	0	0	0	0	0	0	0	0	0	0	1	0	0	0	0	0	0	0	0	0	0	0	0	0	0	0	0	0	0	0	0	0	0	0	0	0	0	0	
C3125	0	0	0	0	0	0	0	0	0	0	0	0	0	0	0	0	0	1	0	0	0	0	0	0	0	0	0	0	0	0	0	0	0	0	0	0	0	0	0	0	0	
CGA429	0	0	0	0	0	0	0	0	0	0	0	0	0	0	1	0	0	0	0	0	0	0	0	0	0	0	0	0	0	0	0	0	0	0	0	0	0	0	0	0	0	
N51	1.42963e-44	2.26141e-39	9.70741e-35	1.93905e-30	2.5822e-28	7.50339e-24	6.61064e-20	1.10417e-18	1.17215e-19	1.16873e-19	1.95705e-15	5.39118e-11	5.39246e-07	0.00120053	0.148003	0.575485	0.272248	0.00306203	1.31676e-06	1.60766e-10	8.23577e-15	2.14576e-19	3.19393e-24	4.92137e-29	2.12343e-32	1.36806e-33	4.98129e-35	1.16768e-33	9.34292e-35	2.76665e-34	1.49777e-35	2.87826e-35	9.14049e-37	1.23304e-36	2.18866e-39	1.57776e-39	1.14475e-42	8.41471e-44	4.54182e-47	1.81742e-48	1.20075e-49	
C985	0	0	0	0	0	0	0	0	0	0	0	0	0	1	0	0	0	0	0	0	0	0	0	0	0	0	0	0	0	0	0	0	0	0	0	0	0	0	0	0	0	
N52	1.89203e-32	6.01776e-30	1.23915e-27	5.02549e-26	7.02883e-26	3.72279e-24	2.08844e-20	2.7573e-18	1.41403e-17	8.82474e-17	2.30535e-13	1.62074e-09	4.55873e-06	0.00332929	0.240677	0.586868	0.167777	0.0013433	1.1421e-06	3.28812e-10	4.39786e-14	3.20347e-18	1.54894e-22	5.10258e-24	1.96276e-26	3.38128e-27	7.85318e-30	7.60856e-31	7.57325e-34	4.81085e-35	1.82689e-38	8.21571e-40	1.01347e-43	3.21935e-45	5.65261e-50	4.28159e-52	4.66457e-57	5.08949e-60	3.68143e-65	2.82937e-68	1.33083e-70	
CGA310	0	0	0	0	0	0	0	0	0	0	0	0	0	0	1	0	0	0	0	0	0	0	0	0	0	0	0	0	0	0	0	0	0	0	0	0	0	0	0	0	0	
N53	3.67909e-35	5.12817e-31	4.29895e-27	5.96137e-24	2.44689e-21	1.15489e-17	2.39377e-14	2.80633e-13	1.68717e-13	3.0662e-13	2.13531e-10	4.37262e-07	0.000365804	0.0793792	0.701159	0.210097	0.00895766	4.09249e-05	5.9032e-08	3.77865e-11	1.28386e-14	2.68309e-18	6.92794e-22	1.43823e-23	3.62305e-26	8.14046e-28	1.42857e-30	1.8342e-32	2.16282e-35	1.58901e-37	9.11579e-41	4.17179e-43	8.60233e-47	2.35999e-49	1.54231e-53	1.14063e-56	4.43369e-61	1.979e-64	5.1688e-69	3.61161e-72	6.27347e-75	
CGA382	0	0	0	0	0	0	0	0	0	0	0	0	0	0	1	0	0	0	0	0	0	0	0	0	0	0	0	0	0	0	0	0	0	0	0	0	0	0	0	0	0	
CGA494	0	0	0	0	0	0	0	0	0	0	0	0	0	1	0	0	0	0	0	0	0	0	0	0	0	0	0	0	0	0	0	0	0	0	0	0	0	0	0	0	0	
N54	1.64346e-38	5.86631e-34	4.74538e-30	1.03801e-25	1.26986e-24	7.99513e-23	8.28109e-19	1.04065e-14	2.05198e-12	2.64713e-12	2.53006e-13	1.71231e-13	1.29864e-11	1.09163e-08	2.9446e-05	0.0196206	0.459868	0.492947	0.0274466	8.80355e-05	7.2074e-08	2.3124e-11	4.00097e-15	1.44052e-17	2.45763e-20	3.41158e-22	3.35867e-25	2.26767e-27	1.38761e-30	4.721e-33	1.7183e-36	8.70397e-37	2.15306e-36	7.05694e-37	3.94067e-39	2.28673e-40	8.0304e-43	2.71314e-44	1.42184e-46	4.57032e-46	1.69601e-45	
N55	9.5288e-40	4.29662e-35	7.90185e-31	1.65458e-26	4.07218e-25	4.18965e-22	5.10872e-18	2.22258e-14	4.65574e-13	1.48314e-13	9.93275e-15	3.89987e-14	2.97275e-12	1.7577e-08	5.63505e-05	0.0351341	0.496138	0.456939	0.0117124	2.04692e-05	9.3641e-09	1.69624e-12	1.51548e-16	1.33563e-20	2.58457e-24	1.41656e-26	1.36804e-29	7.60933e-31	7.66597e-34	2.66539e-35	1.49009e-38	3.25535e-40	6.93081e-44	1.03643e-45	4.34092e-50	4.18901e-52	6.22448e-57	3.1175e-59	2.15539e-64	2.2656e-67	4.9153e-72	
C12265	0	0	0	0	0	0	0	0	0	0	0	0	0	0	0	0	0	1	0	0	0	0	0	0	0	0	0	0	0	0	0	0	0	0	0	0	0	0	0	0	0	
N56	9.943e-42	2.08972e-36	4.62451e-32	2.7931e-27	7.08773e-28	5.70814e-24	2.03758e-19	3.60584e-16	8.02167e-18	1.56711e-19	1.95759e-19	2.58966e-15	1.33093e-10	2.67821e-06	0.0133235	0.912351	0.0735566	0.000765479	5.26648e-07	6.98642e-11	3.35956e-15	7.593e-20	9.31017e-25	6.83812e-30	4.17407e-35	3.03121e-38	2.9404e-41	2.31941e-39	3.22852e-39	9.72282e-40	1.82848e-41	3.56295e-42	5.34293e-44	6.94079e-45	5.22366e-47	4.80557e-48	6.8537e-51	2.59166e-52	2.23059e-55	3.09327e-57	6.97075e-60	
C404	0	0	0	0	0	0	0	0	0	0	0	0	0	0	1	0	0	0	0	0	0	0	0	0	0	0	0	0	0	0	0	0	0	0	0	0	0	0	0	0	0	
N57	3.28874e-35	3.66378e-32	1.10234e-29	2.8321e-27	3.20972e-29	1.57389e-25	2.66038e-21	6.98225e-18	1.31056e-18	1.08504e-18	5.88537e-19	1.03136e-15	5.93443e-11	1.30671e-06	0.00660004	0.945456	0.0477369	0.000205962	6.76786e-08	5.56912e-12	1.79349e-16	2.82757e-21	2.75227e-26	2.89051e-28	2.32569e-31	1.2608e-32	6.07092e-36	1.76025e-37	4.09443e-41	6.7753e-43	1.01689e-47	1.03157e-49	5.19619e-55	2.94234e-57	6.64542e-63	1.60892e-65	1.97218e-71	7.52055e-75	6.36777e-81	9.11373e-85	3.2345e-88	
Cl11778	0	0	0	0	0	0	0	0	0	0	0	0	0	0	0	1	0	0	0	0	0	0	0	0	0	0	0	0	0	0	0	0	0	0	0	0	0	0	0	0	0	
CGA594	0	0	0	0	0	0	0	0	0	0	0	0	0	0	0	1	0	0	0	0	0	0	0	0	0	0	0	0	0	0	0	0	0	0	0	0	0	0	0	0	0	
C3134	0	0	0	0	0	0	0	0	0	0	0	0	0	0	0	0	0	0	1	0	0	0	0	0	0	0	0	0	0	0	0	0	0	0	0	0	0	0	0	0	0	
N58	1.33641e-35	3.75976e-31	1.78071e-27	2.84626e-23	6.84402e-21	6.20567e-21	4.52027e-17	3.0139e-13	6.93936e-10	2.77913e-10	1.1282e-11	2.13952e-13	4.99749e-14	1.28704e-10	2.57379e-07	0.000191683	0.0360398	0.805744	0.15607	0.00194784	5.80744e-06	6.46996e-09	3.60512e-12	6.00647e-15	1.13644e-17	7.84132e-20	9.23123e-23	3.06294e-25	2.09452e-28	1.15961e-29	1.69645e-29	4.39943e-30	1.76077e-31	1.69868e-32	3.17816e-34	1.8305e-35	2.12219e-37	8.40959e-39	6.9396e-41	2.82477e-42	1.07326e-43	
CGA311	0	0	0	0	0	0	0	0	0	0	0	0	0	0	0	0	0	1	0	0	0	0	0	0	0	0	0	0	0	0	0	0	0	0	0	0	0	0	0	0	0	
N59	1.44154e-36	1.23892e-33	1.96077e-30	2.95045e-26	1.49958e-23	1.63956e-22	1.23348e-18	9.22135e-15	1.56076e-11	1.02498e-11	3.17774e-13	3.8554e-15	3.91961e-15	5.83556e-12	3.06885e-08	5.79145e-05	0.0236787	0.81173	0.162936	0.00159362	3.09946e-06	1.9732e-09	5.45717e-13	1.60852e-16	6.84355e-20	7.90829e-22	1.05819e-24	9.56934e-26	7.65773e-29	4.38969e-30	1.52802e-33	5.79031e-35	7.3169e-39	1.89797e-40	6.7735e-45	1.10143e-46	1.15225e-51	6.59332e-54	4.30739e-59	9.95763e-62	3.17708e-66	
N60	1.27509e-41	1.07657e-36	1.58005e-32	6.0919e-28	2.28694e-26	4.59019e-25	8.65368e-21	7.17909e-17	4.20044e-14	1.3068e-15	6.25305e-18	7.62974e-19	5.30112e-17	1.14329e-12	1.20548e-08	4.48406e-05	0.0354507	0.921401	0.042987	0.000116716	7.10115e-08	1.54897e-11	1.54762e-15	8.23983e-20	2.65305e-24	1.80799e-27	1.36589e-30	1.80948e-32	9.07351e-36	6.56646e-38	2.20179e-41	8.9891e-44	1.50172e-44	7.16106e-43	1.1855e-44	3.26094e-45	1.2084e-47	1.97841e-48	3.22358e-51	1.7269e-52	1.04709e-53	
CGA45	0	0	0	0	0	0	0	0	0	0	0	0	0	0	0	0	1	0	0	0	0	0	0	0	0	0	0	0	0	0	0	0	0	0	0	0	0	0	0	0	0	
N61	4.40856e-44	2.94915e-39	6.33358e-35	1.96026e-30	4.3104e-28	1.32291e-26	1.61122e-22	8.25239e-19	6.73136e-16	2.51388e-17	7.92858e-18	3.34619e-18	1.36883e-17	2.30143e-13	3.12284e-09	1.56716e-05	0.0180193	0.94877	0.0331198	7.51421e-05	3.91927e-08	7.43384e-12	6.52127e-16	3.09211e-20	1.57175e-24	9.08997e-26	1.55755e-28	1.02156e-29	1.10786e-32	3.98912e-34	2.6153e-37	5.44492e-39	1.6168e-42	2.09604e-44	7.77507e-49	6.12865e-51	5.81133e-56	1.47454e-58	8.11332e-64	4.67665e-67	1.20236e-71	
N62	7.95883e-45	3.80127e-40	4.87574e-36	1.07838e-31	1.08104e-29	1.55332e-28	3.30935e-24	5.80228e-20	4.25045e-16	3.09313e-16	7.23586e-17	8.35227e-18	6.67251e-18	8.24506e-14	9.73272e-10	4.66683e-06	0.0062672	0.977938	0.0157627	2.73994e-05	1.29503e-08	2.44539e-12	2.27613e-16	1.20991e-20	6.70973e-25	8.40328e-27	7.95027e-30	1.25094e-31	7.928e-35	7.04214e-37	3.1594e-40	1.60045e-42	4.89645e-46	1.39414e-48	1.71659e-52	3.03812e-55	4.59003e-60	1.93117e-63	1.76562e-68	2.98816e-72	1.07624e-76	
C3043	0	0	0	0	0	0	0	0	0	0	0	0	0	0	0	0	0	1	0	0	0	0	0	0	0	0	0	0	0	0	0	0	0	0	0	0	0	0	0	0	0	
CGA368	0	0	0	0	0	0	0	0	0	0	0	0	0	0	0	0	0	1	0	0	0	0	0	0	0	0	0	0	0	0	0	0	0	0	0	0	0	0	0	0	0	
CGA364	0	0	0	0	0	0	0	0	0	0	0	0	0	0	0	0	0	1	0	0	0	0	0	0	0	0	0	0	0	0	0	0	0	0	0	0	0	0	0	0	0	
C2208	0	0	0	0	0	0	0	0	0	0	0	0	0	0	0	0	0	0	1	0	0	0	0	0	0	0	0	0	0	0	0	0	0	0	0	0	0	0	0	0	0	
N63	2.1352e-30	1.11733e-26	2.54778e-23	7.36676e-20	2.59535e-18	2.59139e-17	5.0156e-14	6.11466e-11	2.39335e-08	7.49258e-09	6.49185e-10	2.82148e-11	2.62729e-11	1.80959e-08	9.16764e-06	0.00182707	0.102047	0.832992	0.062212	0.000908148	4.60308e-06	1.08853e-08	1.59493e-11	8.54033e-14	3.78889e-16	4.55625e-18	1.34328e-20	8.72855e-23	1.6524e-25	6.02093e-28	7.19296e-31	1.48149e-33	1.00356e-36	1.17931e-39	3.92802e-43	2.62652e-46	4.95585e-50	2.22102e-53	2.82892e-57	1.31472e-60	5.84045e-64	
N64	4.42524e-37	2.09303e-32	2.22128e-28	4.96317e-24	2.16623e-22	1.76238e-21	1.8334e-17	8.77637e-14	6.78892e-11	1.65113e-12	1.03599e-14	1.25069e-16	1.12581e-15	1.07102e-11	6.51472e-08	0.000139574	0.0636313	0.91882	0.0173668	4.25941e-05	2.95244e-08	8.20597e-12	1.11909e-15	9.55465e-20	1.14637e-23	8.11156e-26	5.76677e-29	3.90487e-31	1.73018e-34	6.66313e-37	1.74442e-40	4.0371e-43	5.42161e-47	7.91701e-50	4.22916e-54	3.84635e-57	6.08549e-62	2.11402e-65	2.00523e-70	3.5021e-74	8.27697e-79	
CGA453	0	0	0	0	0	0	0	0	0	0	0	0	0	0	0	0	0	1	0	0	0	0	0	0	0	0	0	0	0	0	0	0	0	0	0	0	0	0	0	0	0	
N65	3.23394e-41	2.97713e-36	6.47983e-32	2.79121e-27	3.71431e-26	4.04073e-24	8.39198e-20	7.08087e-16	1.47273e-13	5.86844e-16	1.00542e-18	1.92371e-19	3.07635e-17	8.32314e-13	1.44059e-08	8.91032e-05	0.114913	0.880619	0.0043764	2.99296e-06	6.07987e-10	5.14143e-14	2.18895e-18	5.33075e-23	1.09879e-27	8.44595e-30	5.13199e-33	7.67086e-35	3.09161e-38	2.59443e-40	6.98029e-44	3.35937e-46	5.29812e-50	1.51562e-52	8.81357e-57	1.60485e-59	8.42098e-65	3.08899e-68	9.92235e-74	1.31475e-77	1.79471e-82	
CGA501	0	0	0	0	0	0	0	0	0	0	0	0	0	0	0	0	0	1	0	0	0	0	0	0	0	0	0	0	0	0	0	0	0	0	0	0	0	0	0	0	0	
C3121	0	0	0	0	0	0	0	0	0	0	0	0	0	0	0	0	1	0	0	0	0	0	0	0	0	0	0	0	0	0	0	0	0	0	0	0	0	0	0	0	0	
Calparcri	0	0	0	0	0	0	0	0	0	0	0	0	0	0	0	0	0	1	0	0	0	0	0	0	0	0	0	0	0	0	0	0	0	0	0	0	0	0	0	0	0	
N66	1.80514e-37	5.91894e-34	3.43602e-31	9.94221e-28	8.57126e-26	1.48892e-22	6.33098e-18	1.91336e-14	5.19468e-13	9.47513e-13	1.02832e-12	1.71352e-11	5.38955e-09	1.22061e-05	0.00553405	0.251011	0.667312	0.0758245	0.000305267	1.77185e-07	2.75698e-11	4.6632e-15	1.04721e-18	1.73596e-20	2.99511e-23	9.31923e-24	2.31612e-26	4.62665e-27	1.08111e-29	2.38671e-29	1.10524e-31	1.99946e-31	2.81874e-34	3.3564e-34	1.82847e-37	8.42807e-38	2.93855e-41	2.45644e-42	6.65748e-46	2.77076e-47	3.6003e-48	
N67	2.20278e-35	2.93066e-31	1.7546e-27	1.18196e-23	3.47882e-21	5.218e-20	1.63606e-16	4.09026e-13	2.03295e-10	1.06479e-09	7.6193e-10	2.78721e-10	2.55941e-09	1.64606e-06	0.000532285	0.0453869	0.45761	0.451319	0.044288	0.000857487	5.10432e-06	1.38998e-08	6.3163e-11	9.93549e-12	1.28765e-13	1.05262e-14	7.26385e-17	2.70618e-18	1.03793e-20	1.86112e-22	3.05761e-25	2.88742e-27	1.16443e-30	4.8598e-33	8.43609e-37	1.19615e-39	1.14801e-43	1.03373e-46	7.02338e-51	1.29748e-53	4.79804e-56	
N68	2.1275e-31	1.12462e-27	2.859e-24	6.03176e-21	1.4992e-18	1.55321e-17	4.9369e-15	2.61057e-12	5.75695e-10	7.97414e-09	2.13129e-08	1.93206e-08	4.89114e-08	7.79324e-06	0.00102807	0.0433459	0.409727	0.500134	0.0449683	0.00078483	4.35574e-06	1.01507e-08	1.18979e-11	1.61767e-14	7.10411e-17	3.43913e-18	1.655e-20	4.33138e-22	1.31816e-24	1.85506e-26	3.4279e-29	2.65889e-31	2.27834e-34	1.03994e-36	3.33523e-40	8.22927e-43	1.30407e-46	1.58059e-49	1.53729e-53	1.18507e-56	4.11591e-60	
N69	2.9302e-30	1.64009e-26	4.96535e-23	6.88691e-20	2.62452e-17	1.48079e-15	1.2423e-13	6.56779e-12	1.63778e-09	2.79985e-08	2.42409e-07	1.12289e-06	4.7971e-06	0.000304299	0.00987849	0.123501	0.486154	0.365551	0.0144957	0.000109987	2.79105e-07	3.14303e-10	1.85808e-13	6.63771e-17	2.49531e-20	7.05748e-22	2.67795e-24	1.01259e-25	2.59586e-28	5.74777e-30	9.51214e-33	1.27801e-34	1.14041e-37	9.75749e-40	3.26039e-43	1.77416e-45	2.03426e-49	5.02417e-52	3.42197e-56	4.15986e-59	6.48477e-63	
N70	1.88815e-33	2.57945e-29	1.27638e-25	1.0255e-21	1.63528e-19	1.33377e-18	5.81525e-15	1.77819e-11	1.64917e-08	1.3172e-08	1.68123e-09	9.51992e-11	1.17062e-10	8.22697e-08	3.54859e-05	0.00505671	0.172095	0.762066	0.060057	0.000687143	2.27065e-06	7.53469e-09	5.72358e-11	2.90275e-12	1.344e-14	3.00799e-16	5.92002e-19	6.79814e-21	6.0497e-24	3.94803e-26	1.66979e-29	6.43333e-32	1.34913e-35	2.97802e-38	3.27429e-42	3.70597e-45	2.3838e-49	1.37569e-52	5.89374e-57	3.94077e-60	5.17215e-63	
Triowe	0	0	0	0	0	0	0	0	0	0	0	0	0	0	0	0	0	1	0	0	0	0	0	0	0	0	0	0	0	0	0	0	0	0	0	0	0	0	0	0	0	
N71	2.02729e-33	1.64855e-29	7.7342e-26	2.97908e-22	4.4981e-20	3.45402e-18	6.03225e-15	5.35378e-12	1.05354e-09	7.43723e-10	8.30991e-11	5.59389e-12	1.00334e-11	8.81104e-09	7.04346e-06	0.00193577	0.120765	0.804945	0.071444	0.000899917	3.25568e-06	5.20833e-09	6.48054e-12	5.39348e-14	1.37995e-16	9.73609e-18	5.27551e-20	5.7105e-21	1.75225e-23	1.16546e-24	1.62422e-27	7.07923e-29	3.85581e-32	1.12056e-33	2.14459e-37	3.60888e-39	2.80906e-43	1.56074e-45	8.08719e-50	2.04133e-52	7.15041e-56	
Trijoh	0	0	0	0	0	0	0	0	0	0	0	0	0	0	0	0	0	1	0	0	0	0	0	0	0	0	0	0	0	0	0	0	0	0	0	0	0	0	0	0	0	
Trimel	0	0	0	0	0	0	0	0	0	0	0	0	0	0	0	0	0	1	0	0	0	0	0	0	0	0	0	0	0	0	0	0	0	0	0	0	0	0	0	0	0	
N72	1.34724e-28	9.12482e-25	4.38236e-21	2.95385e-19	1.36017e-15	2.65157e-12	1.42378e-12	5.91373e-13	5.62155e-10	1.51039e-06	0.00158433	0.364532	0.493628	0.128729	0.0111322	0.000388117	5.72097e-06	3.27391e-08	5.21292e-11	3.30431e-14	1.05617e-17	1.95565e-21	2.29489e-25	1.86447e-29	1.42065e-33	2.17119e-36	1.30732e-39	4.3762e-42	2.04224e-45	4.38655e-48	1.57296e-51	2.14261e-54	5.61302e-58	4.70511e-61	7.40646e-65	3.69567e-68	2.00437e-72	4.99749e-76	1.52328e-80	2.25735e-84	1.10392e-88	
N73	8.6685e-30	7.21513e-26	3.59974e-22	8.83027e-20	3.63841e-16	7.04427e-13	1.3618e-12	1.8786e-12	1.63963e-09	4.59417e-06	0.00418577	0.61356	0.353176	0.0284696	0.000600387	4.28459e-06	1.15422e-08	1.19802e-11	4.73261e-15	8.9923e-19	1.21722e-22	1.05877e-24	1.37685e-27	2.6658e-29	9.7154e-33	1.19436e-34	1.84191e-38	1.49051e-40	1.18752e-44	6.33768e-47	2.92407e-51	1.0037e-53	2.89222e-58	6.01708e-61	1.14517e-65	1.2907e-68	1.69739e-73	8.80519e-77	9.13591e-82	8.1128e-85	2.5003e-87	
Trihoe	0	0	0	0	0	0	0	0	0	0	0	1	0	0	0	0	0	0	0	0	0	0	0	0	0	0	0	0	0	0	0	0	0	0	0	0	0	0	0	0	0	
Tribit	0	0	0	0	0	0	0	0	0	0	0	1	0	0	0	0	0	0	0	0	0	0	0	0	0	0	0	0	0	0	0	0	0	0	0	0	0	0	0	0	0	
Trijac	0	0	0	0	0	0	0	0	0	0	0	1	0	0	0	0	0	0	0	0	0	0	0	0	0	0	0	0	0	0	0	0	0	0	0	0	0	0	0	0	0	
N74	4.70581e-32	2.63748e-28	6.32713e-25	1.91726e-21	1.2276e-19	1.02281e-18	2.01391e-15	2.82851e-12	1.36513e-09	1.012e-09	1.6359e-10	1.31456e-11	1.71927e-11	1.34599e-08	7.80367e-06	0.00171619	0.0996963	0.791556	0.104808	0.00220081	1.39475e-05	3.6747e-08	5.11778e-11	2.55275e-13	1.59575e-15	4.38718e-17	1.80282e-19	2.5627e-21	6.38682e-24	4.92655e-26	7.16724e-29	3.12271e-31	2.31112e-34	5.85459e-37	1.90518e-40	2.61772e-43	4.42449e-47	3.23699e-50	3.32846e-54	1.92026e-57	8.37955e-61	
Tricri	0	0	0	0	0	0	0	0	0	0	0	0	0	0	0	0	0	1	0	0	0	0	0	0	0	0	0	0	0	0	0	0	0	0	0	0	0	0	0	0	0	
N75	6.14609e-34	4.42349e-30	1.66648e-26	5.67072e-23	5.0788e-21	1.91478e-19	3.01392e-16	2.42123e-13	4.57005e-11	1.79169e-11	1.84513e-12	3.07418e-13	6.71958e-13	8.51618e-10	1.02394e-06	0.000475536	0.058177	0.844392	0.0954943	0.00145408	6.23129e-06	1.0632e-08	8.84072e-12	4.5805e-15	3.82552e-18	2.45239e-19	1.24589e-21	7.25147e-23	2.29457e-25	7.71319e-27	1.40557e-29	2.9059e-31	2.54879e-34	3.42815e-36	1.0831e-39	9.18077e-42	9.61325e-46	3.29183e-48	2.12547e-52	3.52242e-55	6.35994e-59	
Triwie	0	0	0	0	0	0	0	0	0	0	0	0	0	0	0	0	0	1	0	0	0	0	0	0	0	0	0	0	0	0	0	0	0	0	0	0	0	0	0	0	0	
Triqua	0	0	0	0	0	0	0	0	0	0	0	0	0	0	0	0	0	1	0	0	0	0	0	0	0	0	0	0	0	0	0	0	0	0	0	0	0	0	0	0	0	
N76	2.02263e-30	2.61184e-27	2.7246e-24	1.96597e-21	2.12464e-19	1.10047e-17	3.59708e-15	8.08495e-13	6.92472e-11	6.06004e-10	1.57324e-09	2.21682e-09	1.43128e-08	2.54229e-06	0.000402874	0.0236565	0.311256	0.538652	0.11955	0.00635978	0.000119106	9.94466e-07	4.42704e-09	1.27365e-10	5.92617e-12	2.7144e-12	8.21511e-14	1.9464e-14	3.59081e-16	4.62615e-17	4.55006e-19	3.36721e-20	1.1144e-22	4.92501e-24	5.49246e-27	1.10883e-28	6.6932e-32	5.76292e-34	2.2403e-37	1.28314e-39	6.33649e-42	
N77	3.10597e-29	4.80664e-26	5.21963e-23	4.93068e-20	2.51161e-18	8.20968e-17	5.61439e-14	2.57334e-11	3.94907e-09	6.55065e-09	2.77539e-09	5.99912e-10	7.13093e-10	1.67681e-07	3.98086e-05	0.00399282	0.124484	0.698068	0.165343	0.0079417	0.000129925	9.46267e-07	3.63944e-09	1.33929e-11	9.87119e-14	4.91683e-15	4.80327e-17	1.45589e-18	9.3052e-21	1.60704e-22	6.69157e-25	6.7248e-27	1.6622e-29	9.86133e-32	1.2138e-34	4.27821e-37	2.81561e-40	5.89247e-43	2.42488e-46	3.82778e-49	3.37579e-52	
Kinboe	0	0	0	0	0	0	0	0	0	0	0	0	0	0	0	0	0	1	0	0	0	0	0	0	0	0	0	0	0	0	0	0	0	0	0	0	0	0	0	0	0	
Kinfis	0	0	0	0	0	0	0	0	0	0	0	0	0	0	0	0	0	1	0	0	0	0	0	0	0	0	0	0	0	0	0	0	0	0	0	0	0	0	0	0	0	
Kinxen	0	0	0	0	0	0	0	0	0	0	0	0	0	0	0	0	0	1	0	0	0	0	0	0	0	0	0	0	0	0	0	0	0	0	0	0	0	0	0	0	0	
N78	1.26151e-33	6.12092e-31	2.00929e-28	6.65402e-26	2.564e-24	8.98753e-21	1.04697e-17	3.78844e-15	2.7687e-13	8.83451e-13	1.51344e-12	3.78817e-10	3.63944e-07	0.000150321	0.0166702	0.32385	0.604463	0.0546242	0.00024143	2.43119e-07	8.95016e-11	1.56798e-14	2.25307e-18	6.97942e-21	4.03164e-22	2.13534e-21	1.28344e-22	2.89554e-22	7.46448e-24	6.33104e-24	4.44441e-26	1.36666e-26	1.32411e-29	1.72208e-30	1.74607e-34	7.88258e-36	2.28115e-40	1.20051e-42	2.53641e-47	3.43756e-49	8.50844e-51	
N79	2.01319e-25	1.59011e-22	1.19866e-19	3.51401e-17	1.53658e-14	2.66106e-12	2.64437e-11	2.20164e-10	3.12294e-08	7.05042e-06	0.00076677	0.0280069	0.188435	0.384122	0.295693	0.0919224	0.0107124	0.000330477	3.45302e-06	1.7036e-08	4.71983e-11	8.16316e-14	9.61428e-17	3.08295e-19	2.80937e-21	1.99662e-22	1.78657e-24	8.17847e-26	5.6409e-28	1.62885e-29	8.39667e-32	1.48326e-33	4.71947e-36	4.95515e-38	5.32071e-41	2.90282e-43	1.60021e-46	4.22246e-49	1.43312e-52	3.47233e-55	7.5931e-58	
N80	8.49783e-27	9.29375e-23	6.30069e-19	3.1317e-17	1.46158e-13	2.39772e-10	8.76626e-11	1.86468e-11	1.08514e-08	1.43281e-05	0.00644145	0.527779	0.415565	0.0486552	0.00152889	1.62612e-05	6.47141e-08	1.02702e-10	7.55052e-14	2.94789e-17	6.88926e-21	2.22903e-24	1.39403e-27	4.11278e-30	2.59433e-33	4.79255e-36	1.86724e-39	2.13125e-42	5.03269e-46	3.67982e-49	5.14411e-53	2.43981e-56	1.97008e-60	5.92753e-64	2.74831e-68	4.98487e-72	1.43706e-76	1.77779e-80	3.94322e-85	6.73712e-89	1.56793e-92	
N81	9.61633e-30	2.69568e-25	4.60823e-21	1.62697e-19	2.63628e-15	1.74345e-11	3.60688e-12	4.86139e-13	8.64248e-10	3.79807e-06	0.00485948	0.851593	0.141518	0.00202035	5.77198e-06	5.04315e-09	1.74844e-12	2.95853e-16	3.80133e-20	1.20867e-22	8.88767e-26	3.84803e-28	1.4487e-31	3.0903e-34	3.26163e-38	3.75405e-41	1.53241e-45	8.94745e-49	1.91983e-53	5.7096e-57	7.43022e-62	1.2077e-65	1.00472e-70	1.00349e-74	5.4049e-80	3.84616e-84	1.42958e-89	1.52463e-93	3.84564e-97	1.98503e-100	6.98467e-104	
N82	4.65745e-29	3.78235e-25	1.75837e-21	4.28788e-19	1.23224e-15	1.57489e-12	3.15824e-12	5.26958e-12	4.51399e-09	1.12671e-05	0.00860559	0.893191	0.0973613	0.000829602	1.57528e-06	1.05754e-09	3.23126e-13	1.99226e-16	7.2038e-19	5.78113e-20	1.56898e-22	6.2561e-24	7.76395e-27	1.66325e-28	1.66893e-32	1.37783e-34	6.32472e-39	1.63194e-41	4.76668e-46	5.27789e-49	1.01852e-53	6.69672e-57	8.55273e-62	4.09866e-65	3.78213e-70	4.77122e-73	7.79393e-78	6.20016e-80	2.26088e-82	1.73647e-84	9.02686e-87	
Chaafr	0	0	0	0	0	0	0	0	0	0	0	1	0	0	0	0	0	0	0	0	0	0	0	0	0	0	0	0	0	0	0	0	0	0	0	0	0	0	0	0	0	
Chacha	0	0	0	0	0	0	0	0	0	0	0	1	0	0	0	0	0	0	0	0	0	0	0	0	0	0	0	0	0	0	0	0	0	0	0	0	0	0	0	0	0	
N83	6.36435e-29	5.2409e-25	2.65148e-21	5.34749e-19	2.50353e-15	5.26124e-12	7.05483e-12	6.22415e-12	4.51422e-09	1.12999e-05	0.0086925	0.913445	0.0773083	0.000541796	8.96016e-07	5.43681e-10	1.54366e-13	1.09381e-16	3.22338e-19	1.45466e-20	3.13058e-23	6.92233e-25	7.53782e-28	8.51932e-30	9.0488e-34	3.95647e-36	1.92335e-40	2.71868e-43	8.18573e-48	5.5325e-51	1.06022e-55	4.72729e-59	5.86538e-64	2.03367e-67	1.91598e-72	2.1406e-75	4.22302e-80	2.02104e-82	4.90146e-85	2.00848e-87	5.57721e-90	
Chacaly	0	0	0	0	0	0	0	0	0	0	0	1	0	0	0	0	0	0	0	0	0	0	0	0	0	0	0	0	0	0	0	0	0	0	0	0	0	0	0	0	0	
Chazey	0	0	0	0	0	0	0	0	0	0	0	1	0	0	0	0	0	0	0	0	0	0	0	0	0	0	0	0	0	0	0	0	0	0	0	0	0	0	0	0	0	
N84	9.80058e-26	2.39386e-22	3.95284e-19	1.33715e-16	9.16202e-14	1.62e-11	3.41123e-11	1.89255e-10	8.19462e-08	6.06254e-05	0.0147897	0.591217	0.364397	0.0289734	0.000558577	3.53696e-06	8.91244e-09	1.04855e-11	7.64572e-15	2.9715e-16	2.31063e-18	2.81075e-19	1.00298e-21	6.84082e-23	3.64624e-26	1.34207e-27	3.10322e-31	6.04679e-33	8.11882e-37	8.31334e-39	7.43026e-43	4.03024e-45	2.56651e-49	7.65955e-52	3.56215e-56	6.4436e-59	2.19051e-63	3.2764e-66	7.91698e-69	2.03249e-70	3.69383e-72	
Chadil	0	0	0	0	0	0	0	0	0	0	0	1	0	0	0	0	0	0	0	0	0	0	0	0	0	0	0	0	0	0	0	0	0	0	0	0	0	0	0	0	0	
Chasen	0	0	0	0	0	0	0	0	0	0	0	1	0	0	0	0	0	0	0	0	0	0	0	0	0	0	0	0	0	0	0	0	0	0	0	0	0	0	0	0	0	
Chanam	0	0	0	0	0	0	0	0	0	0	0	1	0	0	0	0	0	0	0	0	0	0	0	0	0	0	0	0	0	0	0	0	0	0	0	0	0	0	0	0	0	
N85	1.03698e-28	2.67837e-27	7.97745e-26	1.73335e-24	3.30135e-23	1.91488e-20	1.29539e-17	3.7237e-15	1.43282e-13	7.91248e-13	7.84492e-12	1.11836e-09	5.62909e-07	0.00017927	0.0178513	0.327031	0.596912	0.0575218	0.000502282	1.39022e-06	1.73943e-09	1.25245e-12	6.9409e-15	4.20404e-13	3.17278e-13	2.60093e-11	7.20688e-12	3.23332e-10	2.59811e-11	5.88183e-10	1.05134e-11	1.02349e-10	2.97399e-13	1.1594e-12	7.06719e-16	5.34759e-16	1.65515e-19	1.41107e-20	2.66529e-24	1.04464e-25	3.12237e-26	
Riebrev	0	0	0	0	0	0	0	0	0	0	0	0	0	0	0	0	0	0	0	0	0	0	0	0	0	0	0	0	0	0	1	0	0	0	0	0	0	0	0	0	0	
N86	2.0636e-32	3.94891e-28	1.61889e-24	1.74031e-20	5.07116e-21	7.11214e-19	6.12957e-15	2.57211e-11	6.45514e-10	1.31389e-11	1.09305e-13	3.40851e-15	7.73967e-12	2.3034e-08	2.98306e-05	0.0126775	0.959598	0.0275566	0.000137701	2.25158e-07	1.61124e-10	6.87711e-14	2.7473e-17	4.39255e-20	3.49328e-23	4.84165e-26	2.62197e-29	1.93599e-32	6.82702e-36	2.60677e-39	5.1635e-43	9.5933e-47	1.41465e-47	2.12168e-48	1.77731e-50	1.84734e-52	9.75846e-55	9.71139e-57	6.70852e-59	2.6803e-58	5.48383e-57	
N87	2.20919e-42	7.44027e-37	1.66275e-32	2.65338e-27	1.30399e-27	7.15625e-25	7.31015e-20	2.31789e-15	9.14943e-14	7.31633e-17	2.4622e-20	1.05852e-21	8.43526e-17	6.47083e-12	1.83916e-07	0.00133172	0.990965	0.00769812	4.82238e-06	6.78683e-10	3.30839e-14	7.04211e-19	7.59607e-24	2.85021e-28	4.56958e-32	4.43143e-33	1.2494e-34	8.64044e-35	1.73057e-36	8.58963e-37	1.01239e-38	3.7692e-39	1.90323e-41	5.39092e-42	4.01521e-45	3.51485e-46	1.83639e-49	7.38224e-51	3.03372e-54	7.50962e-56	1.10684e-57	
N88	2.09607e-39	4.96989e-36	2.47537e-33	3.64519e-30	2.09349e-30	4.82971e-27	4.10158e-22	1.0077e-17	4.17405e-16	1.94112e-19	1.17895e-22	2.45331e-22	2.46895e-17	2.51025e-12	9.78115e-08	0.000987014	0.992689	0.0063209	2.84215e-06	2.80377e-10	9.63507e-15	1.47075e-19	1.1444e-24	4.79033e-29	3.55737e-32	3.32305e-33	1.64204e-36	7.44519e-38	2.17676e-41	5.23529e-43	7.52502e-47	2.50694e-48	6.04183e-48	5.66817e-47	1.24175e-50	3.00585e-51	5.07071e-55	3.36412e-56	7.12811e-60	5.53063e-59	2.18815e-57	
Braset	0	0	0	0	0	0	0	0	0	0	0	0	0	0	0	0	1	0	0	0	0	0	0	0	0	0	0	0	0	0	0	0	0	0	0	0	0	0	0	0	0	
N89	7.38345e-47	1.04047e-41	3.47166e-37	2.11172e-32	5.39291e-32	6.83009e-29	1.92636e-24	1.7993e-20	5.30792e-19	2.44402e-20	6.53681e-21	9.71079e-21	3.86034e-16	1.63813e-11	2.90466e-07	0.00151383	0.993035	0.00544746	3.18357e-06	5.0291e-10	3.15448e-14	9.68488e-19	1.66194e-23	3.53171e-27	3.3382e-30	1.52671e-31	9.59118e-35	2.38422e-36	1.02315e-39	1.41905e-41	4.25606e-45	3.27598e-47	5.49253e-51	2.39761e-53	1.05123e-58	4.2621e-62	1.20828e-67	1.77343e-71	3.13689e-77	5.24637e-81	6.62819e-84	
N90	2.53339e-50	2.15219e-44	1.27396e-39	5.89087e-34	1.12587e-34	2.32897e-31	8.58421e-26	1.58962e-20	1.94052e-18	4.03343e-20	3.93266e-22	2.79495e-23	3.85319e-18	5.10545e-13	2.84842e-08	0.000472923	0.998474	0.00105262	1.40086e-07	5.5136e-12	9.0885e-17	7.57335e-22	3.65408e-27	2.46685e-31	2.34235e-35	3.4318e-38	2.00201e-42	1.47599e-45	5.3054e-50	1.94176e-53	4.3044e-58	7.32242e-62	8.71486e-67	5.89106e-71	3.5631e-77	2.29354e-82	4.91776e-89	1.18432e-94	7.64932e-102	9.37045e-108	9.98941e-114	
Bramel	0	0	0	0	0	0	0	0	0	0	0	0	0	0	0	0	1	0	0	0	0	0	0	0	0	0	0	0	0	0	0	0	0	0	0	0	0	0	0	0	0	
Bratha	0	0	0	0	0	0	0	0	0	0	0	0	0	0	0	0	1	0	0	0	0	0	0	0	0	0	0	0	0	0	0	0	0	0	0	0	0	0	0	0	0	
N91	4.45691e-49	9.19171e-44	3.89698e-39	5.1578e-34	7.36321e-34	1.96354e-30	2.29354e-25	1.33239e-20	2.30021e-18	3.33411e-19	2.16759e-20	9.96521e-21	4.17541e-16	1.71328e-11	2.965e-07	0.00152407	0.994846	0.00362814	1.64407e-06	2.17697e-10	1.20015e-14	3.34677e-19	5.39493e-24	1.35884e-27	6.39728e-31	6.98607e-33	2.16268e-36	1.29185e-38	2.7238e-42	9.0807e-45	1.34893e-48	2.46198e-51	2.29169e-55	2.16695e-58	9.4376e-64	9.48239e-68	2.34287e-73	1.31083e-77	1.97167e-83	1.57516e-87	4.97076e-91	
Bradra	0	0	0	0	0	0	0	0	0	0	0	0	0	0	0	0	1	0	0	0	0	0	0	0	0	0	0	0	0	0	0	0	0	0	0	0	0	0	0	0	0	
Bratra	0	0	0	0	0	0	0	0	0	0	0	0	0	0	0	0	1	0	0	0	0	0	0	0	0	0	0	0	0	0	0	0	0	0	0	0	0	0	0	0	0	
N92	6.0865e-43	4.62017e-38	6.40877e-34	2.1853e-29	8.48441e-30	4.69601e-27	9.48074e-23	1.13009e-18	8.02864e-17	7.9358e-18	3.75438e-19	1.25525e-19	3.1384e-15	7.71252e-11	8.01728e-07	0.00248665	0.991812	0.00569667	4.15783e-06	8.96648e-10	8.10998e-14	3.73223e-18	1.00543e-22	3.26457e-26	1.69486e-29	1.34615e-31	4.65078e-35	2.0269e-37	4.7793e-41	1.1658e-43	1.95388e-47	2.6096e-50	2.87271e-54	1.90001e-57	1.47417e-62	1.40094e-66	5.85343e-72	3.44487e-76	8.80315e-82	7.14849e-86	1.56507e-89	
Bragut	0	0	0	0	0	0	0	0	0	0	0	0	0	0	0	0	1	0	0	0	0	0	0	0	0	0	0	0	0	0	0	0	0	0	0	0	0	0	0	0	0	
Braven	0	0	0	0	0	0	0	0	0	0	0	0	0	0	0	0	1	0	0	0	0	0	0	0	0	0	0	0	0	0	0	0	0	0	0	0	0	0	0	0	0	
N93	2.17939e-36	5.25684e-32	4.12647e-28	4.42061e-24	7.31803e-24	3.46509e-21	1.86791e-17	3.50161e-14	3.78295e-13	2.158e-15	8.54578e-17	8.18569e-17	5.53824e-13	3.72903e-09	1.05444e-05	0.00884499	0.969368	0.0217144	6.21116e-05	5.18087e-08	1.78839e-11	3.10595e-15	3.11764e-19	2.60641e-22	4.49938e-25	1.14819e-26	1.36172e-29	1.92458e-31	1.54926e-34	1.25169e-36	6.69207e-40	3.13556e-42	8.87322e-46	2.43334e-48	6.94876e-53	3.87745e-56	6.73572e-61	1.9851e-64	2.27214e-69	6.35174e-73	4.00804e-76	
Brapum	0	0	0	0	0	0	0	0	0	0	0	0	0	0	0	0	1	0	0	0	0	0	0	0	0	0	0	0	0	0	0	0	0	0	0	0	0	0	0	0	0	
Bradam	0	0	0	0	0	0	0	0	0	0	0	0	0	0	0	0	1	0	0	0	0	0	0	0	0	0	0	0	0	0	0	0	0	0	0	0	0	0	0	0	0	
