#Nodes with GAIN events with expectation above 0.5
Leiolep: 2.96549
N2: 0.749476
N4: 0.681175
B3088: 0.932953
BGA709: 0.807996
BGA309: 0.807996
PGA445: 1.81362
FGA379: 1.52415
Furcep: 1.78968
FGA331: 1.68062
FGA104: 0.628483
FGA174: 1.00087
CGA312: 1.15389
C601: 1.00274
CGA236: 0.526787
C3125: 1.46344
C12265: 0.737155
C3126: 1.63616
N57: 1.06285
C2208: 1.06082
N61: 1.29814
N66: 0.694372
N69: 0.742555
Triowe: 0.515064
N73: 0.744452
N76: 0.744142
Kinxen: 1.23312
N84: 1.27909
Total number of gain events: 48.6222
#+++++++++++++++++++++++++++++

#Nodes with LOSS events with expectation above 0.5
Leiolep: 3.48391
N2: 1.77183
B3088: 1.11627
BGA709: 0.999827
BGA309: 0.999827
B983: 0.509735
B11604: 0.509735
PGA445: 1.5763
N14: 0.853339
N15: 1.96433
Rhaspe: 5.02593
Rhamar: 4.74647
Rhatem: 3.86591
N19: 0.753732
FGA379: 0.728915
N20: 2.05815
N21: 0.850578
F3015: 1.99153
F1476: 1.38169
N29: 0.752014
FGA465: 1.13522
FGA99: 0.924988
FGA15: 0.876386
FGA489: 1.84742
FurbGB: 2.40935
CGA763: 1.04937
Calboe: 2.60954
CGA429: 1.7344
N50: 0.743948
C984: 2.1435
CGA310: 1.00724
N52: 0.753017
CGA494: 1.16516
N55: 1.3411
C404: 1.0637
CGA45: 1.05567
C3121: 0.896398
N71: 3.80263
Trijac: 0.819681
Kinxen: 0.899731
N78: 2.51927
N79: 1.84479
Chadil: 0.576029
Chasen: 0.576029
Chanam: 2.5982
N84: 0.932367
Total number of loss events: 95.003
#+++++++++++++++++++++++++++++

#Nodes with duplication events with expectation above 0.5
Total number of duplication events: 4.95861e-53
#+++++++++++++++++++++++++++++

#Nodes with demi-duplication events with expectation above 0.5
Total number of demi-dulications events: 0
#+++++++++++++++++++++++++++++

#+++++++++++++++++++++++++++++

#Nodes with transitions in base number with expectation above 0.5
Total number of transitions in base number: 0
#+++++++++++++++++++++++++++++

#EVENTS NOT ACCOUNTED FOR IN THE SIMULATIONS: 
NONE
#+++++++++++++++++++++++++++++

#ALL EVENTS EXPECTATIONS PER NODE
NODE	GAIN	LOSS	DUPLICATION	DEMI-DUPLICATION	BASE-NUMBER
Leiolep	2.96549	3.48391	0	0	0
N2	0.749476	1.77183	1.37568e-67	0	0
N3	0.337262	0.0707096	2.58355e-71	0	0
N4	0.681175	0.293528	2.93139e-78	0	0
N5	0.103994	0.0710547	1.21851e-85	0	0
B3088	0.932953	1.11627	0	0	0
N6	0.108898	0.100427	4.31245e-85	0	0
BGA709	0.807996	0.999827	0	0	0
BGA309	0.807996	0.999827	0	0	0
N7	0.248997	0.248593	5.50832e-89	0	0
N8	0.313625	0.367239	4.32644e-81	0	0
B11696	0.290147	0.387274	0	0	0
B11609	0.290147	0.387274	0	0	0
N9	0.0614312	0.0757857	5.48612e-98	0	0
N10	0.01698	0.0205838	1.0509e-102	0	0
N11	0.104993	0.121164	2.18082e-84	0	0
B983	0.393119	0.509735	0	0	0
B11604	0.393119	0.509735	0	0	0
N12	0.248851	0.315768	7.92554e-89	0	0
BGAA1	0.187774	0.253644	0	0	0
BGA584	0.187774	0.253644	0	0	0
N13	0.23638	0.289782	1.20613e-97	0	0
BGA303	0.247635	0.330624	0	0	0
BGAB1	0.247635	0.330624	0	0	0
PGA445	1.81362	1.5763	0	0	0
N14	0.0431962	0.853339	1.95947e-76	0	0
N15	0.0236156	1.96433	1.28252e-72	0	0
Rhaspe	0.343452	5.02593	0	0	0
N16	0.00737905	0.288468	4.95857e-53	0	0
Rhamar	0.347894	4.74647	0	0	0
Rhatem	0.467337	3.86591	0	0	0
N17	0.0908933	0.0178492	9.33787e-92	0	0
N18	0.330094	0.16653	4.49106e-94	0	0
N19	0.036038	0.753732	2.74658e-77	0	0
FGA379	1.52415	0.728915	0	0	0
N20	0.0220845	2.05815	5.39707e-68	0	0
N21	0.0324677	0.850578	3.72076e-67	0	0
N22	0.00213511	0.48453	1.58274e-72	0	0
F3015	0.145743	1.99153	0	0	0
N23	0.00351394	0.139758	2.40218e-68	0	0
N24	0.0105505	0.0875651	2.77145e-71	0	0
N25	0.00639417	0.332924	5.28444e-82	0	0
N26	0.00499034	0.025158	9.01187e-83	0	0
F1476	0.0959524	1.38169	0	0	0
N27	0.0214759	0.0183372	3.68571e-75	0	0
Furcep	1.78968	0.0785574	0	0	0
N28	0.0039419	0.145237	8.79455e-76	0	0
Furpol	0.173184	0.320744	0	0	0
N29	0.0127177	0.752014	6.0034e-72	0	0
N30	0.0133983	0.298561	1.05456e-67	0	0
F2241	0.024836	0.147938	0	0	0
Furang	0.024836	0.147938	0	0	0
FGA490	0.0631366	0.471401	0	0	0
N31	0.0112307	0.212826	4.10523e-85	0	0
N32	0.0154178	0.0438158	6.30778e-75	0	0
N33	0.0341659	0.0134281	4.07038e-78	0	0
N34	0.00562891	0.041725	3.96549e-83	0	0
N35	0.016621	0.055766	4.7031e-79	0	0
FGA456	0.0276175	0.0490253	0	0	0
FGA513	0.0276175	0.0490253	0	0	0
F12278	0.0649406	0.125493	0	0	0
N36	0.290003	0.0168756	1.3506e-80	0	0
Furant	0.0299992	0.399816	0	0	0
FGA331	1.68062	0.0504348	0	0	0
FGA465	0.0593121	1.13522	0	0	0
N37	0.0192704	0.247582	7.51628e-77	0	0
FGA99	0.0489909	0.924988	0	0	0
N38	0.0246463	0.0538402	6.99809e-68	0	0
FGA15	0.0295827	0.876386	0	0	0
FGA581	0.200344	0.0471481	0	0	0
FGA104	0.628483	0.260916	0	0	0
FGA489	0.137957	1.84742	0	0	0
FGA174	1.00087	0.334023	0	0	0
FurbGB	0.254852	2.40935	0	0	0
N39	0.200473	0.00828082	2.78853e-88	0	0
N40	0.229913	0.0498634	2.33945e-82	0	0
N41	0.294642	0.417597	3.92112e-81	0	0
CGA312	1.15389	0.325926	0	0	0
N42	0.0157246	0.146051	9.37615e-91	0	0
N43	0.00259368	0.27167	1.06017e-111	0	0
N44	0.0197177	0.00791978	3.84181e-100	0	0
N45	0.370344	0.141695	8.1395e-101	0	0
CGA642	0.115685	0.128634	0	0	0
N46	0.0251895	0.0150595	1.47415e-94	0	0
CGA763	0.0262894	1.04937	0	0	0
C601	1.00274	0.0258216	0	0	0
N47	0.0103984	0.0294673	1.51341e-92	0	0
CGA236	0.526787	0.292018	0	0	0
N48	0.0118476	0.144319	2.46919e-84	0	0
N49	0.133703	0.189818	2.87045e-79	0	0
Calboe	0.0329326	2.60954	0	0	0
C3125	1.46344	0.04369	0	0	0
CGA429	0.101675	1.7344	0	0	0
N50	0.000941688	0.743948	1.85559e-97	0	0
C984	0.118169	2.1435	0	0	0
N51	0.00376345	0.20054	2.67276e-79	0	0
CGA310	0.178788	1.00724	0	0	0
N52	0.0412019	0.753017	3.17461e-78	0	0
CGA365	0.163642	0.280278	0	0	0
CGA494	0.04852	1.16516	0	0	0
N53	0.480888	0.0818995	1.60735e-101	0	0
N54	0.0127293	0.0868496	3.29906e-94	0	0
C12265	0.737155	0.103732	0	0	0
N55	0.0212429	1.3411	7.3375e-94	0	0
C404	0.0169797	1.0637	0	0	0
N56	0.00857869	0.0249092	3.37364e-100	0	0
Cl11778	0.0334459	0.0638342	0	0	0
CGA48	0.0334459	0.0638342	0	0	0
C3126	1.63616	0.0768579	0	0	0
N57	1.06285	0.292613	3.83067e-87	0	0
CGA311	0.322513	0.387747	0	0	0
N58	0.032258	0.0116362	5.70849e-91	0	0
N59	0.0348754	0.142196	1.49942e-96	0	0
CGA45	0.0771329	1.05567	0	0	0
N60	0.0305554	0.0152631	1.81163e-102	0	0
C3043	0.147098	0.140927	0	0	0
CGA364	0.147098	0.140927	0	0	0
C2208	1.06082	0.146674	0	0	0
N61	1.29814	0.476321	6.85991e-85	0	0
N62	0.102567	0.0970465	5.61135e-87	0	0
CGA453	0.126559	0.0687803	0	0	0
N63	0.0168784	0.0783242	6.91519e-101	0	0
CGA501	0.143645	0.0244209	0	0	0
C3121	0.015623	0.896398	0	0	0
N64	0.239622	0.175828	4.51453e-95	0	0
Calparcri	0.00505814	0.00555307	0	0	0
C3118	0.00505814	0.00555307	0	0	0
N65	0.0223334	0.016866	8.14301e-93	0	0
N66	0.694372	0.0715291	2.20013e-88	0	0
N67	0.301382	0.248059	2.0631e-83	0	0
N68	0.0701913	0.350317	5.40336e-75	0	0
N69	0.742555	0.074246	2.29367e-81	0	0
Triowe	0.515064	0.344434	0	0	0
N70	0.107978	0.0306047	6.48459e-83	0	0
Trijoh	0.380395	0.287172	0	0	0
Trimel	0.380395	0.287172	0	0	0
N71	0.0595742	3.80263	2.82618e-70	0	0
N72	0.0129342	0.374209	1.95617e-68	0	0
Trihoe	0.0536935	0.433934	0	0	0
Tribit	0.0536935	0.433934	0	0	0
Trijac	0.078065	0.819681	0	0	0
N73	0.744452	0.229513	6.79663e-79	0	0
Tricri	0.410941	0.366577	0	0	0
N74	0.11785	0.0707324	2.81961e-84	0	0
Triwie	0.240209	0.242973	0	0	0
Triqua	0.240209	0.242973	0	0	0
N75	0.360176	0.0809842	2.4976e-78	0	0
N76	0.744142	0.417803	2.33085e-74	0	0
Kinboe	0.408714	0.401664	0	0	0
Kinfis	0.408714	0.401664	0	0	0
Kinxen	1.23312	0.899731	0	0	0
N77	0.00778594	0.109707	2.4214e-77	0	0
N78	0.0722811	2.51927	3.58477e-58	0	0
N79	0.120359	1.84479	5.71025e-59	0	0
N80	0.0459023	0.408691	1.15033e-70	0	0
N81	0.0188207	0.0644958	9.00462e-71	0	0
Chaafr	0.0720702	0.150808	0	0	0
Chacha	0.0720702	0.150808	0	0	0
N82	0.0251347	0.0894265	2.68555e-72	0	0
Chacaly	0.055416	0.115537	0	0	0
Chazey	0.055416	0.115537	0	0	0
N83	0.0267387	0.121972	6.85936e-62	0	0
Chadil	0.184061	0.576029	0	0	0
Chasen	0.184061	0.576029	0	0	0
Chanam	0.386564	2.5982	0	0	0
N84	1.27909	0.932367	3.257e-78	0	0
N85	0.0179398	0.0234915	1.00045e-95	0	0
N86	0.0015345	0.0021474	2.1716e-110	0	0
Braset	0.0831351	0.086063	0	0	0
N87	0.00568205	0.00630027	6.7559e-99	0	0
N88	0.038711	0.0406208	7.95623e-105	0	0
Bramel	0.00284611	0.0032459	0	0	0
Bratha	0.00284611	0.0032459	0	0	0
N89	0.0186801	0.019583	2.29107e-100	0	0
Bradra	0.0145557	0.0159624	0	0	0
Bratra	0.0145557	0.0159624	0	0	0
N90	0.0447462	0.0461115	5.42588e-109	0	0
Bragut	0.0165595	0.018735	0	0	0
Braven	0.0165595	0.018735	0	0	0
N91	0.0497683	0.0502203	2.35819e-86	0	0
Brapum	0.0572059	0.0658464	0	0	0
Bradam	0.0572059	0.0658464	0	0	0
#+++++++++++++++++++++++++++++

#Expected number of events from root to leaf
LEAF	GAIN	LOSS	DUPLICATION	DEMI-DUPLICATION	BASE-NUMBER
Leiolep	2.96549	3.48391	0	0	0
B3088	2.80486	3.3234	1.37594e-67	0	0
BGA709	2.7888	3.30738	1.37594e-67	0	0
BGA309	2.7888	3.30738	1.37594e-67	0	0
B11696	2.62068	3.13918	1.37594e-67	0	0
B11609	2.62068	3.13918	1.37594e-67	0	0
B983	2.59343	3.11193	1.37594e-67	0	0
B11604	2.59343	3.11193	1.37594e-67	0	0
BGAA1	2.53195	3.05045	1.37594e-67	0	0
BGA584	2.53195	3.05045	1.37594e-67	0	0
BGA303	2.56236	3.08086	1.37594e-67	0	0
BGAB1	2.56236	3.08086	1.37594e-67	0	0
PGA445	2.90036	3.41885	1.37594e-67	0	0
Rhaspe	1.15974	9.61543	1.37569e-67	0	0
Rhamar	1.17156	9.62444	4.95857e-53	0	0
Rhatem	1.291	8.74388	4.95857e-53	0	0
FGA379	2.77385	4.2922	1.37568e-67	0	0
F3015	1.45213	8.94807	5.63616e-67	0	0
F1476	1.42779	8.92363	5.87665e-67	0	0
Furcep	3.14299	7.63884	5.87665e-67	0	0
Furpol	1.53044	8.02626	5.87665e-67	0	0
F2241	1.4082	8.90403	6.93127e-67	0	0
Furang	1.4082	8.90403	6.93127e-67	0	0
FGA490	1.43311	8.92893	5.87671e-67	0	0
FGA456	1.43753	7.93337	5.87665e-67	0	0
FGA513	1.43753	7.93337	5.87665e-67	0	0
F12278	1.45823	7.95408	5.87665e-67	0	0
Furant	1.70766	8.20355	5.87665e-67	0	0
FGA331	3.35828	7.85417	5.87665e-67	0	0
FGA465	1.4128	8.90865	5.87665e-67	0	0
FGA99	1.40634	8.90218	5.87665e-67	0	0
FGA15	1.41157	8.90742	6.57646e-67	0	0
FGA581	1.58234	8.07818	6.57646e-67	0	0
FGA104	1.94893	7.44478	5.87665e-67	0	0
FGA489	1.44786	8.94371	5.87638e-67	0	0
FGA174	2.30512	6.80603	5.63614e-67	0	0
FurbGB	1.52663	8.03078	1.91538e-67	0	0
CGA312	3.09257	3.61122	1.37568e-67	0	0
CGA642	2.46275	3.98126	1.37568e-67	0	0
CGA763	2.39855	4.91706	1.37568e-67	0	0
C601	3.375	3.89351	1.37568e-67	0	0
CGA236	2.51391	4.03242	1.37568e-67	0	0
Calboe	2.16561	6.68408	1.37568e-67	0	0
C3125	3.59611	4.11823	1.37568e-67	0	0
CGA429	2.10064	5.61912	1.37568e-67	0	0
C984	2.07612	6.59046	1.37568e-67	0	0
CGA310	2.1405	5.65474	1.37568e-67	0	0
CGA365	2.16655	5.6808	1.37568e-67	0	0
CGA494	2.05143	6.56567	1.37568e-67	0	0
C12265	3.18518	3.70382	1.37568e-67	0	0
C404	2.48625	6.00489	1.37568e-67	0	0
Cl11778	2.5113	5.02994	1.37568e-67	0	0
CGA48	2.5113	5.02994	1.37568e-67	0	0
C3126	4.07146	3.5901	1.37568e-67	0	0
CGA311	3.02941	3.54806	1.37568e-67	0	0
CGA45	2.85116	4.36981	1.37568e-67	0	0
C3043	2.95168	3.47033	1.37568e-67	0	0
CGA364	2.95168	3.47033	1.37568e-67	0	0
C2208	3.79997	3.31862	1.37568e-67	0	0
CGA453	2.9414	3.45998	1.37568e-67	0	0
CGA501	2.97536	3.49394	1.37568e-67	0	0
C3121	2.84734	4.36592	1.37568e-67	0	0
Calparcri	2.95695	3.47553	1.37568e-67	0	0
C3118	2.95695	3.47553	1.37568e-67	0	0
Triowe	3.22946	3.74847	1.37568e-67	0	0
Trijoh	3.20277	3.72181	1.37568e-67	0	0
Trimel	3.20277	3.72181	1.37568e-67	0	0
Trihoe	2.09805	7.94057	1.57412e-67	0	0
Tribit	2.09805	7.94057	1.57412e-67	0	0
Trijac	2.10948	7.95211	1.3785e-67	0	0
Tricri	3.05705	3.57556	1.37568e-67	0	0
Triwie	3.00416	3.52269	1.37568e-67	0	0
Triqua	3.00416	3.52269	1.37568e-67	0	0
Kinboe	3.1133	3.63187	1.37568e-67	0	0
Kinfis	3.1133	3.63187	1.37568e-67	0	0
Kinxen	3.19357	3.71213	1.37568e-67	0	0
Chaafr	1.24312	7.75765	4.1558e-58	0	0
Chacha	1.24312	7.75765	4.1558e-58	0	0
Chacaly	1.23278	7.74731	4.1558e-58	0	0
Chazey	1.23278	7.74731	4.1558e-58	0	0
Chadil	1.31712	7.83166	4.15649e-58	0	0
Chasen	1.31712	7.83166	4.15649e-58	0	0
Chanam	1.37253	7.88707	3.58477e-58	0	0
Braset	2.29539	3.81366	1.37568e-67	0	0
Bramel	2.25949	3.77777	1.37568e-67	0	0
Bratha	2.25949	3.77777	1.37568e-67	0	0
Bradra	2.25117	3.76945	1.37568e-67	0	0
Bratra	2.25117	3.76945	1.37568e-67	0	0
Bragut	2.27202	3.7903	1.37568e-67	0	0
Braven	2.27202	3.7903	1.37568e-67	0	0
Brapum	2.29975	3.81803	1.37568e-67	0	0
Bradam	2.29975	3.81803	1.37568e-67	0	0
