NODE	1	2	3	4	5	6	7	8	9	10	11	12	13	14	15	16	17	18	19	20	21	22	23	24	25	26	27	28	29	30	31	32	33	34	35	36	37	38	39	40	41	
N1	1.79372e-12	8.27774e-11	3.96883e-09	1.43465e-07	3.76994e-06	7.01827e-05	0.000899342	0.00767381	0.0419632	0.140763	0.275846	0.30004	0.172932	0.0513138	0.00783729	0.000630053	2.75506e-05	6.78984e-07	9.76733e-09	8.48235e-11	4.59276e-13	1.01698e-17	4.88056e-19	1.93104e-20	6.37785e-22	1.77859e-23	4.23181e-25	8.67249e-27	1.54411e-28	2.40737e-30	3.31007e-32	4.04009e-34	4.40337e-36	4.30906e-38	3.80495e-40	3.04561e-42	2.21918e-44	1.47777e-46	9.03011e-49	5.15127e-51	4.17928e-53	
Leiolep	0	0	0	0	0	0	0	0	0	0	0	0	0	0	0	0	0	1	0	0	0	0	0	0	0	0	0	0	0	0	0	0	0	0	0	0	0	0	0	0	0	
N2	3.47493e-24	3.32572e-21	2.66753e-18	1.5378e-15	6.12957e-13	1.6253e-10	2.73727e-08	2.76496e-06	0.000155731	0.00444544	0.0566465	0.274385	0.427951	0.201616	0.0327497	0.00200102	4.71023e-05	4.42926e-07	1.8835e-09	4.10455e-12	5.06813e-15	3.83146e-18	1.88346e-21	6.31404e-25	1.50004e-28	2.60642e-32	3.4007e-36	3.40679e-40	2.67086e-44	1.66588e-48	8.38629e-53	3.45078e-57	1.17368e-61	3.33269e-66	7.97141e-71	1.61905e-75	2.81275e-80	4.20742e-85	5.45178e-90	6.15748e-95	7.21509e-100	
N3	1.53728e-25	1.39418e-22	1.09711e-19	6.43487e-17	2.72755e-14	8.06535e-12	1.59317e-09	1.99116e-07	1.46916e-05	0.00058522	0.0112353	0.091523	0.290033	0.365629	0.19381	0.043194	0.00384185	0.00013158	1.95911e-06	1.44284e-08	5.83572e-11	1.40733e-13	2.15932e-16	2.2202e-19	1.59543e-22	8.29415e-26	3.21048e-29	9.47986e-33	2.17996e-36	3.9741e-40	5.83305e-44	6.9872e-48	6.91283e-52	5.70909e-56	3.97335e-60	2.35034e-64	1.19076e-68	5.20326e-73	1.97355e-77	6.5519e-82	2.48063e-86	
N4	2.07375e-37	1.22349e-33	5.97892e-30	2.1797e-26	5.77033e-23	1.07487e-19	1.35644e-16	1.10733e-13	5.52462e-11	1.57036e-08	2.33583e-06	0.000165206	0.0050811	0.0634293	0.295993	0.448913	0.174193	0.0120536	0.000169326	7.28739e-07	1.27616e-09	1.09288e-12	5.18314e-16	1.4874e-19	2.75856e-23	3.47843e-27	3.10445e-31	2.02593e-35	9.93057e-40	3.7395e-44	1.10267e-48	2.58821e-53	4.90508e-58	7.59939e-63	9.73061e-68	1.03974e-72	9.35119e-78	7.13346e-83	4.64748e-88	2.60225e-93	1.40414e-98	
N5	1.59547e-38	9.4583e-35	4.69466e-31	1.7631e-27	4.88938e-24	9.73394e-21	1.34505e-17	1.23841e-14	7.22609e-12	2.51102e-09	4.81001e-07	4.62331e-05	0.00200503	0.0352828	0.225666	0.457892	0.247759	0.0304529	0.000886837	7.86647e-06	2.6902e-08	4.23227e-11	3.48423e-14	1.65154e-17	4.84702e-21	9.32083e-25	1.22861e-28	1.15147e-32	7.90848e-37	4.08232e-41	1.61806e-45	5.01545e-50	1.23516e-54	2.45028e-59	3.96299e-64	5.28165e-69	5.85526e-74	5.44502e-79	4.27945e-84	2.86372e-89	1.92393e-94	
B3088	0	0	0	0	0	0	0	0	0	0	0	0	0	0	0	0	0	1	0	0	0	0	0	0	0	0	0	0	0	0	0	0	0	0	0	0	0	0	0	0	0	
N6	5.14775e-36	1.25809e-32	2.73735e-29	4.70466e-26	6.26152e-23	6.30977e-20	4.68732e-17	2.48563e-14	9.04597e-12	2.15138e-09	3.14297e-07	2.60583e-05	0.00110849	0.0213804	0.162502	0.419843	0.322528	0.0684623	0.00406446	8.43781e-05	7.52646e-07	3.36314e-09	8.42112e-12	1.2844e-14	1.27183e-17	8.59498e-21	4.12601e-24	1.45371e-27	3.8625e-31	7.91821e-35	1.27706e-38	1.64782e-42	1.72608e-46	1.48671e-50	1.06492e-54	6.40775e-59	3.26811e-63	1.42431e-67	5.34327e-72	1.73859e-76	6.22712e-81	
N7	1.24908e-43	1.52353e-42	1.82886e-41	2.02785e-40	2.0625e-39	1.91083e-38	1.59962e-37	1.19866e-36	7.9518e-36	4.60968e-35	2.29935e-34	9.69032e-34	3.37777e-33	9.50946e-33	2.1111e-32	1.40278e-11	8.44315e-06	0.999991	9.25363e-07	1.7669e-13	1.57312e-32	7.61552e-33	3.20362e-33	1.18775e-33	3.92759e-34	1.1701e-34	3.16783e-35	7.85154e-36	1.79306e-36	3.79415e-37	7.47576e-38	1.37757e-38	2.38328e-39	3.88462e-40	5.98403e-41	8.73655e-42	1.21199e-42	1.60137e-43	2.01952e-44	2.43694e-45	3.1503e-46	
BGA709	0	0	0	0	0	0	0	0	0	0	0	0	0	0	0	0	0	1	0	0	0	0	0	0	0	0	0	0	0	0	0	0	0	0	0	0	0	0	0	0	0	
BGA710	0	0	0	0	0	0	0	0	0	0	0	0	0	0	0	0	0	1	0	0	0	0	0	0	0	0	0	0	0	0	0	0	0	0	0	0	0	0	0	0	0	
BGA309	0	0	0	0	0	0	0	0	0	0	0	0	0	0	0	0	0	1	0	0	0	0	0	0	0	0	0	0	0	0	0	0	0	0	0	0	0	0	0	0	0	
N8	1.16521e-45	1.63478e-41	1.91991e-37	1.74077e-33	1.19343e-29	6.03726e-26	2.18878e-22	5.48989e-19	9.12298e-16	9.51804e-13	5.82542e-10	1.91877e-07	3.04987e-05	0.00204573	0.0492748	0.346747	0.516492	0.0841513	0.00125451	4.79023e-06	6.95261e-09	4.76668e-12	1.77236e-15	3.93229e-19	5.58283e-23	5.34938e-27	3.60707e-31	1.77017e-35	6.4993e-40	1.82678e-44	4.00767e-49	6.97704e-54	9.77714e-59	1.11656e-63	1.05046e-68	8.21916e-74	5.39342e-79	2.99032e-84	1.41012e-89	5.68952e-95	2.19136e-100	
N9	1.58711e-44	9.14747e-41	4.65581e-37	1.91857e-33	6.3023e-30	1.62118e-26	3.19858e-23	4.72289e-20	5.06755e-17	3.81186e-14	1.92238e-11	6.14097e-09	1.15356e-06	0.000115238	0.00531791	0.0925279	0.454176	0.420814	0.0266494	0.000395973	2.18034e-06	5.64789e-09	7.97007e-12	6.76681e-15	3.71336e-18	1.39028e-21	3.70463e-25	7.26801e-29	1.07941e-32	1.242e-36	1.12915e-40	8.24846e-45	4.91271e-49	2.41618e-53	9.92378e-58	3.43792e-62	1.01358e-66	2.56355e-71	5.6051e-76	1.08967e-80	4.41644e-85	
N10	8.68198e-49	2.31262e-47	5.90889e-46	1.39655e-44	3.03499e-43	6.02357e-42	1.08319e-40	1.74839e-39	2.50494e-38	3.1425e-37	3.39453e-36	3.09123e-35	2.30944e-34	1.36567e-33	6.09177e-33	1.04743e-11	8.24452e-06	0.999991	1.04196e-06	1.88619e-13	8.46914e-33	2.694e-33	7.04157e-34	1.55692e-34	2.97655e-35	5.0051e-36	7.50357e-37	1.01411e-37	1.24692e-38	1.40566e-39	1.4624e-40	1.41205e-41	1.27167e-42	1.07279e-43	8.51014e-45	6.36968e-46	4.51215e-47	3.0334e-48	1.94016e-49	1.18337e-50	7.29457e-52	
B11696	0	0	0	0	0	0	0	0	0	0	0	0	0	0	0	0	0	1	0	0	0	0	0	0	0	0	0	0	0	0	0	0	0	0	0	0	0	0	0	0	0	
B11697	0	0	0	0	0	0	0	0	0	0	0	0	0	0	0	0	0	1	0	0	0	0	0	0	0	0	0	0	0	0	0	0	0	0	0	0	0	0	0	0	0	
N11	1.84696e-78	2.00107e-72	1.59391e-66	9.11616e-61	3.75381e-55	1.11025e-49	2.34148e-44	3.47773e-39	3.57231e-34	2.47488e-29	1.11789e-24	3.14518e-20	5.17861e-16	4.57329e-12	1.90878e-08	3.10389e-05	0.0142987	0.984052	0.00161767	4.55888e-07	4.24859e-11	1.74867e-15	3.74419e-20	4.62933e-25	3.54941e-30	1.77566e-35	6.01582e-41	1.41874e-46	2.37656e-52	2.86847e-58	2.51803e-64	1.61535e-70	7.57528e-77	2.58537e-83	6.35756e-90	1.1074e-96	1.33043e-103	1.05807e-110	5.22025e-118	1.43191e-125	1.86252e-133	
B11609	0	0	0	0	0	0	0	0	0	0	0	0	0	0	0	0	0	1	0	0	0	0	0	0	0	0	0	0	0	0	0	0	0	0	0	0	0	0	0	0	0	
BGA392	0	0	0	0	0	0	0	0	0	0	0	0	0	0	0	0	0	1	0	0	0	0	0	0	0	0	0	0	0	0	0	0	0	0	0	0	0	0	0	0	0	
N12	4.62169e-56	4.07469e-51	2.87492e-46	1.53313e-41	6.04867e-37	1.72119e-32	3.42605e-28	4.59596e-24	3.9682e-20	2.08145e-16	6.16067e-13	9.34481e-10	6.39244e-07	0.000166143	0.0130715	0.23171	0.620101	0.133787	0.00116168	1.67363e-06	7.13428e-10	1.22024e-13	1.00869e-17	4.5636e-22	1.23436e-26	2.13095e-31	2.46861e-36	1.99587e-41	1.16213e-46	4.9991e-52	1.62236e-57	4.07603e-63	3.36814e-66	2.27036e-67	1.04142e-68	3.16575e-70	6.17016e-72	7.37065e-74	5.07119e-76	1.84266e-78	3.3301e-81	
N13	5.38349e-57	4.78959e-52	3.44472e-47	1.89906e-42	7.864e-38	2.38779e-33	5.16414e-29	7.67892e-25	7.51466e-21	4.58033e-17	1.61973e-13	3.02558e-10	2.6275e-07	8.87431e-05	0.0090733	0.200842	0.630231	0.158135	0.00162687	2.72105e-06	1.33324e-09	2.61186e-13	2.47157e-17	1.2811e-21	3.97567e-26	7.88873e-31	1.05246e-35	9.82053e-41	6.61446e-46	3.29935e-51	1.24483e-56	3.61537e-62	8.2072e-68	2.90789e-72	9.42478e-74	1.94872e-75	2.30503e-77	1.44479e-79	4.34817e-82	5.61934e-85	3.04393e-88	
N14	1.95288e-48	2.25732e-44	2.27053e-40	1.84295e-36	1.18821e-32	5.97524e-29	2.29417e-25	6.55651e-22	1.35264e-18	1.93987e-15	1.84427e-12	1.09304e-09	3.71816e-07	6.46166e-05	0.00481613	0.115739	0.551854	0.3141	0.0133017	0.000124099	4.0833e-07	6.10584e-10	4.85238e-13	2.27776e-16	6.81269e-20	1.37438e-23	1.95472e-27	2.03048e-31	1.58551e-35	9.53246e-40	4.50285e-44	1.70026e-48	5.20911e-53	1.31183e-57	2.74677e-62	4.83044e-67	7.19917e-72	9.16675e-77	1.00449e-81	9.53818e-87	9.04932e-92	
N15	2.86085e-48	6.76057e-47	1.54317e-45	3.27064e-44	6.39986e-43	1.1488e-41	1.87765e-40	2.76974e-39	3.6486e-38	4.23725e-37	4.26957e-36	3.65806e-35	2.59597e-34	1.47352e-33	6.37769e-33	1.39173e-11	9.46897e-06	0.999989	1.23877e-06	2.77195e-13	1.06868e-32	3.84446e-33	1.14957e-33	2.93247e-34	6.5103e-35	1.2778e-35	2.2455e-36	3.56988e-37	5.17894e-38	6.90634e-39	8.51902e-40	9.77266e-41	1.04753e-41	1.05354e-42	9.97847e-44	8.92959e-45	7.57237e-46	6.10125e-47	4.68207e-48	3.42997e-49	2.5711e-50	
B985	0	0	0	0	0	0	0	0	0	0	0	0	0	0	0	0	0	1	0	0	0	0	0	0	0	0	0	0	0	0	0	0	0	0	0	0	0	0	0	0	0	
B983	0	0	0	0	0	0	0	0	0	0	0	0	0	0	0	0	0	1	0	0	0	0	0	0	0	0	0	0	0	0	0	0	0	0	0	0	0	0	0	0	0	
N16	9.47587e-58	3.40083e-53	1.04882e-48	2.62309e-44	5.24357e-40	8.23901e-36	9.97817e-32	9.10078e-28	6.07927e-24	2.8746e-20	9.22168e-17	1.9009e-13	2.34374e-10	1.56653e-07	4.92414e-05	0.00584723	0.182526	0.795273	0.0162443	6.0332e-05	7.54956e-08	4.22719e-11	1.25002e-14	2.17713e-18	2.41267e-22	1.80199e-26	9.48346e-31	3.64343e-35	1.05168e-39	2.33585e-44	4.07292e-49	5.67133e-54	6.39989e-59	5.92821e-64	4.55913e-69	2.99242e-74	6.07604e-79	8.1111e-81	4.18784e-82	2.10097e-83	1.05464e-84	
N17	4.82597e-55	3.16271e-53	1.9544e-51	1.11789e-49	5.88505e-48	2.83271e-46	1.23708e-44	4.85673e-43	1.69524e-41	5.18987e-40	1.37007e-38	3.05157e-37	5.57142e-36	8.01337e-35	8.57142e-34	2.13503e-12	4.38307e-06	0.999995	5.64e-07	4.44007e-14	1.59208e-33	2.42536e-34	2.95479e-35	2.99253e-36	2.58931e-37	1.95333e-38	1.30501e-39	7.81784e-41	4.24206e-42	2.10236e-43	9.5834e-45	4.04207e-46	1.58557e-47	5.8103e-49	1.99679e-50	6.45774e-52	1.97134e-53	5.69583e-55	1.56142e-56	4.07008e-58	1.0351e-59	
B199	0	0	0	0	0	0	0	0	0	0	0	0	0	0	0	0	0	1	0	0	0	0	0	0	0	0	0	0	0	0	0	0	0	0	0	0	0	0	0	0	0	
BGAA3	0	0	0	0	0	0	0	0	0	0	0	0	0	0	0	0	0	1	0	0	0	0	0	0	0	0	0	0	0	0	0	0	0	0	0	0	0	0	0	0	0	
N18	4.79437e-55	3.14435e-53	1.94448e-51	1.11301e-49	5.8635e-48	2.82429e-46	1.23423e-44	4.84871e-43	1.6935e-41	5.18768e-40	1.37027e-38	3.05362e-37	5.5778e-36	8.02577e-35	8.58728e-34	4.28854e-12	6.20845e-06	0.999993	7.9803e-07	8.90217e-14	1.59119e-33	2.4222e-34	2.94867e-35	2.98399e-36	2.57986e-37	1.94463e-38	1.29812e-39	7.77011e-41	4.21262e-42	2.086e-43	9.50069e-45	4.00373e-46	1.56917e-47	5.74519e-49	1.97269e-50	6.37418e-52	1.94412e-53	5.61218e-55	1.53712e-56	4.00316e-58	1.01714e-59	
B11604	0	0	0	0	0	0	0	0	0	0	0	0	0	0	0	0	0	1	0	0	0	0	0	0	0	0	0	0	0	0	0	0	0	0	0	0	0	0	0	0	0	
BGA583	0	0	0	0	0	0	0	0	0	0	0	0	0	0	0	0	0	1	0	0	0	0	0	0	0	0	0	0	0	0	0	0	0	0	0	0	0	0	0	0	0	
N19	2.78377e-53	7.04731e-49	1.52042e-44	2.62276e-40	3.55995e-36	3.73201e-32	2.95629e-28	1.724e-24	7.17171e-21	2.04718e-17	3.81905e-14	4.3718e-11	2.82303e-08	9.14334e-06	0.00124861	0.054557	0.478693	0.452887	0.0125393	6.51992e-05	1.1152e-07	8.3139e-11	3.1995e-14	7.11423e-18	9.90315e-22	9.16247e-26	5.90117e-30	2.74482e-34	9.49943e-39	2.50729e-43	5.15249e-48	8.39012e-53	1.09902e-57	1.17326e-62	1.0325e-67	7.56539e-73	4.65649e-78	2.42652e-83	1.07851e-88	4.20297e-94	3.19004e-99	
N20	5.80388e-50	1.76283e-48	5.13796e-47	1.39086e-45	3.47744e-44	7.97915e-43	1.66778e-41	3.14758e-40	5.30737e-39	7.89303e-38	1.01881e-36	1.11827e-35	1.01614e-34	7.37081e-34	5.1736e-15	1.32916e-09	9.84531e-05	0.999889	1.29947e-05	2.82126e-11	2.07159e-17	2.29624e-33	5.62308e-34	1.16429e-34	2.08521e-35	3.28717e-36	4.62462e-37	5.87163e-38	6.78999e-39	7.20702e-40	7.06748e-41	6.43934e-42	5.47785e-43	4.36951e-44	3.2806e-45	2.32612e-46	1.56236e-47	9.9673e-49	6.05463e-50	3.50998e-51	2.05241e-52	
BGA89	0	0	0	0	0	0	0	0	0	0	0	0	0	0	0	0	0	1	0	0	0	0	0	0	0	0	0	0	0	0	0	0	0	0	0	0	0	0	0	0	0	
BGA40	0	0	0	0	0	0	0	0	0	0	0	0	0	0	0	0	0	1	0	0	0	0	0	0	0	0	0	0	0	0	0	0	0	0	0	0	0	0	0	0	0	
N21	1.50851e-55	4.82615e-51	1.31556e-46	2.88436e-42	5.00845e-38	6.76521e-34	6.96025e-30	5.3191e-26	2.9293e-22	1.12006e-18	2.83774e-15	4.48539e-12	4.08157e-09	1.9116e-06	0.000390431	0.0266763	0.384171	0.57176	0.0169158	8.40122e-05	1.31352e-07	8.76542e-11	2.98584e-14	5.83859e-18	7.11922e-22	5.75531e-26	3.2337e-30	1.31079e-34	3.95087e-39	9.07827e-44	1.62376e-48	2.30109e-53	2.62313e-58	2.43712e-63	1.86668e-68	1.19056e-73	6.37972e-79	2.90898e-84	1.51332e-89	3.92059e-93	4.36992e-95	
N22	1.16099e-51	4.54275e-50	1.69549e-48	5.87575e-47	1.88022e-45	5.52029e-44	1.47596e-42	3.56207e-41	7.67748e-40	1.4587e-38	2.4037e-37	3.36446e-36	3.89156e-35	3.58187e-34	2.48456e-33	9.14545e-12	8.59206e-06	0.99999	1.11647e-06	1.97492e-13	4.99106e-33	1.22771e-33	2.45156e-34	4.11097e-35	5.93323e-36	7.50901e-37	8.45579e-38	8.57213e-39	7.89866e-40	6.66842e-41	5.19321e-42	3.75242e-43	2.5283e-44	1.59548e-45	9.46634e-47	5.2989e-48	2.80695e-49	1.41098e-50	6.7472e-52	3.07632e-53	1.39735e-54	
BGAA2	0	0	0	0	0	0	0	0	0	0	0	0	0	0	0	0	0	1	0	0	0	0	0	0	0	0	0	0	0	0	0	0	0	0	0	0	0	0	0	0	0	
BGAA1	0	0	0	0	0	0	0	0	0	0	0	0	0	0	0	0	0	1	0	0	0	0	0	0	0	0	0	0	0	0	0	0	0	0	0	0	0	0	0	0	0	
N23	7.21166e-52	2.97303e-50	1.16733e-48	4.25356e-47	1.43034e-45	1.26649e-62	2.11921e-55	9.50672e-49	1.80326e-42	1.69036e-36	8.39213e-31	2.23996e-25	3.15427e-20	2.21995e-15	7.03157e-11	8.36651e-07	0.00264423	0.997033	0.000321757	1.6216e-08	2.60021e-13	1.75851e-18	5.79127e-24	1.00887e-29	9.67702e-36	5.15936e-42	1.49634e-48	2.19219e-55	1.38308e-62	2.376e-70	3.06667e-42	2.09509e-43	1.3344e-44	7.95847e-46	4.4619e-47	2.35967e-48	1.18076e-49	5.60589e-51	2.53156e-52	1.08989e-53	4.66304e-55	
BGA584	0	0	0	0	0	0	0	0	0	0	0	0	0	0	0	0	0	1	0	0	0	0	0	0	0	0	0	0	0	0	0	0	0	0	0	0	0	0	0	0	0	
BGA706	0	0	0	0	0	0	0	0	0	0	0	0	0	0	0	0	0	1	0	0	0	0	0	0	0	0	0	0	0	0	0	0	0	0	0	0	0	0	0	0	0	
N24	2.47957e-47	2.09322e-43	1.55219e-39	9.3528e-36	4.51094e-32	1.71164e-28	5.00727e-25	1.10268e-21	1.77619e-18	2.02057e-15	1.55376e-12	7.63557e-10	2.22635e-07	3.47672e-05	0.00250602	0.0662559	0.443589	0.461235	0.0260545	0.000322978	1.43587e-06	2.94622e-09	3.25322e-12	2.14328e-15	9.07216e-19	2.60836e-22	5.31931e-26	7.96549e-30	9.01021e-34	7.88236e-38	5.44029e-42	3.01321e-46	1.35918e-50	5.05766e-55	1.57024e-59	4.10855e-64	9.14129e-69	1.74372e-73	2.89358e-78	6.08697e-83	9.38072e-86	
N25	8.22137e-50	2.5523e-48	7.57785e-47	2.0834e-45	5.27316e-44	1.22049e-42	2.5631e-41	4.8388e-40	8.12118e-39	1.1954e-37	1.51734e-36	2.59371e-28	2.46387e-22	6.47535e-17	5.46754e-12	1.38689e-07	0.000990839	0.998887	0.000121677	2.47949e-09	1.67285e-14	3.82058e-20	3.05769e-26	7.22348e-33	1.74311e-35	2.62663e-36	3.52391e-37	4.25719e-38	4.67476e-39	4.70263e-40	4.36279e-41	3.75424e-42	3.01145e-43	2.26163e-44	1.59637e-45	1.06266e-46	6.69177e-48	3.99729e-49	2.27065e-50	1.22941e-51	6.6814e-53	
BGA304	0	0	0	0	0	0	0	0	0	0	0	0	0	0	0	0	0	1	0	0	0	0	0	0	0	0	0	0	0	0	0	0	0	0	0	0	0	0	0	0	0	
BGA303	0	0	0	0	0	0	0	0	0	0	0	0	0	0	0	0	0	1	0	0	0	0	0	0	0	0	0	0	0	0	0	0	0	0	0	0	0	0	0	0	0	
N26	9.52745e-50	2.8925e-48	8.40565e-47	2.2627e-45	5.60943e-44	1.27222e-42	2.61928e-41	4.85056e-40	7.99102e-39	1.15551e-37	1.4423e-36	1.52133e-35	1.31903e-34	9.05659e-34	4.67601e-33	4.9803e-12	5.89192e-06	0.999993	7.46042e-07	9.4029e-14	7.28361e-33	2.14967e-33	5.19015e-34	1.05693e-34	1.85732e-35	2.8664e-36	3.93966e-37	4.87707e-38	5.48895e-39	5.66043e-40	5.38427e-41	4.75123e-42	3.9088e-43	3.01113e-44	2.18038e-45	1.48914e-46	9.62205e-48	5.89819e-49	3.4385e-50	1.91082e-51	1.06734e-52	
BGAB1	0	0	0	0	0	0	0	0	0	0	0	0	0	0	0	0	0	1	0	0	0	0	0	0	0	0	0	0	0	0	0	0	0	0	0	0	0	0	0	0	0	
BGA7	0	0	0	0	0	0	0	0	0	0	0	0	0	0	0	0	0	1	0	0	0	0	0	0	0	0	0	0	0	0	0	0	0	0	0	0	0	0	0	0	0	
N27	6.143e-39	3.67915e-38	2.21295e-37	1.22483e-36	6.16719e-36	2.8037e-35	1.1416e-34	4.12702e-34	1.31234e-33	3.63575e-33	8.69643e-33	1.78236e-32	3.11522e-32	4.63922e-32	1.86122e-13	9.96269e-09	0.000213351	0.99977	1.67361e-05	6.24284e-11	9.65427e-17	7.74338e-33	3.76889e-33	1.68316e-33	6.93514e-34	2.64943e-34	9.4265e-35	3.13615e-35	9.79206e-36	2.87883e-36	7.99332e-37	2.10185e-37	5.24723e-38	1.24657e-38	2.82411e-39	6.11332e-40	1.26676e-40	2.51686e-41	4.80247e-42	8.83035e-43	1.85623e-43	
PGA445	0	0	0	0	0	0	0	0	0	0	0	0	0	0	0	0	0	1	0	0	0	0	0	0	0	0	0	0	0	0	0	0	0	0	0	0	0	0	0	0	0	
PGA363	0	0	0	0	0	0	0	0	0	0	0	0	0	0	0	0	0	1	0	0	0	0	0	0	0	0	0	0	0	0	0	0	0	0	0	0	0	0	0	0	0	
N28	1.17509e-30	1.29518e-26	1.00943e-22	4.8911e-19	1.39189e-15	2.17149e-12	1.7065e-09	6.09851e-07	8.81249e-05	0.00456372	0.0762551	0.372259	0.447102	0.0968292	0.00288913	1.30059e-05	1.38247e-08	5.01137e-12	7.80529e-16	6.10482e-20	2.67616e-24	7.12371e-29	1.22296e-33	1.41841e-38	1.15281e-43	6.76057e-49	2.92935e-54	9.56148e-60	2.38958e-65	5.09192e-71	1.20636e-72	9.60332e-73	1.16133e-72	7.6225e-73	2.26733e-73	2.76521e-74	1.20907e-75	1.6358e-77	6.87302e-80	1.32277e-82	2.29392e-85	
N29	3.79422e-20	2.79458e-17	1.71972e-14	6.97141e-12	1.75905e-09	2.6084e-07	2.12173e-05	0.000871433	0.0163978	0.127114	0.367445	0.366171	0.113286	0.00856395	0.000129273	5.83316e-07	1.10676e-09	1.06239e-12	5.7932e-16	1.94477e-19	4.26579e-23	6.40252e-27	6.82272e-31	5.32058e-35	3.11402e-39	7.16258e-41	1.41994e-42	2.07864e-44	2.19317e-46	1.63993e-48	8.5994e-51	3.14324e-53	8.04478e-56	1.48022e-58	2.07503e-61	2.40006e-64	2.4474e-67	2.27257e-70	1.94216e-73	1.53481e-76	1.29379e-79	
Rhaspe	0	0	0	0	0	0	0	0	0	1	0	0	0	0	0	0	0	0	0	0	0	0	0	0	0	0	0	0	0	0	0	0	0	0	0	0	0	0	0	0	0	
N30	2.23811e-18	9.11891e-16	3.14208e-13	7.4347e-11	1.1472e-08	1.09405e-06	6.04111e-05	0.00178304	0.0255476	0.159166	0.385738	0.330811	0.0902686	0.0065022	0.000120874	8.59887e-07	2.9792e-09	5.79729e-12	6.9561e-15	5.49777e-18	3.00642e-21	1.18162e-24	3.44043e-28	7.60535e-32	1.30258e-35	1.75807e-39	1.89686e-43	1.65619e-47	1.18251e-51	7.38501e-56	1.17281e-57	2.19008e-58	2.64617e-59	1.97038e-60	8.57964e-62	2.0703e-63	2.63462e-65	1.68805e-67	5.61041e-70	1.29889e-72	3.4285e-75	
Rhamar	0	0	0	0	0	0	0	0	0	1	0	0	0	0	0	0	0	0	0	0	0	0	0	0	0	0	0	0	0	0	0	0	0	0	0	0	0	0	0	0	0	
Rhatem	0	0	0	0	0	0	0	0	0	0	1	0	0	0	0	0	0	0	0	0	0	0	0	0	0	0	0	0	0	0	0	0	0	0	0	0	0	0	0	0	0	
N31	1.33921e-35	5.94299e-33	2.15693e-29	7.34075e-25	1.4985e-20	1.63176e-16	8.55591e-13	1.88953e-09	1.4872e-06	0.000346223	0.0200058	0.24547	0.541163	0.184159	0.00879477	6.04e-05	7.24158e-08	2.07544e-11	1.96604e-15	7.80614e-20	1.52793e-24	1.64968e-29	1.06363e-34	4.33674e-40	2.04872e-45	2.38494e-48	2.47351e-51	1.1503e-54	1.92734e-56	2.44757e-56	1.86286e-56	7.96574e-57	1.79523e-57	2.01524e-58	1.11077e-59	3.24748e-61	6.02022e-63	8.72009e-65	1.1375e-66	1.40714e-68	1.72192e-70	
N32	1.56009e-36	2.84731e-32	3.95838e-28	3.83632e-24	2.49167e-20	1.03242e-16	2.56212e-13	3.50349e-10	2.35395e-07	6.58528e-05	0.00595337	0.118311	0.461179	0.354267	0.0582317	0.00197671	1.51208e-05	3.10033e-08	2.15725e-11	6.38788e-15	9.46219e-19	7.85618e-23	3.97152e-27	1.30103e-31	2.89844e-36	4.56252e-41	5.23391e-46	4.48775e-51	2.93725e-56	1.49355e-61	6.2442e-67	9.52392e-70	2.49114e-71	4.51063e-73	5.49586e-75	4.3515e-77	2.13751e-79	6.12825e-82	9.63302e-85	1.16475e-87	8.16037e-90	
N33	2.99476e-29	8.88602e-26	2.19056e-22	3.9671e-19	5.0993e-16	4.46014e-13	2.51447e-10	8.4994e-08	1.55603e-05	0.00132273	0.0401979	0.261014	0.45577	0.214134	0.0265825	0.000951044	1.19112e-05	6.02279e-08	1.42611e-10	1.79223e-13	1.31676e-16	6.08909e-20	1.87655e-23	4.03221e-27	6.26482e-31	7.25143e-35	6.41055e-39	4.42033e-43	2.42052e-47	1.06907e-51	3.8603e-56	1.15326e-60	2.88071e-65	6.07312e-70	1.08972e-74	1.67686e-79	2.22808e-84	2.57227e-89	2.59487e-94	2.30074e-99	2.11933e-104	
N34	2.42234e-39	2.06373e-38	1.72252e-37	1.29971e-36	8.75786e-36	5.20709e-35	2.69316e-34	1.19137e-33	4.4186e-33	1.34305e-32	3.26684e-32	6.23359e-32	9.26029e-32	1.08076e-31	1.747e-10	2.86999e-05	0.99997	1.30221e-06	3.7285e-13	5.52287e-33	2.07546e-33	7.02749e-34	2.16251e-34	6.09265e-35	1.58174e-35	3.80521e-36	8.5248e-37	1.78626e-37	3.51441e-38	6.51501e-39	1.14155e-39	1.89591e-40	2.99227e-41	4.49843e-42	6.4555e-43	8.86054e-44	1.1653e-44	1.47094e-45	1.78483e-46	2.08588e-47	2.62176e-48	
FGA379	0	0	0	0	0	0	0	0	0	0	0	0	0	0	0	0	1	0	0	0	0	0	0	0	0	0	0	0	0	0	0	0	0	0	0	0	0	0	0	0	0	
F647	0	0	0	0	0	0	0	0	0	0	0	0	0	0	0	0	1	0	0	0	0	0	0	0	0	0	0	0	0	0	0	0	0	0	0	0	0	0	0	0	0	
N35	3.3083e-27	8.85943e-24	1.94075e-20	3.05524e-17	3.32457e-14	2.38389e-11	1.05882e-08	2.68001e-06	0.000343252	0.0184865	0.297452	0.493437	0.173905	0.015956	0.000413518	3.51808e-06	1.21805e-08	2.03694e-11	1.86403e-14	1.02269e-17	3.60279e-21	8.59271e-25	1.44689e-28	1.77952e-32	1.64395e-36	1.16782e-40	6.50745e-45	2.89341e-49	1.04186e-53	3.07781e-58	7.54512e-63	1.55056e-67	2.69571e-72	4.02116e-77	6.47944e-82	4.13123e-86	5.11591e-90	4.5881e-94	2.92601e-98	1.509e-102	1.80703e-106	
N36	3.60745e-32	4.50445e-28	4.33371e-24	2.89078e-20	1.27961e-16	3.55287e-13	5.73812e-10	4.8501e-07	0.000183066	0.0236113	0.589137	0.350697	0.0356232	0.000744542	3.24861e-06	4.32033e-09	2.30884e-12	5.95191e-16	8.3818e-20	7.04433e-24	3.77141e-28	1.35172e-32	3.37108e-37	6.03203e-42	7.937e-47	7.84411e-52	1.00002e-54	7.06325e-55	3.30064e-55	9.87003e-56	1.81566e-56	1.93963e-57	1.10437e-58	2.93482e-60	2.93462e-62	7.95614e-65	6.65834e-68	4.95284e-71	4.12632e-74	2.13739e-76	4.59584e-78	
N37	4.64593e-35	1.73711e-30	4.72653e-26	8.43037e-22	9.3355e-18	5.98411e-14	2.02145e-10	3.15587e-07	0.000187351	0.0307474	0.748331	0.214785	0.00592481	2.41175e-05	1.81828e-08	4.05829e-12	3.63708e-16	1.58186e-20	3.78477e-25	5.43884e-30	5.00576e-35	3.09739e-40	1.33775e-45	4.15354e-51	9.49152e-57	1.64135e-62	2.75605e-65	3.67782e-66	3.25903e-67	1.87035e-68	4.29898e-69	6.48121e-67	4.99389e-65	1.40248e-63	1.12784e-62	2.77871e-62	9.09104e-62	2.92396e-61	4.79207e-61	5.29975e-61	5.35472e-61	
N38	8.47731e-41	1.23195e-39	1.6993e-38	2.09162e-37	2.26415e-36	2.11741e-35	1.67143e-34	1.07923e-33	2.66282e-12	3.98712e-06	0.999994	1.81573e-06	5.36119e-13	4.42014e-32	2.23836e-32	9.09936e-33	3.07561e-33	8.87144e-34	2.22767e-34	4.94652e-35	9.83591e-36	1.76962e-36	2.90561e-37	4.38581e-38	6.12382e-39	7.95237e-40	9.64977e-41	1.09871e-41	1.17811e-42	1.19358e-43	1.14594e-44	1.04535e-45	9.08238e-47	7.53234e-48	5.97478e-49	4.54123e-50	3.313e-51	2.32351e-52	1.56883e-53	1.02125e-54	6.82095e-56	
F3016	0	0	0	0	0	0	0	0	0	0	1	0	0	0	0	0	0	0	0	0	0	0	0	0	0	0	0	0	0	0	0	0	0	0	0	0	0	0	0	0	0	
F3015	0	0	0	0	0	0	0	0	0	0	1	0	0	0	0	0	0	0	0	0	0	0	0	0	0	0	0	0	0	0	0	0	0	0	0	0	0	0	0	0	0	
N39	4.09983e-36	2.07613e-31	7.61345e-27	1.82762e-22	2.71691e-18	2.32627e-14	1.03959e-10	2.10871e-07	0.00015735	0.0305749	0.797078	0.169787	0.00239863	4.00488e-06	1.39815e-09	1.64562e-13	8.51619e-18	2.28006e-22	3.51883e-27	3.37802e-32	2.13295e-37	9.23985e-43	2.8369e-48	6.3327e-54	1.04871e-59	1.30913e-65	1.30466e-71	4.24598e-74	2.24048e-75	1.25975e-73	9.99827e-71	3.67852e-68	5.49628e-66	2.75769e-64	3.46053e-63	6.50753e-63	5.6352e-64	1.88514e-65	4.32972e-67	9.07568e-69	1.9369e-70	
N40	8.6798e-37	4.13012e-32	1.46303e-27	3.52684e-23	5.50589e-19	5.21432e-15	2.73894e-11	7.01326e-08	7.16944e-05	0.0207226	0.825224	0.152124	0.00185545	2.70911e-06	1.01223e-09	1.42544e-13	9.44352e-18	3.38799e-22	7.24488e-27	9.89225e-32	9.07854e-37	5.82477e-42	2.69443e-47	9.20921e-53	2.37191e-58	4.67736e-64	7.15326e-70	8.57189e-76	8.55549e-82	2.03595e-84	5.73495e-86	9.2876e-88	7.91623e-90	3.11664e-92	4.63707e-95	1.9427e-98	2.36896e-102	1.19205e-105	2.18106e-108	4.06533e-111	7.18584e-114	
N41	1.11527e-43	4.21539e-38	1.08405e-32	1.785e-27	1.78236e-22	1.00171e-17	2.85068e-13	3.50977e-09	1.45452e-05	0.0129441	0.906914	0.0800246	0.000102321	1.45714e-08	5.25382e-13	7.06644e-18	4.40846e-23	1.46028e-28	2.8094e-34	3.34115e-40	1.05469e-45	6.40742e-48	1.82633e-50	1.28428e-53	1.69608e-57	1.65168e-61	1.36689e-65	9.72506e-70	5.99028e-74	3.21347e-78	1.50892e-82	6.22856e-87	2.26839e-91	7.31107e-96	2.09064e-100	5.31512e-105	1.20357e-109	2.43909e-114	5.41053e-119	2.39734e-122	6.14073e-125	
N42	3.30419e-40	4.37844e-36	5.71495e-31	4.81155e-26	2.4959e-21	7.48178e-17	1.18167e-12	8.5527e-09	2.26365e-05	0.0145737	0.903745	0.0814876	0.000171384	5.25166e-08	4.19273e-12	1.27018e-16	1.80669e-21	1.37369e-26	6.07371e-32	1.65158e-37	2.86602e-43	4.45175e-49	1.82047e-51	5.16789e-54	8.34124e-58	8.04805e-62	6.52408e-66	2.96342e-67	2.66739e-66	1.73307e-65	7.82986e-65	2.34139e-64	4.33297e-64	5.20489e-64	2.10178e-63	1.5377e-62	2.18951e-62	2.25122e-62	2.253e-62	2.25302e-62	2.25302e-62	
N43	6.62912e-42	1.30559e-40	2.41058e-39	3.96357e-38	5.71662e-37	7.09495e-36	7.38574e-35	6.22186e-34	5.33886e-12	5.93591e-06	0.999992	2.41785e-06	8.71669e-13	1.90038e-32	6.86186e-33	1.98534e-33	4.77889e-34	9.83173e-35	1.76415e-35	2.8046e-36	4.00024e-37	5.17163e-38	6.11206e-39	6.6509e-40	6.70449e-41	6.29422e-42	5.52857e-43	4.56184e-44	3.54883e-45	2.61122e-46	1.82248e-47	1.20968e-48	7.65407e-50	4.62655e-51	2.67681e-52	1.48509e-53	7.91378e-55	4.05673e-56	2.00331e-57	9.54517e-59	4.62966e-60	
F1476	0	0	0	0	0	0	0	0	0	0	1	0	0	0	0	0	0	0	0	0	0	0	0	0	0	0	0	0	0	0	0	0	0	0	0	0	0	0	0	0	0	
FGA81	0	0	0	0	0	0	0	0	0	0	1	0	0	0	0	0	0	0	0	0	0	0	0	0	0	0	0	0	0	0	0	0	0	0	0	0	0	0	0	0	0	
N44	4.96513e-40	5.34994e-35	4.20393e-30	2.23032e-25	7.60846e-21	1.56418e-16	1.77197e-12	9.71188e-09	2.09952e-05	0.0124318	0.870888	0.115671	0.000986	1.47047e-06	3.51094e-10	2.68862e-14	8.95957e-19	1.54195e-23	1.52881e-28	9.41514e-34	3.80316e-39	1.04952e-44	2.04114e-50	2.86587e-56	2.95984e-62	2.29416e-68	5.13485e-72	1.44203e-73	7.6126e-75	1.56701e-71	2.4023e-68	1.59429e-65	3.90455e-63	2.74363e-61	3.58677e-60	3.70205e-60	9.32763e-62	1.73711e-63	3.08967e-65	5.28379e-67	9.0972e-69	
Furcep	0	0	0	0	0	0	0	0	0	0	0	0	0	1	0	0	0	0	0	0	0	0	0	0	0	0	0	0	0	0	0	0	0	0	0	0	0	0	0	0	0	
N45	2.29343e-36	9.34073e-32	2.8397e-27	5.90841e-23	8.02542e-19	6.68843e-15	3.14227e-11	7.36833e-08	7.14472e-05	0.0206507	0.86998	0.108645	0.000651657	7.00897e-07	2.26709e-10	3.00342e-14	1.9712e-18	7.26227e-23	1.6382e-27	2.41025e-32	2.42573e-37	1.73271e-42	9.04414e-48	3.53121e-53	1.05105e-58	2.422e-64	4.37559e-70	6.26087e-76	7.15428e-82	2.29915e-86	2.6329e-87	1.97589e-88	8.8334e-90	2.11389e-91	2.22908e-93	6.54996e-96	9.22761e-100	7.64069e-104	5.51251e-108	3.67095e-112	2.38411e-116	
Furpol	0	0	0	0	0	0	0	0	0	0	0	1	0	0	0	0	0	0	0	0	0	0	0	0	0	0	0	0	0	0	0	0	0	0	0	0	0	0	0	0	0	
N46	2.24439e-33	4.61124e-29	7.143e-25	7.63528e-21	5.36001e-17	2.31671e-13	5.64722e-10	6.84407e-07	0.000338965	0.0485101	0.917812	0.0332316	0.000106203	8.61974e-08	2.69175e-11	4.04044e-15	3.3491e-19	1.68526e-23	5.51423e-28	1.23596e-32	1.97675e-37	2.33112e-42	2.08227e-47	1.44085e-52	7.87162e-58	3.45098e-63	1.23131e-68	3.6197e-74	8.86245e-80	1.82458e-85	3.18567e-91	4.7531e-97	6.10196e-103	6.78218e-109	6.56318e-115	5.55804e-121	4.13822e-127	2.72046e-133	1.58527e-139	8.21784e-146	3.98927e-152	
N47	8.75291e-35	2.54381e-30	5.53994e-26	8.33346e-22	8.23988e-18	5.01858e-14	1.72292e-10	2.93279e-07	0.000202418	0.039507	0.946735	0.0135323	2.28822e-05	1.0817e-08	2.06697e-12	1.95859e-16	1.0476e-20	3.45823e-25	7.5198e-30	1.1318e-34	1.22586e-39	9.85856e-45	6.04021e-50	2.88053e-55	1.08882e-60	3.31322e-66	8.2259e-72	1.68718e-77	3.12564e-83	4.53099e-88	6.22501e-92	8.45534e-96	1.03862e-99	1.15743e-103	1.17435e-107	1.08837e-111	9.2409e-116	7.20733e-120	5.17634e-124	3.43109e-128	2.15749e-132	
N48	3.2916e-45	1.60735e-43	7.1162e-42	2.76861e-40	9.30067e-39	2.63639e-37	6.11114e-36	9.84891e-16	4.46534e-10	6.05146e-05	0.999923	1.65214e-05	3.51387e-11	2.31327e-17	1.61987e-34	1.69405e-35	1.46776e-36	1.08409e-37	6.97102e-39	3.96589e-40	2.02175e-41	9.33095e-43	3.93209e-44	1.52373e-45	5.46259e-47	1.82114e-48	5.67138e-50	1.65629e-51	4.55178e-53	1.18073e-54	2.89879e-56	6.75209e-58	1.49541e-59	3.15528e-61	6.35391e-63	1.22312e-64	2.25405e-66	3.98201e-68	6.75172e-70	1.09999e-71	1.74997e-73	
F2241	0	0	0	0	0	0	0	0	0	0	1	0	0	0	0	0	0	0	0	0	0	0	0	0	0	0	0	0	0	0	0	0	0	0	0	0	0	0	0	0	0	
F12266	0	0	0	0	0	0	0	0	0	0	1	0	0	0	0	0	0	0	0	0	0	0	0	0	0	0	0	0	0	0	0	0	0	0	0	0	0	0	0	0	0	
Furang	0	0	0	0	0	0	0	0	0	0	1	0	0	0	0	0	0	0	0	0	0	0	0	0	0	0	0	0	0	0	0	0	0	0	0	0	0	0	0	0	0	
Fga490	0	0	0	0	0	0	0	0	0	0	1	0	0	0	0	0	0	0	0	0	0	0	0	0	0	0	0	0	0	0	0	0	0	0	0	0	0	0	0	0	0	
N49	1.55516e-39	1.54218e-34	1.10884e-29	5.38696e-25	1.67883e-20	3.13472e-16	3.19436e-12	1.553e-08	2.92271e-05	0.0147519	0.887021	0.0980624	0.000135298	3.41153e-08	2.84065e-12	1.03915e-16	1.97688e-21	2.18566e-26	1.51898e-31	7.03274e-37	2.26816e-42	5.27805e-48	9.11653e-54	1.19625e-59	1.21569e-65	9.72424e-72	6.20694e-78	3.19864e-84	1.34423e-90	4.64671e-97	1.33112e-103	3.18032e-110	6.37249e-117	1.07594e-123	1.53958e-130	2.50339e-137	4.34667e-143	9.42789e-149	1.16772e-154	9.50865e-161	5.98114e-167	
N50	4.79988e-39	3.68411e-34	2.08039e-29	7.99713e-25	1.99777e-20	3.05002e-16	2.61546e-12	1.1152e-08	1.95677e-05	0.0101589	0.763403	0.225952	0.00046711	1.7749e-07	2.24515e-11	1.25541e-15	3.66538e-20	6.23003e-25	6.65116e-30	4.71494e-35	2.31458e-40	8.1285e-46	2.09511e-51	4.04477e-57	5.94449e-63	6.73683e-69	5.94676e-75	4.12072e-81	2.04873e-85	3.13632e-86	3.16926e-87	2.00148e-88	7.4201e-90	1.4706e-91	1.3415e-93	4.30947e-96	2.7639e-99	2.20325e-103	1.53648e-107	9.76423e-112	5.87313e-116	
N51	5.39525e-44	1.28671e-38	2.19262e-33	2.5174e-28	1.8584e-23	8.29044e-19	2.05275e-14	2.49687e-10	1.23672e-06	0.00180705	0.391166	0.603982	0.00304194	1.65624e-06	1.58228e-10	4.99296e-15	6.95742e-20	5.05079e-25	2.12407e-30	5.56752e-36	9.59016e-42	1.12932e-47	9.36937e-54	5.60487e-60	2.4612e-66	8.04242e-73	1.97825e-79	7.30023e-84	1.61656e-85	3.00952e-83	1.6551e-80	4.18114e-78	4.19977e-76	1.34661e-74	9.52745e-74	7.17899e-74	1.63109e-75	8.39008e-78	4.0344e-80	1.85815e-82	8.30744e-85	
N52	4.49713e-41	4.10982e-36	2.79394e-31	1.32013e-26	4.15782e-22	8.26382e-18	9.6235e-14	5.91093e-10	1.63336e-06	0.00155501	0.295115	0.699938	0.00338815	2.16472e-06	3.95614e-10	2.92888e-14	1.06975e-18	2.18594e-23	2.72457e-28	2.20494e-33	1.21415e-38	4.71594e-44	1.32908e-49	2.77937e-55	4.39051e-61	5.31421e-67	4.98415e-73	3.65358e-79	2.10669e-85	3.1066e-90	2.87395e-91	1.86117e-92	5.9164e-93	7.15345e-93	3.90918e-93	5.36498e-94	3.33826e-96	1.24594e-98	4.27522e-101	1.3857e-103	4.27913e-106	
N53	1.43512e-39	7.16989e-35	2.74023e-30	7.48348e-26	1.40293e-21	1.71455e-17	1.27509e-13	5.24144e-10	1.03166e-06	0.000766295	0.132897	0.860461	0.00586905	5.68797e-06	1.68304e-09	2.12044e-13	1.37083e-17	5.12366e-22	1.20266e-26	1.88359e-31	2.0614e-36	1.63466e-41	9.67059e-47	4.37137e-52	1.54012e-57	4.30074e-63	9.65538e-69	1.76422e-74	2.65472e-80	3.78837e-86	6.42151e-91	6.8325e-95	6.85202e-99	6.15726e-103	4.97006e-107	3.61265e-111	2.36977e-115	1.40534e-119	7.54762e-124	3.79633e-128	9.54374e-132	
FGA456	0	0	0	0	0	0	0	0	0	0	0	1	0	0	0	0	0	0	0	0	0	0	0	0	0	0	0	0	0	0	0	0	0	0	0	0	0	0	0	0	0	
N54	1.63228e-46	9.03487e-45	4.56106e-43	2.04267e-41	7.99232e-40	2.67856e-38	7.48772e-37	1.68176e-35	7.42162e-16	4.56877e-10	7.40654e-05	0.999917	9.32077e-06	1.16332e-11	4.53136e-18	9.921e-35	9.50585e-36	7.58812e-37	5.18681e-38	3.09796e-39	1.64209e-40	7.81974e-42	3.37887e-43	1.33565e-44	4.86334e-46	1.64071e-47	5.15414e-49	1.51423e-50	4.17622e-52	1.08488e-53	2.66238e-55	6.18855e-57	1.36572e-58	2.86752e-60	5.7392e-62	1.09685e-63	2.0048e-65	3.50949e-67	5.89154e-69	9.49603e-71	1.49327e-72	
FGA516	0	0	0	0	0	0	0	0	0	0	0	1	0	0	0	0	0	0	0	0	0	0	0	0	0	0	0	0	0	0	0	0	0	0	0	0	0	0	0	0	0	
FGA513	0	0	0	0	0	0	0	0	0	0	0	1	0	0	0	0	0	0	0	0	0	0	0	0	0	0	0	0	0	0	0	0	0	0	0	0	0	0	0	0	0	
N55	1.4201e-44	5.05422e-43	1.65819e-41	4.84008e-40	1.23808e-38	2.7219e-37	5.01037e-36	7.44316e-35	8.44148e-34	6.40993e-12	8.43321e-06	0.999991	1.0432e-06	1.59916e-13	2.41798e-33	4.42488e-34	6.54091e-35	8.10202e-36	8.63127e-37	8.06326e-38	6.70529e-39	5.0232e-40	3.42311e-41	2.13914e-42	1.2342e-43	6.61272e-45	3.30669e-46	1.54996e-47	6.83642e-49	2.84703e-50	1.12286e-51	4.20542e-53	1.49936e-54	5.10014e-56	1.65848e-57	5.16527e-59	1.54335e-60	4.43095e-62	1.2241e-63	3.25835e-65	8.57777e-67	
F12278	0	0	0	0	0	0	0	0	0	0	0	1	0	0	0	0	0	0	0	0	0	0	0	0	0	0	0	0	0	0	0	0	0	0	0	0	0	0	0	0	0	
F12279	0	0	0	0	0	0	0	0	0	0	0	1	0	0	0	0	0	0	0	0	0	0	0	0	0	0	0	0	0	0	0	0	0	0	0	0	0	0	0	0	0	
N56	2.10183e-39	8.21049e-35	2.50385e-30	5.56465e-26	8.68934e-22	9.10012e-18	6.01172e-14	2.30207e-10	4.51065e-07	0.000368432	0.0827832	0.770584	0.142252	0.0040074	4.69766e-06	1.63075e-09	2.4604e-13	1.95112e-17	9.13978e-22	2.73916e-26	5.5668e-31	8.02008e-36	8.48256e-41	6.77522e-46	4.18295e-51	2.03551e-56	7.93756e-62	2.51589e-67	6.56193e-73	1.42357e-78	2.59343e-84	4.03374e-90	9.85193e-96	5.97318e-100	4.05526e-102	3.10339e-103	7.71773e-105	6.67626e-107	4.64103e-109	3.03958e-111	2.27539e-113	
Furant	0	0	0	0	0	0	0	0	0	0	0	1	0	0	0	0	0	0	0	0	0	0	0	0	0	0	0	0	0	0	0	0	0	0	0	0	0	0	0	0	0	
N57	1.06527e-44	4.95369e-43	2.10554e-41	7.93375e-40	2.60939e-38	7.34226e-37	1.72036e-35	3.23071e-34	4.58795e-33	4.46429e-32	2.43226e-31	1.21856e-09	9.26336e-05	0.999907	5.77299e-07	6.40816e-14	1.41051e-34	1.31253e-35	1.04744e-36	7.31215e-38	4.53396e-39	2.52741e-40	1.27907e-41	5.92451e-43	2.52872e-44	1.00034e-45	3.68592e-47	1.27048e-48	4.1119e-50	1.25376e-51	3.61204e-53	9.85816e-55	2.55482e-56	6.30023e-58	1.48119e-59	3.32557e-61	7.1417e-63	1.46903e-64	2.89811e-66	5.48996e-68	1.01738e-69	
FGA331	0	0	0	0	0	0	0	0	0	0	0	0	0	1	0	0	0	0	0	0	0	0	0	0	0	0	0	0	0	0	0	0	0	0	0	0	0	0	0	0	0	
FGA332	0	0	0	0	0	0	0	0	0	0	0	0	0	1	0	0	0	0	0	0	0	0	0	0	0	0	0	0	0	0	0	0	0	0	0	0	0	0	0	0	0	
FGA465	0	0	0	0	0	0	0	0	0	0	1	0	0	0	0	0	0	0	0	0	0	0	0	0	0	0	0	0	0	0	0	0	0	0	0	0	0	0	0	0	0	
N58	7.53827e-35	2.1789e-30	4.7201e-26	7.04094e-22	6.88551e-18	4.14009e-14	1.4028e-10	2.36368e-07	0.000163136	0.0327803	0.8933	0.07351	0.00024583	1.74378e-07	4.39573e-11	5.09854e-15	3.17793e-19	1.18043e-23	2.81291e-28	4.54374e-33	5.19202e-38	4.34168e-43	2.73117e-48	1.32224e-53	5.02158e-59	1.52052e-64	3.72222e-70	7.45583e-76	1.23488e-81	1.70754e-87	2.05299e-93	7.00115e-99	3.33117e-103	1.95279e-107	1.03488e-111	4.94798e-116	2.1394e-120	8.38277e-125	2.98219e-129	1.00004e-133	4.75372e-137	
N59	1.26935e-43	3.94745e-42	1.13091e-40	2.87051e-39	6.35338e-38	1.20132e-36	1.88759e-35	8.07682e-17	7.91931e-11	2.40412e-05	0.999966	1.01822e-05	1.34575e-11	5.31682e-18	1.73674e-33	3.21081e-34	4.87769e-35	6.27805e-36	7.00215e-37	6.88527e-38	6.05061e-39	4.80435e-40	3.47823e-41	2.31344e-42	1.42275e-43	8.13518e-45	4.34569e-46	2.17784e-47	1.02773e-48	4.58189e-50	1.93555e-51	7.76795e-53	2.96886e-54	1.08292e-55	3.77732e-57	1.26223e-58	4.04749e-60	1.24734e-61	3.69957e-63	1.05744e-64	2.99517e-66	
FGA99	0	0	0	0	0	0	0	0	0	0	1	0	0	0	0	0	0	0	0	0	0	0	0	0	0	0	0	0	0	0	0	0	0	0	0	0	0	0	0	0	0	
F12269	0	0	0	0	0	0	0	0	0	0	1	0	0	0	0	0	0	0	0	0	0	0	0	0	0	0	0	0	0	0	0	0	0	0	0	0	0	0	0	0	0	
N60	3.45076e-35	9.88921e-31	2.13785e-26	3.2137e-22	3.20494e-18	1.99425e-14	7.12428e-11	1.29719e-07	0.000100162	0.023784	0.85351	0.122173	0.00043281	3.29141e-07	9.01549e-11	1.14718e-14	7.89847e-19	3.25728e-23	8.65051e-28	1.56182e-32	1.99909e-37	1.87554e-42	1.32518e-47	7.21092e-53	3.07899e-58	1.04815e-63	2.88361e-69	6.48697e-75	1.20683e-80	2.06603e-86	3.01046e-91	3.16069e-94	2.94243e-96	2.82728e-98	2.56559e-100	2.19884e-102	1.78133e-104	1.36494e-106	9.89702e-109	6.79286e-111	4.44118e-113	
N61	9.66996e-45	3.94533e-43	1.47217e-41	4.85946e-40	1.39646e-38	3.42193e-37	6.95281e-36	1.1257e-34	9.35242e-13	2.61577e-06	0.999996	1.63896e-06	2.80004e-13	6.79792e-33	1.31246e-33	1.9483e-34	2.34332e-35	2.36548e-36	2.05529e-37	1.56639e-38	1.06259e-39	6.49145e-41	3.60541e-42	1.83496e-43	8.61456e-45	3.75166e-46	1.52302e-47	5.78772e-49	2.06648e-50	6.95481e-52	2.2127e-53	6.672e-55	1.9111e-56	5.21074e-58	1.35493e-59	3.3656e-61	7.99845e-63	1.82116e-64	3.97781e-66	8.34438e-68	1.71596e-69	
FGA15	0	0	0	0	0	0	0	0	0	0	1	0	0	0	0	0	0	0	0	0	0	0	0	0	0	0	0	0	0	0	0	0	0	0	0	0	0	0	0	0	0	
FGA440	0	0	0	0	0	0	0	0	0	0	1	0	0	0	0	0	0	0	0	0	0	0	0	0	0	0	0	0	0	0	0	0	0	0	0	0	0	0	0	0	0	
N62	3.78229e-44	1.48346e-42	5.30418e-41	1.66968e-39	4.54836e-38	1.04841e-36	1.9834e-35	2.94782e-34	3.21669e-33	2.75462e-11	2.54189e-05	0.999974	6.3166e-07	6.78687e-14	5.5385e-34	7.14525e-35	7.66182e-36	7.02174e-37	5.61412e-38	3.97823e-39	2.52976e-40	1.45824e-41	7.68341e-43	3.7263e-44	1.6733e-45	6.9927e-47	2.73152e-48	1.00121e-49	3.45518e-51	1.12602e-52	3.47464e-54	1.01764e-55	2.83488e-57	7.52604e-59	1.90743e-60	4.62243e-62	1.07265e-63	2.3866e-65	5.09754e-67	1.04635e-68	2.10588e-70	
FGA581	0	0	0	0	0	0	0	0	0	0	0	1	0	0	0	0	0	0	0	0	0	0	0	0	0	0	0	0	0	0	0	0	0	0	0	0	0	0	0	0	0	
FGA582	0	0	0	0	0	0	0	0	0	0	0	1	0	0	0	0	0	0	0	0	0	0	0	0	0	0	0	0	0	0	0	0	0	0	0	0	0	0	0	0	0	
N63	5.17007e-41	8.33087e-40	1.2662e-38	1.71238e-37	2.02957e-36	2.06867e-35	1.76842e-34	1.22484e-33	6.53558e-33	2.48261e-32	2.09439e-10	3.64377e-05	0.999962	1.7645e-06	6.08246e-13	3.35031e-33	9.09467e-34	2.12328e-34	4.34475e-35	7.90814e-36	1.29562e-36	1.92924e-37	2.63213e-38	3.31292e-39	3.86933e-40	4.21488e-41	4.30111e-42	4.12781e-43	3.73857e-44	3.20542e-45	2.60896e-46	2.0209e-47	1.49317e-48	1.05454e-49	7.13245e-51	4.62802e-52	2.88558e-53	1.73142e-54	1.00116e-55	5.58625e-57	3.17326e-58	
FGA104	0	0	0	0	0	0	0	0	0	0	0	0	1	0	0	0	0	0	0	0	0	0	0	0	0	0	0	0	0	0	0	0	0	0	0	0	0	0	0	0	0	
FGA105	0	0	0	0	0	0	0	0	0	0	0	0	1	0	0	0	0	0	0	0	0	0	0	0	0	0	0	0	0	0	0	0	0	0	0	0	0	0	0	0	0	
FGA489	0	0	0	0	0	0	0	0	0	0	1	0	0	0	0	0	0	0	0	0	0	0	0	0	0	0	0	0	0	0	0	0	0	0	0	0	0	0	0	0	0	
N64	3.51218e-40	4.63228e-39	5.80985e-38	6.48882e-37	6.35781e-36	5.36713e-35	3.81304e-34	1.7052e-27	1.39498e-21	2.90501e-16	1.72497e-11	2.63794e-07	0.00120201	0.998749	4.85725e-05	4.80328e-10	1.78984e-15	2.47676e-21	1.28524e-27	2.06155e-34	1.2189e-35	2.25126e-36	3.80525e-37	5.92682e-38	8.55664e-39	1.15093e-39	1.44879e-40	1.71353e-41	1.91088e-42	2.01556e-43	2.01655e-44	1.91859e-45	1.73991e-46	1.50716e-47	1.24947e-48	9.93121e-50	7.58054e-51	5.5652e-52	3.93512e-53	2.68375e-54	1.88422e-55	
FGA174	0	0	0	0	0	0	0	0	0	0	0	0	0	1	0	0	0	0	0	0	0	0	0	0	0	0	0	0	0	0	0	0	0	0	0	0	0	0	0	0	0	
FGA175	0	0	0	0	0	0	0	0	0	0	0	0	0	1	0	0	0	0	0	0	0	0	0	0	0	0	0	0	0	0	0	0	0	0	0	0	0	0	0	0	0	
FurbGB	0	0	0	0	0	0	0	0	0	0	0	1	0	0	0	0	0	0	0	0	0	0	0	0	0	0	0	0	0	0	0	0	0	0	0	0	0	0	0	0	0	
N65	3.98473e-37	5.69215e-33	6.48252e-29	5.3561e-25	3.1029e-21	1.20788e-17	2.99059e-14	4.37608e-11	3.41536e-08	1.22057e-05	0.001565	0.0487506	0.314804	0.455148	0.165231	0.014173	0.000313031	1.97663e-06	4.11372e-09	3.45387e-12	1.37989e-15	2.96338e-19	3.74221e-23	2.97291e-27	1.56497e-31	5.68618e-36	1.47334e-40	2.79542e-45	3.96907e-50	5.99475e-55	2.12233e-56	1.57577e-57	6.59205e-59	1.43166e-60	1.42884e-62	5.48134e-65	6.72549e-68	3.46144e-71	1.17357e-74	3.39769e-78	1.00262e-81	
N66	1.77152e-35	1.02576e-31	4.97478e-28	1.83232e-24	4.98692e-21	9.70051e-18	1.29333e-14	1.11951e-11	5.84764e-09	1.66087e-06	0.000218765	0.0103153	0.129824	0.420119	0.363029	0.072333	0.00408603	7.31258e-05	4.46883e-07	1.16195e-09	1.51689e-12	1.11638e-15	5.0364e-19	1.4832e-22	2.99409e-26	4.30776e-30	4.56005e-34	3.64661e-38	2.25256e-42	1.09543e-46	4.26319e-51	1.34689e-55	3.49803e-60	7.55142e-65	1.36847e-69	2.10034e-74	2.75224e-79	3.10437e-84	3.05748e-89	2.77491e-94	3.32602e-99	
N67	6.39258e-43	8.87562e-39	1.04122e-34	9.41967e-31	6.42321e-27	3.21278e-23	1.14017e-19	2.75408e-16	4.29407e-13	4.03085e-10	2.07275e-07	5.11454e-05	0.00500407	0.146252	0.670444	0.169617	0.00851391	0.000118012	4.6626e-07	7.17667e-10	5.29147e-13	2.13845e-16	5.20087e-20	8.15057e-24	8.6704e-28	6.52207e-32	3.58521e-36	1.47963e-40	4.6889e-45	1.16285e-49	2.29383e-54	3.64967e-59	4.74108e-64	5.0821e-69	4.53736e-74	3.40202e-79	2.16156e-84	1.91857e-89	3.44577e-93	3.73103e-97	2.56367e-101	
N68	4.75019e-44	8.20898e-43	1.3697e-41	2.09664e-40	2.92112e-39	3.67117e-38	4.11734e-37	4.06709e-36	3.48113e-35	2.5289e-34	1.51779e-33	2.89142e-27	2.12529e-21	3.85426e-16	1.96597e-11	2.76781e-07	0.00121453	0.998746	3.92443e-05	3.17445e-10	9.75971e-16	1.12207e-21	4.86435e-28	6.5412e-35	7.05962e-36	1.2321e-36	1.97373e-37	2.92098e-38	4.01608e-39	5.15494e-40	6.20367e-41	7.02618e-42	7.51444e-43	7.61185e-44	7.32284e-45	6.70705e-46	5.86161e-47	4.89804e-48	3.92068e-49	3.01189e-50	2.38856e-51	
CGA312	0	0	0	0	0	0	0	0	0	0	0	0	0	0	0	0	0	1	0	0	0	0	0	0	0	0	0	0	0	0	0	0	0	0	0	0	0	0	0	0	0	
CGA963	0	0	0	0	0	0	0	0	0	0	0	0	0	0	0	0	0	1	0	0	0	0	0	0	0	0	0	0	0	0	0	0	0	0	0	0	0	0	0	0	0	
N69	2.13687e-55	4.19064e-50	6.31435e-45	6.96725e-40	5.49852e-35	3.01446e-30	1.10686e-25	2.59867e-21	3.67332e-17	2.88561e-13	1.1282e-09	1.87341e-06	0.00103737	0.125993	0.739277	0.131082	0.00260048	7.62926e-06	4.46758e-09	7.99625e-13	5.77577e-17	2.01322e-21	3.82184e-26	4.30572e-31	3.06688e-36	1.44901e-41	4.71301e-47	1.08645e-52	1.8162e-58	2.24155e-64	2.08129e-70	1.38875e-72	1.126e-72	5.23368e-73	1.30978e-73	1.59848e-74	8.0813e-76	1.26634e-77	3.45885e-80	8.08067e-84	1.02079e-87	
N70	1.23204e-58	1.77955e-54	9.28631e-51	8.92665e-48	1.35288e-42	9.48923e-37	4.12532e-31	1.05389e-25	1.47083e-20	1.01158e-15	2.94815e-11	2.88282e-07	0.000639208	0.151927	0.784831	0.0624714	0.000131424	1.57852e-08	3.40974e-13	2.30266e-18	6.48755e-24	9.02948e-30	6.90988e-36	3.12258e-42	9.97673e-49	4.25196e-52	4.73719e-55	1.15321e-58	6.20877e-63	5.83179e-65	1.30557e-64	1.99632e-64	2.01196e-64	1.46101e-62	1.81303e-58	8.59443e-55	1.24136e-51	4.0292e-49	2.05932e-47	1.86974e-46	6.15633e-46	
N71	1.65178e-49	1.60016e-46	2.61343e-44	6.05718e-43	1.62605e-40	4.18877e-35	7.15394e-30	7.67498e-25	4.89632e-20	1.7171e-15	2.9438e-11	2.04757e-07	0.000417125	0.123648	0.789369	0.0861113	0.000453677	1.78929e-07	1.5087e-11	4.31899e-16	5.3694e-21	3.36116e-26	1.16561e-31	2.38497e-37	3.02805e-43	5.28024e-47	1.5467e-49	3.738e-53	3.46963e-57	2.49052e-61	1.48852e-63	6.96455e-63	2.3761e-62	5.67555e-62	9.106e-62	9.2654e-62	5.50412e-62	1.68424e-62	2.17682e-63	9.08391e-65	1.63773e-66	
N72	5.32055e-59	6.86372e-54	7.24564e-49	5.93763e-44	3.70913e-39	1.7281e-34	5.84707e-30	1.39016e-25	2.22764e-21	2.27934e-17	1.38499e-13	4.51277e-10	6.76431e-07	0.000361734	0.0425683	0.627773	0.325061	0.00423136	4.02128e-06	1.08962e-09	1.24121e-13	7.24194e-18	2.44323e-22	5.17466e-27	7.30075e-32	7.17498e-37	5.08521e-42	2.67181e-47	1.06412e-52	3.27181e-58	7.88388e-64	1.56253e-69	1.3576e-71	2.41006e-72	3.01955e-73	2.599e-74	1.47968e-75	5.27366e-77	1.08124e-78	1.10533e-80	4.46575e-83	
CGA642	0	0	0	0	0	0	0	0	0	0	0	0	0	0	0	0	1	0	0	0	0	0	0	0	0	0	0	0	0	0	0	0	0	0	0	0	0	0	0	0	0	
N73	1.18453e-62	2.64515e-57	4.79332e-52	6.76425e-47	7.29694e-42	5.88485e-37	3.45353e-32	1.42639e-27	3.97584e-23	7.08466e-19	7.50855e-15	4.27999e-11	1.13008e-07	0.000108375	0.0240674	0.625213	0.342064	0.00853968	6.91489e-06	1.42218e-09	1.15408e-13	4.59716e-18	1.02661e-22	1.40565e-27	1.25852e-32	7.73291e-38	3.38523e-43	1.08767e-48	2.62722e-54	4.86541e-60	7.02155e-66	8.00438e-72	8.42009e-78	3.85449e-80	1.26627e-81	6.18627e-82	8.35777e-82	1.52189e-80	4.17925e-79	4.23984e-78	1.35979e-77	
N74	7.60118e-54	5.14563e-52	3.27672e-50	1.92675e-48	1.03962e-46	5.10965e-45	2.26756e-43	8.9902e-42	3.14303e-40	9.53173e-39	2.455e-37	5.2211e-36	8.81753e-35	1.6935e-13	1.0694e-06	0.999997	1.59482e-06	1.89323e-13	2.60941e-32	5.81885e-33	9.47788e-34	1.20907e-34	1.26383e-35	1.11705e-36	8.54309e-38	5.75337e-39	3.45915e-40	1.8774e-41	9.28152e-43	4.21145e-44	1.76507e-45	6.87025e-47	2.49518e-48	8.49025e-50	2.71635e-51	8.19721e-53	2.3398e-54	6.33301e-56	1.62903e-57	3.99038e-59	9.53613e-61	
CGA763	0	0	0	0	0	0	0	0	0	0	0	0	0	0	0	1	0	0	0	0	0	0	0	0	0	0	0	0	0	0	0	0	0	0	0	0	0	0	0	0	0	
CGA764	0	0	0	0	0	0	0	0	0	0	0	0	0	0	0	1	0	0	0	0	0	0	0	0	0	0	0	0	0	0	0	0	0	0	0	0	0	0	0	0	0	
N75	2.96116e-52	1.92852e-50	1.17892e-48	6.63417e-47	3.41322e-45	1.59256e-43	6.67348e-42	2.48171e-40	8.06912e-39	2.25055e-37	5.25021e-36	9.89376e-35	1.43133e-33	1.46652e-32	9.20902e-32	5.7932e-11	2.09679e-05	0.999979	1.79502e-07	6.01708e-15	2.01338e-34	2.05162e-35	1.77664e-36	1.33617e-37	8.87369e-39	5.2726e-40	2.83287e-41	1.38834e-42	6.25172e-44	2.60266e-45	1.00704e-46	3.6381e-48	1.23205e-49	3.92494e-51	1.17985e-52	3.3559e-54	9.05399e-56	2.32208e-57	5.6726e-59	1.32231e-60	3.00963e-62	
C601	0	0	0	0	0	0	0	0	0	0	0	0	0	0	0	0	0	1	0	0	0	0	0	0	0	0	0	0	0	0	0	0	0	0	0	0	0	0	0	0	0	
C602	0	0	0	0	0	0	0	0	0	0	0	0	0	0	0	0	0	1	0	0	0	0	0	0	0	0	0	0	0	0	0	0	0	0	0	0	0	0	0	0	0	
N76	6.25641e-56	1.52813e-51	2.20912e-46	2.81464e-41	2.63011e-36	1.75286e-31	8.05504e-27	2.44487e-22	4.63426e-18	5.08756e-14	2.90973e-10	7.40039e-07	0.000645148	0.11598	0.780749	0.101633	0.000991527	1.14996e-06	3.32903e-10	3.52596e-14	1.7084e-18	4.3725e-23	6.52707e-28	6.10454e-33	3.77424e-38	1.60758e-43	4.87247e-49	1.07833e-54	1.77892e-60	2.22433e-66	2.13657e-72	1.59462e-78	6.16131e-84	1.06133e-84	1.30935e-85	9.19358e-87	3.28547e-88	4.8495e-90	1.81928e-92	4.92297e-96	3.611e-100	
CGA236	0	0	0	0	0	0	0	0	0	0	0	0	0	0	0	0	1	0	0	0	0	0	0	0	0	0	0	0	0	0	0	0	0	0	0	0	0	0	0	0	0	
N77	2.89363e-49	1.32891e-44	5.01817e-40	1.45713e-35	3.18002e-31	5.07496e-27	5.7268e-23	4.38143e-19	2.15336e-15	6.32915e-12	1.0075e-08	7.50707e-06	0.00207123	0.137167	0.75766	0.101676	0.00141404	4.14152e-06	3.6689e-09	1.30859e-12	2.27519e-16	2.19437e-20	1.28627e-24	4.90092e-29	1.27766e-33	2.37258e-38	3.2413e-43	3.34497e-48	2.6655e-53	1.67076e-58	8.36841e-64	3.39502e-69	1.12877e-74	3.10724e-80	7.14572e-86	1.38389e-91	2.28667e-97	4.20196e-103	6.71187e-108	3.5498e-112	1.99681e-116	
N78	3.54152e-46	7.60463e-42	1.37109e-37	1.94322e-33	2.12073e-29	1.73894e-25	1.03982e-21	4.36961e-18	1.23109e-14	2.18554e-11	2.24436e-08	1.17522e-05	0.00255367	0.153337	0.610804	0.215146	0.0177605	0.000385517	8.89105e-07	7.17476e-10	2.76443e-13	5.95854e-17	7.93329e-21	6.9893e-25	4.28746e-29	1.90478e-33	6.32419e-38	1.60996e-42	3.21036e-47	5.10581e-52	6.57762e-57	6.95642e-62	6.11089e-67	4.50512e-72	2.81301e-77	1.49986e-82	6.87908e-88	2.73206e-93	9.45221e-99	2.86446e-104	8.28548e-110	
Calboe	0	0	0	0	0	0	0	0	0	0	0	0	0	1	0	0	0	0	0	0	0	0	0	0	0	0	0	0	0	0	0	0	0	0	0	0	0	0	0	0	0	
C3125	0	0	0	0	0	0	0	0	0	0	0	0	0	0	0	0	0	1	0	0	0	0	0	0	0	0	0	0	0	0	0	0	0	0	0	0	0	0	0	0	0	
N79	6.72694e-47	1.76683e-45	4.42998e-44	1.02103e-42	2.14706e-41	4.08325e-40	6.94898e-39	1.04459e-37	1.36459e-36	1.517e-35	1.39573e-34	1.02267e-33	2.99556e-31	1.41181e-15	1	4.72821e-16	3.41681e-32	1.90568e-32	7.05278e-33	2.09075e-33	5.15038e-34	1.08286e-34	1.98277e-35	3.21212e-36	4.66244e-37	6.12658e-38	7.3508e-39	8.11168e-40	8.28395e-41	7.8712e-42	6.99116e-43	5.82839e-44	4.57744e-45	3.39767e-46	2.39053e-47	1.59847e-48	1.01824e-49	6.19258e-51	3.60278e-52	2.00891e-53	1.13243e-54	
CGA429	0	0	0	0	0	0	0	0	0	0	0	0	0	0	1	0	0	0	0	0	0	0	0	0	0	0	0	0	0	0	0	0	0	0	0	0	0	0	0	0	0	
CGA430	0	0	0	0	0	0	0	0	0	0	0	0	0	0	1	0	0	0	0	0	0	0	0	0	0	0	0	0	0	0	0	0	0	0	0	0	0	0	0	0	0	
N80	4.94069e-54	9.34131e-49	1.36199e-43	1.44068e-38	1.07887e-33	5.5479e-29	1.88461e-24	4.02329e-20	5.0545e-16	3.41793e-12	1.09634e-08	1.37946e-05	0.00498646	0.288603	0.683586	0.0227829	2.77304e-05	6.97857e-09	6.12011e-13	2.42482e-17	5.06917e-22	6.19464e-27	4.7553e-32	2.41734e-37	8.46842e-43	2.10818e-48	3.81992e-54	5.13323e-60	5.2883e-66	2.68732e-69	5.07827e-71	6.44673e-73	5.34271e-75	1.21655e-76	2.54762e-73	2.61586e-70	8.39331e-68	1.13462e-65	2.56561e-63	8.29793e-62	2.05789e-61	
N81	5.35153e-46	1.26263e-44	2.85455e-43	5.93689e-42	1.12747e-40	1.93828e-39	2.98511e-38	4.06615e-37	4.82104e-36	4.8743e-35	4.08967e-34	1.45606e-31	9.14147e-16	1	8.96175e-16	1.01882e-31	8.00398e-32	3.91842e-32	1.47826e-32	4.51712e-33	1.15711e-33	2.5477e-34	4.91369e-35	8.42533e-36	1.29971e-36	1.82148e-37	2.33798e-38	2.7675e-39	3.03892e-40	3.11137e-41	2.98346e-42	2.68989e-43	2.28827e-44	1.84244e-45	1.40802e-46	1.02389e-47	7.10113e-49	4.70694e-50	2.98759e-51	1.81915e-52	1.12625e-53	
C985	0	0	0	0	0	0	0	0	0	0	0	0	0	1	0	0	0	0	0	0	0	0	0	0	0	0	0	0	0	0	0	0	0	0	0	0	0	0	0	0	0	
C984	0	0	0	0	0	0	0	0	0	0	0	0	0	1	0	0	0	0	0	0	0	0	0	0	0	0	0	0	0	0	0	0	0	0	0	0	0	0	0	0	0	
N82	1.10441e-48	6.02176e-44	2.64433e-39	8.72823e-35	2.11499e-30	3.65556e-26	4.34799e-22	3.40057e-18	1.64825e-14	4.57222e-11	6.49086e-08	3.99075e-05	0.00808589	0.320652	0.652109	0.0190671	4.57169e-05	2.87409e-08	7.09134e-12	8.50716e-16	5.66906e-20	2.2972e-24	6.04129e-29	1.08268e-33	1.37306e-38	1.26948e-43	8.76374e-49	4.60582e-54	1.87224e-59	5.96329e-65	1.5041e-70	3.03257e-76	6.91843e-80	1.17902e-80	1.27168e-81	8.08979e-83	2.76567e-84	5.34004e-86	3.10199e-87	1.52705e-88	1.70927e-90	
N83	2.85821e-46	7.19578e-45	1.6189e-61	1.92292e-54	6.18238e-48	8.49485e-42	5.84061e-36	2.15883e-30	4.36927e-25	4.77472e-20	2.6883e-15	7.10334e-11	7.4982e-07	0.00231778	0.997201	0.000480256	3.6932e-08	9.12554e-13	9.56398e-18	4.89962e-23	1.33156e-28	1.99715e-34	1.66822e-40	7.59337e-47	1.7487e-53	1.73697e-60	4.70642e-68	2.65851e-40	2.59567e-41	2.36493e-42	2.0195e-43	1.62255e-44	1.23074e-45	8.84056e-47	6.0302e-48	3.91564e-49	2.42591e-50	1.43695e-51	8.15314e-53	4.43913e-54	2.44351e-55	
CGA310	0	0	0	0	0	0	0	0	0	0	0	0	0	0	1	0	0	0	0	0	0	0	0	0	0	0	0	0	0	0	0	0	0	0	0	0	0	0	0	0	0	
CGA314	0	0	0	0	0	0	0	0	0	0	0	0	0	0	1	0	0	0	0	0	0	0	0	0	0	0	0	0	0	0	0	0	0	0	0	0	0	0	0	0	0	
N84	7.95604e-43	1.25152e-38	1.63848e-34	1.66039e-30	1.27257e-26	7.17463e-23	2.87617e-19	7.85776e-16	1.38544e-12	1.46624e-09	8.41968e-07	0.000225718	0.0220577	0.483002	0.483845	0.0108227	4.63881e-05	6.78607e-08	4.47377e-11	1.5661e-14	3.24396e-18	4.29316e-22	3.84389e-26	2.43375e-30	1.12872e-34	3.94605e-39	1.06495e-43	2.26354e-48	3.85442e-53	5.33633e-58	6.08434e-63	5.77786e-68	4.61701e-73	3.19765e-78	4.85073e-83	5.52694e-86	1.22215e-87	3.1994e-89	8.01638e-91	1.9198e-92	4.49876e-94	
N85	8.21147e-48	3.10483e-46	1.38088e-67	6.2355e-60	7.52266e-53	3.83438e-46	9.65931e-40	1.2892e-33	9.25661e-28	3.50814e-22	6.64172e-17	5.63861e-12	1.77207e-07	0.00139677	0.998486	0.000116751	2.16469e-09	1.28726e-14	3.24309e-20	3.98965e-26	2.60032e-32	9.34006e-39	1.86549e-45	2.02651e-52	1.11146e-59	2.62156e-67	1.67689e-75	4.32724e-43	2.58014e-44	1.4347e-45	7.47238e-47	3.65936e-48	1.69075e-49	7.39282e-51	3.06749e-52	1.21081e-53	4.55677e-55	1.6384e-56	5.63866e-58	1.86068e-59	6.07954e-61	
CGA382	0	0	0	0	0	0	0	0	0	0	0	0	0	0	1	0	0	0	0	0	0	0	0	0	0	0	0	0	0	0	0	0	0	0	0	0	0	0	0	0	0	
CGA365	0	0	0	0	0	0	0	0	0	0	0	0	0	0	1	0	0	0	0	0	0	0	0	0	0	0	0	0	0	0	0	0	0	0	0	0	0	0	0	0	0	
N86	2.99786e-48	1.13836e-46	4.07271e-45	1.33318e-43	3.96095e-42	1.05796e-40	2.51111e-39	5.22104e-38	9.33803e-37	1.40302e-35	1.71486e-34	1.60404e-12	3.13767e-06	0.999993	4.10593e-06	1.44608e-12	3.94875e-32	1.19951e-32	2.754e-33	5.06272e-34	7.74226e-35	1.01206e-35	1.15396e-36	1.16582e-37	1.05668e-38	8.68042e-40	6.51755e-41	4.50466e-42	2.88343e-43	1.71831e-44	9.57679e-46	5.01201e-47	2.47184e-48	1.15245e-49	5.09397e-51	2.14009e-52	8.56564e-54	3.27308e-55	1.19636e-56	4.19031e-58	1.4551e-59	
CGA494	0	0	0	0	0	0	0	0	0	0	0	0	0	1	0	0	0	0	0	0	0	0	0	0	0	0	0	0	0	0	0	0	0	0	0	0	0	0	0	0	0	
CGA495	0	0	0	0	0	0	0	0	0	0	0	0	0	1	0	0	0	0	0	0	0	0	0	0	0	0	0	0	0	0	0	0	0	0	0	0	0	0	0	0	0	
N87	3.16395e-55	2.36984e-50	1.45979e-45	7.00079e-41	2.56726e-36	7.04452e-32	1.40863e-27	1.98622e-23	1.89416e-19	1.1569e-15	4.20297e-12	8.17107e-09	7.21772e-06	0.00217229	0.118033	0.624597	0.239969	0.0150763	0.00014461	1.70883e-07	6.40834e-11	1.06434e-14	9.34465e-19	4.84499e-23	1.60054e-27	3.56023e-32	5.56035e-37	6.29957e-42	5.31369e-47	3.40801e-52	1.69086e-57	1.0415e-62	8.46973e-64	1.31552e-64	1.40481e-65	9.98967e-67	4.51533e-68	1.20906e-69	1.71039e-71	1.04932e-73	3.45937e-76	
N88	1.28391e-57	1.44028e-52	1.31889e-47	9.39529e-43	5.10933e-38	2.0737e-33	6.11081e-29	1.2636e-24	1.7561e-20	1.55091e-16	8.07167e-13	2.22513e-09	2.76358e-06	0.00117657	0.0998972	0.64714	0.238819	0.0129123	5.22197e-05	3.84861e-08	9.33424e-12	1.00067e-15	5.62823e-20	1.85597e-24	3.87716e-29	5.43075e-34	5.32563e-39	3.78206e-44	1.99832e-49	8.02997e-55	2.49872e-60	6.11202e-66	1.19002e-71	2.00031e-77	4.00472e-80	7.61488e-82	8.85039e-84	5.69253e-86	1.69053e-88	1.54644e-91	4.51983e-95	
C12265	0	0	0	0	0	0	0	0	0	0	0	0	0	0	0	0	0	1	0	0	0	0	0	0	0	0	0	0	0	0	0	0	0	0	0	0	0	0	0	0	0	
N89	1.18177e-53	2.78375e-50	5.21486e-47	1.20713e-45	2.0431e-43	3.50947e-38	4.27598e-33	3.49013e-28	1.83893e-23	5.94497e-19	1.0986e-14	1.04762e-10	4.40747e-07	0.000628378	0.178239	0.815823	0.00530488	4.40873e-06	7.29862e-10	4.15373e-14	1.06105e-18	1.41663e-23	1.08865e-28	5.13588e-34	1.55683e-39	3.47508e-43	2.07321e-44	4.65699e-46	2.39912e-48	1.06862e-51	4.05133e-55	1.33559e-58	3.86087e-62	9.85841e-66	2.23782e-69	4.54159e-73	8.28242e-77	1.36345e-80	2.03433e-84	2.7612e-88	3.54511e-92	
C404	0	0	0	0	0	0	0	0	0	0	0	0	0	0	1	0	0	0	0	0	0	0	0	0	0	0	0	0	0	0	0	0	0	0	0	0	0	0	0	0	0	
N90	1.18716e-54	2.42737e-51	2.14301e-48	5.50876e-46	3.63936e-44	1.04886e-40	2.23614e-35	3.27338e-30	3.14218e-25	1.87428e-20	6.44828e-16	1.14918e-11	9.00207e-08	0.000235116	0.116418	0.880656	0.00269066	8.3443e-07	6.22581e-11	1.70921e-15	2.18379e-20	1.49771e-25	6.05118e-31	1.53535e-36	2.55982e-42	2.9008e-48	2.80499e-53	4.77952e-56	6.54342e-60	4.76549e-64	2.78674e-68	1.41215e-72	6.3111e-77	4.79933e-81	1.24475e-83	3.15658e-83	6.05169e-82	9.33594e-81	1.09026e-79	8.68563e-79	3.76791e-78	
N91	5.5712e-55	5.16989e-53	4.49099e-51	3.59598e-49	2.63616e-47	1.75514e-45	1.051e-43	5.59281e-42	2.60501e-40	1.04133e-38	3.47889e-37	9.3541e-36	1.91129e-34	5.42892e-11	2.67315e-05	0.99997	3.10549e-06	1.30562e-12	5.40889e-34	5.60757e-35	4.65971e-36	3.22847e-37	1.91699e-38	9.95405e-40	4.59046e-41	1.90323e-42	7.16453e-44	2.46877e-45	7.84018e-47	2.30799e-48	6.3293e-50	1.62389e-51	3.9126e-53	8.88203e-55	1.90531e-56	3.87216e-58	7.4728e-60	1.37234e-61	2.40271e-63	4.01739e-65	6.52408e-67	
Cl11778	0	0	0	0	0	0	0	0	0	0	0	0	0	0	0	1	0	0	0	0	0	0	0	0	0	0	0	0	0	0	0	0	0	0	0	0	0	0	0	0	0	
Cl11779	0	0	0	0	0	0	0	0	0	0	0	0	0	0	0	1	0	0	0	0	0	0	0	0	0	0	0	0	0	0	0	0	0	0	0	0	0	0	0	0	0	
N92	2.50159e-76	6.59758e-70	1.27151e-63	1.76982e-57	1.76947e-51	1.25758e-45	6.25228e-40	2.12545e-34	4.78719e-29	6.84005e-24	5.83363e-19	2.71868e-14	6.04433e-10	5.09354e-06	0.0102008	0.989084	0.000709941	6.68169e-08	1.88017e-12	2.22678e-17	1.33605e-22	4.55411e-28	9.52089e-34	1.28812e-39	1.1723e-45	7.38198e-52	3.28256e-58	1.04553e-64	2.40692e-71	4.02227e-78	4.87816e-85	4.27166e-92	2.67197e-99	1.17281e-106	3.5144e-114	6.89428e-122	8.29016e-130	5.47065e-138	1.60246e-146	1.2093e-155	2.624e-71	
CGA594	0	0	0	0	0	0	0	0	0	0	0	0	0	0	0	1	0	0	0	0	0	0	0	0	0	0	0	0	0	0	0	0	0	0	0	0	0	0	0	0	0	
CGA48	0	0	0	0	0	0	0	0	0	0	0	0	0	0	0	1	0	0	0	0	0	0	0	0	0	0	0	0	0	0	0	0	0	0	0	0	0	0	0	0	0	
N93	8.17954e-48	2.77689e-46	8.94815e-45	2.6529e-43	7.18433e-42	1.76215e-40	3.8749e-39	7.54428e-38	1.2804e-36	1.85685e-35	2.24101e-34	2.17057e-33	1.60057e-32	8.27895e-32	2.61531e-31	3.9692e-31	1.18165e-09	8.06626e-05	0.999918	9.45431e-07	1.83854e-13	5.16944e-34	8.02959e-35	1.09253e-35	1.32142e-36	1.43758e-37	1.4204e-38	1.28494e-39	1.07156e-40	8.28613e-42	5.97165e-43	4.02874e-44	2.5543e-45	1.52724e-46	8.63811e-48	4.63462e-49	2.36474e-50	1.15004e-51	5.34199e-53	2.37457e-54	1.05425e-55	
C3134	0	0	0	0	0	0	0	0	0	0	0	0	0	0	0	0	0	0	1	0	0	0	0	0	0	0	0	0	0	0	0	0	0	0	0	0	0	0	0	0	0	
C3126	0	0	0	0	0	0	0	0	0	0	0	0	0	0	0	0	0	0	1	0	0	0	0	0	0	0	0	0	0	0	0	0	0	0	0	0	0	0	0	0	0	
N94	8.193e-50	1.96731e-45	3.99202e-41	6.25487e-37	7.41855e-33	6.50711e-29	4.10387e-25	1.79769e-21	5.2388e-18	9.61622e-15	1.03635e-11	5.98963e-09	1.6598e-06	0.000196205	0.0090209	0.142432	0.583549	0.259676	0.00510836	1.55432e-05	1.53912e-08	6.7722e-12	1.5743e-15	2.15945e-19	1.88701e-23	1.11106e-27	4.60009e-32	1.38479e-36	3.1132e-41	5.34202e-46	7.12337e-51	7.49297e-56	9.38384e-61	1.65435e-61	6.35947e-62	1.71876e-62	3.17545e-63	3.85757e-64	2.91591e-65	1.26388e-66	3.11077e-68	
CGA311	0	0	0	0	0	0	0	0	0	0	0	0	0	0	0	0	0	1	0	0	0	0	0	0	0	0	0	0	0	0	0	0	0	0	0	0	0	0	0	0	0	
N95	9.96356e-56	6.85681e-51	3.82784e-46	1.6377e-41	5.25331e-37	1.23114e-32	2.04368e-28	2.31443e-24	1.70725e-20	7.74031e-17	2.00298e-13	2.68987e-10	1.66358e-07	4.14265e-05	0.0036673	0.0985726	0.588272	0.3026	0.00683003	1.63979e-05	1.02292e-08	2.44146e-12	2.76334e-16	1.69989e-20	6.2447e-25	1.46757e-29	2.32502e-34	2.5872e-39	2.08993e-44	1.25906e-49	5.78506e-55	2.06588e-60	7.00767e-66	1.4679e-68	1.1736e-70	5.80632e-73	1.68095e-75	2.67361e-78	2.23352e-81	9.93688e-85	2.66032e-88	
N96	3.95365e-63	6.20029e-58	7.8877e-53	7.77656e-48	5.84397e-43	3.28168e-38	1.34451e-33	3.9035e-29	7.74708e-25	1.00461e-20	8.03372e-17	3.6725e-13	8.66444e-10	9.15189e-07	0.000352735	0.0364458	0.593914	0.367461	0.00182342	1.55426e-06	4.16255e-10	4.72862e-14	2.72312e-18	8.93632e-23	1.81393e-27	2.4188e-32	2.2181e-37	1.44971e-42	6.94787e-48	2.49846e-53	6.86896e-59	1.46624e-64	2.46539e-70	5.84897e-74	5.5934e-75	3.75777e-76	1.72193e-77	5.8604e-79	9.83751e-80	6.79143e-80	2.82403e-80	
N97	1.97146e-52	8.50707e-51	3.50182e-49	1.34137e-47	4.75616e-46	1.55164e-44	4.62465e-43	1.24881e-41	3.02477e-40	6.49189e-39	1.21601e-37	1.94978e-36	2.60891e-35	2.81343e-34	1.73209e-12	3.32062e-06	0.999994	2.7763e-06	7.79936e-13	2.69936e-32	8.02843e-33	1.82943e-33	3.37125e-34	5.2089e-35	6.92418e-36	8.07272e-37	8.37875e-38	7.83444e-39	6.66366e-40	5.19739e-41	3.74257e-42	2.50253e-43	1.56166e-44	9.13449e-46	5.02733e-47	2.61229e-48	1.28544e-49	6.00633e-51	2.67151e-52	1.13362e-53	4.78131e-55	
CGA45	0	0	0	0	0	0	0	0	0	0	0	0	0	0	0	0	1	0	0	0	0	0	0	0	0	0	0	0	0	0	0	0	0	0	0	0	0	0	0	0	0	
CGA46	0	0	0	0	0	0	0	0	0	0	0	0	0	0	0	0	1	0	0	0	0	0	0	0	0	0	0	0	0	0	0	0	0	0	0	0	0	0	0	0	0	
N98	5.45692e-66	1.05203e-60	1.66533e-55	2.07912e-50	2.01603e-45	1.49075e-40	8.22356e-36	3.29498e-31	9.27844e-27	1.76186e-22	2.13957e-18	1.54958e-14	6.08512e-11	1.13072e-07	8.08298e-05	0.0158136	0.45885	0.522501	0.00275252	2.25368e-06	5.67683e-10	6.03393e-14	3.24803e-18	9.96618e-23	1.8928e-27	2.36344e-32	2.0311e-37	1.24499e-42	5.59995e-48	1.89127e-53	4.8866e-59	9.80926e-65	1.54937e-70	1.95633e-76	4.27857e-80	1.09863e-81	1.72312e-83	1.53462e-85	7.04952e-88	1.4591e-90	1.18875e-93	
N99	1.13599e-70	2.75545e-65	5.60741e-60	9.24378e-55	1.21664e-49	1.25715e-44	9.99869e-40	5.97893e-35	2.61282e-30	8.05881e-26	1.67917e-21	2.23375e-17	1.75878e-13	7.3693e-10	1.40003e-06	0.000923087	0.124261	0.871014	0.00379824	2.51011e-06	5.19438e-10	4.63689e-14	2.14118e-18	5.74959e-23	9.74161e-28	1.10598e-32	8.81029e-38	5.10703e-43	2.21851e-48	7.39954e-54	1.93386e-59	4.02908e-65	6.79161e-71	9.38186e-77	1.07402e-82	1.029e-88	8.32306e-95	5.72761e-101	3.37674e-107	1.71615e-113	7.89636e-120	
N100	6.33694e-95	6.55248e-88	4.89298e-81	2.6363e-74	1.0285e-67	2.90096e-61	5.87831e-55	8.46053e-49	8.50323e-43	5.82712e-37	2.63538e-31	7.5229e-26	1.27394e-20	1.17057e-15	5.09622e-11	8.39124e-07	0.00337242	0.99631	0.000317083	1.33706e-08	1.69335e-13	9.05174e-19	2.45651e-24	3.79484e-30	3.60286e-36	2.21864e-42	9.21424e-49	2.65578e-55	5.42428e-62	7.96722e-69	8.49653e-76	6.61111e-83	3.7545e-90	1.54924e-97	4.59809e-105	9.64878e-113	1.39362e-120	1.32938e-128	7.8463e-137	2.56678e-145	3.82539e-154	
C3043	0	0	0	0	0	0	0	0	0	0	0	0	0	0	0	0	0	1	0	0	0	0	0	0	0	0	0	0	0	0	0	0	0	0	0	0	0	0	0	0	0	
CGA87	0	0	0	0	0	0	0	0	0	0	0	0	0	0	0	0	0	1	0	0	0	0	0	0	0	0	0	0	0	0	0	0	0	0	0	0	0	0	0	0	0	
N101	8.76175e-93	6.82337e-86	3.83762e-79	1.5572e-72	4.57467e-66	9.7147e-60	1.48174e-53	1.60479e-47	1.21323e-41	6.25083e-36	2.12414e-30	4.55222e-25	5.78106e-20	3.97748e-15	1.29364e-10	1.58523e-06	0.00470461	0.994874	0.000420205	2.34935e-08	3.94289e-13	2.79197e-18	1.00343e-23	2.05243e-29	2.57961e-35	2.10269e-41	1.15582e-47	4.40897e-54	1.19175e-60	2.31654e-67	3.26938e-74	3.36668e-81	2.53048e-88	1.38204e-95	5.42968e-103	1.5084e-110	2.88473e-118	3.64431e-126	2.8494e-134	1.23525e-142	2.43979e-151	
CGA368	0	0	0	0	0	0	0	0	0	0	0	0	0	0	0	0	0	1	0	0	0	0	0	0	0	0	0	0	0	0	0	0	0	0	0	0	0	0	0	0	0	
CGA557	0	0	0	0	0	0	0	0	0	0	0	0	0	0	0	0	0	1	0	0	0	0	0	0	0	0	0	0	0	0	0	0	0	0	0	0	0	0	0	0	0	
CGA364	0	0	0	0	0	0	0	0	0	0	0	0	0	0	0	0	0	1	0	0	0	0	0	0	0	0	0	0	0	0	0	0	0	0	0	0	0	0	0	0	0	
C2208	0	0	0	0	0	0	0	0	0	0	0	0	0	0	0	0	0	0	1	0	0	0	0	0	0	0	0	0	0	0	0	0	0	0	0	0	0	0	0	0	0	
N102	1.85008e-43	1.28687e-39	7.83861e-36	3.77477e-32	1.40853e-28	3.98161e-25	8.30014e-22	1.23525e-18	1.26136e-15	8.41479e-13	3.45094e-10	8.07828e-08	9.92537e-06	0.000591231	0.0158728	0.170389	0.559615	0.248678	0.00481996	2.38248e-05	4.79085e-08	4.89248e-11	2.89237e-14	1.0799e-17	2.71008e-21	4.79123e-25	6.1906e-29	6.0211e-33	4.51684e-37	2.66718e-41	1.26136e-45	4.84908e-50	1.53507e-54	4.04737e-59	8.97727e-64	1.69011e-68	2.72242e-73	3.77903e-78	4.55e-83	4.78106e-88	5.08935e-93	
N103	1.88223e-60	1.76906e-55	1.36641e-50	8.25467e-46	3.8303e-41	1.33644e-36	3.41892e-32	6.22143e-28	7.76181e-24	6.34499e-20	3.21205e-16	9.37967e-13	1.44442e-09	1.04722e-06	0.000308323	0.0295188	0.595195	0.372772	0.00220181	2.25215e-06	7.48344e-10	1.08644e-13	8.19255e-18	3.59301e-22	9.92365e-27	1.83068e-31	2.35997e-36	2.2032e-41	1.53315e-46	8.14326e-52	3.36746e-57	1.10247e-62	2.89864e-68	6.19628e-74	1.08848e-79	1.59114e-85	2.56157e-91	6.81883e-96	6.21354e-100	5.21822e-104	4.06048e-108	
N104	4.94651e-54	3.13138e-52	1.86758e-50	1.02944e-48	5.21349e-47	2.40911e-45	1.00751e-43	3.77638e-42	1.25373e-40	3.63322e-39	9.02221e-38	5.81576e-30	1.3977e-23	9.06212e-18	1.81494e-12	1.00619e-07	0.00126576	0.998688	4.63911e-05	3.44523e-10	8.3401e-16	6.80349e-22	1.94283e-28	1.63323e-35	9.54951e-38	6.79239e-39	4.30873e-40	2.46506e-41	1.28363e-42	6.13056e-44	2.70278e-45	1.10602e-46	4.22101e-48	1.50858e-49	5.06744e-51	1.60497e-52	4.80659e-54	1.36457e-55	3.6807e-57	9.45209e-59	2.37014e-60	
CGA453	0	0	0	0	0	0	0	0	0	0	0	0	0	0	0	0	0	1	0	0	0	0	0	0	0	0	0	0	0	0	0	0	0	0	0	0	0	0	0	0	0	
CGA383	0	0	0	0	0	0	0	0	0	0	0	0	0	0	0	0	0	1	0	0	0	0	0	0	0	0	0	0	0	0	0	0	0	0	0	0	0	0	0	0	0	
N105	4.49534e-69	1.22872e-63	2.77129e-58	4.97974e-53	7.01563e-48	7.60516e-43	6.2041e-38	3.70867e-33	1.57281e-28	4.54661e-24	8.51796e-20	9.6881e-16	6.12937e-12	1.90899e-08	2.44151e-05	0.00954237	0.63834	0.35132	0.000773109	3.0072e-07	3.90757e-11	2.2679e-15	6.95356e-20	1.25667e-24	1.44584e-29	1.12122e-34	6.12329e-40	2.43824e-45	7.28042e-51	1.66827e-56	2.99084e-62	4.26418e-68	4.90415e-74	4.75989e-80	2.13596e-85	9.6361e-89	1.0031e-90	1.17831e-92	1.30328e-94	1.35761e-96	1.3461e-98	
N106	1.97409e-57	2.03263e-55	1.9661e-53	1.76224e-51	1.45542e-49	1.10031e-47	7.55566e-46	4.66897e-44	2.56713e-42	1.23839e-40	5.1488e-39	1.80241e-37	5.14603e-36	1.14462e-34	1.84676e-33	3.13955e-11	3.42032e-05	0.999965	5.70793e-07	5.22116e-14	2.17917e-34	1.92306e-35	1.38681e-36	8.44139e-38	4.44016e-39	2.05454e-40	8.48045e-42	3.15767e-43	1.07038e-44	3.32839e-46	9.55546e-48	2.54667e-49	6.33072e-51	1.47394e-52	3.22569e-54	6.65674e-56	1.29905e-57	2.40331e-59	4.22468e-61	7.07069e-63	1.14616e-64	
CGA501	0	0	0	0	0	0	0	0	0	0	0	0	0	0	0	0	0	1	0	0	0	0	0	0	0	0	0	0	0	0	0	0	0	0	0	0	0	0	0	0	0	
C11776	0	0	0	0	0	0	0	0	0	0	0	0	0	0	0	0	0	1	0	0	0	0	0	0	0	0	0	0	0	0	0	0	0	0	0	0	0	0	0	0	0	
N107	2.26313e-58	2.39394e-56	2.38287e-54	2.20263e-52	1.88083e-50	1.47456e-48	1.0538e-46	6.80651e-45	3.9327e-43	2.0071e-41	8.90605e-40	3.36668e-38	1.05526e-36	2.64135e-35	5.29925e-13	1.89383e-06	0.999993	5.57154e-06	9.70961e-13	1.07642e-32	1.40095e-33	1.36997e-34	1.07143e-35	6.97513e-37	3.88634e-38	1.89147e-39	8.16797e-41	3.16842e-42	1.1151e-43	3.59003e-45	1.06459e-46	2.92486e-48	7.48244e-50	1.79012e-51	4.02038e-53	8.50452e-55	1.69947e-56	3.21661e-58	5.78002e-60	9.8815e-62	1.63559e-63	
C3121	0	0	0	0	0	0	0	0	0	0	0	0	0	0	0	0	1	0	0	0	0	0	0	0	0	0	0	0	0	0	0	0	0	0	0	0	0	0	0	0	0	
C3123	0	0	0	0	0	0	0	0	0	0	0	0	0	0	0	0	1	0	0	0	0	0	0	0	0	0	0	0	0	0	0	0	0	0	0	0	0	0	0	0	0	
N108	1.6162e-74	7.28403e-69	2.70657e-63	7.9291e-58	1.8052e-52	3.14027e-47	4.09069e-42	3.89509e-37	2.63272e-32	1.21855e-27	3.69299e-23	6.92425e-19	7.46388e-15	4.19634e-11	1.07594e-07	0.000103257	0.0268016	0.971672	0.00142223	3.65773e-07	3.16677e-11	1.23065e-15	2.53306e-20	3.07605e-25	2.3773e-30	1.23656e-35	4.51864e-41	1.19982e-46	2.37866e-52	3.59997e-58	4.23653e-64	3.93702e-70	2.92703e-76	1.76035e-82	8.6454e-89	3.4954e-95	1.17147e-101	3.27377e-108	7.66672e-115	1.51092e-121	2.64394e-128	
Calparcri	0	0	0	0	0	0	0	0	0	0	0	0	0	0	0	0	0	1	0	0	0	0	0	0	0	0	0	0	0	0	0	0	0	0	0	0	0	0	0	0	0	
C3118	0	0	0	0	0	0	0	0	0	0	0	0	0	0	0	0	0	1	0	0	0	0	0	0	0	0	0	0	0	0	0	0	0	0	0	0	0	0	0	0	0	
N109	1.16305e-41	7.81858e-37	6.94768e-32	4.01775e-27	1.41484e-22	2.81519e-18	2.86079e-14	1.29015e-10	2.1227e-07	9.88434e-05	0.0100429	0.182849	0.533961	0.251495	0.0211909	0.000361174	1.38223e-06	1.39812e-09	4.60133e-13	5.88524e-17	3.3495e-21	9.38762e-26	1.61974e-30	1.03905e-33	1.50651e-36	9.59481e-40	3.77063e-43	1.0985e-46	2.4928e-50	4.49851e-54	1.51417e-57	8.56075e-58	5.64852e-58	2.36236e-58	5.93517e-59	8.43234e-60	6.47427e-61	2.74398e-62	7.06258e-64	1.24479e-65	1.76888e-67	
N110	2.17022e-34	1.26459e-30	5.98943e-27	2.09431e-23	5.24637e-20	9.07882e-17	1.03734e-13	7.3876e-11	3.03906e-08	6.50204e-06	0.000620681	0.0208962	0.185506	0.433571	0.295708	0.0600234	0.00360215	6.53516e-05	3.93408e-07	9.46491e-10	1.07361e-12	6.50725e-16	2.31389e-19	5.18201e-23	7.7238e-27	8.00592e-31	5.98029e-35	3.31554e-39	1.39841e-43	4.58217e-48	1.18767e-52	2.47341e-57	4.19581e-62	5.86804e-67	6.83876e-72	6.70534e-77	5.57903e-82	3.97477e-87	2.64235e-92	7.29253e-97	1.78829e-100	
N111	3.96802e-35	2.12523e-31	9.41103e-28	3.12422e-24	7.55801e-21	1.28759e-17	1.48072e-14	1.08949e-11	4.78348e-09	1.14118e-06	0.000129884	0.00587011	0.0833848	0.340377	0.407448	0.14662	0.0156893	0.000476151	4.06111e-06	1.30686e-08	1.94957e-11	1.54921e-14	7.23452e-18	2.13505e-21	4.21024e-25	5.79709e-29	5.77493e-33	4.28567e-37	2.42803e-41	1.07217e-45	3.75648e-50	1.06047e-54	2.44498e-59	4.6587e-64	7.41381e-69	9.94687e-74	1.13465e-78	1.10882e-83	9.34723e-89	6.8403e-94	4.90038e-99	
N112	1.47796e-35	9.51168e-32	5.0409e-28	1.99613e-24	5.73704e-21	1.15545e-17	1.56102e-14	1.33787e-11	6.75671e-09	1.81598e-06	0.000223664	0.00995907	0.109694	0.364283	0.380547	0.12338	0.0116379	0.000272154	1.35823e-06	2.44036e-09	2.04112e-12	9.25802e-16	2.5206e-19	4.42912e-23	5.30376e-27	4.51524e-31	2.82689e-35	1.3381e-39	4.9005e-44	1.41588e-48	3.28173e-53	6.19072e-58	9.62557e-63	1.24735e-67	1.36054e-72	1.26015e-77	9.98965e-83	6.82648e-88	4.04734e-93	2.09431e-98	1.04844e-103	
N113	4.97455e-44	7.34781e-40	9.03275e-36	8.52361e-32	6.03049e-28	3.1101e-24	1.12948e-20	2.76581e-17	4.31745e-14	3.98464e-11	1.95615e-08	4.37683e-06	0.000361483	0.0105906	0.110495	0.393311	0.404899	0.0792301	0.00110453	3.56986e-06	4.25079e-09	2.37151e-12	7.17837e-16	1.30139e-19	1.51732e-23	1.20042e-27	6.72005e-32	2.75285e-36	8.48213e-41	2.01136e-45	3.74229e-50	5.55437e-55	6.67088e-60	6.56422e-65	5.35026e-70	3.64706e-75	2.09702e-80	1.02488e-85	4.28669e-91	1.54406e-96	5.33496e-102	
Triowe	0	0	0	0	0	0	0	0	0	0	0	0	0	0	0	0	0	1	0	0	0	0	0	0	0	0	0	0	0	0	0	0	0	0	0	0	0	0	0	0	0	
N114	4.47277e-46	6.85678e-42	8.85611e-38	8.94568e-34	6.91887e-30	3.99527e-26	1.67032e-22	4.86644e-19	9.4111e-16	1.13319e-12	7.78761e-10	2.70439e-07	4.03188e-05	0.00226977	0.0448062	0.285995	0.498838	0.164185	0.0038455	1.98209e-05	3.59483e-08	2.95195e-11	1.28285e-14	3.27863e-18	5.31602e-22	5.78886e-26	4.42518e-30	2.46e-34	1.02352e-38	3.26423e-43	8.14144e-48	1.6154e-52	2.58762e-57	3.3893e-62	3.67074e-67	3.31974e-72	2.52895e-77	1.63542e-82	9.04018e-88	4.2986e-93	1.98115e-98	
Trijoh	0	0	0	0	0	0	0	0	0	0	0	0	0	0	0	0	0	1	0	0	0	0	0	0	0	0	0	0	0	0	0	0	0	0	0	0	0	0	0	0	0	
Trimel	0	0	0	0	0	0	0	0	0	0	0	0	0	0	0	0	0	1	0	0	0	0	0	0	0	0	0	0	0	0	0	0	0	0	0	0	0	0	0	0	0	
N115	2.49254e-33	2.08237e-29	1.39848e-25	6.84935e-22	2.36306e-18	5.49987e-15	8.16705e-12	7.18135e-09	3.36594e-06	0.000716737	0.0527133	0.743313	0.193071	0.0100208	0.000161296	9.39237e-07	2.13213e-09	2.08877e-12	1.01357e-15	2.73945e-19	4.50795e-23	4.82943e-27	3.54593e-31	1.85779e-35	7.17373e-40	2.09631e-44	4.73877e-49	8.44117e-54	1.20367e-58	1.3927e-63	1.323e-68	1.04248e-73	6.87542e-79	3.82569e-84	1.8087e-89	7.31135e-95	2.54117e-100	7.63213e-106	1.98964e-111	4.52046e-117	9.85546e-123	
N116	2.51407e-35	3.97262e-31	4.89141e-27	4.31337e-23	2.62112e-19	1.04559e-15	2.57067e-12	3.57742e-09	2.49654e-06	0.000725554	0.0636988	0.845832	0.0885163	0.00122032	4.25047e-06	5.10706e-09	2.59851e-12	6.53438e-16	9.12044e-20	7.70892e-24	4.21668e-28	1.57171e-32	4.15913e-37	8.07737e-42	1.18311e-46	1.33707e-51	1.18855e-56	8.44794e-62	4.86981e-67	2.30489e-72	9.05424e-78	2.98018e-83	8.28855e-89	1.96252e-94	3.98254e-100	6.9682e-106	1.05692e-111	1.39651e-117	1.61448e-123	1.63962e-129	1.55675e-135	
Trihoe	0	0	0	0	0	0	0	0	0	0	0	1	0	0	0	0	0	0	0	0	0	0	0	0	0	0	0	0	0	0	0	0	0	0	0	0	0	0	0	0	0	
Tribit	0	0	0	0	0	0	0	0	0	0	0	1	0	0	0	0	0	0	0	0	0	0	0	0	0	0	0	0	0	0	0	0	0	0	0	0	0	0	0	0	0	
Trijac	0	0	0	0	0	0	0	0	0	0	0	1	0	0	0	0	0	0	0	0	0	0	0	0	0	0	0	0	0	0	0	0	0	0	0	0	0	0	0	0	0	
N117	2.44385e-42	1.81232e-38	1.1542e-34	5.75439e-31	2.19973e-27	6.293e-24	1.30864e-20	1.90915e-17	1.86953e-14	1.16184e-11	4.26116e-09	8.38749e-07	7.86371e-05	0.00311197	0.0483932	0.275912	0.489136	0.17882	0.00451898	2.83845e-05	6.88932e-08	8.10317e-11	5.30332e-14	2.12043e-17	5.54101e-21	9.95931e-25	1.28157e-28	1.21936e-32	8.80904e-37	4.94058e-41	2.19216e-45	7.82086e-50	2.27532e-54	5.46506e-59	1.09559e-63	1.85101e-68	2.65856e-73	3.27152e-78	3.4736e-83	3.20311e-88	2.93321e-93	
Tricri	0	0	0	0	0	0	0	0	0	0	0	0	0	0	0	0	0	1	0	0	0	0	0	0	0	0	0	0	0	0	0	0	0	0	0	0	0	0	0	0	0	
N118	8.02462e-48	1.16301e-43	1.42924e-39	1.3873e-35	1.04351e-31	5.94815e-28	2.50199e-24	7.52076e-21	1.55305e-17	2.09715e-14	1.73884e-11	8.15989e-09	1.95072e-06	0.000208966	0.0087889	0.126289	0.500796	0.353109	0.010739	6.6777e-05	1.42742e-07	1.36777e-10	6.90173e-14	2.04281e-17	3.83115e-21	4.82364e-25	4.26447e-29	2.74388e-33	1.32306e-37	4.89844e-42	1.42137e-46	3.2895e-51	6.16447e-56	9.47827e-61	1.20966e-65	1.29465e-70	1.17265e-75	9.06288e-81	6.0207e-86	3.46127e-91	1.92293e-96	
Triwie	0	0	0	0	0	0	0	0	0	0	0	0	0	0	0	0	0	1	0	0	0	0	0	0	0	0	0	0	0	0	0	0	0	0	0	0	0	0	0	0	0	
Triqua	0	0	0	0	0	0	0	0	0	0	0	0	0	0	0	0	0	1	0	0	0	0	0	0	0	0	0	0	0	0	0	0	0	0	0	0	0	0	0	0	0	
N119	9.53989e-32	1.7479e-28	2.82628e-25	3.55882e-22	3.41028e-19	2.42105e-16	1.23208e-13	4.31233e-11	9.83776e-09	1.36061e-06	0.000102969	0.00366342	0.0494562	0.229471	0.390012	0.256174	0.0649131	0.00600865	0.000195	2.59558e-06	1.65803e-08	5.74082e-11	1.18052e-13	1.54553e-16	1.35974e-19	8.39207e-23	3.76223e-26	1.26088e-29	3.23603e-33	6.49144e-37	1.03582e-40	1.33488e-44	1.408e-48	1.22985e-52	8.98898e-57	5.54897e-61	2.91728e-65	1.31606e-69	5.12938e-74	1.73948e-78	6.43689e-83	
N120	3.11007e-37	7.48414e-34	1.6084e-30	2.75677e-27	3.69899e-24	3.80411e-21	2.92438e-18	1.63076e-15	6.36019e-13	1.65869e-10	2.73545e-08	2.66227e-06	0.000140842	0.00371468	0.0453731	0.236785	0.457758	0.240363	0.0155699	0.0002901	2.24698e-06	8.82581e-09	1.99043e-11	2.80648e-14	2.6328e-17	1.72326e-20	8.17065e-24	2.89301e-27	7.84444e-31	1.66376e-34	2.8105e-38	3.84078e-42	4.30433e-46	4.00352e-50	3.12348e-54	2.06353e-58	1.16427e-62	5.65329e-67	2.37894e-71	8.73313e-76	3.37858e-80	
Kinboe	0	0	0	0	0	0	0	0	0	0	0	0	0	0	0	0	0	1	0	0	0	0	0	0	0	0	0	0	0	0	0	0	0	0	0	0	0	0	0	0	0	
Kinfis	0	0	0	0	0	0	0	0	0	0	0	0	0	0	0	0	0	1	0	0	0	0	0	0	0	0	0	0	0	0	0	0	0	0	0	0	0	0	0	0	0	
Kinxen	0	0	0	0	0	0	0	0	0	0	0	0	0	0	0	0	0	1	0	0	0	0	0	0	0	0	0	0	0	0	0	0	0	0	0	0	0	0	0	0	0	
N121	7.36112e-36	8.43569e-33	2.61868e-29	3.40814e-25	3.76368e-21	2.60772e-17	1.0461e-13	2.20806e-10	2.14153e-07	7.79647e-05	0.00785235	0.155376	0.505761	0.290969	0.0383996	0.00154084	2.2648e-05	1.37207e-07	3.83821e-10	5.46849e-13	4.28509e-16	1.95696e-19	5.43754e-23	9.48432e-27	1.06149e-30	7.73173e-35	3.69267e-39	1.15832e-43	2.37938e-48	3.31091e-53	1.31657e-54	6.28312e-55	1.24149e-55	8.95714e-57	2.11495e-58	5.48883e-60	4.59878e-61	1.77534e-62	3.81259e-64	6.7656e-66	1.18992e-67	
N122	1.36208e-21	7.68868e-19	3.76558e-16	1.3499e-13	3.41709e-11	5.85756e-09	6.45132e-07	4.26616e-05	0.00154839	0.0272752	0.196146	0.454	0.271799	0.046509	0.00261983	5.94288e-05	6.43393e-07	3.77062e-09	1.31274e-11	2.91233e-14	4.34715e-17	4.55831e-20	3.47712e-23	1.986e-26	8.70123e-30	2.98497e-33	8.16044e-37	1.8053e-40	3.27543e-44	4.93175e-48	6.22748e-52	6.65703e-56	6.07539e-60	4.76989e-64	3.24409e-68	1.92341e-72	9.99903e-77	4.58202e-81	1.85993e-85	6.72112e-90	2.6404e-94	
N123	2.63516e-28	1.19305e-24	4.19779e-21	1.01658e-17	1.62016e-14	1.60751e-11	9.24346e-09	2.79977e-06	0.000390953	0.0206432	0.298125	0.634959	0.0453104	0.000566327	2.10308e-06	3.08723e-09	2.15064e-12	8.06708e-16	1.78595e-19	2.50077e-23	2.33706e-27	1.52137e-31	7.14253e-36	2.48876e-40	6.59279e-45	1.35508e-49	2.19918e-54	2.86105e-59	3.02334e-64	2.62528e-69	1.8925e-74	1.14293e-79	5.82968e-85	2.52974e-90	9.40059e-96	3.00917e-101	8.34208e-107	2.01253e-112	4.24388e-118	7.85439e-124	1.39921e-129	
N124	7.74079e-35	1.77025e-30	3.01295e-26	3.49793e-22	2.64115e-18	1.22052e-14	3.18656e-11	4.21272e-08	2.40798e-05	0.00465695	0.19936	0.783357	0.0125743	2.71723e-05	1.64424e-08	3.92821e-12	4.52443e-16	2.86174e-20	1.08908e-24	2.66764e-29	4.42846e-34	5.18953e-39	4.43633e-44	2.84231e-49	1.39592e-54	5.35632e-60	1.63216e-65	4.0054e-71	8.01332e-77	1.32098e-82	1.81125e-88	2.08286e-94	2.02365e-100	1.67208e-106	1.18185e-112	7.18329e-119	3.77202e-125	1.71844e-131	6.81762e-138	2.36334e-144	7.49054e-151	
N125	2.1379e-34	3.48808e-30	4.38825e-26	3.89911e-22	2.34451e-18	9.033e-15	2.0746e-11	2.57093e-08	1.48614e-05	0.00317943	0.165616	0.814771	0.0163713	4.66047e-05	3.96875e-08	1.413e-11	2.54348e-15	2.61594e-19	1.67381e-23	7.09296e-28	2.08809e-32	4.43427e-37	7.00206e-42	8.4294e-47	7.89911e-52	5.86434e-57	3.50153e-62	1.70347e-67	6.82892e-73	2.27827e-78	6.38072e-84	1.51177e-89	3.05081e-95	5.27589e-101	7.861e-107	1.01406e-112	1.13742e-118	1.11359e-124	9.54927e-131	7.19413e-137	5.05834e-143	
Chaafr	0	0	0	0	0	0	0	0	0	0	0	1	0	0	0	0	0	0	0	0	0	0	0	0	0	0	0	0	0	0	0	0	0	0	0	0	0	0	0	0	0	
Chacha	0	0	0	0	0	0	0	0	0	0	0	1	0	0	0	0	0	0	0	0	0	0	0	0	0	0	0	0	0	0	0	0	0	0	0	0	0	0	0	0	0	
N126	9.97784e-35	1.65692e-30	2.12959e-26	1.94566e-22	1.21179e-18	4.87749e-15	1.18251e-11	1.56741e-08	9.8614e-06	0.00235268	0.141596	0.839857	0.0161404	4.44441e-05	3.70801e-08	1.3065e-11	2.34601e-15	2.42263e-19	1.56516e-23	6.73095e-28	2.02061e-32	4.39634e-37	7.14685e-42	8.90145e-47	8.67526e-52	6.73543e-57	4.23065e-62	2.17885e-67	9.30945e-73	3.33428e-78	1.01032e-83	2.61144e-89	5.80059e-95	1.11466e-100	1.86431e-106	2.72897e-112	3.51375e-118	3.99795e-124	4.03683e-130	3.63144e-136	3.08807e-142	
Chacaly	0	0	0	0	0	0	0	0	0	0	0	1	0	0	0	0	0	0	0	0	0	0	0	0	0	0	0	0	0	0	0	0	0	0	0	0	0	0	0	0	0	
Chazey	0	0	0	0	0	0	0	0	0	0	0	1	0	0	0	0	0	0	0	0	0	0	0	0	0	0	0	0	0	0	0	0	0	0	0	0	0	0	0	0	0	
N127	6.29921e-28	2.3844e-24	7.14379e-21	1.50091e-17	2.11806e-14	1.90194e-11	1.01299e-08	2.9108e-06	0.000394715	0.0206448	0.298407	0.632727	0.0472283	0.000593142	2.2667e-06	3.57673e-09	2.80167e-12	1.23121e-15	3.31083e-19	5.81122e-23	6.99732e-27	6.01235e-31	3.80601e-35	1.8224e-39	6.7474e-44	1.96821e-48	4.59624e-53	8.71275e-58	1.35699e-62	1.75501e-67	1.90257e-72	1.74331e-77	1.36023e-82	9.09798e-88	5.24776e-93	2.62448e-98	1.14358e-103	4.36078e-109	1.46106e-114	4.31701e-120	1.24661e-125	
Chadil	0	0	0	0	0	0	0	0	0	0	0	1	0	0	0	0	0	0	0	0	0	0	0	0	0	0	0	0	0	0	0	0	0	0	0	0	0	0	0	0	0	
Chasen	0	0	0	0	0	0	0	0	0	0	0	1	0	0	0	0	0	0	0	0	0	0	0	0	0	0	0	0	0	0	0	0	0	0	0	0	0	0	0	0	0	
Chanam	0	0	0	0	0	0	0	0	0	0	0	1	0	0	0	0	0	0	0	0	0	0	0	0	0	0	0	0	0	0	0	0	0	0	0	0	0	0	0	0	0	
N128	4.26368e-33	1.53535e-31	1.19813e-27	7.22064e-24	3.17652e-20	9.80506e-17	2.0095e-13	2.52519e-10	1.72502e-07	5.2743e-05	0.00520998	0.110524	0.418667	0.352191	0.100202	0.0123886	0.000741554	2.27568e-05	3.85139e-07	3.8432e-09	2.37969e-11	9.48424e-14	1.15981e-15	2.90091e-15	2.16835e-15	5.58932e-16	8.98758e-17	1.10269e-17	1.03906e-18	7.4028e-20	3.92782e-21	1.54397e-22	4.55951e-24	1.03619e-25	1.85926e-27	2.69665e-29	3.22654e-31	3.24057e-33	2.77465e-35	2.08852e-37	2.18026e-39	
Riebrev	0	0	0	0	0	0	0	0	0	0	0	0	0	0	0	0	0	0	0	0	0	0	0	0	0	0	0	0	0	0	1	0	0	0	0	0	0	0	0	0	0	
N129	7.7639e-50	1.67243e-45	3.1027e-41	4.48083e-37	4.93097e-33	4.04079e-29	2.39937e-25	9.99036e-22	2.80335e-18	5.05122e-15	5.51091e-12	3.39301e-09	1.08615e-06	0.000164326	0.0102984	0.210012	0.773435	0.00607897	1.06156e-05	7.20198e-09	2.42137e-12	4.63591e-16	5.53467e-20	4.39381e-24	2.43351e-28	9.76001e-33	2.9203e-37	6.68028e-42	1.19341e-46	1.70324e-51	2.0249e-56	2.25926e-61	3.04203e-66	5.50161e-71	1.06029e-75	1.79689e-80	2.52133e-85	2.90185e-90	2.7519e-95	2.20498e-100	2.1357e-105	
N130	2.46175e-55	6.92674e-52	1.66149e-48	2.78506e-45	7.27597e-44	1.13371e-41	1.75843e-36	1.85092e-31	1.22687e-26	4.86669e-22	1.08105e-17	1.23212e-13	6.41078e-10	1.29624e-06	0.000800848	0.0989413	0.89891	0.0013463	2.45345e-07	1.24442e-11	2.51504e-16	2.466e-21	1.32474e-26	4.22827e-32	8.4832e-38	1.1613e-43	2.26076e-46	4.66347e-48	3.36771e-50	5.26886e-53	1.23607e-56	2.46476e-60	4.26925e-64	6.47224e-68	8.64431e-72	1.02301e-75	1.07823e-79	1.01666e-83	8.61026e-88	6.57318e-92	4.66825e-96	
N131	2.50137e-56	5.49593e-53	1.01523e-49	1.14393e-46	6.82615e-45	1.35467e-43	9.93213e-39	1.66588e-33	1.8288e-28	1.25047e-23	4.98114e-19	1.05445e-14	1.04221e-10	3.98037e-07	0.00043796	0.0835991	0.914623	0.0013396	2.27478e-07	1.05813e-11	1.94748e-16	1.73245e-21	8.42009e-27	2.42363e-32	4.36641e-38	5.11674e-44	6.63442e-50	8.38982e-53	8.49714e-56	2.06354e-59	1.42567e-63	8.03461e-68	4.72786e-72	6.92051e-72	3.92044e-71	1.5998e-70	4.52301e-70	8.39256e-70	9.44286e-70	5.68896e-70	1.51589e-70	
Braset	0	0	0	0	0	0	0	0	0	0	0	0	0	0	0	0	1	0	0	0	0	0	0	0	0	0	0	0	0	0	0	0	0	0	0	0	0	0	0	0	0	
N132	3.74655e-70	1.2738e-64	4.48419e-59	1.25486e-53	2.70214e-48	4.39712e-43	5.29585e-38	4.60088e-33	2.79174e-28	1.13545e-23	2.93335e-19	4.47693e-15	3.64495e-11	1.35898e-07	0.000180661	0.0529756	0.944125	0.00271759	1.0227e-06	1.145e-10	5.38494e-15	1.28622e-19	1.75848e-24	1.49322e-29	8.35373e-35	3.21803e-40	8.83105e-46	1.77301e-51	2.65972e-57	3.03149e-63	2.6601e-69	1.81549e-75	9.71011e-82	4.09084e-88	9.21246e-94	4.58717e-95	1.53648e-96	2.69302e-98	2.15852e-100	6.43297e-103	5.22606e-106	
N133	1.06282e-81	2.84236e-75	5.5842e-69	7.97956e-63	8.28542e-57	6.216e-51	3.33433e-45	1.25863e-39	3.26935e-34	5.66761e-29	6.28872e-24	4.2153e-19	1.57163e-14	2.8797e-10	2.1207e-06	0.00432343	0.994758	0.000916821	1.10437e-07	3.98798e-12	6.08261e-17	4.71707e-22	2.08589e-27	5.67875e-33	1.00449e-38	1.20031e-44	9.96972e-51	5.87679e-57	2.49477e-63	7.69984e-70	1.7362e-76	2.86095e-83	3.4296e-90	2.96074e-97	1.80936e-104	7.62021e-112	2.12235e-119	3.66269e-127	3.50916e-135	1.51079e-143	1.72837e-152	
Bramel	0	0	0	0	0	0	0	0	0	0	0	0	0	0	0	0	1	0	0	0	0	0	0	0	0	0	0	0	0	0	0	0	0	0	0	0	0	0	0	0	0	
Bratha	0	0	0	0	0	0	0	0	0	0	0	0	0	0	0	0	1	0	0	0	0	0	0	0	0	0	0	0	0	0	0	0	0	0	0	0	0	0	0	0	0	
N134	4.04224e-72	1.87075e-66	7.07576e-61	2.12253e-55	4.97868e-50	8.97926e-45	1.22022e-39	1.21903e-34	8.68476e-30	4.24676e-25	1.35673e-20	2.65199e-16	2.89571e-12	1.54468e-08	3.24542e-05	0.0179993	0.979038	0.00292922	1.14272e-06	1.3329e-10	6.57265e-15	1.65806e-19	2.41396e-24	2.20342e-29	1.3392e-34	5.67235e-40	1.73489e-45	3.94173e-51	6.80784e-57	9.10935e-63	9.59388e-69	8.05954e-75	5.46167e-81	3.01436e-87	1.36602e-93	5.11823e-100	1.59491e-106	4.15394e-113	9.07991e-120	1.67135e-126	2.67835e-133	
Bradra	0	0	0	0	0	0	0	0	0	0	0	0	0	0	0	0	1	0	0	0	0	0	0	0	0	0	0	0	0	0	0	0	0	0	0	0	0	0	0	0	0	
Bratra	0	0	0	0	0	0	0	0	0	0	0	0	0	0	0	0	1	0	0	0	0	0	0	0	0	0	0	0	0	0	0	0	0	0	0	0	0	0	0	0	0	
N135	2.14351e-68	5.7136e-63	1.25013e-57	2.16894e-52	2.94197e-47	3.0677e-42	2.40978e-37	1.39138e-32	5.7284e-28	1.61869e-23	2.98882e-19	3.37844e-15	2.1361e-11	6.61909e-08	8.14124e-05	0.0270316	0.968351	0.00453277	2.85719e-06	5.44121e-10	4.40473e-14	1.83087e-18	4.40432e-23	6.65787e-28	6.71466e-33	4.72739e-38	2.40698e-43	9.11633e-49	2.62792e-54	5.87551e-60	1.03503e-65	1.45571e-71	1.65299e-77	1.52989e-83	1.16347e-89	7.32042e-96	3.83298e-102	1.67835e-108	6.17091e-115	1.91153e-121	5.19544e-128	
Bragut	0	0	0	0	0	0	0	0	0	0	0	0	0	0	0	0	1	0	0	0	0	0	0	0	0	0	0	0	0	0	0	0	0	0	0	0	0	0	0	0	0	
Braven	0	0	0	0	0	0	0	0	0	0	0	0	0	0	0	0	1	0	0	0	0	0	0	0	0	0	0	0	0	0	0	0	0	0	0	0	0	0	0	0	0	
N136	1.63602e-57	9.55475e-53	4.65697e-48	1.80172e-43	5.43881e-39	1.25556e-34	2.16477e-30	2.70985e-26	2.37985e-22	1.40556e-18	5.29248e-15	1.18554e-11	1.43937e-08	8.30153e-06	0.00185892	0.113791	0.872369	0.0119488	2.35558e-05	1.42687e-08	3.69813e-12	4.9392e-16	3.82918e-20	1.87167e-24	6.12883e-29	1.40832e-33	2.35549e-38	2.95355e-43	2.84482e-48	2.14807e-53	1.29365e-58	6.30653e-64	2.52074e-69	8.35385e-75	2.31811e-80	5.43312e-86	1.0839e-91	1.85336e-97	2.7331e-103	3.4955e-109	4.13481e-115	
Brapum	0	0	0	0	0	0	0	0	0	0	0	0	0	0	0	0	1	0	0	0	0	0	0	0	0	0	0	0	0	0	0	0	0	0	0	0	0	0	0	0	0	
Bradam	0	0	0	0	0	0	0	0	0	0	0	0	0	0	0	0	1	0	0	0	0	0	0	0	0	0	0	0	0	0	0	0	0	0	0	0	0	0	0	0	0	
