NODE	1	2	3	4	5	6	7	8	9	10	11	12	13	14	15	16	17	18	19	20	21	22	23	24	25	26	27	28	29	
N1	2.70351e-59	6.55241e-55	1.09591e-50	1.20281e-46	8.79414e-43	4.31766e-39	1.4004e-35	2.79948e-32	2.84411e-29	2.16348e-26	2.78834e-23	2.2514e-20	1.00752e-17	2.26228e-15	2.2081e-13	7.52463e-12	6.25953e-11	1	4.02507e-11	5.08708e-12	2.71813e-13	7.51535e-15	1.22867e-16	1.30209e-18	9.55674e-21	5.10447e-23	2.06131e-25	6.48711e-28	1.7294e-30	
N2	1.56393e-63	1.93555e-58	1.96438e-53	1.26937e-48	5.24764e-44	1.41489e-39	2.63326e-35	3.7494e-31	4.38562e-27	4.09368e-23	2.62798e-19	1.02285e-15	2.29395e-12	2.77879e-09	1.65967e-06	0.000426816	0.0379135	0.750543	0.200363	0.0105621	0.000189003	1.52217e-06	6.54403e-09	1.68232e-11	2.80711e-14	3.74561e-17	1.00708e-18	9.21832e-21	1.25386e-21	
N3	8.99621e-68	4.72039e-62	1.61884e-56	3.19764e-51	3.55897e-46	2.14899e-41	6.63511e-37	9.3808e-33	3.81522e-29	1.3374e-26	2.29138e-22	3.54447e-18	2.95443e-14	1.21615e-10	2.1823e-07	0.000140814	0.0236062	0.547848	0.398293	0.0296122	0.00049584	2.85263e-06	7.24511e-09	9.55649e-12	7.32562e-15	3.54149e-18	1.14931e-21	2.65362e-25	6.86723e-29	
N4	3.75779e-71	2.80047e-65	1.60381e-59	5.88083e-54	1.34563e-48	1.85129e-43	1.4575e-38	5.91985e-34	8.84268e-30	1.02042e-25	2.09917e-21	2.47436e-17	1.53209e-13	4.56748e-10	5.78656e-07	0.000258205	0.029977	0.526171	0.406597	0.0362193	0.000771624	5.79837e-06	1.94233e-08	3.3842e-11	3.4174e-14	2.16644e-17	9.96713e-21	7.93531e-24	2.49664e-25	
B3088	0	0	0	0	0	0	0	0	0	0	0	0	0	0	0	0	0	1	0	0	0	0	0	0	0	0	0	0	0	
N5	1.90485e-63	1.74717e-58	1.63447e-53	1.21542e-48	7.14957e-44	3.18589e-39	1.01794e-34	2.22341e-30	3.1992e-26	2.93752e-22	1.66188e-18	5.55624e-15	1.04008e-11	1.01197e-08	4.60389e-06	0.00083592	0.0469485	0.515462	0.392327	0.0430597	0.00134484	1.69763e-05	1.0648e-07	3.79572e-10	8.44545e-13	1.25666e-15	1.36467e-18	1.87561e-21	9.54997e-23	
BGA709	0	0	0	0	0	0	0	0	0	0	0	0	0	0	0	0	0	1	0	0	0	0	0	0	0	0	0	0	0	
BGA309	0	0	0	0	0	0	0	0	0	0	0	0	0	0	0	0	0	1	0	0	0	0	0	0	0	0	0	0	0	
N6	8.92989e-70	5.64687e-64	2.34966e-58	5.70772e-53	8.06182e-48	6.63903e-43	3.27092e-38	9.99096e-34	1.62719e-29	1.92228e-27	9.52918e-24	2.11283e-19	2.61065e-15	1.63506e-11	4.61024e-08	4.89142e-05	0.0143572	0.619748	0.350866	0.0148425	0.000136985	4.40692e-07	6.40081e-10	4.93372e-13	2.25114e-16	6.57331e-20	1.30281e-23	1.86257e-27	4.21202e-31	
N7	3.13998e-62	3.01367e-57	2.08197e-52	8.48298e-48	2.00817e-43	2.72679e-39	2.17633e-35	1.20003e-31	6.82739e-28	6.28322e-24	5.94528e-20	3.39016e-16	1.09654e-12	1.86711e-09	1.50141e-06	0.000481621	0.0460481	0.71406	0.228706	0.0105561	0.000145732	8.52836e-07	2.58174e-09	4.59288e-12	5.24418e-15	4.09866e-18	2.30382e-21	9.76639e-25	4.94449e-28	
B11696	0	0	0	0	0	0	0	0	0	0	0	0	0	0	0	0	0	1	0	0	0	0	0	0	0	0	0	0	0	
B11609	0	0	0	0	0	0	0	0	0	0	0	0	0	0	0	0	0	1	0	0	0	0	0	0	0	0	0	0	0	
N8	2.46829e-81	2.19094e-74	1.09307e-67	2.87139e-61	3.96975e-55	2.86766e-49	1.06707e-43	2.05561e-38	1.74282e-33	3.53409e-31	6.83162e-28	7.46732e-23	5.01387e-18	1.60336e-13	2.0818e-09	8.75752e-06	0.00798771	0.663464	0.320649	0.00785887	3.13757e-05	3.58628e-08	1.60821e-11	3.44417e-15	4.01995e-19	2.80723e-23	1.30226e-27	7.35289e-32	1.47905e-34	
N9	3.04698e-65	4.16848e-61	3.96376e-57	2.36997e-53	8.26189e-50	7.53584e-47	1.0534e-44	1.86482e-41	1.10288e-36	2.75001e-32	4.34524e-27	3.9763e-22	1.88643e-17	4.25512e-13	3.99963e-09	1.26513e-05	0.00919324	0.671959	0.31132	0.00748325	3.09588e-05	3.87091e-08	1.98638e-11	5.04956e-15	7.20768e-19	6.40367e-23	6.34937e-26	1.08397e-28	2.30975e-30	
N10	6.53226e-67	1.00797e-61	1.1427e-56	7.81981e-52	3.31308e-47	9.42322e-43	2.1762e-38	5.15421e-34	1.27118e-29	2.69941e-25	3.89641e-21	3.35446e-17	1.62899e-13	4.13772e-10	4.9236e-07	0.000231156	0.0317983	0.686134	0.271208	0.0105175	0.000110289	4.68383e-07	1.00238e-09	1.23917e-12	9.71268e-16	5.16713e-19	2.21155e-22	2.25804e-25	5.52005e-27	
B983	0	0	0	0	0	0	0	0	0	0	0	0	0	0	0	0	0	1	0	0	0	0	0	0	0	0	0	0	0	
B11604	0	0	0	0	0	0	0	0	0	0	0	0	0	0	0	0	0	1	0	0	0	0	0	0	0	0	0	0	0	
N11	5.91058e-65	1.09334e-59	1.39622e-54	1.04456e-49	4.47075e-45	1.0538e-40	1.29741e-36	7.81954e-33	2.07354e-29	6.2411e-26	1.07268e-21	1.1371e-17	6.82786e-14	2.15221e-10	3.18699e-07	0.00018627	0.031631	0.799142	0.164725	0.00428284	3.21553e-05	1.01047e-07	1.63391e-10	1.54897e-13	9.41567e-17	3.91657e-20	1.17277e-23	2.69117e-27	1.12432e-30	
BGAA1	0	0	0	0	0	0	0	0	0	0	0	0	0	0	0	0	0	1	0	0	0	0	0	0	0	0	0	0	0	
BGA584	0	0	0	0	0	0	0	0	0	0	0	0	0	0	0	0	0	1	0	0	0	0	0	0	0	0	0	0	0	
N12	2.81216e-64	3.98627e-59	3.97882e-54	2.33395e-49	7.88735e-45	1.49483e-40	1.56189e-36	9.51387e-33	4.50116e-29	3.99709e-25	5.45629e-21	4.50792e-17	2.11025e-13	5.18974e-10	6.00436e-07	0.000274954	0.0368342	0.753944	0.20208	0.00679986	6.59642e-05	2.67566e-07	5.58019e-10	6.81873e-13	5.33982e-16	2.8603e-19	1.10347e-22	3.3107e-26	2.52832e-29	
BGA303	0	0	0	0	0	0	0	0	0	0	0	0	0	0	0	0	0	1	0	0	0	0	0	0	0	0	0	0	0	
BGAB1	0	0	0	0	0	0	0	0	0	0	0	0	0	0	0	0	0	1	0	0	0	0	0	0	0	0	0	0	0	
PGA445	0	0	0	0	0	0	0	0	0	0	0	0	0	0	0	0	0	1	0	0	0	0	0	0	0	0	0	0	0	
N13	1.31032e-65	8.43658e-59	2.96934e-52	5.44046e-46	5.11167e-40	2.36597e-34	5.0016e-29	4.04963e-24	2.09542e-20	1.82875e-18	2.21934e-14	7.92561e-11	8.41226e-08	2.95026e-05	0.00342191	0.112427	0.650401	0.233102	0.000618411	3.12424e-07	5.68187e-11	4.93236e-15	2.3879e-19	7.09322e-24	1.37764e-28	1.91025e-33	1.34065e-37	1.20102e-41	4.42827e-44	
N14	1.24124e-44	2.91379e-39	5.04371e-34	4.69309e-29	2.26506e-24	5.392e-20	5.88485e-16	2.65295e-12	4.25982e-09	1.99101e-06	0.000220716	0.00644484	0.062191	0.233278	0.370988	0.25361	0.0681739	0.00507114	2.0588e-05	3.27383e-08	2.75809e-11	1.41652e-14	4.82672e-18	1.15617e-21	2.03699e-25	3.18932e-29	1.06794e-31	1.60026e-33	1.11757e-33	
Rhaspe	0	0	0	0	0	0	0	0	0	1	0	0	0	0	0	0	0	0	0	0	0	0	0	0	0	0	0	0	0	
N15	4.74798e-32	1.60339e-29	5.32721e-27	1.74292e-24	8.80961e-21	4.74925e-17	1.28097e-13	1.5975e-10	8.28572e-08	1.54495e-05	0.000884964	0.0159451	0.105983	0.292028	0.353937	0.188466	0.0402203	0.00250459	1.5938e-05	4.35946e-08	6.76258e-11	6.76578e-14	4.70893e-17	2.40614e-20	1.17138e-23	7.0522e-26	1.8802e-27	1.05261e-29	3.19742e-30	
Rhamar	0	0	0	0	0	0	0	0	0	1	0	0	0	0	0	0	0	0	0	0	0	0	0	0	0	0	0	0	0	
Rhatem	0	0	0	0	0	0	0	0	0	0	1	0	0	0	0	0	0	0	0	0	0	0	0	0	0	0	0	0	0	
N16	6.24261e-72	1.13902e-65	1.36836e-60	3.99018e-55	9.79301e-49	1.17009e-42	6.55783e-37	1.29785e-31	6.69852e-28	1.22677e-23	1.46085e-18	6.05112e-14	7.17445e-10	2.00363e-06	0.00107449	0.0852403	0.663672	0.248504	0.0015061	1.13192e-06	2.22302e-10	1.65437e-14	5.7627e-19	1.28576e-23	1.15099e-27	9.56594e-31	3.1211e-34	1.2303e-36	3.76638e-37	
N17	6.75548e-68	2.58536e-61	5.79802e-55	7.23042e-49	4.99938e-43	1.87703e-37	3.65976e-32	3.3751e-27	8.36308e-23	1.24793e-20	7.7466e-17	1.0746e-12	4.82581e-09	5.27695e-06	0.00137169	0.0749273	0.598944	0.314389	0.0103078	5.44764e-05	8.32133e-08	5.08806e-11	1.51977e-14	2.53069e-18	2.57974e-22	1.76328e-26	1.24302e-30	5.18293e-34	1.449e-36	
N18	8.56084e-56	2.82136e-50	6.96514e-45	1.08864e-39	1.07051e-34	6.53434e-30	2.42185e-25	5.27241e-21	6.41358e-17	4.04155e-13	1.1645e-09	1.20492e-06	0.000221422	0.00861871	0.10249	0.392551	0.416774	0.0776194	0.00171288	1.10221e-05	3.06713e-08	4.52062e-11	3.99502e-14	2.3021e-17	9.1908e-21	2.67758e-24	8.70089e-28	1.00215e-30	2.25733e-32	
FGA379	0	0	0	0	0	0	0	0	0	0	0	0	0	0	0	0	1	0	0	0	0	0	0	0	0	0	0	0	0	
N19	2.78599e-49	7.1051e-44	1.34711e-38	1.57799e-33	1.12521e-28	4.7663e-24	1.15721e-19	1.53094e-15	1.02131e-11	3.05758e-08	3.3702e-05	0.00919002	0.163696	0.433453	0.310233	0.0765289	0.00669264	0.000171315	9.61208e-07	2.10324e-09	2.35009e-12	1.55522e-15	6.69476e-19	2.00016e-22	4.34955e-26	7.1439e-30	9.3845e-34	1.40834e-37	4.48446e-40	
N20	2.10059e-54	2.33646e-48	1.65527e-42	6.79375e-37	1.66757e-31	2.46852e-26	2.21798e-21	1.25326e-16	3.34458e-12	3.67863e-08	0.000128322	0.0704858	0.496283	0.392037	0.0400677	0.000991254	7.15434e-06	1.51594e-08	1.0372e-11	3.12908e-15	4.97102e-19	4.62634e-23	2.74245e-27	4.13836e-29	3.15076e-30	1.47086e-32	8.86861e-35	7.92466e-36	2.60777e-36	
N21	1.49566e-51	4.57864e-47	5.59817e-43	1.26496e-38	8.74556e-33	3.36629e-27	5.74678e-22	9.76831e-17	6.7124e-12	1.51101e-07	0.000727006	0.225842	0.640983	0.129264	0.00316853	1.56431e-05	1.95596e-08	6.89906e-12	8.52123e-16	4.83643e-20	1.48435e-24	2.72654e-29	3.27745e-34	2.01363e-36	1.39792e-37	1.37841e-38	2.8335e-40	2.17036e-40	5.11576e-41	
F3015	0	0	0	0	0	0	0	0	0	0	1	0	0	0	0	0	0	0	0	0	0	0	0	0	0	0	0	0	0	
N22	6.47387e-52	6.66038e-48	2.85425e-44	1.85133e-38	1.40977e-32	5.07688e-27	7.70657e-22	1.3929e-16	9.92261e-12	2.23635e-07	0.00102582	0.29945	0.634591	0.0642958	0.000636055	1.08591e-06	4.52969e-10	6.12914e-14	3.55482e-18	1.06561e-22	1.8596e-27	2.12336e-32	1.00097e-36	9.48213e-40	4.89177e-40	1.64038e-39	8.89725e-42	1.70715e-41	7.1678e-43	
N23	1.54399e-54	7.12138e-51	5.84297e-45	6.87672e-39	4.52909e-33	1.77389e-27	4.13704e-22	5.92398e-17	3.66797e-12	8.23482e-08	0.000481516	0.353973	0.611705	0.0336927	0.000147101	1.15866e-07	2.84482e-11	2.99868e-15	1.63976e-19	5.24291e-24	1.1986e-28	4.98262e-33	2.74007e-36	1.4614e-38	1.47027e-42	2.0935e-44	6.4947e-49	4.31308e-51	3.57203e-55	
N24	2.8761e-66	1.53469e-58	3.53688e-51	3.7379e-44	1.86923e-37	4.23291e-31	4.6792e-25	5.63854e-19	2.57655e-13	3.61595e-08	0.000931722	0.651106	0.34531	0.00265093	9.33067e-07	6.08116e-11	1.31735e-15	1.23976e-20	5.8416e-26	1.50163e-31	2.70178e-37	6.9716e-42	4.06976e-44	2.45296e-45	1.04941e-47	1.84228e-48	1.36213e-51	1.06475e-52	1.29021e-55	
N25	6.1078e-54	2.71887e-49	7.67177e-45	1.3773e-40	6.36981e-35	1.12761e-28	8.35071e-23	4.24239e-17	7.54837e-12	3.85446e-07	0.00337945	0.668129	0.326224	0.00226666	8.07291e-07	6.83219e-11	2.23246e-15	3.49416e-20	3.25525e-25	5.16371e-29	7.87776e-33	2.23862e-36	8.79567e-40	2.04342e-40	6.21065e-42	2.58916e-41	2.19073e-44	6.45194e-45	9.05422e-48	
F1476	0	0	0	0	0	0	0	0	0	0	1	0	0	0	0	0	0	0	0	0	0	0	0	0	0	0	0	0	0	
N26	4.04963e-59	2.10152e-54	1.74217e-47	8.05591e-41	2.06629e-34	2.80716e-28	2.0443e-22	7.0524e-17	1.01159e-11	4.87741e-07	0.00491645	0.664981	0.326177	0.00392243	2.65845e-06	4.43508e-10	2.86179e-14	8.96722e-19	1.73379e-23	3.61823e-27	4.31128e-31	1.88461e-33	8.92973e-37	8.52925e-35	5.01887e-37	4.85022e-37	6.32873e-40	6.2667e-41	1.17558e-43	
Furcep	0	0	0	0	0	0	0	0	0	0	0	0	0	1	0	0	0	0	0	0	0	0	0	0	0	0	0	0	0	
N27	7.0808e-51	2.70483e-48	1.66543e-42	2.7124e-36	2.32674e-30	1.03066e-24	2.26366e-19	2.29077e-14	9.44705e-10	1.27317e-05	0.0345995	0.755773	0.208203	0.00141114	9.77517e-07	2.16717e-10	2.17942e-14	1.1902e-18	3.95128e-23	1.39667e-27	4.72012e-31	9.555e-35	1.0856e-37	3.68992e-39	4.79756e-43	1.19093e-44	2.77727e-49	1.41018e-51	4.92818e-56	
Furpol	0	0	0	0	0	0	0	0	0	0	0	1	0	0	0	0	0	0	0	0	0	0	0	0	0	0	0	0	0	
N28	6.99347e-50	1.09215e-43	1.07644e-37	6.09981e-32	1.93825e-26	3.31376e-21	2.86668e-16	1.13757e-11	1.77143e-07	0.000817373	0.587495	0.394427	0.0172236	3.69444e-05	2.09356e-08	4.92185e-12	5.99401e-16	4.3213e-20	2.01682e-24	6.586e-29	1.84112e-33	2.43025e-37	1.6542e-40	1.06428e-42	1.60021e-46	5.76752e-49	2.33927e-53	1.40886e-56	6.47226e-61	
N29	4.25849e-50	8.25353e-44	9.87106e-38	6.70403e-32	2.51733e-26	4.99983e-21	4.91015e-16	2.14175e-11	3.48473e-07	0.00153533	0.865586	0.131804	0.00107387	9.8323e-07	2.89315e-10	3.87715e-14	2.84295e-18	1.27875e-22	3.81784e-27	8.58776e-32	3.09436e-36	9.00579e-39	1.52987e-42	6.69793e-45	3.04137e-49	4.69793e-52	1.13463e-56	3.42969e-60	8.85931e-65	
F2241	0	0	0	0	0	0	0	0	0	0	1	0	0	0	0	0	0	0	0	0	0	0	0	0	0	0	0	0	0	
Furang	0	0	0	0	0	0	0	0	0	0	1	0	0	0	0	0	0	0	0	0	0	0	0	0	0	0	0	0	0	
FGA490	0	0	0	0	0	0	0	0	0	0	1	0	0	0	0	0	0	0	0	0	0	0	0	0	0	0	0	0	0	
N30	3.50843e-59	2.70087e-52	1.24202e-45	3.32087e-39	5.20473e-33	4.65787e-27	2.25201e-21	5.42274e-16	5.19808e-11	1.54161e-06	0.00827512	0.8536	0.137848	0.000275032	8.30863e-08	7.99063e-12	3.3946e-16	7.64984e-21	1.0277e-25	9.88869e-31	1.71156e-35	1.74892e-39	4.62343e-43	1.53058e-45	6.43495e-50	1.18061e-52	9.78599e-58	2.36648e-61	2.08427e-66	
N31	7.65149e-56	3.07268e-49	6.73131e-43	7.38501e-37	3.98864e-31	1.06177e-25	1.30397e-20	2.13995e-15	1.38241e-10	2.77412e-06	0.0103686	0.881863	0.107543	0.000221733	7.67227e-08	8.90338e-12	4.72641e-16	1.35676e-20	2.37035e-25	7.72179e-30	5.74878e-34	1.66306e-36	3.19732e-40	2.85856e-42	9.7693e-43	6.17383e-43	9.47815e-46	4.00598e-47	7.5992e-50	
N32	3.13468e-63	5.14914e-56	4.63868e-49	2.12038e-42	4.97318e-36	5.86e-30	2.9264e-24	1.94915e-18	5.267e-13	4.67764e-08	0.000878714	0.878812	0.119804	0.00050475	1.21148e-07	7.6235e-12	1.92118e-16	2.39847e-21	1.74736e-26	5.86166e-31	4.38321e-35	1.90554e-37	6.34295e-42	4.56669e-42	3.048e-43	3.10389e-44	1.71594e-47	2.87552e-49	1.94534e-52	
N33	5.49062e-57	3.74714e-53	1.62238e-46	4.0691e-40	5.86432e-34	4.74438e-28	2.03033e-22	4.29223e-17	3.87595e-12	1.25204e-07	0.00102524	0.921062	0.0777297	0.000182395	6.42796e-08	7.5107e-12	4.00643e-16	1.15569e-20	2.04661e-25	1.11922e-29	1.88254e-33	1.90759e-36	9.99016e-40	1.87284e-41	5.41295e-46	4.13938e-48	4.42118e-53	4.49641e-56	5.89903e-61	
N34	3.07344e-56	6.93513e-50	1.10268e-43	1.13307e-37	7.21878e-32	2.68695e-26	5.44956e-21	5.56113e-16	2.51942e-11	4.2314e-07	0.0018793	0.968473	0.0295976	4.98873e-05	2.09756e-08	3.5068e-12	2.94633e-16	1.43138e-20	4.41951e-25	1.06827e-29	4.19933e-34	7.60338e-37	4.97132e-40	3.22211e-42	1.4546e-46	2.75151e-49	6.36675e-54	1.99089e-57	4.75184e-62	
FGA456	0	0	0	0	0	0	0	0	0	0	0	1	0	0	0	0	0	0	0	0	0	0	0	0	0	0	0	0	0	
FGA513	0	0	0	0	0	0	0	0	0	0	0	1	0	0	0	0	0	0	0	0	0	0	0	0	0	0	0	0	0	
F12278	0	0	0	0	0	0	0	0	0	0	0	1	0	0	0	0	0	0	0	0	0	0	0	0	0	0	0	0	0	
N35	5.99771e-55	7.09926e-49	5.46856e-43	2.50745e-37	6.98433e-32	1.26631e-26	1.59063e-21	1.30125e-16	5.84468e-12	1.07914e-07	0.00062818	0.622308	0.352818	0.024213	3.2103e-05	1.24681e-08	2.13924e-12	1.98327e-16	1.12606e-20	5.76639e-25	9.36122e-29	1.10694e-30	1.20705e-33	1.09499e-35	6.23081e-40	4.88592e-43	1.64439e-47	5.70518e-51	1.85462e-55	
Furant	0	0	0	0	0	0	0	0	0	0	0	1	0	0	0	0	0	0	0	0	0	0	0	0	0	0	0	0	0	
FGA331	0	0	0	0	0	0	0	0	0	0	0	0	0	1	0	0	0	0	0	0	0	0	0	0	0	0	0	0	0	
FGA465	0	0	0	0	0	0	0	0	0	0	1	0	0	0	0	0	0	0	0	0	0	0	0	0	0	0	0	0	0	
N36	4.83434e-52	1.06612e-45	1.48328e-39	1.1922e-33	5.39561e-28	1.31571e-22	1.63247e-17	9.31734e-13	2.08804e-08	0.000139323	0.148666	0.825944	0.0252107	3.99035e-05	1.71141e-08	3.05813e-12	2.82403e-16	1.53563e-20	5.37041e-25	1.34582e-29	3.43636e-34	1.8717e-37	1.12477e-40	5.10628e-43	3.46255e-47	6.25077e-50	1.66437e-54	4.01825e-58	1.00965e-62	
FGA99	0	0	0	0	0	0	0	0	0	0	1	0	0	0	0	0	0	0	0	0	0	0	0	0	0	0	0	0	0	
N37	1.55374e-51	3.06152e-45	3.8296e-39	2.77172e-33	1.12827e-27	2.47438e-22	2.7456e-17	1.40192e-12	2.82306e-08	0.000170611	0.168561	0.820089	0.0111642	1.51612e-05	6.04578e-09	1.04078e-12	9.46418e-17	5.15068e-21	1.83641e-25	8.57702e-30	2.22259e-33	3.26621e-35	6.14675e-39	6.75509e-41	2.81951e-45	7.02025e-48	1.80256e-52	9.18425e-56	2.61055e-60	
FGA15	0	0	0	0	0	0	0	0	0	0	1	0	0	0	0	0	0	0	0	0	0	0	0	0	0	0	0	0	0	
FGA581	0	0	0	0	0	0	0	0	0	0	0	1	0	0	0	0	0	0	0	0	0	0	0	0	0	0	0	0	0	
FGA104	0	0	0	0	0	0	0	0	0	0	0	0	1	0	0	0	0	0	0	0	0	0	0	0	0	0	0	0	0	
FGA489	0	0	0	0	0	0	0	0	0	0	1	0	0	0	0	0	0	0	0	0	0	0	0	0	0	0	0	0	0	
FGA174	0	0	0	0	0	0	0	0	0	0	0	0	0	1	0	0	0	0	0	0	0	0	0	0	0	0	0	0	0	
FurbGB	0	0	0	0	0	0	0	0	0	0	0	1	0	0	0	0	0	0	0	0	0	0	0	0	0	0	0	0	0	
N38	8.02519e-62	7.02548e-58	3.97778e-54	9.07014e-51	3.60548e-46	8.45555e-41	1.08972e-35	6.79978e-31	1.16773e-26	8.7637e-23	2.63703e-18	3.96716e-14	2.5422e-10	5.67569e-07	0.000337078	0.0384534	0.525738	0.412191	0.0230507	0.000228031	6.80343e-07	8.28629e-10	4.96863e-13	1.79651e-16	1.08114e-19	8.87951e-22	2.53754e-24	4.13983e-26	2.91047e-27	
N39	1.16531e-64	2.33862e-59	3.43692e-54	3.16967e-49	1.96183e-44	9.18821e-40	3.72038e-35	1.33194e-30	3.77668e-26	7.43383e-22	8.73101e-18	5.60803e-14	1.81398e-10	2.62264e-07	0.000140843	0.0204952	0.438456	0.492103	0.0478374	0.000961052	6.47749e-06	1.9291e-08	3.01532e-11	2.77884e-14	1.65227e-17	8.68586e-21	2.08165e-23	1.42013e-25	9.84045e-27	
N40	1.06977e-64	4.28245e-59	1.197e-53	2.0105e-48	2.09523e-43	1.4123e-38	6.13399e-34	1.44124e-29	4.65611e-27	1.0632e-23	2.59084e-19	3.50776e-15	2.41786e-11	7.52328e-08	8.71049e-05	0.0259271	0.598118	0.361266	0.0144812	0.000120928	3.48299e-07	4.53842e-10	3.15844e-13	1.31108e-16	3.50927e-20	6.41507e-24	8.38769e-28	8.46763e-32	2.18061e-35	
CGA312	0	0	0	0	0	0	0	0	0	0	0	0	0	0	0	0	0	1	0	0	0	0	0	0	0	0	0	0	0	
N41	3.44809e-79	3.97454e-72	2.58107e-65	8.70722e-59	1.50509e-52	1.28459e-46	5.04179e-41	6.62193e-36	6.17626e-34	7.45853e-29	2.47718e-23	4.13086e-18	3.07129e-13	8.5746e-09	6.3632e-05	0.0403454	0.707164	0.249554	0.00286857	4.19879e-06	1.60988e-09	2.3144e-13	1.53236e-17	5.31142e-22	1.0468e-26	1.23903e-31	1.27983e-36	1.88009e-37	4.88106e-37	
N42	1.46778e-75	1.77922e-69	1.2601e-62	7.67219e-57	1.56938e-51	3.60522e-47	1.0041e-43	1.76257e-39	4.16756e-35	8.87477e-32	2.86391e-25	5.2861e-19	3.60642e-13	6.1086e-08	0.00069091	0.127259	0.833617	0.0384053	2.73712e-05	1.92428e-09	3.37277e-14	2.19737e-19	6.47213e-25	9.57029e-31	7.54736e-37	7.33133e-43	3.29595e-42	4.13736e-42	3.24147e-41	
N43	9.1093e-70	9.24311e-65	5.75928e-60	2.09711e-55	4.47341e-51	5.62145e-47	4.24777e-43	6.679e-39	3.54567e-35	6.13843e-30	7.02148e-24	3.35905e-18	6.13173e-13	3.54404e-08	0.000384706	0.118804	0.844798	0.0359782	3.48572e-05	5.71228e-09	2.93641e-13	6.2845e-18	6.38527e-23	4.79547e-27	2.46508e-30	1.91771e-33	4.41837e-37	3.56648e-40	9.53366e-39	
N44	1.05425e-72	4.46224e-66	1.07886e-59	1.38721e-53	9.34359e-48	3.17941e-42	5.08332e-37	3.12243e-32	2.02277e-29	1.29227e-27	1.34124e-22	1.05884e-17	4.10453e-13	6.56862e-09	3.39119e-05	0.0338258	0.861928	0.103918	0.000294146	1.93728e-07	4.87075e-11	5.9569e-15	4.08988e-19	1.73081e-23	4.82559e-28	9.67606e-33	2.15735e-37	4.5025e-41	6.13836e-41	
CGA642	0	0	0	0	0	0	0	0	0	0	0	0	0	0	0	0	1	0	0	0	0	0	0	0	0	0	0	0	0	
N45	2.79754e-64	6.04636e-60	8.64777e-56	6.63549e-52	3.46515e-49	4.13121e-47	2.58415e-42	2.60476e-37	7.68163e-33	3.1765e-29	6.54544e-24	9.93153e-19	7.23545e-14	2.19021e-09	2.14849e-05	0.0405255	0.837478	0.121735	0.000240537	1.04747e-07	1.69002e-11	1.30109e-15	5.55498e-20	1.52275e-24	4.0715e-28	6.3399e-31	2.14304e-34	6.8035e-38	2.08346e-39	
CGA763	0	0	0	0	0	0	0	0	0	0	0	0	0	0	0	1	0	0	0	0	0	0	0	0	0	0	0	0	0	
C601	0	0	0	0	0	0	0	0	0	0	0	0	0	0	0	0	0	1	0	0	0	0	0	0	0	0	0	0	0	
N46	5.99869e-65	1.94699e-60	4.2239e-56	4.82334e-52	6.5613e-49	4.72439e-47	3.13534e-42	5.39578e-37	4.87835e-32	2.22173e-26	5.10891e-21	5.42364e-16	2.32957e-11	3.19809e-07	0.000869737	0.135743	0.830663	0.0326674	5.66526e-05	2.18301e-08	3.0591e-12	1.99959e-16	7.04672e-21	2.53339e-25	4.80477e-28	9.36157e-31	5.30519e-34	2.08808e-37	6.5867e-37	
CGA236	0	0	0	0	0	0	0	0	0	0	0	0	0	0	0	0	1	0	0	0	0	0	0	0	0	0	0	0	0	
N47	3.46967e-59	4.13141e-55	3.69246e-51	2.07114e-47	1.18235e-44	2.72099e-42	7.47678e-37	1.66523e-31	2.47548e-26	2.03449e-21	8.27451e-17	1.51872e-12	1.08338e-08	2.31934e-05	0.00913134	0.242508	0.720794	0.027456	8.79209e-05	7.68463e-08	2.78612e-11	5.17888e-15	5.58929e-19	3.89824e-23	1.63239e-26	5.61639e-29	6.49732e-32	6.16316e-35	2.56852e-36	
N48	4.36363e-62	1.9746e-56	6.39854e-51	1.35948e-45	1.90791e-40	1.70053e-35	8.89445e-31	2.46517e-26	2.89077e-22	9.87944e-19	1.71603e-14	1.51309e-10	5.47763e-07	0.00057725	0.0285491	0.305351	0.599627	0.0655677	0.000327406	4.87543e-07	3.24016e-10	1.17088e-13	2.59277e-17	3.81911e-21	4.13035e-25	7.78992e-29	4.45693e-32	1.30913e-34	1.368e-36	
Calboe	0	0	0	0	0	0	0	0	0	0	0	0	0	1	0	0	0	0	0	0	0	0	0	0	0	0	0	0	0	
C3125	0	0	0	0	0	0	0	0	0	0	0	0	0	0	0	0	0	1	0	0	0	0	0	0	0	0	0	0	0	
CGA429	0	0	0	0	0	0	0	0	0	0	0	0	0	0	1	0	0	0	0	0	0	0	0	0	0	0	0	0	0	
N49	3.83854e-60	2.55581e-55	1.10462e-50	2.8632e-46	2.10667e-42	3.68234e-40	2.92739e-37	6.29774e-33	2.17089e-27	8.06332e-22	1.33627e-16	8.73697e-12	1.79908e-07	0.000727389	0.129136	0.564986	0.300527	0.00462053	2.25346e-06	3.1574e-10	1.91601e-14	6.12356e-19	1.15011e-23	1.3669e-28	8.91882e-33	7.82232e-36	2.01257e-37	1.12701e-38	1.78845e-38	
C984	0	0	0	0	0	0	0	0	0	0	0	0	0	1	0	0	0	0	0	0	0	0	0	0	0	0	0	0	0	
N50	7.54483e-57	7.89014e-53	6.33337e-49	3.08169e-45	2.35963e-42	6.18096e-40	2.30748e-34	5.92635e-29	8.61252e-24	6.43186e-19	2.2866e-14	3.42998e-10	1.76921e-06	0.00212167	0.218055	0.5903	0.187549	0.00197138	1.82521e-06	5.87427e-10	9.12278e-14	8.02853e-18	4.40498e-22	2.19191e-26	4.39068e-29	1.5515e-31	2.04867e-34	1.13304e-37	7.39289e-39	
CGA310	0	0	0	0	0	0	0	0	0	0	0	0	0	0	1	0	0	0	0	0	0	0	0	0	0	0	0	0	0	
N51	2.27055e-60	8.61897e-55	2.53231e-49	5.42935e-44	8.88301e-39	1.09563e-33	9.509e-29	5.33095e-24	1.82015e-19	3.38458e-15	3.15097e-11	1.29547e-07	0.000190507	0.0651262	0.703221	0.221348	0.010066	4.89424e-05	7.65971e-08	5.49106e-11	2.16765e-14	5.28339e-18	8.59794e-22	9.89804e-26	8.59128e-30	9.44453e-34	3.62129e-37	9.52675e-40	7.31848e-42	
CGA365	0	0	0	0	0	0	0	0	0	0	0	0	0	0	1	0	0	0	0	0	0	0	0	0	0	0	0	0	0	
CGA494	0	0	0	0	0	0	0	0	0	0	0	0	0	1	0	0	0	0	0	0	0	0	0	0	0	0	0	0	0	
N52	5.91854e-72	1.5813e-65	2.46718e-59	2.07837e-53	9.36076e-48	2.18281e-42	2.47284e-37	1.14513e-32	4.94558e-30	1.62708e-27	1.35325e-22	7.87969e-18	2.28187e-13	2.88429e-09	1.27744e-05	0.0126176	0.420675	0.533907	0.032669	0.000118851	1.14376e-07	4.45499e-11	8.70982e-15	9.73131e-19	6.79456e-23	3.46844e-27	2.9845e-31	1.90341e-34	8.65598e-35	
N53	6.19859e-63	9.84431e-59	1.05861e-54	6.89423e-51	2.06184e-47	1.64632e-44	6.98532e-42	3.75626e-37	1.09974e-32	7.56279e-28	1.15055e-22	9.29587e-18	3.57091e-13	5.64301e-09	2.83784e-05	0.0259509	0.461964	0.497923	0.0141052	2.78353e-05	1.49327e-08	3.29924e-12	3.7164e-16	2.43095e-20	1.00823e-24	3.18218e-29	2.40092e-32	1.31689e-35	1.07731e-37	
C12265	0	0	0	0	0	0	0	0	0	0	0	0	0	0	0	0	0	1	0	0	0	0	0	0	0	0	0	0	0	
N54	5.01204e-79	7.77766e-72	8.71928e-64	6.84645e-57	2.13465e-50	2.94353e-44	1.86575e-38	5.17082e-33	2.86883e-31	4.16027e-27	1.84469e-21	4.28947e-16	4.15553e-11	1.40013e-06	0.010638	0.910403	0.0780751	0.000881396	6.69323e-07	9.90419e-11	5.38958e-15	1.36963e-19	1.83643e-24	1.40501e-29	3.00747e-34	1.90549e-37	2.20058e-40	1.14921e-42	8.76722e-44	
C404	0	0	0	0	0	0	0	0	0	0	0	0	0	0	1	0	0	0	0	0	0	0	0	0	0	0	0	0	0	
N55	2.53808e-65	8.82799e-61	1.98029e-56	2.66797e-52	2.08367e-48	8.8664e-45	1.98919e-41	4.37589e-37	9.40183e-34	1.0743e-27	6.32996e-22	1.66809e-16	1.78872e-11	6.5004e-07	0.0049079	0.943966	0.050886	0.000239665	8.60641e-08	7.93905e-12	2.97993e-16	5.68006e-21	6.15641e-26	7.6404e-31	1.38416e-34	9.9471e-38	3.24401e-41	4.70477e-45	7.31588e-47	
Cl11778	0	0	0	0	0	0	0	0	0	0	0	0	0	0	0	1	0	0	0	0	0	0	0	0	0	0	0	0	0	
CGA48	0	0	0	0	0	0	0	0	0	0	0	0	0	0	0	1	0	0	0	0	0	0	0	0	0	0	0	0	0	
C3126	0	0	0	0	0	0	0	0	0	0	0	0	0	0	0	0	0	0	1	0	0	0	0	0	0	0	0	0	0	
N56	3.07934e-68	3.52435e-62	2.48914e-56	9.48e-51	1.94926e-45	2.17227e-40	1.33215e-35	4.86184e-31	1.02344e-26	2.95889e-25	2.80878e-23	3.89536e-19	5.23376e-15	3.84539e-11	1.19048e-07	0.000125263	0.0305283	0.77928	0.187194	0.00286133	1.05964e-05	1.49133e-08	1.00998e-11	3.805e-15	8.78515e-19	1.33075e-22	1.3914e-26	1.06326e-30	1.05199e-34	
CGA311	0	0	0	0	0	0	0	0	0	0	0	0	0	0	0	0	0	1	0	0	0	0	0	0	0	0	0	0	0	
N57	7.81046e-67	1.45058e-62	1.88142e-58	1.48797e-54	5.34809e-51	4.11757e-48	6.2815e-44	6.27309e-39	2.16581e-34	1.21951e-31	1.46382e-26	1.41182e-21	6.98402e-17	1.59081e-12	1.4277e-08	3.92921e-05	0.0210288	0.781989	0.19456	0.00237731	5.89447e-06	4.90197e-09	1.78596e-12	3.36599e-16	3.67504e-20	2.56183e-24	5.21044e-28	2.16765e-31	4.32683e-33	
N58	2.75625e-80	1.88596e-73	7.29813e-67	1.51639e-60	1.7041e-54	1.04323e-48	3.55119e-43	6.97319e-38	7.11636e-33	7.17721e-31	3.3267e-27	3.72425e-22	2.5743e-17	8.60903e-13	1.16646e-08	4.97425e-05	0.0399479	0.893732	0.066003	0.000267526	2.42203e-07	7.97489e-11	1.22885e-14	1.03208e-18	5.22438e-23	1.71151e-27	4.75084e-32	5.58249e-36	1.08964e-38	
CGA45	0	0	0	0	0	0	0	0	0	0	0	0	0	0	0	0	1	0	0	0	0	0	0	0	0	0	0	0	0	
N59	2.66935e-64	2.90693e-60	2.20945e-56	1.04429e-52	2.15797e-49	7.28585e-47	1.44336e-44	7.86928e-40	1.51391e-35	5.27822e-32	8.13998e-27	7.67516e-22	3.84658e-17	9.42029e-13	9.87147e-09	3.51795e-05	0.0267863	0.915196	0.0577337	0.000248441	2.61445e-07	1.06099e-10	2.10273e-14	2.346e-18	1.63654e-22	1.73248e-26	1.127e-28	7.17484e-32	1.4889e-33	
C3043	0	0	0	0	0	0	0	0	0	0	0	0	0	0	0	0	0	1	0	0	0	0	0	0	0	0	0	0	0	
CGA364	0	0	0	0	0	0	0	0	0	0	0	0	0	0	0	0	0	1	0	0	0	0	0	0	0	0	0	0	0	
C2208	0	0	0	0	0	0	0	0	0	0	0	0	0	0	0	0	0	0	1	0	0	0	0	0	0	0	0	0	0	
N60	8.35669e-61	1.38131e-55	1.59574e-50	1.07141e-45	4.0754e-41	8.41837e-37	8.84586e-33	4.23512e-29	6.23438e-26	4.5951e-24	5.00593e-20	3.74085e-16	1.52395e-12	3.10024e-09	2.77638e-06	0.000900479	0.0759483	0.857338	0.0648463	0.000959475	5.04195e-06	1.24102e-08	1.68293e-11	1.3992e-14	7.69217e-18	2.95768e-21	8.30704e-25	1.77168e-28	3.56395e-32	
N61	2.13262e-75	5.78764e-69	9.61826e-63	9.06977e-57	4.74179e-51	1.31877e-45	1.81977e-40	1.08929e-35	1.18743e-31	3.75839e-31	2.42204e-26	2.20222e-21	1.08667e-16	2.57281e-12	2.52346e-08	8.02062e-05	0.0503284	0.931017	0.0185257	4.89084e-05	3.79446e-08	1.22896e-11	2.02409e-15	1.92178e-19	1.14632e-23	4.57505e-28	1.37203e-32	5.56771e-37	6.37457e-40	
CGA453	0	0	0	0	0	0	0	0	0	0	0	0	0	0	0	0	0	1	0	0	0	0	0	0	0	0	0	0	0	
N62	9.06267e-82	6.62328e-75	2.87405e-68	6.98858e-62	9.31731e-56	6.54147e-50	2.25736e-44	3.26173e-39	1.41397e-35	1.871e-33	1.54135e-28	3.5788e-23	4.53486e-18	2.80432e-13	7.28444e-09	6.18666e-05	0.101143	0.894079	0.00471253	3.54227e-06	8.25452e-10	8.36428e-14	4.45383e-18	1.40536e-22	2.85657e-27	4.47429e-32	2.19289e-35	2.53507e-39	7.35643e-42	
CGA501	0	0	0	0	0	0	0	0	0	0	0	0	0	0	0	0	0	1	0	0	0	0	0	0	0	0	0	0	0	
C3121	0	0	0	0	0	0	0	0	0	0	0	0	0	0	0	0	1	0	0	0	0	0	0	0	0	0	0	0	0	
N63	9.85698e-80	1.78618e-72	1.55078e-65	6.49334e-59	1.33976e-52	1.35709e-46	6.46387e-41	1.32384e-35	8.95305e-31	2.78474e-32	2.66231e-31	1.804e-26	2.36477e-21	2.96165e-16	1.58051e-11	3.07481e-07	0.0015962	0.994992	0.00340941	1.65427e-06	2.51221e-10	1.6249e-14	5.22466e-19	9.12485e-24	9.039e-29	5.13805e-34	1.66027e-39	3.22119e-45	2.37017e-50	
Calparcri	0	0	0	0	0	0	0	0	0	0	0	0	0	0	0	0	0	1	0	0	0	0	0	0	0	0	0	0	0	
C3118	0	0	0	0	0	0	0	0	0	0	0	0	0	0	0	0	0	1	0	0	0	0	0	0	0	0	0	0	0	
N64	7.15504e-66	5.59102e-61	2.75773e-56	8.15942e-52	1.43608e-47	1.47279e-43	1.70942e-39	5.89872e-34	1.54679e-28	2.76299e-23	3.45363e-18	1.39805e-13	1.32219e-09	2.80336e-06	0.00122813	0.0877778	0.660091	0.248665	0.00223232	2.96555e-06	1.09777e-09	1.5629e-13	1.0192e-17	3.97099e-22	2.56448e-25	6.85826e-28	1.1124e-30	2.43383e-34	2.2921e-35	
N65	2.05146e-65	8.65676e-60	2.42076e-54	3.99359e-49	3.90715e-44	2.30915e-39	8.52464e-35	1.97053e-30	2.7176e-26	3.89741e-22	5.34119e-18	3.91574e-14	1.39237e-10	2.12468e-07	0.000115618	0.0165398	0.352629	0.555274	0.0735861	0.00184085	1.41447e-05	4.46391e-08	6.96766e-11	6.10818e-14	3.30833e-17	1.31564e-20	9.30617e-24	6.33439e-26	1.34665e-27	
N66	7.93508e-63	2.2959e-57	4.76002e-52	6.20241e-47	5.11414e-42	2.70152e-37	9.52499e-33	2.43833e-28	4.71082e-24	6.33132e-20	4.84084e-16	1.77875e-12	2.81124e-09	1.73547e-06	0.000375561	0.0240771	0.337812	0.572791	0.0635902	0.00134315	9.14447e-06	2.68221e-08	4.05465e-11	3.56244e-14	1.98172e-17	7.44105e-21	1.99936e-24	4.64046e-28	9.22723e-31	
N67	2.34634e-58	1.01653e-52	2.98933e-47	5.21903e-42	5.31343e-37	3.05807e-32	9.48475e-28	1.46637e-23	9.15372e-20	2.50817e-16	1.58011e-12	3.67778e-09	1.22214e-06	0.00013556	0.00579128	0.0921631	0.453705	0.427882	0.0201412	0.000180174	5.50475e-07	7.69763e-10	5.8499e-13	2.70253e-16	8.20961e-20	1.73823e-23	2.75105e-27	4.60518e-31	1.78303e-33	
N68	2.88301e-64	1.50829e-58	5.1644e-53	1.00115e-47	1.08746e-42	6.61308e-38	2.33389e-33	5.0767e-29	5.20104e-25	3.93375e-23	3.05857e-19	2.90616e-15	1.28362e-11	2.361e-08	1.58595e-05	0.00322253	0.144802	0.781391	0.0696511	0.000914036	3.53716e-06	5.65061e-09	4.53874e-12	2.08514e-15	6.00025e-19	1.18409e-22	2.39132e-26	6.0497e-29	3.91046e-31	
Triowe	0	0	0	0	0	0	0	0	0	0	0	0	0	0	0	0	0	1	0	0	0	0	0	0	0	0	0	0	0	
N69	3.42329e-68	1.29038e-62	3.27419e-57	4.72327e-52	3.81754e-47	1.70834e-42	4.35374e-38	7.49156e-34	1.29639e-29	3.34901e-25	8.07948e-21	1.08602e-16	7.50692e-13	2.40431e-09	3.05966e-06	0.00121729	0.101072	0.816204	0.0803556	0.00114257	4.81541e-06	8.46564e-09	7.56626e-12	3.90761e-15	1.27693e-18	3.07549e-22	4.04073e-25	8.07104e-28	4.097e-29	
Trijoh	0	0	0	0	0	0	0	0	0	0	0	0	0	0	0	0	0	1	0	0	0	0	0	0	0	0	0	0	0	
Trimel	0	0	0	0	0	0	0	0	0	0	0	0	0	0	0	0	0	1	0	0	0	0	0	0	0	0	0	0	0	
N70	8.39624e-52	5.2105e-46	2.26458e-40	6.21478e-35	1.06974e-29	1.12408e-24	6.89308e-20	2.34293e-15	3.94733e-11	2.88843e-07	0.0007221	0.353194	0.499937	0.133817	0.0118933	0.000429048	6.60991e-06	4.012e-08	6.98474e-11	4.93978e-14	1.81286e-17	3.97459e-21	5.69059e-25	5.65489e-29	4.07604e-33	2.20296e-37	9.16495e-42	3.02257e-46	1.17286e-50	
N71	7.56823e-53	9.60984e-47	8.01258e-41	3.96452e-35	1.13969e-29	1.84249e-24	1.59772e-19	6.93464e-15	1.35458e-10	1.005e-06	0.00208562	0.606684	0.360989	0.0295981	0.000637586	4.69466e-06	1.32223e-08	1.45829e-11	6.24987e-15	1.31474e-18	1.59178e-22	1.23022e-26	6.51832e-31	2.52733e-35	8.31333e-40	5.61196e-43	1.26624e-46	8.69548e-49	1.14567e-51	
Trihoe	0	0	0	0	0	0	0	0	0	0	0	1	0	0	0	0	0	0	0	0	0	0	0	0	0	0	0	0	0	
Tribit	0	0	0	0	0	0	0	0	0	0	0	1	0	0	0	0	0	0	0	0	0	0	0	0	0	0	0	0	0	
Trijac	0	0	0	0	0	0	0	0	0	0	0	1	0	0	0	0	0	0	0	0	0	0	0	0	0	0	0	0	0	
N72	5.35685e-63	1.16517e-57	1.75396e-52	1.54257e-47	7.82156e-43	2.26776e-38	3.85283e-34	4.11688e-30	2.35053e-26	4.64524e-24	4.95863e-20	4.00194e-16	1.72961e-12	3.65085e-09	3.29764e-06	0.00103888	0.0807361	0.79525	0.120048	0.00290106	2.17557e-05	6.9746e-08	1.15378e-10	1.11402e-13	6.84582e-17	2.85466e-20	8.51058e-24	2.00893e-27	1.45832e-30	
Tricri	0	0	0	0	0	0	0	0	0	0	0	0	0	0	0	0	0	1	0	0	0	0	0	0	0	0	0	0	0	
N73	2.96242e-68	1.03405e-62	2.43238e-57	3.30716e-52	2.53896e-47	1.0622e-42	2.32155e-38	2.5915e-34	1.5956e-30	1.60272e-26	4.34034e-22	6.90439e-18	5.9385e-14	2.52642e-10	4.66257e-07	0.000303252	0.0481047	0.843342	0.106402	0.00183814	9.23365e-06	1.91661e-08	2.01161e-11	1.21612e-14	4.6365e-18	1.19304e-21	2.42971e-25	8.70829e-29	1.15199e-30	
Triwie	0	0	0	0	0	0	0	0	0	0	0	0	0	0	0	0	0	1	0	0	0	0	0	0	0	0	0	0	0	
Triqua	0	0	0	0	0	0	0	0	0	0	0	0	0	0	0	0	0	1	0	0	0	0	0	0	0	0	0	0	0	
N74	9.03638e-60	7.38225e-55	5.45884e-50	2.89252e-45	1.12469e-40	3.26422e-36	7.00748e-32	1.06717e-27	1.09179e-23	7.14154e-20	2.83028e-16	6.43591e-13	7.87598e-10	4.73993e-07	0.000122771	0.0110689	0.237916	0.583631	0.157132	0.00990365	0.000222695	2.28899e-06	1.26071e-08	4.14959e-11	8.83672e-14	1.31247e-16	2.07992e-19	1.47816e-21	1.72141e-22	
N75	1.67901e-57	8.06166e-53	2.90273e-48	6.19004e-44	7.77651e-40	5.84129e-36	2.88213e-32	1.21556e-28	5.99413e-25	3.51616e-21	1.62238e-17	4.42865e-14	6.72895e-11	5.25802e-08	1.88511e-05	0.0026052	0.104001	0.697463	0.185597	0.0101204	0.000193153	1.69512e-06	8.06897e-09	2.32608e-11	4.39251e-14	5.76131e-17	5.4927e-20	3.95931e-23	2.77388e-26	
Kinboe	0	0	0	0	0	0	0	0	0	0	0	0	0	0	0	0	0	1	0	0	0	0	0	0	0	0	0	0	0	
Kinfis	0	0	0	0	0	0	0	0	0	0	0	0	0	0	0	0	0	1	0	0	0	0	0	0	0	0	0	0	0	
Kinxen	0	0	0	0	0	0	0	0	0	0	0	0	0	0	0	0	0	1	0	0	0	0	0	0	0	0	0	0	0	
N76	7.08429e-47	2.08694e-43	5.08066e-40	8.22518e-37	5.4101e-34	2.07303e-32	3.44125e-30	1.88147e-25	5.49888e-21	7.81085e-17	4.86619e-13	1.10823e-09	6.65498e-07	0.000124801	0.00785188	0.151269	0.634074	0.204278	0.00239443	7.20431e-06	9.03159e-09	5.89512e-12	2.27617e-15	5.64648e-19	2.16045e-22	2.4824e-24	9.19786e-26	1.3123e-28	2.89063e-29	
N77	3.84351e-41	1.66133e-36	5.83708e-32	1.265e-27	1.6725e-23	1.32234e-19	6.05683e-16	1.53287e-12	1.99803e-09	1.20475e-06	0.00028198	0.0185304	0.155583	0.366155	0.322596	0.118251	0.0176893	0.000900789	1.21395e-05	7.46183e-08	2.60159e-10	5.79471e-13	8.8979e-16	9.93681e-19	8.3998e-22	5.54655e-25	2.96247e-28	1.50403e-31	5.33002e-34	
N78	7.52642e-50	4.60908e-44	1.90615e-38	4.67576e-33	6.68172e-28	5.39555e-23	2.35821e-18	5.24076e-14	5.33965e-10	2.14025e-06	0.00256926	0.498293	0.441396	0.0558108	0.00190566	2.25648e-05	1.03878e-07	1.98769e-10	1.75891e-13	8.2812e-17	2.31596e-20	4.17037e-24	5.13275e-28	4.51785e-32	2.94594e-36	1.46389e-40	5.69549e-45	2.02811e-49	2.64499e-53	
N79	2.25116e-55	4.71563e-49	6.49057e-43	5.50567e-37	2.83985e-31	8.54979e-26	1.40822e-20	1.18218e-15	4.30916e-11	5.68978e-07	0.00196381	0.845784	0.150048	0.00219712	6.39746e-06	5.75484e-09	2.09686e-12	3.71575e-16	3.64279e-20	2.16914e-24	8.40977e-29	2.23937e-33	4.32957e-38	1.57131e-42	1.26112e-46	1.36023e-49	7.02536e-54	3.89236e-57	2.95941e-61	
N80	2.55416e-52	3.2217e-46	2.64939e-40	1.28223e-34	3.57871e-29	5.57654e-24	4.62357e-19	1.89891e-14	3.45777e-10	2.33127e-06	0.00417014	0.89482	0.100196	0.000810407	1.44612e-06	9.32042e-10	2.82125e-13	4.70747e-17	4.81795e-21	3.31119e-25	2.00097e-29	1.54296e-32	2.36734e-35	5.22193e-37	6.68352e-41	5.52219e-43	3.57142e-47	8.22558e-50	8.07623e-54	
Chaafr	0	0	0	0	0	0	0	0	0	0	0	1	0	0	0	0	0	0	0	0	0	0	0	0	0	0	0	0	0	
Chacha	0	0	0	0	0	0	0	0	0	0	0	1	0	0	0	0	0	0	0	0	0	0	0	0	0	0	0	0	0	
N81	4.59921e-52	5.04391e-46	3.71893e-40	1.65722e-34	4.34653e-29	6.46139e-24	5.1674e-19	2.0644e-14	3.67784e-10	2.43821e-06	0.00430934	0.916952	0.0782267	0.000508326	7.78307e-07	4.48888e-10	1.25036e-13	1.95854e-17	1.91077e-21	1.25667e-25	6.36232e-30	1.91425e-33	2.2833e-36	2.67462e-38	3.6113e-42	1.58044e-44	1.08031e-48	1.35051e-51	1.21399e-55	
Chacaly	0	0	0	0	0	0	0	0	0	0	0	1	0	0	0	0	0	0	0	0	0	0	0	0	0	0	0	0	0	
Chazey	0	0	0	0	0	0	0	0	0	0	0	1	0	0	0	0	0	0	0	0	0	0	0	0	0	0	0	0	0	
N82	8.29036e-47	2.95903e-41	7.23037e-36	1.03235e-30	8.47122e-26	3.87961e-21	9.47268e-17	1.15054e-12	6.2499e-09	1.27853e-05	0.00723345	0.571146	0.388459	0.0324867	0.000657872	4.43166e-06	1.21108e-08	1.56748e-11	1.09615e-14	4.59578e-18	1.25082e-21	2.35699e-25	3.78068e-29	2.15808e-31	1.40151e-34	5.19681e-36	1.63115e-39	3.15355e-41	3.2741e-44	
Chadil	0	0	0	0	0	0	0	0	0	0	0	1	0	0	0	0	0	0	0	0	0	0	0	0	0	0	0	0	0	
Chasen	0	0	0	0	0	0	0	0	0	0	0	1	0	0	0	0	0	0	0	0	0	0	0	0	0	0	0	0	0	
Chanam	0	0	0	0	0	0	0	0	0	0	0	1	0	0	0	0	0	0	0	0	0	0	0	0	0	0	0	0	0	
N83	3.39049e-64	1.9195e-58	7.39018e-53	1.6184e-47	1.96683e-42	1.27162e-37	4.07224e-33	5.33346e-29	3.03352e-27	2.6867e-25	7.90584e-21	1.49719e-16	1.56561e-12	7.70382e-09	1.52769e-05	0.00932495	0.957789	0.0326743	0.000196596	3.93718e-07	3.51446e-10	1.66004e-13	4.64384e-17	8.32559e-21	1.01351e-24	8.75133e-29	5.54404e-33	2.65322e-37	1.11066e-41	
N84	1.24484e-86	3.22656e-79	4.40606e-71	8.66895e-64	6.62289e-57	2.19987e-50	3.05329e-44	1.60356e-38	1.83708e-35	1.52689e-33	5.30907e-28	3.74019e-23	1.2964e-17	1.79721e-12	8.42094e-08	0.000930144	0.989985	0.00907822	6.75924e-06	1.15505e-09	7.03265e-14	1.91346e-18	2.64297e-23	2.00648e-28	9.59712e-34	1.13715e-37	1.19499e-39	1.47716e-41	5.52226e-42	
N85	5.14683e-71	4.45198e-66	2.31567e-61	6.99935e-57	1.22737e-52	1.22664e-48	6.75048e-45	1.85049e-41	2.55952e-39	7.80626e-36	1.17985e-29	1.03608e-23	4.47053e-18	7.88594e-13	4.83351e-08	0.000711273	0.991945	0.00734034	3.80245e-06	4.41506e-10	1.8404e-14	3.51089e-19	3.50343e-24	2.70395e-29	5.12414e-32	3.32102e-35	3.29833e-39	2.20509e-43	6.03791e-43	
Braset	0	0	0	0	0	0	0	0	0	0	0	0	0	0	0	0	1	0	0	0	0	0	0	0	0	0	0	0	0	
N86	6.25031e-70	3.34851e-65	1.16323e-60	2.46147e-56	1.42841e-53	1.27399e-51	4.13703e-46	1.17839e-40	1.40283e-37	3.44935e-33	2.00273e-27	6.24679e-22	9.69992e-17	6.73215e-12	1.75592e-07	0.00122959	0.992874	0.00589291	3.75011e-06	6.67157e-10	4.89534e-14	1.81403e-18	3.82595e-23	5.46032e-28	3.40892e-31	2.78934e-34	3.02097e-38	9.72945e-42	8.93199e-44	
N87	1.20878e-85	6.96955e-78	1.8748e-70	2.41945e-63	1.53028e-56	4.73398e-50	6.85789e-44	4.12131e-38	6.69745e-36	1.62164e-35	5.59258e-30	2.15303e-24	1.06815e-18	2.2956e-13	1.8338e-08	0.000397411	0.998546	0.00105656	1.47815e-07	6.4277e-12	1.1957e-16	1.11337e-21	5.66921e-27	1.65043e-32	3.35855e-38	2.77006e-43	1.7094e-48	2.35828e-53	5.76229e-58	
Bramel	0	0	0	0	0	0	0	0	0	0	0	0	0	0	0	0	1	0	0	0	0	0	0	0	0	0	0	0	0	
Bratha	0	0	0	0	0	0	0	0	0	0	0	0	0	0	0	0	1	0	0	0	0	0	0	0	0	0	0	0	0	
N88	5.96739e-82	7.07578e-75	4.71532e-68	1.70089e-61	3.27416e-55	3.25354e-49	1.56692e-43	3.05914e-38	7.82476e-36	6.19638e-33	2.93969e-27	8.11998e-22	1.16638e-16	7.63085e-12	1.89907e-07	0.0012773	0.995048	0.003673	1.75855e-06	2.5745e-10	1.63619e-14	5.44623e-19	1.06463e-23	1.3299e-28	3.16168e-33	7.83428e-37	4.82024e-41	1.16169e-44	2.18542e-47	
Bradra	0	0	0	0	0	0	0	0	0	0	0	0	0	0	0	0	1	0	0	0	0	0	0	0	0	0	0	0	0	
Bratra	0	0	0	0	0	0	0	0	0	0	0	0	0	0	0	0	1	0	0	0	0	0	0	0	0	0	0	0	0	
N89	3.29888e-78	1.81924e-71	5.93372e-65	1.08567e-58	1.09348e-52	5.84084e-47	1.54794e-41	1.69212e-36	2.78312e-34	2.24118e-31	6.34094e-26	1.03958e-20	8.8734e-16	3.46611e-11	5.16816e-07	0.00209114	0.992108	0.0057957	4.48947e-06	1.07463e-09	1.12475e-13	6.20574e-18	2.02513e-22	4.22526e-27	6.68574e-32	3.70078e-36	3.13565e-40	9.27303e-44	1.26105e-46	
Bragut	0	0	0	0	0	0	0	0	0	0	0	0	0	0	0	0	1	0	0	0	0	0	0	0	0	0	0	0	0	
Braven	0	0	0	0	0	0	0	0	0	0	0	0	0	0	0	0	1	0	0	0	0	0	0	0	0	0	0	0	0	
N90	4.1867e-73	5.92597e-67	5.30051e-61	2.73332e-55	7.92863e-50	1.24151e-44	9.81833e-40	3.195e-35	2.78831e-32	1.47634e-27	1.23414e-22	5.75219e-18	1.37993e-13	1.51659e-09	6.34008e-06	0.00716956	0.969575	0.0231762	7.29899e-05	6.95784e-08	2.85366e-11	6.11793e-15	7.75545e-19	6.32904e-23	3.6444e-27	3.14786e-31	8.81952e-35	8.02343e-38	5.0603e-40	
Brapum	0	0	0	0	0	0	0	0	0	0	0	0	0	0	0	0	1	0	0	0	0	0	0	0	0	0	0	0	0	
Bradam	0	0	0	0	0	0	0	0	0	0	0	0	0	0	0	0	1	0	0	0	0	0	0	0	0	0	0	0	0	
