NODE	1	2	3	4	5	6	7	8	9	10	11	12	13	14	15	16	17	18	19	20	21	22	23	24	25	26	27	28	29	
N1	4.78354e-81	1.45769e-56	7.75371e-51	8.54288e-46	3.41568e-41	6.16345e-37	5.59079e-33	2.69495e-29	7.06944e-26	1.00911e-22	7.66685e-20	2.96064e-17	5.38558e-15	4.1114e-13	1.11069e-11	0.275815	0.478259	0.245927	1.23405e-11	8.454e-13	2.91628e-14	5.86835e-16	7.62968e-18	6.89565e-20	4.57356e-22	2.32007e-24	9.29751e-27	3.0216e-29	8.95099e-32	
N2	2.8172e-83	5.37253e-58	1.9326e-51	1.36993e-45	3.3587e-40	3.55088e-35	1.80931e-30	4.71954e-26	6.49715e-22	4.76464e-18	1.84513e-14	3.67154e-11	3.56969e-08	1.55843e-05	0.00263741	0.127353	0.437027	0.371857	0.0583415	0.00271515	5.22635e-05	5.11809e-07	2.92217e-09	1.06968e-11	2.69067e-14	4.90122e-17	6.73968e-20	7.32874e-23	8.71071e-26	
N3	5.27653e-76	3.06321e-64	1.32935e-60	4.85326e-54	6.19405e-48	3.29054e-42	8.11924e-37	9.85837e-32	6.05012e-27	1.88449e-22	2.93234e-18	2.19685e-14	7.44188e-11	1.03269e-07	5.03204e-05	0.00673768	0.170011	0.624909	0.18813	0.0100034	0.000158117	1.01621e-06	3.24083e-09	5.86796e-12	6.63892e-15	5.03834e-18	2.70751e-21	1.07603e-24	3.94086e-28	
N4	3.62752e-93	3.90506e-67	7.08633e-60	2.42563e-53	2.74819e-47	1.28373e-41	2.75884e-36	2.89024e-31	1.51653e-26	4.00462e-22	5.24521e-18	3.2927e-14	9.35049e-11	1.09888e-07	4.6713e-05	0.005844	0.156483	0.605088	0.217363	0.0148601	0.000311869	2.69064e-06	1.15318e-08	2.79625e-11	4.21226e-14	4.2268e-17	2.98104e-20	1.54862e-23	7.70132e-27	
B3088	0	0	0	0	0	0	0	0	0	0	0	0	0	0	0	0	0	1	0	0	0	0	0	0	0	0	0	0	0	
N5	4.96582e-85	1.00857e-59	3.77903e-53	2.79533e-47	7.16255e-42	7.92422e-37	4.23008e-32	1.15724e-27	1.673e-23	1.2909e-19	5.27803e-16	1.11623e-12	1.16924e-09	5.6658e-07	0.000114431	0.00819863	0.160946	0.571362	0.236471	0.0221608	0.000734934	1.12298e-05	9.35012e-08	4.75472e-10	1.60247e-12	3.80445e-15	6.66927e-18	9.01925e-21	1.30721e-23	
BGA709	0	0	0	0	0	0	0	0	0	0	0	0	0	0	0	0	0	1	0	0	0	0	0	0	0	0	0	0	0	
BGA309	0	0	0	0	0	0	0	0	0	0	0	0	0	0	0	0	0	1	0	0	0	0	0	0	0	0	0	0	0	
N6	2.35776e-83	6.18711e-72	1.43204e-64	8.47609e-58	1.67196e-51	1.37376e-45	5.26548e-40	1.00151e-34	9.75569e-30	4.91567e-25	1.27058e-20	1.64001e-16	1.00682e-12	2.71912e-09	2.85946e-06	0.000963416	0.074781	0.72558	0.192073	0.0065379	6.18424e-05	2.35536e-07	4.48064e-10	4.89163e-13	3.37262e-16	1.5737e-19	5.23354e-23	1.29212e-26	2.90117e-30	
N7	1.5646e-89	5.45611e-64	3.37289e-57	4.16369e-51	1.8019e-45	3.40978e-40	3.15578e-35	1.519e-30	3.927e-26	5.51807e-22	4.19453e-18	1.68914e-14	3.46468e-11	3.39738e-08	1.44244e-05	0.00226236	0.0995934	0.708958	0.180298	0.00872608	0.000145752	1.13247e-06	4.88337e-09	1.3117e-11	2.37954e-14	3.09401e-17	3.01742e-20	2.29048e-23	1.73792e-26	
B11696	0	0	0	0	0	0	0	0	0	0	0	0	0	0	0	0	0	1	0	0	0	0	0	0	0	0	0	0	0	
B11609	0	0	0	0	0	0	0	0	0	0	0	0	0	0	0	0	0	1	0	0	0	0	0	0	0	0	0	0	0	
N8	1.9187e-76	2.45531e-62	1.2246e-57	2.49428e-53	2.48011e-49	6.45498e-46	3.88255e-43	1.08929e-40	2.5479e-35	8.20865e-30	1.28174e-24	9.40524e-20	3.06225e-15	4.02473e-11	1.83483e-07	0.000226228	0.0486695	0.769074	0.178487	0.00352819	1.46193e-05	2.0163e-08	1.21205e-11	3.77392e-15	6.84703e-19	7.87133e-23	6.09735e-27	3.33452e-31	1.49703e-35	
N9	1.89008e-91	4.84761e-67	2.26117e-61	2.24987e-56	7.19009e-52	3.99247e-48	4.17645e-45	4.06226e-40	1.85408e-34	4.20218e-29	4.69084e-24	2.51076e-19	6.11833e-15	6.22504e-11	2.29784e-07	0.000243629	0.0487543	0.769485	0.177876	0.00362398	1.62699e-05	2.54345e-08	1.79867e-11	6.79066e-15	1.5309e-18	2.23062e-22	2.2255e-26	1.5884e-30	9.91696e-35	
N10	1.47772e-92	8.32088e-67	8.21838e-60	1.6094e-53	1.09756e-47	3.25254e-42	4.68633e-37	3.4918e-32	1.38961e-27	2.98881e-23	3.45672e-19	2.10368e-15	6.46812e-12	9.408e-09	5.83875e-06	0.00130915	0.0793705	0.723524	0.18809	0.00760169	9.76669e-05	5.59078e-07	1.72966e-09	3.27344e-12	4.12829e-15	3.69244e-18	2.45531e-21	1.26128e-24	6.35749e-28	
B983	0	0	0	0	0	0	0	0	0	0	0	0	0	0	0	0	0	1	0	0	0	0	0	0	0	0	0	0	0	
B11604	0	0	0	0	0	0	0	0	0	0	0	0	0	0	0	0	0	1	0	0	0	0	0	0	0	0	0	0	0	
N11	3.45409e-94	2.37557e-68	2.83733e-61	6.75117e-55	5.62015e-49	2.04236e-43	3.62498e-38	3.34259e-33	1.65403e-28	4.44564e-24	6.4599e-20	4.96909e-16	1.94447e-12	3.62875e-09	2.91712e-06	0.000856115	0.0683613	0.791727	0.135147	0.00386905	3.6624e-05	1.58197e-07	3.75435e-10	5.51748e-13	5.45568e-16	3.8563e-19	2.0402e-22	8.3811e-26	3.30554e-29	
BGAA1	0	0	0	0	0	0	0	0	0	0	0	0	0	0	0	0	0	1	0	0	0	0	0	0	0	0	0	0	0	
BGA584	0	0	0	0	0	0	0	0	0	0	0	0	0	0	0	0	0	1	0	0	0	0	0	0	0	0	0	0	0	
N12	2.44316e-92	1.29172e-66	1.19344e-59	2.19655e-53	1.41438e-47	3.97544e-42	5.45727e-37	3.89178e-32	1.48931e-27	3.09555e-23	3.47844e-19	2.06923e-15	6.26287e-12	9.04385e-09	5.63157e-06	0.00128371	0.0802652	0.752961	0.159605	0.00580907	7.02426e-05	3.88145e-07	1.179e-09	2.21807e-12	2.80774e-15	2.54066e-18	1.72069e-21	9.04976e-25	4.63311e-28	
BGA303	0	0	0	0	0	0	0	0	0	0	0	0	0	0	0	0	0	1	0	0	0	0	0	0	0	0	0	0	0	
BGAB1	0	0	0	0	0	0	0	0	0	0	0	0	0	0	0	0	0	1	0	0	0	0	0	0	0	0	0	0	0	
PGA445	0	0	0	0	0	0	0	0	0	0	0	0	0	0	0	0	0	1	0	0	0	0	0	0	0	0	0	0	0	
N13	7.71264e-61	6.74676e-47	2.09748e-42	1.84296e-38	2.40139e-35	3.64902e-33	1.3305e-29	4.2162e-24	4.48297e-19	1.32762e-14	8.30311e-11	1.12643e-07	4.04389e-05	0.00416999	0.113265	0.580598	0.291038	0.0108688	1.92516e-05	9.11239e-09	1.83078e-12	1.95203e-16	1.2553e-20	5.27632e-25	1.52929e-29	3.16985e-34	4.81471e-39	6.89692e-44	2.01947e-46	
N14	3.56933e-56	1.661e-41	7.50282e-35	5.2698e-29	9.61603e-24	5.36375e-19	9.47995e-15	5.10405e-11	7.55e-08	2.61157e-05	0.00182773	0.0315466	0.174944	0.367102	0.311361	0.102609	0.0104185	0.000164866	6.15247e-07	1.06605e-09	1.07673e-12	7.13592e-16	3.34195e-19	1.16447e-22	3.14589e-26	7.46051e-30	5.09546e-33	1.80627e-35	8.52434e-38	
Rhaspe	0	0	0	0	0	0	0	0	0	1	0	0	0	0	0	0	0	0	0	0	0	0	0	0	0	0	0	0	0	
N15	1.80755e-54	4.41035e-32	2.13532e-28	8.03027e-25	2.35615e-20	2.7243e-16	1.13348e-12	1.68697e-09	8.43272e-07	0.0001263	0.0050314	0.058094	0.235308	0.377761	0.251496	0.0664225	0.00566438	9.56154e-05	5.58195e-07	1.70199e-09	3.2472e-12	4.28395e-15	4.16165e-18	3.10699e-21	1.83814e-24	8.81613e-28	3.5479e-31	7.21937e-34	4.31333e-35	
Rhamar	0	0	0	0	0	0	0	0	0	1	0	0	0	0	0	0	0	0	0	0	0	0	0	0	0	0	0	0	0	
Rhatem	0	0	0	0	0	0	0	0	0	0	1	0	0	0	0	0	0	0	0	0	0	0	0	0	0	0	0	0	0	
N16	2.26598e-65	2.06345e-53	7.803e-51	9.27424e-47	1.51931e-42	1.36464e-38	7.56777e-35	9.09679e-30	4.81703e-24	8.91663e-19	5.09374e-14	7.34185e-10	2.15118e-06	0.00106825	0.0748002	0.574547	0.336805	0.0127406	3.64822e-05	2.09481e-08	4.0023e-12	3.36492e-16	1.4671e-20	3.65833e-25	5.53386e-30	5.59055e-35	8.78983e-39	2.77201e-40	2.18224e-41	
N17	1.37351e-62	8.09583e-49	1.81582e-44	1.59192e-40	5.77754e-37	5.91104e-34	1.69327e-31	2.24934e-27	2.73217e-22	1.38204e-17	2.65615e-13	1.64285e-09	2.39335e-06	0.000725857	0.0443867	0.437824	0.464519	0.0517473	0.000791138	3.02589e-06	4.28632e-09	2.85488e-12	1.04365e-15	2.32929e-19	3.42626e-23	3.515e-27	2.62507e-31	1.47524e-35	7.08177e-40	
N18	4.92783e-77	1.53974e-51	8.2932e-45	8.34935e-39	2.73071e-33	3.57068e-28	2.05034e-23	5.35887e-19	6.33945e-15	3.23547e-11	6.37918e-08	3.79019e-05	0.00287913	0.0518793	0.284387	0.467357	0.181898	0.0113882	0.000171637	1.02444e-06	3.11035e-09	5.57439e-12	6.50623e-15	5.30142e-18	3.17522e-21	1.45438e-24	5.25671e-28	1.54377e-31	4.62163e-35	
FGA379	0	0	0	0	0	0	0	0	0	0	0	0	0	0	0	0	1	0	0	0	0	0	0	0	0	0	0	0	0	
N19	1.46705e-71	3.68212e-46	1.56811e-39	1.2111e-33	2.92953e-28	2.70862e-23	1.03945e-18	1.68847e-14	1.1269e-10	2.83461e-07	0.000225036	0.0382896	0.303013	0.441686	0.188072	0.0273849	0.00131147	1.67435e-05	7.61267e-08	1.68995e-10	2.18625e-13	1.83879e-16	1.08263e-19	4.70595e-23	1.57188e-26	4.16217e-30	8.95651e-34	1.59988e-37	2.84037e-41	
N20	2.55988e-60	5.47769e-49	2.91469e-44	1.32078e-37	1.73709e-31	8.15168e-26	1.48858e-20	1.07865e-15	2.98619e-11	2.81778e-07	0.000696203	0.194332	0.563795	0.227585	0.0133972	0.000194138	8.26019e-07	1.14971e-09	6.90741e-13	2.16615e-16	3.99671e-20	4.68949e-24	4.6232e-28	9.12107e-29	6.21575e-30	3.90609e-32	1.94592e-34	8.54211e-37	3.77738e-39	
N21	8.89817e-56	3.55689e-46	2.21936e-45	6.13086e-40	2.97644e-33	5.10294e-27	3.07746e-21	6.51782e-16	4.48823e-11	8.31574e-07	0.0027102	0.446387	0.499153	0.051083	0.000664359	1.79895e-06	1.31272e-09	3.24088e-13	3.59492e-17	2.14605e-21	7.72828e-26	1.81008e-30	3.95007e-35	2.66554e-36	6.88246e-38	1.10619e-40	4.66402e-43	5.67618e-44	5.57759e-45	
F3015	0	0	0	0	0	0	0	0	0	0	1	0	0	0	0	0	0	0	0	0	0	0	0	0	0	0	0	0	0	
N22	1.21791e-56	2.88385e-47	5.2772e-47	4.69055e-40	2.79672e-33	5.35021e-27	3.5424e-21	8.08882e-16	5.86729e-11	1.10586e-06	0.00346266	0.540993	0.434784	0.0206571	0.000101725	9.58236e-08	2.62611e-11	2.91984e-15	1.64874e-19	5.42726e-24	1.13644e-28	1.60173e-33	1.57739e-38	2.04523e-42	5.67912e-43	2.88699e-43	4.85555e-44	4.15693e-45	3.1128e-46	
N23	5.28714e-78	1.84086e-54	5.58416e-47	8.0207e-40	3.20891e-33	4.3788e-27	2.20351e-21	4.1056e-16	2.6526e-11	5.03485e-07	0.00194819	0.600955	0.387737	0.00933735	2.15507e-05	1.16883e-08	2.42116e-12	2.47889e-16	1.46081e-20	5.45254e-25	1.37273e-29	2.43262e-34	3.12398e-39	7.83824e-44	3.78059e-46	7.38799e-49	6.08829e-52	3.48167e-55	1.81679e-58	
N24	9.15399e-68	4.28172e-53	6.93105e-48	4.20778e-43	4.7521e-38	5.6167e-31	2.71118e-24	4.22048e-18	2.00264e-12	2.35965e-07	0.00397867	0.85492	0.140735	0.000366394	7.40596e-08	3.73005e-12	7.36091e-17	7.04234e-22	3.66548e-27	1.11216e-32	2.71146e-38	1.99255e-42	4.55937e-46	8.82444e-50	1.44425e-53	2.01336e-57	2.40161e-61	2.45831e-65	2.21401e-69	
N25	2.70052e-57	3.81882e-47	1.29281e-46	7.0321e-42	1.67346e-35	1.2553e-28	2.69945e-22	1.74814e-16	3.24935e-11	1.4598e-06	0.00918409	0.860779	0.12969	0.000346048	9.05496e-08	6.87343e-12	2.261e-16	3.81594e-21	3.59037e-26	2.02061e-31	6.72632e-36	4.71461e-39	2.91122e-42	1.15507e-43	7.74563e-44	8.1042e-45	5.19752e-46	2.98529e-47	1.72708e-48	
F1476	0	0	0	0	0	0	0	0	0	0	1	0	0	0	0	0	0	0	0	0	0	0	0	0	0	0	0	0	0	
N26	1.03261e-65	7.94061e-56	2.49114e-49	1.00632e-41	1.08844e-34	3.89176e-28	5.00316e-22	2.32823e-16	3.65934e-11	1.60707e-06	0.0122346	0.849127	0.137679	0.000957382	5.28441e-07	8.30497e-11	5.57373e-15	1.95437e-19	4.02486e-24	5.23794e-29	4.51292e-34	2.65012e-39	1.55111e-42	1.1061e-39	2.27904e-39	2.04656e-40	1.40849e-41	9.12386e-43	5.92341e-44	
Furcep	0	0	0	0	0	0	0	0	0	0	0	0	0	1	0	0	0	0	0	0	0	0	0	0	0	0	0	0	0	
N27	1.01945e-73	2.55136e-51	2.45461e-44	2.79057e-37	8.71388e-31	9.13396e-25	3.46133e-19	4.72749e-14	2.15265e-09	2.69649e-05	0.058185	0.85937	0.082088	0.000329898	2.05018e-07	4.61115e-11	5.12151e-15	3.30891e-19	1.3726e-23	3.899e-28	7.92481e-33	1.18782e-37	1.34637e-42	2.78368e-45	2.37333e-46	5.86436e-49	6.21483e-52	5.59577e-55	4.84545e-58	
Furpol	0	0	0	0	0	0	0	0	0	0	0	1	0	0	0	0	0	0	0	0	0	0	0	0	0	0	0	0	0	
N28	2.27273e-73	3.60658e-47	8.60025e-40	3.50853e-33	4.1735e-27	1.7334e-21	2.65239e-16	1.45635e-11	2.56884e-07	0.00113218	0.665772	0.327308	0.00577844	9.49706e-06	4.98398e-09	1.2142e-12	1.66613e-16	1.4505e-20	8.68244e-25	3.78554e-29	1.25516e-33	3.2718e-38	6.88279e-43	1.19337e-47	1.73485e-52	2.1447e-57	2.28132e-62	2.10867e-67	1.81297e-72	
N29	1.068e-73	2.11745e-47	6.19778e-40	3.07072e-33	4.3814e-27	2.14923e-21	3.80424e-16	2.34437e-11	4.42258e-07	0.00190982	0.901916	0.0957887	0.000384395	2.95142e-07	8.46194e-11	1.21377e-14	1.02594e-18	5.66983e-23	2.20013e-27	6.31135e-32	1.39109e-36	2.42691e-41	3.43052e-46	4.00286e-51	3.914e-56	3.2466e-61	2.3075e-66	1.41686e-71	7.94632e-77	
F2241	0	0	0	0	0	0	0	0	0	0	1	0	0	0	0	0	0	0	0	0	0	0	0	0	0	0	0	0	0	
Furang	0	0	0	0	0	0	0	0	0	0	1	0	0	0	0	0	0	0	0	0	0	0	0	0	0	0	0	0	0	
FGA490	0	0	0	0	0	0	0	0	0	0	1	0	0	0	0	0	0	0	0	0	0	0	0	0	0	0	0	0	0	
N30	7.55459e-83	8.26899e-56	1.27161e-47	3.23816e-40	2.3422e-33	5.79894e-27	5.22024e-21	1.67712e-15	1.74073e-10	4.64689e-06	0.0186475	0.940294	0.04101	4.34142e-05	1.0084e-08	8.89177e-13	3.88449e-17	9.82139e-22	1.5882e-26	1.75869e-31	1.39996e-36	8.3003e-42	3.76297e-47	1.33015e-52	3.71907e-58	8.30907e-64	1.4934e-69	2.16721e-75	2.62132e-81	
N31	1.14577e-61	9.52811e-50	1.6758e-46	3.31512e-39	1.86413e-32	3.41331e-26	2.19634e-20	4.94312e-15	3.56926e-10	6.68602e-06	0.0193687	0.949393	0.0311886	4.25931e-05	1.27179e-08	1.45732e-12	8.38437e-17	2.80656e-21	5.9756e-26	8.57081e-31	8.5888e-36	6.14431e-41	3.16823e-46	4.87554e-51	4.35912e-52	2.5011e-55	8.96201e-59	2.82222e-62	8.32645e-66	
N32	6.47385e-70	2.83539e-57	1.79684e-52	1.52587e-44	3.43734e-37	2.49912e-30	6.37635e-24	5.74373e-18	1.70474e-12	1.38594e-07	0.00198166	0.953074	0.0448272	0.000117075	2.50391e-08	1.58385e-12	4.3635e-17	6.33913e-22	5.42334e-27	2.92492e-32	1.03722e-37	2.48197e-43	1.6941e-47	1.66126e-46	6.7719e-46	1.63935e-47	3.27911e-49	6.13524e-51	1.09817e-52	
N33	1.88674e-80	9.72957e-57	1.38546e-48	3.19605e-41	2.01653e-34	4.28425e-28	3.32868e-22	9.53488e-17	9.49179e-12	2.81555e-07	0.00176515	0.969358	0.0288307	4.62687e-05	1.52803e-08	1.88752e-12	1.15364e-16	4.06534e-21	9.0609e-26	1.35623e-30	1.41752e-35	1.06007e-40	7.64067e-46	4.06437e-47	6.24121e-49	4.54932e-52	2.23527e-55	9.49795e-59	3.67693e-62	
N34	3.66585e-80	1.28444e-53	6.64451e-46	5.92285e-39	1.56709e-32	1.49377e-26	5.51433e-21	7.89848e-16	4.12715e-11	6.78521e-07	0.00256041	0.984052	0.0133687	1.86639e-05	7.61933e-09	1.3639e-12	1.32395e-16	7.92727e-21	3.18772e-25	9.13589e-30	1.94837e-34	3.19307e-39	4.12048e-44	4.26565e-49	3.59341e-54	2.4899e-59	1.43032e-64	6.8488e-70	2.86906e-75	
FGA456	0	0	0	0	0	0	0	0	0	0	0	1	0	0	0	0	0	0	0	0	0	0	0	0	0	0	0	0	0	
FGA513	0	0	0	0	0	0	0	0	0	0	0	1	0	0	0	0	0	0	0	0	0	0	0	0	0	0	0	0	0	
F12278	0	0	0	0	0	0	0	0	0	0	0	1	0	0	0	0	0	0	0	0	0	0	0	0	0	0	0	0	0	
N35	4.21769e-80	1.08324e-53	4.25581e-46	2.97171e-39	6.36033e-33	5.07879e-27	1.63524e-21	2.14756e-16	1.10062e-11	1.96336e-07	0.000957308	0.70087	0.283159	0.0149942	1.96088e-05	8.17086e-09	1.61535e-12	1.83442e-16	1.3419e-20	6.82461e-25	2.54753e-29	7.26608e-34	1.63291e-38	2.96166e-43	4.41883e-48	5.50737e-53	5.8057e-58	5.22948e-63	4.29673e-68	
Furant	0	0	0	0	0	0	0	0	0	0	0	1	0	0	0	0	0	0	0	0	0	0	0	0	0	0	0	0	0	
FGA331	0	0	0	0	0	0	0	0	0	0	0	0	0	1	0	0	0	0	0	0	0	0	0	0	0	0	0	0	0	
FGA465	0	0	0	0	0	0	0	0	0	0	1	0	0	0	0	0	0	0	0	0	0	0	0	0	0	0	0	0	0	
N36	1.63909e-75	3.92383e-49	1.38641e-41	8.28754e-35	1.43196e-28	8.58413e-23	1.88825e-17	1.48801e-12	3.77114e-08	0.000240262	0.210114	0.781308	0.00832727	1.06302e-05	4.30258e-09	7.98245e-13	8.25258e-17	5.36146e-21	2.37259e-25	7.57261e-30	1.81831e-34	3.39141e-39	5.03651e-44	6.0721e-49	6.03478e-54	5.00455e-59	3.49622e-64	2.073e-69	1.10783e-74	
FGA99	0	0	0	0	0	0	0	0	0	0	1	0	0	0	0	0	0	0	0	0	0	0	0	0	0	0	0	0	0	
N37	4.39594e-75	9.5564e-49	3.05552e-41	1.65142e-34	2.58072e-28	1.40141e-22	2.80065e-17	2.01416e-12	4.68986e-08	0.000277487	0.230864	0.763895	0.0049577	5.40773e-06	2.0539e-09	3.7345e-13	3.8801e-17	2.57459e-21	1.1763e-25	3.90425e-30	9.79273e-35	1.91234e-39	2.97484e-44	3.75252e-49	3.89185e-54	3.35453e-59	2.42285e-64	1.47544e-69	8.0154e-75	
FGA15	0	0	0	0	0	0	0	0	0	0	1	0	0	0	0	0	0	0	0	0	0	0	0	0	0	0	0	0	0	
FGA581	0	0	0	0	0	0	0	0	0	0	0	1	0	0	0	0	0	0	0	0	0	0	0	0	0	0	0	0	0	
FGA104	0	0	0	0	0	0	0	0	0	0	0	0	1	0	0	0	0	0	0	0	0	0	0	0	0	0	0	0	0	
FGA489	0	0	0	0	0	0	0	0	0	0	1	0	0	0	0	0	0	0	0	0	0	0	0	0	0	0	0	0	0	
FGA174	0	0	0	0	0	0	0	0	0	0	0	0	0	1	0	0	0	0	0	0	0	0	0	0	0	0	0	0	0	
FurbGB	0	0	0	0	0	0	0	0	0	0	0	1	0	0	0	0	0	0	0	0	0	0	0	0	0	0	0	0	0	
N38	1.79307e-85	2.05469e-61	2.44614e-56	9.11679e-52	1.8609e-45	1.89773e-39	8.34333e-34	1.671e-28	1.55305e-23	6.61378e-19	1.23033e-14	9.08315e-11	2.25132e-07	0.000143852	0.0179428	0.315104	0.555449	0.108217	0.00311968	2.35011e-05	6.66877e-08	8.93633e-11	6.55122e-14	2.90563e-17	8.37541e-21	1.6603e-24	8.24694e-28	1.56505e-29	1.92104e-31	
N39	2.35407e-87	1.37858e-61	1.38184e-54	2.6744e-48	1.74811e-42	4.79079e-37	6.11933e-32	3.84249e-27	1.21158e-22	1.91226e-18	1.47172e-14	5.24039e-11	7.90117e-08	4.36152e-05	0.00687642	0.19766	0.587824	0.196265	0.0111438	0.000185117	1.25937e-06	4.32148e-09	8.5828e-12	1.08619e-14	9.39713e-18	5.86165e-21	2.74784e-24	1.00232e-27	3.5654e-31	
N40	1.65792e-86	9.18342e-67	2.15285e-59	9.54404e-53	1.40592e-46	8.58095e-41	2.42307e-35	3.35458e-30	2.3377e-25	8.22175e-21	1.43152e-16	1.18085e-12	4.27133e-09	5.94641e-06	0.00252866	0.203124	0.654728	0.135777	0.00380571	2.9674e-05	9.38568e-08	1.49892e-10	1.38971e-13	8.22679e-17	3.3289e-20	9.68549e-24	2.10608e-27	3.53372e-31	5.66244e-35	
CGA312	0	0	0	0	0	0	0	0	0	0	0	0	0	0	0	0	0	1	0	0	0	0	0	0	0	0	0	0	0	
N41	2.91901e-78	6.62998e-64	4.96765e-59	2.95613e-55	4.41079e-53	1.26341e-50	6.78144e-44	1.70307e-37	1.92688e-31	9.90654e-26	2.26722e-20	2.18959e-15	8.06913e-11	9.4088e-07	0.0023548	0.26555	0.661717	0.0698803	0.000496326	6.54118e-07	2.73339e-10	4.83438e-14	4.30198e-18	2.14903e-22	6.46758e-27	1.22538e-31	7.49338e-36	1.1685e-36	7.31435e-39	
N42	3.45026e-45	2.5097e-45	2.90499e-46	9.36593e-48	2.24684e-49	1.62485e-47	2.1099e-45	8.66526e-41	7.98297e-36	4.97453e-29	1.58263e-22	1.69609e-16	5.29094e-11	3.33843e-06	0.00960091	0.447768	0.536717	0.00590884	2.37886e-06	1.50832e-10	2.93741e-15	2.39909e-20	9.62587e-26	2.06822e-31	2.50573e-37	9.44913e-43	1.63812e-43	6.36146e-45	1.82129e-46	
N43	5.92579e-67	7.87581e-55	4.10525e-52	5.58659e-50	1.14004e-48	5.36859e-48	9.00494e-46	2.51634e-40	1.44254e-33	3.13553e-27	2.52319e-21	7.34938e-16	7.20144e-11	1.8628e-06	0.00698704	0.434738	0.552092	0.00617716	4.59522e-06	7.68076e-10	4.67431e-14	1.28288e-18	1.76676e-23	1.29863e-28	1.40811e-33	7.9304e-37	5.38532e-40	1.4535e-41	5.60055e-42	
N44	1.8804e-71	1.3744e-57	3.96225e-53	4.027e-49	1.17194e-45	1.79156e-43	7.77721e-42	6.28555e-37	3.33918e-31	8.56719e-26	1.04513e-20	5.80973e-16	1.35933e-11	1.16449e-07	0.000282567	0.11185	0.821447	0.0662164	0.000204091	1.6388e-07	5.43471e-11	9.34728e-15	9.54268e-19	6.31335e-23	2.87579e-27	9.41827e-32	2.28887e-36	5.60442e-41	2.37357e-42	
CGA642	0	0	0	0	0	0	0	0	0	0	0	0	0	0	0	0	1	0	0	0	0	0	0	0	0	0	0	0	0	
N45	4.73672e-95	2.9963e-70	3.31243e-64	5.93671e-59	5.37155e-55	1.31676e-51	2.15283e-45	4.33174e-39	4.22307e-33	2.0083e-27	4.58106e-22	4.79628e-17	2.1237e-12	3.44623e-08	0.000157786	0.115586	0.801736	0.0823353	0.000185277	1.02185e-07	2.25148e-11	2.51721e-15	1.64625e-19	6.91159e-24	1.98669e-28	4.09515e-33	6.27723e-38	9.15425e-42	1.72965e-43	
CGA763	0	0	0	0	0	0	0	0	0	0	0	0	0	0	0	1	0	0	0	0	0	0	0	0	0	0	0	0	0	
C601	0	0	0	0	0	0	0	0	0	0	0	0	0	0	0	0	0	1	0	0	0	0	0	0	0	0	0	0	0	
N46	1.59285e-81	1.86013e-65	1.66424e-59	1.89165e-54	8.03329e-51	4.10136e-48	6.92181e-42	1.3764e-35	1.22545e-29	4.88534e-24	8.44285e-19	5.87815e-14	1.43916e-09	9.58278e-06	0.0100237	0.446902	0.536118	0.00693653	1.06209e-05	4.54469e-09	7.98681e-13	7.12224e-17	3.66656e-21	1.18568e-25	2.55061e-30	3.79538e-35	4.73615e-40	1.92747e-41	3.94295e-43	
CGA236	0	0	0	0	0	0	0	0	0	0	0	0	0	0	0	0	1	0	0	0	0	0	0	0	0	0	0	0	0	
N47	3.27908e-95	1.31907e-68	8.40415e-61	9.85698e-54	3.72505e-47	5.62748e-41	3.76971e-35	1.17594e-29	1.7319e-24	1.18575e-19	3.60246e-15	4.45069e-11	1.92192e-07	0.000221635	0.0409926	0.51307	0.438046	0.00764572	2.31638e-05	2.36026e-08	1.1136e-11	2.91933e-15	4.7747e-19	5.2733e-23	4.16261e-27	2.44996e-31	1.11043e-35	3.97576e-40	1.27446e-44	
N48	1.61127e-89	2.25533e-63	5.21931e-56	2.31566e-49	3.44133e-43	2.12297e-37	6.02849e-32	8.28008e-27	5.58609e-22	1.82789e-17	2.78057e-13	1.80929e-09	4.31098e-06	0.00268675	0.0832937	0.489695	0.391836	0.0323003	0.000183577	3.43109e-07	3.07244e-10	1.58753e-13	5.29731e-17	1.2314e-20	2.10566e-24	2.75915e-28	2.85979e-32	2.4049e-36	1.87643e-40	
Calboe	0	0	0	0	0	0	0	0	0	0	0	0	0	1	0	0	0	0	0	0	0	0	0	0	0	0	0	0	0	
C3125	0	0	0	0	0	0	0	0	0	0	0	0	0	0	0	0	0	1	0	0	0	0	0	0	0	0	0	0	0	
CGA429	0	0	0	0	0	0	0	0	0	0	0	0	0	0	1	0	0	0	0	0	0	0	0	0	0	0	0	0	0	
N49	1.3461e-58	7.52553e-47	4.94775e-45	5.06836e-44	3.66063e-44	2.06562e-42	6.32261e-38	1.19807e-31	9.2098e-26	2.85838e-20	3.40881e-15	1.39505e-10	1.56661e-06	0.00300182	0.238646	0.599821	0.157876	0.000652604	2.94901e-07	4.6565e-11	3.56012e-15	1.54916e-19	4.21173e-24	7.58675e-29	9.40269e-34	8.42521e-39	3.48785e-42	1.15224e-44	1.02627e-43	
C984	0	0	0	0	0	0	0	0	0	0	0	0	0	1	0	0	0	0	0	0	0	0	0	0	0	0	0	0	0	
N50	1.51855e-79	1.99026e-55	4.56504e-50	1.60089e-45	1.7303e-42	3.62208e-39	2.82871e-33	1.00308e-27	1.57763e-22	1.08264e-17	3.07133e-13	3.23842e-09	1.04138e-05	0.00688438	0.341023	0.558746	0.0929684	0.00036787	3.42194e-07	1.31935e-10	2.69322e-14	3.32931e-18	2.70829e-22	1.53246e-26	6.26727e-31	1.90231e-35	6.15413e-40	1.31637e-41	3.30832e-43	
CGA310	0	0	0	0	0	0	0	0	0	0	0	0	0	0	1	0	0	0	0	0	0	0	0	0	0	0	0	0	0	
N51	1.3806e-84	1.30251e-58	2.01921e-51	5.90788e-45	5.68486e-39	2.22218e-33	3.89602e-28	3.20111e-23	1.24208e-18	2.22314e-14	1.73118e-10	5.26204e-07	0.000511805	0.10459	0.726081	0.163911	0.00488297	2.29253e-05	3.99174e-08	3.50186e-11	1.82304e-14	6.24111e-18	1.50778e-21	2.70591e-25	3.75038e-29	4.13809e-33	3.72399e-37	2.78818e-41	1.96948e-45	
CGA365	0	0	0	0	0	0	0	0	0	0	0	0	0	0	1	0	0	0	0	0	0	0	0	0	0	0	0	0	0	
CGA494	0	0	0	0	0	0	0	0	0	0	0	0	0	1	0	0	0	0	0	0	0	0	0	0	0	0	0	0	0	
N52	2.81244e-72	1.8917e-58	5.01232e-54	3.86044e-50	7.17436e-47	1.354e-44	8.22398e-42	5.34541e-36	1.85127e-30	3.15511e-25	2.6142e-20	1.01391e-15	1.71157e-11	1.10414e-07	0.000213777	0.0736882	0.580976	0.330404	0.0146584	5.97582e-05	7.27737e-08	3.89024e-11	1.11326e-14	1.92344e-18	2.17252e-22	1.6956e-26	9.51538e-31	4.39209e-35	4.67435e-37	
N53	2.79268e-91	1.13308e-66	8.24522e-61	1.21226e-55	4.67018e-51	4.00035e-47	8.89357e-43	9.02561e-37	4.61932e-31	1.14766e-25	1.36028e-20	7.35096e-16	1.66477e-11	1.36057e-07	0.000302749	0.0961758	0.601099	0.296142	0.00626615	1.45104e-05	1.02742e-08	3.23202e-12	5.50494e-16	5.73335e-20	3.95963e-24	1.91952e-28	6.80719e-33	1.82165e-37	5.17505e-42	
C12265	0	0	0	0	0	0	0	0	0	0	0	0	0	0	0	0	0	1	0	0	0	0	0	0	0	0	0	0	0	
N54	1.82513e-75	3.6931e-61	2.85421e-56	9.11068e-52	1.58607e-47	1.67415e-43	1.12616e-39	4.97147e-36	1.00672e-31	8.37895e-26	3.31129e-20	5.23658e-15	3.06496e-10	5.59419e-06	0.0204424	0.92205	0.0570645	0.000437594	2.99911e-07	5.41768e-11	4.01601e-15	1.49007e-19	3.08096e-24	3.83044e-29	1.69725e-33	1.8818e-36	2.09688e-39	2.0111e-42	1.77649e-45	
C404	0	0	0	0	0	0	0	0	0	0	0	0	0	0	1	0	0	0	0	0	0	0	0	0	0	0	0	0	0	
N55	5.49995e-96	5.44495e-71	9.45052e-65	3.48219e-59	4.79447e-54	3.08492e-49	1.12596e-44	6.52618e-39	1.75965e-32	1.99155e-26	9.40151e-21	1.7872e-15	1.25754e-10	2.70932e-06	0.0110093	0.952295	0.0365729	0.000119609	4.4271e-08	5.0733e-12	2.61381e-16	7.30487e-21	1.22182e-25	1.29561e-30	9.17559e-36	1.79059e-40	9.70359e-44	5.86892e-47	3.21877e-50	
Cl11778	0	0	0	0	0	0	0	0	0	0	0	0	0	0	0	1	0	0	0	0	0	0	0	0	0	0	0	0	0	
CGA48	0	0	0	0	0	0	0	0	0	0	0	0	0	0	0	1	0	0	0	0	0	0	0	0	0	0	0	0	0	
C3126	0	0	0	0	0	0	0	0	0	0	0	0	0	0	0	0	0	0	1	0	0	0	0	0	0	0	0	0	0	
N56	1.10683e-63	1.96537e-50	1.44754e-46	4.50491e-43	7.36653e-40	3.07611e-37	1.89008e-35	3.26846e-34	2.32233e-30	1.70117e-25	6.18401e-21	1.08599e-16	8.75508e-13	2.97515e-09	3.71065e-06	0.0013539	0.0992776	0.77962	0.117968	0.00176902	7.50213e-06	1.33765e-08	1.24046e-11	6.82638e-15	2.43529e-18	5.99392e-22	1.06518e-25	1.41638e-29	1.74533e-33	
CGA311	0	0	0	0	0	0	0	0	0	0	0	0	0	0	0	0	0	1	0	0	0	0	0	0	0	0	0	0	0	
N57	4.62753e-96	1.99322e-71	1.54895e-65	2.35852e-60	9.04885e-56	9.83359e-52	7.68346e-46	7.7939e-40	3.92134e-34	9.82228e-29	1.20524e-23	6.96858e-19	1.77623e-14	1.79716e-10	6.1269e-07	0.0005401	0.078409	0.794285	0.125238	0.00152285	4.39804e-06	4.72632e-09	2.41196e-12	6.81124e-16	1.18143e-19	1.35696e-23	1.09186e-27	6.43211e-32	3.37039e-36	
N58	2.74756e-77	3.87244e-63	2.13303e-58	4.9185e-54	5.81589e-50	8.53092e-47	2.61934e-44	1.28697e-41	7.80208e-36	2.93871e-30	5.46517e-25	4.88887e-20	1.99723e-15	3.411e-11	2.10078e-07	0.000359779	0.101342	0.854884	0.0432208	0.000193787	2.24376e-07	1.03175e-10	2.37327e-14	3.14633e-18	2.64096e-22	1.49885e-26	6.03211e-31	1.78361e-35	4.37027e-40	
CGA45	0	0	0	0	0	0	0	0	0	0	0	0	0	0	0	0	1	0	0	0	0	0	0	0	0	0	0	0	0	
N59	6.17015e-94	1.8466e-69	1.01567e-63	1.19479e-58	3.35434e-54	1.1761e-50	5.49716e-47	5.13422e-41	2.65343e-35	6.9548e-30	9.2469e-25	6.11472e-20	1.92556e-15	2.67426e-11	1.4365e-07	0.000236153	0.0736826	0.884026	0.0418454	0.000209436	2.92253e-07	1.7021e-10	5.14123e-14	9.19588e-18	1.06284e-21	8.43272e-26	4.79628e-30	2.01923e-34	1.65169e-38	
C3043	0	0	0	0	0	0	0	0	0	0	0	0	0	0	0	0	0	1	0	0	0	0	0	0	0	0	0	0	0	
CGA364	0	0	0	0	0	0	0	0	0	0	0	0	0	0	0	0	0	1	0	0	0	0	0	0	0	0	0	0	0	
C2208	0	0	0	0	0	0	0	0	0	0	0	0	0	0	0	0	0	0	1	0	0	0	0	0	0	0	0	0	0	
N60	9.93682e-91	5.39986e-65	5.16567e-58	9.67728e-52	6.22791e-46	1.71538e-40	2.25807e-35	1.5072e-30	5.25152e-26	9.62467e-22	9.17989e-18	4.42535e-14	1.02455e-10	1.05146e-07	4.23167e-05	0.00553154	0.174538	0.766067	0.0529785	0.000837238	5.2186e-06	1.65334e-08	3.08884e-11	3.75269e-14	3.17727e-17	1.97347e-20	9.35485e-24	3.50031e-27	1.3008e-30	
N61	3.21736e-98	5.64211e-82	9.49143e-74	2.97844e-66	3.07325e-59	1.3046e-52	2.55373e-46	2.45354e-40	1.19434e-34	2.97432e-29	3.75394e-24	2.33198e-19	6.75942e-15	8.37755e-11	3.85322e-07	0.000515772	0.123661	0.858628	0.0171421	5.28111e-05	5.25339e-08	2.34625e-11	5.66549e-15	8.3242e-19	8.06882e-23	5.46888e-27	2.70649e-31	1.01094e-35	3.20298e-40	
CGA453	0	0	0	0	0	0	0	0	0	0	0	0	0	0	0	0	0	1	0	0	0	0	0	0	0	0	0	0	0	
N62	1.30957e-115	3.41779e-88	1.3901e-79	1.06676e-71	2.72261e-64	2.89233e-57	1.43433e-50	3.53719e-44	4.48295e-38	2.95261e-32	1.0029e-26	1.70968e-21	1.38978e-16	4.94624e-12	6.68919e-08	0.00026724	0.184033	0.810963	0.00473186	4.51411e-06	1.44823e-09	2.15069e-13	1.77001e-17	9.05177e-22	3.11059e-26	7.59837e-31	1.37568e-35	1.90582e-40	2.19949e-45	
CGA501	0	0	0	0	0	0	0	0	0	0	0	0	0	0	0	0	0	1	0	0	0	0	0	0	0	0	0	0	0	
C3121	0	0	0	0	0	0	0	0	0	0	0	0	0	0	0	0	1	0	0	0	0	0	0	0	0	0	0	0	0	
N63	2.7671e-122	1.87071e-94	1.81796e-85	3.10034e-77	1.65682e-69	3.50922e-62	3.33362e-55	1.52526e-48	3.49996e-42	4.10419e-36	2.46117e-30	7.41925e-25	1.08259e-19	7.16178e-15	1.92877e-10	1.76391e-06	0.00392178	0.992273	0.00380136	2.31459e-06	4.73402e-10	4.48411e-14	2.34668e-18	7.57172e-23	1.62087e-27	2.42324e-32	2.62503e-37	2.11675e-42	1.40335e-47	
Calparcri	0	0	0	0	0	0	0	0	0	0	0	0	0	0	0	0	0	1	0	0	0	0	0	0	0	0	0	0	0	
C3118	0	0	0	0	0	0	0	0	0	0	0	0	0	0	0	0	0	1	0	0	0	0	0	0	0	0	0	0	0	
N64	2.40004e-67	2.60072e-55	8.22026e-53	8.08795e-51	5.9583e-47	3.54995e-42	4.97373e-36	8.06381e-30	4.65361e-24	9.16966e-19	5.60136e-14	8.62937e-10	2.34021e-06	0.00107724	0.0733792	0.566689	0.343902	0.0148828	6.71502e-05	6.90877e-08	2.47843e-11	3.9239e-15	3.13427e-19	1.37326e-23	3.62333e-28	4.94051e-32	9.62689e-35	1.88119e-37	2.19089e-39	
N65	4.49701e-88	3.67022e-62	4.9471e-55	1.26246e-48	1.06474e-42	3.67564e-37	5.75823e-32	4.30453e-27	1.56288e-22	2.73628e-18	2.24027e-14	8.09829e-11	1.17736e-07	5.93244e-05	0.00809155	0.19274	0.551992	0.230468	0.0163317	0.000314779	2.31198e-06	8.06596e-09	1.5508e-11	1.82477e-14	1.41925e-17	7.73585e-21	3.09299e-24	9.41389e-28	2.65549e-31	
N66	2.06734e-85	1.20796e-59	1.17817e-52	2.17537e-46	1.32495e-40	3.28826e-35	3.67239e-30	1.92945e-25	4.81139e-21	5.57766e-17	2.85571e-13	5.92455e-10	4.43446e-07	0.000110226	0.00821562	0.153639	0.534432	0.28313	0.0200962	0.000374123	2.68896e-06	9.39511e-09	1.85221e-11	2.28358e-14	1.89693e-17	1.12297e-20	4.94841e-24	1.68187e-27	5.43458e-31	
N67	3.15584e-83	2.16404e-57	2.4668e-50	5.28041e-44	3.69251e-38	1.03948e-32	1.2961e-27	7.43695e-23	1.95931e-18	2.27021e-14	1.04361e-10	1.50162e-07	2.88545e-05	0.00172766	0.0367221	0.262512	0.51124	0.181607	0.0061106	5.27173e-05	1.82472e-07	3.21739e-10	3.34364e-13	2.25785e-16	1.06187e-19	3.66264e-23	9.64197e-27	2.00006e-30	3.88989e-34	
N68	5.20529e-75	1.53094e-63	2.07417e-59	9.64023e-53	1.47739e-46	9.19002e-41	2.57369e-35	3.41046e-30	2.17242e-25	6.57892e-21	9.13015e-17	5.44635e-13	1.27721e-09	1.07101e-06	0.000286566	0.0207257	0.312085	0.62089	0.0453884	0.000620484	2.86013e-06	5.97782e-09	6.76202e-12	4.65334e-15	2.1154e-18	6.75064e-22	1.58394e-25	2.83571e-29	4.65665e-33	
Triowe	0	0	0	0	0	0	0	0	0	0	0	0	0	0	0	0	0	1	0	0	0	0	0	0	0	0	0	0	0	
N69	1.01896e-94	1.37994e-68	3.11202e-61	1.34646e-54	1.96032e-48	1.1956e-42	3.4061e-37	4.79715e-32	3.42574e-27	1.24294e-22	2.24832e-18	1.94563e-14	7.51968e-11	1.16731e-07	6.19945e-05	0.00885177	0.237543	0.692128	0.0604566	0.000954053	5.03046e-06	1.20289e-08	1.56258e-11	1.24096e-14	6.54416e-18	2.43462e-21	6.69029e-25	1.40866e-28	2.75883e-32	
Trijoh	0	0	0	0	0	0	0	0	0	0	0	0	0	0	0	0	0	1	0	0	0	0	0	0	0	0	0	0	0	
Trimel	0	0	0	0	0	0	0	0	0	0	0	0	0	0	0	0	0	1	0	0	0	0	0	0	0	0	0	0	0	
N70	3.82168e-75	2.89267e-49	3.48619e-42	7.54629e-36	5.07543e-30	1.29589e-24	1.36406e-19	6.02574e-15	1.07815e-10	7.06079e-07	0.00135939	0.446988	0.455145	0.0903112	0.00602976	0.000164226	1.91398e-06	8.98866e-09	1.49607e-11	1.19434e-14	5.50111e-18	1.63612e-21	3.38438e-25	5.12959e-29	5.91911e-33	5.35304e-37	3.88043e-41	2.29656e-45	1.28446e-49	
N71	3.17283e-76	4.27972e-50	8.81083e-43	3.16192e-36	3.40175e-30	1.33014e-24	2.03106e-19	1.2143e-14	2.68154e-10	1.9051e-06	0.00327363	0.68729	0.292088	0.0170783	0.000266677	1.4614e-06	3.20354e-09	3.02372e-12	1.35406e-15	3.38958e-19	5.35053e-23	5.79001e-27	4.55899e-31	2.72935e-35	1.28461e-39	4.87874e-44	1.52631e-48	3.99976e-53	9.62815e-58	
Trihoe	0	0	0	0	0	0	0	0	0	0	0	1	0	0	0	0	0	0	0	0	0	0	0	0	0	0	0	0	0	
Tribit	0	0	0	0	0	0	0	0	0	0	0	1	0	0	0	0	0	0	0	0	0	0	0	0	0	0	0	0	0	
Trijac	0	0	0	0	0	0	0	0	0	0	0	1	0	0	0	0	0	0	0	0	0	0	0	0	0	0	0	0	0	
N72	5.57826e-91	3.55809e-65	3.91231e-58	8.38494e-52	6.1376e-46	1.90914e-40	2.81395e-35	2.08162e-30	7.94055e-26	1.5701e-21	1.5874e-17	7.93862e-14	1.85616e-10	1.85838e-07	6.96321e-05	0.00792852	0.199467	0.704149	0.0862297	0.00213683	1.87887e-05	7.76034e-08	1.78091e-10	2.53801e-13	2.4302e-16	1.65749e-19	8.42172e-23	3.30668e-26	1.25159e-29	
Tricri	0	0	0	0	0	0	0	0	0	0	0	0	0	0	0	0	0	1	0	0	0	0	0	0	0	0	0	0	0	
N73	3.3318e-96	4.18845e-70	8.89751e-63	3.69975e-56	5.28107e-50	3.22287e-44	9.3863e-39	1.38351e-33	1.06189e-28	4.27357e-24	8.91376e-20	9.34546e-16	4.66925e-12	1.02174e-08	8.5807e-06	0.00223442	0.125262	0.783345	0.0874752	0.00166419	1.03836e-05	2.91388e-08	4.42291e-11	4.09498e-14	2.51525e-17	1.09014e-20	3.49439e-24	8.59937e-28	1.95934e-31	
Triwie	0	0	0	0	0	0	0	0	0	0	0	0	0	0	0	0	0	1	0	0	0	0	0	0	0	0	0	0	0	
Triqua	0	0	0	0	0	0	0	0	0	0	0	0	0	0	0	0	0	1	0	0	0	0	0	0	0	0	0	0	0	
N74	4.02661e-81	6.30608e-56	1.80135e-49	1.00647e-43	1.92763e-38	1.57486e-33	6.12084e-29	1.19879e-24	1.21559e-20	6.41358e-17	1.73554e-13	2.32633e-10	1.45414e-07	3.84575e-05	0.00367173	0.0962752	0.449644	0.379262	0.0672414	0.00377684	8.98962e-05	1.09795e-06	7.83818e-09	3.58788e-11	1.12758e-13	2.56326e-16	4.39096e-19	5.89446e-22	8.53382e-25	
N75	1.04769e-83	1.80095e-58	5.60032e-52	3.45628e-46	7.42411e-41	6.9142e-36	3.11808e-31	7.22741e-27	8.87223e-23	5.82097e-19	2.02424e-15	3.63698e-12	3.22645e-09	1.31618e-06	0.000221615	0.0130717	0.210347	0.628119	0.140183	0.00787816	0.000175623	1.97103e-06	1.28956e-08	5.43012e-11	1.57991e-13	3.34993e-16	5.39447e-19	6.8355e-22	9.09608e-25	
Kinboe	0	0	0	0	0	0	0	0	0	0	0	0	0	0	0	0	0	1	0	0	0	0	0	0	0	0	0	0	0	
Kinfis	0	0	0	0	0	0	0	0	0	0	0	0	0	0	0	0	0	1	0	0	0	0	0	0	0	0	0	0	0	
Kinxen	0	0	0	0	0	0	0	0	0	0	0	0	0	0	0	0	0	1	0	0	0	0	0	0	0	0	0	0	0	
N76	2.06609e-68	4.44657e-45	1.80863e-40	1.03948e-36	5.55861e-34	4.5543e-32	2.9805e-27	1.78549e-22	4.52298e-18	4.67821e-14	1.80821e-10	2.19557e-07	6.23241e-05	0.00501772	0.114541	0.564005	0.302739	0.0135298	0.000104686	2.94492e-07	4.06436e-10	3.24072e-13	1.65007e-16	5.72853e-20	1.41849e-23	2.58528e-27	3.56887e-31	2.09179e-33	4.12234e-34	
N77	1.44312e-63	5.94565e-39	4.51271e-33	6.27829e-28	2.76683e-23	4.71938e-19	3.38985e-15	1.0492e-11	1.36656e-08	6.95475e-06	0.00119193	0.0512865	0.272812	0.405141	0.219397	0.0464914	0.00358429	8.76169e-05	9.81561e-07	6.22517e-09	2.53408e-11	7.1884e-14	1.50568e-16	2.43092e-19	3.12698e-22	3.29006e-25	2.89255e-28	2.16752e-31	1.77934e-34	
N78	9.26342e-73	5.90727e-47	5.86371e-40	1.00757e-33	5.15323e-28	9.51124e-23	6.81144e-18	1.90157e-13	1.96179e-09	6.58769e-06	0.0055545	0.633986	0.333879	0.0260123	0.000557206	4.23216e-06	1.321e-08	1.94534e-11	1.55769e-14	7.57729e-18	2.43061e-21	5.46522e-25	9.02302e-29	1.13393e-32	1.11603e-36	8.80103e-41	5.66526e-45	3.02491e-49	1.5428e-53	
N79	5.46616e-79	1.61663e-52	7.04431e-45	5.23922e-38	1.14171e-31	8.81211e-26	2.57724e-20	2.84518e-15	1.10727e-10	1.30162e-06	0.00337241	0.905082	0.0907328	0.00080973	1.61691e-06	1.13264e-09	3.62209e-13	6.25992e-17	6.55754e-21	4.51764e-25	2.17356e-29	7.64293e-34	2.03433e-38	4.21326e-43	6.93985e-48	9.25154e-53	1.0123e-57	9.19481e-63	7.43681e-68	
N80	9.83191e-76	1.3049e-49	2.63737e-42	9.24829e-36	9.67144e-30	3.65309e-24	5.34618e-19	3.03087e-14	6.24713e-10	4.03496e-06	0.00598091	0.932433	0.0612299	0.000351553	5.27271e-07	3.22452e-10	1.01814e-13	1.91718e-17	2.36967e-21	2.057e-25	1.31781e-29	6.46918e-34	2.50522e-38	7.83041e-43	2.01179e-47	4.31124e-52	7.7976e-57	1.2017e-61	1.70926e-66	
Chaafr	0	0	0	0	0	0	0	0	0	0	0	1	0	0	0	0	0	0	0	0	0	0	0	0	0	0	0	0	0	
Chacha	0	0	0	0	0	0	0	0	0	0	0	1	0	0	0	0	0	0	0	0	0	0	0	0	0	0	0	0	0	
N81	1.43956e-75	1.74619e-49	3.2715e-42	1.07943e-35	1.07584e-29	3.91541e-24	5.57241e-19	3.09677e-14	6.30215e-10	4.04791e-06	0.00601385	0.945325	0.0484207	0.00023588	3.16456e-07	1.78693e-10	5.32074e-14	9.59547e-18	1.1502e-21	9.79207e-26	6.21981e-30	3.06146e-34	1.20305e-38	3.86594e-43	1.03596e-47	2.35279e-52	4.59049e-57	7.78319e-62	1.24234e-66	
Chacaly	0	0	0	0	0	0	0	0	0	0	0	1	0	0	0	0	0	0	0	0	0	0	0	0	0	0	0	0	0	
Chazey	0	0	0	0	0	0	0	0	0	0	0	1	0	0	0	0	0	0	0	0	0	0	0	0	0	0	0	0	0	
N82	5.75223e-70	2.04538e-44	1.16378e-37	1.1525e-31	3.41272e-26	3.65881e-21	1.5238e-16	2.46764e-12	1.46289e-08	2.75942e-05	0.01244	0.687803	0.284617	0.0149108	0.000200291	9.76286e-07	2.16494e-09	2.57346e-12	1.8477e-15	8.7433e-19	2.90955e-22	7.15289e-26	1.34966e-29	2.01435e-33	2.43612e-37	2.43456e-41	2.04306e-45	1.45948e-49	1.01499e-53	
Chadil	0	0	0	0	0	0	0	0	0	0	0	1	0	0	0	0	0	0	0	0	0	0	0	0	0	0	0	0	0	
Chasen	0	0	0	0	0	0	0	0	0	0	0	1	0	0	0	0	0	0	0	0	0	0	0	0	0	0	0	0	0	
Chanam	0	0	0	0	0	0	0	0	0	0	0	1	0	0	0	0	0	0	0	0	0	0	0	0	0	0	0	0	0	
N83	1.62625e-90	1.37898e-70	4.88225e-63	3.2221e-56	6.98187e-50	6.20884e-44	2.53681e-38	5.06168e-33	5.08286e-28	2.58882e-23	6.61008e-19	8.1959e-15	4.66484e-11	1.11374e-07	9.6581e-05	0.0237293	0.950011	0.0260176	0.000145241	3.03516e-07	3.11291e-10	1.83154e-13	6.8416e-17	1.74126e-20	3.17912e-24	4.32835e-28	4.52798e-32	3.74232e-36	2.98551e-40	
N84	1.29887e-81	4.94009e-67	7.00787e-62	4.03876e-57	1.25046e-52	2.31549e-48	2.69917e-44	2.02899e-40	9.9294e-37	1.11004e-32	9.18672e-27	4.22153e-21	7.50853e-16	4.71766e-11	8.76252e-07	0.00327869	0.989352	0.00736298	5.37335e-06	1.02087e-09	7.60603e-14	2.73588e-18	5.33543e-23	6.05929e-28	4.50043e-33	3.92318e-37	3.39242e-40	2.5939e-43	1.78559e-46	
N85	8.98367e-70	1.61771e-57	1.24331e-54	4.3544e-52	5.53577e-51	1.33247e-50	7.32964e-50	2.57677e-45	2.8862e-40	8.21777e-34	1.19378e-27	7.20407e-22	1.74734e-16	1.56732e-11	4.30747e-07	0.0024148	0.991365	0.00621608	3.42703e-06	4.79644e-10	2.62888e-14	7.04102e-19	1.039e-23	9.04808e-29	5.16149e-34	2.57397e-38	1.35556e-41	6.02646e-45	6.4175e-46	
Braset	0	0	0	0	0	0	0	0	0	0	0	0	0	0	0	0	1	0	0	0	0	0	0	0	0	0	0	0	0	
N86	8.16365e-91	7.37221e-76	1.65672e-69	7.78624e-64	5.85434e-60	5.61354e-57	1.61208e-50	7.06374e-44	1.44446e-37	1.41723e-31	6.6919e-26	1.48814e-20	1.4797e-15	5.98151e-11	8.27997e-07	0.00279612	0.991112	0.00608681	4.69301e-06	1.10339e-09	1.14111e-13	6.29608e-18	2.0798e-22	4.43068e-27	6.39233e-32	6.44527e-37	4.62513e-42	2.96773e-47	7.30803e-49	
N87	4.95385e-55	4.01047e-53	2.967e-51	1.97813e-49	1.96621e-73	1.2055e-64	1.25247e-56	3.78309e-49	4.12535e-42	1.82406e-35	3.44899e-29	2.83078e-23	9.86597e-18	1.35953e-12	6.42398e-08	0.000766498	0.997904	0.00132968	2.48418e-07	1.51937e-11	4.17192e-16	6.00061e-21	4.92841e-26	2.40695e-31	7.05038e-37	1.21113e-42	1.13138e-48	4.90053e-55	6.4298e-62	
Bramel	0	0	0	0	0	0	0	0	0	0	0	0	0	0	0	0	1	0	0	0	0	0	0	0	0	0	0	0	0	
Bratha	0	0	0	0	0	0	0	0	0	0	0	0	0	0	0	0	1	0	0	0	0	0	0	0	0	0	0	0	0	
N88	7.82804e-117	4.1393e-89	3.13347e-80	4.18676e-72	1.75726e-64	2.92192e-57	2.17191e-50	7.72599e-44	1.36432e-37	1.21247e-31	5.38713e-26	1.16323e-20	1.15403e-15	4.76901e-11	6.90892e-07	0.00251143	0.992986	0.00449904	2.82746e-06	5.74736e-10	5.33766e-14	2.72558e-18	8.57061e-23	1.78877e-27	2.60997e-32	2.76246e-37	2.17789e-42	1.30318e-47	6.27197e-53	
Bradra	0	0	0	0	0	0	0	0	0	0	0	0	0	0	0	0	1	0	0	0	0	0	0	0	0	0	0	0	0	
Bratra	0	0	0	0	0	0	0	0	0	0	0	0	0	0	0	0	1	0	0	0	0	0	0	0	0	0	0	0	0	
N89	3.20324e-113	9.92588e-86	4.4246e-77	3.48262e-69	8.61537e-62	8.44909e-55	3.70725e-48	7.79242e-42	8.14096e-36	4.28657e-30	1.1304e-24	1.45176e-19	8.58836e-15	2.12316e-10	1.84798e-06	0.00406355	0.988957	0.00697086	6.97464e-06	2.28277e-09	3.4398e-13	2.86624e-17	1.47736e-21	5.07253e-26	1.22121e-30	2.13801e-35	2.79389e-40	2.7759e-45	2.24549e-50	
Bragut	0	0	0	0	0	0	0	0	0	0	0	0	0	0	0	0	1	0	0	0	0	0	0	0	0	0	0	0	0	
Braven	0	0	0	0	0	0	0	0	0	0	0	0	0	0	0	0	1	0	0	0	0	0	0	0	0	0	0	0	0	
N90	5.26982e-103	2.54734e-76	1.99381e-68	3.00237e-61	1.5272e-54	3.27134e-48	3.29628e-42	1.65743e-36	4.278e-31	5.70102e-26	3.86723e-21	1.2884e-16	1.97864e-12	1.26137e-08	2.79567e-05	0.0154531	0.960219	0.0242107	8.88319e-05	1.06283e-07	5.82914e-11	1.76814e-14	3.33842e-18	4.25332e-22	3.87567e-26	2.63829e-30	1.38753e-34	5.78932e-39	2.13748e-43	
Brapum	0	0	0	0	0	0	0	0	0	0	0	0	0	0	0	0	1	0	0	0	0	0	0	0	0	0	0	0	0	
Bradam	0	0	0	0	0	0	0	0	0	0	0	0	0	0	0	0	1	0	0	0	0	0	0	0	0	0	0	0	0	
