NODE	1	2	3	4	5	6	7	8	9	10	11	12	13	14	15	16	17	18	19	20	21	22	23	24	25	26	27	28	29	
N1	1.74779e-26	3.31613e-22	3.11408e-18	3.21232e-17	1.89615e-13	4.91717e-14	2.80086e-11	5.03362e-09	1.59234e-10	4.34842e-10	2.15082e-07	1.19234e-05	9.72266e-07	1.23825e-08	3.10453e-10	0.657608	0.291524	0.0508555	4.13864e-13	4.43402e-15	2.64432e-17	1.03915e-19	2.9681e-22	6.56447e-25	1.17444e-27	1.75433e-30	2.24043e-33	2.49162e-36	2.53756e-39	
N2	1.15545e-30	1.28622e-25	2.92657e-21	3.44041e-19	1.94434e-15	2.4482e-15	1.94111e-12	4.65639e-10	1.91995e-11	1.33443e-10	8.65724e-08	1.07494e-05	8.34032e-05	0.000195994	0.00114794	0.196778	0.525988	0.266446	0.00902411	0.000125896	0.000114009	6.98825e-05	1.25016e-05	3.71227e-06	1.25149e-08	1.55846e-10	5.3266e-13	2.52061e-15	4.95067e-16	
N3	2.3263e-41	5.87468e-35	3.69697e-29	9.69978e-27	1.74242e-21	4.73416e-21	2.7753e-17	6.85435e-14	2.06224e-14	3.12222e-13	6.14902e-09	9.17623e-06	9.36737e-06	5.52313e-07	7.0308e-07	0.000792205	0.0849484	0.870525	0.0433019	0.000398719	1.33032e-05	3.50271e-07	4.49244e-09	4.76393e-11	6.06535e-14	1.0128e-16	9.26059e-20	5.06591e-23	1.80888e-25	
N4	5.5905e-44	1.15979e-37	6.39031e-32	8.55045e-29	8.053e-24	2.55098e-22	1.86117e-18	4.66669e-15	1.8888e-14	1.27e-12	7.4139e-09	2.8703e-06	1.80977e-06	1.02638e-07	3.9701e-07	0.00031637	0.062523	0.869739	0.0666868	0.000723696	6.07253e-06	7.44463e-08	1.62239e-09	2.71103e-10	8.40367e-12	1.05764e-13	2.13713e-15	1.51946e-18	8.62968e-21	
B3088	0	0	0	0	0	0	0	0	0	0	0	0	0	0	0	0	0	1	0	0	0	0	0	0	0	0	0	0	0	
N5	5.06715e-39	2.74679e-36	2.18966e-31	4.90039e-28	1.90013e-23	1.65066e-21	7.7022e-18	1.65893e-14	1.43057e-13	8.68308e-12	1.19845e-08	1.6572e-06	7.77689e-07	1.33485e-07	1.20033e-06	0.000429114	0.0615459	0.847007	0.089453	0.00155099	1.04991e-05	7.17292e-08	4.71605e-09	2.15914e-09	2.63553e-10	9.75363e-12	7.80495e-13	1.95418e-15	3.22826e-17	
BGA709	0	0	0	0	0	0	0	0	0	0	0	0	0	0	0	0	0	1	0	0	0	0	0	0	0	0	0	0	0	
BGA309	0	0	0	0	0	0	0	0	0	0	0	0	0	0	0	0	0	1	0	0	0	0	0	0	0	0	0	0	0	
N6	8.49565e-47	4.82918e-40	8.00632e-34	6.91172e-31	5.0261e-25	3.24436e-24	1.14489e-19	2.16391e-15	1.00175e-15	2.04786e-14	3.352e-10	3.93067e-07	5.68223e-08	1.2772e-09	3.87037e-09	1.33921e-05	0.0120284	0.95548	0.0323425	0.000134576	2.17443e-07	4.49673e-10	3.68684e-12	6.99974e-14	3.83373e-16	1.13132e-18	3.68712e-21	1.30796e-24	1.50759e-27	
N7	1.38266e-43	1.88973e-37	7.36778e-32	6.25349e-29	8.69032e-24	9.2542e-23	9.55475e-19	3.81644e-15	2.39545e-15	5.39263e-14	1.60099e-10	4.87993e-08	2.93329e-08	6.90752e-09	4.26049e-08	5.1362e-05	0.0201716	0.931367	0.0480155	0.000392783	1.12604e-06	2.5369e-09	4.90494e-11	2.67927e-12	5.7236e-14	7.30731e-16	9.29113e-18	1.15571e-20	3.66863e-23	
B11696	0	0	0	0	0	0	0	0	0	0	0	0	0	0	0	0	0	1	0	0	0	0	0	0	0	0	0	0	0	
B11609	0	0	0	0	0	0	0	0	0	0	0	0	0	0	0	0	0	1	0	0	0	0	0	0	0	0	0	0	0	
N8	7.91752e-52	3.32577e-46	5.01385e-39	8.87149e-36	4.31507e-29	2.89502e-28	3.05618e-23	1.33795e-18	6.40472e-19	2.39492e-17	2.33585e-12	8.72285e-09	4.04081e-10	2.43936e-12	2.1102e-11	5.13159e-07	0.00280146	0.973298	0.0238613	3.88165e-05	1.49132e-08	2.97128e-12	4.93763e-15	1.11364e-16	6.44078e-19	8.50398e-22	2.7988e-24	8.5859e-28	3.76283e-29	
N9	3.2208e-40	5.28366e-36	4.49917e-32	3.91992e-31	2.68466e-27	4.54927e-28	2.00392e-24	4.45525e-20	5.65491e-20	8.93747e-18	6.06288e-13	1.90319e-09	5.59093e-11	7.42365e-13	2.50655e-11	5.23256e-07	0.0026795	0.97314	0.0241387	4.16005e-05	1.68996e-08	2.84836e-12	5.06241e-15	1.22713e-15	7.65076e-17	4.0206e-19	1.66417e-20	2.59919e-24	4.7907e-27	
N10	5.75359e-46	3.72886e-41	2.86694e-36	2.94263e-33	5.75423e-28	2.4694e-26	3.99254e-22	2.49555e-18	6.44284e-18	3.52753e-16	1.45562e-12	5.43999e-10	7.20316e-10	7.46369e-10	1.13241e-08	2.02193e-05	0.0127264	0.947548	0.0394644	0.000240881	4.89505e-07	5.78714e-10	1.11452e-11	2.33097e-12	1.66284e-13	4.51134e-15	2.1822e-16	1.97945e-19	9.16933e-22	
B985	0	0	0	0	0	0	0	0	0	0	0	0	0	0	0	0	0	1	0	0	0	0	0	0	0	0	0	0	0	
B199	0	0	0	0	0	0	0	0	0	0	0	0	0	0	0	0	0	1	0	0	0	0	0	0	0	0	0	0	0	
N11	1.04163e-47	1.82723e-41	1.10612e-35	1.51821e-32	3.2826e-27	5.55094e-26	8.72266e-22	5.30655e-18	5.3616e-18	2.06715e-16	1.33716e-12	1.49441e-09	3.04424e-09	1.19901e-09	1.17025e-08	2.19542e-05	0.0134313	0.949385	0.0369435	0.00021751	4.36129e-07	5.68539e-10	8.98373e-12	7.67944e-13	2.42538e-14	3.85684e-16	7.51649e-18	6.62769e-21	1.97234e-23	
BGA89	0	0	0	0	0	0	0	0	0	0	0	0	0	0	0	0	0	1	0	0	0	0	0	0	0	0	0	0	0	
BGAA2	0	0	0	0	0	0	0	0	0	0	0	0	0	0	0	0	0	1	0	0	0	0	0	0	0	0	0	0	0	
N12	1.08673e-46	2.39529e-40	1.46945e-34	1.55111e-31	3.38835e-26	3.75334e-25	5.73569e-21	3.38067e-17	2.19354e-17	6.73326e-16	4.31063e-12	4.65917e-09	6.21661e-09	1.57085e-09	1.24335e-08	2.33011e-05	0.0138608	0.950011	0.0358957	0.000208619	4.18237e-07	5.89221e-10	8.60565e-12	4.90993e-13	1.07795e-14	1.31532e-16	1.70581e-18	1.5011e-21	3.74495e-24	
BGA304	0	0	0	0	0	0	0	0	0	0	0	0	0	0	0	0	0	1	0	0	0	0	0	0	0	0	0	0	0	
BGAB1	0	0	0	0	0	0	0	0	0	0	0	0	0	0	0	0	0	1	0	0	0	0	0	0	0	0	0	0	0	
PGA445	0	0	0	0	0	0	0	0	0	0	0	0	0	0	0	0	0	1	0	0	0	0	0	0	0	0	0	0	0	
N13	1.70671e-38	1.70668e-31	2.54854e-25	1.29094e-22	1.08949e-17	1.29579e-17	2.13299e-13	7.55046e-11	3.74144e-10	2.51432e-07	0.0018302	0.831347	0.159528	0.0071782	0.000115242	1.04699e-06	3.67641e-07	1.50228e-08	2.98036e-12	1.54039e-16	3.7009e-21	3.75928e-25	3.67684e-28	3.0161e-30	1.36385e-31	4.16836e-33	2.39325e-34	1.49923e-36	6.67186e-35	
N14	1.45976e-37	2.59255e-31	1.40603e-25	4.09753e-21	3.72343e-17	1.42275e-13	4.73773e-10	2.5675e-08	1.38472e-05	0.0117265	0.351392	0.588113	0.0479591	0.000790441	4.19783e-06	2.08415e-08	7.37754e-10	5.77915e-12	3.43869e-15	4.79414e-18	2.11033e-20	1.64374e-23	6.51956e-26	2.12816e-27	5.90188e-28	8.4427e-29	1.89945e-29	1.97511e-31	2.43908e-32	
Rhaspe	0	0	0	0	0	0	0	0	0	1	0	0	0	0	0	0	0	0	0	0	0	0	0	0	0	0	0	0	0	
N15	3.61785e-27	1.40239e-24	3.08819e-22	2.63409e-19	1.20991e-15	1.92536e-12	3.32134e-09	2.52085e-07	5.27344e-05	0.017469	0.398811	0.543479	0.0395926	0.000592362	3.02375e-06	2.38498e-08	7.97097e-10	1.3001e-10	9.80444e-13	2.29811e-14	1.77958e-16	1.94816e-19	2.70672e-21	1.33723e-23	9.25411e-26	1.6824e-27	1.7273e-28	3.92726e-31	1.94153e-32	
Rhamar	0	0	0	0	0	0	0	0	0	1	0	0	0	0	0	0	0	0	0	0	0	0	0	0	0	0	0	0	0	
Rhatem	0	0	0	0	0	0	0	0	0	0	1	0	0	0	0	0	0	0	0	0	0	0	0	0	0	0	0	0	0	
N16	2.24966e-39	2.60052e-34	1.31068e-29	7.56166e-28	2.06075e-21	5.22897e-21	1.04586e-15	9.99683e-11	7.91329e-11	6.50001e-09	0.000402356	0.928987	0.0700445	0.000562826	2.62653e-06	2.96957e-07	4.02624e-07	2.03613e-08	7.70854e-11	3.39932e-13	2.12321e-15	1.1658e-18	9.37026e-22	5.68938e-25	9.07411e-28	4.2427e-29	4.59212e-31	2.35762e-33	1.04252e-33	
N17	1.38543e-43	4.88244e-36	4.39181e-29	6.62951e-26	1.78215e-19	2.36235e-18	3.50654e-13	3.134e-09	1.68092e-09	1.55847e-07	0.00300818	0.975946	0.0204412	1.67122e-05	8.16829e-07	7.07868e-06	0.000105465	0.00046975	4.27747e-06	2.80448e-08	3.05044e-11	7.01127e-15	3.93754e-18	3.27198e-21	3.90928e-24	6.32998e-27	1.76504e-29	1.86322e-33	1.22751e-36	
N18	5.07922e-38	9.24538e-32	4.53129e-26	1.35974e-22	9.65861e-18	1.07898e-15	1.21724e-11	1.14622e-08	8.21106e-08	1.39439e-05	0.018095	0.959253	0.021913	0.000134916	3.79227e-05	0.000191327	0.000293343	6.68491e-05	3.01861e-07	5.73608e-10	5.01824e-13	2.53186e-16	6.34628e-19	4.56335e-20	1.34317e-21	1.66654e-23	3.88107e-25	2.29317e-28	7.01691e-31	
FGA379	0	0	0	0	0	0	0	0	0	0	0	0	0	0	0	0	1	0	0	0	0	0	0	0	0	0	0	0	0	
N19	1.73009e-36	3.0845e-30	1.43761e-24	2.6783e-21	2.47451e-16	1.3929e-14	1.04402e-10	1.7099e-07	5.98526e-07	2.83963e-05	0.0177697	0.948076	0.0336178	0.00040455	9.03421e-05	1.16794e-05	5.72308e-07	8.29911e-09	8.36909e-12	3.65553e-15	9.2241e-19	2.54394e-22	1.04588e-24	1.95953e-26	1.25548e-28	3.71737e-31	1.83917e-33	4.72438e-37	5.12492e-40	
N20	1.31159e-39	2.06151e-32	7.01552e-26	6.13006e-22	3.69015e-17	2.09816e-14	7.88479e-11	3.55848e-08	3.05213e-07	0.000152316	0.0335708	0.918748	0.0470911	0.000433335	3.57103e-06	2.10902e-08	3.88846e-11	6.34606e-14	5.10846e-18	2.24943e-21	3.00245e-23	1.78122e-24	2.04654e-25	4.60382e-26	2.09111e-27	1.6884e-28	2.05305e-29	1.59798e-31	1.55751e-32	
N21	1.34751e-37	5.90235e-33	2.67983e-28	1.00943e-24	8.57106e-19	1.12736e-16	2.62132e-11	9.34281e-09	2.19879e-08	2.73276e-05	0.0487116	0.933347	0.0178861	2.83753e-05	2.74302e-08	1.57482e-11	2.71508e-15	7.33978e-19	9.51629e-23	5.07931e-26	1.42735e-27	2.67476e-29	1.74953e-30	1.07016e-31	7.92824e-34	4.28462e-35	1.78163e-36	1.38394e-38	3.55369e-39	
F3016	0	0	0	0	0	0	0	0	0	0	1	0	0	0	0	0	0	0	0	0	0	0	0	0	0	0	0	0	0	
N22	3.48254e-37	1.10845e-32	1.58934e-28	1.10892e-25	1.25255e-19	3.13425e-17	3.22829e-12	1.67656e-09	1.28973e-08	1.17185e-05	0.0510469	0.9351	0.013835	6.61121e-06	1.34793e-09	9.30866e-13	1.09629e-15	7.45625e-18	6.01977e-22	2.45785e-25	3.90465e-29	8.00345e-32	4.08673e-33	1.20975e-34	3.1008e-36	2.21028e-37	1.67361e-37	6.91761e-40	1.07633e-40	
N23	6.84591e-37	1.56298e-32	1.81923e-28	1.91529e-25	4.06425e-20	5.33771e-17	5.21053e-13	1.51544e-09	3.02915e-08	1.62884e-05	0.0447565	0.939144	0.0160791	4.50426e-06	1.75233e-09	5.72025e-11	1.05446e-13	4.0194e-16	1.62243e-20	8.63958e-24	2.39034e-28	3.42322e-33	1.05722e-34	2.38353e-31	1.98615e-32	1.38781e-33	4.59122e-34	8.41732e-37	8.40955e-38	
N24	4.26376e-46	1.14158e-41	1.70181e-33	1.54239e-29	2.50251e-22	5.65743e-20	2.79303e-13	1.13582e-10	3.51711e-11	1.56893e-06	0.0723783	0.925607	0.00201339	7.14723e-08	6.71526e-13	2.05553e-16	2.81676e-20	1.47003e-23	5.75248e-29	1.88071e-32	1.00543e-35	1.72877e-39	6.81627e-41	1.89573e-37	2.05285e-37	3.77241e-37	5.66784e-36	6.60844e-37	1.56558e-36	
N25	4.36702e-38	2.02693e-33	4.05232e-29	1.61547e-27	1.6472e-22	2.11661e-19	4.9686e-14	1.54333e-11	6.53366e-10	1.33073e-05	0.0830449	0.914631	0.00231005	3.2823e-07	1.7225e-11	7.94571e-13	9.25383e-16	1.03561e-17	8.856e-23	1.99167e-26	1.04051e-31	1.69204e-35	7.00732e-37	1.67545e-36	4.68829e-38	3.03883e-39	3.59748e-39	2.23108e-42	1.53039e-43	
F1476	0	0	0	0	0	0	0	0	0	0	1	0	0	0	0	0	0	0	0	0	0	0	0	0	0	0	0	0	0	
N26	1.29832e-37	6.60045e-33	1.53484e-28	2.1276e-26	4.2159e-22	5.08494e-18	1.26095e-13	3.52655e-10	5.47867e-08	0.000140681	0.0848482	0.90722	0.00778249	8.71393e-06	9.01778e-09	5.03753e-10	7.07019e-13	3.05239e-15	2.55924e-20	1.08456e-23	1.09033e-26	3.95991e-29	4.58277e-30	9.19917e-30	2.85024e-31	1.80139e-32	8.54884e-33	6.33084e-36	2.65705e-37	
Furcep	0	0	0	0	0	0	0	0	0	0	0	0	0	1	0	0	0	0	0	0	0	0	0	0	0	0	0	0	0	
N27	2.77387e-35	3.5616e-31	2.24579e-27	1.38142e-25	1.03605e-19	5.41885e-17	1.21887e-11	2.78714e-09	2.90589e-08	3.68659e-05	0.114357	0.882571	0.00303429	1.1517e-06	3.12205e-10	2.55321e-12	1.06602e-15	8.42271e-18	1.10779e-21	9.87482e-25	1.04835e-28	3.55425e-33	2.15597e-36	8.6209e-39	5.13805e-43	2.52624e-46	7.33532e-49	5.15172e-53	2.03554e-52	
Furpol	0	0	0	0	0	0	0	0	0	0	0	1	0	0	0	0	0	0	0	0	0	0	0	0	0	0	0	0	0	
N28	4.45282e-42	6.77329e-35	2.54604e-28	3.24722e-24	4.57421e-19	3.74426e-16	6.43602e-11	1.03269e-10	3.17928e-09	0.000135654	0.85596	0.143828	7.60975e-05	8.59559e-09	5.37258e-13	1.64156e-15	4.29408e-18	3.45501e-20	1.71894e-24	5.27888e-28	2.252e-32	3.35214e-37	3.98748e-41	5.56257e-44	2.47973e-47	1.74209e-50	4.39032e-53	6.50604e-57	1.11799e-56	
N29	6.83748e-43	1.25043e-35	5.9107e-29	9.49114e-25	1.96604e-19	2.44956e-16	7.42664e-11	1.21625e-10	4.40267e-09	0.000198307	0.97871	0.021088	4.19125e-06	2.33706e-10	1.06696e-13	7.76562e-16	6.45968e-19	1.09955e-21	2.49218e-26	3.69474e-30	7.96247e-35	2.74182e-39	1.17245e-42	2.79277e-45	3.23086e-49	6.61096e-53	4.17675e-56	2.28596e-61	1.81223e-65	
F2241	0	0	0	0	0	0	0	0	0	0	1	0	0	0	0	0	0	0	0	0	0	0	0	0	0	0	0	0	0	
Furang	0	0	0	0	0	0	0	0	0	0	1	0	0	0	0	0	0	0	0	0	0	0	0	0	0	0	0	0	0	
Fga490	0	0	0	0	0	0	0	0	0	0	1	0	0	0	0	0	0	0	0	0	0	0	0	0	0	0	0	0	0	
N30	5.79338e-44	3.07657e-39	8.35951e-32	7.94803e-28	2.81247e-21	4.06207e-19	4.82216e-13	1.78646e-10	4.15861e-10	4.26993e-06	0.111328	0.888416	0.000251917	1.00142e-08	4.01972e-13	1.76487e-15	1.08596e-18	2.98477e-21	3.25841e-26	3.12796e-30	2.38833e-35	8.01839e-41	7.29464e-44	3.07712e-42	4.44181e-43	1.09441e-44	1.55466e-45	3.18332e-48	1.52742e-46	
N31	2.5893e-43	7.97326e-38	1.10927e-30	1.04692e-26	1.98689e-20	3.23619e-18	4.56658e-13	1.76615e-09	1.53083e-08	3.67483e-06	0.0914113	0.907996	0.000588677	4.28827e-08	8.06277e-11	1.52703e-12	1.37068e-15	1.34818e-18	1.60847e-23	2.1098e-27	2.16624e-32	1.36999e-36	1.01689e-39	2.47634e-39	5.48304e-38	2.23172e-39	2.03977e-40	1.57107e-43	4.12674e-45	
N32	1.77659e-46	6.06868e-40	3.31532e-32	5.76283e-28	2.16311e-21	2.37973e-19	5.0437e-15	2.78872e-09	2.45024e-08	1.80071e-07	0.00357696	0.993046	0.00337541	9.90411e-07	5.96102e-09	6.31001e-11	2.33178e-14	2.10573e-18	6.20236e-24	3.22104e-28	8.70761e-32	1.78126e-33	6.08606e-35	2.105e-35	1.61389e-37	2.19024e-39	2.14026e-41	5.37815e-45	9.88998e-47	
N33	2.0731e-37	5.02117e-33	5.93257e-29	2.15066e-27	1.06288e-20	1.24303e-19	2.43818e-14	2.17668e-09	7.56732e-10	1.89666e-08	0.000823206	0.997708	0.00146857	1.78866e-07	8.20779e-11	2.68442e-13	2.31678e-16	1.48393e-18	5.47194e-23	2.53779e-26	6.36456e-31	2.94989e-35	1.0881e-38	1.07324e-41	9.5406e-46	3.27584e-49	9.46367e-52	1.04739e-56	1.06246e-57	
N34	7.17329e-44	1.58392e-36	8.42949e-30	1.44975e-26	2.89734e-20	1.08705e-19	1.07529e-14	6.35915e-10	1.91582e-10	8.25227e-09	0.000290132	0.998949	0.000760583	8.53195e-08	7.27149e-12	6.43479e-14	1.62976e-16	1.53895e-18	4.26191e-23	8.74281e-27	2.14813e-31	2.15776e-36	3.44067e-40	9.09062e-43	2.64519e-46	1.28892e-49	2.64055e-52	1.63708e-57	1.6645e-61	
FGA456	0	0	0	0	0	0	0	0	0	0	0	1	0	0	0	0	0	0	0	0	0	0	0	0	0	0	0	0	0	
FGA516	0	0	0	0	0	0	0	0	0	0	0	1	0	0	0	0	0	0	0	0	0	0	0	0	0	0	0	0	0	
F12278	0	0	0	0	0	0	0	0	0	0	0	1	0	0	0	0	0	0	0	0	0	0	0	0	0	0	0	0	0	
N35	5.4914e-42	1.0265e-34	4.91938e-28	2.04464e-23	8.33078e-19	1.09301e-15	4.03395e-13	1.2981e-08	2.17764e-06	1.5114e-05	0.000737885	0.852988	0.142969	0.0032845	3.17975e-06	9.36135e-08	3.66923e-10	4.54642e-12	2.22944e-16	5.81284e-20	2.26128e-24	6.9568e-29	4.6957e-32	2.33306e-34	7.90742e-38	5.13668e-41	1.33068e-43	1.441e-48	1.94018e-52	
Furant	0	0	0	0	0	0	0	0	0	0	0	1	0	0	0	0	0	0	0	0	0	0	0	0	0	0	0	0	0	
FGA331	0	0	0	0	0	0	0	0	0	0	0	0	0	1	0	0	0	0	0	0	0	0	0	0	0	0	0	0	0	
FGA465	0	0	0	0	0	0	0	0	0	0	1	0	0	0	0	0	0	0	0	0	0	0	0	0	0	0	0	0	0	
N36	4.62459e-41	3.22996e-34	5.98941e-28	9.1375e-24	7.62287e-19	8.9663e-16	9.02717e-11	4.09503e-10	1.65257e-08	0.000287757	0.745469	0.2541	0.000142325	2.22819e-08	4.44957e-12	7.69818e-14	4.47401e-16	7.81125e-18	5.67257e-22	2.2386e-25	1.56147e-29	5.44402e-34	3.37592e-37	2.75146e-39	3.16157e-42	5.8717e-45	3.92689e-47	1.3194e-51	5.70331e-55	
FGA99	0	0	0	0	0	0	0	0	0	0	1	0	0	0	0	0	0	0	0	0	0	0	0	0	0	0	0	0	0	
FGA15	0	0	0	0	0	0	0	0	0	0	1	0	0	0	0	0	0	0	0	0	0	0	0	0	0	0	0	0	0	
FGA104	0	0	0	0	0	0	0	0	0	0	0	0	1	0	0	0	0	0	0	0	0	0	0	0	0	0	0	0	0	
FGA489	0	0	0	0	0	0	0	0	0	0	1	0	0	0	0	0	0	0	0	0	0	0	0	0	0	0	0	0	0	
FGA174	0	0	0	0	0	0	0	0	0	0	0	0	0	1	0	0	0	0	0	0	0	0	0	0	0	0	0	0	0	
FurbGB	0	0	0	0	0	0	0	0	0	0	0	1	0	0	0	0	0	0	0	0	0	0	0	0	0	0	0	0	0	
N37	9.58087e-39	4.30816e-36	5.53985e-30	2.52351e-26	1.58276e-20	1.18034e-18	5.43024e-14	1.6854e-10	2.56877e-10	7.45202e-08	0.000952834	0.262494	0.00435717	3.84839e-06	3.17754e-07	5.30362e-05	0.005414	0.70926	0.016359	0.00110262	3.18969e-06	1.74183e-09	1.21615e-11	2.25985e-13	1.45367e-15	1.9685e-17	2.20145e-18	4.99035e-22	4.28867e-24	
N38	3.45495e-41	9.37356e-35	7.02726e-29	2.34438e-25	3.36729e-20	3.79496e-18	9.27134e-14	1.36243e-10	6.42542e-10	2.07649e-07	0.000712429	0.050457	0.000798003	2.51394e-06	5.48258e-07	0.000170323	0.038599	0.878857	0.0296419	0.000757727	3.101e-06	4.03983e-09	1.60755e-11	1.58314e-12	7.67147e-14	1.96128e-15	1.15908e-16	8.11593e-20	4.90245e-22	
N39	2.86647e-42	2.03898e-35	3.926e-29	8.98846e-26	2.24112e-20	1.87196e-18	1.49173e-13	1.54281e-11	2.96961e-11	3.44762e-08	0.000114593	0.000535394	2.29106e-06	2.66555e-07	4.58273e-06	0.00505208	0.391192	0.596137	0.00694375	1.78265e-05	1.68663e-08	8.64251e-12	1.91767e-14	2.29411e-16	1.1102e-18	3.05716e-21	7.94985e-24	4.8493e-27	1.32826e-26	
CGA312	0	0	0	0	0	0	0	0	0	0	0	0	0	0	0	0	0	1	0	0	0	0	0	0	0	0	0	0	0	
N40	2.367e-44	4.62164e-39	4.28436e-34	1.66425e-30	1.70359e-24	1.05431e-21	2.70929e-16	4.56649e-15	7.13059e-13	3.74921e-09	6.64301e-06	9.87515e-06	3.07822e-07	1.20529e-07	1.13124e-05	0.0145511	0.569101	0.415307	0.00101187	2.99026e-07	2.30146e-11	6.86012e-16	5.43097e-20	1.37102e-22	3.67682e-24	2.87804e-25	1.04542e-25	5.82726e-28	2.36664e-29	
N41	5.34381e-44	2.80995e-41	4.25405e-36	5.65804e-33	5.31393e-29	2.13717e-24	3.10633e-19	5.35898e-18	1.34184e-14	6.65413e-10	2.16761e-07	3.5211e-07	6.89275e-08	2.04506e-07	0.000483172	0.102527	0.87284	0.0241471	2.34405e-06	3.01032e-11	1.20254e-16	1.84393e-22	2.54586e-27	3.55535e-30	3.35887e-32	3.93184e-32	5.79451e-31	4.51356e-32	3.99936e-32	
N42	1.33032e-43	9.39013e-39	3.00824e-34	4.6615e-32	5.72012e-29	3.5755e-26	3.89591e-20	5.72471e-18	4.07101e-15	9.89714e-11	2.8475e-08	5.60907e-08	5.60245e-08	1.22582e-07	0.000399357	0.101396	0.881186	0.0170152	2.52366e-06	9.4501e-11	4.70519e-14	8.13919e-16	1.09358e-18	1.02884e-20	5.92407e-24	3.66017e-26	2.38918e-27	2.34584e-30	1.57922e-31	
CGA642	0	0	0	0	0	0	0	0	0	0	0	0	0	0	0	0	1	0	0	0	0	0	0	0	0	0	0	0	0	
N43	1.96387e-40	5.4808e-36	7.94e-32	4.37307e-29	5.28399e-27	1.4536e-24	1.39431e-20	5.2352e-18	1.48853e-14	4.67968e-11	8.15586e-09	3.83837e-08	5.65598e-08	9.54784e-07	0.000908211	0.118076	0.868705	0.0123059	3.6501e-06	2.63519e-10	1.81205e-14	6.51452e-16	3.00775e-18	1.47691e-19	5.79506e-22	6.05364e-25	2.19215e-27	6.04757e-30	6.00077e-31	
CGA236	0	0	0	0	0	0	0	0	0	0	0	0	0	0	0	0	1	0	0	0	0	0	0	0	0	0	0	0	0	
N44	5.3628e-36	5.08266e-32	2.51433e-28	4.78555e-26	5.39901e-25	6.46054e-23	1.29662e-19	1.43598e-16	6.82161e-13	1.17282e-10	3.78252e-09	2.64546e-08	3.97671e-07	0.000201116	0.015599	0.246512	0.728548	0.00913306	6.13016e-06	1.16285e-09	1.33651e-13	3.40188e-15	5.10609e-17	3.98016e-18	6.20384e-20	1.35758e-22	6.95164e-26	3.51795e-30	7.50642e-33	
N45	3.67863e-44	5.57715e-38	6.49214e-32	1.30735e-27	3.17852e-23	2.64154e-20	7.96743e-18	7.20917e-14	5.46328e-12	4.42327e-11	4.18043e-09	1.23729e-05	0.00102788	0.0122101	0.0226001	0.28981	0.638907	0.0353953	3.70262e-05	1.33676e-08	5.55693e-11	1.03154e-12	6.61435e-15	8.63587e-17	1.79189e-19	2.83516e-22	8.38855e-26	9.87322e-30	3.34686e-32	
Calboe	0	0	0	0	0	0	0	0	0	0	0	0	0	1	0	0	0	0	0	0	0	0	0	0	0	0	0	0	0	
C3125	0	0	0	0	0	0	0	0	0	0	0	0	0	0	0	0	0	1	0	0	0	0	0	0	0	0	0	0	0	
CGA429	0	0	0	0	0	0	0	0	0	0	0	0	0	0	1	0	0	0	0	0	0	0	0	0	0	0	0	0	0	
N46	7.87151e-33	2.82309e-29	5.4931e-26	1.88965e-23	2.56708e-22	4.40852e-20	3.87563e-18	2.73961e-15	7.89528e-11	2.75066e-08	7.90299e-08	1.67572e-07	2.82545e-07	0.000612722	0.0926586	0.468125	0.431689	0.00691185	2.56665e-06	3.71715e-10	3.01447e-14	1.13896e-16	3.65291e-18	8.63455e-19	5.56067e-20	2.56542e-22	1.40105e-24	1.18118e-28	2.68148e-31	
C985	0	0	0	0	0	0	0	0	0	0	0	0	0	1	0	0	0	0	0	0	0	0	0	0	0	0	0	0	0	
CGA382	0	0	0	0	0	0	0	0	0	0	0	0	0	0	1	0	0	0	0	0	0	0	0	0	0	0	0	0	0	
N47	1.14867e-48	4.40792e-41	4.05715e-34	7.32319e-30	1.33044e-24	1.60639e-21	1.24705e-17	1.19082e-14	5.48983e-13	2.21854e-11	3.55978e-08	1.25704e-07	1.64344e-07	1.20448e-06	2.29147e-05	0.00501428	0.356543	0.61733	0.0210704	1.79935e-05	9.91453e-09	8.12842e-11	3.94329e-13	2.35605e-15	2.39166e-18	1.23966e-21	5.33191e-24	4.03164e-26	2.69556e-27	
N48	4.74084e-39	9.15516e-35	9.36512e-31	5.18347e-29	2.05052e-25	8.89192e-23	6.86153e-18	1.03232e-15	1.39021e-13	1.8592e-11	1.34189e-08	4.70382e-08	1.2942e-07	9.82575e-07	2.38016e-05	0.0124255	0.393677	0.587292	0.00657755	2.70248e-06	4.30005e-10	3.02886e-13	2.95136e-16	1.27249e-18	1.40022e-20	2.25727e-23	1.34793e-25	4.10588e-29	3.88852e-32	
C12265	0	0	0	0	0	0	0	0	0	0	0	0	0	0	0	0	0	1	0	0	0	0	0	0	0	0	0	0	0	
N49	2.27503e-50	3.20996e-43	1.70661e-36	6.75951e-32	3.42489e-27	1.22367e-23	6.55845e-19	3.65532e-19	2.85874e-15	7.92347e-11	1.38846e-09	5.19519e-11	2.64528e-10	2.72299e-06	0.0256326	0.857648	0.114116	0.00259863	1.81983e-06	2.61253e-10	1.61853e-14	6.36044e-19	3.05842e-22	2.63114e-24	7.84091e-27	8.27745e-30	1.75424e-32	1.09397e-36	2.61693e-40	
C404	0	0	0	0	0	0	0	0	0	0	0	0	0	0	1	0	0	0	0	0	0	0	0	0	0	0	0	0	0	
Cl11778	0	0	0	0	0	0	0	0	0	0	0	0	0	0	0	1	0	0	0	0	0	0	0	0	0	0	0	0	0	
C3134	0	0	0	0	0	0	0	0	0	0	0	0	0	0	0	0	0	0	1	0	0	0	0	0	0	0	0	0	0	
N50	2.26433e-43	3.94934e-36	1.57439e-29	9.85341e-27	1.15105e-20	7.25458e-20	9.98895e-16	1.7331e-11	7.41795e-12	1.85919e-11	3.01541e-07	0.000220121	5.62902e-06	2.40617e-09	6.84174e-10	3.13607e-06	0.00543086	0.904576	0.0894532	0.000310785	2.92886e-07	2.33409e-10	8.53942e-13	4.68519e-15	9.45355e-18	1.15939e-20	1.15253e-23	1.87161e-26	9.63958e-28	
CGA311	0	0	0	0	0	0	0	0	0	0	0	0	0	0	0	0	0	1	0	0	0	0	0	0	0	0	0	0	0	
N51	5.3344e-41	1.10607e-36	1.44488e-32	2.42013e-29	7.63129e-24	1.08302e-21	1.24999e-17	2.07832e-13	9.46909e-14	1.34908e-12	2.46731e-08	3.27677e-05	9.15165e-07	2.79427e-10	5.00427e-10	9.18267e-07	0.00379807	0.901249	0.0947007	0.00021704	1.09299e-07	3.00147e-11	3.50874e-14	1.93776e-15	4.45427e-17	1.26474e-19	2.12924e-21	3.11928e-25	4.43844e-28	
N52	2.8029e-51	1.03254e-43	1.34867e-36	4.6876e-33	8.47347e-27	1.68057e-25	4.1277e-20	6.61889e-17	3.53224e-17	3.74432e-14	2.40789e-09	4.74584e-07	1.53089e-09	1.00988e-12	1.134e-10	3.34049e-06	0.0177312	0.966279	0.0159757	1.02407e-05	1.7098e-09	1.21224e-13	1.31255e-17	1.65348e-19	9.31244e-22	1.43534e-24	5.11591e-27	9.16387e-30	3.95481e-31	
CGA45	0	0	0	0	0	0	0	0	0	0	0	0	0	0	0	0	1	0	0	0	0	0	0	0	0	0	0	0	0	
N53	2.6998e-39	3.13377e-35	1.91865e-31	1.44508e-30	8.7694e-27	7.78017e-27	5.87446e-22	2.555e-17	4.11329e-17	5.64334e-15	1.90857e-10	1.01463e-07	2.14591e-10	2.86511e-12	1.23302e-10	2.28927e-06	0.00952305	0.977967	0.0124975	1.02137e-05	2.3022e-09	3.69365e-13	3.73757e-15	5.67614e-16	2.1112e-17	6.52927e-20	5.92805e-22	1.02279e-25	1.68662e-28	
C3043	0	0	0	0	0	0	0	0	0	0	0	0	0	0	0	0	0	1	0	0	0	0	0	0	0	0	0	0	0	
CGA364	0	0	0	0	0	0	0	0	0	0	0	0	0	0	0	0	0	1	0	0	0	0	0	0	0	0	0	0	0	
C2208	0	0	0	0	0	0	0	0	0	0	0	0	0	0	0	0	0	0	1	0	0	0	0	0	0	0	0	0	0	
N54	6.90571e-38	1.64582e-31	1.08338e-25	4.30808e-23	1.13673e-17	2.63404e-17	4.926e-13	2.09158e-09	2.14474e-10	4.05519e-09	1.57914e-05	0.00320359	2.75451e-05	2.93726e-08	2.96093e-08	3.85158e-05	0.0173163	0.95311	0.0261327	0.000154788	3.58708e-07	5.66291e-10	3.13827e-12	3.18537e-14	1.51539e-16	5.23026e-19	1.41487e-21	9.64699e-25	1.15488e-27	
N55	2.52458e-46	6.34216e-39	4.10145e-32	4.28278e-29	9.43672e-23	4.93678e-22	9.19544e-17	2.64989e-13	6.08691e-15	3.04309e-12	1.37426e-07	4.48778e-05	4.40836e-08	5.56471e-12	2.16546e-10	4.21303e-06	0.0162127	0.979309	0.00442598	2.81234e-06	5.79438e-10	6.40333e-14	4.55166e-17	3.93463e-19	1.05148e-21	1.00404e-24	1.75359e-27	9.3072e-32	3.78927e-35	
CGA453	0	0	0	0	0	0	0	0	0	0	0	0	0	0	0	0	0	1	0	0	0	0	0	0	0	0	0	0	0	
N56	2.80554e-43	1.63132e-38	4.97947e-34	1.58848e-32	1.19498e-26	5.10283e-25	2.09057e-19	7.21909e-17	2.27281e-17	1.19658e-13	1.30208e-08	8.74838e-07	1.76172e-10	1.27528e-13	1.07187e-10	5.53032e-06	0.0533276	0.945809	0.000856667	1.30533e-07	7.05314e-12	2.15219e-16	1.53395e-19	2.89277e-21	1.64528e-23	1.92866e-26	8.03011e-29	1.83441e-33	3.56393e-37	
CGA501	0	0	0	0	0	0	0	0	0	0	0	0	0	0	0	0	0	1	0	0	0	0	0	0	0	0	0	0	0	
C3121	0	0	0	0	0	0	0	0	0	0	0	0	0	0	0	0	1	0	0	0	0	0	0	0	0	0	0	0	0	
Calparcri	0	0	0	0	0	0	0	0	0	0	0	0	0	0	0	0	0	1	0	0	0	0	0	0	0	0	0	0	0	
N57	1.09738e-38	5.94593e-34	1.46611e-29	2.01737e-28	3.03396e-23	3.13431e-21	6.39376e-16	1.23959e-11	2.97609e-11	1.17878e-08	0.000601221	0.941465	0.0576106	0.000320471	2.02022e-06	2.73281e-07	4.073e-07	1.04541e-07	1.17106e-09	1.21167e-11	2.81643e-14	5.20563e-18	1.02097e-20	1.87655e-23	9.50239e-27	3.12511e-29	8.72368e-31	7.313e-33	1.27152e-33	
N58	6.95348e-40	3.9764e-33	5.93013e-27	1.01831e-23	4.2387e-18	9.71033e-17	1.6646e-12	1.49154e-08	2.2829e-08	4.4278e-07	0.00243688	0.958129	0.0369858	8.99305e-05	4.6159e-07	7.98079e-07	4.46864e-05	0.00217995	0.000125959	5.95225e-06	3.78756e-08	5.43477e-11	2.25976e-13	2.04502e-15	1.65451e-17	1.85834e-19	3.93002e-21	2.23098e-24	9.80592e-27	
N59	3.93076e-38	1.25746e-31	1.08446e-25	1.06002e-22	3.18706e-17	3.09383e-16	4.9251e-12	4.24657e-08	2.79648e-08	5.02263e-07	0.00239702	0.977903	0.0172058	2.85754e-05	3.89252e-07	6.37421e-06	0.000291589	0.00210334	6.32751e-05	4.76788e-07	1.12007e-09	1.12417e-12	2.20811e-15	6.11231e-17	8.39683e-19	6.30958e-21	5.6115e-23	3.51401e-26	6.98329e-29	
N60	1.31268e-38	4.41573e-32	3.80104e-26	4.63814e-23	1.18796e-17	1.33522e-16	1.76036e-12	1.27065e-08	1.20018e-08	3.33989e-07	0.00200061	0.983921	0.0116001	1.37563e-05	2.66211e-06	7.5382e-05	0.000784036	0.00159038	1.11785e-05	1.80318e-08	1.14787e-11	4.01532e-15	5.9648e-18	2.19691e-19	3.11191e-21	1.77381e-23	1.98164e-25	7.98211e-29	1.40384e-31	
N61	9.55201e-42	6.54435e-35	1.18442e-28	1.1127e-25	7.40206e-20	5.144e-19	1.85177e-14	2.59988e-10	1.29471e-10	3.68052e-09	4.78288e-05	0.0318184	0.000233419	1.147e-07	7.27588e-09	8.02861e-06	0.00411043	0.947075	0.0164589	0.000247175	5.30488e-07	3.68891e-10	1.2095e-12	1.50822e-14	5.70277e-17	2.98701e-19	2.98709e-21	5.92284e-25	8.56208e-28	
Triowe	0	0	0	0	0	0	0	0	0	0	0	0	0	0	0	0	0	1	0	0	0	0	0	0	0	0	0	0	0	
N62	5.08123e-37	2.40805e-33	1.43963e-29	1.97378e-26	6.72973e-21	1.63031e-19	3.09858e-15	1.81046e-11	1.82075e-11	1.39128e-09	1.35486e-05	0.00856301	5.45015e-05	3.28749e-08	2.23043e-09	5.49555e-06	0.00603643	0.965203	0.0199864	0.000137193	2.42385e-07	1.70206e-10	4.78789e-13	6.6775e-14	3.20965e-15	4.55471e-17	2.38597e-18	8.85538e-22	3.30993e-24	
Trijoh	0	0	0	0	0	0	0	0	0	0	0	0	0	0	0	0	0	1	0	0	0	0	0	0	0	0	0	0	0	
Trimel	0	0	0	0	0	0	0	0	0	0	0	0	0	0	0	0	0	1	0	0	0	0	0	0	0	0	0	0	0	
N63	4.01628e-38	2.19872e-31	3.06719e-25	2.04488e-22	1.11935e-16	2.88257e-16	7.68872e-12	1.16101e-07	1.87744e-08	2.13742e-07	0.00140972	0.993192	0.00532376	7.15035e-05	2.37285e-06	3.61986e-08	2.45887e-10	6.22424e-13	1.68696e-16	1.94078e-20	1.25969e-24	7.16653e-29	4.35938e-32	1.93072e-32	2.14947e-31	1.58727e-32	1.25099e-33	1.19965e-35	2.91076e-37	
N64	5.79338e-37	7.68915e-33	7.4307e-27	1.20216e-23	7.37297e-18	5.51766e-17	1.45319e-12	1.38473e-08	1.87423e-09	6.10736e-08	0.000776836	0.996218	0.00299884	6.00915e-06	2.53677e-08	4.96702e-11	4.9382e-14	3.27821e-16	3.11367e-20	2.42958e-23	1.25014e-26	5.72139e-30	5.06751e-33	4.46618e-36	6.98584e-40	4.84408e-43	1.15385e-45	3.67883e-50	4.01521e-53	
Trihoe	0	0	0	0	0	0	0	0	0	0	0	1	0	0	0	0	0	0	0	0	0	0	0	0	0	0	0	0	0	
Tribit	0	0	0	0	0	0	0	0	0	0	0	1	0	0	0	0	0	0	0	0	0	0	0	0	0	0	0	0	0	
Trijac	0	0	0	0	0	0	0	0	0	0	0	1	0	0	0	0	0	0	0	0	0	0	0	0	0	0	0	0	0	
N65	6.29248e-39	1.78755e-32	1.42472e-26	9.06176e-24	2.85847e-18	1.49619e-17	2.82452e-13	2.09481e-09	6.81228e-10	1.2249e-08	7.22703e-05	0.0255124	0.00027666	2.5849e-07	2.36176e-08	1.77486e-05	0.0073429	0.941547	0.0248444	0.000384709	1.37109e-06	1.56324e-09	5.70718e-12	8.28618e-14	4.85839e-16	3.06993e-18	2.51878e-20	1.16592e-23	2.31794e-26	
Tricri	0	0	0	0	0	0	0	0	0	0	0	0	0	0	0	0	0	1	0	0	0	0	0	0	0	0	0	0	0	
N66	2.38896e-41	8.79091e-35	8.70371e-29	1.159e-25	3.80786e-20	3.9001e-19	6.59089e-15	3.42368e-11	1.43409e-11	6.70772e-10	5.99237e-06	0.00336753	2.2186e-05	1.40182e-08	2.11305e-09	6.23145e-06	0.00694527	0.967098	0.0224346	0.000119908	2.01368e-07	1.48767e-10	4.24718e-13	2.97114e-14	7.38589e-16	6.92277e-18	1.51476e-19	6.26199e-23	1.57769e-25	
Triwie	0	0	0	0	0	0	0	0	0	0	0	0	0	0	0	0	0	1	0	0	0	0	0	0	0	0	0	0	0	
Triqua	0	0	0	0	0	0	0	0	0	0	0	0	0	0	0	0	0	1	0	0	0	0	0	0	0	0	0	0	0	
N67	6.13307e-36	4.0034e-30	7.04642e-25	1.15269e-21	4.09735e-17	2.11117e-15	7.2244e-12	1.18011e-08	6.16317e-08	2.43867e-06	0.00294583	0.322416	0.0152933	8.23122e-05	2.52668e-06	0.000174437	0.0115975	0.599875	0.0425215	0.00501557	7.3046e-05	2.70544e-07	4.53487e-09	5.4292e-10	2.32611e-11	1.35258e-12	1.91219e-13	3.47781e-16	7.34259e-18	
N68	2.492e-35	1.91046e-29	4.13672e-24	2.44921e-21	1.76334e-16	1.50888e-15	8.3247e-12	1.77867e-08	9.05451e-09	1.30644e-07	0.000187486	0.0202118	0.000569788	1.97952e-06	3.61823e-07	0.000132166	0.0265705	0.882317	0.0684968	0.00149993	1.20059e-05	4.52205e-08	4.77208e-10	1.7673e-11	3.24681e-13	4.46063e-15	5.61899e-17	1.18582e-19	5.86767e-22	
Kinboe	0	0	0	0	0	0	0	0	0	0	0	0	0	0	0	0	0	1	0	0	0	0	0	0	0	0	0	0	0	
Kinfis	0	0	0	0	0	0	0	0	0	0	0	0	0	0	0	0	0	1	0	0	0	0	0	0	0	0	0	0	0	
Kinxen	0	0	0	0	0	0	0	0	0	0	0	0	0	0	0	0	0	1	0	0	0	0	0	0	0	0	0	0	0	
N69	1.28705e-31	2.0763e-28	1.74671e-25	2.93491e-24	2.3513e-21	7.49647e-19	1.49829e-14	3.84134e-11	1.75698e-09	1.17508e-06	0.00454319	0.940577	0.0544836	0.000387657	5.09722e-06	7.15747e-07	7.06868e-07	1.1954e-06	7.87269e-09	2.11615e-10	4.10142e-13	1.22398e-16	7.62355e-19	4.74558e-21	1.12641e-22	1.68999e-24	2.96046e-25	2.001e-28	4.02314e-30	
N70	3.15442e-32	1.18978e-26	1.17998e-21	1.2077e-18	2.67424e-14	7.68164e-13	1.47097e-09	1.59971e-06	3.60337e-06	4.20868e-05	0.0159057	0.926293	0.0571848	0.000565764	3.47054e-06	1.86393e-07	1.13063e-08	5.02685e-10	1.51138e-12	6.08169e-15	1.21333e-17	1.18069e-20	4.21819e-23	8.41785e-25	1.10192e-26	1.31835e-28	2.02201e-30	2.65792e-33	1.3488e-35	
N71	7.44934e-37	4.06127e-30	5.37896e-24	2.17822e-21	1.04463e-15	1.66895e-15	3.07446e-11	3.46026e-07	3.96466e-08	3.03429e-07	0.00175871	0.989226	0.00900459	1.00649e-05	5.76072e-09	1.31316e-11	3.10304e-14	7.82447e-17	1.55117e-20	5.16737e-24	7.78326e-28	4.89615e-32	8.99698e-36	1.1388e-37	9.43728e-38	4.2023e-39	2.47413e-40	1.47393e-42	3.74104e-44	
N72	1.86084e-41	4.19934e-34	2.25749e-27	1.6719e-24	3.31922e-18	3.62688e-18	2.07687e-13	6.35264e-09	4.47485e-10	9.04559e-09	0.000304637	0.998197	0.0014984	2.92808e-07	2.9987e-11	6.82721e-14	1.09491e-16	3.18734e-19	1.20587e-23	1.62298e-27	4.82405e-32	5.2094e-37	5.08385e-41	8.5769e-42	1.6518e-41	5.18377e-43	3.84831e-44	4.92377e-47	3.35952e-47	
N73	1.69891e-39	1.79989e-34	3.3101e-28	6.23196e-25	3.83135e-19	3.66487e-18	1.01641e-13	1.23766e-09	6.56141e-10	3.60555e-08	0.000577546	0.997656	0.00176632	4.69645e-07	7.73341e-11	1.97198e-12	1.64279e-14	5.72363e-16	3.8304e-20	2.35577e-23	1.53317e-27	3.86924e-32	1.6006e-35	1.59151e-37	2.07342e-40	4.43073e-43	4.96125e-45	1.23695e-49	7.0337e-53	
Chaafr	0	0	0	0	0	0	0	0	0	0	0	1	0	0	0	0	0	0	0	0	0	0	0	0	0	0	0	0	0	
Chacha	0	0	0	0	0	0	0	0	0	0	0	1	0	0	0	0	0	0	0	0	0	0	0	0	0	0	0	0	0	
N74	3.34191e-41	2.58225e-34	4.94469e-28	7.00851e-25	4.6279e-19	2.66158e-18	8.68361e-14	1.69263e-09	9.04581e-10	3.7098e-08	0.000589363	0.997747	0.00166312	4.28014e-07	7.61782e-11	1.24479e-12	8.06318e-15	1.53062e-16	1.01858e-20	4.22787e-24	2.66109e-28	6.9377e-33	2.41148e-36	1.48789e-38	1.583e-41	2.51265e-44	1.51181e-46	3.90598e-51	1.52794e-54	
Chacaly	0	0	0	0	0	0	0	0	0	0	0	1	0	0	0	0	0	0	0	0	0	0	0	0	0	0	0	0	0	
Chazey	0	0	0	0	0	0	0	0	0	0	0	1	0	0	0	0	0	0	0	0	0	0	0	0	0	0	0	0	0	
N75	1.00923e-35	2.73109e-30	1.18916e-24	1.95059e-21	2.33614e-16	5.66201e-15	4.27343e-11	1.09844e-07	2.09684e-08	6.72553e-07	0.002406	0.9882	0.00938145	1.18005e-05	7.00736e-09	2.75342e-10	5.24371e-12	4.72455e-13	1.47718e-16	4.10461e-19	1.22801e-22	1.23059e-26	1.51046e-29	2.3744e-31	7.02813e-34	4.24696e-36	1.44512e-37	1.58048e-41	4.72522e-44	
Chadil	0	0	0	0	0	0	0	0	0	0	0	1	0	0	0	0	0	0	0	0	0	0	0	0	0	0	0	0	0	
Chasen	0	0	0	0	0	0	0	0	0	0	0	1	0	0	0	0	0	0	0	0	0	0	0	0	0	0	0	0	0	
Chanam	0	0	0	0	0	0	0	0	0	0	0	1	0	0	0	0	0	0	0	0	0	0	0	0	0	0	0	0	0	
N76	9.25512e-42	1.12625e-34	3.65272e-28	7.9599e-25	1.36676e-19	1.82312e-17	4.67457e-12	2.87703e-12	1.15371e-12	3.96256e-08	0.000392458	1.59163e-05	1.38051e-08	6.78094e-10	9.09566e-07	0.00171493	0.976636	0.0212051	3.47288e-05	3.45396e-08	1.62725e-11	3.41533e-15	1.23079e-18	8.08716e-22	3.12314e-25	1.09908e-28	3.15585e-32	2.60673e-36	5.56425e-37	
N77	2.66782e-45	5.15225e-43	6.08675e-38	8.6073e-34	1.38233e-26	9.40414e-24	2.52609e-17	5.50661e-18	4.60205e-18	5.34512e-12	1.25802e-06	7.22754e-09	2.91139e-13	7.53976e-15	1.46786e-09	0.000116559	0.997829	0.00205247	2.3167e-07	8.00318e-12	1.1543e-16	1.03229e-20	2.61863e-24	3.3513e-27	1.26453e-28	3.56631e-30	5.53302e-32	7.28265e-35	1.52121e-36	
N78	2.20491e-45	1.80962e-40	7.60646e-36	4.26871e-34	9.27226e-30	1.68477e-26	3.7085e-20	2.17369e-20	3.0306e-19	3.19603e-13	7.0004e-08	2.48039e-10	6.07219e-15	2.14765e-15	8.65318e-10	9.4422e-05	0.998685	0.00122074	8.87702e-08	1.72722e-12	1.48911e-17	5.0736e-20	1.54263e-22	7.05922e-24	6.58405e-26	2.31481e-29	8.59981e-34	6.85331e-39	1.59925e-38	
Braset	0	0	0	0	0	0	0	0	0	0	0	0	0	0	0	0	1	0	0	0	0	0	0	0	0	0	0	0	0	
N79	1.1981e-44	6.99245e-40	2.15407e-35	1.24157e-33	1.78656e-31	2.52864e-28	7.0746e-22	9.31182e-21	8.90805e-20	2.75965e-14	1.72619e-09	3.01693e-12	1.77659e-15	3.57368e-14	5.43347e-09	0.000227711	0.998917	0.000854953	9.50756e-08	3.41456e-12	8.78721e-17	9.98414e-19	4.76456e-21	1.15705e-22	7.3576e-25	3.39819e-28	1.04812e-32	8.2864e-38	9.54888e-41	
N80	2.42207e-62	3.7473e-53	7.62504e-45	1.39849e-40	8.10368e-34	8.88275e-31	7.08629e-24	3.17182e-24	8.23888e-24	8.41161e-18	1.57422e-12	1.5204e-14	1.92075e-16	1.41968e-15	6.62646e-10	7.95488e-05	0.999729	0.000191936	5.44541e-09	5.47443e-14	5.52735e-19	2.40597e-22	3.07027e-26	1.59991e-34	6.23911e-34	5.88292e-34	8.63334e-35	5.74835e-36	1.51204e-35	
Bramel	0	0	0	0	0	0	0	0	0	0	0	0	0	0	0	0	1	0	0	0	0	0	0	0	0	0	0	0	0	
Bratha	0	0	0	0	0	0	0	0	0	0	0	0	0	0	0	0	1	0	0	0	0	0	0	0	0	0	0	0	0	
N81	1.34403e-58	1.22757e-50	3.91952e-43	9.21785e-39	1.44636e-32	2.0483e-29	5.06274e-23	1.4782e-22	6.86322e-22	1.9832e-16	1.08721e-11	5.75834e-14	4.26657e-15	4.74224e-14	6.73186e-09	0.000253428	0.999114	0.00063286	5.90072e-08	1.9008e-12	7.14929e-17	3.48286e-19	7.82825e-22	4.63518e-24	7.41759e-27	1.70071e-30	3.64914e-35	2.79259e-40	1.34065e-43	
Bradra	0	0	0	0	0	0	0	0	0	0	0	0	0	0	0	0	1	0	0	0	0	0	0	0	0	0	0	0	0	
Bratra	0	0	0	0	0	0	0	0	0	0	0	0	0	0	0	0	1	0	0	0	0	0	0	0	0	0	0	0	0	
N82	8.80067e-54	5.73076e-46	1.04159e-38	1.5047e-34	1.35065e-28	1.20155e-25	1.70822e-19	3.52647e-19	1.06759e-18	1.7704e-13	5.59975e-09	9.11539e-12	3.22282e-14	2.30223e-13	1.91897e-08	0.000426803	0.99848	0.00109255	1.75948e-07	9.78326e-12	6.14555e-16	2.25189e-18	5.20527e-21	2.2314e-23	2.68395e-26	6.68454e-30	2.43544e-34	3.25779e-39	1.22238e-42	
Bragut	0	0	0	0	0	0	0	0	0	0	0	0	0	0	0	0	1	0	0	0	0	0	0	0	0	0	0	0	0	
Braven	0	0	0	0	0	0	0	0	0	0	0	0	0	0	0	0	1	0	0	0	0	0	0	0	0	0	0	0	0	
N83	5.83519e-46	7.99646e-39	2.80572e-32	2.0051e-28	3.00345e-23	9.44898e-21	1.30856e-15	3.95971e-15	1.62368e-14	7.44809e-10	7.1416e-06	8.61963e-08	2.8631e-11	1.00703e-11	2.18899e-07	0.00142168	0.991673	0.00689245	5.37821e-06	1.32272e-09	1.95836e-13	9.10526e-16	6.28317e-18	9.27169e-20	3.66332e-22	3.15403e-25	7.84015e-29	3.93079e-33	2.67683e-36	
Brapum	0	0	0	0	0	0	0	0	0	0	0	0	0	0	0	0	1	0	0	0	0	0	0	0	0	0	0	0	0	
Bradam	0	0	0	0	0	0	0	0	0	0	0	0	0	0	0	0	1	0	0	0	0	0	0	0	0	0	0	0	0	
