#Nodes with GAIN events with expectation above 0.5
Leiolep: 2.12707
PGA445: 0.502027
Furcep: 1.95117
FGA331: 1.83968
FGA104: 1.03784
FGA174: 1.93397
C601: 1.00427
C3125: 1.28055
C3126: 1.3158
C2208: 0.981228
Total number of gain events: 22.9079
#+++++++++++++++++++++++++++++

#Nodes with LOSS events with expectation above 0.5
Leiolep: 1.31179
N2: 4.18163
PGA445: 0.70514
Rhaspe: 1.91492
Rhamar: 1.84946
Rhatem: 0.960753
FGA379: 1.16324
F3015: 1.05775
F1476: 0.998623
N29: 0.757574
FGA465: 0.989806
FGA99: 0.798433
FGA15: 0.780076
FGA489: 1.05066
N43: 0.60275
CGA763: 1.01191
Calboe: 2.54826
CGA429: 1.74858
N50: 1.44005
C984: 1.65028
CGA494: 1.00908
N55: 1.6167
C404: 1.02344
CGA45: 1.01181
C3121: 0.966293
N84: 1.17373
Total number of loss events: 44.3951
#+++++++++++++++++++++++++++++

#Nodes with duplication events with expectation above 0.5
Total number of duplication events: 1.60396e-19
#+++++++++++++++++++++++++++++

#Nodes with demi-duplication events with expectation above 0.5
N3: 0.595006
FGA379: 0.999265
N39: 0.719707
N69: 0.966254
N73: 0.973386
N75: 0.669157
N84: 0.999192
Total number of demi-dulications events: 8.39923
#+++++++++++++++++++++++++++++

#+++++++++++++++++++++++++++++

#Nodes with transitions in base number with expectation above 0.5
Total number of transitions in base number: 0
#+++++++++++++++++++++++++++++

#EVENTS NOT ACCOUNTED FOR IN THE SIMULATIONS: 
NONE
#+++++++++++++++++++++++++++++

#ALL EVENTS EXPECTATIONS PER NODE
NODE	GAIN	LOSS	DUPLICATION	DEMI-DUPLICATION	BASE-NUMBER
Leiolep	2.12707	1.31179	0	0.129423	0
N2	0.0656054	4.18163	1.60396e-19	5.09097e-08	0
N3	0.0226048	0.088618	2.88416e-30	0.595006	0
N4	0.0840624	0.219016	3.74654e-32	0.397386	0
N5	0.0175157	0.0183922	2.47839e-35	0.00431944	0
B3088	0.275654	0.33054	0	0.00153254	0
N6	0.0234819	0.0241758	2.92192e-34	0.00076019	0
BGA709	0.230208	0.284371	0	0.000767202	0
BGA309	0.230208	0.284371	0	0.000767202	0
N7	0.0326477	0.0741477	2.19516e-39	0.005713	0
N8	0.0672756	0.0695135	3.95268e-35	0.000126569	0
B11696	0.0618935	0.0738737	0	8.76795e-06	0
B11609	0.0618935	0.0738737	0	8.76795e-06	0
N9	0.00666601	0.0139327	2.01595e-42	0.000132083	0
N10	0.00159826	0.0020095	1.59798e-44	2.33558e-06	0
N11	0.018744	0.0162612	5.30331e-40	7.03192e-07	0
B983	0.0916246	0.100648	0	2.29199e-07	0
B11604	0.0916246	0.100648	0	2.29199e-07	0
N12	0.050105	0.0507013	5.15668e-42	8.55131e-07	0
BGAA1	0.0370124	0.0429566	0	4.37873e-08	0
BGA584	0.0370124	0.0429566	0	4.37873e-08	0
N13	0.0462017	0.0454155	1.90232e-43	3.02572e-06	0
BGA303	0.0516404	0.059378	0	2.12909e-07	0
BGAB1	0.0516404	0.059378	0	2.12909e-07	0
PGA445	0.502027	0.70514	0	0.403481	0
N14	0.0131513	0.254379	1.19088e-34	1.45474e-07	0
N15	0.00663108	0.349246	2.10332e-33	5.95473e-09	0
Rhaspe	0.248705	1.91492	0	0.00190979	0
N16	0.00515633	0.0619298	1.59047e-28	3.4222e-07	0
Rhamar	0.240287	1.84946	0	0.00180723	0
Rhatem	0.346505	0.960753	0	0.00271686	0
N17	0.00934127	0.00846943	2.31875e-38	9.38752e-08	0
N18	0.0275059	0.0288097	1.12436e-43	0.000356487	0
N19	0.0216065	0.0290486	1.35039e-35	4.09624e-06	0
FGA379	0.189224	1.16324	0	0.999265	0
N20	0.0513767	0.0268842	1.24332e-32	4.06669e-06	0
N21	0.0431105	0.030442	6.19447e-33	5.41167e-06	0
N22	0.0020739	0.0380449	8.68372e-34	9.22521e-07	0
F3015	0.0604596	1.05775	0	1.1915e-07	0
N23	0.00355365	0.00741016	8.05302e-38	1.24689e-07	0
N24	0.0142113	0.00307073	6.06595e-37	7.51139e-08	0
N25	0.00347693	0.0277102	3.25442e-41	8.14666e-08	0
N26	0.00115732	0.0138602	1.34907e-45	5.90901e-10	0
F1476	0.0309894	0.998623	0	2.73728e-08	0
N27	0.0083169	0.00808087	2.51213e-37	6.76949e-09	0
Furcep	1.95117	0.0857306	0	0.0327424	0
N28	0.00114407	0.03945	5.03186e-36	2.10658e-08	0
Furpol	0.123551	0.0537474	0	0.000155398	0
N29	0.00237927	0.757574	2.46098e-37	8.29823e-09	0
N30	0.00545483	0.150999	5.57866e-38	9.99855e-09	0
F2241	0.00896879	0.0378042	0	1.23251e-09	0
Furang	0.00896879	0.0378042	0	1.23251e-09	0
FGA490	0.0226911	0.197071	0	1.84953e-09	0
N31	0.00592963	0.0172953	8.74858e-46	9.78456e-10	0
N32	0.00938383	0.00526642	8.83725e-42	4.44878e-09	0
N33	0.0307584	0.000920583	4.21157e-42	1.48483e-07	0
N34	0.00170212	0.00315489	3.33079e-40	2.47338e-08	0
N35	0.00438967	0.00528052	4.04566e-39	3.96104e-09	0
FGA456	0.00953746	0.0101258	0	3.19352e-09	0
FGA513	0.00953746	0.0101258	0	3.19352e-09	0
F12278	0.0210108	0.02249	0	6.24543e-09	0
N36	0.160685	0.00475621	2.81444e-40	6.37425e-06	0
Furant	0.0116354	0.170546	0	5.10778e-06	0
FGA331	1.83968	0.00225355	0	0.000736937	0
FGA465	0.0167125	0.989806	0	6.78549e-09	0
N37	0.00550328	0.191339	5.65067e-42	3.72773e-09	0
FGA99	0.0152924	0.798433	0	2.81391e-09	0
N38	0.0141805	0.024192	1.42503e-37	1.15943e-08	0
FGA15	0.006947	0.780076	0	1.41842e-08	0
FGA581	0.240202	0.0133546	0	5.85095e-06	0
FGA104	1.03784	0.052271	0	0.00234019	0
FGA489	0.0572313	1.05066	0	5.09082e-08	0
FGA174	1.93397	0.181054	0	0.0427662	0
FurbGB	0.206496	0.22836	0	0.000323644	0
N39	0.000886145	0.00360691	5.33361e-37	0.719707	0
N40	0.0119188	0.0265824	9.57605e-37	0.221214	0
N41	0.0449207	0.338121	1.49413e-36	0.0557069	0
CGA312	0.419062	0.111979	0	0.000827435	0
N42	0.00202043	0.200935	6.40688e-40	0.000766549	0
N43	0.000556257	0.60275	3.83054e-48	1.6467e-05	0
N44	0.00811854	0.00515532	7.71862e-51	1.01252e-06	0
N45	0.143399	0.0374816	7.81557e-51	4.04253e-07	0
CGA642	0.0346086	0.0345217	0	1.26468e-08	0
N46	0.0120719	0.0062992	8.84062e-48	6.99783e-09	0
CGA763	0.00622232	1.01191	0	5.48539e-09	0
C601	1.00427	0.00996007	0	7.70266e-09	0
N47	0.00234923	0.0178729	1.38129e-44	6.09778e-08	0
CGA236	0.19563	0.0741034	0	5.82923e-07	0
N48	0.0035188	0.163482	8.41882e-39	1.47116e-08	0
N49	0.0524423	0.123974	5.99351e-36	1.9129e-08	0
Calboe	0.00411423	2.54826	0	1.33625e-08	0
C3125	1.28055	0.0544533	0	0.0212301	0
CGA429	0.0303153	1.74858	0	9.19497e-08	0
N50	0.183397	1.44005	1.21463e-46	8.08442e-07	0
C984	0.0264902	1.65028	0	7.76423e-08	0
N51	0.00428539	0.191155	1.00175e-37	5.67564e-08	0
CGA310	0.0581984	0.495088	0	3.71667e-08	0
N52	0.0117486	0.448077	8.61289e-38	2.98111e-08	0
CGA365	0.0803347	0.0808941	0	7.2302e-09	0
CGA494	0.00851971	1.00908	0	3.00483e-09	0
N53	0.238595	0.0284513	2.93796e-47	3.98148e-05	0
N54	0.00285059	0.0597458	2.36995e-41	3.54704e-07	0
C12265	0.383992	0.0312042	0	7.35116e-07	0
N55	0.00144939	1.6167	4.75137e-46	3.05623e-07	0
C404	0.00225369	1.02344	0	1.51987e-09	0
N56	0.00330797	0.0147612	9.60887e-53	1.39508e-09	0
Cl11778	0.00810584	0.0178352	0	1.14405e-10	0
CGA48	0.00810584	0.0178352	0	1.14405e-10	0
C3126	1.3158	0.019985	0	1.24684e-05	0
N57	0.163003	0.104407	4.48113e-38	0.0562833	0
CGA311	0.0660904	0.111729	0	0.000252002	0
N58	0.00789457	0.00226006	3.35994e-40	0.000207616	0
N59	0.00477829	0.0614674	5.43544e-45	4.23638e-05	0
CGA45	0.0172267	1.01181	0	7.53001e-07	0
N60	0.00739425	0.00285703	6.05116e-45	5.84895e-07	0
C3043	0.0268544	0.0259773	0	1.65599e-07	0
CGA364	0.0268544	0.0259773	0	1.65599e-07	0
C2208	0.981228	0.0325046	0	4.31171e-05	0
N61	0.185183	0.18554	2.12528e-36	0.275017	0
N62	0.0126293	0.0214909	1.84834e-38	0.00271425	0
CGA453	0.0195687	0.0130285	0	4.14429e-05	0
N63	0.00241959	0.0319694	1.14183e-43	4.04253e-05	0
CGA501	0.0413109	0.00522097	0	1.01732e-06	0
C3121	0.00238319	0.966293	0	1.01732e-06	0
N64	0.0365753	0.0387526	1.1901e-42	0.00275189	0
Calparcri	0.000773511	0.000917448	0	3.80921e-06	0
C3118	0.000773511	0.000917448	0	3.80921e-06	0
N65	0.00142485	0.00176157	1.99393e-41	3.35779e-08	0
N66	0.0293991	0.0239339	3.20298e-40	0.00118921	0
N67	0.0361884	0.0382492	1.35715e-35	5.96241e-05	0
N68	0.0161656	0.0176874	1.34556e-33	2.58381e-06	0
N69	0.0256226	0.0262739	6.4089e-37	0.966254	0
Triowe	0.0808814	0.0854265	0	0.0324982	0
N70	0.00614421	0.00579284	3.78193e-36	0.023828	0
Trijoh	0.0577108	0.0625286	0	0.00866954	0
Trimel	0.0577108	0.0625286	0	0.00866954	0
N71	0.0623039	0.0657032	7.68579e-32	4.62678e-06	0
N72	0.00566153	0.00707605	6.47256e-33	4.70674e-07	0
Trihoe	0.0207016	0.0229567	0	9.10541e-08	0
Tribit	0.0207016	0.0229567	0	9.10541e-08	0
Trijac	0.0380788	0.0417486	0	5.8623e-07	0
N73	0.0762299	0.0765011	1.49665e-32	0.973386	0
Tricri	0.0747294	0.0811455	0	0.0253669	0
N74	0.0115091	0.0126758	4.34721e-35	0.0220391	0
Triwie	0.0414914	0.0466788	0	0.00332714	0
Triqua	0.0414914	0.0466788	0	0.00332714	0
N75	0.0279791	0.0192041	1.03022e-32	0.669157	0
N76	0.120798	0.123216	7.74408e-30	0.310703	0
Kinboe	0.0790646	0.0963834	0	0.0189409	0
Kinfis	0.0790646	0.0963834	0	0.0189409	0
Kinxen	0.27638	0.295563	0	0.329647	0
N77	0.00307123	0.00616036	5.58599e-37	1.03201e-06	0
N78	0.0938345	0.07128	4.87147e-30	1.85554e-05	0
N79	0.0963679	0.112469	2.50977e-27	0.000244928	0
N80	0.0179901	0.0237998	6.17575e-35	1.7271e-06	0
N81	0.00427504	0.00433109	2.40768e-35	2.82131e-08	0
Chaafr	0.0228758	0.024193	0	2.39876e-08	0
Chacha	0.0228758	0.024193	0	2.39876e-08	0
N82	0.00651756	0.00672429	1.10807e-35	3.21263e-08	0
Chacaly	0.0177012	0.0188678	0	2.36756e-08	0
Chazey	0.0177012	0.0188678	0	2.36756e-08	0
N83	0.00795443	0.00783261	4.05844e-30	1.16504e-06	0
Chadil	0.0709918	0.0790081	0	0.000178482	0
Chasen	0.0709918	0.0790081	0	0.000178482	0
Chanam	0.2941	0.320361	0	0.000908865	0
N84	0.217549	1.17373	5.51307e-35	0.999192	0
N85	0.00215336	0.0128769	1.25666e-43	0.000476766	0
N86	0.00020495	0.000577309	2.38597e-53	1.56496e-06	0
Braset	0.0189099	0.019274	0	1.00424e-07	0
N87	0.00110739	0.00127351	2.74866e-48	9.77051e-08	0
N88	0.00664219	0.00679895	1.29947e-53	2.68489e-09	0
Bramel	0.000888175	0.000929419	0	2.69293e-12	0
Bratha	0.000888175	0.000929419	0	2.69293e-12	0
N89	0.00381139	0.00387245	3.76013e-50	2.66901e-09	0
Bradra	0.0029742	0.00311115	0	1.85512e-11	0
Bratra	0.0029742	0.00311115	0	1.85512e-11	0
N90	0.00786297	0.00835453	2.23487e-52	1.6594e-06	0
Bragut	0.00330837	0.00355327	0	8.01271e-09	0
Braven	0.00330837	0.00355327	0	8.01271e-09	0
N91	0.0083731	0.0173549	6.07559e-40	0.000469547	0
Brapum	0.00957077	0.0120413	0	8.89368e-06	0
Bradam	0.00957077	0.0120413	0	8.89368e-06	0
#+++++++++++++++++++++++++++++

#Expected number of events from root to leaf
LEAF	GAIN	LOSS	DUPLICATION	DEMI-DUPLICATION	BASE-NUMBER
Leiolep	2.12707	1.31179	0	0.129423	0
B3088	0.465443	4.8382	1.60396e-19	0.998244	0
BGA709	0.443478	4.8162	1.60396e-19	0.998239	0
BGA309	0.443478	4.8162	1.60396e-19	0.998239	0
B11696	0.334089	4.7068	1.60396e-19	0.99824	0
B11609	0.334089	4.7068	1.60396e-19	0.99824	0
B983	0.323553	4.69626	1.60396e-19	0.99824	0
B11604	0.323553	4.69626	1.60396e-19	0.99824	0
BGAA1	0.300302	4.67301	1.60396e-19	0.99824	0
BGA584	0.300302	4.67301	1.60396e-19	0.99824	0
BGA303	0.309429	4.68214	1.60396e-19	0.99824	0
BGAB1	0.309429	4.68214	1.60396e-19	0.99824	0
PGA445	0.590237	4.97539	1.60396e-19	0.998488	0
Rhaspe	0.334093	6.70018	1.60396e-19	0.00190999	0
Rhamar	0.330831	6.69665	1.60396e-19	0.00180778	0
Rhatem	0.437049	5.80794	1.60396e-19	0.0027174	0
FGA379	0.326434	5.66558	1.60396e-19	0.999626	0
F3015	0.294231	5.65546	1.60396e-19	0.000371394	0
F1476	0.28716	5.64838	1.60396e-19	0.000371584	0
Furcep	2.21566	4.74357	1.60396e-19	0.033114	0
Furpol	0.389183	4.75104	1.60396e-19	0.000526982	0
F2241	0.282435	5.64367	1.60396e-19	0.000371604	0
Furang	0.282435	5.64367	1.60396e-19	0.000371604	0
FGA490	0.290702	5.65194	1.60396e-19	0.000371594	0
FGA456	0.316714	4.67794	1.60396e-19	0.000371741	0
FGA513	0.316714	4.67794	1.60396e-19	0.000371741	0
F12278	0.323798	4.68503	1.60396e-19	0.000371741	0
Furant	0.473405	4.83468	1.60396e-19	0.000383192	0
FGA331	2.30145	4.66639	1.60396e-19	0.00111502	0
FGA465	0.287039	5.64827	1.60396e-19	0.000371568	0
FGA99	0.281739	5.64297	1.60396e-19	0.000371563	0
FGA15	0.287574	5.6488	1.60396e-19	0.000371586	0
FGA581	0.520829	4.88208	1.60396e-19	0.000377423	0
FGA104	1.28938	4.66046	1.60396e-19	0.00271167	0
FGA489	0.294556	5.65578	1.60396e-19	0.00037145	0
FGA174	2.16567	4.74072	1.60396e-19	0.0431365	0
FurbGB	0.395083	4.75758	1.60396e-19	0.000688584	0
CGA312	0.592392	4.95358	1.60396e-19	0.997812	0
CGA642	0.362032	5.72244	1.60396e-19	0.997769	0
CGA763	0.345718	6.70613	1.60396e-19	0.997769	0
C601	1.34377	5.70418	1.60396e-19	0.997769	0
CGA236	0.382004	5.74241	1.60396e-19	0.997769	0
Calboe	0.246449	8.50403	1.60396e-19	0.997769	0
C3125	1.52288	6.01022	1.60396e-19	1.019	0
CGA429	0.220208	7.58037	1.60396e-19	0.997769	0
C984	0.385793	8.73562	1.60396e-19	0.997768	0
CGA310	0.421787	7.77158	1.60396e-19	0.997769	0
CGA365	0.455671	7.80546	1.60396e-19	0.997769	0
CGA494	0.383856	8.73365	1.60396e-19	0.997769	0
C12265	0.800787	5.16193	1.60396e-19	0.997792	0
C404	0.420498	7.77087	1.60396e-19	0.997792	0
Cl11778	0.429658	6.78002	1.60396e-19	0.997792	0
CGA48	0.429658	6.78002	1.60396e-19	0.997792	0
C3126	1.72975	5.09097	1.60396e-19	0.997803	0
CGA311	0.357502	4.71961	1.60396e-19	0.997813	0
CGA45	0.321311	5.68343	1.60396e-19	0.997812	0
C3043	0.338333	4.70045	1.60396e-19	0.997812	0
CGA364	0.338333	4.70045	1.60396e-19	0.997812	0
C2208	1.28053	4.64265	1.60396e-19	0.997812	0
CGA453	0.333871	4.69696	1.60396e-19	0.997836	0
CGA501	0.358033	4.72112	1.60396e-19	0.997836	0
C3121	0.319105	5.68219	1.60396e-19	0.997836	0
Calparcri	0.339022	4.70211	1.60396e-19	0.997836	0
C3118	0.339022	4.70211	1.60396e-19	0.997836	0
Triowe	0.27778	4.63781	1.60396e-19	1	0
Trijoh	0.260753	4.62071	1.60396e-19	1	0
Trimel	0.260753	4.62071	1.60396e-19	1	0
Trihoe	0.259943	4.62185	1.60396e-19	0.00125693	0
Tribit	0.259943	4.62185	1.60396e-19	0.00125693	0
Trijac	0.271659	4.63356	1.60396e-19	0.00125696	0
Tricri	0.30607	4.66607	1.60396e-19	1	0
Triwie	0.284341	4.64428	1.60396e-19	1	0
Triqua	0.284341	4.64428	1.60396e-19	1	0
Kinboe	0.346764	4.70898	1.60396e-19	0.999991	0
Kinfis	0.346764	4.70898	1.60396e-19	0.999991	0
Kinxen	0.423281	4.78494	1.60396e-19	0.999994	0
Chaafr	0.327937	4.68847	1.60396e-19	0.000266618	0
Chacha	0.327937	4.68847	1.60396e-19	0.000266618	0
Chacaly	0.325005	4.68554	1.60396e-19	0.000266622	0
Chazey	0.325005	4.68554	1.60396e-19	0.000266622	0
Chadil	0.361743	4.72299	1.60396e-19	0.000444486	0
Chasen	0.361743	4.72299	1.60396e-19	0.000444486	0
Chanam	0.480529	4.84404	1.60396e-19	0.000928776	0
Braset	0.331412	5.65886	1.60396e-19	0.999672	0
Bramel	0.32114	5.64859	1.60396e-19	0.999672	0
Bratha	0.32114	5.64859	1.60396e-19	0.999672	0
Bradra	0.320395	5.64785	1.60396e-19	0.999672	0
Bratra	0.320395	5.64785	1.60396e-19	0.999672	0
Bragut	0.323468	5.65092	1.60396e-19	0.999672	0
Braven	0.323468	5.65092	1.60396e-19	0.999672	0
Brapum	0.328087	5.65553	1.60396e-19	0.999672	0
Bradam	0.328087	5.65553	1.60396e-19	0.999672	0
