NODE	1	2	3	4	5	6	7	8	9	10	11	12	13	14	15	16	17	18	19	20	21	22	23	24	25	26	27	28	29	
N1	5.44955e-30	2.399e-28	1.3305e-26	6.56723e-25	2.82421e-23	1.04771e-21	3.31717e-20	8.8549e-19	1.96514e-17	3.5672e-16	5.19663e-15	5.94098e-14	5.1911e-13	3.36064e-12	1.55523e-11	0.164855	0.348983	0.486161	1.34646e-10	8.55637e-11	3.86728e-11	1.2849e-11	3.23229e-12	6.31746e-13	9.81084e-14	1.2345e-14	1.28184e-15	1.13274e-16	1.0821e-17	
Leiolep	0	0	0	0	0	0	0	0	0	0	0	0	0	0	0	0	0	1	0	0	0	0	0	0	0	0	0	0	0	
N2	2.668e-48	4.41214e-44	6.83895e-40	8.26991e-36	7.65865e-32	5.31985e-28	2.70128e-24	9.70395e-21	2.36809e-17	3.73751e-14	3.56377e-11	1.88491e-08	4.95903e-06	0.000559741	0.0220893	0.229941	0.487288	0.233413	0.0258788	0.000815533	9.42079e-06	4.84236e-08	1.27362e-10	1.89892e-13	1.73369e-16	1.02891e-19	4.16204e-23	1.19437e-26	2.88963e-30	
N3	3.88024e-46	2.62288e-42	1.88576e-38	1.12561e-34	5.43017e-31	2.06016e-27	5.96939e-24	1.27983e-20	1.9598e-17	2.05672e-14	1.40564e-11	5.8601e-09	1.36589e-06	0.000157543	0.00751754	0.113931	0.418334	0.376346	0.0787283	0.004867	0.000116446	1.30076e-06	7.7319e-09	2.68913e-11	5.88077e-14	8.74268e-17	1.31164e-19	3.41637e-21	4.20692e-22	
N4	3.72295e-57	9.83991e-53	2.27392e-48	4.05286e-44	5.68071e-40	6.45188e-36	6.07787e-32	4.7636e-28	3.0735e-24	1.74282e-20	7.15491e-17	1.7869e-13	2.49832e-10	1.7515e-07	5.27925e-05	0.00548477	0.143474	0.626247	0.213334	0.0112502	0.00015623	7.90284e-07	1.79191e-09	2.09713e-12	1.40149e-15	5.76753e-19	1.54976e-22	2.87533e-26	5.82948e-30	
N5	5.35181e-59	2.60795e-54	1.16391e-49	4.09989e-45	1.1233e-40	2.3571e-36	3.71952e-32	4.31084e-28	3.56623e-24	2.03742e-20	7.60136e-17	1.73782e-13	2.25459e-10	1.4979e-07	4.41798e-05	0.00469948	0.131551	0.605814	0.241619	0.0159836	0.000286053	1.87748e-06	5.51286e-09	8.30887e-12	7.10157e-15	3.71324e-18	1.35678e-21	7.70651e-25	2.60783e-26	
B3088	0	0	0	0	0	0	0	0	0	0	0	0	0	0	0	0	0	1	0	0	0	0	0	0	0	0	0	0	0	
N6	4.34288e-52	5.34596e-48	6.60971e-44	6.66985e-40	5.40261e-36	3.45305e-32	1.70812e-28	6.3949e-25	1.76469e-21	3.47682e-18	4.70263e-15	4.15638e-12	2.25229e-09	6.87252e-07	0.000104897	0.00673079	0.138179	0.574376	0.257206	0.022762	0.00063355	7.31877e-06	4.18664e-08	1.33756e-10	2.60227e-13	3.29057e-16	2.93634e-19	3.02963e-22	1.56238e-23	
BGA709	0	0	0	0	0	0	0	0	0	0	0	0	0	0	0	0	0	1	0	0	0	0	0	0	0	0	0	0	0	
BGA309	0	0	0	0	0	0	0	0	0	0	0	0	0	0	0	0	0	1	0	0	0	0	0	0	0	0	0	0	0	
N7	1.24444e-60	6.10517e-56	2.66845e-51	9.08241e-47	2.32389e-42	4.2769e-38	5.35082e-34	4.2001e-30	1.65175e-26	1.45981e-23	1.13855e-19	5.86861e-16	1.79807e-12	2.97813e-09	2.33157e-06	0.000704577	0.0588315	0.721889	0.211844	0.00667657	5.13311e-05	1.42265e-07	1.78341e-10	1.1714e-13	4.46616e-17	1.06543e-20	1.68504e-24	1.87415e-28	3.42327e-32	
N8	7.95729e-55	5.79633e-51	4.49997e-47	3.33357e-43	2.51172e-39	1.92329e-35	1.38822e-31	8.54841e-28	4.13506e-24	1.48219e-20	3.74495e-17	6.33441e-14	6.75462e-11	4.1892e-08	1.34836e-05	0.00189469	0.0868229	0.719657	0.18366	0.00784782	0.000103813	5.79367e-07	1.63885e-09	2.65041e-12	2.66748e-15	1.77896e-18	8.25289e-22	2.78296e-25	1.00415e-28	
B11696	0	0	0	0	0	0	0	0	0	0	0	0	0	0	0	0	0	1	0	0	0	0	0	0	0	0	0	0	0	
B11609	0	0	0	0	0	0	0	0	0	0	0	0	0	0	0	0	0	1	0	0	0	0	0	0	0	0	0	0	0	
N9	4.24871e-72	2.21607e-66	9.0194e-61	2.69461e-55	5.84445e-50	8.90752e-45	9.03524e-40	5.55516e-35	1.33753e-30	3.99491e-28	1.37858e-23	3.77348e-19	5.77038e-15	4.41382e-11	1.43921e-07	0.0001558	0.0363544	0.763743	0.196207	0.00352836	1.14678e-05	1.09875e-08	4.12572e-12	7.28595e-16	6.85493e-20	3.75746e-24	1.32532e-28	5.16571e-33	9.60309e-36	
N10	6.33781e-58	7.30723e-55	8.16332e-52	8.12045e-49	6.31299e-46	1.63138e-43	1.53618e-41	3.96803e-37	2.73481e-32	1.38086e-27	4.65472e-23	9.60022e-19	1.12756e-14	6.81588e-11	1.82489e-07	0.000170692	0.0367979	0.765117	0.194336	0.00356479	1.24685e-05	1.35122e-08	5.98029e-12	1.28698e-15	1.51561e-19	1.08865e-23	9.0184e-27	9.64212e-30	2.29973e-31	
N11	5.27836e-59	1.03221e-54	2.2887e-50	4.78137e-46	8.978e-42	1.43507e-37	1.85935e-33	1.87467e-29	1.41946e-25	7.79615e-22	2.98632e-18	7.60597e-15	1.21172e-11	1.11179e-08	5.22438e-06	0.00105136	0.0669157	0.728071	0.19688	0.00700511	7.06582e-05	2.87747e-07	5.78488e-10	6.53218e-13	4.53076e-16	2.06219e-19	6.99677e-23	4.14756e-26	8.73752e-28	
B983	0	0	0	0	0	0	0	0	0	0	0	0	0	0	0	0	0	1	0	0	0	0	0	0	0	0	0	0	0	
B11604	0	0	0	0	0	0	0	0	0	0	0	0	0	0	0	0	0	1	0	0	0	0	0	0	0	0	0	0	0	
N12	9.58528e-58	1.13176e-53	1.20105e-49	9.92267e-46	6.73683e-42	4.28382e-38	3.02204e-34	2.45202e-30	1.95208e-26	1.27844e-22	6.09678e-19	1.94578e-15	3.9105e-12	4.56123e-09	2.74867e-06	0.00071568	0.0591227	0.801376	0.135399	0.00335863	2.47003e-05	7.52203e-08	1.15015e-10	1.00011e-13	5.39392e-17	1.92314e-20	4.76261e-24	8.62372e-28	2.24434e-31	
BGAA1	0	0	0	0	0	0	0	0	0	0	0	0	0	0	0	0	0	1	0	0	0	0	0	0	0	0	0	0	0	
BGA584	0	0	0	0	0	0	0	0	0	0	0	0	0	0	0	0	0	1	0	0	0	0	0	0	0	0	0	0	0	
N13	5.19318e-57	5.11392e-53	4.94353e-49	4.22195e-45	3.51487e-41	3.0913e-37	2.8168e-33	2.378e-29	1.64769e-25	8.61405e-22	3.19128e-18	7.91302e-15	1.23606e-11	1.12117e-08	5.25943e-06	0.00106867	0.0694051	0.76251	0.161822	0.00513973	4.85749e-05	1.90296e-07	3.7445e-10	4.19105e-13	2.91015e-16	1.33636e-19	4.26697e-23	1.00593e-26	4.67794e-30	
BGA303	0	0	0	0	0	0	0	0	0	0	0	0	0	0	0	0	0	1	0	0	0	0	0	0	0	0	0	0	0	
BGAB1	0	0	0	0	0	0	0	0	0	0	0	0	0	0	0	0	0	1	0	0	0	0	0	0	0	0	0	0	0	
PGA445	0	0	0	0	0	0	0	0	0	0	0	0	0	0	0	0	0	1	0	0	0	0	0	0	0	0	0	0	0	
N14	1.08928e-51	1.93574e-46	2.3867e-41	1.84599e-36	8.59973e-32	2.2658e-27	3.07118e-23	1.68012e-19	1.59178e-16	6.09087e-13	9.24377e-10	4.85023e-07	8.89385e-05	0.00563621	0.111488	0.523714	0.340636	0.0183183	0.000117816	1.72505e-07	8.47424e-11	1.78278e-14	1.87667e-18	1.09612e-22	3.81594e-27	8.32961e-32	1.18191e-36	1.54264e-41	7.68209e-44	
N15	3.96832e-33	2.6433e-29	1.75802e-25	7.94529e-22	2.30337e-18	4.0503e-15	4.03147e-12	2.08343e-09	5.02828e-07	5.02914e-05	0.00188789	0.0264424	0.146544	0.33973	0.334841	0.132851	0.0172708	0.00038016	1.90343e-06	3.82756e-09	3.91896e-12	2.32798e-15	8.72409e-19	2.18789e-22	3.85077e-26	5.56252e-30	6.20251e-33	2.29953e-34	2.04045e-34	
Rhaspe	0	0	0	0	0	0	0	0	0	1	0	0	0	0	0	0	0	0	0	0	0	0	0	0	0	0	0	0	0	
N16	1.25206e-24	3.0637e-23	1.08108e-21	4.94458e-19	5.15509e-16	3.49947e-13	1.43327e-10	3.30151e-08	3.92004e-06	0.000216883	0.00509701	0.0493023	0.201885	0.360971	0.281903	0.0905192	0.00988157	0.000218788	1.48332e-06	4.66126e-09	8.2098e-12	9.02993e-15	6.64981e-18	3.45536e-21	1.4899e-24	4.97942e-27	4.2818e-29	9.37238e-31	1.95181e-31	
Rhamar	0	0	0	0	0	0	0	0	0	1	0	0	0	0	0	0	0	0	0	0	0	0	0	0	0	0	0	0	0	
Rhatem	0	0	0	0	0	0	0	0	0	0	1	0	0	0	0	0	0	0	0	0	0	0	0	0	0	0	0	0	0	
N17	3.73613e-62	2.10253e-57	6.76342e-52	4.17087e-46	1.38617e-40	2.47647e-35	2.37392e-30	9.83873e-26	4.15001e-21	1.2214e-16	1.45597e-12	5.78745e-09	6.2786e-06	0.0015508	0.0728418	0.515344	0.389004	0.021155	9.84116e-05	7.90559e-08	1.78848e-11	1.53646e-15	6.03736e-20	1.25843e-24	2.04936e-29	1.87833e-32	1.78891e-36	4.33728e-37	4.13434e-38	
N18	4.89217e-56	7.68169e-51	9.4371e-46	8.16381e-41	4.78575e-36	1.80698e-31	4.09659e-27	4.87636e-23	1.72069e-19	6.2434e-16	3.18213e-12	6.86493e-09	4.71158e-06	0.000889389	0.0420201	0.393559	0.495386	0.0670457	0.00109113	3.82758e-06	4.37427e-09	2.09982e-12	4.99444e-16	6.59949e-20	5.26864e-24	2.75981e-28	1.34799e-32	9.1959e-36	2.00268e-38	
N19	4.9262e-44	8.91676e-40	1.4912e-35	1.91507e-31	1.84299e-27	1.29134e-23	6.35472e-20	2.0968e-16	4.35945e-13	5.22874e-10	3.15422e-07	7.45813e-05	0.00370301	0.0541327	0.272458	0.454827	0.200001	0.0145817	0.000220233	1.16944e-06	2.84708e-09	3.719e-12	2.89205e-15	1.44151e-18	4.86758e-22	1.1723e-25	2.85852e-29	3.11624e-32	8.05951e-34	
FGA379	0	0	0	0	0	0	0	0	0	0	0	0	0	0	0	0	1	0	0	0	0	0	0	0	0	0	0	0	0	
N20	5.95665e-39	8.78995e-35	1.18336e-30	1.18953e-26	8.65614e-23	4.39517e-19	1.48582e-15	3.14431e-12	3.82745e-09	2.36921e-06	0.000612645	0.0457139	0.298094	0.429474	0.193583	0.030838	0.00165853	2.36437e-05	1.0503e-07	2.03143e-10	2.06747e-13	1.24467e-16	4.79815e-20	1.25433e-23	2.32257e-27	3.15372e-31	3.28968e-35	3.74709e-39	1.14685e-41	
N21	1.32225e-44	1.20405e-39	8.70961e-35	4.37493e-30	1.49046e-25	3.3316e-21	4.66636e-17	3.83425e-13	1.67426e-09	3.31598e-06	0.00222887	0.234384	0.542457	0.206795	0.013893	0.000237152	1.17574e-06	1.77654e-09	1.03583e-12	2.83146e-16	4.1215e-20	3.47509e-24	3.70021e-28	4.08753e-29	1.0486e-30	3.96287e-33	1.82473e-35	2.13203e-36	5.65751e-37	
N22	1.59301e-43	3.76446e-40	6.64914e-37	4.28792e-32	4.78137e-27	3.25173e-22	1.26487e-17	2.57477e-13	2.38527e-09	8.02206e-06	0.00645848	0.47337	0.468473	0.0508727	0.000815192	2.76088e-06	2.42043e-09	6.48732e-13	6.93185e-17	3.56283e-21	9.95526e-26	1.6416e-30	4.64263e-35	1.82975e-36	3.32687e-38	4.28073e-39	5.85695e-41	6.64198e-41	1.00718e-41	
F3015	0	0	0	0	0	0	0	0	0	0	1	0	0	0	0	0	0	0	0	0	0	0	0	0	0	0	0	0	0	
N23	2.30388e-44	1.96434e-41	1.2334e-37	2.55687e-32	3.44516e-27	2.77164e-22	1.25089e-17	2.89076e-13	2.95224e-09	1.04741e-05	0.00828444	0.569031	0.400969	0.0215658	0.0001385	1.68141e-07	5.46173e-11	6.4004e-15	3.40208e-19	9.48822e-24	1.52765e-28	1.56092e-33	4.98318e-38	1.70276e-39	2.47612e-40	7.16233e-40	2.48e-42	4.22657e-42	1.2118e-43	
N24	2.6453e-46	7.58589e-43	1.68171e-37	2.71587e-32	2.85841e-27	1.88562e-22	7.36961e-18	1.57064e-13	1.60442e-09	6.33734e-06	0.00645696	0.635569	0.347912	0.0100245	3.09386e-05	2.09423e-08	4.87767e-12	5.05158e-16	2.72016e-20	8.42692e-25	1.70221e-29	5.9965e-34	1.60683e-37	1.53699e-39	9.36273e-44	1.06525e-45	2.16945e-50	1.00831e-52	5.55698e-57	
N25	2.21199e-57	1.27338e-50	4.42715e-44	8.62827e-38	9.30082e-32	5.49178e-26	1.70612e-20	2.5733e-15	1.64216e-10	3.37539e-06	0.0123422	0.859319	0.127901	0.00043398	1.2081e-07	7.59059e-12	1.6745e-16	1.61298e-21	7.65401e-27	1.9274e-32	3.59577e-38	2.59758e-42	7.68108e-45	8.8344e-46	1.93262e-48	2.98037e-49	1.60158e-52	9.34681e-54	9.52934e-57	
N26	3.16768e-46	1.45945e-42	5.55602e-39	4.12101e-35	1.71944e-29	5.26413e-24	7.791e-19	5.29079e-14	1.46372e-09	1.31059e-05	0.0212385	0.860448	0.11789	0.000410492	1.45458e-07	1.36432e-11	4.99484e-16	8.49658e-21	7.62473e-26	4.01237e-30	3.88911e-34	5.50186e-37	9.1781e-41	3.53257e-40	2.73786e-42	5.73726e-42	3.97207e-45	8.04905e-46	1.06901e-48	
F1476	0	0	0	0	0	0	0	0	0	0	1	0	0	0	0	0	0	0	0	0	0	0	0	0	0	0	0	0	0	
N27	4.66472e-50	2.31039e-45	1.42885e-39	5.68309e-34	1.42531e-28	2.17927e-23	1.92616e-18	9.04849e-14	1.97166e-09	1.56401e-05	0.0269499	0.843899	0.12807	0.00106529	8.01434e-07	1.5667e-10	1.17755e-14	4.17557e-19	8.03914e-24	3.65944e-28	3.99438e-32	3.7587e-34	6.61222e-37	3.61305e-35	1.18603e-37	6.80776e-38	8.0363e-41	7.75411e-42	1.41503e-44	
Furcep	0	0	0	0	0	0	0	0	0	0	0	0	0	1	0	0	0	0	0	0	0	0	0	0	0	0	0	0	0	
N28	2.23176e-42	2.34016e-40	3.57873e-35	4.55786e-30	3.71739e-25	1.86479e-20	5.41975e-16	8.34669e-12	5.92751e-08	0.00015291	0.086996	0.831648	0.0807767	0.000426412	3.56859e-07	9.83791e-11	1.20708e-14	7.77662e-19	2.91717e-23	7.59024e-28	5.82805e-32	3.72366e-35	2.88858e-38	1.00355e-39	5.24642e-44	8.81337e-46	1.62898e-50	5.91242e-53	1.94235e-57	
Furpol	0	0	0	0	0	0	0	0	0	0	0	1	0	0	0	0	0	0	0	0	0	0	0	0	0	0	0	0	0	
N29	7.44364e-41	6.66466e-36	4.71291e-31	2.33767e-26	7.78673e-22	1.64581e-17	2.04425e-13	1.33762e-09	3.89842e-06	0.00378223	0.642388	0.346398	0.00740985	1.76151e-05	1.2302e-08	3.60085e-12	5.35366e-16	4.56535e-20	2.4282e-24	8.5783e-29	2.15275e-33	1.13063e-37	4.60523e-41	2.61172e-43	2.0225e-47	4.64581e-50	1.54788e-54	8.64202e-58	3.55026e-62	
N30	2.43322e-41	2.7932e-36	2.48307e-31	1.5347e-26	6.30544e-22	1.62308e-17	2.41318e-13	1.84228e-09	6.00652e-06	0.00602629	0.879824	0.113487	0.000655872	7.2224e-07	2.71701e-10	4.61748e-14	4.17252e-18	2.22985e-22	7.59408e-27	1.75731e-31	3.41643e-36	3.2112e-39	4.19349e-43	1.56728e-45	5.38513e-50	5.14594e-53	1.00227e-57	3.38004e-61	7.95596e-66	
F2241	0	0	0	0	0	0	0	0	0	0	1	0	0	0	0	0	0	0	0	0	0	0	0	0	0	0	0	0	0	
Furang	0	0	0	0	0	0	0	0	0	0	1	0	0	0	0	0	0	0	0	0	0	0	0	0	0	0	0	0	0	
FGA490	0	0	0	0	0	0	0	0	0	0	1	0	0	0	0	0	0	0	0	0	0	0	0	0	0	0	0	0	0	
N31	1.07815e-49	6.24933e-44	2.65427e-38	7.67246e-33	1.45268e-27	1.7108e-22	1.16681e-17	4.15665e-13	6.59517e-09	3.55556e-05	0.0373135	0.921408	0.0411804	6.27749e-05	1.93508e-08	2.04435e-12	9.64557e-17	2.37994e-21	3.40645e-26	3.10367e-31	2.39982e-36	3.18848e-40	5.40411e-44	1.56853e-46	2.88478e-51	3.31066e-54	2.14278e-59	3.61659e-63	2.6296e-68	
N32	4.67645e-48	1.49509e-42	3.8239e-37	7.02139e-32	8.83112e-27	7.15482e-22	3.44632e-17	8.90648e-13	1.04668e-08	4.29334e-05	0.035634	0.930115	0.0341432	6.4701e-05	2.52247e-08	3.43134e-12	2.12344e-16	6.99354e-21	1.36041e-25	2.08681e-30	8.89358e-35	5.14087e-37	6.25662e-41	4.50848e-43	7.18991e-48	1.01704e-50	8.73654e-56	2.50908e-59	2.48514e-64	
N33	9.14634e-55	1.45231e-48	1.63259e-42	1.22738e-36	5.96994e-31	1.79368e-25	3.1205e-20	2.87291e-15	1.20747e-10	1.82202e-06	0.00611003	0.94155	0.052167	0.00017131	4.91073e-08	3.78167e-12	1.14866e-16	1.68363e-21	1.35145e-26	1.25919e-31	7.27826e-36	3.27056e-38	7.23124e-43	2.79605e-42	4.83654e-44	2.97375e-45	1.42103e-48	2.98863e-50	2.01328e-53	
N34	1.13871e-48	9.3551e-45	3.65566e-39	9.43056e-34	1.5687e-28	1.62448e-23	9.92834e-19	3.30595e-14	5.30371e-10	3.33963e-06	0.00558039	0.957895	0.0364399	8.14585e-05	3.54409e-08	5.23287e-12	3.45334e-16	1.19117e-20	2.37791e-25	4.49817e-30	3.42282e-34	1.216e-36	3.24544e-40	5.81638e-42	1.10033e-46	5.17913e-49	5.11924e-54	4.91332e-57	7.08545e-62	
N35	2.83414e-47	5.40035e-42	8.11234e-37	8.76435e-32	6.56807e-27	3.26025e-22	1.0086e-17	1.78863e-13	1.60976e-09	6.0668e-06	0.00676073	0.973553	0.0196402	3.96106e-05	2.12011e-08	4.47916e-12	4.6279e-16	2.67225e-20	9.44319e-25	2.21395e-29	4.2973e-34	3.26791e-37	1.48855e-40	8.70759e-43	2.92698e-47	3.24877e-50	6.04618e-55	2.08493e-58	4.48211e-63	
FGA456	0	0	0	0	0	0	0	0	0	0	0	1	0	0	0	0	0	0	0	0	0	0	0	0	0	0	0	0	0	
FGA513	0	0	0	0	0	0	0	0	0	0	0	1	0	0	0	0	0	0	0	0	0	0	0	0	0	0	0	0	0	
F12278	0	0	0	0	0	0	0	0	0	0	0	1	0	0	0	0	0	0	0	0	0	0	0	0	0	0	0	0	0	
N36	3.17721e-47	4.24184e-42	4.77772e-37	4.0652e-32	2.50008e-27	1.05705e-22	2.89526e-18	4.7635e-14	4.24065e-10	1.74118e-06	0.00250073	0.674002	0.305377	0.0180863	3.15551e-05	1.57516e-08	3.35255e-12	3.69936e-16	2.38442e-20	1.00378e-24	4.47889e-29	2.02569e-31	1.46899e-34	1.19901e-36	6.28464e-41	4.85398e-44	1.30105e-48	5.7053e-52	1.69959e-56	
Furant	0	0	0	0	0	0	0	0	0	0	0	1	0	0	0	0	0	0	0	0	0	0	0	0	0	0	0	0	0	
FGA331	0	0	0	0	0	0	0	0	0	0	0	0	0	1	0	0	0	0	0	0	0	0	0	0	0	0	0	0	0	
FGA465	0	0	0	0	0	0	0	0	0	0	1	0	0	0	0	0	0	0	0	0	0	0	0	0	0	0	0	0	0	
N37	8.19986e-43	1.08218e-37	1.10881e-32	7.8987e-28	3.75307e-23	1.12619e-18	1.98073e-14	1.83445e-10	7.58613e-07	0.00105334	0.265386	0.723054	0.0104869	1.93919e-05	1.04547e-08	2.33282e-12	2.61526e-16	1.66517e-20	6.54995e-25	1.69983e-29	3.22292e-34	6.36749e-38	2.76778e-41	1.11661e-43	4.56766e-48	4.16133e-51	8.79345e-56	2.35526e-59	5.28307e-64	
FGA99	0	0	0	0	0	0	0	0	0	0	1	0	0	0	0	0	0	0	0	0	0	0	0	0	0	0	0	0	0	
N38	1.74979e-42	2.09191e-37	1.95159e-32	1.27369e-27	5.57912e-23	1.55328e-18	2.55211e-14	2.22548e-10	8.74907e-07	0.00117039	0.29093	0.700794	0.00709296	1.13326e-05	5.70433e-09	1.23745e-12	1.38369e-16	8.95201e-21	3.63305e-25	1.1039e-29	9.3008e-34	1.16975e-35	1.786e-39	1.76359e-41	6.35726e-46	1.01285e-48	2.23353e-53	1.42306e-56	4.10653e-61	
FGA15	0	0	0	0	0	0	0	0	0	0	1	0	0	0	0	0	0	0	0	0	0	0	0	0	0	0	0	0	0	
FGA581	0	0	0	0	0	0	0	0	0	0	0	1	0	0	0	0	0	0	0	0	0	0	0	0	0	0	0	0	0	
FGA104	0	0	0	0	0	0	0	0	0	0	0	0	1	0	0	0	0	0	0	0	0	0	0	0	0	0	0	0	0	
FGA489	0	0	0	0	0	0	0	0	0	0	1	0	0	0	0	0	0	0	0	0	0	0	0	0	0	0	0	0	0	
FGA174	0	0	0	0	0	0	0	0	0	0	0	0	0	1	0	0	0	0	0	0	0	0	0	0	0	0	0	0	0	
FurbGB	0	0	0	0	0	0	0	0	0	0	0	1	0	0	0	0	0	0	0	0	0	0	0	0	0	0	0	0	0	
N39	6.4455e-58	6.08292e-53	4.93903e-48	3.05048e-43	1.42838e-38	5.08015e-34	1.36979e-29	2.72884e-25	3.80689e-21	3.48171e-17	1.8222e-13	4.78221e-10	5.2547e-07	0.000188622	0.0169624	0.276727	0.570067	0.132037	0.00398961	2.74759e-05	6.32281e-08	6.18394e-11	3.02155e-14	1.02862e-17	5.37214e-21	7.01311e-23	1.28545e-25	1.15476e-26	2.1689e-28	
N40	5.28873e-54	1.60155e-49	4.68431e-45	1.12682e-40	2.16543e-36	3.22882e-32	3.624e-28	2.96224e-24	1.69762e-20	6.51398e-17	1.57813e-13	2.23372e-10	1.65856e-07	5.51323e-05	0.00638451	0.16891	0.584776	0.226416	0.0132579	0.000199853	1.1008e-06	2.759e-09	3.63933e-12	2.7997e-15	1.36337e-18	5.76818e-22	8.64787e-25	1.47048e-26	7.71084e-28	
N41	5.6382e-56	2.26589e-51	8.15909e-47	2.22346e-42	4.39152e-38	5.96327e-34	5.18496e-30	2.44392e-26	2.90331e-23	2.48037e-19	1.39306e-15	4.6908e-12	8.59478e-09	7.41015e-06	0.00236366	0.172973	0.661139	0.159024	0.00446221	3.08099e-05	7.74832e-08	8.91678e-11	5.43384e-14	1.93809e-17	4.34857e-21	6.47907e-25	6.69311e-29	5.15101e-33	1.05062e-36	
CGA312	0	0	0	0	0	0	0	0	0	0	0	0	0	0	0	0	0	1	0	0	0	0	0	0	0	0	0	0	0	
N42	3.92784e-70	2.34277e-64	1.02177e-58	3.13417e-53	6.88283e-48	1.07783e-42	1.13079e-37	4.98897e-33	4.47298e-29	4.97812e-24	3.258e-19	1.14706e-14	1.92727e-10	1.26359e-06	0.00218086	0.229541	0.680916	0.086727	0.000633524	7.31619e-07	2.35952e-10	2.88625e-14	1.60837e-18	4.58794e-23	7.22848e-28	6.61568e-33	4.84813e-37	1.40805e-37	1.72624e-37	
N43	1.27289e-70	6.2303e-64	3.11396e-58	1.80994e-53	3.78028e-49	1.09925e-45	7.27502e-42	4.62585e-36	2.03504e-32	3.99965e-27	3.24044e-21	1.13302e-15	1.43017e-10	4.4216e-06	0.00881496	0.404256	0.578748	0.00817373	3.37911e-06	1.82594e-10	2.66076e-15	1.45971e-20	3.56779e-26	4.25804e-32	2.64306e-38	1.91237e-43	2.83475e-42	1.67191e-42	1.83922e-41	
N44	2.3443e-62	2.01726e-58	1.47237e-54	8.59085e-51	3.88932e-47	1.30172e-43	3.09193e-40	7.5644e-36	4.16596e-31	1.89074e-25	4.26375e-20	4.43261e-15	1.92282e-10	2.67269e-06	0.00650556	0.39157	0.593651	0.00826414	5.94468e-06	8.36341e-10	3.82925e-14	7.17673e-19	6.25424e-24	6.42229e-28	1.63535e-31	1.01901e-34	1.01805e-38	3.90734e-40	4.97952e-39	
N45	2.01121e-65	5.40782e-60	1.07054e-54	1.46241e-49	1.40715e-44	9.76388e-40	4.83403e-35	1.46884e-30	1.52049e-27	3.64439e-24	1.36046e-19	2.95255e-15	3.35306e-11	1.70385e-07	0.000296278	0.101234	0.826951	0.0713194	0.000198442	1.29631e-07	3.17728e-11	3.6879e-15	2.32899e-19	8.76506e-24	2.0956e-28	3.37937e-33	4.65707e-38	1.11743e-41	4.18625e-41	
CGA642	0	0	0	0	0	0	0	0	0	0	0	0	0	0	0	0	1	0	0	0	0	0	0	0	0	0	0	0	0	
N46	1.16504e-57	1.67084e-54	2.01809e-51	1.50124e-48	1.19657e-46	1.39136e-44	9.56627e-40	5.98412e-35	2.57312e-30	1.06746e-25	7.13792e-21	2.80196e-16	5.78778e-12	5.36975e-08	0.000170688	0.105582	0.806222	0.0878485	0.000177086	7.86323e-08	1.26443e-11	9.40528e-16	3.74678e-20	9.10215e-25	8.66222e-29	1.03479e-31	3.04513e-35	9.74156e-39	2.69904e-40	
CGA763	0	0	0	0	0	0	0	0	0	0	0	0	0	0	0	1	0	0	0	0	0	0	0	0	0	0	0	0	0	
C601	0	0	0	0	0	0	0	0	0	0	0	0	0	0	0	0	0	1	0	0	0	0	0	0	0	0	0	0	0	
N47	6.99077e-57	2.16339e-53	5.79591e-50	8.20402e-47	1.08736e-44	5.03238e-43	9.70406e-38	1.93199e-32	2.79507e-27	2.4744e-22	1.23308e-17	3.13469e-13	3.48299e-09	1.29545e-05	0.00946571	0.404994	0.576714	0.00880022	1.28424e-05	4.60709e-09	6.0992e-13	3.71914e-17	1.19655e-21	5.16029e-26	5.03789e-29	8.41898e-32	2.20463e-35	1.20178e-38	4.31647e-40	
CGA236	0	0	0	0	0	0	0	0	0	0	0	0	0	0	0	0	1	0	0	0	0	0	0	0	0	0	0	0	0	
N48	6.7257e-62	1.48837e-56	2.81791e-51	4.11734e-46	4.54434e-41	3.69514e-36	2.14906e-31	8.62678e-27	2.28722e-22	3.77854e-18	3.59732e-14	1.7665e-10	3.78259e-07	0.000268073	0.038373	0.477244	0.474853	0.00923489	2.63489e-05	2.24363e-08	7.98456e-12	1.43729e-15	1.47761e-19	9.73762e-24	2.13674e-27	5.59498e-30	3.55304e-33	4.94546e-36	1.96799e-37	
N49	4.5925e-54	2.00561e-49	7.4498e-45	2.07048e-40	4.22218e-36	6.30465e-32	7.24729e-28	7.25053e-24	6.66996e-20	4.93929e-16	2.39401e-12	6.2851e-09	7.50575e-06	0.00288616	0.0796486	0.464218	0.416851	0.0362016	0.000186808	2.86837e-07	1.9218e-10	6.79574e-14	1.42456e-17	1.91709e-21	1.77637e-25	1.69729e-29	5.13075e-33	1.61322e-35	1.47915e-37	
Calboe	0	0	0	0	0	0	0	0	0	0	0	0	0	1	0	0	0	0	0	0	0	0	0	0	0	0	0	0	0	
C3125	0	0	0	0	0	0	0	0	0	0	0	0	0	0	0	0	0	1	0	0	0	0	0	0	0	0	0	0	0	
CGA429	0	0	0	0	0	0	0	0	0	0	0	0	0	0	1	0	0	0	0	0	0	0	0	0	0	0	0	0	0	
N50	3.80343e-52	1.72591e-48	6.43043e-45	1.75651e-41	8.88072e-39	1.90519e-37	9.23353e-34	1.5781e-28	1.91551e-23	1.2659e-18	4.18518e-14	6.03718e-10	2.9983e-06	0.00321823	0.21602	0.598383	0.181432	0.000942871	4.01797e-07	5.30141e-11	3.05162e-15	9.08359e-20	1.54315e-24	1.61344e-29	1.09819e-33	8.51395e-37	4.94194e-38	2.29819e-39	4.29491e-39	
C984	0	0	0	0	0	0	0	0	0	0	0	0	0	1	0	0	0	0	0	0	0	0	0	0	0	0	0	0	0	
N51	1.60159e-47	1.7702e-44	1.77271e-41	1.12112e-38	5.81076e-37	2.64725e-34	1.77794e-29	7.83986e-25	2.15107e-20	3.46041e-16	2.99454e-12	1.22369e-08	1.90829e-05	0.00766792	0.315244	0.567464	0.109103	0.00050069	4.38963e-07	1.41568e-10	2.18603e-14	1.86409e-18	9.59256e-23	4.63563e-27	6.44268e-30	1.9269e-32	1.00045e-35	1.08725e-38	6.8353e-40	
CGA310	0	0	0	0	0	0	0	0	0	0	0	0	0	0	1	0	0	0	0	0	0	0	0	0	0	0	0	0	0	
N52	1.71812e-51	9.37659e-47	4.52119e-42	1.71193e-37	4.96863e-33	1.07534e-28	1.67994e-24	1.82093e-20	1.30295e-16	5.76233e-13	1.43913e-09	1.77723e-06	0.000874049	0.111608	0.703531	0.177903	0.0060542	2.86287e-05	4.52759e-08	3.2733e-11	1.27992e-14	3.01164e-18	4.59281e-22	4.79758e-26	3.60804e-30	2.50816e-34	4.69612e-38	1.21183e-40	8.17124e-43	
CGA365	0	0	0	0	0	0	0	0	0	0	0	0	0	0	1	0	0	0	0	0	0	0	0	0	0	0	0	0	0	
CGA494	0	0	0	0	0	0	0	0	0	0	0	0	0	1	0	0	0	0	0	0	0	0	0	0	0	0	0	0	0	
N53	2.60787e-64	4.25469e-59	5.16515e-54	4.27266e-49	2.41301e-44	9.40383e-40	2.56607e-35	4.38279e-31	4.63583e-28	1.29104e-23	3.27005e-19	4.93387e-15	4.02159e-11	1.52966e-07	0.000210927	0.0625368	0.558952	0.361664	0.016579	5.67635e-05	5.20796e-08	1.90569e-11	3.41256e-15	3.38732e-19	2.02797e-23	8.10113e-28	3.69317e-32	2.82942e-35	5.4231e-35	
N54	2.56232e-56	2.87139e-53	2.9143e-50	2.40514e-47	1.27041e-44	3.2085e-42	1.28385e-38	1.14936e-33	8.85782e-29	4.96541e-24	1.78082e-19	3.69942e-15	4.00783e-11	1.92049e-07	0.000304436	0.0843021	0.581651	0.326682	0.00704658	1.35142e-05	7.08655e-09	1.49838e-12	1.56757e-16	9.20544e-21	3.30545e-25	8.44351e-30	3.13003e-33	1.29923e-36	1.1822e-38	
C12265	0	0	0	0	0	0	0	0	0	0	0	0	0	0	0	0	0	1	0	0	0	0	0	0	0	0	0	0	0	
N55	7.88927e-74	3.60324e-66	6.51282e-59	7.99032e-53	5.27606e-47	1.98969e-41	4.15793e-36	4.54127e-31	2.99943e-29	4.07317e-24	4.77182e-19	2.87433e-14	8.0029e-10	8.49517e-06	0.0217814	0.91584	0.0618556	0.000514021	3.36137e-07	4.9845e-11	2.72002e-15	6.7445e-20	8.50859e-25	5.96719e-30	2.06261e-34	1.35901e-37	1.04409e-40	2.96207e-43	2.2607e-44	
C404	0	0	0	0	0	0	0	0	0	0	0	0	0	0	1	0	0	0	0	0	0	0	0	0	0	0	0	0	0	
N56	5.66838e-59	1.282e-55	2.35874e-52	3.24982e-49	3.28537e-46	2.49625e-43	2.36476e-40	1.59379e-35	4.23298e-30	1.06979e-24	1.48907e-19	1.06651e-14	3.5205e-10	4.33621e-06	0.0121422	0.947639	0.040074	0.000140682	4.76681e-08	4.42504e-12	1.6648e-16	3.09278e-21	3.14706e-26	2.85592e-31	2.84545e-35	1.7038e-38	3.78795e-42	7.20811e-46	9.53685e-48	
Cl11778	0	0	0	0	0	0	0	0	0	0	0	0	0	0	0	1	0	0	0	0	0	0	0	0	0	0	0	0	0	
CGA48	0	0	0	0	0	0	0	0	0	0	0	0	0	0	0	1	0	0	0	0	0	0	0	0	0	0	0	0	0	
C3126	0	0	0	0	0	0	0	0	0	0	0	0	0	0	0	0	0	0	1	0	0	0	0	0	0	0	0	0	0	
N57	3.67396e-60	2.94122e-55	2.02804e-50	1.07657e-45	4.39753e-41	1.32817e-36	2.76599e-32	3.61594e-28	2.25101e-24	2.83717e-23	5.75147e-20	3.99561e-16	1.61779e-12	3.39678e-09	3.17569e-06	0.00104581	0.0824434	0.788847	0.126017	0.00163845	5.3749e-06	6.71565e-09	3.98248e-12	1.28515e-15	2.47434e-19	3.03385e-23	2.48696e-27	1.44121e-31	1.10602e-35	
CGA311	0	0	0	0	0	0	0	0	0	0	0	0	0	0	0	0	0	1	0	0	0	0	0	0	0	0	0	0	0	
N58	1.10943e-59	1.42261e-56	1.65668e-53	1.49103e-50	7.83478e-48	9.21519e-45	4.10271e-40	1.42615e-35	2.71554e-31	4.97971e-27	1.68305e-22	3.46235e-18	3.96833e-14	2.2558e-10	5.36564e-07	0.000409183	0.0634042	0.801051	0.133732	0.00140012	3.07889e-06	2.26445e-09	7.16849e-13	1.14489e-16	1.02894e-20	5.72717e-25	7.7441e-29	2.62975e-32	5.79056e-34	
N59	2.46092e-72	1.26024e-66	5.08897e-61	1.53441e-55	3.40219e-50	5.343e-45	5.61676e-40	3.64176e-35	1.11413e-30	1.55965e-28	6.18651e-24	2.151e-19	4.27524e-15	4.36122e-11	1.94518e-07	0.000290356	0.0855368	0.868803	0.0451999	0.000169303	1.45408e-07	4.4866e-11	6.31726e-15	4.70092e-19	2.03853e-23	5.52163e-28	1.12675e-32	6.74531e-37	1.20743e-39	
CGA45	0	0	0	0	0	0	0	0	0	0	0	0	0	0	0	0	1	0	0	0	0	0	0	0	0	0	0	0	0	
N60	2.5713e-57	1.83879e-54	1.15847e-51	5.61047e-49	1.35466e-46	6.80058e-45	2.17166e-42	9.00029e-38	4.76471e-33	2.56595e-28	1.05903e-23	2.75963e-19	4.25086e-15	3.52502e-11	1.36209e-07	0.000192271	0.0612158	0.895906	0.0425085	0.00017736	1.84221e-07	7.24782e-11	1.35219e-14	1.37223e-18	8.36382e-23	6.14434e-27	2.22208e-29	1.11407e-32	2.54403e-34	
C3043	0	0	0	0	0	0	0	0	0	0	0	0	0	0	0	0	0	1	0	0	0	0	0	0	0	0	0	0	0	
CGA364	0	0	0	0	0	0	0	0	0	0	0	0	0	0	0	0	0	1	0	0	0	0	0	0	0	0	0	0	0	
C2208	0	0	0	0	0	0	0	0	0	0	0	0	0	0	0	0	0	0	1	0	0	0	0	0	0	0	0	0	0	
N61	4.37744e-53	4.36683e-49	3.87993e-45	2.53212e-41	1.20927e-37	4.36554e-34	1.29114e-30	3.39739e-27	8.34089e-24	2.53495e-20	8.00665e-17	1.62076e-13	1.95396e-10	1.27395e-07	3.91945e-05	0.00464801	0.154372	0.788706	0.0515356	0.000696396	3.37934e-06	7.61844e-09	9.28931e-12	6.77717e-15	3.1796e-18	1.01256e-21	2.2829e-25	3.78401e-29	5.69634e-33	
N62	2.82981e-67	4.23435e-62	4.89941e-57	3.95423e-52	2.13779e-47	7.34772e-43	1.50577e-38	1.71418e-34	6.67387e-31	1.18913e-27	4.509e-23	1.09138e-18	1.53704e-14	1.13472e-10	3.76298e-07	0.000435133	0.106828	0.876557	0.0161393	4.09812e-05	3.03923e-08	9.21393e-12	1.382e-15	1.15906e-19	5.91578e-24	1.95537e-28	4.5473e-33	1.17803e-37	1.02114e-40	
CGA453	0	0	0	0	0	0	0	0	0	0	0	0	0	0	0	0	0	1	0	0	0	0	0	0	0	0	0	0	0	
N63	4.27562e-74	1.75939e-68	5.44328e-63	1.16639e-57	1.66686e-52	1.51456e-47	8.28147e-43	2.54978e-38	3.07779e-34	1.30214e-30	1.27741e-25	8.55307e-21	3.38981e-16	7.17812e-12	6.95603e-08	0.000237483	0.165665	0.829738	0.00435577	3.34304e-06	7.82097e-10	7.72812e-14	3.87926e-18	1.11315e-22	1.98193e-27	2.45223e-32	4.21013e-36	4.23821e-40	1.17171e-42	
CGA501	0	0	0	0	0	0	0	0	0	0	0	0	0	0	0	0	0	1	0	0	0	0	0	0	0	0	0	0	0	
C3121	0	0	0	0	0	0	0	0	0	0	0	0	0	0	0	0	1	0	0	0	0	0	0	0	0	0	0	0	0	
N64	2.52479e-71	1.40994e-65	5.90885e-60	1.70971e-54	3.28648e-49	3.97424e-44	2.78856e-39	9.97139e-35	1.35382e-30	4.38629e-32	3.46821e-29	3.4904e-24	2.41665e-19	9.63997e-15	1.88431e-10	1.48826e-06	0.00336154	0.993191	0.0034438	1.70697e-06	2.58141e-10	1.65108e-14	5.34991e-19	9.83311e-24	1.10645e-28	8.0454e-34	3.94775e-39	1.4377e-44	2.30832e-49	
Calparcri	0	0	0	0	0	0	0	0	0	0	0	0	0	0	0	0	0	1	0	0	0	0	0	0	0	0	0	0	0	
C3118	0	0	0	0	0	0	0	0	0	0	0	0	0	0	0	0	0	1	0	0	0	0	0	0	0	0	0	0	0	
N65	2.35677e-54	8.81888e-51	2.92878e-47	8.12461e-44	1.94324e-40	3.62795e-36	6.54361e-31	7.17754e-26	4.12889e-21	1.1484e-16	1.35761e-12	5.57913e-09	6.06929e-06	0.00149492	0.0707579	0.508543	0.395231	0.0238259	0.000141068	1.59886e-07	5.40112e-11	7.0806e-15	4.21716e-19	1.86297e-23	5.26522e-27	1.05594e-29	4.53729e-33	1.43154e-35	3.20062e-36	
N66	2.02322e-54	8.54604e-50	3.19771e-45	9.4162e-41	2.14334e-36	3.69039e-32	4.67974e-28	4.22782e-24	2.61372e-20	1.05304e-16	2.59011e-13	3.57997e-10	2.4878e-07	7.40037e-05	0.00734336	0.161962	0.539649	0.270289	0.0203172	0.000363284	2.19178e-06	5.62739e-09	7.19748e-12	5.1305e-15	2.22074e-18	6.90336e-22	4.52544e-25	6.87188e-27	9.10172e-29	
N67	3.73328e-52	1.07548e-47	2.90341e-43	6.3557e-39	1.09586e-34	1.43869e-30	1.38465e-26	9.36143e-23	4.22958e-19	1.20138e-15	1.98356e-12	1.72023e-09	6.93081e-07	0.000115865	0.00705668	0.128702	0.513751	0.326121	0.02385	0.00040031	2.31194e-06	5.85297e-09	7.59912e-12	5.64076e-15	2.59104e-18	7.82216e-22	1.63756e-25	2.96492e-29	6.22083e-32	
N68	4.7414e-49	1.15688e-44	2.4686e-40	4.011e-36	4.98948e-32	4.8591e-28	3.78673e-24	2.30459e-20	9.98297e-17	2.71849e-13	3.94365e-10	2.36429e-07	3.25841e-05	0.00162044	0.0318328	0.232168	0.509561	0.217259	0.00746877	5.71461e-05	1.56167e-07	1.96152e-10	1.32113e-13	5.29102e-17	1.35664e-20	2.35461e-24	2.94037e-28	3.613e-32	1.25794e-34	
N69	2.01641e-56	8.40299e-52	3.22748e-47	9.90574e-43	2.32703e-38	3.93042e-34	4.43047e-30	3.02679e-26	9.58981e-23	1.65003e-19	7.20796e-16	1.7611e-12	2.15312e-09	1.17342e-06	0.000248547	0.0169525	0.278409	0.656527	0.0473	0.00055949	1.99818e-06	2.92762e-09	2.11495e-12	8.51186e-16	2.08186e-19	3.36392e-23	4.93101e-27	1.12691e-29	5.16322e-32	
Triowe	0	0	0	0	0	0	0	0	0	0	0	0	0	0	0	0	0	1	0	0	0	0	0	0	0	0	0	0	0	
N70	1.35544e-59	3.5368e-55	9.26122e-51	2.24384e-46	5.3225e-42	1.22307e-37	2.51124e-33	4.16136e-29	5.10776e-25	4.34815e-21	2.41249e-17	8.13738e-14	1.53107e-10	1.42861e-07	5.59541e-05	0.00719503	0.208163	0.722478	0.0612764	0.000827677	3.35696e-06	5.60266e-09	4.638e-12	2.15331e-15	6.12014e-19	1.20489e-22	7.71145e-26	1.59132e-28	8.05701e-30	
Trijoh	0	0	0	0	0	0	0	0	0	0	0	0	0	0	0	0	0	1	0	0	0	0	0	0	0	0	0	0	0	
Trimel	0	0	0	0	0	0	0	0	0	0	0	0	0	0	0	0	0	1	0	0	0	0	0	0	0	0	0	0	0	
N71	2.27524e-42	9.80629e-38	3.57891e-33	9.65951e-29	1.87308e-24	2.51535e-20	2.2294e-16	1.22164e-12	3.76904e-09	5.66947e-06	0.00323636	0.402634	0.475036	0.110315	0.00850628	0.000263137	3.41883e-06	1.73563e-08	2.79202e-11	1.92184e-14	6.88321e-18	1.44683e-21	1.93325e-25	1.73754e-29	1.09534e-33	5.00109e-38	1.69649e-42	4.38453e-47	1.16322e-51	
N72	1.95517e-43	1.47408e-38	8.98606e-34	3.93949e-29	1.19997e-24	2.43011e-20	3.0875e-16	2.27332e-12	8.65424e-09	1.42747e-05	0.00749866	0.64169	0.326756	0.0235911	0.000446324	2.86397e-06	7.01509e-09	6.89127e-12	2.8671e-15	5.98185e-19	7.11683e-23	5.28232e-27	2.60929e-31	9.06832e-36	2.43867e-40	1.02732e-43	1.6618e-47	1.06504e-49	1.05e-52	
Trihoe	0	0	0	0	0	0	0	0	0	0	0	1	0	0	0	0	0	0	0	0	0	0	0	0	0	0	0	0	0	
Tribit	0	0	0	0	0	0	0	0	0	0	0	1	0	0	0	0	0	0	0	0	0	0	0	0	0	0	0	0	0	
Trijac	0	0	0	0	0	0	0	0	0	0	0	1	0	0	0	0	0	0	0	0	0	0	0	0	0	0	0	0	0	
N73	6.68768e-55	1.08921e-50	1.72981e-46	2.28625e-42	2.43626e-38	1.98431e-34	1.16819e-30	4.8164e-27	1.41181e-23	4.19244e-20	1.37155e-16	2.82474e-13	3.38696e-10	2.134e-07	6.10797e-05	0.00639074	0.174428	0.729171	0.0880335	0.00190228	1.31144e-05	3.85286e-08	5.74067e-11	4.87128e-14	2.55682e-17	8.83022e-21	2.10895e-24	3.85257e-28	2.2787e-31	
Tricri	0	0	0	0	0	0	0	0	0	0	0	0	0	0	0	0	0	1	0	0	0	0	0	0	0	0	0	0	0	
N74	5.48574e-60	1.14213e-55	2.13805e-51	3.22646e-47	4.276e-43	5.68157e-39	8.21212e-35	1.20032e-30	1.50809e-26	1.42943e-22	9.32273e-19	3.87858e-15	9.5718e-12	1.26908e-08	7.83723e-06	0.00180839	0.107336	0.802551	0.0868756	0.00141444	6.78832e-06	1.32928e-08	1.28522e-11	6.95148e-15	2.29647e-18	4.94967e-22	7.78887e-26	1.81324e-29	2.11238e-31	
Triwie	0	0	0	0	0	0	0	0	0	0	0	0	0	0	0	0	0	1	0	0	0	0	0	0	0	0	0	0	0	
Triqua	0	0	0	0	0	0	0	0	0	0	0	0	0	0	0	0	0	1	0	0	0	0	0	0	0	0	0	0	0	
N75	3.49066e-48	3.30678e-44	3.10953e-40	2.36548e-36	1.43031e-32	6.7464e-29	2.42928e-25	6.51142e-22	1.2605e-18	1.69837e-15	1.52052e-12	8.51901e-10	2.75658e-07	4.60225e-05	0.00334893	0.0808813	0.424079	0.412092	0.0755654	0.00390965	7.70233e-05	7.05367e-07	3.44202e-09	9.86732e-12	1.78764e-14	2.19964e-17	2.5922e-20	2.72399e-22	3.06162e-23	
N76	1.3288e-49	5.7216e-46	2.88692e-42	1.43517e-38	6.99547e-35	3.16121e-31	1.22517e-27	3.79366e-24	8.87437e-21	1.49809e-17	1.7426e-14	1.32473e-11	6.16447e-09	1.60867e-06	0.000208366	0.0112081	0.190337	0.647944	0.143035	0.00713708	0.00012785	1.04957e-06	4.59387e-09	1.18827e-11	1.95686e-14	2.17052e-17	1.69466e-20	9.67552e-24	5.12717e-27	
Kinboe	0	0	0	0	0	0	0	0	0	0	0	0	0	0	0	0	0	1	0	0	0	0	0	0	0	0	0	0	0	
Kinfis	0	0	0	0	0	0	0	0	0	0	0	0	0	0	0	0	0	1	0	0	0	0	0	0	0	0	0	0	0	
Kinxen	0	0	0	0	0	0	0	0	0	0	0	0	0	0	0	0	0	1	0	0	0	0	0	0	0	0	0	0	0	
N77	9.75151e-37	1.73951e-34	3.08823e-32	3.33899e-30	8.78985e-29	1.44533e-27	1.2519e-23	8.88201e-20	3.7581e-16	8.82537e-13	1.0349e-09	5.18611e-07	9.10817e-05	0.00552778	0.10758	0.515406	0.350193	0.0210165	0.000184461	5.04752e-07	5.99807e-10	3.70483e-13	1.32802e-16	3.03799e-20	1.72999e-23	2.09275e-25	1.56288e-27	4.46506e-30	1.37483e-30	
N78	1.86241e-31	4.7195e-28	1.20895e-24	2.34309e-21	3.32971e-18	3.3498e-15	2.28309e-12	9.96046e-10	2.5783e-07	3.5606e-05	0.00223906	0.0496126	0.246813	0.394659	0.241707	0.0593627	0.00541913	0.000150713	1.71149e-06	9.87342e-09	3.30904e-11	7.03964e-14	1.01221e-16	1.03095e-19	7.7145e-23	4.36837e-26	1.92765e-29	7.77032e-33	2.52453e-35	
N79	2.66217e-39	8.12854e-35	2.07962e-30	3.80462e-26	4.80218e-22	3.99873e-18	2.07287e-14	6.18888e-11	9.539e-08	6.4329e-05	0.0143297	0.581065	0.367178	0.0363692	0.000984896	9.20336e-06	3.35519e-08	5.29499e-11	4.11607e-14	1.75985e-17	4.50691e-21	7.37966e-25	8.12731e-29	6.26616e-33	3.493e-37	1.44576e-41	4.55784e-46	1.28925e-50	1.37397e-54	
N80	2.17664e-45	3.17728e-40	3.6026e-35	2.86796e-30	1.54357e-25	5.34983e-21	1.11953e-16	1.29483e-12	7.2836e-09	1.63439e-05	0.0103517	0.867426	0.120655	0.00154607	4.19559e-06	3.65983e-09	1.32e-12	2.3247e-16	2.24548e-20	1.29459e-24	4.74743e-29	1.1634e-33	1.99302e-38	4.44682e-43	2.09301e-47	1.75546e-50	6.89246e-55	3.09768e-58	1.82289e-62	
N81	7.64972e-43	5.73569e-38	3.46048e-33	1.48963e-28	4.41614e-24	8.61449e-20	1.04072e-15	7.16253e-12	2.4869e-08	3.59858e-05	0.0154293	0.897666	0.0861342	0.000732725	1.4868e-06	1.1071e-09	3.8297e-13	7.13041e-17	7.89514e-21	5.60043e-25	2.81099e-29	7.61903e-33	6.89271e-36	1.36926e-37	1.43807e-41	9.55414e-44	5.12227e-48	1.05809e-50	9.0478e-55	
Chaafr	0	0	0	0	0	0	0	0	0	0	0	1	0	0	0	0	0	0	0	0	0	0	0	0	0	0	0	0	0	
Chacha	0	0	0	0	0	0	0	0	0	0	0	1	0	0	0	0	0	0	0	0	0	0	0	0	0	0	0	0	0	
N82	8.89079e-43	6.25979e-38	3.58406e-33	1.48308e-28	4.27403e-24	8.18376e-20	9.78855e-16	6.72298e-12	2.34814e-08	3.44882e-05	0.0151742	0.914475	0.069812	0.000503602	9.09282e-07	6.21375e-10	2.01499e-13	3.57299e-17	3.81658e-21	2.63677e-25	1.25927e-29	1.13963e-33	6.81535e-37	7.07763e-39	7.89298e-43	2.79434e-45	1.58492e-49	1.8545e-52	1.46375e-56	
Chacaly	0	0	0	0	0	0	0	0	0	0	0	1	0	0	0	0	0	0	0	0	0	0	0	0	0	0	0	0	0	
Chazey	0	0	0	0	0	0	0	0	0	0	0	1	0	0	0	0	0	0	0	0	0	0	0	0	0	0	0	0	0	
N83	3.87e-37	7.49856e-33	1.25121e-28	1.49801e-24	1.24139e-20	6.80472e-17	2.32488e-13	4.56635e-10	4.59385e-07	0.000198332	0.0271563	0.630106	0.319895	0.0222515	0.000389477	2.33527e-06	5.86491e-09	7.17741e-12	4.80954e-15	1.92859e-18	4.95411e-22	8.62858e-26	1.18785e-29	5.61716e-32	2.83249e-35	8.91283e-37	2.17524e-40	3.44724e-42	2.66845e-45	
Chadil	0	0	0	0	0	0	0	0	0	0	0	1	0	0	0	0	0	0	0	0	0	0	0	0	0	0	0	0	0	
Chasen	0	0	0	0	0	0	0	0	0	0	0	1	0	0	0	0	0	0	0	0	0	0	0	0	0	0	0	0	0	
Chanam	0	0	0	0	0	0	0	0	0	0	0	1	0	0	0	0	0	0	0	0	0	0	0	0	0	0	0	0	0	
N84	1.07088e-56	3.57966e-52	1.02313e-47	2.06124e-43	2.85097e-39	2.67354e-35	1.73743e-31	7.93873e-28	2.43072e-25	7.84691e-22	6.64935e-18	3.4777e-14	1.03716e-10	1.5804e-07	0.000104783	0.0231286	0.950166	0.026462	0.000137694	2.44944e-07	1.95419e-10	8.19044e-14	2.001e-17	3.06639e-21	3.11134e-25	2.17828e-29	1.08667e-33	3.97152e-38	1.22113e-42	
N85	5.31338e-80	2.45519e-73	4.02487e-65	6.90202e-59	5.51355e-53	2.3935e-47	6.12144e-42	1.01563e-36	3.30514e-33	8.71914e-31	1.93237e-25	2.7472e-20	2.23645e-15	7.95923e-11	1.02305e-06	0.0032181	0.989275	0.00750097	4.96504e-06	7.68705e-10	4.22133e-14	1.01724e-18	1.21226e-23	7.69889e-29	3.14681e-34	4.99598e-38	3.91275e-40	5.28674e-42	2.00957e-42	
N86	6.47179e-64	3.08706e-60	1.27375e-56	4.38106e-53	1.27622e-49	3.12818e-46	6.10127e-43	8.58113e-40	6.65976e-37	5.56318e-32	2.18742e-26	4.74411e-21	5.29253e-16	2.70438e-11	5.13139e-07	0.00238662	0.991308	0.00630139	3.10591e-06	3.48618e-10	1.39002e-14	2.48649e-19	2.2757e-24	1.48815e-29	1.35266e-32	8.26885e-36	7.6984e-40	6.10069e-44	1.24114e-45	
Braset	0	0	0	0	0	0	0	0	0	0	0	0	0	0	0	0	1	0	0	0	0	0	0	0	0	0	0	0	0	
N87	5.0304e-77	3.3667e-71	1.67736e-65	5.76735e-60	1.33275e-54	2.02902e-49	2.0626e-44	1.47274e-39	4.36144e-35	7.74589e-30	1.05561e-24	8.86297e-20	4.21758e-15	1.00638e-10	9.90888e-07	0.00282184	0.991168	0.00600549	4.08869e-06	7.6763e-10	5.77965e-14	2.14179e-18	4.44002e-23	5.78345e-28	9.0206e-32	6.21299e-35	6.19541e-39	1.83488e-42	1.65394e-44	
N88	7.33662e-79	2.60434e-72	5.40459e-66	6.60378e-60	4.77691e-54	2.00612e-48	4.6373e-43	5.17828e-38	3.85498e-36	1.13437e-33	5.58085e-28	1.70394e-22	2.88178e-17	2.34389e-12	7.8354e-08	0.000782748	0.997941	0.00127557	2.07113e-07	1.00094e-11	1.9814e-16	1.88071e-21	9.35795e-27	2.5496e-32	3.99335e-38	8.60209e-44	3.74382e-49	3.96044e-54	8.61368e-59	
Bramel	0	0	0	0	0	0	0	0	0	0	0	0	0	0	0	0	1	0	0	0	0	0	0	0	0	0	0	0	0	
Bratha	0	0	0	0	0	0	0	0	0	0	0	0	0	0	0	0	1	0	0	0	0	0	0	0	0	0	0	0	0	
N89	1.16346e-74	6.66305e-69	2.82083e-63	8.23747e-58	1.60034e-52	1.96714e-47	1.42524e-42	5.21053e-38	5.56297e-35	5.88063e-30	8.11344e-25	6.88806e-20	3.3273e-15	8.14143e-11	8.37015e-07	0.0025557	0.993099	0.00434254	2.38357e-06	3.84527e-10	2.58556e-14	8.75072e-19	1.67488e-23	1.96323e-28	2.00903e-33	1.77276e-37	1.03391e-41	1.95987e-45	3.30401e-48	
Bradra	0	0	0	0	0	0	0	0	0	0	0	0	0	0	0	0	1	0	0	0	0	0	0	0	0	0	0	0	0	
Bratra	0	0	0	0	0	0	0	0	0	0	0	0	0	0	0	0	1	0	0	0	0	0	0	0	0	0	0	0	0	
N90	2.71217e-71	8.28113e-66	1.94862e-60	3.24505e-55	3.66822e-50	2.66499e-45	1.15755e-40	2.59663e-36	3.00055e-33	2.14846e-28	1.70273e-23	8.47054e-19	2.43318e-14	3.57565e-10	2.22119e-06	0.00412062	0.989119	0.00675184	5.92776e-06	1.54628e-09	1.69777e-13	9.50229e-18	3.05924e-22	6.15664e-27	8.44011e-32	1.6228e-36	9.78987e-41	2.70593e-44	4.16037e-47	
Bragut	0	0	0	0	0	0	0	0	0	0	0	0	0	0	0	0	1	0	0	0	0	0	0	0	0	0	0	0	0	
Braven	0	0	0	0	0	0	0	0	0	0	0	0	0	0	0	0	1	0	0	0	0	0	0	0	0	0	0	0	0	
N91	7.49531e-66	6.3473e-61	4.36698e-56	2.22753e-51	8.54886e-47	2.64883e-42	7.7213e-38	2.42882e-33	7.73184e-29	2.46338e-24	5.26269e-20	6.983e-16	5.29209e-12	2.02845e-08	3.24759e-05	0.0153901	0.960575	0.023924	7.85222e-05	7.63302e-08	3.10103e-11	6.3751e-15	7.48859e-19	5.46594e-23	2.6625e-27	1.25747e-31	1.84833e-35	1.39463e-38	7.94514e-41	
Brapum	0	0	0	0	0	0	0	0	0	0	0	0	0	0	0	0	1	0	0	0	0	0	0	0	0	0	0	0	0	
Bradam	0	0	0	0	0	0	0	0	0	0	0	0	0	0	0	0	1	0	0	0	0	0	0	0	0	0	0	0	0	
