#Nodes with GAIN events with expectation above 0.5
N3: 0.501053
B3088: 0.714021
N6: 0.592005
BGA309: 0.593071
N26: 1.40275
N33: 1.20936
Furcep: 1.78446
N56: 1.63444
N62: 0.622694
N63: 0.935448
N67: 0.833326
N74: 0.920522
C3125: 1.26265
C12265: 0.512941
N92: 1.38167
N93: 0.769987
C2208: 0.953838
N101: 0.940988
N109: 0.563131
N112: 0.532026
N116: 0.506337
N119: 0.538488
Kinxen: 0.927741
N127: 0.929494
Total number of gain events: 36.9049
#+++++++++++++++++++++++++++++

#Nodes with LOSS events with expectation above 0.5
B3088: 1.18505
N6: 1.04388
BGA309: 1.04494
N14: 0.504662
N26: 1.65446
N27: 0.822591
N28: 1.88237
Rhaspe: 5.53598
Rhamar: 5.20069
Rhatem: 4.23675
N32: 0.84728
N33: 0.814428
N34: 2.21358
N35: 0.954651
N36: 0.511257
N37: 2.07402
N42: 1.42656
N45: 0.757981
FGA465: 1.15362
N58: 0.910967
N60: 0.859323
FGA489: 1.91937
FurbGB: 2.60856
N73: 1.11848
Calboe: 2.80151
N78: 1.93367
N79: 0.780995
N80: 2.2949
N82: 1.11014
N83: 0.830917
N85: 1.21729
N88: 1.55361
C404: 1.07056
N96: 1.08648
N101: 0.510429
N106: 0.943047
N114: 4.67551
Trijac: 0.903502
Kinxen: 0.938319
N121: 2.79363
N122: 2.02882
Chadil: 0.648818
Chasen: 0.648818
Chanam: 2.85503
N127: 1.11239
Total number of loss events: 96.6998
#+++++++++++++++++++++++++++++

#Nodes with duplication events with expectation above 0.5
Total number of duplication events: 1.22619e-39
#+++++++++++++++++++++++++++++

#Nodes with demi-duplication events with expectation above 0.5
Total number of demi-dulications events: 0
#+++++++++++++++++++++++++++++

#+++++++++++++++++++++++++++++

#Nodes with transitions in base number with expectation above 0.5
Total number of transitions in base number: 0
#+++++++++++++++++++++++++++++

#EVENTS NOT ACCOUNTED FOR IN THE SIMULATIONS: 
NONE
#+++++++++++++++++++++++++++++

#ALL EVENTS EXPECTATIONS PER NODE
NODE	GAIN	LOSS	DUPLICATION	DEMI-DUPLICATION	BASE-NUMBER
N2	0.245204	0.064623	1.58239e-62	0	0
N3	0.501053	0.297043	2.24731e-73	0	0
N4	0.0856932	0.0704345	1.7283e-72	0	0
B3088	0.714021	1.18505	0	0	0
N5	0.0853925	0.104554	1.76615e-70	0	0
N6	0.592005	1.04388	7.44515e-54	0	0
BGA709	4.89232e-07	2.24742e-06	0	0	0
BGA710	4.89232e-07	2.24742e-06	0	0	0
BGA309	0.593071	1.04494	0	0	0
N7	0.174105	0.294511	2.98631e-76	0	0
N8	0.242968	0.401414	8.42255e-74	0	0
N9	0.222125	0.39904	5.15301e-62	0	0
B11696	4.30466e-07	2.07901e-06	0	0	0
B11697	4.30466e-07	2.07901e-06	0	0	0
N10	0.187098	0.361139	8.40036e-83	0	0
B11609	0.00312061	0.00599702	0	0	0
BGA392	0.00312061	0.00599702	0	0	0
N11	0.0435216	0.0975165	1.01626e-83	0	0
N12	0.0121931	0.0281603	1.82483e-90	0	0
N13	0.0758662	0.134315	5.77009e-75	0	0
N14	0.297712	0.504662	1.00229e-64	0	0
B985	5.34065e-07	2.40374e-06	0	0	0
B983	5.34065e-07	2.40374e-06	0	0	0
N15	0.171155	0.335818	4.20208e-79	0	0
N16	0.0473966	0.0896848	1.27709e-67	0	0
B199	1.79717e-07	8.93115e-07	0	0	0
BGAA3	1.79717e-07	8.93115e-07	0	0	0
N17	0.0472035	0.0894915	1.28373e-67	0	0
B11604	2.54289e-07	1.26471e-06	0	0	0
BGA583	2.54289e-07	1.26471e-06	0	0	0
N18	0.120189	0.245364	3.21567e-80	0	0
N19	0.210458	0.350665	4.02527e-67	0	0
BGA89	5.12593e-06	2.29705e-05	0	0	0
BGA40	5.12593e-06	2.29705e-05	0	0	0
N20	0.0338567	0.0735682	8.55875e-77	0	0
N21	0.13435	0.234863	4.08539e-69	0	0
BGAA2	4.04844e-07	1.88725e-06	0	0	0
BGAA1	4.04844e-07	1.88725e-06	0	0	0
N22	0.11784	0.217901	1.53219e-97	0	0
BGA584	0.00106335	0.00151652	0	0	0
BGA706	0.00106335	0.00151652	0	0	0
N23	0.185082	0.313082	1.22003e-81	0	0
N24	0.181803	0.334979	2.7125e-63	0	0
BGA304	0.000460495	0.000652711	0	0	0
BGA303	0.000460495	0.000652711	0	0	0
N25	0.190658	0.344025	4.43196e-63	0	0
BGAB1	2.97228e-07	1.44257e-06	0	0	0
BGA7	2.97228e-07	1.44257e-06	0	0	0
N26	1.40275	1.65446	7.08631e-51	0	0
PGA445	1.31715e-05	4.09048e-05	0	0	0
PGA363	1.31715e-05	4.09048e-05	0	0	0
N27	0.032848	0.822591	1.60266e-64	0	0
N28	0.00647388	1.88237	4.94266e-56	0	0
Rhaspe	0.430561	5.53598	0	0	0
N29	0.00709201	0.317091	1.22619e-39	0	0
Rhamar	0.409157	5.20069	0	0	0
Rhatem	0.445218	4.23675	0	0	0
N30	0.0726156	0.0188786	4.71163e-79	0	0
N31	0.2679	0.177436	1.11496e-82	0	0
N32	0.0268544	0.84728	2.56034e-65	0	0
N33	1.20936	0.814428	1.34808e-45	0	0
FGA379	1.7738e-06	3.13319e-06	0	0	0
F647	1.7738e-06	3.13319e-06	0	0	0
N34	0.0153698	2.21358	3.46446e-57	0	0
N35	0.0311127	0.954651	1.58025e-55	0	0
N36	0.00280689	0.511257	2.72056e-58	0	0
N37	0.168087	2.07402	1.06108e-52	0	0
F3016	2.1669e-07	7.21771e-06	0	0	0
F3015	2.1669e-07	7.21771e-06	0	0	0
N38	0.00349759	0.151895	3.84453e-54	0	0
N39	0.0103685	0.0973626	1.00491e-56	0	0
N40	0.00601548	0.341098	1.26582e-64	0	0
N41	0.00546932	0.0278823	9.61429e-69	0	0
N42	0.11364	1.42656	5.80119e-62	0	0
F1476	3.38177e-07	1.09193e-05	0	0	0
FGA81	3.38177e-07	1.09193e-05	0	0	0
N43	0.0215555	0.0199664	7.10471e-60	0	0
Furcep	1.78446	0.0991144	0	0	0
N44	0.00319053	0.154357	2.40501e-60	0	0
Furpol	0.192545	0.356009	0	0	0
N45	0.0137053	0.757981	4.38458e-54	0	0
N46	0.0186686	0.311706	6.05156e-51	0	0
N47	0.0321623	0.158262	9.89029e-55	0	0
F2241	4.08832e-06	5.4211e-05	0	0	0
F12266	4.08832e-06	5.4211e-05	0	0	0
Furang	0.0343421	0.160492	0	0	0
Fga490	0.0717818	0.490969	0	0	0
N48	0.0108307	0.226629	7.56374e-67	0	0
N49	0.0159922	0.0469266	1.41513e-62	0	0
N50	0.0369652	0.013519	5.63745e-67	0	0
N51	0.00473868	0.0454801	3.70569e-68	0	0
N52	0.0182205	0.0644319	6.09042e-61	0	0
FGA456	0.0291225	0.0542261	0	0	0
N53	0.0282001	0.0532933	1.51623e-58	0	0
FGA516	0.00010371	0.000114159	0	0	0
FGA513	0.00010371	0.000114159	0	0	0
N54	0.0734957	0.144809	4.6217e-62	0	0
F12278	3.45438e-07	1.75002e-06	0	0	0
F12279	3.45438e-07	1.75002e-06	0	0	0
N55	0.301561	0.0188647	1.63978e-63	0	0
Furant	0.0311996	0.425984	0	0	0
N56	1.63444	0.0292412	1.16193e-55	0	0
FGA331	0.000118637	0.000100826	0	0	0
FGA332	0.000118637	0.000100826	0	0	0
FGA465	0.0650112	1.15362	0	0	0
N57	0.0202551	0.276454	3.31796e-59	0	0
N58	0.0476863	0.910967	3.40608e-57	0	0
FGA99	1.36277e-06	6.19521e-05	0	0	0
F12269	1.36277e-06	6.19521e-05	0	0	0
N59	0.0267837	0.0600739	9.90699e-51	0	0
N60	0.0292822	0.859323	1.06475e-56	0	0
FGA15	1.44372e-07	1.07326e-05	0	0	0
FGA440	1.44372e-07	1.07326e-05	0	0	0
N61	0.22508	0.0551319	6.12807e-55	0	0
FGA581	1.42319e-06	9.29696e-07	0	0	0
FGA582	1.42319e-06	9.29696e-07	0	0	0
N62	0.622694	0.293115	1.99786e-54	0	0
FGA104	2.52662e-06	3.13373e-06	0	0	0
FGA105	2.52662e-06	3.13373e-06	0	0	0
FGA489	0.161955	1.91937	0	0	0
N63	0.935448	0.357612	1.37261e-48	0	0
FGA174	0.000398417	0.000398356	0	0	0
FGA175	0.000398417	0.000398356	0	0	0
FurbGB	0.262367	2.60856	0	0	0
N64	0.161222	0.00906579	3.02468e-75	0	0
N65	0.181277	0.0514569	1.66212e-69	0	0
N66	0.233503	0.446243	4.91806e-74	0	0
N67	0.833326	0.328455	3.95482e-57	0	0
CGA312	0.000177318	0.000181276	0	0	0
CGA963	0.000177318	0.000181276	0	0	0
N68	0.0129443	0.165635	1.31488e-77	0	0
N69	0.0024629	0.364776	1.61047e-97	0	0
N70	0.0131423	0.0103024	9.89608e-89	0	0
N71	0.251488	0.144223	2.33081e-87	0	0
CGA642	0.0741969	0.164321	0	0	0
N72	0.0246712	0.0133147	3.93882e-81	0	0
N73	0.0170104	1.11848	2.20858e-68	0	0
CGA763	5.23843e-08	7.15182e-06	0	0	0
CGA764	5.23843e-08	7.15182e-06	0	0	0
N74	0.920522	0.0220044	1.10264e-66	0	0
C601	2.72006e-06	1.91237e-07	0	0	0
C602	2.72006e-06	1.91237e-07	0	0	0
N75	0.00729742	0.0283007	1.80459e-79	0	0
CGA236	0.343172	0.305027	0	0	0
N76	0.0116954	0.132983	2.92242e-72	0	0
N77	0.120881	0.179306	2.85359e-66	0	0
Calboe	0.0193733	2.80151	0	0	0
C3125	1.26265	0.0461993	0	0	0
N78	0.0931071	1.93367	1.15032e-65	0	0
CGA429	0	0	0	0	0
CGA430	0	0	0	0	0
N79	0.00171945	0.780995	8.16136e-85	0	0
N80	0.104855	2.2949	2.99686e-65	0	0
C985	0	0	0	0	0
C984	0	0	0	0	0
N81	0.00321753	0.224734	3.59866e-65	0	0
N82	0.143908	1.11014	3.71428e-77	0	0
CGA310	0.000634309	0.00268987	0	0	0
CGA314	0.000634309	0.00268987	0	0	0
N83	0.0346529	0.830917	1.44757e-65	0	0
N84	0.134449	0.30614	2.46044e-61	0	0
CGA382	0.000169698	0.000502353	0	0	0
CGA365	0.000169698	0.000502353	0	0	0
N85	0.0452837	1.21729	3.22334e-63	0	0
CGA494	1.97427e-07	1.32502e-05	0	0	0
CGA495	1.97427e-07	1.32502e-05	0	0	0
N86	0.422711	0.0788277	1.14565e-89	0	0
N87	0.00964436	0.096323	1.47056e-80	0	0
C12265	0.512941	0.112558	0	0	0
N88	0.0123254	1.55361	8.25296e-79	0	0
C404	0.0122286	1.07056	0	0	0
N89	0.00610267	0.0316075	1.20699e-88	0	0
N90	0.0309946	0.0638196	1.71713e-69	0	0
Cl11778	9.73055e-07	5.83192e-06	0	0	0
Cl11779	9.73055e-07	5.83192e-06	0	0	0
N91	0.0154652	0.0463764	1.22033e-85	0	0
CGA594	0.0038698	0.00578849	0	0	0
CGA48	0.0038698	0.00578849	0	0	0
N92	1.38167	0.067998	6.67967e-65	0	0
C3134	9.07473e-06	1.20591e-06	0	0	0
C3126	9.07473e-06	1.20591e-06	0	0	0
N93	0.769987	0.304787	1.3727e-77	0	0
CGA311	0.240907	0.413981	0	0	0
N94	0.0247255	0.0125569	1.31919e-77	0	0
N95	0.0218666	0.180944	5.66595e-83	0	0
N96	0.0603265	1.08648	5.65727e-73	0	0
CGA45	1.97062e-07	9.09937e-06	0	0	0
CGA46	1.97062e-07	9.09937e-06	0	0	0
N97	0.0183488	0.0203921	7.43629e-91	0	0
N98	0.0301213	0.0470106	6.72364e-82	0	0
N99	0.0182817	0.0252618	1.10999e-100	0	0
C3043	0.00138603	0.00163932	0	0	0
CGA87	0.00138603	0.00163932	0	0	0
N100	0.0169863	0.0238743	1.58491e-99	0	0
CGA368	0.00186528	0.00221062	0	0	0
CGA557	0.00186528	0.00221062	0	0	0
CGA364	0.0981458	0.122268	0	0	0
C2208	0.953838	0.139081	0	0	0
N101	0.940988	0.510429	6.33469e-71	0	0
N102	0.0671737	0.0911646	1.0118e-75	0	0
N103	0.0738156	0.0582798	2.25147e-72	0	0
CGA453	0.000236146	0.00026961	0	0	0
CGA383	0.000236146	0.00026961	0	0	0
N104	0.0105871	0.0653138	3.52682e-85	0	0
N105	0.0910222	0.0207936	1.65726e-76	0	0
CGA501	1.10281e-06	7.01732e-07	0	0	0
C11776	1.10281e-06	7.01732e-07	0	0	0
N106	0.0132992	0.943047	1.58782e-76	0	0
C3121	1.01931e-07	2.35911e-05	0	0	0
C3123	1.01931e-07	2.35911e-05	0	0	0
N107	0.159701	0.166517	2.66774e-80	0	0
Calparcri	0.00366464	0.00533778	0	0	0
C3118	0.00366464	0.00533778	0	0	0
N108	0.0172321	0.018758	7.43906e-81	0	0
N109	0.563131	0.0715787	1.98886e-77	0	0
N110	0.225989	0.248394	1.31943e-70	0	0
N111	0.052801	0.34364	1.0888e-63	0	0
N112	0.532026	0.075446	7.3056e-70	0	0
Triowe	0.365094	0.333941	0	0	0
N113	0.0702688	0.0289964	4.59488e-68	0	0
Trijoh	0.268701	0.278827	0	0	0
Trimel	0.268701	0.278827	0	0	0
N114	0.0261459	4.67551	7.07102e-62	0	0
N115	0.0127517	0.404159	5.76425e-52	0	0
Trihoe	0.0586479	0.481393	0	0	0
Tribit	0.0586479	0.481393	0	0	0
Trijac	0.0891839	0.903502	0	0	0
N116	0.506337	0.245821	2.24742e-71	0	0
Tricri	0.301675	0.36505	0	0	0
N117	0.0778733	0.0739674	1.79507e-70	0	0
Triwie	0.17672	0.244005	0	0	0
Triqua	0.17672	0.244005	0	0	0
N118	0.268311	0.0829972	7.8585e-68	0	0
N119	0.538488	0.431409	1.26801e-64	0	0
Kinboe	0.298032	0.415689	0	0	0
Kinfis	0.298032	0.415689	0	0	0
Kinxen	0.927741	0.938319	0	0	0
N120	0.00599008	0.133063	1.71391e-63	0	0
N121	0.0670933	2.79363	7.87581e-47	0	0
N122	0.111468	2.02882	9.65545e-48	0	0
N123	0.0510671	0.458223	6.52814e-58	0	0
N124	0.019521	0.0742178	2.88371e-53	0	0
Chaafr	0.0809588	0.17644	0	0	0
Chacha	0.0809588	0.17644	0	0	0
N125	0.028231	0.105353	2.55049e-55	0	0
Chacaly	0.0619135	0.134969	0	0	0
Chazey	0.0619135	0.134969	0	0	0
N126	0.0275483	0.137712	1.91301e-45	0	0
Chadil	0.201648	0.648818	0	0	0
Chasen	0.201648	0.648818	0	0	0
Chanam	0.378637	2.85503	0	0	0
N127	0.929494	1.11239	1.11471e-61	0	0
N128	0.0129183	0.0293286	2.01138e-81	0	0
N129	0.00116272	0.00263458	3.70762e-99	0	0
Braset	0.0733243	0.0788667	0	0	0
N130	0.00568088	0.00746672	6.80682e-85	0	0
N131	0.0331777	0.0364116	1.38657e-90	0	0
Bramel	0.00305184	0.00357446	0	0	0
Bratha	0.00305184	0.00357446	0	0	0
N132	0.0175451	0.0194	5.35922e-87	0	0
Bradra	0.0143475	0.0162491	0	0	0
Bratra	0.0143475	0.0162491	0	0	0
N133	0.0384533	0.0424582	1.82217e-96	0	0
Bragut	0.0153109	0.0183201	0	0	0
Braven	0.0153109	0.0183201	0	0	0
N134	0.0430739	0.0522806	1.12447e-75	0	0
Brapum	0.046469	0.0606868	0	0	0
Bradam	0.046469	0.0606868	0	0	0
#+++++++++++++++++++++++++++++

#Expected number of events from root to leaf
LEAF	GAIN	LOSS	DUPLICATION	DEMI-DUPLICATION	BASE-NUMBER
B3088	1.54597	1.61715	1.58239e-62	0	0
BGA709	1.50935	1.58053	7.44515e-54	0	0
BGA710	1.50935	1.58053	7.44515e-54	0	0
BGA309	1.51041	1.5816	1.58239e-62	0	0
B11696	1.38545	1.45663	6.7354e-62	0	0
B11697	1.38545	1.45663	6.7354e-62	0	0
B11609	1.35355	1.42473	1.58239e-62	0	0
BGA392	1.35355	1.42473	1.58239e-62	0	0
B985	1.34966	1.42083	1.59241e-62	0	0
B983	1.34966	1.42083	1.59241e-62	0	0
B199	1.27049	1.34167	1.5824e-62	0	0
BGAA3	1.27049	1.34167	1.5824e-62	0	0
B11604	1.2703	1.34148	1.5824e-62	0	0
BGA583	1.2703	1.34148	1.5824e-62	0	0
BGA89	1.30673	1.37791	1.58243e-62	0	0
BGA40	1.30673	1.37791	1.58243e-62	0	0
BGAA2	1.26447	1.33565	1.58239e-62	0	0
BGAA1	1.26447	1.33565	1.58239e-62	0	0
BGA584	1.24903	1.3202	1.58239e-62	0	0
BGA706	1.24903	1.3202	1.58239e-62	0	0
BGA304	1.33123	1.40241	1.85364e-62	0	0
BGA303	1.33123	1.40241	1.85364e-62	0	0
BGAB1	1.33962	1.4108	2.02558e-62	0	0
BGA7	1.33962	1.4108	2.02558e-62	0	0
PGA445	1.64796	1.71913	7.08631e-51	0	0
PGA363	1.64796	1.71913	7.08631e-51	0	0
Rhaspe	0.469883	8.24094	4.94266e-56	0	0
Rhamar	0.455571	8.22274	1.22619e-39	0	0
Rhatem	0.491632	7.2588	1.22619e-39	0	0
FGA379	1.60958	2.68062	1.34808e-45	0	0
F647	1.60958	2.68062	1.34808e-45	0	0
F3016	0.617595	7.6197	1.0627e-52	0	0
F3015	0.617595	7.6197	1.0627e-52	0	0
F1476	0.588498	7.59048	4.01634e-54	0	0
FGA81	0.588498	7.59048	4.01634e-54	0	0
Furcep	2.28087	6.28299	4.01635e-54	0	0
Furpol	0.692149	6.69424	4.01635e-54	0	0
F2241	0.564144	7.56623	6.06095e-51	0	0
F12266	0.564144	7.56623	6.06095e-51	0	0
Furang	0.56632	7.56841	6.05996e-51	0	0
Fga490	0.585091	7.58718	8.40093e-54	0	0
FGA456	0.585258	6.58724	4.01634e-54	0	0
FGA516	0.58444	6.58642	4.01649e-54	0	0
FGA513	0.58444	6.58642	4.01649e-54	0	0
F12278	0.611412	6.61339	4.01634e-54	0	0
F12279	0.611412	6.61339	4.01634e-54	0	0
Furant	0.865938	6.86795	4.01634e-54	0	0
FGA331	2.46929	6.47131	4.13253e-54	0	0
FGA332	2.46929	6.47131	4.13253e-54	0	0
FGA465	0.561223	7.5632	4.01634e-54	0	0
FGA99	0.548162	7.55014	4.01978e-54	0	0
F12269	0.548162	7.55014	4.01978e-54	0	0
FGA15	0.556541	7.55851	9.91102e-51	0	0
FGA440	0.556541	7.55851	9.91102e-51	0	0
FGA581	0.75234	6.75431	9.91162e-51	0	0
FGA582	0.75234	6.75431	9.91162e-51	0	0
FGA104	1.08607	6.08804	6.0142e-54	0	0
FGA105	1.08607	6.08804	6.0142e-54	0	0
FGA489	0.61496	7.61694	4.00629e-54	0	0
FGA174	1.38255	5.39242	1.37261e-48	0	0
FGA175	1.38255	5.39242	1.37261e-48	0	0
FurbGB	0.677955	6.68832	3.46446e-57	0	0
CGA312	1.78287	1.85431	3.95482e-57	0	0
CGA963	1.78287	1.85431	3.95482e-57	0	0
CGA642	1.3036	2.37493	1.60268e-64	0	0
CGA763	1.27108	3.34241	1.6029e-64	0	0
CGA764	1.27108	3.34241	1.6029e-64	0	0
C601	2.1746	2.24593	1.6137e-64	0	0
C602	2.1746	2.24593	1.6137e-64	0	0
CGA236	1.32838	2.39971	1.60268e-64	0	0
Calboe	1.13716	5.20849	1.63121e-64	0	0
C3125	2.38044	2.45317	1.63121e-64	0	0
CGA429	1.09001	4.16134	1.71771e-64	0	0
CGA430	1.09001	4.16134	1.71771e-64	0	0
C985	1.07135	5.13197	1.90236e-64	0	0
C984	1.07135	5.13197	1.90236e-64	0	0
CGA310	1.11425	4.17464	1.96254e-64	0	0
CGA314	1.11425	4.17464	1.96254e-64	0	0
CGA382	1.13898	4.19937	2.46254e-61	0	0
CGA365	1.13898	4.19937	2.46254e-61	0	0
CGA494	1.04965	5.11004	3.43407e-63	0	0
CGA495	1.04965	5.11004	3.43407e-63	0	0
C12265	1.90761	1.97901	1.60268e-64	0	0
C404	1.41922	4.49063	1.60268e-64	0	0
Cl11778	1.44409	3.5155	1.60269e-64	0	0
Cl11779	1.44409	3.5155	1.60269e-64	0	0
CGA594	1.43243	3.50384	1.60268e-64	0	0
CGA48	1.43243	3.50384	1.60268e-64	0	0
C3134	2.7667	1.83813	2.27064e-64	0	0
C3126	2.7667	1.83813	2.27064e-64	0	0
CGA311	1.72676	1.7982	1.60268e-64	0	0
CGA45	1.59277	2.66421	1.60268e-64	0	0
CGA46	1.59277	2.66421	1.60268e-64	0	0
C3043	1.60058	1.67202	1.60268e-64	0	0
CGA87	1.60058	1.67202	1.60268e-64	0	0
CGA368	1.59976	1.6712	1.60268e-64	0	0
CGA557	1.59976	1.6712	1.60268e-64	0	0
CGA364	1.64894	1.72038	1.60268e-64	0	0
C2208	2.46441	1.53585	1.60268e-64	0	0
CGA453	1.6168	1.68811	1.60266e-64	0	0
CGA383	1.6168	1.68811	1.60266e-64	0	0
CGA501	1.64436	1.71567	1.60266e-64	0	0
C11776	1.64436	1.71567	1.60266e-64	0	0
C3121	1.56663	2.63795	1.60266e-64	0	0
C3123	1.56663	2.63795	1.60266e-64	0	0
Calparcri	1.63894	1.71025	1.60266e-64	0	0
C3118	1.63894	1.71025	1.60266e-64	0	0
Triowe	1.86174	1.93323	1.24907e-63	0	0
Trijoh	1.83561	1.90711	1.24911e-63	0	0
Trimel	1.83561	1.90711	1.24911e-63	0	0
Trihoe	1.06216	7.0849	5.76425e-52	0	0
Tribit	1.06216	7.0849	5.76425e-52	0	0
Trijac	1.07995	7.10285	7.19592e-62	0	0
Tricri	1.71983	1.79107	1.60266e-64	0	0
Triwie	1.67275	1.74399	1.60266e-64	0	0
Triqua	1.67275	1.74399	1.60266e-64	0	0
Kinboe	1.79066	1.8619	2.87145e-64	0	0
Kinfis	1.79066	1.8619	2.87145e-64	0	0
Kinxen	1.88188	1.95312	1.60345e-64	0	0
Chaafr	0.458794	6.52462	8.84136e-47	0	0
Chacha	0.458794	6.52462	8.84136e-47	0	0
Chacaly	0.448458	6.51428	8.84136e-47	0	0
Chazey	0.448458	6.51428	8.84136e-47	0	0
Chadil	0.536443	6.60227	2.00143e-45	0	0
Chasen	0.536443	6.60227	2.00143e-45	0	0
Chanam	0.574416	6.64195	7.87581e-47	0	0
Braset	1.14558	2.21651	1.13345e-61	0	0
Bramel	1.11417	2.18509	1.13345e-61	0	0
Bratha	1.11417	2.18509	1.13345e-61	0	0
Bradra	1.10983	2.18076	1.13345e-61	0	0
Bratra	1.10983	2.18076	1.13345e-61	0	0
Bragut	1.12486	2.19578	1.13345e-61	0	0
Braven	1.12486	2.19578	1.13345e-61	0	0
Brapum	1.14772	2.21864	1.13345e-61	0	0
Bradam	1.14772	2.21864	1.13345e-61	0	0
