#Nodes with GAIN events with expectation above 0.5
N3: 0.874205
B3088: 1.11418
BGA709: 0.961412
BGA309: 0.961412
PGA445: 2.19837
Rhatem: 0.52168
FGA379: 1.84239
Furcep: 1.91385
FGA331: 1.68776
FGA104: 0.771061
FGA174: 1.16363
CGA312: 1.37584
N44: 0.500363
C601: 1.05978
CGA236: 0.713303
C3125: 1.63439
N52: 0.547802
C12265: 0.871197
C3126: 1.77875
N56: 1.26317
C2208: 1.13948
N60: 1.5466
N65: 0.791466
N68: 0.870245
Triowe: 0.635598
N72: 0.905129
Tricri: 0.503355
N75: 0.897794
Kinxen: 1.46819
N83: 1.61338
Total number of gain events: 52.9188
#+++++++++++++++++++++++++++++

#Nodes with LOSS events with expectation above 0.5
B3088: 1.16212
BGA709: 1.03494
BGA309: 1.03494
B983: 0.541856
B11604: 0.541856
PGA445: 1.59192
N13: 0.764723
N14: 1.90429
Rhaspe: 4.83094
Rhamar: 4.54196
Rhatem: 3.6572
N18: 0.741521
FGA379: 0.768455
N19: 1.97581
N20: 0.834721
F3015: 1.85971
F1476: 1.28411
N28: 0.714405
FGA465: 1.09062
FGA99: 0.88251
FGA15: 0.838293
FGA489: 1.71604
FurbGB: 2.26876
CGA763: 1.00992
Calboe: 2.46978
CGA429: 1.59722
N49: 0.679233
C984: 2.06294
CGA310: 0.946223
N51: 0.712498
CGA494: 1.133
N54: 1.22442
C404: 1.05603
CGA45: 1.04148
N60: 0.510155
C3121: 0.856332
N70: 4.32048
Trijac: 0.777087
Kinxen: 0.936753
N77: 2.38638
N78: 1.74468
Chadil: 0.546184
Chasen: 0.546184
Chanam: 2.46187
N83: 0.933374
Total number of loss events: 88.1127
#+++++++++++++++++++++++++++++

#Nodes with duplication events with expectation above 0.5
Total number of duplication events: 0
#+++++++++++++++++++++++++++++

#Nodes with demi-duplication events with expectation above 0.5
Total number of demi-dulications events: 0
#+++++++++++++++++++++++++++++

#+++++++++++++++++++++++++++++

#Nodes with transitions in base number with expectation above 0.5
Total number of transitions in base number: 0
#+++++++++++++++++++++++++++++

#EVENTS NOT ACCOUNTED FOR IN THE SIMULATIONS: 
NONE
#+++++++++++++++++++++++++++++

#ALL EVENTS EXPECTATIONS PER NODE
NODE	GAIN	LOSS	DUPLICATION	DEMI-DUPLICATION	BASE-NUMBER
N2	0.424773	0.063205	0	0	0
N3	0.874205	0.270771	0	0	0
N4	0.126963	0.0760214	0	0	0
B3088	1.11418	1.16212	0	0	0
N5	0.133621	0.108027	0	0	0
BGA709	0.961412	1.03494	0	0	0
BGA309	0.961412	1.03494	0	0	0
N6	0.32737	0.238769	0	0	0
N7	0.374658	0.39195	0	0	0
B11696	0.346885	0.415185	0	0	0
B11609	0.346885	0.415185	0	0	0
N8	0.0829774	0.0768705	0	0	0
N9	0.022275	0.0222717	0	0	0
N10	0.12657	0.133132	0	0	0
B983	0.456717	0.541856	0	0	0
B11604	0.456717	0.541856	0	0	0
N11	0.29513	0.335859	0	0	0
BGAA1	0.225454	0.276427	0	0	0
BGA584	0.225454	0.276427	0	0	0
N12	0.280049	0.309184	0	0	0
BGA303	0.290925	0.353488	0	0	0
BGAB1	0.290925	0.353488	0	0	0
PGA445	2.19837	1.59192	0	0	0
N13	0.050082	0.764723	0	0	0
N14	0.0225005	1.90429	0	0	0
Rhaspe	0.424655	4.83094	0	0	0
N15	0.00859862	0.277297	0	0	0
Rhamar	0.406449	4.54196	0	0	0
Rhatem	0.52168	3.6572	0	0	0
N16	0.104325	0.0175207	0	0	0
N17	0.394682	0.175517	0	0	0
N18	0.0443124	0.741521	0	0	0
FGA379	1.84239	0.768455	0	0	0
N19	0.0321381	1.97581	0	0	0
N20	0.0364788	0.834721	0	0	0
N21	0.00242979	0.467758	0	0	0
F3015	0.166	1.85971	0	0	0
N22	0.00338809	0.134414	0	0	0
N23	0.0110749	0.0831388	0	0	0
N24	0.00539347	0.30177	0	0	0
N25	0.00474631	0.0221685	0	0	0
F1476	0.107382	1.28411	0	0	0
N26	0.0209554	0.0155284	0	0	0
Furcep	1.91385	0.0960006	0	0	0
N27	0.00335654	0.117419	0	0	0
Furpol	0.20617	0.274245	0	0	0
N28	0.0125891	0.714405	0	0	0
N29	0.0149389	0.274815	0	0	0
F2241	0.0299042	0.136287	0	0	0
Furang	0.0299042	0.136287	0	0	0
FGA490	0.0673533	0.433612	0	0	0
N30	0.0107691	0.155798	0	0	0
N31	0.0152921	0.032251	0	0	0
N32	0.0355086	0.00935634	0	0	0
N33	0.00487838	0.0267592	0	0	0
N34	0.0171314	0.0398707	0	0	0
FGA456	0.0339742	0.0476653	0	0	0
FGA513	0.0339742	0.0476653	0	0	0
F12278	0.0742449	0.110675	0	0	0
N35	0.287778	0.0167303	0	0	0
Furant	0.0374939	0.366853	0	0	0
FGA331	1.68776	0.0171233	0	0	0
FGA465	0.0584604	1.09062	0	0	0
N36	0.0214583	0.237981	0	0	0
FGA99	0.0499153	0.88251	0	0	0
N37	0.0268452	0.0520744	0	0	0
FGA15	0.0309277	0.838293	0	0	0
FGA581	0.244089	0.0514543	0	0	0
FGA104	0.771061	0.26161	0	0	0
FGA489	0.153416	1.71604	0	0	0
FGA174	1.16363	0.327198	0	0	0
FurbGB	0.306819	2.26876	0	0	0
N38	0.235144	0.00959883	0	0	0
N39	0.276829	0.0551542	0	0	0
N40	0.354408	0.434771	0	0	0
CGA312	1.37584	0.366716	0	0	0
N41	0.0199306	0.150004	0	0	0
N42	0.00344274	0.268142	0	0	0
N43	0.0253475	0.00872375	0	0	0
N44	0.500363	0.149985	0	0	0
CGA642	0.170448	0.13345	0	0	0
N45	0.0281686	0.0170161	0	0	0
CGA763	0.0357687	1.00992	0	0	0
C601	1.05978	0.0339375	0	0	0
N46	0.0138482	0.0317397	0	0	0
CGA236	0.713303	0.308036	0	0	0
N47	0.0153065	0.145663	0	0	0
N48	0.156729	0.202426	0	0	0
Calboe	0.0517371	2.46978	0	0	0
C3125	1.63439	0.0530813	0	0	0
CGA429	0.132839	1.59722	0	0	0
N49	0.00153562	0.679233	0	0	0
C984	0.144645	2.06294	0	0	0
N50	0.00463334	0.184961	0	0	0
CGA310	0.20826	0.946223	0	0	0
N51	0.0481118	0.712498	0	0	0
CGA365	0.194684	0.26826	0	0	0
CGA494	0.0594186	1.133	0	0	0
N52	0.547802	0.0944762	0	0	0
N53	0.0163942	0.0868206	0	0	0
C12265	0.871197	0.11487	0	0	0
N54	0.0169724	1.22442	0	0	0
C404	0.0199979	1.05603	0	0	0
N55	0.0106159	0.0227244	0	0	0
Cl11778	0.0380069	0.0619296	0	0	0
CGA48	0.0380069	0.0619296	0	0	0
C3126	1.77875	0.0928827	0	0	0
N56	1.26317	0.31722	0	0	0
CGA311	0.386249	0.403444	0	0	0
N57	0.040108	0.0137503	0	0	0
N58	0.0493297	0.146222	0	0	0
CGA45	0.09482	1.04148	0	0	0
N59	0.0411363	0.0170307	0	0	0
C3043	0.18391	0.154678	0	0	0
CGA364	0.18391	0.154678	0	0	0
C2208	1.13948	0.183038	0	0	0
N60	1.5466	0.510155	0	0	0
N61	0.132523	0.110566	0	0	0
CGA453	0.175997	0.0839506	0	0	0
N62	0.0230148	0.0892717	0	0	0
CGA501	0.188704	0.0304006	0	0	0
C3121	0.0146355	0.856332	0	0	0
N63	0.308148	0.194363	0	0	0
Calparcri	0.00833021	0.00811249	0	0	0
C3118	0.00833021	0.00811249	0	0	0
N64	0.0274707	0.0168467	0	0	0
N65	0.791466	0.0766379	0	0	0
N66	0.355812	0.263785	0	0	0
N67	0.0856875	0.367997	0	0	0
N68	0.870245	0.0786614	0	0	0
Triowe	0.635598	0.366555	0	0	0
N69	0.136849	0.0344601	0	0	0
Trijoh	0.472772	0.306204	0	0	0
Trimel	0.472772	0.306204	0	0	0
N70	0.081619	4.32048	0	0	0
N71	0.0134386	0.352573	0	0	0
Trihoe	0.0634072	0.40572	0	0	0
Tribit	0.0634072	0.40572	0	0	0
Trijac	0.0955661	0.777087	0	0	0
N72	0.905129	0.237694	0	0	0
Tricri	0.503355	0.39241	0	0	0
N73	0.15517	0.0794002	0	0	0
Triwie	0.300238	0.265063	0	0	0
Triqua	0.300238	0.265063	0	0	0
N74	0.428298	0.0894305	0	0	0
N75	0.897794	0.4415	0	0	0
Kinboe	0.49412	0.418976	0	0	0
Kinfis	0.49412	0.418976	0	0	0
Kinxen	1.46819	0.936753	0	0	0
N76	0.0101524	0.102829	0	0	0
N77	0.086843	2.38638	0	0	0
N78	0.141219	1.74468	0	0	0
N79	0.0563182	0.372919	0	0	0
N80	0.0189503	0.0560458	0	0	0
Chaafr	0.081122	0.144334	0	0	0
Chacha	0.081122	0.144334	0	0	0
N81	0.0293351	0.0813038	0	0	0
Chacaly	0.0640538	0.112393	0	0	0
Chazey	0.0640538	0.112393	0	0	0
N82	0.0286348	0.112723	0	0	0
Chadil	0.213363	0.546184	0	0	0
Chasen	0.213363	0.546184	0	0	0
Chanam	0.441494	2.46187	0	0	0
N83	1.61338	0.933374	0	0	0
N84	0.0252638	0.0246466	0	0	0
N85	0.0024101	0.00266254	0	0	0
Braset	0.107601	0.110047	0	0	0
N86	0.00796391	0.00827173	0	0	0
N87	0.0495242	0.051275	0	0	0
Bramel	0.00426216	0.00465053	0	0	0
Bratha	0.00426216	0.00465053	0	0	0
N88	0.024962	0.0257409	0	0	0
Bradra	0.0180462	0.0194064	0	0	0
Bratra	0.0180462	0.0194064	0	0	0
N89	0.0569488	0.0576041	0	0	0
Bragut	0.021524	0.023568	0	0	0
Braven	0.021524	0.023568	0	0	0
N90	0.0672096	0.0626226	0	0	0
Brapum	0.0724591	0.0791283	0	0	0
Bradam	0.0724591	0.0791283	0	0	0
#+++++++++++++++++++++++++++++

#Expected number of events from root to leaf
LEAF	GAIN	LOSS	DUPLICATION	DEMI-DUPLICATION	BASE-NUMBER
B3088	2.54013	1.57211	0	0	0
BGA709	2.52097	1.55296	0	0	0
BGA309	2.52097	1.55296	0	0	0
B11696	2.34789	1.37988	0	0	0
B11609	2.34789	1.37988	0	0	0
B983	2.31489	1.34688	0	0	0
B11604	2.31489	1.34688	0	0	0
BGAA1	2.25219	1.28417	0	0	0
BGA584	2.25219	1.28417	0	0	0
BGA303	2.2803	1.31229	0	0	0
BGAB1	2.2803	1.31229	0	0	0
PGA445	2.62315	1.65513	0	0	0
Rhaspe	0.497237	7.49996	0	0	0
Rhamar	0.48763	7.48828	0	0	0
Rhatem	0.602861	6.60351	0	0	0
FGA379	2.43579	2.46774	0	0	0
F3015	0.830448	6.83728	0	0	0
F1476	0.796433	6.80317	0	0	0
Furcep	2.62385	5.63059	0	0	0
Furpol	0.919533	5.92626	0	0	0
F2241	0.770795	6.77752	0	0	0
Furang	0.770795	6.77752	0	0	0
FGA490	0.793305	6.80003	0	0	0
FGA456	0.801858	5.8086	0	0	0
FGA513	0.801858	5.8086	0	0	0
F12278	0.824997	5.83174	0	0	0
Furant	1.07115	6.07788	0	0	0
FGA331	2.72142	5.72815	0	0	0
FGA465	0.768826	6.77556	0	0	0
FGA99	0.766447	6.77318	0	0	0
FGA15	0.774305	6.78104	0	0	0
FGA581	0.987466	5.9942	0	0	0
FGA104	1.44997	5.45674	0	0	0
FGA489	0.821252	6.82802	0	0	0
FGA174	1.82565	4.83701	0	0	0
FurbGB	0.932358	5.94385	0	0	0
CGA312	2.79131	1.824	0	0	0
CGA642	2.135	2.16759	0	0	0
CGA763	2.02849	3.06108	0	0	0
C601	3.0525	2.08509	0	0	0
CGA236	2.19134	2.22393	0	0	0
Calboe	1.70181	4.73377	0	0	0
C3125	3.28446	2.31707	0	0	0
CGA429	1.62618	3.65877	0	0	0
C984	1.58502	4.6176	0	0	0
CGA310	1.65327	3.68585	0	0	0
CGA365	1.68781	3.72039	0	0	0
CGA494	1.55254	4.58512	0	0	0
C12265	2.87079	1.90346	0	0	0
C404	2.03657	4.06904	0	0	0
Cl11778	2.06519	3.09766	0	0	0
CGA48	2.06519	3.09766	0	0	0
C3126	3.76196	1.79465	0	0	0
CGA311	2.71048	1.74318	0	0	0
CGA45	2.50849	2.54119	0	0	0
C3043	2.63872	1.67142	0	0	0
CGA364	2.63872	1.67142	0	0	0
C2208	3.50383	1.53652	0	0	0
CGA453	2.63935	1.67203	0	0	0
CGA501	2.67507	1.70775	0	0	0
C3121	2.501	2.53368	0	0	0
Calparcri	2.64731	1.67999	0	0	0
C3118	2.64731	1.67999	0	0	0
Triowe	2.92069	1.95273	0	0	0
Trijoh	2.89471	1.92684	0	0	0
Trimel	2.89471	1.92684	0	0	0
Trihoe	1.57331	6.58628	0	0	0
Tribit	1.57331	6.58628	0	0	0
Trijac	1.59203	6.60508	0	0	0
Tricri	2.73764	1.76962	0	0	0
Triwie	2.68969	1.72167	0	0	0
Triqua	2.68969	1.72167	0	0	0
Kinboe	2.79356	1.82563	0	0	0
Kinfis	2.79356	1.82563	0	0	0
Kinxen	2.86983	1.90191	0	0	0
Chaafr	0.576482	5.60628	0	0	0
Chacha	0.576482	5.60628	0	0	0
Chacaly	0.569798	5.59959	0	0	0
Chazey	0.569798	5.59959	0	0	0
Chadil	0.662089	5.69188	0	0	0
Chasen	0.662089	5.69188	0	0	0
Chanam	0.720366	5.75016	0	0	0
Braset	1.94069	1.97265	0	0	0
Bramel	1.89484	1.9268	0	0	0
Bratha	1.89484	1.9268	0	0	0
Bradra	1.88406	1.91602	0	0	0
Bratra	1.88406	1.91602	0	0	0
Bragut	1.90915	1.94111	0	0	0
Braven	1.90915	1.94111	0	0	0
Brapum	1.94508	1.97705	0	0	0
Bradam	1.94508	1.97705	0	0	0
