#Nodes with GAIN events with expectation above 0.5
PGA445: 0.555293
Furcep: 1.91108
FGA331: 1.86782
FGA104: 1.02454
FGA174: 1.89038
C601: 1.00152
C3125: 1.23986
C3126: 1.3603
C2208: 0.988863
Total number of gain events: 20.0852
#+++++++++++++++++++++++++++++

#Nodes with LOSS events with expectation above 0.5
PGA445: 0.572105
Rhaspe: 1.67562
Rhamar: 1.61404
Rhatem: 0.724953
FGA379: 1.1275
F3015: 1.02295
F1476: 0.984477
N28: 0.800051
FGA465: 0.983051
FGA99: 0.804881
FGA15: 0.794217
FGA489: 1.01883
N42: 0.572777
CGA763: 1.00797
Calboe: 2.63489
CGA429: 1.72639
N49: 1.27432
C984: 1.61099
CGA494: 1.0034
N54: 1.59127
C404: 1.02377
CGA45: 1.01168
C3121: 0.966453
N83: 1.13206
Total number of loss events: 37.1569
#+++++++++++++++++++++++++++++

#Nodes with duplication events with expectation above 0.5
Total number of duplication events: 2.10237e-31
#+++++++++++++++++++++++++++++

#Nodes with demi-duplication events with expectation above 0.5
N2: 0.537422
FGA379: 0.999767
N38: 0.669794
N68: 0.957348
N72: 0.966799
N74: 0.601342
N83: 0.999435
Total number of demi-dulications events: 8.53893
#+++++++++++++++++++++++++++++

#+++++++++++++++++++++++++++++

#Nodes with transitions in base number with expectation above 0.5
Total number of transitions in base number: 0
#+++++++++++++++++++++++++++++

#EVENTS NOT ACCOUNTED FOR IN THE SIMULATIONS: 
NONE
#+++++++++++++++++++++++++++++

#ALL EVENTS EXPECTATIONS PER NODE
NODE	GAIN	LOSS	DUPLICATION	DEMI-DUPLICATION	BASE-NUMBER
N2	0.0240452	0.0136078	2.06737e-31	0.537422	0
N3	0.0913506	0.0820463	1.06264e-38	0.453695	0
N4	0.023961	0.0151738	1.03734e-40	0.00586488	0
B3088	0.338117	0.370389	0	0.00301596	0
N5	0.0315757	0.0250501	1.58376e-37	0.00128455	0
BGA709	0.287515	0.326308	0	0.00173213	0
BGA309	0.287515	0.326308	0	0.00173213	0
N6	0.045776	0.0580924	2.26662e-42	0.00862608	0
N7	0.086664	0.0834045	1.68782e-43	0.0002337	0
B11696	0.079589	0.0939834	0	2.09908e-05	0
B11609	0.079589	0.0939834	0	2.09908e-05	0
N8	0.00968083	0.0135808	3.23227e-48	0.000246925	0
N9	0.00258566	0.00252644	1.0079e-45	5.20463e-06	0
N10	0.025656	0.0214584	1.28953e-40	1.87792e-06	0
B983	0.11382	0.125312	0	7.1229e-07	0
B11604	0.11382	0.125312	0	7.1229e-07	0
N11	0.0666319	0.0659035	1.04599e-43	2.39833e-06	0
BGAA1	0.0512039	0.0592261	0	1.44236e-07	0
BGA584	0.0512039	0.0592261	0	1.44236e-07	0
N12	0.0637964	0.0608447	1.35467e-46	7.11987e-06	0
BGA303	0.0653702	0.0755566	0	6.31258e-07	0
BGAB1	0.0653702	0.0755566	0	6.31258e-07	0
PGA445	0.555293	0.572105	0	0.462629	0
N13	0.00692112	0.0173813	2.08933e-35	5.60817e-07	0
N14	0.00361228	0.433015	6.41101e-40	6.73323e-09	0
Rhaspe	0.112417	1.67562	0	0.0003901	0
N15	0.00323385	0.0605437	7.93257e-34	5.93116e-08	0
Rhamar	0.10861	1.61404	0	0.000230319	0
Rhatem	0.216306	0.724953	0	0.000929821	0
N16	0.00859528	0.000861181	1.49523e-44	1.79628e-08	0
N17	0.0152422	0.0138357	2.28012e-45	0.000155446	0
N18	0.011477	0.0166309	4.3386e-40	1.94709e-06	0
FGA379	0.158494	1.1275	0	0.999767	0
N19	0.0293437	0.0146406	1.99951e-36	7.98458e-06	0
N20	0.0282222	0.0221873	2.32429e-36	3.33511e-06	0
N21	0.0014128	0.0300371	9.16983e-41	3.50134e-07	0
F3015	0.0345804	1.02295	0	4.70768e-08	0
N22	0.002777	0.00522097	1.42517e-39	3.14297e-08	0
N23	0.0122757	0.00207537	1.30867e-39	1.62675e-08	0
N24	0.00239607	0.0216859	1.84509e-43	5.54081e-08	0
N25	0.000869168	0.0141729	1.18624e-49	2.67503e-10	0
F1476	0.0209142	0.984477	0	4.99933e-09	0
N26	0.00643803	0.00673894	3.81052e-40	2.87319e-09	0
Furcep	1.91108	0.157629	0	0.0566558	0
N27	0.00100189	0.0298914	8.50053e-39	3.88678e-09	0
Furpol	0.094506	0.0288852	0	8.89058e-07	0
N28	0.0019136	0.800051	2.21304e-39	3.55243e-09	0
N29	0.00231662	0.120607	1.36772e-44	1.63206e-09	0
F2241	0.00480687	0.022754	0	2.44664e-10	0
Furang	0.00480687	0.022754	0	2.44664e-10	0
FGA490	0.0115075	0.147745	0	2.35253e-10	0
N30	0.00454444	0.0128439	2.31292e-51	2.36019e-08	0
N31	0.00706388	0.00327993	8.94708e-48	5.17238e-10	0
N32	0.030037	0.000807077	3.23325e-48	5.87616e-09	0
N33	0.00138314	0.00225484	3.92626e-43	5.23417e-09	0
N34	0.00314459	0.00359933	2.23583e-41	6.83148e-09	0
FGA456	0.00473055	0.00504916	0	6.56728e-10	0
FGA513	0.00473055	0.00504916	0	6.56728e-10	0
F12278	0.0112312	0.0120046	0	2.2981e-09	0
N35	0.133194	0.00354177	2.10875e-43	5.60778e-06	0
Furant	0.00611763	0.137457	0	2.04564e-06	0
FGA331	1.86782	0.00144723	0	0.00045992	0
FGA465	0.0106986	0.983051	0	1.44553e-09	0
N36	0.00351509	0.1762	1.18866e-48	4.20551e-09	0
FGA99	0.00899717	0.804881	0	7.14224e-10	0
N37	0.0103175	0.017469	5.11003e-44	1.6521e-07	0
FGA15	0.00548459	0.794217	0	4.76638e-09	0
FGA581	0.217617	0.00634942	0	1.85728e-08	0
FGA104	1.02454	0.0281144	0	0.00180488	0
FGA489	0.0329	1.01883	0	1.42114e-08	0
FGA174	1.89038	0.141486	0	0.0449233	0
FurbGB	0.122537	0.134422	0	0.000232582	0
N38	0.00275898	0.0031014	3.67159e-43	0.669794	0
N39	0.016078	0.0325684	1.27374e-38	0.251821	0
N40	0.0510381	0.37953	7.8178e-44	0.0769233	0
CGA312	0.472825	0.128343	0	0.00138458	0
N41	0.00258732	0.209915	4.15495e-46	0.00124069	0
N42	0.000328496	0.572777	1.7905e-51	5.65266e-05	0
N43	0.00837533	0.00476528	2.36336e-54	1.33776e-06	0
N44	0.15651	0.0368722	2.87183e-52	4.28977e-07	0
CGA642	0.0408939	0.0386018	0	1.01176e-08	0
N45	0.0122735	0.00621451	1.85415e-51	5.83227e-09	0
CGA763	0.00420435	1.00797	0	4.13911e-09	0
C601	1.00152	0.00529584	0	5.6348e-09	0
N46	0.00222831	0.01811	1.76063e-46	9.16918e-08	0
CGA236	0.214483	0.0766606	0	5.35365e-07	0
N47	0.0026824	0.164799	1.60931e-41	2.53697e-08	0
N48	0.0543938	0.122922	1.53071e-37	1.70668e-08	0
Calboe	0.00375945	2.63489	0	8.92384e-07	0
C3125	1.23986	0.054318	0	0.0200619	0
CGA429	0.0265339	1.72639	0	7.74573e-08	0
N49	4.98186e-05	1.27432	4.55949e-48	1.12375e-06	0
C984	0.0213366	1.61099	0	1.02549e-07	0
N50	0.000728813	0.1835	3.41302e-40	7.14594e-08	0
CGA310	0.0528506	0.459705	0	4.69376e-08	0
N51	0.00965127	0.418842	4.05091e-40	4.03158e-08	0
CGA365	0.0746024	0.0722662	0	6.22909e-09	0
CGA494	0.00573342	1.0034	0	2.90254e-09	0
N52	0.254278	0.0325486	4.21657e-49	5.89083e-05	0
N53	0.00375818	0.0625176	6.13076e-48	4.65743e-07	0
C12265	0.425161	0.0356921	0	6.66701e-07	0
N54	0.00138092	1.59127	3.70305e-47	3.58903e-07	0
C404	0.0031821	1.02377	0	1.65749e-09	0
N55	0.00306665	0.0141854	5.52318e-56	1.50893e-09	0
Cl11778	0.00614972	0.0156169	0	1.39695e-10	0
CGA48	0.00614972	0.0156169	0	1.39695e-10	0
C3126	1.3603	0.0357936	0	0.00103539	0
N56	0.190664	0.123857	3.63192e-46	0.0777881	0
CGA311	0.0830805	0.134157	0	0.000437935	0
N57	0.00905838	0.00315128	2.9185e-44	0.000359719	0
N58	0.007728	0.070403	2.5225e-47	7.63427e-05	0
CGA45	0.0173751	1.01168	0	1.50131e-06	0
N59	0.00912051	0.0041661	5.04144e-51	1.12152e-06	0
C3043	0.0362659	0.0355284	0	3.79064e-07	0
CGA364	0.0362659	0.0355284	0	3.79064e-07	0
C2208	0.988863	0.0458529	0	7.78955e-05	0
N60	0.21775	0.218486	5.2254e-41	0.325872	0
N61	0.0170847	0.0279224	2.99479e-41	0.00410622	0
CGA453	0.0270719	0.0193039	0	7.32817e-05	0
N62	0.00352268	0.0358951	3.19505e-50	7.14057e-05	0
CGA501	0.0482717	0.00813131	0	1.87565e-06	0
C3121	0.00659299	0.966453	0	1.87548e-06	0
N63	0.0474713	0.0503333	7.08329e-46	0.0041728	0
Calparcri	0.00146262	0.00166996	0	6.71721e-06	0
C3118	0.00146262	0.00166996	0	6.71721e-06	0
N64	0.000965387	0.000552317	3.12829e-44	6.2364e-09	0
N65	0.0164535	0.0115106	3.49833e-41	0.000386992	0
N66	0.0188125	0.0195958	1.04539e-39	2.58514e-05	0
N67	0.00831513	0.00910171	5.37734e-37	1.35297e-06	0
N68	0.0211105	0.0196182	2.22685e-40	0.957348	0
Triowe	0.09691	0.101774	0	0.0422368	0
N69	0.00833916	0.00739542	4.94695e-42	0.0290219	0
Trijoh	0.0721506	0.0779575	0	0.0132149	0
Trimel	0.0721506	0.0779575	0	0.0132149	0
N70	0.0328132	0.0347798	5.95498e-40	2.88344e-06	0
N71	0.00357661	0.00431807	2.87949e-39	1.7847e-07	0
Trihoe	0.0105898	0.0116957	0	2.17932e-08	0
Tribit	0.0105898	0.0116957	0	2.17932e-08	0
Trijac	0.0193586	0.0212058	0	1.66344e-07	0
N72	0.0524378	0.0502185	1.71788e-40	0.966799	0
Tricri	0.0930281	0.100197	0	0.0327892	0
N73	0.0159068	0.0165779	7.64067e-41	0.0276206	0
Triwie	0.0555832	0.0620813	0	0.00516841	0
Triqua	0.0555832	0.0620813	0	0.00516841	0
N74	0.0308526	0.0212198	6.27378e-37	0.601342	0
N75	0.135562	0.132202	6.07523e-37	0.368657	0
Kinboe	0.0980754	0.117927	0	0.0296094	0
Kinfis	0.0980754	0.117927	0	0.0296094	0
Kinxen	0.306596	0.325205	0	0.398267	0
N76	0.00204598	0.00361554	1.07666e-38	5.41693e-07	0
N77	0.0512264	0.0362851	2.622e-33	3.31937e-05	0
N78	0.0487714	0.0586863	5.11066e-35	1.21983e-05	0
N79	0.00854267	0.0112147	4.1527e-38	5.04002e-07	0
N80	0.00277832	0.00268315	1.22895e-41	1.4821e-08	0
Chaafr	0.0122223	0.0128866	0	2.42071e-09	0
Chacha	0.0122223	0.0128866	0	2.42071e-09	0
N81	0.00404943	0.00399778	2.30789e-42	1.34797e-08	0
Chacaly	0.0087808	0.00940165	0	3.10318e-09	0
Chazey	0.0087808	0.00940165	0	3.10318e-09	0
N82	0.00457199	0.00431242	6.20543e-36	4.09278e-07	0
Chadil	0.0370049	0.040506	0	1.99623e-07	0
Chasen	0.0370049	0.040506	0	1.99623e-07	0
Chanam	0.182042	0.19652	0	0.000338527	0
N83	0.172277	1.13206	5.4339e-40	0.999435	0
N84	0.00267555	0.0150305	3.58443e-50	0.000524272	0
N85	0.000116242	0.000560653	2.32533e-55	1.95237e-06	0
Braset	0.0205657	0.0210246	0	1.44537e-07	0
N86	0.00104272	0.00124329	7.1541e-51	1.40098e-07	0
N87	0.00832631	0.00853002	3.00692e-54	4.43369e-09	0
Bramel	0.000783579	0.000838132	0	4.96335e-12	0
Bratha	0.000783579	0.000838132	0	4.96335e-12	0
N88	0.00360715	0.00368515	1.46784e-52	4.40352e-09	0
Bradra	0.00285138	0.00303165	0	3.50868e-11	0
Bratra	0.00285138	0.00303165	0	3.50868e-11	0
N89	0.00928004	0.00986382	4.04247e-54	2.08772e-06	0
Bragut	0.00318884	0.00350827	0	1.17071e-08	0
Braven	0.00318884	0.00350827	0	1.17071e-08	0
N90	0.00904127	0.0192969	4.33277e-43	0.000514851	0
Brapum	0.0113653	0.0143559	0	1.15522e-05	0
Bradam	0.0113653	0.0143559	0	1.15522e-05	0
#+++++++++++++++++++++++++++++

#Expected number of events from root to leaf
LEAF	GAIN	LOSS	DUPLICATION	DEMI-DUPLICATION	BASE-NUMBER
B3088	0.477473	0.481217	2.06737e-31	0.999998	0
BGA709	0.458448	0.462187	2.06737e-31	0.999999	0
BGA309	0.458448	0.462187	2.06737e-31	0.999999	0
B11696	0.327425	0.331134	2.06737e-31	0.999998	0
B11609	0.327425	0.331134	2.06737e-31	0.999998	0
B983	0.312914	0.316624	2.06737e-31	0.999998	0
B11604	0.312914	0.316624	2.06737e-31	0.999998	0
BGAA1	0.291274	0.294983	2.06737e-31	0.999998	0
BGA584	0.291274	0.294983	2.06737e-31	0.999998	0
BGA303	0.300019	0.303729	2.06737e-31	0.999998	0
BGAB1	0.300019	0.303729	2.06737e-31	0.999998	0
PGA445	0.579338	0.585713	2.06737e-31	1.00005	0
Rhaspe	0.12295	2.12602	2.0894e-35	0.000390668	0
Rhamar	0.122377	2.12498	8.14151e-34	0.000230946	0
Rhatem	0.230073	1.23589	8.14151e-34	0.000930448	0
FGA379	0.20073	1.17621	2.08938e-35	0.999925	0
F3015	0.135795	1.13853	2.52176e-35	0.000169689	0
F1476	0.140446	1.14321	2.52204e-35	0.00016975	0
Furcep	2.03705	0.323097	2.52208e-35	0.0568256	0
Furpol	0.221478	0.224245	2.52293e-35	0.000170641	0
F2241	0.136009	1.13877	2.52315e-35	0.000169758	0
Furang	0.136009	1.13877	2.52315e-35	0.000169758	0
FGA490	0.140393	1.14316	2.52315e-35	0.000169756	0
FGA456	0.169567	0.172391	2.52204e-35	0.000169788	0
FGA513	0.169567	0.172391	2.52204e-35	0.000169788	0
F12278	0.172923	0.175747	2.52204e-35	0.000169783	0
Furant	0.29962	0.302486	2.52204e-35	0.000177429	0
FGA331	2.16132	0.166476	2.52204e-35	0.000635303	0
FGA465	0.14097	1.14373	2.52204e-35	0.000169771	0
FGA99	0.13572	1.13848	2.52204e-35	0.000169774	0
FGA15	0.142525	1.14529	2.52204e-35	0.000169943	0
FGA581	0.354657	0.357419	2.52204e-35	0.000169957	0
FGA104	1.14081	0.150985	2.52204e-35	0.00197456	0
FGA489	0.136891	1.13962	2.52191e-35	0.000169688	0
FGA174	1.99018	0.227023	2.52176e-35	0.0450925	0
FurbGB	0.194116	0.197772	2.28933e-35	0.000398539	0
CGA312	0.573459	0.57562	2.09061e-35	1.00008	0
CGA642	0.309328	1.31021	2.09061e-35	0.999993	0
CGA763	0.284912	2.28579	2.09061e-35	0.999993	0
C601	1.28223	1.28312	2.09061e-35	0.999993	0
CGA236	0.328636	1.32951	2.09061e-35	0.999993	0
Calboe	0.174989	4.17546	2.10592e-35	0.999994	0
C3125	1.41109	1.59488	2.10592e-35	1.02005	0
CGA429	0.143369	3.14403	2.09061e-35	0.999993	0
C984	0.124936	4.11528	2.09061e-35	0.999993	0
CGA310	0.157179	3.1475	2.09064e-35	0.999993	0
CGA365	0.188582	3.1789	2.09068e-35	0.999993	0
CGA494	0.119713	4.11003	2.09068e-35	0.999993	0
C12265	0.786418	0.787951	2.09061e-35	0.999995	0
C404	0.36582	3.36729	2.09061e-35	0.999995	0
Cl11778	0.371855	2.37333	2.09061e-35	0.999995	0
CGA48	0.371855	2.37333	2.09061e-35	0.999995	0
C3126	1.7178	0.725535	2.09061e-35	1.00103	0
CGA311	0.32334	0.325761	2.09061e-35	0.999997	0
CGA45	0.274421	1.27684	2.09061e-35	0.999997	0
C3043	0.302432	0.304853	2.09061e-35	0.999997	0
CGA364	0.302432	0.304853	2.09061e-35	0.999997	0
C2208	1.23818	0.240609	2.09061e-35	0.999997	0
CGA453	0.295424	0.300891	2.08934e-35	1	0
CGA501	0.320147	0.325614	2.08934e-35	1	0
C3121	0.278468	1.28394	2.08934e-35	1	0
Calparcri	0.300202	0.305668	2.08934e-35	1	0
C3118	0.300202	0.305668	2.08934e-35	1	0
Triowe	0.178083	0.180395	2.14324e-35	1	0
Trijoh	0.161663	0.163974	2.14324e-35	1	0
Trimel	0.161663	0.163974	2.14324e-35	1	0
Trihoe	0.107043	0.109797	2.14356e-35	0.000417865	0
Tribit	0.107043	0.109797	2.14356e-35	0.000417865	0
Trijac	0.112235	0.114989	2.14327e-35	0.000417831	0
Tricri	0.197214	0.200317	2.08946e-35	1	0
Triwie	0.175676	0.178779	2.08947e-35	1	0
Triqua	0.175676	0.178779	2.08947e-35	1	0
Kinboe	0.297426	0.301654	2.21283e-35	0.999997	0
Kinfis	0.297426	0.301654	2.21283e-35	0.999997	0
Kinxen	0.370384	0.376731	2.15207e-35	0.999997	0
Chaafr	0.142069	0.144166	2.69405e-33	4.70399e-05	0
Chacha	0.142069	0.144166	2.69405e-33	4.70399e-05	0
Chacaly	0.139899	0.141996	2.69405e-33	4.70392e-05	0
Chazey	0.139899	0.141996	2.69405e-33	4.70392e-05	0
Chadil	0.160102	0.1622	2.70022e-33	4.71276e-05	0
Chasen	0.160102	0.1622	2.70022e-33	4.71276e-05	0
Chanam	0.251796	0.255215	2.64291e-33	0.000372848	0
Braset	0.214162	1.19109	2.09046e-35	0.999962	0
Bramel	0.203749	1.18068	2.09046e-35	0.999962	0
Bratha	0.203749	1.18068	2.09046e-35	0.999962	0
Bradra	0.201098	1.17802	2.09046e-35	0.999962	0
Bratra	0.201098	1.17802	2.09046e-35	0.999962	0
Bragut	0.205949	1.18288	2.09046e-35	0.999962	0
Braven	0.205949	1.18288	2.09046e-35	0.999962	0
Brapum	0.211212	1.18813	2.09046e-35	0.999962	0
Bradam	0.211212	1.18813	2.09046e-35	0.999962	0
