NODE	1	2	3	4	5	6	7	8	9	10	11	12	13	14	15	16	17	18	19	20	21	22	23	24	25	26	27	28	29	
N1	8.77226e-59	5.74242e-55	3.18123e-51	1.33483e-47	4.08994e-44	8.77121e-41	1.26585e-37	1.20664e-34	7.6709e-32	1.84013e-29	5.58615e-27	7.46711e-24	6.90477e-21	3.88611e-18	4.90686e-11	9.75491e-07	0.00237683	0.246655	0.659756	0.0897704	0.00143624	4.73779e-06	4.57828e-09	1.63403e-12	2.70268e-18	2.35196e-20	1.49631e-22	7.20689e-25	2.78326e-27	
N2	1.39471e-60	3.11275e-56	7.79532e-52	1.53394e-47	2.29639e-43	2.53673e-39	2.00922e-35	1.12641e-31	4.59797e-28	1.63837e-24	8.34132e-21	3.28779e-17	8.31196e-14	1.2514e-10	1.01729e-07	3.87767e-05	0.0055629	0.202547	0.635959	0.14863	0.00714646	0.000115186	8.11251e-07	2.94223e-09	6.1409e-12	8.09843e-15	3.1536e-17	7.88057e-19	1.05711e-19	
N3	2.48466e-65	2.85814e-60	2.78183e-55	1.92195e-50	9.05879e-46	2.76118e-41	5.04803e-37	4.92713e-33	1.82872e-29	1.20439e-27	6.37057e-25	1.14123e-20	1.36633e-16	9.2633e-13	3.15448e-09	4.52119e-06	0.0020396	0.167044	0.676811	0.148904	0.00514806	4.83878e-05	1.69582e-07	2.70724e-10	2.25612e-13	1.08243e-16	3.22491e-20	6.7952e-24	4.83036e-27	
N4	1.57024e-69	2.0497e-64	2.73288e-59	2.95304e-54	2.56819e-49	1.72278e-44	8.25233e-40	2.52751e-35	3.61902e-31	5.58149e-28	6.883e-24	1.04226e-19	9.51314e-16	4.78136e-12	1.17144e-08	1.16713e-05	0.00353184	0.192145	0.654541	0.144348	0.00536479	5.67768e-05	2.30723e-07	4.34987e-10	4.32971e-13	2.49877e-16	1.0324e-19	2.71075e-22	1.33521e-23	
B3088	0	0	0	0	0	0	0	0	0	0	0	0	0	0	0	0	0	1	0	0	0	0	0	0	0	0	0	0	0	
N5	2.58434e-61	3.43952e-57	5.69801e-53	8.43135e-49	1.21573e-44	1.81869e-40	2.73895e-36	3.73707e-32	4.1396e-28	3.4458e-24	2.03145e-20	8.01909e-17	1.99853e-13	2.91103e-10	2.2263e-07	7.63572e-05	0.00913822	0.244503	0.607779	0.132532	0.00588387	8.70474e-05	5.61799e-07	1.86758e-09	3.57636e-12	4.27606e-15	3.7368e-18	1.76702e-20	1.84576e-21	
BGA709	0	0	0	0	0	0	0	0	0	0	0	0	0	0	0	0	0	1	0	0	0	0	0	0	0	0	0	0	0	
BGA309	0	0	0	0	0	0	0	0	0	0	0	0	0	0	0	0	0	1	0	0	0	0	0	0	0	0	0	0	0	
N6	2.66267e-67	3.60724e-62	4.13621e-57	3.3655e-52	1.87206e-47	6.79363e-43	1.52282e-38	2.01082e-34	1.4859e-30	2.31107e-28	4.97505e-26	1.0735e-21	1.88224e-17	1.96491e-13	1.05977e-09	2.49509e-06	0.00192818	0.271887	0.66011	0.0650968	0.000970837	4.05895e-06	6.60732e-09	5.10614e-12	2.13496e-15	5.29369e-19	8.36563e-23	1.08867e-26	1.60166e-29	
N7	3.64692e-59	7.27004e-55	1.37088e-50	1.865e-46	1.75561e-42	1.08609e-38	4.15892e-35	9.41797e-32	1.30297e-28	2.33527e-25	2.08041e-21	1.32179e-17	5.35276e-14	1.27697e-10	1.60694e-07	9.02049e-05	0.016987	0.591539	0.3684	0.022639	0.000343035	1.95182e-06	5.25309e-09	7.7253e-12	6.84866e-15	3.93002e-18	1.55311e-21	5.8345e-25	2.31885e-27	
B11696	0	0	0	0	0	0	0	0	0	0	0	0	0	0	0	0	0	1	0	0	0	0	0	0	0	0	0	0	0	
B11609	0	0	0	0	0	0	0	0	0	0	0	0	0	0	0	0	0	1	0	0	0	0	0	0	0	0	0	0	0	
N8	2.68272e-79	5.9088e-73	9.1343e-67	8.99789e-61	5.54506e-55	2.06686e-49	4.39236e-44	4.88247e-39	2.30393e-34	4.04982e-32	4.3826e-30	1.78554e-25	1.34521e-20	8.22876e-16	2.40052e-11	2.72334e-07	0.000840297	0.32491	0.636628	0.0373783	0.000242591	3.57607e-07	1.76933e-10	3.7215e-14	3.88696e-18	2.247e-22	8.96155e-27	2.10573e-30	9.4409e-33	
N9	1.88596e-64	9.49286e-61	4.14453e-57	1.38551e-53	3.33942e-50	3.52773e-47	6.06259e-45	1.75057e-42	5.27004e-38	3.3569e-35	3.48721e-30	5.29375e-25	4.7367e-20	2.28408e-15	5.23212e-11	4.65989e-07	0.00113076	0.345882	0.61959	0.0331963	0.000199743	2.83056e-07	1.39402e-10	3.00565e-14	3.29787e-18	2.08252e-22	3.55247e-25	1.39582e-27	2.76239e-29	
N10	5.39501e-64	1.72828e-59	5.30614e-55	1.1753e-50	1.81886e-46	1.91991e-42	1.41222e-38	8.63577e-35	6.51398e-31	7.99396e-27	1.13883e-22	1.10553e-18	6.79381e-15	2.43983e-11	4.57061e-08	3.75298e-05	0.0100238	0.467762	0.494375	0.0274821	0.000318258	1.29846e-06	2.42692e-09	2.43198e-12	1.45067e-15	5.57593e-19	3.44155e-22	2.89079e-24	9.94592e-26	
B985	0	0	0	0	0	0	0	0	0	0	0	0	0	0	0	0	0	1	0	0	0	0	0	0	0	0	0	0	0	
B199	0	0	0	0	0	0	0	0	0	0	0	0	0	0	0	0	0	1	0	0	0	0	0	0	0	0	0	0	0	
N11	5.4011e-62	1.62277e-57	4.5393e-53	9.15744e-49	1.27791e-44	1.17198e-40	6.66091e-37	2.25157e-33	4.75731e-30	1.35868e-26	1.78524e-22	1.66444e-18	9.8541e-15	3.41804e-11	6.20041e-08	4.94411e-05	0.012857	0.579532	0.38963	0.0177458	0.000185361	7.09867e-07	1.27288e-09	1.24101e-12	7.27506e-16	2.75924e-19	8.06114e-23	1.10481e-25	1.72967e-27	
BGA89	0	0	0	0	0	0	0	0	0	0	0	0	0	0	0	0	0	1	0	0	0	0	0	0	0	0	0	0	0	
BGAA2	0	0	0	0	0	0	0	0	0	0	0	0	0	0	0	0	0	1	0	0	0	0	0	0	0	0	0	0	0	
N12	4.05027e-61	1.19251e-56	3.23474e-52	6.31871e-48	8.51705e-44	7.50044e-40	4.02246e-36	1.20763e-32	1.77842e-29	1.74844e-26	2.15575e-22	1.96096e-18	1.13441e-14	3.85175e-11	6.85807e-08	5.39059e-05	0.013917	0.628762	0.342431	0.0146861	0.000150073	5.71271e-07	1.0269e-09	1.00889e-12	5.98007e-16	2.2971e-19	6.26805e-23	3.32476e-26	2.86762e-28	
BGA304	0	0	0	0	0	0	0	0	0	0	0	0	0	0	0	0	0	1	0	0	0	0	0	0	0	0	0	0	0	
BGAB1	0	0	0	0	0	0	0	0	0	0	0	0	0	0	0	0	0	1	0	0	0	0	0	0	0	0	0	0	0	
PGA445	0	0	0	0	0	0	0	0	0	0	0	0	0	0	0	0	0	1	0	0	0	0	0	0	0	0	0	0	0	
N13	2.11997e-64	3.10001e-58	3.1632e-52	2.08098e-46	8.60513e-41	2.14126e-35	2.98612e-30	2.082e-25	5.10805e-21	1.47749e-19	2.66758e-17	1.23388e-13	2.49969e-10	1.90883e-07	5.53956e-05	0.00573721	0.169081	0.710407	0.113707	0.00101245	1.18739e-06	3.85977e-10	5.01399e-14	3.17863e-18	1.11043e-22	2.31511e-27	3.06436e-32	4.88851e-37	2.40579e-40	
N14	1.1955e-42	4.72027e-38	1.94075e-33	5.45015e-29	9.88237e-25	1.0892e-20	6.74438e-17	2.11104e-13	2.89211e-10	1.43194e-07	2.09669e-05	0.000929391	0.0146478	0.0942645	0.270212	0.35725	0.21175	0.0485386	0.00237448	1.29467e-05	2.25041e-08	1.84222e-11	8.469e-15	2.41999e-18	4.59671e-22	6.15939e-26	3.13397e-29	1.9287e-31	1.78518e-32	
Rhaspe	0	0	0	0	0	0	0	0	0	1	0	0	0	0	0	0	0	0	0	0	0	0	0	0	0	0	0	0	0	
N15	3.42717e-30	2.93554e-28	3.51223e-26	4.06432e-24	4.79958e-21	1.31495e-17	2.20241e-14	2.02225e-11	9.15248e-09	1.77386e-06	0.000126252	0.00322785	0.033088	0.149817	0.317565	0.32027	0.147813	0.0269387	0.00114382	7.54847e-06	1.94514e-08	2.62524e-11	2.14306e-14	1.15282e-17	4.41679e-21	4.83892e-24	2.68659e-25	2.54345e-27	5.54203e-28	
Rhamar	0	0	0	0	0	0	0	0	0	1	0	0	0	0	0	0	0	0	0	0	0	0	0	0	0	0	0	0	0	
Rhatem	0	0	0	0	0	0	0	0	0	0	1	0	0	0	0	0	0	0	0	0	0	0	0	0	0	0	0	0	0	
N16	6.20082e-72	2.35115e-66	3.08764e-61	3.13534e-56	3.39863e-50	2.18684e-44	6.52968e-39	8.41683e-34	1.17018e-29	1.36013e-27	8.98489e-23	6.83652e-18	1.983e-13	1.82371e-09	4.37384e-06	0.00213065	0.145103	0.742056	0.110001	0.000704028	5.64366e-07	1.12953e-10	8.12621e-15	2.60643e-19	4.98064e-24	1.20716e-27	1.16366e-30	6.03203e-34	1.34956e-35	
N17	1.45782e-67	1.35285e-61	9.3778e-56	4.48134e-50	1.45674e-44	3.12799e-39	4.21194e-34	3.2897e-29	1.19315e-24	6.62486e-22	4.88413e-20	7.0989e-16	6.87398e-12	2.06168e-08	1.70986e-05	0.00361198	0.152542	0.7284	0.11387	0.00155415	4.37677e-06	3.98293e-09	1.51879e-12	2.86593e-16	3.00339e-20	2.01701e-24	4.52124e-28	4.14402e-31	1.46234e-33	
N18	7.60768e-55	5.29698e-50	3.7e-45	2.04294e-40	8.67655e-36	2.75122e-31	6.28915e-27	9.9317e-23	1.02449e-18	6.39318e-15	2.1482e-11	3.17699e-08	1.32872e-05	0.00103819	0.0244116	0.195019	0.484263	0.276219	0.0188367	0.000199233	7.06758e-07	1.14426e-09	9.99602e-13	5.24021e-16	1.7752e-19	4.15993e-23	2.76923e-26	1.23833e-28	3.12352e-30	
FGA379	0	0	0	0	0	0	0	0	0	0	0	0	0	0	0	0	1	0	0	0	0	0	0	0	0	0	0	0	0	
N19	2.03612e-47	1.10502e-42	5.88813e-38	2.40271e-33	7.26026e-29	1.56233e-24	2.28204e-20	2.13148e-16	1.17009e-12	3.34849e-09	4.11704e-06	0.00151317	0.0671988	0.331854	0.402402	0.168718	0.0268127	0.00147816	1.85459e-05	5.86687e-08	7.71954e-11	5.29104e-14	2.14569e-17	5.59211e-21	9.93009e-25	1.25841e-28	1.52313e-32	1.0483e-35	9.45937e-38	
N20	2.67552e-52	6.27949e-47	1.21317e-41	1.6665e-36	1.65276e-31	1.19324e-26	6.06869e-22	2.34285e-17	4.99386e-13	5.13842e-09	1.99851e-05	0.0163996	0.341429	0.534541	0.102707	0.00483422	6.92759e-05	3.061e-07	3.61804e-10	1.48875e-13	2.77577e-17	2.72941e-21	1.55369e-25	3.78653e-29	2.58789e-30	1.3307e-32	3.3044e-34	4.38553e-35	1.65221e-35	
N21	9.93118e-50	8.64821e-46	4.39965e-42	4.19305e-38	1.12092e-32	2.17574e-27	2.1348e-22	2.49861e-17	1.38471e-12	2.94873e-08	0.000160109	0.07447	0.639306	0.27142	0.0144838	0.000158983	4.50642e-07	3.52191e-10	7.50546e-14	5.93142e-18	2.19459e-22	4.37497e-27	5.14526e-32	5.16957e-36	6.64898e-37	1.16052e-37	3.77418e-39	1.51604e-39	5.84901e-40	
F3016	0	0	0	0	0	0	0	0	0	0	1	0	0	0	0	0	0	0	0	0	0	0	0	0	0	0	0	0	0	
N22	5.42879e-50	1.9264e-46	3.86946e-43	7.30049e-38	2.26265e-32	4.06559e-27	3.79301e-22	4.57815e-17	2.54358e-12	5.23254e-08	0.000262282	0.110696	0.714932	0.169957	0.00413473	1.72617e-05	1.65503e-08	4.36099e-12	3.82584e-16	1.463e-20	2.88711e-25	3.34236e-30	1.27277e-34	7.58692e-38	2.58481e-39	9.57712e-39	7.74598e-41	1.73773e-40	1.26849e-41	
N23	1.79529e-52	3.64422e-49	8.5073e-44	3.41722e-38	9.44683e-33	1.87122e-27	2.55655e-22	2.40068e-17	1.13332e-12	2.26158e-08	0.000140097	0.143115	0.749068	0.106479	0.00119647	2.06541e-06	8.87284e-10	1.35136e-13	9.25988e-18	3.32929e-22	7.52642e-27	3.11567e-31	3.05134e-34	9.39988e-37	1.5725e-40	2.97934e-42	1.36986e-46	1.56487e-48	2.47143e-52	
N24	1.11418e-63	1.51559e-56	1.07321e-49	4.11731e-43	8.62766e-37	9.97807e-31	5.16622e-25	4.08141e-19	1.41578e-13	1.73883e-08	0.000447274	0.36657	0.615468	0.017498	1.68406e-05	2.11269e-09	7.11265e-14	9.07357e-19	5.25746e-24	1.54092e-29	3.02397e-35	1.67442e-40	8.1131e-43	2.42648e-44	1.53747e-46	2.99645e-47	3.05558e-50	3.92016e-51	7.23732e-54	
N25	5.72243e-52	6.58352e-48	6.1106e-44	5.27195e-40	2.96225e-34	2.44144e-28	9.1578e-23	2.92156e-17	3.77106e-12	1.61154e-07	0.00137749	0.388347	0.595264	0.0150011	1.08935e-05	1.43261e-09	6.23438e-14	1.18606e-18	1.21075e-23	1.76393e-27	7.26547e-31	1.42768e-34	7.09165e-38	2.39815e-39	3.5799e-41	2.76758e-40	2.04675e-43	1.99783e-43	3.06385e-46	
F1476	0	0	0	0	0	0	0	0	0	0	1	0	0	0	0	0	0	0	0	0	0	0	0	0	0	0	0	0	0	
N26	1.09981e-56	2.13959e-52	4.89475e-46	7.63523e-40	7.8903e-34	5.12973e-28	2.03813e-22	4.48175e-17	4.7445e-12	1.94854e-07	0.00194689	0.394553	0.585467	0.0180123	2.00197e-05	4.61121e-09	3.68155e-13	1.31233e-17	2.78377e-22	1.02088e-25	2.57383e-29	7.38791e-32	3.16591e-35	2.35223e-34	2.39881e-36	4.31935e-36	3.68098e-39	1.24905e-39	1.91229e-42	
Furcep	0	0	0	0	0	0	0	0	0	0	0	0	0	1	0	0	0	0	0	0	0	0	0	0	0	0	0	0	0	
N27	2.43342e-48	3.09957e-46	5.86003e-41	3.1617e-35	1.08364e-29	2.28078e-24	2.7966e-19	1.83996e-14	5.70542e-10	6.66686e-06	0.0182422	0.563948	0.410591	0.00720544	7.2625e-06	2.03008e-09	2.3399e-13	1.35804e-17	4.50093e-22	2.06523e-26	2.29154e-29	3.21526e-33	4.88232e-36	1.54716e-37	4.85201e-41	1.59632e-42	3.96923e-47	5.52692e-49	1.87435e-53	
Furpol	0	0	0	0	0	0	0	0	0	0	0	1	0	0	0	0	0	0	0	0	0	0	0	0	0	0	0	0	0	
N28	6.9576e-47	2.26734e-41	5.97635e-36	1.11297e-30	1.40349e-25	1.13386e-20	5.45146e-16	1.40208e-11	1.63961e-07	0.000656991	0.478618	0.47516	0.0453738	0.000191431	1.4959e-07	4.21336e-11	5.61133e-15	4.11484e-19	1.83487e-23	5.57288e-28	2.56963e-32	8.09287e-36	7.78186e-39	6.07983e-41	1.77401e-44	9.03973e-47	3.2024e-51	5.33066e-54	2.03109e-58	
N29	5.58536e-47	2.2405e-41	7.08944e-36	1.56492e-30	2.30488e-25	2.13573e-20	1.14937e-15	3.197e-11	3.8329e-07	0.00143509	0.805322	0.189924	0.00331387	4.48637e-06	1.69679e-09	2.65151e-13	2.09538e-17	9.48647e-22	2.68544e-26	6.46517e-31	5.87416e-35	2.6231e-37	6.41169e-41	3.59201e-43	2.11258e-47	6.45293e-50	1.1226e-54	7.98476e-58	1.68029e-62	
F2241	0	0	0	0	0	0	0	0	0	0	1	0	0	0	0	0	0	0	0	0	0	0	0	0	0	0	0	0	0	
Furang	0	0	0	0	0	0	0	0	0	0	1	0	0	0	0	0	0	0	0	0	0	0	0	0	0	0	0	0	0	
Fga490	0	0	0	0	0	0	0	0	0	0	1	0	0	0	0	0	0	0	0	0	0	0	0	0	0	0	0	0	0	
N30	1.70891e-55	2.58107e-49	2.95875e-43	2.41691e-37	1.3903e-31	5.40747e-26	1.3112e-20	1.82263e-15	1.15423e-10	2.57118e-06	0.0117408	0.665443	0.32075	0.00206204	1.07402e-06	1.49697e-10	8.27682e-15	2.2329e-19	3.34546e-24	3.61216e-29	2.13724e-33	1.80964e-37	6.82613e-41	2.86155e-43	2.89874e-47	8.0928e-50	7.37976e-55	6.98458e-58	6.14442e-63	
N31	1.36661e-52	1.11272e-46	6.33535e-41	2.22613e-35	4.6914e-30	5.99489e-25	4.4561e-20	4.51592e-15	2.05379e-10	3.24297e-06	0.0102776	0.713224	0.27518	0.00131424	7.03492e-07	1.06173e-10	6.5685e-15	2.02286e-19	3.59942e-24	2.41381e-28	3.97153e-32	1.71602e-34	2.7222e-38	2.08602e-40	6.11584e-42	8.72722e-42	9.04515e-45	1.07607e-45	1.57383e-48	
N32	3.25048e-60	1.17862e-53	2.82256e-47	4.22629e-41	3.92508e-35	2.22184e-29	6.53392e-24	2.74463e-18	5.40176e-13	3.99525e-08	0.000708947	0.711685	0.285306	0.0022996	7.96507e-07	6.45629e-11	1.92526e-15	2.65455e-20	2.16478e-25	2.41484e-29	2.86639e-33	1.59673e-35	5.84791e-40	3.32509e-41	2.47237e-42	6.13835e-43	2.08477e-46	7.93768e-48	4.03803e-51	
N33	2.00308e-54	8.12009e-51	9.69579e-45	8.13663e-39	4.70771e-33	1.80231e-27	4.2457e-22	5.69915e-17	3.76491e-12	1.01867e-07	0.000798754	0.800925	0.197414	0.000861271	3.93707e-07	5.34335e-11	3.06687e-15	8.93527e-20	1.57021e-24	2.39509e-28	7.82416e-32	5.86323e-35	3.91932e-38	8.61578e-40	4.87512e-44	6.4285e-46	5.26382e-51	1.50033e-53	1.62385e-58	
N34	3.35157e-53	1.67801e-47	7.45829e-42	2.58395e-36	6.58335e-31	1.15147e-25	1.27916e-20	8.2734e-16	2.73524e-11	3.83444e-07	0.00162187	0.922385	0.0758094	0.000183117	9.54575e-08	1.80032e-11	1.58298e-15	7.54303e-20	2.16639e-24	7.0397e-29	7.59887e-33	1.81299e-35	1.48223e-38	1.11717e-40	7.83998e-45	3.13938e-47	5.10122e-52	3.66608e-55	6.86936e-60	
FGA456	0	0	0	0	0	0	0	0	0	0	0	1	0	0	0	0	0	0	0	0	0	0	0	0	0	0	0	0	0	
FGA516	0	0	0	0	0	0	0	0	0	0	0	1	0	0	0	0	0	0	0	0	0	0	0	0	0	0	0	0	0	
F12278	0	0	0	0	0	0	0	0	0	0	0	1	0	0	0	0	0	0	0	0	0	0	0	0	0	0	0	0	0	
N35	9.37194e-52	2.3144e-46	4.71247e-41	6.88561e-36	7.16369e-31	5.57525e-26	3.5216e-21	1.72294e-16	5.58734e-12	8.49184e-08	0.000460602	0.479516	0.473379	0.0465694	7.53147e-05	3.2656e-08	5.82123e-12	5.27383e-16	2.8067e-20	2.97422e-24	1.43607e-27	2.37908e-29	3.17591e-32	3.30814e-34	1.55743e-38	3.3423e-41	8.14105e-46	5.52713e-49	1.39087e-53	
Furant	0	0	0	0	0	0	0	0	0	0	0	1	0	0	0	0	0	0	0	0	0	0	0	0	0	0	0	0	0	
FGA331	0	0	0	0	0	0	0	0	0	0	0	0	0	1	0	0	0	0	0	0	0	0	0	0	0	0	0	0	0	
FGA465	0	0	0	0	0	0	0	0	0	0	1	0	0	0	0	0	0	0	0	0	0	0	0	0	0	0	0	0	0	
N36	3.11724e-43	4.09967e-38	4.52163e-33	3.53537e-28	1.87813e-23	6.41522e-19	1.30783e-14	1.4311e-10	7.14234e-07	0.00122532	0.38635	0.549339	0.0628081	0.000276926	3.22701e-07	1.52965e-10	3.65066e-14	4.99341e-18	4.28109e-22	2.83631e-26	3.81881e-30	8.70186e-33	1.93194e-35	3.13516e-37	1.37976e-40	1.39351e-42	8.94159e-47	1.88986e-49	1.40068e-53	
FGA99	0	0	0	0	0	0	0	0	0	0	1	0	0	0	0	0	0	0	0	0	0	0	0	0	0	0	0	0	0	
FGA15	0	0	0	0	0	0	0	0	0	0	1	0	0	0	0	0	0	0	0	0	0	0	0	0	0	0	0	0	0	
FGA104	0	0	0	0	0	0	0	0	0	0	0	0	1	0	0	0	0	0	0	0	0	0	0	0	0	0	0	0	0	
FGA489	0	0	0	0	0	0	0	0	0	0	1	0	0	0	0	0	0	0	0	0	0	0	0	0	0	0	0	0	0	
FGA174	0	0	0	0	0	0	0	0	0	0	0	0	0	1	0	0	0	0	0	0	0	0	0	0	0	0	0	0	0	
FurbGB	0	0	0	0	0	0	0	0	0	0	0	1	0	0	0	0	0	0	0	0	0	0	0	0	0	0	0	0	0	
N37	1.49644e-60	3.06682e-57	5.90073e-54	6.86844e-51	1.44502e-47	1.22716e-42	9.25986e-38	4.49585e-33	1.0318e-28	9.46904e-26	9.45761e-22	2.12422e-17	2.50477e-13	1.31995e-09	2.48669e-06	0.00123401	0.104599	0.736131	0.154717	0.00330064	1.57977e-05	2.56074e-08	1.78899e-11	6.4284e-15	3.76565e-18	4.61686e-20	4.73802e-22	2.25212e-24	2.8529e-25	
N38	2.51912e-63	1.11415e-58	4.59185e-54	1.365e-49	2.85311e-45	4.15773e-41	4.44864e-37	4.21057e-33	4.55781e-29	6.74756e-25	9.4328e-21	8.49971e-17	4.52116e-13	1.27901e-09	1.65082e-06	0.000760362	0.0798508	0.709355	0.202824	0.00714382	6.49985e-05	2.221e-07	3.54425e-10	3.04129e-13	1.56648e-16	1.00256e-19	1.47978e-21	9.04917e-24	6.45442e-25	
N39	3.61283e-63	3.10418e-58	2.39533e-53	1.31514e-48	5.01657e-44	1.31988e-39	2.47461e-35	3.42659e-31	9.94077e-28	3.34982e-26	4.74464e-22	8.17256e-18	8.75491e-14	5.00879e-10	1.30712e-06	0.00119185	0.21754	0.714626	0.0657936	0.000843834	3.00408e-06	4.20158e-09	2.82849e-12	1.04496e-15	2.31988e-19	3.30956e-23	3.37128e-27	6.1981e-31	1.66254e-33	
CGA312	0	0	0	0	0	0	0	0	0	0	0	0	0	0	0	0	0	1	0	0	0	0	0	0	0	0	0	0	0	
N40	8.893e-78	2.42901e-71	4.65362e-65	5.70646e-59	4.34068e-53	1.93969e-47	4.65921e-42	4.91184e-37	1.32128e-34	6.9314e-32	2.1703e-26	4.66072e-21	5.26969e-16	2.68449e-11	4.71506e-07	0.00159725	0.321775	0.651951	0.0246075	6.79465e-05	3.78837e-08	6.76625e-12	4.98393e-16	1.76805e-20	3.34216e-25	3.63139e-30	9.77497e-35	9.66774e-38	9.58224e-37	
N41	1.89396e-74	5.5957e-69	3.2294e-62	7.9561e-57	8.70775e-52	1.90136e-47	3.2812e-44	6.4843e-40	6.70747e-35	2.6762e-32	1.45195e-26	1.3014e-20	7.25341e-15	1.09225e-09	1.58259e-05	0.0132895	0.674281	0.310641	0.00177262	5.15e-07	2.71033e-11	4.43159e-16	2.94353e-21	9.22029e-27	1.49318e-32	2.35386e-38	4.2103e-41	1.95607e-42	1.35451e-41	
N42	1.31632e-66	2.3214e-62	3.4224e-58	3.82784e-54	3.33219e-50	2.30449e-46	1.23587e-42	9.27063e-39	9.10289e-35	2.65344e-31	1.81263e-25	6.51887e-20	1.04948e-14	6.36358e-10	9.60846e-06	0.0129271	0.697254	0.288471	0.00133736	5.06167e-07	4.78015e-11	1.69659e-15	2.74588e-20	3.55078e-25	4.82261e-28	7.8747e-31	1.68353e-33	1.50137e-37	5.62633e-37	
CGA642	0	0	0	0	0	0	0	0	0	0	0	0	0	0	0	0	1	0	0	0	0	0	0	0	0	0	0	0	0	
N43	2.48972e-63	1.77757e-59	1.12937e-55	5.40075e-52	1.01595e-48	1.08186e-46	2.03814e-43	3.79625e-38	4.75305e-34	1.64317e-28	3.94935e-23	5.09114e-18	3.10258e-13	7.24878e-09	4.32455e-05	0.0210055	0.721095	0.256726	0.00112946	6.681e-07	1.15735e-10	8.22024e-15	2.88464e-19	6.28652e-24	1.01429e-26	2.8556e-29	1.02848e-31	1.75007e-35	6.13117e-37	
CGA236	0	0	0	0	0	0	0	0	0	0	0	0	0	0	0	0	1	0	0	0	0	0	0	0	0	0	0	0	0	
N44	5.23774e-70	2.46244e-64	1.00921e-58	3.08977e-53	6.90607e-48	1.11911e-42	1.35827e-37	1.30384e-32	1.12984e-27	7.62688e-23	3.05763e-18	6.49662e-14	6.26332e-10	2.12513e-06	0.00159939	0.0887173	0.709067	0.199614	0.00099892	1.03968e-06	3.89591e-10	6.81932e-14	6.49383e-18	3.78713e-22	2.12267e-25	1.03959e-27	6.24141e-30	3.59452e-33	1.49152e-34	
N45	3.86733e-59	3.51584e-54	2.93092e-49	1.95367e-44	1.04436e-39	4.2867e-35	1.22972e-30	2.17868e-26	1.91915e-22	1.29781e-19	1.70334e-15	1.66355e-11	7.57687e-08	0.000114111	0.00854121	0.156402	0.635969	0.197671	0.00129997	2.07312e-06	1.31166e-09	4.1471e-13	7.50437e-17	8.53907e-21	8.32473e-25	6.94981e-28	1.2364e-30	3.37323e-33	3.78102e-35	
Calboe	0	0	0	0	0	0	0	0	0	0	0	0	0	1	0	0	0	0	0	0	0	0	0	0	0	0	0	0	0	
C3125	0	0	0	0	0	0	0	0	0	0	0	0	0	0	0	0	0	1	0	0	0	0	0	0	0	0	0	0	0	
CGA429	0	0	0	0	0	0	0	0	0	0	0	0	0	0	1	0	0	0	0	0	0	0	0	0	0	0	0	0	0	
N46	5.918e-50	9.00107e-47	1.4583e-43	2.06483e-40	1.94581e-37	1.15462e-35	3.70972e-34	3.85059e-29	2.6548e-24	1.0539e-19	2.27738e-15	2.4289e-11	1.0761e-07	0.000140104	0.0187028	0.233165	0.589623	0.157559	0.000809347	7.43896e-07	2.69236e-10	4.97479e-14	5.34513e-18	3.62269e-22	1.90197e-25	1.98714e-27	7.58982e-29	5.5863e-32	4.81313e-33	
C985	0	0	0	0	0	0	0	0	0	0	0	0	0	1	0	0	0	0	0	0	0	0	0	0	0	0	0	0	0	
CGA382	0	0	0	0	0	0	0	0	0	0	0	0	0	0	1	0	0	0	0	0	0	0	0	0	0	0	0	0	0	
N47	9.25675e-70	5.32561e-64	2.30019e-58	6.613e-53	1.23184e-47	1.41849e-42	9.36315e-38	3.004e-33	3.31086e-30	8.65314e-29	2.1091e-24	1.37996e-19	5.19476e-15	9.62154e-11	7.0046e-07	0.00127513	0.149364	0.760111	0.0888538	0.000394959	4.03963e-07	1.52027e-10	2.66316e-14	2.50179e-18	1.42142e-22	1.18965e-26	8.02087e-30	7.46749e-33	1.51336e-34	
N48	1.29035e-60	5.21703e-57	1.82396e-53	4.77743e-50	8.01397e-47	4.46209e-44	5.14724e-42	1.46192e-37	4.00679e-33	5.71792e-29	7.71723e-24	7.03993e-19	3.40042e-14	7.39994e-10	5.32449e-06	0.00484625	0.200626	0.750844	0.0435703	0.000107548	6.28627e-08	1.37905e-11	1.43208e-15	8.10455e-20	2.758e-24	1.08391e-28	7.19336e-31	7.02377e-34	6.55356e-36	
C12265	0	0	0	0	0	0	0	0	0	0	0	0	0	0	0	0	0	1	0	0	0	0	0	0	0	0	0	0	0	
N49	2.17393e-67	7.2906e-62	1.92414e-56	3.4941e-51	4.17547e-46	3.13455e-41	1.41921e-36	2.87354e-32	1.32491e-28	1.43962e-23	1.07214e-18	4.63271e-14	1.02551e-09	9.45146e-06	0.023462	0.718541	0.243291	0.0146243	7.26834e-05	4.63506e-08	1.04622e-11	1.1274e-15	6.77261e-20	2.49922e-24	6.06194e-29	1.11496e-33	3.8127e-37	1.56896e-40	3.65357e-43	
C404	0	0	0	0	0	0	0	0	0	0	0	0	0	0	1	0	0	0	0	0	0	0	0	0	0	0	0	0	0	
Cl11778	0	0	0	0	0	0	0	0	0	0	0	0	0	0	0	1	0	0	0	0	0	0	0	0	0	0	0	0	0	
C3134	0	0	0	0	0	0	0	0	0	0	0	0	0	0	0	0	0	0	1	0	0	0	0	0	0	0	0	0	0	
N50	7.88851e-66	2.04014e-60	4.17284e-55	5.60021e-50	4.83235e-45	2.59512e-40	8.24942e-36	1.48663e-31	1.48478e-27	5.79784e-26	9.32685e-25	5.43693e-21	4.62076e-17	5.7417e-13	3.51522e-09	8.70472e-06	0.00623776	0.635254	0.350894	0.00757189	3.2938e-05	4.82364e-08	3.09799e-11	1.02531e-14	1.94696e-18	2.28982e-22	1.81478e-26	1.76317e-30	1.61668e-33	
CGA311	0	0	0	0	0	0	0	0	0	0	0	0	0	0	0	0	0	1	0	0	0	0	0	0	0	0	0	0	0	
N51	9.65732e-65	4.67924e-61	2.02654e-57	6.7321e-54	1.40498e-50	6.86673e-48	1.71712e-44	1.09578e-39	3.01163e-35	2.49716e-33	4.89214e-29	5.92849e-24	4.36894e-19	1.72968e-14	3.18116e-10	2.17256e-06	0.00369341	0.632393	0.357626	0.00626731	1.87242e-05	1.66643e-08	5.92193e-12	1.0071e-15	9.27078e-20	5.34589e-24	6.63808e-27	4.87079e-30	1.09376e-31	
N52	1.02486e-77	1.58268e-71	1.74819e-65	1.26264e-59	5.87496e-54	1.71798e-48	3.06576e-43	3.25829e-38	1.75061e-33	2.0175e-31	1.18672e-28	8.62478e-24	6.70347e-19	3.55632e-14	8.7165e-10	7.74316e-06	0.0151778	0.844788	0.139278	0.000747636	7.39616e-07	2.37085e-10	3.26495e-14	2.28488e-18	9.07093e-23	2.22689e-27	1.87498e-31	1.49304e-34	3.89227e-37	
CGA45	0	0	0	0	0	0	0	0	0	0	0	0	0	0	0	0	1	0	0	0	0	0	0	0	0	0	0	0	0	
N53	5.51878e-62	1.53913e-58	3.83408e-55	7.28967e-52	8.09442e-49	2.29047e-46	2.67819e-44	9.59893e-40	1.45152e-35	2.38041e-33	2.29521e-28	2.46053e-23	1.57724e-18	5.52772e-14	9.27619e-10	5.95159e-06	0.00928912	0.873877	0.116239	0.00058858	6.18454e-07	2.26885e-10	3.77238e-14	3.32038e-18	1.79626e-22	6.25974e-26	1.02396e-27	1.12051e-30	2.40151e-32	
C3043	0	0	0	0	0	0	0	0	0	0	0	0	0	0	0	0	0	1	0	0	0	0	0	0	0	0	0	0	0	
CGA364	0	0	0	0	0	0	0	0	0	0	0	0	0	0	0	0	0	1	0	0	0	0	0	0	0	0	0	0	0	
C2208	0	0	0	0	0	0	0	0	0	0	0	0	0	0	0	0	0	0	1	0	0	0	0	0	0	0	0	0	0	
N54	1.31469e-57	3.98895e-53	1.11778e-48	2.24359e-44	3.08676e-40	2.7472e-36	1.46013e-32	4.11989e-29	4.5832e-26	4.33967e-25	1.6495e-21	1.29623e-17	6.39297e-14	1.80361e-10	2.57783e-07	0.00015553	0.0290082	0.863215	0.105476	0.00213074	1.35544e-05	3.679e-08	5.09265e-11	4.04212e-14	1.99808e-17	6.5413e-21	1.49672e-24	2.87125e-28	2.00536e-31	
N55	1.3422e-72	7.92265e-67	3.66426e-61	1.18423e-55	2.56677e-50	3.52611e-45	2.82771e-40	1.1587e-35	1.41863e-31	1.03985e-31	5.82097e-28	5.63378e-23	3.65393e-18	1.29392e-13	2.14957e-09	1.3174e-05	0.0183834	0.95306	0.0284487	9.42284e-05	8.09892e-08	2.64009e-11	4.04211e-15	3.32988e-19	1.62037e-23	5.01954e-28	2.10327e-32	4.65049e-36	1.16433e-38	
CGA453	0	0	0	0	0	0	0	0	0	0	0	0	0	0	0	0	0	1	0	0	0	0	0	0	0	0	0	0	0	
N56	6.5772e-79	1.0546e-72	1.27516e-66	1.06037e-60	5.82998e-55	2.00606e-49	3.98671e-44	3.94999e-39	2.02921e-35	5.78135e-34	8.08119e-30	1.93438e-24	3.0522e-19	2.67915e-14	1.10884e-09	1.68929e-05	0.0562547	0.93685	0.00687256	5.74109e-06	1.31627e-09	1.2025e-13	5.37774e-18	1.34039e-22	2.05185e-27	5.59775e-32	1.97184e-34	2.99337e-38	1.13124e-40	
CGA501	0	0	0	0	0	0	0	0	0	0	0	0	0	0	0	0	0	1	0	0	0	0	0	0	0	0	0	0	0	
C3121	0	0	0	0	0	0	0	0	0	0	0	0	0	0	0	0	1	0	0	0	0	0	0	0	0	0	0	0	0	
Calparcri	0	0	0	0	0	0	0	0	0	0	0	0	0	0	0	0	0	1	0	0	0	0	0	0	0	0	0	0	0	
N57	3.90086e-65	7.96512e-61	1.31236e-56	1.59306e-52	1.37842e-48	8.13253e-45	3.09168e-41	6.42358e-37	1.17543e-31	3.47159e-27	3.7564e-22	2.74454e-17	6.21603e-13	3.96585e-09	6.73268e-06	0.00255773	0.151965	0.73807	0.106674	0.000724867	7.50627e-07	2.16744e-10	2.38431e-14	1.19382e-18	5.28755e-23	1.0858e-25	1.10592e-27	4.96155e-31	1.11892e-32	
N58	2.62691e-64	2.60401e-59	2.19317e-54	1.31698e-49	5.4156e-45	1.45218e-40	2.40259e-36	2.31455e-32	1.105e-28	1.92514e-25	2.31978e-21	2.59046e-17	1.67077e-13	5.58357e-10	8.30909e-07	0.000435301	0.0534264	0.664319	0.268484	0.0131795	0.000154639	6.30135e-07	1.12054e-09	1.01194e-12	5.20227e-16	2.26774e-19	8.80459e-22	5.90286e-24	1.48259e-25	
N59	1.54614e-61	9.13251e-57	4.89048e-52	1.96151e-47	5.81203e-43	1.25238e-38	1.92096e-34	2.08463e-30	1.73987e-26	1.4567e-22	1.29018e-18	6.61358e-15	1.74345e-11	2.13773e-08	1.08862e-05	0.00195921	0.0946133	0.704563	0.192124	0.00666958	5.96628e-05	1.98477e-07	3.05046e-10	2.49528e-13	1.19922e-16	3.64788e-20	8.41841e-24	5.96583e-27	6.13822e-29	
N60	2.694e-56	2.56539e-51	2.15281e-46	1.32181e-41	5.72629e-37	1.67015e-32	3.0783e-28	3.26866e-24	1.61235e-20	7.0908e-18	3.39886e-14	1.00573e-10	5.10834e-08	9.35518e-06	0.0007163	0.0225702	0.251377	0.65249	0.0718314	0.00100216	3.82981e-06	5.81703e-09	4.32867e-12	1.80162e-15	4.59367e-19	7.6815e-23	1.1504e-26	9.59127e-30	1.20208e-31	
N61	8.40801e-62	9.41792e-57	8.94832e-52	5.87625e-47	2.55884e-42	7.03151e-38	1.15883e-33	1.12457e-29	6.2977e-26	3.09857e-24	1.98008e-21	2.30358e-17	1.54135e-13	5.10501e-10	7.26772e-07	0.000367328	0.047862	0.827063	0.122608	0.00208943	9.05196e-06	1.45518e-08	1.0806e-11	4.2723e-15	9.9783e-19	1.86448e-22	1.84144e-25	1.24128e-27	1.06968e-29	
Triowe	0	0	0	0	0	0	0	0	0	0	0	0	0	0	0	0	0	1	0	0	0	0	0	0	0	0	0	0	0	
N62	5.89418e-66	4.74316e-61	3.36889e-56	1.67061e-51	5.5477e-47	1.17168e-42	1.48308e-38	1.07892e-34	4.74292e-31	2.72226e-27	6.77128e-23	1.12997e-18	1.11882e-14	5.95369e-11	1.47681e-07	0.000136814	0.0321516	0.840424	0.125159	0.00211888	9.2802e-06	1.53943e-08	1.20198e-11	5.07855e-15	1.28855e-18	3.64024e-22	4.0405e-24	1.04689e-26	5.89161e-28	
Trijoh	0	0	0	0	0	0	0	0	0	0	0	0	0	0	0	0	0	1	0	0	0	0	0	0	0	0	0	0	0	
Trimel	0	0	0	0	0	0	0	0	0	0	0	0	0	0	0	0	0	1	0	0	0	0	0	0	0	0	0	0	0	
N63	4.45993e-49	5.98297e-44	7.2749e-39	6.87447e-34	4.91535e-29	2.54996e-24	9.04809e-20	2.06691e-15	2.70588e-11	1.76687e-07	0.000450582	0.25671	0.521214	0.196058	0.0243147	0.00122549	2.66582e-05	2.34946e-07	6.412e-10	5.51989e-13	2.12949e-16	4.43965e-20	5.59031e-24	4.57457e-28	2.56214e-32	1.02104e-36	3.03004e-41	1.01555e-45	4.30102e-49	
N64	7.08106e-50	1.8984e-44	4.27045e-39	6.98178e-34	7.98739e-29	6.10433e-24	2.93743e-19	8.224e-15	1.19511e-10	7.56451e-07	0.00153399	0.505779	0.437011	0.0538912	0.00176413	1.97626e-05	8.41002e-08	1.36443e-10	7.82241e-14	1.87102e-17	2.28714e-21	1.63075e-25	7.4078e-30	2.40305e-34	1.02568e-38	2.95286e-41	9.15202e-45	7.86208e-47	1.35106e-49	
Trihoe	0	0	0	0	0	0	0	0	0	0	0	1	0	0	0	0	0	0	0	0	0	0	0	0	0	0	0	0	0	
Tribit	0	0	0	0	0	0	0	0	0	0	0	1	0	0	0	0	0	0	0	0	0	0	0	0	0	0	0	0	0	
Trijac	0	0	0	0	0	0	0	0	0	0	0	1	0	0	0	0	0	0	0	0	0	0	0	0	0	0	0	0	0	
N65	1.30638e-60	6.20787e-56	2.66016e-51	8.15621e-47	1.71619e-42	2.35556e-38	1.99371e-34	1.00399e-30	2.92158e-27	1.55492e-25	3.9383e-22	4.00151e-18	2.53204e-14	9.01335e-11	1.58882e-07	0.000114592	0.0244021	0.775511	0.19392	0.00600194	4.95451e-05	1.57101e-07	2.36265e-10	1.93157e-13	9.44115e-17	2.96487e-20	6.85604e-24	3.80599e-27	2.42328e-29	
Tricri	0	0	0	0	0	0	0	0	0	0	0	0	0	0	0	0	0	1	0	0	0	0	0	0	0	0	0	0	0	
N66	9.64268e-66	7.27267e-61	4.8166e-56	2.26854e-51	7.27278e-47	1.49902e-42	1.83967e-38	1.20898e-34	3.3549e-31	2.51485e-28	6.33024e-24	1.21083e-19	1.42685e-15	9.47005e-12	3.11726e-08	4.17681e-05	0.0160861	0.822792	0.157797	0.00326578	1.7109e-05	3.35709e-08	3.0803e-11	1.52303e-14	4.47656e-18	8.51449e-22	3.6797e-25	7.61473e-28	1.70664e-29	
Triwie	0	0	0	0	0	0	0	0	0	0	0	0	0	0	0	0	0	1	0	0	0	0	0	0	0	0	0	0	0	
Triqua	0	0	0	0	0	0	0	0	0	0	0	0	0	0	0	0	0	1	0	0	0	0	0	0	0	0	0	0	0	
N67	2.85499e-58	3.68017e-54	5.63302e-50	7.34158e-46	8.22372e-42	7.95532e-38	6.81901e-34	5.42741e-30	3.94988e-26	2.39946e-22	1.07896e-18	3.20593e-15	5.88958e-12	6.14602e-09	3.23201e-06	0.000714587	0.0490981	0.581749	0.336246	0.0313255	0.000853994	9.34227e-06	4.96639e-08	1.45703e-10	2.58381e-13	3.13601e-16	1.90075e-18	3.16862e-20	3.88479e-21	
N68	7.26856e-55	7.41818e-51	7.50006e-47	5.47265e-43	2.7688e-39	9.28396e-36	1.98527e-32	2.78473e-29	3.28831e-26	7.02039e-23	3.31911e-19	1.0844e-15	2.23628e-12	2.68552e-09	1.67706e-06	0.000458903	0.0412294	0.675477	0.265121	0.0173611	0.000348129	2.90978e-06	1.2192e-08	2.89267e-11	4.23566e-14	4.08075e-17	2.73002e-20	1.4714e-23	3.26432e-26	
Kinboe	0	0	0	0	0	0	0	0	0	0	0	0	0	0	0	0	0	1	0	0	0	0	0	0	0	0	0	0	0	
Kinfis	0	0	0	0	0	0	0	0	0	0	0	0	0	0	0	0	0	1	0	0	0	0	0	0	0	0	0	0	0	
Kinxen	0	0	0	0	0	0	0	0	0	0	0	0	0	0	0	0	0	1	0	0	0	0	0	0	0	0	0	0	0	
N69	9.43696e-46	6.96542e-43	5.64654e-40	3.86671e-37	2.06569e-34	3.42802e-32	4.90011e-31	6.67122e-28	1.82249e-23	2.77974e-19	2.14342e-15	7.06616e-12	7.45372e-09	2.6882e-06	0.000359206	0.0172008	0.245119	0.653385	0.0832491	0.000683311	1.43164e-06	1.23304e-09	5.42681e-13	1.38196e-16	2.2802e-20	3.28983e-23	6.79926e-24	4.36983e-26	4.19511e-27	
N70	5.18236e-39	4.81952e-35	4.87478e-31	3.75472e-27	2.13692e-23	8.68195e-20	2.41047e-16	4.3193e-13	4.61967e-10	2.63333e-07	6.69216e-05	0.00550427	0.0707126	0.26043	0.367784	0.226272	0.0620932	0.00691615	0.000218822	2.03014e-06	8.6349e-09	2.05158e-11	3.04325e-14	3.02989e-17	2.13153e-20	1.10289e-23	4.68419e-27	5.29508e-30	8.41352e-32	
N71	2.76283e-47	3.58301e-42	4.07183e-37	3.3922e-32	2.00066e-27	7.9978e-23	2.05103e-18	3.14711e-14	2.59211e-10	9.81089e-07	0.00130308	0.333137	0.536723	0.121284	0.00739326	0.000157789	1.31892e-06	4.4539e-09	6.06737e-12	3.78395e-15	1.24141e-18	2.3793e-22	2.87563e-26	2.31999e-30	1.3053e-34	5.31674e-39	1.74289e-43	1.97508e-47	1.52778e-50	
N72	1.42517e-52	6.40169e-47	2.42803e-41	6.98782e-36	1.4748e-30	2.15947e-25	2.02664e-20	1.12762e-15	3.16834e-11	3.74322e-07	0.00135117	0.734802	0.256349	0.00745654	4.09338e-05	6.37487e-08	3.61952e-11	8.94046e-15	1.09926e-18	7.46934e-23	3.0401e-27	7.8957e-32	1.43153e-36	1.09012e-40	1.70347e-44	2.70642e-47	1.8144e-51	1.74789e-54	1.74379e-58	
N73	2.69597e-49	7.15041e-44	1.58289e-38	2.52792e-33	2.80587e-28	2.06628e-23	9.50629e-19	2.51831e-14	3.40992e-10	1.95789e-06	0.00340382	0.816374	0.17757	0.00264261	7.4526e-06	6.65309e-09	2.50649e-12	4.75999e-16	5.13212e-20	3.49064e-24	2.61627e-28	3.5575e-31	7.31196e-34	1.84664e-35	3.1182e-39	4.45099e-41	2.45224e-45	1.42453e-47	1.46411e-51	
Chaafr	0	0	0	0	0	0	0	0	0	0	0	1	0	0	0	0	0	0	0	0	0	0	0	0	0	0	0	0	0	
Chacha	0	0	0	0	0	0	0	0	0	0	0	1	0	0	0	0	0	0	0	0	0	0	0	0	0	0	0	0	0	
N74	5.11778e-49	1.18852e-43	2.36532e-38	3.47814e-33	3.62072e-28	2.53531e-23	1.12023e-18	2.87165e-14	3.78144e-10	2.12001e-06	0.00361353	0.854693	0.140096	0.00159182	3.63794e-06	2.77057e-09	9.23975e-13	1.59538e-16	1.59571e-20	1.01329e-24	5.56165e-29	4.23867e-32	7.00037e-35	9.50143e-37	1.69319e-40	1.28022e-42	7.39336e-47	2.24997e-49	1.93743e-53	
Chacaly	0	0	0	0	0	0	0	0	0	0	0	1	0	0	0	0	0	0	0	0	0	0	0	0	0	0	0	0	0	
Chazey	0	0	0	0	0	0	0	0	0	0	0	1	0	0	0	0	0	0	0	0	0	0	0	0	0	0	0	0	0	
N75	5.55105e-44	4.13165e-39	2.74835e-34	1.31451e-29	4.36641e-25	9.63905e-21	1.33443e-16	1.07011e-12	4.43322e-09	7.94333e-06	0.00451486	0.417203	0.499806	0.075678	0.00275754	3.24922e-05	1.46099e-07	2.80731e-10	2.5618e-13	1.24757e-16	3.57508e-20	6.5237e-24	1.00109e-27	6.69988e-30	6.33019e-33	3.30123e-34	1.22629e-37	4.15569e-39	6.1755e-42	
Chadil	0	0	0	0	0	0	0	0	0	0	0	1	0	0	0	0	0	0	0	0	0	0	0	0	0	0	0	0	0	
Chasen	0	0	0	0	0	0	0	0	0	0	0	1	0	0	0	0	0	0	0	0	0	0	0	0	0	0	0	0	0	
Chanam	0	0	0	0	0	0	0	0	0	0	0	1	0	0	0	0	0	0	0	0	0	0	0	0	0	0	0	0	0	
N76	5.78708e-62	7.39111e-57	8.35363e-52	6.64725e-47	3.57092e-42	1.22464e-37	2.47283e-33	2.50539e-29	2.91864e-27	1.6515e-26	3.21236e-22	6.62089e-18	9.99941e-14	8.08171e-10	2.99116e-06	0.00386488	0.940653	0.0549983	0.000479562	1.20075e-06	1.19131e-09	5.68504e-13	1.48271e-16	2.31093e-20	2.29748e-24	1.53059e-28	7.11087e-33	2.45914e-37	1.08278e-41	
N77	7.88773e-85	4.42755e-78	3.86666e-70	2.89056e-63	9.80201e-57	1.71768e-50	1.49982e-44	6.00078e-39	1.53749e-35	2.66624e-34	6.92323e-29	1.13612e-24	5.82932e-19	1.38683e-13	1.27783e-08	0.000327121	0.981703	0.0179494	2.08999e-05	4.69955e-09	3.31416e-13	9.48234e-18	1.27545e-22	8.84785e-28	3.85311e-33	3.41225e-37	5.36517e-39	7.71692e-41	3.00577e-41	
N78	4.39766e-69	1.00408e-64	1.74461e-60	2.15428e-56	1.85299e-52	1.07118e-48	3.93476e-45	8.17183e-42	9.65697e-40	7.39284e-37	6.13968e-31	5.06622e-25	3.07637e-19	8.47346e-14	9.15514e-09	0.000277694	0.98527	0.0144409	1.09318e-05	1.53485e-09	6.81747e-14	1.26478e-18	1.14838e-23	1.04554e-28	5.63863e-31	4.74496e-34	8.19553e-38	6.85234e-42	1.55746e-42	
Braset	0	0	0	0	0	0	0	0	0	0	0	0	0	0	0	0	1	0	0	0	0	0	0	0	0	0	0	0	0	
N79	6.80033e-68	9.15623e-64	1.0269e-59	8.727e-56	3.75499e-53	3.12723e-51	8.66685e-46	1.80692e-40	3.36557e-37	4.3725e-34	2.24223e-28	7.57212e-23	1.45278e-17	1.38913e-12	5.54065e-08	0.000657022	0.98993	0.00940661	6.80879e-06	1.20898e-09	8.13625e-14	2.59494e-18	4.47555e-23	8.2931e-28	3.12568e-30	3.35261e-33	5.59164e-37	2.67308e-40	3.00134e-42	
N80	2.43599e-82	2.9324e-75	2.07724e-68	8.66812e-62	2.14065e-55	3.07092e-49	2.42422e-43	9.39342e-38	3.30354e-35	2.53618e-35	3.39397e-30	3.63383e-25	2.10186e-19	5.86281e-14	6.72114e-09	0.000230028	0.998668	0.00110222	1.48706e-07	5.83278e-12	9.21921e-17	6.90411e-22	2.68603e-27	5.90734e-33	5.13847e-38	2.23213e-42	1.53083e-47	4.08151e-52	1.10899e-56	
Bramel	0	0	0	0	0	0	0	0	0	0	0	0	0	0	0	0	1	0	0	0	0	0	0	0	0	0	0	0	0	
Bratha	0	0	0	0	0	0	0	0	0	0	0	0	0	0	0	0	1	0	0	0	0	0	0	0	0	0	0	0	0	
N81	2.95033e-78	5.7805e-72	8.44755e-66	8.51262e-60	5.70091e-54	2.40816e-48	5.93627e-43	7.30296e-38	3.61353e-35	1.40588e-33	4.7855e-28	1.30416e-22	2.20107e-17	1.88633e-12	6.808e-08	0.000730944	0.995134	0.00413343	1.98173e-06	2.67292e-10	1.46313e-14	3.96051e-19	5.98844e-24	6.2997e-29	1.60062e-32	7.12104e-36	4.6689e-40	2.08907e-43	4.3722e-46	
Bradra	0	0	0	0	0	0	0	0	0	0	0	0	0	0	0	0	1	0	0	0	0	0	0	0	0	0	0	0	0	
Bratra	0	0	0	0	0	0	0	0	0	0	0	0	0	0	0	0	1	0	0	0	0	0	0	0	0	0	0	0	0	
N82	6.26435e-75	7.18487e-69	6.20298e-63	3.6934e-57	1.46198e-51	3.65193e-46	5.32739e-41	3.87721e-36	1.25551e-33	4.87272e-32	1.04689e-26	1.72166e-21	1.72331e-16	8.77077e-12	1.8835e-07	0.00120741	0.992172	0.00661545	5.23122e-06	1.17605e-09	1.07906e-13	4.91329e-18	1.25258e-22	1.97657e-27	7.77648e-32	2.87027e-35	3.16376e-39	1.67889e-42	2.5331e-45	
Bragut	0	0	0	0	0	0	0	0	0	0	0	0	0	0	0	0	1	0	0	0	0	0	0	0	0	0	0	0	0	
Braven	0	0	0	0	0	0	0	0	0	0	0	0	0	0	0	0	1	0	0	0	0	0	0	0	0	0	0	0	0	
N83	3.20061e-70	9.77036e-65	2.41683e-59	4.24082e-54	5.05999e-49	3.88076e-44	1.76821e-39	4.03474e-35	2.07047e-32	1.54312e-28	1.25599e-23	6.51517e-19	1.95526e-14	3.00086e-10	1.94729e-06	0.0037832	0.965262	0.0308396	0.000112825	1.12603e-07	4.44562e-11	8.53864e-15	9.09837e-19	5.90405e-23	3.36379e-27	1.73882e-30	1.02901e-33	1.49537e-36	1.05563e-38	
Brapum	0	0	0	0	0	0	0	0	0	0	0	0	0	0	0	0	1	0	0	0	0	0	0	0	0	0	0	0	0	
Bradam	0	0	0	0	0	0	0	0	0	0	0	0	0	0	0	0	1	0	0	0	0	0	0	0	0	0	0	0	0	
