#Nodes with GAIN events with expectation above 0.5
B3088: 0.689881
BGA709: 0.589998
BGA309: 0.589998
PGA445: 1.31762
FGA379: 1.13187
Furcep: 1.66824
FGA331: 1.59688
FGA104: 0.544814
FGA174: 0.879069
CGA312: 0.786461
C601: 0.89205
C3125: 1.20351
C3134: 1.32255
N58: 0.711458
C2208: 0.905717
N63: 0.874747
N77: 0.512176
Kinxen: 0.900046
N85: 0.844357
Total number of gain events: 35.5593
#+++++++++++++++++++++++++++++

#Nodes with LOSS events with expectation above 0.5
B3088: 1.33621
BGA709: 1.19745
BGA309: 1.19745
B985: 0.587413
PGA445: 1.81549
N15: 0.8544
N16: 2.08838
Rhaspe: 5.77486
Rhamar: 5.44835
Rhatem: 4.51702
N20: 0.882472
FGA379: 0.89941
N21: 2.24348
N22: 0.990217
N23: 0.504471
F3016: 2.18612
F1476: 1.54623
N30: 0.78914
FGA490: 0.545048
FGA465: 1.22314
FGA99: 0.952633
FGA15: 0.887622
FGA489: 2.02505
FurbGB: 2.75659
CGA763: 1.16145
Calboe: 2.87767
CGA429: 1.99455
N51: 0.753556
C985: 2.40844
CGA310: 1.23695
N53: 0.887152
CGA494: 1.27339
N56: 1.59256
C404: 1.11147
CGA45: 1.11976
N63: 0.590574
C3121: 0.943719
N72: 4.6227
Trihoe: 0.530787
Tribit: 0.530787
Trijac: 0.970504
Kinxen: 1.03305
N79: 2.80316
N80: 2.12513
N81: 0.506007
Chadil: 0.722025
Chasen: 0.722025
Chanam: 3.04894
N85: 1.23658
Total number of loss events: 103.768
#+++++++++++++++++++++++++++++

#Nodes with duplication events with expectation above 0.5
Total number of duplication events: 6.10238e-38
#+++++++++++++++++++++++++++++

#Nodes with demi-duplication events with expectation above 0.5
Total number of demi-dulications events: 0
#+++++++++++++++++++++++++++++

#+++++++++++++++++++++++++++++

#Nodes with transitions in base number with expectation above 0.5
Total number of transitions in base number: 0
#+++++++++++++++++++++++++++++

#EVENTS NOT ACCOUNTED FOR IN THE SIMULATIONS: 
NONE
#+++++++++++++++++++++++++++++

#ALL EVENTS EXPECTATIONS PER NODE
NODE	GAIN	LOSS	DUPLICATION	DEMI-DUPLICATION	BASE-NUMBER
N2	0.233786	0.0763126	5.76218e-63	0	0
N3	0.476368	0.326995	2.94792e-71	0	0
N4	0.0834231	0.0843694	5.39176e-72	0	0
B3088	0.689881	1.33621	0	0	0
N5	0.0836223	0.122541	3.9165e-71	0	0
BGA709	0.589998	1.19745	0	0	0
BGA309	0.589998	1.19745	0	0	0
N6	0.175067	0.330086	8.08375e-73	0	0
N7	0.238195	0.470291	1.98046e-70	0	0
B11696	0.210054	0.470192	0	0	0
B11609	0.210054	0.470192	0	0	0
N8	0.0475161	0.117682	5.47428e-82	0	0
N9	0.0125748	0.0349203	1.24971e-87	0	0
N10	0.0770616	0.172118	1.01881e-74	0	0
B985	0.282746	0.587413	0	0	0
N11	0.164121	0.407959	5.50204e-76	0	0
B199	0.0514364	0.112265	0	0	0
B11604	0.0514364	0.112265	0	0	0
N12	0.124668	0.310609	4.22789e-80	0	0
BGA89	0.201574	0.415357	0	0	0
N13	0.0383693	0.0973674	1.15209e-75	0	0
BGAA2	0.135636	0.290421	0	0	0
BGA584	0.135636	0.290421	0	0	0
N14	0.183971	0.383319	1.05279e-78	0	0
BGA304	0.183058	0.405779	0	0	0
BGAB1	0.183058	0.405779	0	0	0
PGA445	1.31762	1.81549	0	0	0
N15	0.0347107	0.8544	1.66394e-65	0	0
N16	0.0203344	2.08838	3.55495e-58	0	0
Rhaspe	0.40286	5.77486	0	0	0
N17	0.00720918	0.324675	6.10238e-38	0	0
Rhamar	0.397959	5.44835	0	0	0
Rhatem	0.466635	4.51702	0	0	0
N18	0.0670002	0.0214907	3.97822e-77	0	0
N19	0.251447	0.19801	4.00397e-80	0	0
N20	0.0304886	0.882472	9.02714e-67	0	0
FGA379	1.13187	0.89941	0	0	0
N21	0.0234661	2.24348	6.62429e-58	0	0
N22	0.0298671	0.990217	5.79671e-55	0	0
N23	0.00207617	0.504471	1.59156e-56	0	0
F3016	0.159931	2.18612	0	0	0
N24	0.00346418	0.15488	1.33967e-54	0	0
N25	0.00994438	0.102294	2.57065e-57	0	0
N26	0.00575091	0.335876	1.54065e-67	0	0
N27	0.0057457	0.0307078	1.70956e-68	0	0
F1476	0.119074	1.54623	0	0	0
N28	0.0218406	0.0228202	2.09716e-60	0	0
Furcep	1.66824	0.0944185	0	0	0
N29	0.00314454	0.17916	3.94865e-59	0	0
Furpol	0.185949	0.436107	0	0	0
N30	0.0133291	0.78914	7.80762e-55	0	0
N31	0.0171023	0.338006	4.38328e-50	0	0
F2241	0.0309131	0.184354	0	0	0
Furang	0.0309131	0.184354	0	0	0
FGA490	0.0707032	0.545048	0	0	0
N32	0.0105732	0.268078	5.9391e-67	0	0
N33	0.0171233	0.0590993	7.60942e-61	0	0
N34	0.0383736	0.0178008	4.08622e-64	0	0
N35	0.00475064	0.063986	1.28191e-64	0	0
N36	0.0163497	0.088919	1.14913e-60	0	0
FGA456	0.0313489	0.0727519	0	0	0
FGA516	0.0313489	0.0727519	0	0	0
F12278	0.0740107	0.187983	0	0	0
N37	0.301613	0.0189079	9.98037e-64	0	0
Furant	0.0320078	0.487936	0	0	0
FGA331	1.59688	0.0528096	0	0	0
FGA465	0.0705066	1.22314	0	0	0
N38	0.0202434	0.314402	1.49548e-59	0	0
FGA99	0.0521813	0.952633	0	0	0
N39	0.0254869	0.0684885	2.33304e-50	0	0
FGA15	0.0301711	0.887622	0	0	0
FGA581	0.203489	0.0609397	0	0	0
FGA104	0.544814	0.327054	0	0	0
FGA489	0.150435	2.02505	0	0	0
FGA174	0.879069	0.413759	0	0	0
FurbGB	0.261262	2.75659	0	0	0
N40	0.141153	0.0108345	3.49005e-73	0	0
N41	0.168697	0.059966	4.29096e-70	0	0
N42	0.226238	0.483436	1.40739e-71	0	0
CGA312	0.786461	0.388276	0	0	0
N43	0.0132339	0.173921	5.21331e-78	0	0
N44	0.00218532	0.394921	6.39342e-97	0	0
N45	0.0121161	0.0126893	8.52861e-89	0	0
N46	0.246004	0.167117	5.76023e-83	0	0
CGA642	0.0750504	0.201773	0	0	0
N47	0.0258422	0.0142868	1.17768e-80	0	0
CGA763	0.0231762	1.16145	0	0	0
C601	0.89205	0.0303508	0	0	0
N48	0.00762005	0.0314285	8.15364e-80	0	0
CGA236	0.330064	0.354092	0	0	0
N49	0.0116935	0.130295	6.30447e-72	0	0
N50	0.123506	0.184993	1.38061e-66	0	0
Calboe	0.0337128	2.87767	0	0	0
C3125	1.20351	0.0485036	0	0	0
CGA429	0.0891284	1.99455	0	0	0
N51	0.000959814	0.753556	5.25373e-82	0	0
C985	0.113601	2.40844	0	0	0
N52	0.00299833	0.224739	2.04374e-65	0	0
CGA310	0.163919	1.23695	0	0	0
N53	0.0398223	0.887152	1.51523e-65	0	0
CGA382	0.142723	0.368422	0	0	0
CGA494	0.0476866	1.27339	0	0	0
N54	0.408332	0.0888384	5.12657e-90	0	0
N55	0.0091783	0.102356	5.55599e-78	0	0
C12265	0.456103	0.123552	0	0	0
N56	0.0130304	1.59256	5.91679e-79	0	0
C404	0.0235423	1.11147	0	0	0
N57	0.00612453	0.0350168	1.81353e-86	0	0
Cl11778	0.0284715	0.0875031	0	0	0
CGA594	0.0284715	0.0875031	0	0	0
C3134	1.32255	0.083173	0	0	0
N58	0.711458	0.342091	9.00853e-77	0	0
CGA311	0.227906	0.456286	0	0	0
N59	0.0242553	0.014403	2.31461e-77	0	0
N60	0.0244296	0.213407	9.63223e-82	0	0
CGA45	0.0705072	1.11976	0	0	0
N61	0.017561	0.0251916	9.38598e-88	0	0
N62	0.0362345	0.0618978	5.3205e-81	0	0
C3043	0.0325898	0.0485507	0	0	0
CGA368	0.0325898	0.0485507	0	0	0
CGA364	0.10333	0.144954	0	0	0
C2208	0.905717	0.14395	0	0	0
N63	0.874747	0.590574	7.49107e-71	0	0
N64	0.0701845	0.112062	4.92932e-74	0	0
CGA453	0.0822572	0.0746575	0	0	0
N65	0.0127563	0.0707262	6.69546e-84	0	0
CGA501	0.0931517	0.0275821	0	0	0
C3121	0.00928863	0.943719	0	0	0
Calparcri	0.199669	0.233945	0	0	0
N66	0.0162356	0.0211574	6.09043e-80	0	0
N67	0.499462	0.0851732	1.01974e-77	0	0
N68	0.212275	0.276307	7.11743e-68	0	0
N69	0.0545971	0.362747	1.50865e-63	0	0
N70	0.490047	0.0873022	9.35761e-70	0	0
Triowe	0.341548	0.347836	0	0	0
N71	0.0684159	0.034555	9.40157e-68	0	0
Trijoh	0.252619	0.292779	0	0	0
Trimel	0.252619	0.292779	0	0	0
N72	0.0143381	4.6227	3.68269e-59	0	0
N73	0.012758	0.423881	3.3081e-51	0	0
Trihoe	0.0596483	0.530787	0	0	0
Tribit	0.0596483	0.530787	0	0	0
Trijac	0.0880103	0.970504	0	0	0
N74	0.460885	0.267977	7.59722e-69	0	0
Tricri	0.28358	0.388092	0	0	0
N75	0.0782539	0.0871604	7.3338e-70	0	0
Triwie	0.171036	0.266651	0	0	0
Triqua	0.171036	0.266651	0	0	0
N76	0.251791	0.0944313	1.34054e-68	0	0
N77	0.512176	0.476797	2.19953e-64	0	0
Kinboe	0.278303	0.446691	0	0	0
Kinfis	0.278303	0.446691	0	0	0
Kinxen	0.900046	1.03305	0	0	0
N78	0.00569772	0.141547	6.66252e-64	0	0
N79	0.0523729	2.80316	1.70852e-46	0	0
N80	0.118405	2.12513	1.12822e-46	0	0
N81	0.0509136	0.506007	7.64086e-59	0	0
N82	0.0193763	0.0870211	5.02021e-53	0	0
Chaafr	0.084242	0.20906	0	0	0
Chacha	0.084242	0.20906	0	0	0
N83	0.0275714	0.123816	4.77339e-55	0	0
Chacaly	0.0630405	0.159259	0	0	0
Chazey	0.0630405	0.159259	0	0	0
N84	0.0274186	0.150886	2.95642e-45	0	0
Chadil	0.197938	0.722025	0	0	0
Chasen	0.197938	0.722025	0	0	0
Chanam	0.39465	3.04894	0	0	0
N85	0.844357	1.23658	1.45656e-60	0	0
N86	0.0129689	0.0357722	1.54649e-82	0	0
N87	0.00147319	0.00360666	7.30105e-97	0	0
Braset	0.0826123	0.0908793	0	0	0
N88	0.00578541	0.00867846	6.46174e-84	0	0
N89	0.0333796	0.0380945	1.29316e-90	0	0
Bramel	0.00285344	0.0035125	0	0	0
Bratha	0.00285344	0.0035125	0	0	0
N90	0.0176386	0.0205557	2.81295e-85	0	0
Bradra	0.0130401	0.015497	0	0	0
Bratra	0.0130401	0.015497	0	0	0
N91	0.0405101	0.0470186	4.15007e-97	0	0
Bragut	0.0149829	0.0188746	0	0	0
Braven	0.0149829	0.0188746	0	0	0
N92	0.0439168	0.0582437	6.10056e-75	0	0
Brapum	0.0489614	0.0678382	0	0	0
Bradam	0.0489614	0.0678382	0	0	0
#+++++++++++++++++++++++++++++

#Expected number of events from root to leaf
LEAF	GAIN	LOSS	DUPLICATION	DEMI-DUPLICATION	BASE-NUMBER
B3088	1.48346	1.82389	5.76218e-63	0	0
BGA709	1.4672	1.80766	5.76218e-63	0	0
BGA309	1.4672	1.80766	5.76218e-63	0	0
B11696	1.33347	1.67388	5.76218e-63	0	0
B11609	1.33347	1.67388	5.76218e-63	0	0
B985	1.30512	1.64553	5.76218e-63	0	0
B199	1.23793	1.57834	5.76218e-63	0	0
B11604	1.23793	1.57834	5.76218e-63	0	0
BGA89	1.27155	1.61196	5.76218e-63	0	0
BGAA2	1.24399	1.58439	5.76218e-63	0	0
BGA584	1.24399	1.58439	5.76218e-63	0	0
BGA304	1.29977	1.64017	5.76218e-63	0	0
BGAB1	1.29977	1.64017	5.76218e-63	0	0
PGA445	1.5514	1.89181	5.76218e-63	0	0
Rhaspe	0.457905	8.71764	3.55495e-58	0	0
Rhamar	0.460214	8.7158	6.10238e-38	0	0
Rhatem	0.52889	7.78448	6.10238e-38	0	0
FGA379	1.51552	2.85578	1.75422e-65	0	0
F3016	0.598987	7.88066	5.96249e-55	0	0
F1476	0.583035	7.86453	1.93849e-54	0	0
Furcep	2.15404	6.43554	1.93849e-54	0	0
Furpol	0.674896	6.95639	1.93853e-54	0	0
F2241	0.550291	7.83178	4.38355e-50	0	0
Furang	0.550291	7.83178	4.38355e-50	0	0
FGA490	0.572979	7.85447	2.71929e-54	0	0
FGA456	0.576735	6.85823	1.93849e-54	0	0
FGA516	0.576735	6.85823	1.93849e-54	0	0
F12278	0.603047	6.88454	1.93849e-54	0	0
Furant	0.857907	7.13942	1.93849e-54	0	0
FGA331	2.42278	6.70429	1.93849e-54	0	0
FGA465	0.556419	7.83791	1.93849e-54	0	0
FGA99	0.541214	7.82271	1.9385e-54	0	0
FGA15	0.54469	7.82619	2.33324e-50	0	0
FGA581	0.718008	6.9995	2.33324e-50	0	0
FGA104	0.997279	6.27877	1.93849e-54	0	0
FGA489	0.592956	7.87448	1.93592e-54	0	0
FGA174	1.31605	5.60383	5.80333e-55	0	0
FurbGB	0.668376	6.95645	6.62429e-58	0	0
CGA312	1.67571	2.01641	1.66399e-65	0	0
CGA642	1.23784	2.57856	1.66399e-65	0	0
CGA763	1.21181	3.55253	1.66399e-65	0	0
C601	2.08068	2.42142	1.66399e-65	0	0
CGA236	1.25447	2.59519	1.66399e-65	0	0
Calboe	1.09332	5.43405	1.80205e-65	0	0
C3125	2.26311	2.60489	1.80205e-65	0	0
CGA429	1.02522	4.36595	1.66399e-65	0	0
C985	1.01923	5.35898	1.66399e-65	0	0
CGA310	1.07254	4.41222	3.70773e-65	0	0
CGA382	1.09117	4.43085	5.22296e-65	0	0
CGA494	0.996134	5.33581	5.22296e-65	0	0
C12265	1.77609	2.1168	1.66399e-65	0	0
C404	1.35656	4.69727	1.66399e-65	0	0
Cl11778	1.36762	3.70833	1.66399e-65	0	0
CGA594	1.36762	3.70833	1.66399e-65	0	0
C3134	2.63336	1.97407	1.66399e-65	0	0
CGA311	1.60237	1.94308	1.66399e-65	0	0
CGA45	1.49366	2.83436	1.66399e-65	0	0
C3043	1.50954	1.85024	1.66399e-65	0	0
CGA368	1.50954	1.85024	1.66399e-65	0	0
CGA364	1.54404	1.88475	1.66399e-65	0	0
C2208	2.30444	1.64515	1.66399e-65	0	0
CGA453	1.5215	1.86203	1.66395e-65	0	0
CGA501	1.54515	1.88568	1.66395e-65	0	0
C3121	1.46129	2.80182	1.66395e-65	0	0
Calparcri	1.56873	1.90925	1.66395e-65	0	0
Triowe	1.71588	2.05641	1.52536e-63	0	0
Trijoh	1.69536	2.03591	1.52546e-63	0	0
Trimel	1.69536	2.03591	1.52546e-63	0	0
Trihoe	0.971025	7.19864	3.3081e-51	0	0
Tribit	0.971025	7.19864	3.3081e-51	0	0
Trijac	0.986629	7.21448	3.68285e-59	0	0
Tricri	1.57415	1.9146	1.67182e-65	0	0
Triwie	1.53986	1.88032	1.67189e-65	0	0
Triqua	1.53986	1.88032	1.67189e-65	0	0
Kinboe	1.65968	2.00014	2.36606e-64	0	0
Kinfis	1.65968	2.00014	2.36606e-64	0	0
Kinxen	1.76925	2.10971	1.66528e-65	0	0
Chaafr	0.448954	6.76898	2.83674e-46	0	0
Chacha	0.448954	6.76898	2.83674e-46	0	0
Chacaly	0.435948	6.75597	2.83674e-46	0	0
Chazey	0.435948	6.75597	2.83674e-46	0	0
Chadil	0.519778	6.8398	3.2401e-45	0	0
Chasen	0.519778	6.8398	3.2401e-45	0	0
Chanam	0.570667	6.8907	1.70852e-46	0	0
Braset	1.06506	2.40543	1.45724e-60	0	0
Bramel	1.02446	2.36484	1.45724e-60	0	0
Bratha	1.02446	2.36484	1.45724e-60	0	0
Bradra	1.01891	2.35928	1.45724e-60	0	0
Bratra	1.01891	2.35928	1.45724e-60	0	0
Bragut	1.03646	2.37684	1.45724e-60	0	0
Braven	1.03646	2.37684	1.45724e-60	0	0
Brapum	1.06088	2.40125	1.45724e-60	0	0
Bradam	1.06088	2.40125	1.45724e-60	0	0
