#Nodes with GAIN events with expectation above 0.5
N3: 0.983505
B3088: 1.27291
BGA709: 1.09703
BGA309: 1.09703
B983: 0.533291
B11604: 0.533291
PGA445: 2.48578
Rhatem: 0.583144
FGA379: 2.02465
Furcep: 1.98236
FGA331: 1.7057
FGA104: 0.870594
FGA174: 1.29124
CGA312: 1.48419
N44: 0.568861
C601: 1.07571
CGA236: 0.822273
C3125: 1.69882
N52: 0.594953
C12265: 0.928349
C3126: 1.84206
N56: 1.38039
C2208: 1.18563
N60: 1.70925
N65: 0.84888
N68: 0.934238
Triowe: 0.738235
Trijoh: 0.560994
Trimel: 0.560994
N72: 1.00408
Tricri: 0.590591
N75: 1.00537
Kinboe: 0.581116
Kinfis: 0.581116
Kinxen: 1.65416
Chanam: 0.515184
N83: 1.81526
Total number of gain events: 59.0626
#+++++++++++++++++++++++++++++

#Nodes with LOSS events with expectation above 0.5
B3088: 1.35263
BGA709: 1.20238
BGA309: 1.20238
B11696: 0.50569
B11609: 0.50569
B983: 0.654874
B11604: 0.654874
PGA445: 1.85
N13: 0.836112
N14: 1.74322
Rhaspe: 4.76505
Rhamar: 4.48304
Rhatem: 3.61776
N18: 0.767271
FGA379: 0.832906
N19: 1.94884
N20: 0.841524
F3015: 1.78548
F1476: 1.2491
N28: 0.701939
FGA465: 1.08876
FGA99: 0.855171
FGA15: 0.803594
FGA489: 1.64724
FurbGB: 2.21936
CGA763: 1.00075
Calboe: 2.41059
CGA429: 1.56823
N49: 0.625089
C984: 2.07556
CGA310: 0.986049
N51: 0.729111
CGA494: 1.14201
N54: 1.19741
C404: 1.06398
CGA45: 1.05325
N60: 0.603419
C3121: 0.837523
N70: 4.26669
Trijac: 0.757425
N75: 0.507763
Kinboe: 0.50043
Kinfis: 0.50043
Kinxen: 1.07586
N77: 2.35638
N78: 1.71749
Chadil: 0.533805
Chasen: 0.533805
Chanam: 2.45968
N83: 1.01823
Total number of loss events: 91.2717
#+++++++++++++++++++++++++++++

#Nodes with duplication events with expectation above 0.5
Total number of duplication events: 0
#+++++++++++++++++++++++++++++

#Nodes with demi-duplication events with expectation above 0.5
Total number of demi-dulications events: 0
#+++++++++++++++++++++++++++++

#+++++++++++++++++++++++++++++

#Nodes with transitions in base number with expectation above 0.5
Total number of transitions in base number: 0
#+++++++++++++++++++++++++++++

#EVENTS NOT ACCOUNTED FOR IN THE SIMULATIONS: 
NONE
#+++++++++++++++++++++++++++++

#ALL EVENTS EXPECTATIONS PER NODE
NODE	GAIN	LOSS	DUPLICATION	DEMI-DUPLICATION	BASE-NUMBER
N2	0.468616	0.0745482	0	0	0
N3	0.983505	0.322767	0	0	0
N4	0.147925	0.0931859	0	0	0
B3088	1.27291	1.35263	0	0	0
N5	0.155507	0.129873	0	0	0
BGA709	1.09703	1.20238	0	0	0
BGA309	1.09703	1.20238	0	0	0
N6	0.392959	0.289317	0	0	0
N7	0.442276	0.476864	0	0	0
B11696	0.411659	0.50569	0	0	0
B11609	0.411659	0.50569	0	0	0
N8	0.10449	0.0966433	0	0	0
N9	0.0290001	0.0295343	0	0	0
N10	0.155594	0.169942	0	0	0
B983	0.533291	0.654874	0	0	0
B11604	0.533291	0.654874	0	0	0
N11	0.353471	0.416489	0	0	0
BGAA1	0.276295	0.349208	0	0	0
BGA584	0.276295	0.349208	0	0	0
N12	0.33792	0.385799	0	0	0
BGA303	0.350122	0.438707	0	0	0
BGAB1	0.350122	0.438707	0	0	0
PGA445	2.48578	1.85	0	0	0
N13	0.0571146	0.836112	0	0	0
N14	0.0221161	1.74322	0	0	0
Rhaspe	0.460183	4.76505	0	0	0
N15	0.0107736	0.278631	0	0	0
Rhamar	0.448423	4.48304	0	0	0
Rhatem	0.583144	3.61776	0	0	0
N16	0.114782	0.0205621	0	0	0
N17	0.438805	0.199704	0	0	0
N18	0.0511413	0.767271	0	0	0
FGA379	2.02465	0.832906	0	0	0
N19	0.0299165	1.94884	0	0	0
N20	0.0385293	0.841524	0	0	0
N21	0.00324789	0.461582	0	0	0
F3015	0.184875	1.78548	0	0	0
N22	0.00424134	0.131855	0	0	0
N23	0.0130621	0.081474	0	0	0
N24	0.00783653	0.274875	0	0	0
N25	0.00512553	0.0214191	0	0	0
F1476	0.127908	1.2491	0	0	0
N26	0.0214848	0.0153223	0	0	0
Furcep	1.98236	0.10972	0	0	0
N27	0.00395204	0.106799	0	0	0
Furpol	0.241189	0.265698	0	0	0
N28	0.0151908	0.701939	0	0	0
N29	0.0170017	0.260114	0	0	0
F2241	0.0297865	0.124434	0	0	0
Furang	0.0297865	0.124434	0	0	0
FGA490	0.0715537	0.409314	0	0	0
N30	0.0134461	0.128495	0	0	0
N31	0.0186227	0.029171	0	0	0
N32	0.0405171	0.00933008	0	0	0
N33	0.00617896	0.0221009	0	0	0
N34	0.0207418	0.0370551	0	0	0
FGA456	0.038278	0.0491223	0	0	0
FGA513	0.038278	0.0491223	0	0	0
F12278	0.0877446	0.114902	0	0	0
N35	0.286276	0.0171064	0	0	0
Furant	0.0393178	0.351566	0	0	0
FGA331	1.7057	0.017945	0	0	0
FGA465	0.076867	1.08876	0	0	0
N36	0.0245441	0.24923	0	0	0
FGA99	0.057417	0.855171	0	0	0
N37	0.03095	0.0551549	0	0	0
FGA15	0.0300449	0.803594	0	0	0
FGA581	0.281365	0.0549147	0	0	0
FGA104	0.870594	0.275122	0	0	0
FGA489	0.174299	1.64724	0	0	0
FGA174	1.29124	0.350484	0	0	0
FurbGB	0.352786	2.21936	0	0	0
N38	0.249292	0.0115488	0	0	0
N39	0.309401	0.0649592	0	0	0
N40	0.411974	0.484265	0	0	0
CGA312	1.48419	0.419469	0	0	0
N41	0.0244976	0.159162	0	0	0
N42	0.00498565	0.266522	0	0	0
N43	0.0286222	0.0100874	0	0	0
N44	0.568861	0.17212	0	0	0
CGA642	0.202031	0.156241	0	0	0
N45	0.0317433	0.0191491	0	0	0
CGA763	0.0339482	1.00075	0	0	0
C601	1.07571	0.0425171	0	0	0
N46	0.016678	0.0341675	0	0	0
CGA236	0.822273	0.362253	0	0	0
N47	0.018758	0.146735	0	0	0
N48	0.176157	0.219819	0	0	0
Calboe	0.0422799	2.41059	0	0	0
C3125	1.69882	0.0671532	0	0	0
CGA429	0.156255	1.56823	0	0	0
N49	0.00280886	0.625089	0	0	0
C984	0.161029	2.07556	0	0	0
N50	0.0053847	0.180937	0	0	0
CGA310	0.247167	0.986049	0	0	0
N51	0.0583597	0.729111	0	0	0
CGA365	0.221285	0.289416	0	0	0
CGA494	0.0738744	1.14201	0	0	0
N52	0.594953	0.109801	0	0	0
N53	0.0198209	0.0936269	0	0	0
C12265	0.928349	0.140286	0	0	0
N54	0.0230131	1.19741	0	0	0
C404	0.0264934	1.06398	0	0	0
N55	0.0123075	0.0239968	0	0	0
Cl11778	0.0493368	0.0751344	0	0	0
CGA48	0.0493368	0.0751344	0	0	0
C3126	1.84206	0.127841	0	0	0
N56	1.38039	0.36843	0	0	0
CGA311	0.465564	0.485096	0	0	0
N57	0.0468141	0.0175448	0	0	0
N58	0.0625944	0.169852	0	0	0
CGA45	0.111703	1.05325	0	0	0
N59	0.0485368	0.0219748	0	0	0
C3043	0.230014	0.198124	0	0	0
CGA364	0.230014	0.198124	0	0	0
C2208	1.18563	0.234433	0	0	0
N60	1.70925	0.603419	0	0	0
N61	0.158596	0.134983	0	0	0
CGA453	0.209868	0.102422	0	0	0
N62	0.0279489	0.10033	0	0	0
CGA501	0.219385	0.0395583	0	0	0
C3121	0.01735	0.837523	0	0	0
N63	0.368415	0.237475	0	0	0
Calparcri	0.00896978	0.00885047	0	0	0
C3118	0.00896978	0.00885047	0	0	0
N64	0.0318814	0.0190076	0	0	0
N65	0.84888	0.0932912	0	0	0
N66	0.400725	0.301656	0	0	0
N67	0.09908	0.400378	0	0	0
N68	0.934238	0.0964344	0	0	0
Triowe	0.738235	0.430472	0	0	0
N69	0.156037	0.041329	0	0	0
Trijoh	0.560994	0.367941	0	0	0
Trimel	0.560994	0.367941	0	0	0
N70	0.101195	4.26669	0	0	0
N71	0.0156478	0.34496	0	0	0
Trihoe	0.0753689	0.399142	0	0	0
Tribit	0.0753689	0.399142	0	0	0
Trijac	0.104264	0.757425	0	0	0
N72	1.00408	0.283129	0	0	0
Tricri	0.590591	0.465617	0	0	0
N73	0.185084	0.099033	0	0	0
Triwie	0.359452	0.320529	0	0	0
Triqua	0.359452	0.320529	0	0	0
N74	0.470883	0.104303	0	0	0
N75	1.00537	0.507763	0	0	0
Kinboe	0.581116	0.50043	0	0	0
Kinfis	0.581116	0.50043	0	0	0
Kinxen	1.65416	1.07586	0	0	0
N76	0.0123166	0.105186	0	0	0
N77	0.0956353	2.35638	0	0	0
N78	0.155012	1.71749	0	0	0
N79	0.0640209	0.357063	0	0	0
N80	0.022367	0.0554034	0	0	0
Chaafr	0.0962101	0.152156	0	0	0
Chacha	0.0962101	0.152156	0	0	0
N81	0.0322927	0.0784033	0	0	0
Chacaly	0.0758675	0.118739	0	0	0
Chazey	0.0758675	0.118739	0	0	0
N82	0.0324345	0.11191	0	0	0
Chadil	0.231257	0.533805	0	0	0
Chasen	0.231257	0.533805	0	0	0
Chanam	0.515184	2.45968	0	0	0
N83	1.81526	1.01823	0	0	0
N84	0.0318143	0.0301075	0	0	0
N85	0.00325502	0.00354104	0	0	0
Braset	0.123167	0.126974	0	0	0
N86	0.00996611	0.010475	0	0	0
N87	0.0518151	0.05455	0	0	0
Bramel	0.00451467	0.00507822	0	0	0
Bratha	0.00451467	0.00507822	0	0	0
N88	0.0288142	0.0301207	0	0	0
Bradra	0.0218155	0.0238073	0	0	0
Bratra	0.0218155	0.0238073	0	0	0
N89	0.0650736	0.0662493	0	0	0
Bragut	0.0251257	0.0280433	0	0	0
Braven	0.0251257	0.0280433	0	0	0
N90	0.0761158	0.0696224	0	0	0
Brapum	0.0860374	0.0949171	0	0	0
Bradam	0.0860374	0.0949171	0	0	0
#+++++++++++++++++++++++++++++

#Expected number of events from root to leaf
LEAF	GAIN	LOSS	DUPLICATION	DEMI-DUPLICATION	BASE-NUMBER
B3088	2.87296	1.84313	0	0	0
BGA709	2.85258	1.82275	0	0	0
BGA309	2.85258	1.82275	0	0	0
B11696	2.69901	1.66919	0	0	0
B11609	2.69901	1.66919	0	0	0
B983	2.66745	1.63763	0	0	0
B11604	2.66745	1.63763	0	0	0
BGAA1	2.60834	1.57851	0	0	0
BGA584	2.60834	1.57851	0	0	0
BGA303	2.63761	1.60778	0	0	0
BGAB1	2.63761	1.60778	0	0	0
PGA445	2.9544	1.92455	0	0	0
Rhaspe	0.539414	7.34439	0	0	0
Rhamar	0.538427	7.34101	0	0	0
Rhatem	0.673148	6.47573	0	0	0
FGA379	2.68649	2.65656	0	0	0
F3015	0.918411	6.86108	0	0	0
F1476	0.891711	6.83432	0	0	0
Furcep	2.76765	5.71026	0	0	0
Furpol	1.03043	5.97304	0	0	0
F2241	0.851218	6.79383	0	0	0
Furang	0.851218	6.79383	0	0	0
FGA490	0.875983	6.8186	0	0	0
FGA456	0.896461	5.83908	0	0	0
FGA513	0.896461	5.83908	0	0	0
F12278	0.925186	5.8678	0	0	0
Furant	1.15686	6.09947	0	0	0
FGA331	2.82323	5.76585	0	0	0
FGA465	0.867612	6.81023	0	0	0
FGA99	0.854084	6.7967	0	0	0
FGA15	0.857662	6.80028	0	0	0
FGA581	1.10898	6.0516	0	0	0
FGA104	1.62143	5.56405	0	0	0
FGA489	0.912077	6.85469	0	0	0
FGA174	2.02153	4.9645	0	0	0
FurbGB	1.04455	5.99185	0	0	0
CGA312	3.06556	2.03662	0	0	0
CGA642	2.41037	2.38128	0	0	0
CGA763	2.27403	3.24494	0	0	0
C601	3.31579	2.28671	0	0	0
CGA236	2.47843	2.44934	0	0	0
Calboe	1.89335	4.86423	0	0	0
C3125	3.54989	2.5208	0	0	0
CGA429	1.83116	3.80205	0	0	0
C984	1.77469	4.74348	0	0	0
CGA310	1.86621	3.83491	0	0	0
CGA365	1.89869	3.86739	0	0	0
CGA494	1.75128	4.71998	0	0	0
C12265	3.14899	2.12003	0	0	0
C404	2.27015	4.24113	0	0	0
Cl11778	2.3053	3.27628	0	0	0
CGA48	2.3053	3.27628	0	0	0
C3126	4.04288	2.01396	0	0	0
CGA311	3.01535	1.98641	0	0	0
CGA45	2.7709	2.74196	0	0	0
C3043	2.93775	1.90881	0	0	0
CGA364	2.93775	1.90881	0	0	0
C2208	3.78223	1.75329	0	0	0
CGA453	2.93771	1.90875	0	0	0
CGA501	2.97518	1.94622	0	0	0
C3121	2.77314	2.74418	0	0	0
Calparcri	2.94663	1.91767	0	0	0
C3118	2.94663	1.91767	0	0	0
Triowe	3.22494	2.19791	0	0	0
Trijoh	3.20373	2.17671	0	0	0
Trimel	3.20373	2.17671	0	0	0
Trihoe	1.74468	6.6818	0	0	0
Tribit	1.74468	6.6818	0	0	0
Trijac	1.75792	6.69512	0	0	0
Tricri	3.04806	2.01937	0	0	0
Triwie	3.002	1.97332	0	0	0
Triqua	3.002	1.97332	0	0	0
Kinboe	3.11003	2.08147	0	0	0
Kinfis	3.11003	2.08147	0	0	0
Kinxen	3.1777	2.14914	0	0	0
Chaafr	0.64934	5.61936	0	0	0
Chacha	0.64934	5.61936	0	0	0
Chacaly	0.638923	5.60894	0	0	0
Chazey	0.638923	5.60894	0	0	0
Chadil	0.730434	5.70045	0	0	0
Chasen	0.730434	5.70045	0	0	0
Chanam	0.826915	5.79693	0	0	0
Braset	2.18959	2.15972	0	0	0
Bramel	2.13272	2.10285	0	0	0
Bratha	2.13272	2.10285	0	0	0
Bradra	2.12702	2.09715	0	0	0
Bratra	2.12702	2.09715	0	0	0
Bragut	2.15337	2.12349	0	0	0
Braven	2.15337	2.12349	0	0	0
Brapum	2.19351	2.16363	0	0	0
Bradam	2.19351	2.16363	0	0	0
