NODE	1	2	3	4	5	6	7	8	9	10	11	12	13	14	15	16	17	18	19	20	21	22	23	24	25	26	27	28	29	30	31	32	33	34	35	36	37	38	39	40	41	
N1	2.15604e-27	1.09121e-23	8.85031e-22	2.63407e-19	2.91803e-18	5.05246e-18	2.47491e-13	3.16781e-10	2.21018e-08	4.44592e-08	1.27462e-08	1.88054e-09	5.0494e-09	4.24999e-07	6.17439e-05	0.00409592	0.0773411	0.348787	0.404891	0.144927	0.0188533	0.00101635	2.51602e-05	3.10067e-07	2.02828e-09	7.41527e-12	2.68191e-17	9.61483e-19	2.71542e-20	6.11298e-22	1.10778e-23	1.62925e-25	1.95794e-27	1.93337e-29	1.57578e-31	1.06391e-33	5.9666e-36	2.78486e-38	1.08313e-40	3.52558e-43	1.27724e-45	
Leiolep	0	0	0	0	0	0	0	0	0	0	0	0	0	0	0	0	0	1	0	0	0	0	0	0	0	0	0	0	0	0	0	0	0	0	0	0	0	0	0	0	0	
N2	1.55357e-32	4.21365e-26	8.07852e-24	6.42032e-19	6.2949e-17	1.26856e-17	1.2251e-14	4.05258e-11	5.61593e-09	1.27598e-08	2.75979e-09	4.00998e-10	2.63555e-09	1.5057e-06	0.00049175	0.0385732	0.388941	0.489621	0.0796228	0.00271948	2.86637e-05	1.19199e-07	2.31085e-10	2.3566e-13	1.38134e-16	5.51027e-20	1.68969e-23	1.96831e-26	9.41188e-30	1.50191e-32	4.61161e-36	3.91206e-39	7.43351e-43	3.31688e-46	3.88944e-50	9.06159e-54	6.4458e-58	7.71924e-62	3.41115e-66	2.42069e-70	1.56875e-74	
N3	7.68913e-34	4.04663e-28	4.12756e-25	7.76215e-21	3.26608e-18	1.12701e-17	2.48476e-15	2.6404e-12	4.47143e-10	1.2689e-09	1.67357e-09	2.05263e-09	3.45224e-09	4.92762e-07	0.000153549	0.0153967	0.264218	0.581324	0.132512	0.00629827	9.70347e-05	6.27036e-07	2.018e-09	1.85412e-11	2.92043e-13	9.52934e-14	9.03817e-16	1.42225e-16	6.36503e-19	5.13161e-20	9.16741e-23	3.86486e-24	2.30613e-27	3.85875e-29	1.13234e-32	5.4622e-35	1.00088e-38	1.75137e-41	2.0707e-45	1.6367e-48	1.02383e-51	
N4	4.70097e-39	4.58307e-32	1.83182e-29	5.66322e-24	4.02816e-21	4.04157e-22	6.61724e-19	1.90421e-14	1.05015e-10	1.01414e-10	1.01568e-11	4.31207e-13	7.51644e-14	1.70493e-10	4.10075e-07	0.000307109	0.0480998	0.759322	0.187478	0.00476599	2.74953e-05	5.40571e-08	4.60249e-11	2.52402e-14	1.60208e-17	1.5507e-19	1.44177e-22	8.57784e-25	4.18201e-28	1.15237e-30	2.97861e-34	3.87163e-37	4.75028e-41	2.80297e-44	1.61772e-48	3.52633e-52	1.1266e-56	9.46989e-61	1.7387e-65	7.07096e-70	2.05473e-74	
N5	5.46392e-41	3.9595e-34	7.49226e-31	1.52732e-25	1.99578e-22	3.12182e-22	3.57303e-19	2.98031e-15	2.23523e-12	2.08415e-12	1.95687e-13	4.4141e-14	1.38913e-13	1.99486e-10	4.23486e-07	0.00029838	0.0459608	0.734532	0.212539	0.00662176	4.73527e-05	1.14972e-07	1.1962e-10	6.24129e-14	1.92834e-17	3.03856e-19	1.04251e-21	1.15237e-22	2.06088e-25	1.11306e-26	9.9154e-30	2.77387e-31	1.0281e-34	1.56079e-36	1.7965e-40	1.3083e-42	4.87109e-47	5.16828e-50	1.18757e-54	3.46913e-58	1.38217e-62	
B3088	0	0	0	0	0	0	0	0	0	0	0	0	0	0	0	0	0	1	0	0	0	0	0	0	0	0	0	0	0	0	0	0	0	0	0	0	0	0	0	0	0	
N6	1.66088e-38	1.58601e-32	2.80079e-29	7.874e-25	3.57198e-22	2.32483e-21	8.57504e-19	1.19637e-15	2.07741e-13	3.89654e-13	8.67029e-13	2.46633e-12	1.03726e-11	3.15028e-09	2.40019e-06	0.000717794	0.0585149	0.703138	0.227524	0.00998099	0.000121575	5.82298e-07	1.34102e-09	1.69222e-12	1.31185e-15	2.24633e-17	2.0878e-19	6.24321e-20	3.41627e-22	5.39084e-23	1.68564e-25	1.44008e-26	2.23399e-29	1.06437e-30	5.76763e-34	1.43466e-35	2.33374e-39	9.54143e-42	9.75892e-46	1.04253e-48	1.79684e-52	
N7	5.06231e-43	3.9544e-42	3.31665e-41	2.6515e-40	2.01152e-39	1.44111e-38	9.69573e-38	9.7222e-23	2.03698e-14	8.65408e-20	9.12205e-35	3.94641e-34	1.50013e-33	4.89448e-33	1.32783e-32	4.03432e-14	5.21056e-07	0.999998	1.38065e-06	3.02983e-13	4.17885e-33	1.04249e-33	2.17906e-34	4.04493e-35	7.18742e-36	5.42783e-36	3.82956e-36	1.76744e-35	1.45485e-35	5.97831e-35	4.95202e-35	1.69058e-34	1.3959e-34	3.74586e-34	2.9019e-34	5.58596e-34	3.4868e-34	3.8177e-34	1.9281e-34	1.57893e-34	1.35928e-34	
BGA709	0	0	0	0	0	0	0	0	0	0	0	0	0	0	0	0	0	1	0	0	0	0	0	0	0	0	0	0	0	0	0	0	0	0	0	0	0	0	0	0	0	
BGA710	0	0	0	0	0	0	0	0	0	0	0	0	0	0	0	0	0	1	0	0	0	0	0	0	0	0	0	0	0	0	0	0	0	0	0	0	0	0	0	0	0	
BGA309	0	0	0	0	0	0	0	0	0	0	0	0	0	0	0	0	0	1	0	0	0	0	0	0	0	0	0	0	0	0	0	0	0	0	0	0	0	0	0	0	0	
N8	7.65916e-41	9.11568e-34	5.08755e-31	1.81625e-25	5.99879e-23	8.39872e-24	2.23529e-20	3.12546e-16	8.46724e-13	2.65207e-13	3.95964e-14	3.2619e-15	7.79498e-16	3.15881e-12	1.65787e-08	3.10401e-05	0.0147922	0.865105	0.118667	0.0014006	3.82311e-06	3.71406e-09	1.62761e-12	3.75031e-16	5.25873e-20	7.39919e-23	5.66123e-26	5.99606e-28	2.67848e-31	1.42249e-33	3.71316e-37	9.95759e-40	1.45371e-43	1.94979e-46	1.25236e-50	7.75854e-54	2.01569e-58	3.06449e-62	4.56265e-67	2.19046e-71	4.03752e-76	
N9	5.37537e-39	1.0862e-32	5.09794e-30	3.60971e-25	8.62919e-23	7.02378e-23	1.20835e-19	1.22943e-15	2.78415e-12	5.03316e-12	2.63162e-12	6.76657e-13	2.80198e-13	1.876e-10	3.11844e-07	0.000199205	0.0353553	0.858749	0.103926	0.00176169	8.84096e-06	1.84019e-08	1.92142e-11	1.14481e-14	4.47826e-18	1.69132e-20	3.28964e-23	7.69511e-25	9.25508e-28	1.15996e-29	8.6993e-33	5.84206e-35	2.82898e-38	9.82181e-41	2.88542e-44	4.695e-47	4.804e-51	1.37446e-54	7.75508e-59	9.34124e-63	1.00955e-66	
N10	1.32111e-46	1.21889e-45	1.15773e-44	1.055e-43	9.70067e-43	9.59081e-42	1.0453e-40	2.70878e-25	9.3249e-17	9.37848e-22	1.40003e-36	1.20285e-35	8.99799e-35	5.7007e-34	2.94183e-33	2.31421e-14	4.30951e-07	0.999998	1.17512e-06	1.81681e-13	9.80109e-34	1.30125e-34	1.41824e-35	1.33757e-36	1.20158e-37	1.35839e-37	9.88756e-38	9.79095e-37	7.42245e-37	6.3616e-36	4.75022e-36	3.35751e-35	2.4034e-35	1.31764e-34	7.86716e-35	3.01186e-34	1.05348e-34	1.23176e-34	3.49067e-35	2.55518e-35	1.27664e-35	
B11696	0	0	0	0	0	0	0	0	0	0	0	0	0	0	0	0	0	1	0	0	0	0	0	0	0	0	0	0	0	0	0	0	0	0	0	0	0	0	0	0	0	
B11697	0	0	0	0	0	0	0	0	0	0	0	0	0	0	0	0	0	1	0	0	0	0	0	0	0	0	0	0	0	0	0	0	0	0	0	0	0	0	0	0	0	
N11	4.58852e-48	9.38918e-40	3.53812e-37	2.53306e-30	6.41804e-28	5.34534e-30	5.96047e-25	3.76004e-19	7.71917e-14	1.46802e-15	1.04671e-17	3.58989e-20	2.07126e-22	1.08753e-17	1.30444e-12	5.79057e-08	0.000686962	0.99736	0.00195249	4.87037e-07	3.49232e-11	1.01909e-15	1.46299e-20	1.17146e-25	6.00131e-31	2.8186e-35	6.41411e-40	1.60024e-43	2.02793e-48	2.37676e-52	1.61313e-57	8.49674e-62	2.94106e-67	6.39065e-72	9.1739e-78	6.95928e-83	2.66075e-89	2.59547e-95	3.146e-102	5.83244e-109	2.86119e-116	
B11609	0	0	0	0	0	0	0	0	0	0	0	0	0	0	0	0	0	1	0	0	0	0	0	0	0	0	0	0	0	0	0	0	0	0	0	0	0	0	0	0	0	
BGA392	0	0	0	0	0	0	0	0	0	0	0	0	0	0	0	0	0	1	0	0	0	0	0	0	0	0	0	0	0	0	0	0	0	0	0	0	0	0	0	0	0	
N12	2.36427e-48	2.17263e-40	2.41565e-37	7.33867e-31	9.0036e-28	8.62874e-29	1.35027e-24	1.50218e-19	2.29411e-15	1.54221e-16	5.68319e-18	3.06258e-19	2.00809e-19	8.06129e-15	2.50765e-10	2.49236e-06	0.00525046	0.906804	0.0875436	0.000398788	3.15981e-07	7.51291e-11	7.17317e-15	3.28481e-19	8.18728e-24	2.2536e-27	6.15883e-31	5.98116e-33	1.15127e-36	3.56259e-35	1.74303e-35	1.59989e-35	1.89383e-37	9.31313e-38	4.53659e-40	1.44155e-40	2.32722e-43	1.60311e-44	1.91385e-47	3.65026e-49	7.88507e-52	
N13	7.47635e-42	6.30772e-36	2.79187e-34	8.33962e-30	2.90322e-28	5.85345e-30	7.33627e-26	5.80071e-21	5.10616e-17	4.3442e-18	2.36431e-19	9.38788e-20	2.94066e-19	8.56979e-15	2.52193e-10	2.4291e-06	0.00512148	0.912315	0.0822169	0.000343665	2.57536e-07	5.96819e-11	5.6947e-15	2.65926e-19	6.82111e-24	4.62445e-27	4.11652e-30	4.24225e-31	2.04124e-34	1.04561e-35	2.58611e-39	7.00623e-41	7.24161e-45	1.1176e-46	2.84386e-51	2.56678e-53	8.68216e-59	8.74588e-62	1.83591e-67	2.66307e-71	1.08296e-76	
N14	1.27737e-45	5.7895e-39	7.4852e-36	1.24815e-30	9.13443e-28	2.67371e-27	1.08585e-23	2.45339e-19	1.15139e-15	6.4234e-15	9.82014e-15	7.34091e-15	9.60132e-15	1.42083e-11	4.63996e-08	5.79295e-05	0.019818	0.892228	0.0869571	0.00093658	2.75144e-06	3.21937e-09	1.84398e-12	5.88921e-16	1.18095e-19	6.39189e-22	1.56482e-24	1.19813e-25	1.72362e-28	7.05414e-30	6.19178e-33	1.36335e-34	7.50621e-38	8.62692e-40	2.61477e-43	1.49006e-45	7.78765e-50	4.12201e-53	1.30243e-57	1.85564e-61	9.49663e-66	
N15	8.23569e-47	1.15676e-45	1.6612e-44	2.27442e-43	2.95567e-42	3.62772e-41	4.18153e-40	1.31204e-24	3.48052e-16	3.42268e-21	3.37586e-36	2.49101e-35	1.60903e-34	8.86186e-34	4.00879e-33	3.62013e-14	5.32328e-07	0.999998	1.3446e-06	2.49454e-13	1.12476e-33	1.64613e-34	2.00309e-35	2.14142e-36	2.24668e-37	2.84113e-37	2.09691e-37	1.77094e-36	1.36434e-36	1.0022e-35	7.67821e-36	4.67088e-35	3.55082e-35	1.67193e-34	1.17317e-34	3.76551e-34	1.58448e-34	1.55452e-34	4.98874e-35	3.36176e-35	1.89608e-35	
B985	0	0	0	0	0	0	0	0	0	0	0	0	0	0	0	0	0	1	0	0	0	0	0	0	0	0	0	0	0	0	0	0	0	0	0	0	0	0	0	0	0	
B983	0	0	0	0	0	0	0	0	0	0	0	0	0	0	0	0	0	1	0	0	0	0	0	0	0	0	0	0	0	0	0	0	0	0	0	0	0	0	0	0	0	
N16	1.64646e-44	3.9175e-37	3.31704e-34	2.87251e-28	1.44738e-25	3.76352e-26	4.34921e-22	2.49179e-17	3.54462e-13	1.30164e-13	1.57803e-14	9.29607e-16	9.10207e-17	3.36305e-13	2.97046e-09	9.83305e-06	0.00876748	0.965889	0.02525	8.40007e-05	8.05242e-08	3.16319e-11	6.19043e-15	6.8793e-19	5.02494e-23	4.37723e-26	1.73343e-29	8.96903e-32	2.16166e-35	5.95026e-38	8.86774e-42	1.2994e-44	1.2219e-48	9.22399e-52	4.90885e-56	1.76131e-59	4.21104e-64	9.93028e-66	2.18868e-66	1.51735e-66	6.58004e-67	
N17	3.16033e-50	6.70935e-49	1.32492e-47	2.29143e-46	3.38619e-45	4.13606e-44	4.0002e-43	4.19557e-28	1.07476e-19	9.8738e-25	5.0544e-39	1.00233e-37	1.73164e-36	2.523e-35	2.9736e-34	3.31406e-15	1.70863e-07	0.999999	4.7567e-07	2.67639e-14	1.02301e-34	5.96171e-36	2.83095e-37	1.15068e-38	4.45629e-40	1.04339e-39	7.57673e-40	1.81898e-38	1.30019e-38	2.70916e-37	1.87548e-37	3.25527e-36	2.09592e-36	2.88125e-35	1.37388e-35	1.41219e-34	2.12822e-35	2.58275e-35	3.31875e-36	2.21684e-36	7.19226e-37	
B199	0	0	0	0	0	0	0	0	0	0	0	0	0	0	0	0	0	1	0	0	0	0	0	0	0	0	0	0	0	0	0	0	0	0	0	0	0	0	0	0	0	
BGAA3	0	0	0	0	0	0	0	0	0	0	0	0	0	0	0	0	0	1	0	0	0	0	0	0	0	0	0	0	0	0	0	0	0	0	0	0	0	0	0	0	0	
N18	3.14024e-50	6.67387e-49	1.31927e-47	2.284e-46	3.37865e-45	4.13094e-44	3.99878e-43	8.41079e-28	1.51785e-19	1.97029e-24	5.03255e-39	9.98806e-38	1.72696e-36	2.51819e-35	2.97021e-34	6.64078e-15	2.41774e-07	0.999999	6.73375e-07	5.36683e-14	1.02278e-34	5.95676e-36	2.82673e-37	1.14816e-38	4.44276e-40	1.03969e-39	7.54967e-40	1.81403e-38	1.29659e-38	2.70393e-37	1.87171e-37	3.25144e-36	2.09297e-36	2.87975e-35	1.37222e-35	1.41196e-34	2.12577e-35	2.5824e-35	3.31571e-36	2.21572e-36	7.18322e-37	
B11604	0	0	0	0	0	0	0	0	0	0	0	0	0	0	0	0	0	1	0	0	0	0	0	0	0	0	0	0	0	0	0	0	0	0	0	0	0	0	0	0	0	
BGA583	0	0	0	0	0	0	0	0	0	0	0	0	0	0	0	0	0	1	0	0	0	0	0	0	0	0	0	0	0	0	0	0	0	0	0	0	0	0	0	0	0	
N19	2.38092e-46	5.74017e-39	7.25646e-36	6.20634e-30	4.90555e-27	2.39938e-27	2.51885e-23	1.51933e-18	1.98266e-14	1.69262e-14	3.96721e-15	4.59655e-16	2.08377e-16	1.06548e-12	7.39483e-09	1.87205e-05	0.0122161	0.929335	0.0580617	0.000367427	5.93335e-07	3.63956e-10	1.05532e-13	1.66461e-17	1.639e-21	2.49451e-24	1.7911e-27	2.39322e-29	9.98507e-33	6.93782e-35	1.73649e-38	6.32331e-41	9.8879e-45	1.8244e-47	1.68023e-51	1.43421e-54	3.21017e-59	3.3227e-63	4.16308e-68	1.45682e-72	3.53988e-77	
N20	2.37879e-48	3.60908e-47	5.95722e-46	9.80186e-45	1.57304e-43	2.41921e-42	3.51795e-41	1.72894e-23	5.15466e-16	7.23092e-20	7.29191e-37	6.8079e-36	5.55941e-35	3.86559e-34	2.2021e-33	3.08497e-12	4.98305e-06	0.999982	1.26055e-05	2.13144e-11	6.20197e-34	7.21621e-35	6.96327e-36	5.87383e-37	4.87214e-38	7.48428e-38	5.52321e-38	6.01605e-37	4.52869e-37	4.2894e-36	3.19311e-36	2.51065e-35	1.84578e-35	1.12463e-34	7.55913e-35	3.14357e-34	1.07418e-34	1.02117e-34	2.666e-35	1.70454e-35	8.34517e-36	
BGA89	0	0	0	0	0	0	0	0	0	0	0	0	0	0	0	0	0	1	0	0	0	0	0	0	0	0	0	0	0	0	0	0	0	0	0	0	0	0	0	0	0	
BGA40	0	0	0	0	0	0	0	0	0	0	0	0	0	0	0	0	0	1	0	0	0	0	0	0	0	0	0	0	0	0	0	0	0	0	0	0	0	0	0	0	0	
N21	7.7334e-46	1.09222e-38	1.82241e-35	7.42718e-30	5.17005e-27	5.44311e-27	2.13914e-23	3.46388e-19	9.61016e-16	7.87267e-16	4.83449e-16	2.40045e-16	2.03896e-16	6.79731e-13	5.39749e-09	1.55575e-05	0.0114198	0.942046	0.0462914	0.000227007	2.87989e-07	1.40606e-10	3.27905e-14	4.18337e-18	3.28005e-22	8.96384e-25	1.07765e-27	5.32678e-29	3.72235e-32	9.71785e-34	3.96727e-37	5.58167e-39	1.21214e-42	9.39339e-45	7.65931e-49	3.24693e-51	5.24575e-56	2.20868e-59	2.44303e-64	4.727e-67	4.84461e-68	
N22	3.6717e-50	7.8629e-49	1.74675e-47	3.77985e-46	7.85472e-45	1.54987e-43	2.87684e-42	1.57467e-26	6.45319e-18	1.06078e-22	1.54764e-37	1.82612e-36	1.88081e-35	1.64529e-34	1.1752e-33	1.79725e-14	3.88219e-07	0.999999	1.01522e-06	1.30868e-13	3.53048e-34	3.30213e-35	2.54647e-36	1.70382e-37	1.11177e-38	1.96107e-38	1.44049e-38	2.0104e-37	1.48436e-37	1.80094e-36	1.3071e-36	1.31831e-35	9.33179e-36	7.31654e-35	4.51581e-35	2.46611e-34	6.64686e-35	6.62935e-35	1.40921e-35	8.91254e-36	3.79807e-36	
BGAA2	0	0	0	0	0	0	0	0	0	0	0	0	0	0	0	0	0	1	0	0	0	0	0	0	0	0	0	0	0	0	0	0	0	0	0	0	0	0	0	0	0	
BGAA1	0	0	0	0	0	0	0	0	0	0	0	0	0	0	0	0	0	1	0	0	0	0	0	0	0	0	0	0	0	0	0	0	0	0	0	0	0	0	0	0	0	
N23	2.03047e-55	8.13836e-46	6.69025e-43	7.17197e-35	4.46188e-32	1.37319e-34	1.81988e-28	8.60299e-22	1.21588e-15	6.44479e-18	1.30634e-20	9.80409e-24	8.44747e-27	5.38323e-21	5.2747e-15	1.47951e-09	0.000111954	0.999588	0.00029979	1.11974e-08	1.22324e-13	4.22618e-19	4.89177e-25	1.62817e-31	9.0659e-39	1.57418e-38	1.15335e-38	1.7049e-37	1.25371e-37	1.611e-36	1.16282e-36	1.24232e-35	8.7111e-36	7.24323e-35	4.35834e-35	2.54194e-34	6.47144e-35	6.69496e-35	1.36201e-35	8.68376e-36	3.56051e-36	
BGA584	0	0	0	0	0	0	0	0	0	0	0	0	0	0	0	0	0	1	0	0	0	0	0	0	0	0	0	0	0	0	0	0	0	0	0	0	0	0	0	0	0	
BGA706	0	0	0	0	0	0	0	0	0	0	0	0	0	0	0	0	0	1	0	0	0	0	0	0	0	0	0	0	0	0	0	0	0	0	0	0	0	0	0	0	0	
N24	6.15482e-42	2.74133e-35	2.70666e-32	4.81105e-27	2.46935e-24	3.29153e-24	9.29366e-21	1.36403e-16	4.28502e-13	8.57443e-13	5.0111e-13	1.44023e-13	6.65452e-14	6.02682e-11	1.36258e-07	0.000117956	0.0281321	0.886451	0.0842273	0.00106769	3.95208e-06	6.03695e-09	4.61709e-12	2.01047e-15	5.747e-19	2.28305e-21	4.01613e-24	1.05579e-25	1.12568e-28	1.58835e-30	1.05197e-33	7.98748e-36	3.42678e-39	1.34921e-41	3.63217e-45	6.64641e-48	5.18205e-52	1.29469e-55	5.57819e-60	6.3432e-64	1.26148e-66	
N25	5.50233e-55	3.2645e-45	1.32357e-42	2.08936e-34	7.01661e-32	4.46978e-35	1.19432e-28	1.22454e-21	3.92237e-15	5.51054e-18	2.97997e-21	5.94722e-25	1.35778e-28	1.97953e-22	4.41244e-16	2.80729e-10	4.80905e-05	0.999821	0.000131033	2.19574e-09	1.07279e-14	1.65184e-20	8.48038e-27	1.23521e-33	5.48399e-38	6.99387e-38	5.10633e-38	5.77803e-37	4.33164e-37	4.24191e-36	3.12538e-36	2.52795e-35	1.78231e-35	1.11998e-34	6.508e-35	2.87074e-34	8.9635e-35	1.03858e-34	2.63304e-35	1.87145e-35	8.58222e-36	
BGA304	0	0	0	0	0	0	0	0	0	0	0	0	0	0	0	0	0	1	0	0	0	0	0	0	0	0	0	0	0	0	0	0	0	0	0	0	0	0	0	0	0	
BGA303	0	0	0	0	0	0	0	0	0	0	0	0	0	0	0	0	0	1	0	0	0	0	0	0	0	0	0	0	0	0	0	0	0	0	0	0	0	0	0	0	0	
N26	1.18929e-47	1.27401e-46	1.43694e-45	1.6299e-44	1.94561e-43	2.49556e-42	3.3535e-41	5.47636e-26	2.88041e-17	2.36293e-22	7.19437e-37	6.82656e-36	5.64054e-35	3.94751e-34	2.24966e-33	1.05751e-14	2.94028e-07	0.999999	7.9235e-07	8.12145e-14	7.26809e-34	8.67058e-35	8.49546e-36	7.20381e-37	5.85532e-38	7.5622e-38	5.5299e-38	6.09868e-37	4.58226e-37	4.37477e-36	3.23404e-36	2.5504e-35	1.81023e-35	1.10814e-34	6.54421e-35	2.80419e-34	8.98349e-35	1.02014e-34	2.63895e-35	1.86238e-35	8.70343e-36	
BGAB1	0	0	0	0	0	0	0	0	0	0	0	0	0	0	0	0	0	1	0	0	0	0	0	0	0	0	0	0	0	0	0	0	0	0	0	0	0	0	0	0	0	
BGA7	0	0	0	0	0	0	0	0	0	0	0	0	0	0	0	0	0	1	0	0	0	0	0	0	0	0	0	0	0	0	0	0	0	0	0	0	0	0	0	0	0	
N27	6.65074e-39	2.63209e-38	1.23798e-37	5.55388e-37	2.36365e-36	9.4942e-36	3.57804e-35	8.2974e-18	4.7053e-11	2.30727e-15	3.28813e-33	7.95743e-33	1.69778e-32	3.13283e-32	4.88335e-32	3.63968e-11	1.44534e-05	0.999959	2.68574e-05	1.39779e-10	5.97097e-33	2.05283e-33	6.22782e-34	2.04892e-34	7.66143e-35	1.14671e-34	9.59998e-35	2.38917e-34	2.1451e-34	4.71091e-34	4.25766e-34	7.90185e-34	6.99992e-34	1.06074e-33	8.7204e-34	1.03918e-33	7.54374e-34	7.01214e-34	4.41455e-34	3.79123e-34	4.63286e-34	
PGA445	0	0	0	0	0	0	0	0	0	0	0	0	0	0	0	0	0	1	0	0	0	0	0	0	0	0	0	0	0	0	0	0	0	0	0	0	0	0	0	0	0	
PGA363	0	0	0	0	0	0	0	0	0	0	0	0	0	0	0	0	0	1	0	0	0	0	0	0	0	0	0	0	0	0	0	0	0	0	0	0	0	0	0	0	0	
N28	4.44819e-37	3.01716e-29	8.90147e-25	1.1773e-20	1.63346e-18	7.85367e-17	4.84633e-14	2.86997e-11	9.1344e-09	1.04022e-08	1.56707e-09	6.70879e-10	3.74198e-07	0.000118838	0.0112047	0.260436	0.669437	0.05852	0.000283281	2.35975e-07	5.64945e-11	5.30258e-15	2.36566e-19	5.69126e-24	8.05709e-29	8.28979e-34	1.37715e-38	1.53006e-41	7.23706e-46	5.94898e-49	1.5811e-53	4.41191e-55	1.24465e-53	4.86651e-54	1.34613e-56	1.54271e-57	2.63118e-59	1.15929e-59	5.53551e-61	2.84425e-59	4.72484e-59	
N29	9.26889e-35	4.4124e-28	7.00471e-23	3.47324e-20	5.78812e-16	7.9513e-14	3.6714e-13	1.21586e-11	4.52302e-09	1.86468e-06	0.000333476	0.0111	0.100891	0.314454	0.374522	0.171857	0.02625	0.00059041	1.45503e-06	1.22748e-09	4.91212e-13	1.09134e-16	1.47883e-20	1.37073e-24	1.97512e-28	7.0875e-30	7.42615e-33	2.43456e-34	2.2369e-37	1.13992e-35	3.7408e-36	8.35504e-36	5.9689e-37	5.57904e-36	6.24481e-37	1.03507e-36	1.02282e-38	6.7829e-40	2.58644e-42	5.74691e-44	8.0996e-46	
Rhaspe	0	0	0	0	0	0	0	0	0	1	0	0	0	0	0	0	0	0	0	0	0	0	0	0	0	0	0	0	0	0	0	0	0	0	0	0	0	0	0	0	0	
N30	5.07824e-32	1.79027e-26	3.3028e-22	2.37787e-19	5.23873e-16	5.46546e-14	1.07701e-12	7.98192e-11	4.18267e-08	1.46745e-05	0.00125745	0.0251799	0.157107	0.360284	0.32651	0.115619	0.0137582	0.000268138	8.98279e-07	1.24445e-09	9.22365e-13	4.47383e-16	3.8672e-19	1.58662e-19	6.21656e-22	2.47155e-22	4.58381e-25	1.2376e-25	1.09034e-28	1.99108e-29	8.3039e-33	9.70876e-34	1.90466e-37	1.18789e-38	1.11972e-42	1.64438e-44	1.04572e-48	2.33308e-51	1.02026e-55	9.39385e-59	2.1614e-61	
Rhamar	0	0	0	0	0	0	0	0	0	1	0	0	0	0	0	0	0	0	0	0	0	0	0	0	0	0	0	0	0	0	0	0	0	0	0	0	0	0	0	0	0	
Rhatem	0	0	0	0	0	0	0	0	0	0	1	0	0	0	0	0	0	0	0	0	0	0	0	0	0	0	0	0	0	0	0	0	0	0	0	0	0	0	0	0	0	
N31	7.47294e-42	1.50775e-33	2.32923e-30	1.07297e-23	6.27331e-24	7.07317e-23	7.95826e-18	9.94946e-13	6.69502e-11	4.61053e-12	1.42499e-13	2.83278e-13	6.77775e-10	3.59564e-06	0.0031801	0.224019	0.712275	0.0603929	0.000129404	3.54416e-08	2.52694e-12	1.38171e-15	2.73667e-19	4.687e-21	2.86007e-25	2.14852e-27	3.58856e-32	1.51139e-31	4.24628e-33	8.22978e-33	1.14649e-35	4.20693e-36	3.20195e-39	5.70214e-40	3.25762e-43	2.35191e-44	1.07401e-47	2.4431e-49	8.97933e-53	8.67065e-55	5.76009e-56	
N32	4.66019e-41	2.04576e-33	9.58993e-30	1.14976e-24	1.71796e-22	1.79684e-21	1.71276e-17	4.38769e-14	8.3866e-12	3.65449e-11	1.12465e-10	1.53982e-10	3.40286e-09	5.72747e-06	0.00213288	0.132367	0.70241	0.161476	0.00160678	2.48767e-06	1.11718e-09	2.0444e-13	2.34066e-17	9.81237e-20	5.24775e-23	3.19931e-25	8.26147e-29	2.17046e-31	2.91703e-35	3.39294e-38	2.03898e-42	1.0641e-45	2.57338e-48	1.05901e-47	2.5397e-50	2.11364e-52	2.89046e-55	1.23915e-57	1.10861e-60	1.53748e-62	3.08381e-62	
N33	1.8251e-35	4.58193e-29	1.79111e-24	4.15077e-22	3.53932e-19	2.5472e-16	3.07602e-14	3.70787e-13	1.62239e-12	1.4592e-10	2.11683e-08	1.69808e-06	0.000169183	0.00808067	0.111136	0.440871	0.403018	0.0364169	0.000306557	7.74616e-07	8.42797e-10	4.7567e-13	1.56218e-16	3.70301e-20	2.05492e-23	1.40397e-24	2.78633e-27	1.30823e-28	1.61136e-31	4.09927e-33	3.14159e-36	4.24243e-38	1.59392e-41	1.1456e-43	1.15083e-47	2.78001e-50	1.39515e-54	4.55349e-58	1.36061e-62	1.83808e-66	1.91381e-70	
N34	1.31971e-38	6.68256e-38	3.77498e-37	1.99751e-36	9.83448e-36	4.47202e-35	1.8617e-34	2.24442e-18	3.47458e-17	7.04701e-33	1.81288e-32	3.94311e-32	7.05015e-32	1.00157e-31	5.25769e-13	1.82774e-06	0.999996	1.98861e-06	7.2851e-13	1.70647e-33	3.88222e-34	1.54403e-34	8.67613e-35	2.32428e-34	2.00527e-34	5.2158e-34	4.36141e-34	9.39072e-34	7.23734e-34	1.25378e-33	8.58299e-34	1.15417e-33	6.88824e-34	6.94502e-34	3.55168e-34	2.70992e-34	1.15789e-34	7.3014e-35	2.79813e-35	2.50212e-35	7.28842e-35	
FGA379	0	0	0	0	0	0	0	0	0	0	0	0	0	0	0	0	1	0	0	0	0	0	0	0	0	0	0	0	0	0	0	0	0	0	0	0	0	0	0	0	0	
F647	0	0	0	0	0	0	0	0	0	0	0	0	0	0	0	0	1	0	0	0	0	0	0	0	0	0	0	0	0	0	0	0	0	0	0	0	0	0	0	0	0	
N35	4.30039e-35	9.36324e-29	2.54713e-23	1.39215e-22	9.95974e-19	9.81956e-15	1.3707e-13	1.89632e-13	1.34013e-12	5.28346e-09	1.33977e-05	0.00745272	0.174258	0.465524	0.291973	0.0572444	0.0034907	4.30341e-05	9.6453e-08	8.37157e-11	3.65995e-14	9.25649e-18	1.4773e-21	1.80151e-25	4.09901e-29	7.30491e-31	6.06886e-34	8.73053e-36	4.70549e-39	3.87793e-41	1.28924e-44	6.03411e-47	1.01624e-50	2.68294e-53	1.73847e-57	2.24744e-60	1.58993e-64	1.00754e-67	8.11065e-72	2.85969e-75	6.37609e-79	
N36	5.52453e-37	1.59902e-29	2.1832e-23	2.10132e-22	2.04569e-18	2.05933e-13	2.18729e-12	6.57021e-13	2.83615e-11	1.59449e-08	4.62782e-05	0.0533045	0.49381	0.420549	0.031781	0.000506574	2.0229e-06	1.82336e-09	5.03166e-13	5.94303e-17	3.58157e-21	1.9458e-25	3.26809e-29	1.37854e-27	1.43712e-27	1.18539e-27	2.97342e-29	1.44034e-29	2.08121e-31	7.07945e-32	6.13827e-34	1.34852e-34	7.47925e-37	8.74077e-38	3.38424e-40	1.39138e-41	4.12658e-44	6.74856e-46	1.44961e-48	2.52237e-50	3.44257e-50	
N37	1.6665e-37	2.38398e-31	2.65841e-25	1.26332e-24	4.87656e-19	1.83116e-14	7.44547e-15	1.33088e-15	7.47887e-13	3.1531e-08	0.000387569	0.207941	0.672474	0.117385	0.00180756	4.73315e-06	2.65262e-09	3.42294e-13	1.51522e-17	3.03326e-22	3.2186e-27	4.16859e-31	8.65947e-35	1.7328e-32	1.57003e-32	4.77044e-32	4.58292e-34	7.5656e-34	1.76294e-36	1.74573e-36	2.09938e-39	9.5687e-40	8.18476e-43	1.35613e-43	9.45978e-47	4.66434e-48	3.08473e-51	4.58602e-52	1.15723e-53	1.83767e-53	1.07903e-51	
N38	1.54837e-39	1.28131e-38	1.09691e-37	8.66474e-37	2.06346e-21	2.18212e-19	2.36077e-34	1.19309e-33	8.50477e-16	7.40242e-08	0.999993	6.47881e-06	6.28414e-12	6.88319e-32	2.0466e-32	4.03331e-33	6.03087e-34	8.58522e-35	1.86081e-35	5.72586e-35	4.8606e-35	2.07483e-34	1.72416e-34	5.74908e-34	4.04449e-34	9.76784e-34	4.28007e-34	5.85392e-34	1.97834e-34	1.45685e-34	3.86254e-35	2.20192e-35	4.83359e-36	2.4874e-36	4.74719e-37	2.57319e-37	4.55626e-38	5.3608e-38	1.8515e-37	1.96917e-36	1.75849e-35	
F3016	0	0	0	0	0	0	0	0	0	0	1	0	0	0	0	0	0	0	0	0	0	0	0	0	0	0	0	0	0	0	0	0	0	0	0	0	0	0	0	0	0	
F3015	0	0	0	0	0	0	0	0	0	0	1	0	0	0	0	0	0	0	0	0	0	0	0	0	0	0	0	0	0	0	0	0	0	0	0	0	0	0	0	0	0	
N39	3.93704e-38	1.54365e-32	6.68156e-27	4.87917e-26	1.2534e-20	3.89547e-16	9.28137e-16	1.97404e-15	7.65273e-13	4.73041e-08	0.000556793	0.276161	0.669781	0.0532092	0.00029142	2.2907e-07	3.87932e-11	2.02103e-15	4.48807e-20	3.63813e-24	1.53442e-27	5.11433e-29	5.7871e-33	2.34382e-33	3.26972e-33	1.51622e-32	3.34855e-35	5.70279e-35	4.74778e-38	2.79637e-38	1.68094e-41	2.77946e-42	1.40216e-45	6.87137e-47	2.91706e-50	5.30418e-52	1.763e-55	1.85004e-57	1.63006e-60	3.4447e-60	7.46371e-60	
N40	1.10917e-38	1.55952e-33	7.82809e-27	8.266e-26	1.12179e-20	3.7663e-15	4.76972e-14	3.34363e-14	7.66133e-13	1.25264e-08	0.000185531	0.322043	0.651439	0.0262731	5.88724e-05	2.15073e-08	2.40603e-12	1.16909e-16	7.50877e-21	3.30493e-22	2.22768e-25	6.5562e-27	8.97925e-31	1.40403e-32	3.91243e-37	3.07979e-39	2.44629e-44	1.74345e-46	1.11936e-49	2.71132e-48	1.10465e-46	3.86163e-48	2.56269e-51	4.05238e-53	9.43882e-56	3.09108e-54	1.71358e-55	4.95272e-57	4.73602e-57	5.87671e-55	5.86693e-53	
N41	7.65256e-45	7.79727e-36	7.78901e-28	1.14731e-28	3.53876e-22	8.25861e-16	2.04001e-16	7.06319e-18	1.19711e-14	4.86763e-09	0.000349665	0.641749	0.356145	0.00175629	2.82226e-07	8.25576e-12	7.93251e-17	3.27436e-22	1.1603e-27	1.83826e-30	1.18863e-34	1.99555e-35	1.29972e-37	3.29135e-38	7.04691e-41	1.18298e-41	3.74016e-45	3.36142e-46	5.9064e-48	3.67959e-45	7.20145e-43	5.19875e-43	1.68325e-44	9.14062e-45	6.61203e-45	2.94247e-42	1.64413e-42	1.93255e-42	5.00565e-41	4.51668e-39	3.21903e-37	
N42	1.6332e-39	3.126e-33	5.22707e-28	4.62978e-28	2.15888e-22	1.12589e-17	1.52413e-16	6.59669e-16	1.0623e-12	8.76245e-08	0.00182632	0.658849	0.3378	0.00152399	2.66741e-07	1.0785e-11	1.6508e-16	7.23846e-21	5.0548e-24	4.68703e-25	1.78204e-28	6.26488e-30	8.96495e-34	2.17533e-33	5.72464e-35	2.19053e-34	1.0183e-37	1.38143e-38	4.64104e-42	9.98402e-44	2.49457e-47	2.99555e-49	5.14249e-53	4.77196e-55	5.68304e-59	7.38804e-60	2.95494e-62	3.60116e-60	1.17887e-58	3.69979e-56	7.88957e-54	
N43	2.04177e-40	2.23745e-39	2.46257e-38	2.48691e-37	2.04408e-21	2.71836e-19	1.34309e-34	8.28011e-34	1.90724e-15	1.14704e-07	0.99999	9.92978e-06	1.07421e-11	1.73984e-32	2.41427e-33	2.47494e-34	2.14862e-35	1.00035e-35	7.42174e-36	4.53221e-35	3.8336e-35	1.89013e-34	1.49265e-34	5.24702e-34	2.29793e-34	5.17218e-34	1.3435e-34	8.85676e-35	1.65883e-35	8.61205e-36	1.31368e-36	6.46193e-37	8.51818e-38	4.28442e-38	5.78642e-39	1.47055e-38	2.45727e-39	1.36263e-38	4.82145e-38	6.5491e-37	6.77006e-36	
F1476	0	0	0	0	0	0	0	0	0	0	1	0	0	0	0	0	0	0	0	0	0	0	0	0	0	0	0	0	0	0	0	0	0	0	0	0	0	0	0	0	0	
FGA81	0	0	0	0	0	0	0	0	0	0	1	0	0	0	0	0	0	0	0	0	0	0	0	0	0	0	0	0	0	0	0	0	0	0	0	0	0	0	0	0	0	
N44	3.30284e-41	7.46509e-35	1.11509e-27	1.08643e-25	8.13891e-21	2.80927e-15	1.57272e-13	2.01444e-13	2.27065e-10	2.76302e-07	0.00258149	0.656824	0.337616	0.00297688	1.04575e-06	8.70736e-11	2.77413e-15	1.00894e-17	1.16496e-20	7.25109e-22	3.43425e-25	8.07893e-27	6.67004e-30	3.25773e-27	1.09832e-29	7.64914e-30	5.64416e-33	2.36618e-34	1.31901e-37	2.18885e-39	8.39349e-43	1.00111e-44	2.67069e-48	2.64631e-50	9.07935e-54	1.21261e-53	2.73828e-57	2.18331e-57	1.24913e-58	2.52795e-58	3.3522e-58	
Furcep	0	0	0	0	0	0	0	0	0	0	0	0	0	1	0	0	0	0	0	0	0	0	0	0	0	0	0	0	0	0	0	0	0	0	0	0	0	0	0	0	0	
N45	7.42758e-38	4.72112e-32	1.85802e-25	7.97457e-24	1.44539e-18	9.20906e-15	1.21209e-14	4.33353e-14	1.23382e-10	3.66053e-06	0.0250355	0.768255	0.205783	0.000922985	3.39621e-07	3.87237e-11	1.95006e-15	9.10147e-20	4.01987e-23	4.03545e-24	3.66197e-27	2.01765e-28	9.22641e-32	2.45518e-33	1.00163e-37	1.44489e-39	1.02557e-44	1.74191e-47	7.86047e-53	1.25567e-56	3.47348e-62	2.43023e-66	3.97104e-72	1.71741e-76	1.68159e-82	1.27279e-86	1.28608e-92	4.83116e-96	4.83331e-99	2.27606e-101	7.08585e-104	
Furpol	0	0	0	0	0	0	0	0	0	0	0	1	0	0	0	0	0	0	0	0	0	0	0	0	0	0	0	0	0	0	0	0	0	0	0	0	0	0	0	0	0	
N46	3.29319e-38	1.56214e-30	4.21058e-24	5.31774e-22	2.03658e-16	1.36918e-13	5.62743e-14	7.30629e-13	2.74683e-08	0.000344284	0.60992	0.375659	0.0140585	1.75042e-05	5.48908e-09	6.91473e-13	4.3853e-17	7.58147e-21	5.73168e-24	1.10037e-25	5.78143e-29	5.26373e-31	1.51207e-34	6.37961e-37	2.91791e-41	5.672e-44	7.27889e-49	1.21905e-52	9.44703e-58	5.29128e-62	2.27454e-67	7.83714e-72	1.96603e-77	4.66956e-82	7.34668e-88	5.34902e-92	7.05944e-98	2.88951e-101	6.15325e-105	4.7564e-108	2.38824e-111	
N47	3.52955e-38	2.1829e-30	6.45372e-24	1.24128e-21	5.90777e-16	2.59914e-13	6.85348e-14	1.26728e-12	5.3895e-08	0.000643383	0.884542	0.114131	0.000682666	3.52017e-07	5.58835e-11	3.95667e-15	2.00517e-19	1.49905e-21	1.01506e-24	1.1978e-26	4.09266e-30	2.14148e-32	1.18462e-36	3.02526e-39	4.40676e-44	2.88843e-47	2.2395e-52	1.71185e-56	7.41673e-62	2.90926e-66	6.34999e-71	1.96962e-73	4.58186e-77	1.66016e-79	1.42738e-82	2.78731e-83	5.99001e-87	3.7469e-88	1.61051e-90	2.45544e-91	1.71748e-92	
N48	8.99102e-44	2.6526e-42	2.35144e-31	2.75507e-29	8.74977e-21	2.76396e-18	5.29748e-22	6.89027e-21	1.97602e-13	1.36595e-06	0.999956	4.23315e-05	9.71139e-11	5.15796e-17	7.19319e-36	3.5969e-37	1.13449e-37	1.75295e-36	1.44319e-36	1.85399e-35	1.35687e-35	1.23704e-34	1.50739e-35	6.1629e-35	5.33482e-36	5.26092e-36	3.97755e-37	2.19116e-37	1.33851e-38	6.60795e-39	3.42271e-40	2.33067e-40	1.1499e-41	6.15708e-41	3.51618e-41	1.16467e-39	8.49043e-41	9.72044e-40	8.09375e-40	2.62975e-38	2.94847e-37	
F2241	0	0	0	0	0	0	0	0	0	0	1	0	0	0	0	0	0	0	0	0	0	0	0	0	0	0	0	0	0	0	0	0	0	0	0	0	0	0	0	0	0	
F12266	0	0	0	0	0	0	0	0	0	0	1	0	0	0	0	0	0	0	0	0	0	0	0	0	0	0	0	0	0	0	0	0	0	0	0	0	0	0	0	0	0	
Furang	0	0	0	0	0	0	0	0	0	0	1	0	0	0	0	0	0	0	0	0	0	0	0	0	0	0	0	0	0	0	0	0	0	0	0	0	0	0	0	0	0	
Fga490	0	0	0	0	0	0	0	0	0	0	1	0	0	0	0	0	0	0	0	0	0	0	0	0	0	0	0	0	0	0	0	0	0	0	0	0	0	0	0	0	0	
N49	9.98699e-42	2.45676e-33	6.4251e-26	7.74492e-26	7.48786e-20	1.80098e-14	6.49184e-15	1.02982e-15	4.27707e-12	3.4805e-07	0.0046665	0.863276	0.131909	0.000147771	2.37981e-08	1.18379e-12	2.52792e-17	1.03373e-21	3.05306e-25	3.56549e-27	7.09276e-31	3.56001e-33	3.54359e-37	7.64183e-40	9.71355e-45	9.76093e-48	2.46985e-53	1.80961e-56	7.44193e-60	4.33731e-59	8.69979e-60	2.85636e-62	4.81695e-66	1.26396e-68	4.00768e-71	1.97392e-70	5.93247e-73	8.74295e-73	1.58025e-71	1.10253e-69	5.97903e-68	
N50	6.3639e-41	7.85657e-33	7.71484e-26	8.24226e-25	4.97976e-19	2.19712e-14	3.72666e-14	5.41653e-14	1.41579e-11	7.12545e-07	0.00655641	0.892538	0.100783	0.000121921	2.31314e-08	1.42235e-12	4.04495e-17	1.11938e-19	8.45159e-23	2.1341e-24	7.70232e-28	8.10268e-30	7.04666e-34	3.8015e-36	2.92062e-41	3.84732e-44	1.3353e-49	2.29929e-53	8.57838e-57	1.18648e-56	1.25044e-55	1.31084e-57	3.86717e-61	2.65457e-63	1.41987e-66	5.26689e-64	1.35469e-64	7.71212e-65	2.58435e-66	2.04715e-66	1.04078e-66	
N51	8.84006e-43	4.63647e-34	2.37027e-26	6.11256e-26	1.64248e-20	2.47932e-14	3.96529e-13	4.22807e-14	2.20808e-13	7.2369e-09	0.000365419	0.890091	0.109226	0.000317867	3.94285e-08	1.24622e-12	2.64478e-17	3.70797e-19	1.21354e-22	1.28697e-24	1.5415e-28	6.0036e-31	6.66515e-36	6.4437e-35	4.77003e-36	2.96575e-37	9.14338e-41	6.60635e-43	1.38547e-46	5.848e-49	8.36895e-53	2.69404e-55	2.71128e-59	1.15368e-61	1.35694e-64	5.92779e-65	5.64734e-69	6.69176e-70	2.61431e-72	8.06714e-73	1.11102e-73	
N52	1.19957e-39	3.02354e-32	2.3741e-25	5.20043e-25	8.0723e-20	1.0529e-14	7.72402e-15	2.61482e-15	2.46978e-13	1.98462e-08	0.000422558	0.933296	0.0661868	9.4174e-05	1.80591e-08	1.10707e-12	3.01254e-17	6.56295e-21	6.23396e-24	3.62612e-25	1.9031e-28	4.90082e-30	1.00062e-33	1.28762e-35	1.25631e-40	5.37652e-43	2.07253e-48	7.13929e-52	1.80422e-57	1.04898e-61	1.48144e-67	4.83672e-72	4.15859e-78	6.88065e-82	3.06324e-86	8.09341e-88	4.17598e-92	5.75559e-93	1.85514e-94	6.43851e-95	1.51316e-95	
N53	2.32211e-38	1.20504e-30	7.13844e-24	1.25497e-23	1.92553e-18	2.93082e-13	2.21718e-13	5.29595e-14	1.85954e-12	7.57585e-08	0.000831759	0.977167	0.0219797	2.11338e-05	4.8683e-09	4.3263e-13	1.92901e-17	2.8674e-20	2.35861e-23	4.81232e-25	2.12166e-28	1.94677e-30	4.4609e-34	1.81242e-36	2.6173e-41	2.10867e-44	1.58118e-49	1.27049e-53	5.22863e-59	1.99208e-63	5.31522e-69	2.98713e-72	5.93216e-76	1.73192e-78	3.72699e-82	3.8713e-83	6.55954e-87	5.93475e-88	1.46431e-89	2.71476e-90	3.34411e-91	
FGA456	0	0	0	0	0	0	0	0	0	0	0	1	0	0	0	0	0	0	0	0	0	0	0	0	0	0	0	0	0	0	0	0	0	0	0	0	0	0	0	0	0	
N54	1.92377e-45	6.23405e-44	2.91313e-28	5.62127e-41	2.87911e-23	3.70298e-15	1.2972e-18	1.20196e-35	1.68843e-34	1.33829e-13	1.11758e-06	0.99999	8.75938e-06	7.90799e-12	2.5089e-35	8.48487e-37	2.87382e-38	1.16339e-37	9.55454e-38	1.66584e-36	1.33717e-36	1.82595e-35	1.29265e-35	1.24748e-34	1.12431e-35	1.64058e-35	1.30361e-36	7.5999e-37	4.78926e-38	2.38786e-38	1.25142e-39	6.11431e-40	2.77932e-41	1.5874e-41	2.01187e-42	6.0753e-41	3.70132e-42	5.49306e-41	2.31653e-40	8.71103e-39	2.31169e-37	
FGA516	0	0	0	0	0	0	0	0	0	0	0	1	0	0	0	0	0	0	0	0	0	0	0	0	0	0	0	0	0	0	0	0	0	0	0	0	0	0	0	0	0	
FGA513	0	0	0	0	0	0	0	0	0	0	0	1	0	0	0	0	0	0	0	0	0	0	0	0	0	0	0	0	0	0	0	0	0	0	0	0	0	0	0	0	0	
N55	3.07709e-43	6.28026e-42	1.27095e-28	2.2348e-39	4.90392e-24	4.81311e-15	8.60599e-20	7.2658e-35	6.40272e-34	2.19437e-15	1.42257e-07	0.999999	1.24558e-06	1.50028e-13	1.11675e-34	6.0728e-36	3.2001e-37	7.25995e-37	5.98774e-37	6.487e-36	5.32637e-36	4.5162e-35	3.42467e-35	1.97551e-34	3.16134e-35	4.74562e-35	6.29462e-36	3.63836e-36	3.66548e-37	1.81897e-37	1.51466e-38	7.39591e-39	5.34568e-40	2.9677e-40	4.03603e-41	6.0196e-40	5.89032e-41	5.64666e-40	1.94983e-39	4.5588e-38	7.50589e-37	
F12278	0	0	0	0	0	0	0	0	0	0	0	1	0	0	0	0	0	0	0	0	0	0	0	0	0	0	0	0	0	0	0	0	0	0	0	0	0	0	0	0	0	
F12279	0	0	0	0	0	0	0	0	0	0	0	1	0	0	0	0	0	0	0	0	0	0	0	0	0	0	0	0	0	0	0	0	0	0	0	0	0	0	0	0	0	
N56	1.43543e-36	6.00473e-29	9.60163e-23	6.83799e-21	1.98401e-17	2.93416e-12	6.63074e-10	3.05692e-10	7.84162e-10	5.80964e-08	0.000291445	0.647582	0.332285	0.0198273	1.47408e-05	3.15434e-09	4.60951e-13	1.54973e-14	2.47648e-17	8.10812e-19	6.36649e-22	8.86534e-24	3.51944e-27	2.09457e-29	4.48044e-34	1.1141e-37	1.32184e-42	1.28328e-46	8.18264e-52	5.101e-56	1.89231e-61	8.26888e-66	1.91764e-71	2.59217e-75	2.7281e-78	9.26403e-79	2.40941e-82	2.64233e-83	6.84914e-85	1.60365e-85	2.4886e-86	
Furant	0	0	0	0	0	0	0	0	0	0	0	1	0	0	0	0	0	0	0	0	0	0	0	0	0	0	0	0	0	0	0	0	0	0	0	0	0	0	0	0	0	
N57	1.82505e-42	4.93218e-41	1.29488e-39	3.14093e-38	6.92407e-37	8.99981e-21	3.78792e-12	1.34204e-16	4.04518e-32	3.67076e-31	2.26819e-30	2.48634e-11	1.47484e-05	0.999985	3.16151e-07	1.97871e-14	4.0392e-36	3.31071e-35	2.73731e-35	4.02179e-34	3.23854e-34	3.72112e-33	2.61657e-33	2.11799e-32	2.10625e-33	1.58313e-33	1.25979e-34	6.65041e-35	4.32728e-36	2.12155e-36	1.18044e-37	5.83943e-38	2.88396e-39	2.3453e-39	6.51275e-40	2.04185e-38	1.47019e-39	1.8503e-38	6.43523e-38	2.06952e-36	4.59944e-35	
FGA331	0	0	0	0	0	0	0	0	0	0	0	0	0	1	0	0	0	0	0	0	0	0	0	0	0	0	0	0	0	0	0	0	0	0	0	0	0	0	0	0	0	
FGA332	0	0	0	0	0	0	0	0	0	0	0	0	0	1	0	0	0	0	0	0	0	0	0	0	0	0	0	0	0	0	0	0	0	0	0	0	0	0	0	0	0	
FGA465	0	0	0	0	0	0	0	0	0	0	1	0	0	0	0	0	0	0	0	0	0	0	0	0	0	0	0	0	0	0	0	0	0	0	0	0	0	0	0	0	0	
N58	3.86867e-38	2.4914e-30	1.19189e-23	1.24197e-22	4.63965e-17	4.38016e-13	1.4508e-13	1.70927e-13	2.45108e-09	4.48024e-05	0.118394	0.860749	0.0207932	1.83081e-05	4.2161e-09	3.93826e-13	1.88956e-17	1.58071e-20	1.1586e-23	1.66941e-25	6.69734e-29	4.33088e-31	9.17468e-35	2.57186e-37	5.35259e-42	4.55602e-45	3.86178e-50	6.08496e-53	8.78402e-56	1.14149e-54	1.40816e-55	9.06667e-58	7.84073e-61	2.15958e-61	1.33203e-60	4.74353e-57	1.09508e-57	2.09693e-56	1.48913e-55	6.74033e-54	2.27092e-52	
N59	3.22995e-42	5.78888e-41	1.00584e-39	1.59479e-38	5.58479e-21	1.14875e-18	3.17953e-35	2.95704e-34	2.74912e-14	4.48271e-07	0.999941	5.80821e-05	9.29007e-11	2.57622e-33	1.86654e-34	1.06858e-35	7.40861e-37	2.96159e-36	2.46899e-36	2.28297e-35	1.84675e-35	1.32209e-34	8.51766e-35	4.38989e-34	7.11366e-35	8.12395e-35	1.09312e-35	6.1555e-36	6.40583e-37	3.16823e-37	2.75393e-38	1.3606e-38	1.03583e-39	7.06486e-40	1.64776e-40	2.83955e-39	3.15992e-40	2.58702e-39	5.96797e-39	1.28223e-37	1.83158e-36	
FGA99	0	0	0	0	0	0	0	0	0	0	1	0	0	0	0	0	0	0	0	0	0	0	0	0	0	0	0	0	0	0	0	0	0	0	0	0	0	0	0	0	0	
F12269	0	0	0	0	0	0	0	0	0	0	1	0	0	0	0	0	0	0	0	0	0	0	0	0	0	0	0	0	0	0	0	0	0	0	0	0	0	0	0	0	0	
N60	1.55438e-37	6.10639e-30	1.87303e-23	5.84965e-22	1.22504e-16	9.76709e-13	9.38499e-13	3.19933e-12	3.66081e-09	5.551e-05	0.133344	0.858441	0.00815356	6.32053e-06	1.37866e-09	1.28058e-13	1.15502e-17	4.20838e-19	5.13301e-22	1.60698e-23	9.22238e-27	1.29586e-28	8.22847e-33	5.59922e-35	8.41855e-40	8.6262e-43	7.96453e-48	1.12882e-51	6.10321e-57	4.38773e-61	1.46315e-66	3.83378e-70	5.7153e-73	4.41211e-73	1.2297e-73	8.60359e-72	2.92263e-73	6.89955e-72	7.33113e-72	5.38305e-70	1.77956e-68	
N61	1.9944e-43	4.69662e-42	1.07038e-40	2.23971e-39	1.95991e-23	5.34655e-21	1.0402e-35	1.28206e-34	2.97551e-16	4.69947e-08	0.99999	1.02366e-05	1.49551e-12	1.57006e-33	8.34534e-35	3.54806e-36	2.0302e-37	1.257e-36	1.04164e-36	1.28285e-35	1.02354e-35	9.78115e-35	6.04041e-35	4.24105e-34	4.89436e-35	4.85945e-35	4.71869e-36	2.6191e-36	2.03438e-37	1.00579e-37	6.58141e-39	3.25481e-39	1.87123e-40	1.40495e-40	3.58877e-41	9.13836e-40	7.67082e-41	8.15559e-40	2.10069e-39	5.98424e-38	1.13363e-36	
FGA15	0	0	0	0	0	0	0	0	0	0	1	0	0	0	0	0	0	0	0	0	0	0	0	0	0	0	0	0	0	0	0	0	0	0	0	0	0	0	0	0	0	
FGA440	0	0	0	0	0	0	0	0	0	0	1	0	0	0	0	0	0	0	0	0	0	0	0	0	0	0	0	0	0	0	0	0	0	0	0	0	0	0	0	0	0	
N62	1.54521e-42	3.55703e-41	9.99927e-28	1.54411e-38	4.57991e-23	4.26005e-14	8.7902e-19	5.89413e-34	4.85936e-33	1.75528e-14	6.80982e-07	0.999999	5.88507e-07	4.724e-14	1.89289e-35	1.25163e-36	4.72021e-37	5.80671e-36	4.81897e-36	4.90278e-35	3.67053e-35	2.62385e-34	4.30984e-35	1.53465e-34	1.67027e-35	1.27036e-35	1.12878e-36	5.93695e-37	4.29028e-38	2.09983e-38	1.30703e-39	9.82903e-40	6.10138e-41	3.23003e-40	1.87166e-40	4.84189e-39	4.45511e-40	4.10136e-39	3.57365e-39	9.12423e-38	8.80744e-37	
FGA581	0	0	0	0	0	0	0	0	0	0	0	1	0	0	0	0	0	0	0	0	0	0	0	0	0	0	0	0	0	0	0	0	0	0	0	0	0	0	0	0	0	
FGA582	0	0	0	0	0	0	0	0	0	0	0	1	0	0	0	0	0	0	0	0	0	0	0	0	0	0	0	0	0	0	0	0	0	0	0	0	0	0	0	0	0	
N63	1.63016e-39	1.48546e-38	1.37986e-37	1.17512e-36	9.06808e-36	2.23693e-19	1.36094e-17	1.94485e-33	8.25864e-33	2.73533e-32	1.80056e-13	1.493e-06	0.999996	2.09133e-06	6.83078e-13	2.61695e-34	2.93527e-35	2.28569e-35	1.79802e-35	9.11434e-35	7.78705e-35	3.14282e-34	2.46606e-34	6.85294e-34	2.62503e-34	3.78009e-34	1.08753e-34	7.72892e-35	1.73586e-35	9.50072e-36	1.75416e-36	8.82978e-37	1.40954e-37	7.36656e-38	1.29746e-38	4.01233e-38	7.95224e-39	3.72986e-38	9.27256e-38	1.07549e-36	9.16945e-36	
FGA104	0	0	0	0	0	0	0	0	0	0	0	0	1	0	0	0	0	0	0	0	0	0	0	0	0	0	0	0	0	0	0	0	0	0	0	0	0	0	0	0	0	
FGA105	0	0	0	0	0	0	0	0	0	0	0	0	1	0	0	0	0	0	0	0	0	0	0	0	0	0	0	0	0	0	0	0	0	0	0	0	0	0	0	0	0	
FGA489	0	0	0	0	0	0	0	0	0	0	1	0	0	0	0	0	0	0	0	0	0	0	0	0	0	0	0	0	0	0	0	0	0	0	0	0	0	0	0	0	0	
N64	1.00859e-38	7.6345e-38	1.0678e-27	4.60285e-25	6.64717e-24	1.03911e-16	4.24783e-10	1.43588e-13	1.77765e-17	4.32132e-32	6.91977e-16	4.55237e-10	6.47835e-05	0.999873	6.18387e-05	6.66149e-10	2.54874e-15	9.84934e-35	4.32051e-35	1.65171e-34	1.41976e-34	5.1049e-34	4.10523e-34	1.08313e-33	5.93872e-34	1.06991e-33	4.19865e-34	4.32178e-34	1.39547e-34	9.99094e-35	2.71118e-35	1.58731e-35	3.69645e-36	1.96227e-36	4.08273e-37	2.85099e-37	5.79134e-38	1.16111e-37	3.03917e-37	3.04856e-36	2.42869e-35	
FGA174	0	0	0	0	0	0	0	0	0	0	0	0	0	1	0	0	0	0	0	0	0	0	0	0	0	0	0	0	0	0	0	0	0	0	0	0	0	0	0	0	0	
FGA175	0	0	0	0	0	0	0	0	0	0	0	0	0	1	0	0	0	0	0	0	0	0	0	0	0	0	0	0	0	0	0	0	0	0	0	0	0	0	0	0	0	
FurbGB	0	0	0	0	0	0	0	0	0	0	0	1	0	0	0	0	0	0	0	0	0	0	0	0	0	0	0	0	0	0	0	0	0	0	0	0	0	0	0	0	0	
N65	1.71387e-42	2.74478e-35	6.6862e-32	2.89798e-26	1.71403e-23	2.7136e-23	1.31815e-19	2.35632e-15	8.45595e-12	4.76162e-11	5.08695e-11	2.3695e-11	2.04678e-10	3.98038e-07	0.000404096	0.0620961	0.656009	0.275975	0.00549717	1.81259e-05	1.76391e-08	1.72824e-11	9.6995e-14	3.78468e-14	1.22838e-16	2.02135e-17	2.14945e-20	1.73321e-21	4.73172e-25	1.99833e-26	1.45111e-30	2.67454e-32	7.15328e-37	2.80307e-39	4.41036e-44	2.64922e-47	2.6409e-52	5.22873e-56	3.19447e-61	5.38711e-65	2.90248e-67	
N66	5.31143e-40	2.30425e-33	3.50556e-30	4.70717e-25	8.41388e-23	3.79318e-22	1.30967e-18	8.93618e-15	4.26861e-12	1.3363e-11	1.28313e-11	8.41135e-12	1.283e-10	1.31603e-07	0.000122957	0.0273242	0.568737	0.387412	0.0162713	0.000131783	3.45874e-07	3.90138e-10	2.40066e-13	4.64925e-15	2.61623e-17	3.80139e-18	1.20591e-20	8.48501e-22	1.3804e-24	4.82006e-26	2.98247e-29	5.45898e-31	8.71252e-35	5.9179e-37	4.28332e-41	5.31487e-44	2.3961e-48	8.05936e-52	2.15802e-56	3.82061e-60	3.03082e-63	
N67	6.70612e-39	5.45162e-32	2.8811e-29	8.47796e-24	2.86748e-23	2.13317e-22	3.98366e-18	9.41839e-14	5.72727e-12	1.82891e-12	1.87275e-13	5.58458e-14	1.16283e-11	2.82393e-08	5.65651e-05	0.026661	0.671666	0.29604	0.00555676	1.98161e-05	2.32514e-08	1.18609e-11	3.10868e-15	6.50933e-19	2.38046e-22	1.93748e-24	1.0444e-27	4.90501e-30	1.48689e-33	3.37423e-36	5.81658e-40	2.77281e-41	3.85178e-39	1.02736e-39	1.2331e-41	7.70425e-43	6.16595e-45	1.36461e-46	2.79163e-48	2.47481e-47	2.76279e-47	
N68	1.05259e-43	1.09719e-42	1.20405e-41	3.09444e-31	8.80688e-29	1.16198e-38	7.08594e-26	7.69857e-19	2.5694e-12	1.06357e-15	1.71686e-19	1.16221e-33	5.03183e-33	1.77878e-32	1.58938e-15	7.78536e-10	9.18658e-05	0.999859	4.90804e-05	4.11284e-10	1.19929e-15	6.8081e-35	8.30073e-36	3.2968e-36	2.07976e-36	1.29402e-35	1.04419e-35	5.78362e-35	4.66082e-35	2.11779e-34	1.67608e-34	5.82121e-34	3.97619e-34	9.47675e-34	4.38359e-34	4.25767e-34	1.51497e-34	1.00111e-34	2.86416e-35	1.77995e-35	2.32599e-35	
CGA312	0	0	0	0	0	0	0	0	0	0	0	0	0	0	0	0	0	1	0	0	0	0	0	0	0	0	0	0	0	0	0	0	0	0	0	0	0	0	0	0	0	
CGA963	0	0	0	0	0	0	0	0	0	0	0	0	0	0	0	0	0	1	0	0	0	0	0	0	0	0	0	0	0	0	0	0	0	0	0	0	0	0	0	0	0	
N69	1.88682e-45	2.90613e-37	4.97365e-34	2.55445e-27	9.32442e-27	1.5047e-25	3.19703e-20	3.58807e-15	2.92853e-14	8.53642e-16	5.98253e-18	4.70888e-17	7.18524e-14	3.54789e-09	5.07423e-05	0.0430132	0.758853	0.197202	0.000880045	4.43942e-07	5.60966e-11	2.56401e-15	5.19795e-20	5.44466e-25	3.72984e-30	3.76659e-33	2.35676e-36	1.58687e-33	2.0013e-34	2.41869e-34	2.01234e-36	1.26667e-36	4.5856e-39	2.06153e-39	2.48513e-42	5.89156e-43	3.50789e-46	1.64529e-47	7.67773e-51	1.19473e-52	1.37032e-55	
N70	8.70924e-45	3.82844e-37	6.12639e-35	1.80737e-29	3.86749e-32	2.67904e-28	1.6106e-21	1.22217e-17	5.16557e-18	2.32991e-21	1.45687e-22	5.75522e-20	8.48313e-14	3.34929e-08	0.000746784	0.143609	0.840328	0.0153139	2.5494e-06	4.49759e-11	2.10387e-16	3.69712e-22	2.86283e-28	1.05992e-34	2.5204e-41	1.74011e-42	1.65592e-40	1.02681e-37	7.53401e-38	5.77203e-36	3.3372e-36	2.12851e-34	7.49732e-35	4.18488e-33	3.92633e-34	1.72579e-32	5.5599e-34	2.93728e-33	9.11419e-35	1.17763e-34	1.37779e-35	
N71	2.70123e-42	8.97709e-36	3.397e-34	4.1874e-29	7.99786e-31	2.32277e-30	7.96655e-25	5.53083e-20	9.03051e-20	9.61316e-20	3.97633e-20	1.85207e-18	1.40352e-13	1.71565e-08	0.000376171	0.134172	0.851895	0.0135525	4.24686e-06	2.34825e-10	4.11781e-15	2.90083e-20	1.1408e-25	2.85096e-27	7.78804e-31	3.34499e-32	4.60414e-36	1.80722e-34	3.95315e-35	2.80333e-34	3.79094e-37	6.68495e-37	2.86337e-40	2.10394e-40	5.42896e-44	7.17209e-45	1.48809e-48	1.42117e-50	2.03986e-54	1.29191e-56	4.32964e-57	
N72	2.83503e-44	3.12931e-36	2.54561e-33	9.72502e-27	6.7327e-27	3.73382e-26	1.84064e-20	3.12974e-15	4.0809e-13	1.92982e-14	3.72349e-16	8.67501e-18	5.9813e-14	1.89226e-09	1.83886e-05	0.031764	0.90393	0.064209	7.84969e-05	2.16094e-08	2.2012e-12	1.06978e-16	3.38831e-21	3.10417e-24	5.2136e-28	9.89534e-31	8.37104e-35	8.50342e-37	2.34418e-36	1.80648e-36	3.59549e-38	3.09184e-39	1.39694e-41	5.5021e-43	1.35029e-45	9.17047e-48	1.35158e-50	5.8069e-53	5.77011e-56	2.81946e-58	9.35352e-60	
CGA642	0	0	0	0	0	0	0	0	0	0	0	0	0	0	0	0	1	0	0	0	0	0	0	0	0	0	0	0	0	0	0	0	0	0	0	0	0	0	0	0	0	
N73	3.18697e-39	2.73793e-33	1.08631e-31	3.14855e-27	8.11596e-27	1.2755e-25	9.50811e-21	5.47911e-16	3.73682e-14	1.12004e-15	2.02161e-17	7.79065e-17	1.98015e-14	5.40039e-10	1.05928e-05	0.0379158	0.881852	0.0801565	6.53221e-05	1.14252e-08	7.18937e-13	2.08676e-17	3.24187e-22	7.8009e-26	4.50804e-29	2.98631e-30	9.60289e-34	3.22066e-35	5.12936e-39	9.40494e-41	5.7614e-45	6.26672e-47	7.81047e-52	4.97153e-54	9.65152e-60	9.86255e-63	1.41223e-66	1.40351e-67	2.64115e-69	2.14439e-69	1.74987e-68	
N74	2.33385e-50	4.76325e-49	9.1436e-48	2.55112e-35	2.4948e-45	3.91349e-44	3.27471e-29	5.67503e-20	7.19423e-25	9.04431e-39	1.9142e-37	3.54411e-36	5.58692e-35	2.30633e-16	3.91962e-08	0.999994	5.58406e-06	1.34693e-12	1.74005e-32	1.36668e-33	7.68833e-35	3.43614e-36	1.29371e-37	6.1809e-39	1.58611e-39	3.65033e-38	2.69029e-38	5.8824e-37	4.2266e-37	7.77291e-36	5.43881e-36	7.89704e-35	5.0239e-35	5.19221e-34	9.6465e-35	3.5271e-34	5.10631e-35	3.2042e-35	3.35766e-36	1.79036e-36	2.00756e-36	
CGA763	0	0	0	0	0	0	0	0	0	0	0	0	0	0	0	1	0	0	0	0	0	0	0	0	0	0	0	0	0	0	0	0	0	0	0	0	0	0	0	0	0	
CGA764	0	0	0	0	0	0	0	0	0	0	0	0	0	0	0	1	0	0	0	0	0	0	0	0	0	0	0	0	0	0	0	0	0	0	0	0	0	0	0	0	0	
N75	6.05077e-50	1.38427e-48	3.45497e-47	9.31167e-46	2.67016e-44	7.74835e-43	2.16469e-41	5.21293e-26	5.84051e-17	7.48731e-22	5.20961e-36	8.22999e-35	1.06852e-33	1.07635e-32	7.61954e-32	2.51683e-13	3.0497e-06	0.999997	1.27557e-07	2.76907e-15	9.16437e-36	3.38602e-37	1.29223e-38	5.30123e-38	4.00719e-38	8.51188e-37	6.31548e-37	1.13131e-35	8.19368e-36	1.16567e-34	7.85639e-35	8.00328e-34	1.84097e-34	1.02784e-33	1.44211e-34	9.35684e-35	9.57004e-36	4.92938e-36	4.09332e-37	3.45354e-37	3.71112e-36	
C601	0	0	0	0	0	0	0	0	0	0	0	0	0	0	0	0	0	1	0	0	0	0	0	0	0	0	0	0	0	0	0	0	0	0	0	0	0	0	0	0	0	
C602	0	0	0	0	0	0	0	0	0	0	0	0	0	0	0	0	0	1	0	0	0	0	0	0	0	0	0	0	0	0	0	0	0	0	0	0	0	0	0	0	0	
N76	3.88384e-40	4.20059e-34	1.71148e-32	5.52234e-28	1.44297e-30	3.43754e-31	6.58419e-26	2.16111e-21	6.77484e-20	1.14986e-19	1.68558e-19	1.73712e-16	5.41995e-12	1.50699e-07	0.000775509	0.149201	0.837745	0.0122705	8.4162e-06	1.2601e-09	6.69453e-14	1.60772e-18	2.02294e-23	3.1325e-26	2.24421e-29	1.99829e-30	7.49862e-34	3.05937e-35	6.05894e-39	1.16575e-40	8.71137e-45	5.67773e-42	4.31379e-43	8.60086e-43	4.65436e-46	5.38722e-47	2.48886e-50	3.99435e-51	1.27052e-52	3.28095e-53	2.59157e-53	
CGA236	0	0	0	0	0	0	0	0	0	0	0	0	0	0	0	0	1	0	0	0	0	0	0	0	0	0	0	0	0	0	0	0	0	0	0	0	0	0	0	0	0	
N77	1.9629e-46	1.0874e-39	1.07514e-36	6.88553e-32	1.10851e-31	6.52701e-28	7.84144e-23	2.79231e-19	7.14237e-18	1.77125e-17	2.13325e-16	4.46263e-13	3.56734e-09	1.38756e-05	0.00899162	0.258609	0.72091	0.0114599	1.61884e-05	6.10192e-09	9.23596e-13	6.93259e-17	2.93832e-21	1.62203e-24	2.17973e-27	2.28823e-28	1.80787e-31	9.73113e-33	4.54348e-36	1.27262e-37	3.19561e-41	4.75203e-43	3.05799e-47	2.63461e-49	2.21848e-54	8.9354e-58	4.93876e-63	4.02127e-67	2.57757e-72	5.10362e-75	3.34333e-76	
N78	6.35789e-41	1.1874e-33	2.43735e-29	8.55863e-25	2.18727e-22	6.5321e-20	8.84561e-16	2.41825e-13	1.70589e-11	1.53995e-11	4.91967e-10	1.88522e-08	4.88901e-07	0.000419515	0.0255907	0.31148	0.615498	0.0469013	0.000109492	7.34274e-08	2.12395e-11	3.26243e-15	3.82354e-19	4.22504e-21	4.6794e-24	9.95549e-26	6.33273e-29	6.78636e-31	2.54474e-34	1.37242e-36	2.26497e-40	6.49451e-43	3.6929e-47	4.7119e-50	1.03111e-54	1.02498e-58	1.19174e-63	5.99606e-68	3.93027e-73	1.94679e-77	1.02439e-80	
Calboe	0	0	0	0	0	0	0	0	0	0	0	0	0	1	0	0	0	0	0	0	0	0	0	0	0	0	0	0	0	0	0	0	0	0	0	0	0	0	0	0	0	
C3125	0	0	0	0	0	0	0	0	0	0	0	0	0	0	0	0	0	1	0	0	0	0	0	0	0	0	0	0	0	0	0	0	0	0	0	0	0	0	0	0	0	
N79	8.64923e-46	1.3397e-44	2.09497e-43	3.10271e-42	4.33033e-41	5.66238e-40	5.09839e-43	3.81023e-41	7.93886e-37	7.35279e-36	6.05153e-35	4.33672e-34	2.17376e-34	3.64489e-17	1	2.40358e-15	7.62719e-31	6.52491e-32	1.2927e-32	1.81487e-33	2.00555e-34	1.85975e-35	1.54644e-36	7.41475e-37	5.09506e-37	4.66588e-36	3.64277e-36	2.90968e-35	2.2475e-35	1.47849e-34	1.10971e-34	5.61892e-34	3.56809e-34	1.24509e-33	4.20758e-34	3.56327e-34	8.92041e-35	5.25264e-35	1.05397e-35	6.43034e-36	1.31383e-35	
CGA429	0	0	0	0	0	0	0	0	0	0	0	0	0	0	1	0	0	0	0	0	0	0	0	0	0	0	0	0	0	0	0	0	0	0	0	0	0	0	0	0	0	
CGA430	0	0	0	0	0	0	0	0	0	0	0	0	0	0	1	0	0	0	0	0	0	0	0	0	0	0	0	0	0	0	0	0	0	0	0	0	0	0	0	0	0	
N80	4.59059e-39	8.47109e-33	5.07242e-30	1.7085e-26	3.3128e-28	8.56857e-26	9.05404e-21	2.09489e-19	1.76754e-20	4.02356e-21	1.07643e-17	1.69805e-12	8.2079e-08	0.000730119	0.189878	0.59599	0.212371	0.00103188	1.64285e-07	7.91452e-12	1.66277e-16	1.80468e-21	1.11187e-26	6.17232e-32	6.23725e-36	3.44636e-37	2.80357e-37	1.27717e-35	3.96304e-37	1.20522e-36	2.44083e-38	4.80308e-38	5.83924e-40	7.66673e-40	6.0568e-43	1.76431e-43	9.61374e-47	1.23055e-48	1.24273e-51	4.21497e-52	1.45053e-51	
N81	5.59931e-44	7.25589e-43	9.55937e-42	1.18743e-40	1.38273e-39	1.70968e-43	3.21997e-25	9.35984e-40	1.14219e-35	8.44314e-35	5.46062e-34	1.79091e-34	3.28732e-17	1	2.51752e-15	9.82359e-31	1.92954e-31	6.16984e-32	1.19915e-32	1.70548e-33	1.94656e-34	1.96742e-35	2.30973e-36	5.96745e-36	4.71809e-36	3.32215e-35	2.65547e-35	1.56283e-34	1.22621e-34	5.6814e-34	3.91499e-34	1.34647e-33	6.63445e-34	1.41701e-33	5.02532e-34	3.67843e-34	9.34148e-35	5.18514e-35	1.07946e-35	7.48276e-36	2.37157e-35	
C985	0	0	0	0	0	0	0	0	0	0	0	0	0	1	0	0	0	0	0	0	0	0	0	0	0	0	0	0	0	0	0	0	0	0	0	0	0	0	0	0	0	
C984	0	0	0	0	0	0	0	0	0	0	0	0	0	1	0	0	0	0	0	0	0	0	0	0	0	0	0	0	0	0	0	0	0	0	0	0	0	0	0	0	0	
N82	1.12778e-37	3.87296e-32	1.46254e-29	1.56885e-26	2.32163e-28	2.96912e-26	2.84326e-21	6.52585e-19	3.04426e-18	6.17071e-18	2.36472e-15	6.98588e-11	7.88403e-07	0.00188539	0.299609	0.58204	0.116096	0.0003683	1.35532e-07	1.7246e-11	1.03218e-15	3.38129e-20	7.21409e-25	1.31981e-26	1.57067e-29	1.66155e-30	1.07435e-33	5.82475e-35	1.29398e-38	4.26168e-40	3.02982e-44	6.35242e-46	1.36164e-50	1.64123e-52	8.34909e-58	6.42885e-61	2.22672e-66	1.88635e-70	6.47029e-76	1.0805e-78	1.10835e-79	
N83	1.57462e-47	2.08457e-38	3.86725e-35	4.79784e-28	1.55817e-30	2.10122e-24	7.35473e-18	4.71139e-16	7.07901e-19	4.87401e-22	3.05384e-21	2.63298e-15	8.38643e-10	7.56996e-05	0.99838	0.00154407	2.64753e-07	8.2352e-12	8.40902e-17	3.64693e-22	7.68198e-28	1.02059e-33	1.65371e-39	4.4023e-44	8.42123e-50	6.37588e-55	1.5121e-61	7.93351e-35	5.97425e-35	2.60296e-34	1.43832e-34	4.43851e-34	1.70219e-34	2.83752e-34	8.63395e-35	5.86026e-35	1.29825e-35	6.962e-36	1.29086e-36	1.1156e-36	5.86993e-36	
CGA310	0	0	0	0	0	0	0	0	0	0	0	0	0	0	1	0	0	0	0	0	0	0	0	0	0	0	0	0	0	0	0	0	0	0	0	0	0	0	0	0	0	
CGA314	0	0	0	0	0	0	0	0	0	0	0	0	0	0	1	0	0	0	0	0	0	0	0	0	0	0	0	0	0	0	0	0	0	0	0	0	0	0	0	0	0	
N84	6.68785e-41	1.07526e-33	3.26737e-29	5.79635e-25	5.41862e-24	2.1069e-19	6.36797e-15	1.00591e-13	5.32439e-14	1.94331e-14	3.28632e-12	2.78537e-08	8.70336e-05	0.0583751	0.772471	0.164853	0.00420463	8.84233e-06	5.92006e-09	1.78473e-12	2.88629e-16	2.90156e-20	3.2996e-24	4.05475e-26	3.20538e-29	4.30712e-31	2.08889e-34	1.4738e-36	4.33452e-40	1.56942e-42	1.85257e-46	3.55281e-49	1.54104e-53	1.1691e-56	2.50164e-61	9.95511e-65	1.2869e-66	6.4473e-67	5.93551e-68	4.85173e-68	4.68147e-67	
N85	1.88188e-51	1.73792e-41	4.90036e-38	2.9783e-30	4.5552e-33	2.96426e-26	3.92588e-19	3.67414e-17	3.0944e-20	9.19233e-24	7.64977e-23	2.6401e-16	2.37182e-10	4.98713e-05	0.999691	0.000258772	6.89214e-09	4.34475e-14	7.72911e-20	4.33977e-26	7.09398e-33	4.44028e-37	3.4018e-37	3.8101e-36	2.97103e-36	2.67016e-35	1.8969e-35	1.25927e-34	4.41555e-35	2.01146e-34	4.62615e-35	1.13346e-34	2.15295e-35	2.34152e-35	3.85257e-36	2.35483e-36	3.08059e-37	1.59906e-37	2.06739e-38	8.04523e-38	1.33126e-36	
CGA382	0	0	0	0	0	0	0	0	0	0	0	0	0	0	1	0	0	0	0	0	0	0	0	0	0	0	0	0	0	0	0	0	0	0	0	0	0	0	0	0	0	
CGA365	0	0	0	0	0	0	0	0	0	0	0	0	0	0	1	0	0	0	0	0	0	0	0	0	0	0	0	0	0	0	0	0	0	0	0	0	0	0	0	0	0	
N86	1.62245e-46	3.52488e-45	7.67937e-44	1.58718e-42	3.07748e-41	1.17128e-25	8.39315e-17	1.72419e-21	1.82568e-36	2.13266e-35	2.12408e-34	1.91535e-15	1.13165e-07	0.999989	1.08049e-05	9.36676e-12	3.49202e-32	5.39357e-33	5.50724e-34	4.25716e-35	2.69721e-36	3.604e-37	1.78526e-37	2.20199e-36	1.71858e-36	1.84812e-35	1.40405e-35	1.19488e-34	8.0452e-35	4.9621e-34	1.42026e-34	4.62648e-34	9.699e-35	1.24509e-34	2.23973e-35	1.43209e-35	2.02465e-36	1.06701e-36	1.34322e-37	2.58762e-37	3.50494e-36	
CGA494	0	0	0	0	0	0	0	0	0	0	0	0	0	1	0	0	0	0	0	0	0	0	0	0	0	0	0	0	0	0	0	0	0	0	0	0	0	0	0	0	0	
CGA495	0	0	0	0	0	0	0	0	0	0	0	0	0	1	0	0	0	0	0	0	0	0	0	0	0	0	0	0	0	0	0	0	0	0	0	0	0	0	0	0	0	
N87	7.69313e-44	3.20312e-36	3.96839e-33	3.80506e-27	1.76689e-25	6.57017e-25	7.11878e-21	9.36839e-16	5.28204e-13	6.8171e-13	5.83886e-14	8.0325e-15	7.92963e-13	8.24263e-10	6.61419e-06	0.0119323	0.468703	0.499532	0.0197953	3.11094e-05	1.2235e-08	1.86837e-12	1.42282e-16	1.26694e-19	6.22019e-23	4.78139e-25	1.1363e-28	1.56324e-30	3.01158e-30	3.68928e-30	1.01751e-31	2.32848e-32	1.85275e-34	2.20014e-35	7.79991e-38	1.42745e-39	3.42031e-42	2.88544e-44	4.44612e-47	3.29778e-49	2.42819e-50	
N88	2.23152e-38	1.40446e-32	5.85906e-31	1.40919e-26	4.49265e-26	1.15122e-24	6.39816e-20	2.88309e-15	1.54079e-13	4.42385e-14	1.5141e-15	1.8262e-15	1.18771e-13	1.46157e-09	1.43553e-05	0.0245615	0.501548	0.466678	0.0071921	5.68388e-06	1.17051e-09	9.58393e-14	3.85426e-18	9.96307e-23	2.65334e-27	1.05988e-29	3.37594e-33	1.24369e-34	3.146e-38	6.27523e-40	7.85208e-44	8.72591e-46	3.64489e-50	2.39773e-52	1.63482e-57	4.41328e-60	1.29663e-65	9.608e-69	1.64593e-74	1.05571e-78	3.19245e-84	
C12265	0	0	0	0	0	0	0	0	0	0	0	0	0	0	0	0	0	1	0	0	0	0	0	0	0	0	0	0	0	0	0	0	0	0	0	0	0	0	0	0	0	
N89	3.20923e-46	8.74495e-38	1.42344e-34	5.37257e-28	1.63025e-29	2.34197e-26	1.24986e-20	9.85776e-17	1.84267e-18	2.89763e-20	5.93202e-21	2.45309e-17	5.64023e-12	4.29121e-07	0.00725421	0.94751	0.0449493	0.000286032	8.12971e-08	4.43132e-12	8.49689e-17	7.14908e-22	2.93034e-27	1.63997e-32	6.45478e-36	2.98793e-37	3.33397e-39	1.29903e-39	1.13146e-41	3.03792e-42	2.06913e-44	3.68972e-45	1.88185e-47	2.11271e-48	5.12869e-51	3.56858e-52	2.51387e-55	2.47184e-57	1.25529e-60	3.19246e-63	2.80516e-66	
C404	0	0	0	0	0	0	0	0	0	0	0	0	0	0	1	0	0	0	0	0	0	0	0	0	0	0	0	0	0	0	0	0	0	0	0	0	0	0	0	0	0	
N90	3.01392e-40	5.97571e-34	2.20411e-32	1.53869e-27	8.9967e-30	8.81494e-29	2.14965e-23	1.01521e-18	7.07916e-20	4.81505e-20	1.55105e-20	2.45376e-18	8.23287e-13	9.49989e-08	0.00217712	0.975673	0.022111	3.90633e-05	3.81328e-09	9.56804e-14	9.56732e-19	4.68143e-24	1.29631e-29	3.90697e-32	6.88853e-36	1.79084e-37	1.70708e-41	2.06206e-43	8.85032e-48	5.49074e-50	1.20346e-55	3.38212e-58	2.8067e-64	3.42295e-67	3.84268e-71	4.64073e-70	7.88716e-72	1.62332e-71	1.56723e-72	1.33932e-71	6.6948e-70	
N91	6.19424e-53	3.24329e-51	1.63038e-49	1.65341e-34	3.37595e-46	1.37405e-44	3.17304e-27	7.23448e-19	1.33759e-22	1.46339e-38	3.4608e-37	6.91834e-36	1.12263e-34	5.89941e-14	7.24871e-07	0.999996	3.41937e-06	1.22532e-12	4.69731e-35	1.89424e-36	6.13299e-38	1.82146e-39	1.51806e-40	3.48168e-39	2.62637e-39	7.11161e-38	5.22487e-38	1.18056e-36	8.38841e-37	1.48119e-35	8.49095e-36	1.10546e-34	1.16018e-35	1.78799e-35	1.66397e-36	1.09452e-36	8.29481e-38	4.2596e-38	2.75475e-39	6.8409e-39	1.86362e-37	
Cl11778	0	0	0	0	0	0	0	0	0	0	0	0	0	0	0	1	0	0	0	0	0	0	0	0	0	0	0	0	0	0	0	0	0	0	0	0	0	0	0	0	0	
Cl11779	0	0	0	0	0	0	0	0	0	0	0	0	0	0	0	1	0	0	0	0	0	0	0	0	0	0	0	0	0	0	0	0	0	0	0	0	0	0	0	0	0	
N92	5.75328e-51	3.62311e-42	8.96158e-39	2.24421e-31	1.52595e-32	3.97673e-30	1.43926e-23	1.42957e-17	1.30432e-18	4.27288e-20	6.61729e-22	2.8397e-20	1.62292e-14	3.37871e-09	0.00017729	0.998612	0.00121102	1.21646e-07	2.96398e-12	2.70886e-17	1.16558e-22	2.80886e-28	1.02539e-33	1.71468e-36	5.30158e-41	6.30718e-44	1.02162e-48	5.51059e-52	4.69741e-57	1.08036e-60	3.34273e-66	3.23739e-70	8.02558e-77	5.24969e-82	5.66632e-89	5.05059e-95	1.82852e-102	3.3117e-109	2.25916e-117	1.67389e-124	9.66891e-38	
CGA594	0	0	0	0	0	0	0	0	0	0	0	0	0	0	0	1	0	0	0	0	0	0	0	0	0	0	0	0	0	0	0	0	0	0	0	0	0	0	0	0	0	
CGA48	0	0	0	0	0	0	0	0	0	0	0	0	0	0	0	1	0	0	0	0	0	0	0	0	0	0	0	0	0	0	0	0	0	0	0	0	0	0	0	0	0	
N93	2.3214e-46	4.17795e-45	7.86339e-44	1.43934e-42	2.51959e-41	4.15861e-40	6.39304e-39	9.04919e-38	1.07786e-20	4.05901e-19	1.36858e-34	1.19825e-33	8.74275e-33	5.07161e-32	2.17205e-31	6.02647e-31	1.49834e-11	1.12838e-05	0.999988	7.96764e-07	1.17104e-13	4.32516e-35	2.94822e-36	1.58296e-36	1.11553e-36	1.27124e-35	9.76725e-36	9.52217e-35	7.21808e-35	5.67137e-34	4.10908e-34	2.38087e-33	1.11318e-33	4.29153e-33	1.17096e-33	1.21141e-33	2.65454e-34	1.6145e-34	2.75765e-35	1.64646e-35	3.51507e-35	
C3134	0	0	0	0	0	0	0	0	0	0	0	0	0	0	0	0	0	0	1	0	0	0	0	0	0	0	0	0	0	0	0	0	0	0	0	0	0	0	0	0	0	
C3126	0	0	0	0	0	0	0	0	0	0	0	0	0	0	0	0	0	0	1	0	0	0	0	0	0	0	0	0	0	0	0	0	0	0	0	0	0	0	0	0	0	
N94	3.66522e-41	1.15191e-33	6.1528e-31	6.64348e-25	5.91826e-22	3.68893e-23	1.79058e-19	1.30087e-14	2.13574e-10	5.0562e-11	1.8321e-12	3.14218e-14	1.53045e-15	6.31993e-12	3.68632e-08	6.92217e-05	0.0272111	0.87289	0.0992742	0.000554677	7.34896e-07	3.63709e-10	8.61216e-14	3.65228e-17	1.78663e-20	6.56605e-23	2.03282e-26	3.35963e-29	6.94936e-33	4.68441e-32	4.56411e-32	8.97823e-33	1.71732e-34	1.17925e-35	1.23663e-37	2.94883e-39	2.03637e-41	2.59698e-43	1.19952e-45	1.1441e-47	1.95692e-49	
CGA311	0	0	0	0	0	0	0	0	0	0	0	0	0	0	0	0	0	1	0	0	0	0	0	0	0	0	0	0	0	0	0	0	0	0	0	0	0	0	0	0	0	
N95	5.26719e-42	4.74839e-36	5.78567e-34	1.85378e-28	8.56692e-25	7.87649e-25	2.9161e-21	2.68652e-16	3.61258e-12	2.13758e-12	5.54048e-14	5.08703e-16	9.64325e-17	1.80805e-13	3.13105e-09	1.72374e-05	0.0167719	0.877115	0.105668	0.000428087	3.33629e-07	8.4325e-11	9.0634e-15	6.92682e-19	4.81343e-23	5.90767e-25	2.51529e-28	1.44369e-29	3.4443e-33	1.11572e-34	9.87729e-39	1.90749e-40	5.04022e-45	5.75964e-47	3.73646e-52	1.75386e-54	4.59627e-60	2.73503e-63	4.70766e-69	7.51428e-73	3.73383e-78	
N96	6.28719e-47	6.25315e-39	7.37952e-36	2.29478e-29	1.42628e-27	6.46275e-28	4.80181e-23	4.12539e-18	8.07335e-15	1.87162e-16	6.88122e-19	3.83174e-20	7.37249e-19	4.64978e-14	1.4775e-09	1.45608e-05	0.0267088	0.954067	0.0191896	2.00738e-05	4.91623e-09	4.45356e-13	1.87678e-17	4.21309e-22	5.54214e-27	7.89101e-31	1.38436e-34	9.25161e-37	1.73558e-40	1.42824e-38	1.17685e-38	6.82242e-39	7.70215e-41	2.70853e-41	1.44758e-43	3.35923e-44	5.09395e-47	3.34605e-48	9.14094e-51	5.50623e-51	9.15784e-52	
N97	1.50631e-49	1.96708e-48	2.74245e-47	4.06485e-46	6.7559e-45	1.24149e-43	2.36051e-42	6.0164e-26	4.79233e-24	1.21126e-38	1.75384e-37	2.26674e-36	2.56366e-35	2.46935e-34	4.05892e-15	1.63783e-07	0.999993	7.07721e-06	1.66319e-12	5.63167e-33	6.26357e-34	5.37306e-35	3.80079e-36	2.3304e-37	1.38286e-38	2.42125e-38	1.77203e-38	2.72939e-37	2.00178e-37	2.69108e-36	1.93864e-36	2.17674e-35	1.54683e-35	1.35392e-34	9.07901e-35	5.40407e-34	1.40216e-34	1.32258e-34	2.6645e-35	1.59293e-35	6.6893e-36	
CGA45	0	0	0	0	0	0	0	0	0	0	0	0	0	0	0	0	1	0	0	0	0	0	0	0	0	0	0	0	0	0	0	0	0	0	0	0	0	0	0	0	0	
CGA46	0	0	0	0	0	0	0	0	0	0	0	0	0	0	0	0	1	0	0	0	0	0	0	0	0	0	0	0	0	0	0	0	0	0	0	0	0	0	0	0	0	
N98	2.44144e-42	2.67504e-36	1.1301e-34	4.52641e-30	1.07313e-28	1.63709e-29	2.92512e-25	1.74171e-20	1.1191e-16	3.00753e-18	1.01679e-18	4.28407e-19	3.27778e-19	7.29064e-15	3.03056e-10	4.13601e-06	0.0114366	0.975156	0.0133912	1.19832e-05	2.55884e-09	2.0419e-13	7.649e-18	1.54711e-22	2.5401e-27	6.16098e-29	2.83325e-32	1.15167e-33	2.94479e-37	6.04842e-39	8.36149e-43	9.00918e-45	5.07177e-49	3.02953e-51	1.86454e-56	4.19691e-59	9.98562e-65	2.42789e-68	3.72386e-74	1.33788e-78	6.96502e-84	
N99	9.62043e-52	8.45236e-44	9.35486e-41	2.68145e-34	1.85333e-31	3.0418e-32	1.6612e-27	5.42694e-22	5.13613e-17	2.05724e-17	2.83655e-18	1.87182e-19	2.09791e-20	4.91655e-16	2.54978e-11	4.71954e-07	0.00215892	0.993307	0.00453098	2.35867e-06	3.43182e-10	2.02128e-14	5.89303e-19	9.71911e-24	1.22481e-28	3.13784e-31	5.25737e-35	3.12245e-37	2.97229e-41	9.12049e-44	5.17872e-48	8.15666e-51	2.72267e-55	2.11825e-58	2.54e-63	1.85454e-65	1.13097e-66	1.29925e-66	1.16993e-67	6.90113e-68	2.46369e-68	
N100	1.85549e-58	3.30768e-49	3.67349e-46	1.92978e-38	1.33324e-35	1.10746e-37	7.79038e-32	3.4265e-25	5.72064e-19	1.49531e-20	1.49278e-22	6.96591e-25	5.19663e-27	2.47816e-21	2.54516e-15	9.39876e-10	9.14125e-05	0.999699	0.000209328	5.42091e-09	4.11084e-14	1.25887e-19	1.82254e-25	1.36916e-31	6.54474e-38	5.45003e-42	2.64325e-47	3.67863e-51	4.08697e-57	6.1811e-62	2.92367e-38	8.41456e-37	5.43883e-37	1.2399e-35	6.35354e-36	1.08418e-34	1.0484e-35	8.52622e-36	6.58584e-37	3.63092e-37	1.76586e-37	
C3043	0	0	0	0	0	0	0	0	0	0	0	0	0	0	0	0	0	1	0	0	0	0	0	0	0	0	0	0	0	0	0	0	0	0	0	0	0	0	0	0	0	
CGA87	0	0	0	0	0	0	0	0	0	0	0	0	0	0	0	0	0	1	0	0	0	0	0	0	0	0	0	0	0	0	0	0	0	0	0	0	0	0	0	0	0	
N101	6.76608e-58	9.13384e-49	1.06006e-45	4.17665e-38	2.94087e-35	3.32271e-37	1.59424e-31	4.77942e-25	5.74006e-19	2.13133e-20	3.03189e-22	2.01783e-24	2.14501e-26	7.70586e-21	5.96665e-15	1.66035e-09	0.000121591	0.999598	0.000280625	9.70457e-09	9.80636e-14	3.99626e-19	7.69223e-25	7.67615e-31	4.85224e-37	5.6356e-41	3.76161e-46	7.49344e-50	1.14698e-55	2.48924e-60	2.60229e-38	7.77502e-37	5.0022e-37	1.18496e-35	5.95203e-36	1.06233e-34	9.84214e-36	8.20488e-36	6.1281e-37	3.39857e-37	1.63569e-37	
CGA368	0	0	0	0	0	0	0	0	0	0	0	0	0	0	0	0	0	1	0	0	0	0	0	0	0	0	0	0	0	0	0	0	0	0	0	0	0	0	0	0	0	
CGA557	0	0	0	0	0	0	0	0	0	0	0	0	0	0	0	0	0	1	0	0	0	0	0	0	0	0	0	0	0	0	0	0	0	0	0	0	0	0	0	0	0	
CGA364	0	0	0	0	0	0	0	0	0	0	0	0	0	0	0	0	0	1	0	0	0	0	0	0	0	0	0	0	0	0	0	0	0	0	0	0	0	0	0	0	0	
C2208	0	0	0	0	0	0	0	0	0	0	0	0	0	0	0	0	0	0	1	0	0	0	0	0	0	0	0	0	0	0	0	0	0	0	0	0	0	0	0	0	0	
N102	2.91495e-36	1.82958e-29	6.90968e-27	1.60113e-21	2.95318e-19	5.02882e-20	1.68621e-16	2.54756e-12	7.99208e-09	1.83652e-09	1.29e-10	4.32186e-12	5.67838e-13	7.13487e-10	1.10937e-06	0.000577851	0.0692594	0.897322	0.0326218	0.000217045	4.90904e-07	5.06004e-10	2.90549e-13	4.04427e-16	4.70813e-19	2.77216e-21	2.10034e-24	6.16052e-27	2.74474e-30	3.98655e-33	1.07597e-36	7.562e-40	1.12924e-43	3.57338e-47	2.69717e-51	2.97295e-55	1.1699e-59	6.13798e-64	1.31762e-68	4.4093e-73	2.52391e-77	
N103	1.14207e-42	6.92261e-35	5.81603e-32	1.09716e-25	2.23507e-23	2.56347e-24	6.69478e-20	3.74453e-15	1.69863e-11	2.72929e-13	1.13727e-15	9.70512e-18	1.50099e-17	3.16008e-13	6.23019e-09	3.78065e-05	0.0419074	0.950343	0.00770385	7.7931e-06	2.23189e-09	2.57349e-13	1.45211e-17	4.73502e-22	1.35781e-26	3.75561e-29	7.06077e-33	2.74145e-35	2.80178e-39	5.41501e-42	2.8633e-46	2.83604e-49	1.03962e-49	1.35868e-48	3.26027e-51	2.40619e-52	2.81029e-55	2.42466e-56	2.53764e-57	3.9969e-57	5.3856e-55	
N104	2.48682e-48	4.84977e-47	8.80404e-46	9.5486e-35	3.68366e-32	2.04968e-42	3.38034e-29	1.88011e-22	2.07294e-16	6.56215e-20	5.12706e-23	4.44587e-37	6.9514e-36	8.98523e-35	8.32537e-17	1.08949e-10	3.53589e-05	0.999924	4.08341e-05	2.13984e-10	3.49957e-16	2.62724e-36	1.10496e-37	4.27492e-39	3.16859e-40	4.58417e-39	3.37792e-39	7.32071e-38	5.26162e-38	9.68184e-37	6.7679e-37	1.00136e-35	6.41188e-36	7.05709e-35	2.14509e-35	1.55839e-34	2.40203e-35	1.82497e-35	2.14745e-36	1.19073e-36	6.45102e-37	
CGA453	0	0	0	0	0	0	0	0	0	0	0	0	0	0	0	0	0	1	0	0	0	0	0	0	0	0	0	0	0	0	0	0	0	0	0	0	0	0	0	0	0	
CGA383	0	0	0	0	0	0	0	0	0	0	0	0	0	0	0	0	0	1	0	0	0	0	0	0	0	0	0	0	0	0	0	0	0	0	0	0	0	0	0	0	0	
N105	1.16054e-46	1.3522e-38	2.2288e-35	8.2849e-29	2.56336e-27	4.35407e-27	4.33878e-22	4.30611e-17	3.06144e-14	6.84362e-17	8.2572e-20	7.84739e-21	6.0807e-19	3.37467e-14	1.74478e-09	2.85941e-05	0.0874462	0.910693	0.00183169	5.34872e-07	4.79113e-11	1.82109e-15	3.51911e-20	3.88587e-25	2.98533e-30	6.74245e-33	1.13746e-36	1.07725e-38	1.04299e-42	5.16618e-45	2.93275e-49	7.63247e-52	2.30195e-56	3.19032e-59	5.08969e-64	5.2035e-65	1.59582e-66	2.51416e-66	1.4305e-67	1.03264e-67	2.91545e-68	
N106	6.444e-52	1.80457e-50	4.59239e-49	1.00768e-47	1.85353e-46	2.75787e-45	3.22753e-44	2.25876e-28	6.46986e-20	3.2738e-24	5.29561e-39	1.4639e-37	3.44274e-36	6.62724e-35	9.8274e-34	6.04941e-14	1.30611e-06	0.999998	4.59297e-07	2.77259e-14	1.14062e-35	3.58217e-37	9.43145e-39	2.69071e-40	4.41269e-41	1.49571e-39	1.08785e-39	3.59384e-38	2.53685e-38	7.07411e-37	4.83381e-37	1.07055e-35	6.62018e-36	1.05839e-34	1.47614e-35	9.73004e-35	9.67507e-36	6.31361e-36	4.69862e-37	2.49068e-37	2.77667e-37	
CGA501	0	0	0	0	0	0	0	0	0	0	0	0	0	0	0	0	0	1	0	0	0	0	0	0	0	0	0	0	0	0	0	0	0	0	0	0	0	0	0	0	0	
C11776	0	0	0	0	0	0	0	0	0	0	0	0	0	0	0	0	0	1	0	0	0	0	0	0	0	0	0	0	0	0	0	0	0	0	0	0	0	0	0	0	0	
N107	2.22096e-51	6.76683e-50	1.88481e-48	4.5712e-47	9.39399e-46	1.57205e-44	2.01196e-43	3.45919e-27	7.65904e-26	2.91123e-41	9.9574e-40	3.0897e-38	8.35505e-37	1.91571e-35	1.06226e-15	8.43576e-08	0.999981	1.87272e-05	2.00622e-12	1.82027e-33	7.83471e-35	2.62968e-36	7.33574e-38	1.77967e-39	4.53695e-41	3.15864e-40	2.28538e-40	8.70291e-39	6.1148e-39	2.03922e-37	1.3876e-37	3.89381e-36	2.54336e-36	5.64561e-35	3.09317e-35	5.03226e-34	5.12864e-35	3.90921e-35	3.11043e-36	1.68351e-36	8.61866e-37	
C3121	0	0	0	0	0	0	0	0	0	0	0	0	0	0	0	0	1	0	0	0	0	0	0	0	0	0	0	0	0	0	0	0	0	0	0	0	0	0	0	0	0	
C3123	0	0	0	0	0	0	0	0	0	0	0	0	0	0	0	0	1	0	0	0	0	0	0	0	0	0	0	0	0	0	0	0	0	0	0	0	0	0	0	0	0	
N108	8.73212e-45	1.6112e-36	6.83708e-34	3.99169e-27	9.53839e-25	7.82139e-27	3.59998e-22	5.90638e-17	1.78308e-12	4.67161e-15	2.15488e-17	1.00718e-19	8.16702e-22	3.55573e-17	3.4553e-12	1.19801e-07	0.00104571	0.99733	0.0016242	3.52331e-07	2.28223e-11	6.18194e-16	8.40401e-21	6.83424e-26	5.59426e-31	2.05679e-34	6.31537e-39	2.24943e-42	3.63656e-47	5.9647e-51	5.04656e-56	3.6658e-60	1.45241e-65	4.33883e-70	5.95902e-76	5.92965e-81	2.29376e-87	2.10546e-93	2.46709e-100	4.97654e-107	3.24375e-114	
Calparcri	0	0	0	0	0	0	0	0	0	0	0	0	0	0	0	0	0	1	0	0	0	0	0	0	0	0	0	0	0	0	0	0	0	0	0	0	0	0	0	0	0	
C3118	0	0	0	0	0	0	0	0	0	0	0	0	0	0	0	0	0	1	0	0	0	0	0	0	0	0	0	0	0	0	0	0	0	0	0	0	0	0	0	0	0	
N109	7.71266e-42	3.03261e-35	2.14733e-33	1.18161e-27	2.55743e-26	2.17888e-23	3.79824e-18	3.35176e-14	6.58807e-13	1.54824e-13	7.76679e-14	8.18211e-13	2.96959e-10	2.55687e-06	0.00321669	0.228072	0.709291	0.0593033	0.000114541	2.74913e-08	1.69984e-12	5.25726e-17	1.55698e-21	1.67235e-23	1.76565e-26	2.99911e-27	1.64254e-30	1.81796e-30	2.11671e-32	5.13911e-32	1.05474e-34	1.62304e-34	1.0695e-37	8.5558e-38	2.77311e-41	4.55713e-42	1.13651e-45	2.7115e-47	5.37391e-51	4.51479e-53	1.20886e-54	
N110	1.49856e-40	1.6165e-33	1.72977e-30	6.60279e-25	3.95101e-22	4.17358e-22	1.84039e-18	4.59365e-14	9.83704e-11	2.54844e-10	1.19274e-10	3.22256e-11	8.94906e-11	1.53909e-07	0.00014742	0.0301098	0.472818	0.472778	0.023942	0.000203804	5.11997e-07	5.74997e-10	8.04429e-13	6.20226e-14	2.17432e-16	9.18882e-18	1.5314e-20	2.73932e-22	2.33593e-25	1.82358e-27	5.90058e-31	2.07629e-33	1.93378e-37	1.55776e-40	7.67211e-45	1.22846e-48	3.05751e-53	2.48282e-57	3.39887e-62	3.58247e-66	3.36538e-69	
N111	3.28135e-37	1.60199e-30	5.32093e-27	1.21178e-22	1.38442e-19	4.50557e-19	5.9404e-17	1.25183e-13	5.42194e-11	9.95105e-10	4.5136e-09	5.73281e-09	5.28661e-09	9.92234e-07	0.000315095	0.0269757	0.411655	0.536751	0.0241137	0.00018852	4.59685e-07	4.70041e-10	2.40929e-13	1.14207e-16	1.23283e-19	3.3172e-21	4.23355e-24	5.99458e-26	4.3245e-29	2.98871e-31	1.20901e-34	4.05226e-37	6.94007e-41	1.08744e-43	7.43123e-48	3.52513e-51	1.33356e-55	1.73141e-59	3.69196e-64	2.24203e-68	1.22032e-72	
N112	5.96679e-36	3.58413e-29	6.16781e-25	9.64626e-22	2.08681e-18	1.03769e-16	9.18662e-15	8.36661e-13	1.2457e-10	3.25523e-09	5.8192e-08	5.20894e-07	1.10461e-06	9.22605e-05	0.00492801	0.0928175	0.494836	0.400723	0.00658048	2.01861e-05	2.11636e-08	1.00486e-11	2.53954e-15	3.85989e-19	4.81683e-23	5.18356e-25	5.35813e-28	1.1998e-29	7.45256e-33	8.98408e-35	3.26061e-38	2.14088e-40	3.79082e-44	1.36627e-46	8.33307e-51	1.32822e-53	3.48304e-58	9.56854e-62	1.57451e-66	1.48555e-70	4.18013e-75	
N113	6.64137e-39	9.67674e-32	8.1279e-29	4.40771e-23	2.77778e-20	8.70006e-21	4.41091e-17	1.50516e-12	9.4543e-09	4.8739e-09	5.38846e-10	2.65925e-11	5.40791e-12	6.11612e-09	6.92374e-06	0.00218631	0.135647	0.829809	0.0321846	0.000166569	2.44294e-07	3.63928e-10	9.83341e-13	2.89171e-14	4.16908e-17	4.99547e-19	2.70077e-22	1.47639e-24	3.27371e-28	8.54268e-31	8.58147e-35	1.02239e-37	9.65111e-41	1.04631e-39	6.11497e-42	1.89425e-43	6.95261e-46	9.30611e-48	2.32099e-50	3.6065e-52	8.36383e-52	
Triowe	0	0	0	0	0	0	0	0	0	0	0	0	0	0	0	0	0	1	0	0	0	0	0	0	0	0	0	0	0	0	0	0	0	0	0	0	0	0	0	0	0	
N114	1.95079e-39	1.65132e-32	3.49997e-29	8.67964e-24	6.95246e-21	1.5975e-20	3.97465e-17	3.92075e-13	5.18513e-10	3.00663e-10	2.92107e-11	1.24381e-12	3.88483e-13	4.08885e-10	9.73439e-07	0.000683399	0.0885296	0.871069	0.039482	0.000234793	3.95686e-07	2.82107e-10	1.19493e-13	3.45818e-16	2.57128e-19	1.46971e-20	2.40509e-23	1.63044e-24	1.42061e-27	5.35154e-29	1.83291e-32	3.99334e-34	4.67662e-38	5.47335e-40	2.33384e-44	9.55906e-47	2.13102e-51	1.17469e-54	1.70122e-59	3.16371e-63	2.134e-67	
Trijoh	0	0	0	0	0	0	0	0	0	0	0	0	0	0	0	0	0	1	0	0	0	0	0	0	0	0	0	0	0	0	0	0	0	0	0	0	0	0	0	0	0	
Trimel	0	0	0	0	0	0	0	0	0	0	0	0	0	0	0	0	0	1	0	0	0	0	0	0	0	0	0	0	0	0	0	0	0	0	0	0	0	0	0	0	0	
N115	1.40592e-34	1.16462e-27	1.2976e-21	8.07799e-22	3.26521e-17	1.44102e-12	7.15655e-13	1.07611e-13	3.18562e-12	5.52787e-08	0.000346839	0.394902	0.487664	0.109048	0.00781799	0.000218733	2.47772e-06	9.98648e-09	7.40142e-12	2.1344e-15	3.11729e-19	2.64102e-23	1.41029e-27	5.09371e-32	1.43125e-36	6.01785e-40	9.12627e-44	2.77301e-46	2.2429e-48	5.47087e-47	1.13495e-45	1.46606e-46	1.60957e-48	1.26928e-49	2.8072e-51	3.20552e-50	9.42299e-51	1.17373e-52	2.92093e-55	1.68335e-57	6.46721e-60	
N116	6.49596e-36	6.83195e-29	7.80668e-23	1.8784e-22	6.25457e-18	2.60903e-13	5.20686e-13	3.38695e-13	1.26236e-11	2.08238e-07	0.00103795	0.651667	0.326417	0.0205596	0.00031658	1.54947e-06	2.667e-09	1.60194e-12	3.10128e-16	2.78936e-20	1.72517e-24	1.00886e-26	5.7022e-30	7.447e-32	9.08238e-36	6.62768e-38	3.16111e-42	1.26561e-44	3.05516e-49	6.37676e-52	9.02784e-57	9.13803e-60	8.31233e-65	3.6874e-68	2.27207e-73	3.76038e-77	1.59102e-82	7.49919e-87	2.02219e-92	1.05616e-96	1.00888e-99	
Trihoe	0	0	0	0	0	0	0	0	0	0	0	1	0	0	0	0	0	0	0	0	0	0	0	0	0	0	0	0	0	0	0	0	0	0	0	0	0	0	0	0	0	
Tribit	0	0	0	0	0	0	0	0	0	0	0	1	0	0	0	0	0	0	0	0	0	0	0	0	0	0	0	0	0	0	0	0	0	0	0	0	0	0	0	0	0	
Trijac	0	0	0	0	0	0	0	0	0	0	0	1	0	0	0	0	0	0	0	0	0	0	0	0	0	0	0	0	0	0	0	0	0	0	0	0	0	0	0	0	0	
N117	6.70053e-38	3.94868e-31	1.97954e-28	4.03653e-23	1.16547e-20	3.17878e-21	8.17861e-18	1.25892e-13	4.15605e-10	2.29407e-10	3.35498e-11	2.39811e-12	5.89493e-13	7.4385e-10	1.21851e-06	0.000651378	0.0758565	0.864056	0.058841	0.000592323	1.77359e-06	2.19273e-09	1.37458e-12	1.91412e-15	3.38836e-18	5.37899e-20	6.25175e-23	4.80638e-25	3.10498e-28	1.16192e-30	4.09203e-34	7.49846e-37	1.27263e-40	1.06427e-43	8.38319e-48	2.2215e-51	9.71852e-56	8.86656e-60	2.07581e-64	1.04658e-68	7.30626e-73	
Tricri	0	0	0	0	0	0	0	0	0	0	0	0	0	0	0	0	0	1	0	0	0	0	0	0	0	0	0	0	0	0	0	0	0	0	0	0	0	0	0	0	0	
N118	4.55665e-40	3.47085e-33	4.23513e-30	9.67729e-25	4.82064e-22	4.62281e-22	1.03051e-18	9.1741e-15	1.19182e-11	3.8016e-12	3.1923e-13	4.20952e-14	2.34647e-14	3.57746e-11	1.25329e-07	0.000147899	0.0390479	0.908112	0.0523141	0.000376929	7.56009e-07	6.02992e-10	2.3378e-13	5.25835e-17	1.13362e-20	3.28705e-22	4.92579e-25	1.82948e-26	1.5337e-29	2.9843e-31	1.29699e-34	1.37979e-36	2.55075e-40	1.5044e-42	9.24233e-47	2.33627e-49	6.22422e-54	2.45341e-57	4.14483e-62	5.53643e-66	1.83608e-70	
Triwie	0	0	0	0	0	0	0	0	0	0	0	0	0	0	0	0	0	1	0	0	0	0	0	0	0	0	0	0	0	0	0	0	0	0	0	0	0	0	0	0	0	
Triqua	0	0	0	0	0	0	0	0	0	0	0	0	0	0	0	0	0	1	0	0	0	0	0	0	0	0	0	0	0	0	0	0	0	0	0	0	0	0	0	0	0	
N119	1.71019e-36	1.72008e-30	2.14095e-27	6.25594e-23	2.37085e-20	8.41687e-20	3.14255e-17	5.58179e-14	1.91569e-11	1.37417e-10	3.34078e-10	4.24544e-10	9.36155e-10	2.28317e-07	9.78406e-05	0.0133695	0.311789	0.592399	0.0800946	0.00222865	2.07545e-05	8.43014e-08	1.77427e-10	1.56667e-12	2.2407e-14	6.59411e-15	5.66193e-17	7.99047e-18	3.77609e-20	2.62516e-21	6.09453e-24	2.13597e-25	1.52583e-28	2.32898e-30	6.74614e-34	2.29402e-36	3.98519e-40	3.48913e-43	3.51183e-47	1.5791e-50	1.54323e-53	
N120	3.12715e-35	4.34208e-29	2.24506e-26	1.20056e-21	2.88378e-19	2.85029e-19	2.58765e-16	1.23553e-12	1.20687e-09	1.80665e-09	7.48704e-10	1.50054e-10	4.62529e-11	1.19915e-08	7.52098e-06	0.0017163	0.100767	0.782146	0.112418	0.00292121	2.48875e-05	9.26568e-08	1.78796e-10	2.59055e-13	4.72041e-16	1.17705e-17	3.42758e-20	5.88948e-22	1.01541e-24	8.90201e-27	9.34162e-30	4.15115e-32	2.47054e-35	5.32447e-38	1.55882e-41	1.29132e-44	2.12334e-48	6.66263e-52	6.20076e-56	1.0375e-59	1.63241e-63	
Kinboe	0	0	0	0	0	0	0	0	0	0	0	0	0	0	0	0	0	1	0	0	0	0	0	0	0	0	0	0	0	0	0	0	0	0	0	0	0	0	0	0	0	
Kinfis	0	0	0	0	0	0	0	0	0	0	0	0	0	0	0	0	0	1	0	0	0	0	0	0	0	0	0	0	0	0	0	0	0	0	0	0	0	0	0	0	0	
Kinxen	0	0	0	0	0	0	0	0	0	0	0	0	0	0	0	0	0	1	0	0	0	0	0	0	0	0	0	0	0	0	0	0	0	0	0	0	0	0	0	0	0	
N121	2.23216e-39	7.24602e-33	6.8903e-30	6.51899e-27	3.01627e-25	1.50115e-21	1.53941e-17	6.59844e-15	7.2188e-14	1.35501e-13	9.82081e-14	3.69242e-11	8.48185e-08	8.58618e-05	0.015841	0.330835	0.616448	0.0367214	6.88581e-05	2.755e-08	4.04283e-12	6.37849e-16	4.02543e-19	3.44326e-22	4.18351e-24	1.29883e-23	1.69735e-25	1.8432e-25	8.73399e-28	2.95899e-28	3.4141e-31	3.33272e-32	4.4854e-36	1.49742e-37	1.98724e-42	2.05404e-44	3.9328e-48	1.09856e-49	3.84053e-53	3.58757e-55	3.82953e-57	
N122	1.71708e-31	1.01183e-25	8.30332e-21	1.60728e-19	4.70941e-16	1.24451e-12	1.30861e-11	3.1888e-11	5.01093e-10	4.21304e-07	0.000209354	0.0248357	0.204315	0.409717	0.281394	0.0728973	0.006515	0.000115787	6.37042e-07	1.62469e-09	2.31292e-12	2.04547e-15	1.21156e-18	1.29083e-21	3.2768e-24	1.38976e-25	3.57825e-28	9.27708e-30	1.62077e-32	2.41033e-34	2.86754e-37	2.3283e-39	1.62453e-42	6.68447e-45	1.79741e-48	1.88546e-51	2.97829e-55	9.94433e-59	8.43183e-63	1.7501e-66	6.63956e-70	
N123	8.60742e-33	1.26425e-25	2.2597e-19	6.94562e-20	3.23279e-15	1.38798e-10	4.2427e-11	2.5086e-12	3.84238e-11	3.94877e-07	0.00123415	0.569769	0.39349	0.0347444	0.000757123	5.14447e-06	1.18231e-08	9.53624e-12	3.39147e-15	6.28469e-19	6.85946e-23	1.0658e-26	2.50492e-30	4.1955e-33	8.64675e-37	8.14102e-40	9.16799e-44	4.83892e-47	2.90097e-50	1.26444e-49	2.76224e-49	8.63121e-51	3.37256e-53	4.82697e-55	8.22252e-57	5.25362e-57	2.66457e-58	1.69116e-60	2.50164e-63	1.14554e-65	2.33999e-67	
N124	9.13105e-36	3.21695e-28	1.36606e-21	2.85275e-22	4.14119e-17	6.76066e-12	1.27551e-12	6.38472e-14	2.41616e-12	8.9055e-08	0.000830261	0.889195	0.109027	0.00094598	1.47748e-06	6.63725e-10	1.14643e-13	9.65309e-18	6.65191e-22	1.90928e-24	5.95089e-28	1.78898e-30	2.7562e-34	3.55388e-37	1.19447e-41	6.49148e-45	8.34183e-50	4.15367e-53	3.52239e-56	5.85978e-56	7.18624e-56	4.54883e-58	3.07559e-61	1.0645e-63	1.61863e-66	9.05696e-67	2.27591e-68	7.46544e-71	6.53801e-73	5.46819e-74	3.25722e-75	
N125	2.96767e-35	2.93367e-28	3.02316e-22	7.63198e-22	1.77944e-17	4.77083e-13	9.83292e-13	7.59752e-13	2.96482e-11	4.4436e-07	0.00194326	0.928345	0.0693934	0.000317572	3.03914e-07	1.01802e-10	1.56066e-14	9.74412e-18	2.03476e-20	1.36567e-21	1.71225e-24	5.27182e-26	3.14511e-29	4.59402e-31	1.75998e-35	5.99559e-38	1.21667e-42	7.5764e-46	1.00375e-50	1.99784e-54	1.67658e-59	1.64964e-63	8.52566e-69	5.24771e-73	1.73022e-78	4.45345e-82	1.05507e-87	1.47972e-90	5.16697e-94	1.57594e-96	3.06127e-99	
Chaafr	0	0	0	0	0	0	0	0	0	0	0	1	0	0	0	0	0	0	0	0	0	0	0	0	0	0	0	0	0	0	0	0	0	0	0	0	0	0	0	0	0	
Chacha	0	0	0	0	0	0	0	0	0	0	0	1	0	0	0	0	0	0	0	0	0	0	0	0	0	0	0	0	0	0	0	0	0	0	0	0	0	0	0	0	0	
N126	4.28691e-35	4.31595e-28	5.02055e-22	9.4948e-22	3.8675e-17	1.86899e-12	2.59729e-12	1.11263e-12	3.19271e-11	4.76134e-07	0.00202695	0.944726	0.0530507	0.000195554	1.62722e-07	4.95391e-11	7.13478e-15	6.11883e-18	1.01459e-20	3.73415e-22	3.60242e-25	6.05539e-27	2.99984e-30	2.29723e-32	9.33859e-37	1.65994e-39	3.58145e-44	1.20428e-47	1.63916e-52	2.01343e-56	1.66442e-61	1.1311e-65	5.65496e-71	2.55685e-75	8.47382e-81	2.35916e-84	5.90748e-90	4.86834e-93	1.11786e-96	1.8172e-99	1.86397e-102	
Chacaly	0	0	0	0	0	0	0	0	0	0	0	1	0	0	0	0	0	0	0	0	0	0	0	0	0	0	0	0	0	0	0	0	0	0	0	0	0	0	0	0	0	
Chazey	0	0	0	0	0	0	0	0	0	0	0	1	0	0	0	0	0	0	0	0	0	0	0	0	0	0	0	0	0	0	0	0	0	0	0	0	0	0	0	0	0	
N127	7.15314e-32	1.85328e-25	5.18419e-20	4.19538e-19	2.32092e-15	7.56068e-12	1.12604e-11	2.03761e-11	7.15722e-10	2.81206e-06	0.00384047	0.639762	0.337383	0.0187852	0.000226278	8.16747e-07	1.09175e-09	6.52353e-13	2.40235e-16	8.45045e-18	3.19907e-20	2.98716e-21	5.12098e-24	2.37242e-25	4.35779e-29	8.14406e-31	6.88441e-35	4.85929e-37	2.52219e-41	6.67276e-44	2.35739e-48	2.39986e-51	5.93091e-56	2.48704e-59	4.21395e-64	8.44159e-68	9.35129e-73	1.22724e-76	2.26718e-80	2.24452e-82	1.5566e-84	
Chadil	0	0	0	0	0	0	0	0	0	0	0	1	0	0	0	0	0	0	0	0	0	0	0	0	0	0	0	0	0	0	0	0	0	0	0	0	0	0	0	0	0	
Chasen	0	0	0	0	0	0	0	0	0	0	0	1	0	0	0	0	0	0	0	0	0	0	0	0	0	0	0	0	0	0	0	0	0	0	0	0	0	0	0	0	0	
Chanam	0	0	0	0	0	0	0	0	0	0	0	1	0	0	0	0	0	0	0	0	0	0	0	0	0	0	0	0	0	0	0	0	0	0	0	0	0	0	0	0	0	
N128	3.90115e-34	6.95043e-30	4.74349e-28	4.1042e-25	5.13057e-24	1.52096e-21	5.68273e-18	1.91951e-15	3.82534e-14	1.35961e-13	9.0553e-13	1.42326e-10	1.30408e-07	0.000104664	0.0174395	0.337376	0.606871	0.0380389	0.000169697	2.37238e-07	1.56445e-10	1.59947e-13	3.2033e-15	3.49957e-13	1.31947e-13	8.8195e-12	9.10286e-13	2.97679e-11	7.2493e-13	1.0509e-11	4.85699e-14	2.4357e-13	1.81502e-16	2.57107e-16	5.14005e-20	5.6792e-21	6.04528e-25	4.0359e-27	2.28355e-31	5.81427e-34	4.40981e-35	
Riebrev	0	0	0	0	0	0	0	0	0	0	0	0	0	0	0	0	0	0	0	0	0	0	0	0	0	0	0	0	0	0	1	0	0	0	0	0	0	0	0	0	0	
N129	9.40601e-37	1.96318e-29	4.49276e-27	3.86204e-21	7.83894e-22	1.46295e-21	1.64097e-16	7.07417e-12	1.98485e-10	3.28019e-12	2.29733e-14	1.63558e-16	2.76643e-13	2.457e-09	8.06565e-06	0.00732497	0.97817	0.0144612	3.60236e-05	2.91207e-08	1.02569e-11	2.10179e-15	3.2795e-19	2.28113e-22	5.63212e-26	3.90705e-29	6.01803e-33	1.98128e-36	1.97653e-40	2.92522e-44	1.65662e-48	1.13297e-52	2.14061e-51	1.92025e-52	8.88559e-55	4.32092e-57	1.22698e-59	3.92848e-62	8.02413e-65	4.42216e-65	1.12078e-63	
N130	4.40542e-47	1.77596e-38	1.70599e-35	2.29084e-28	8.96279e-29	6.41372e-28	9.71386e-22	3.47379e-16	1.64151e-14	9.22331e-18	1.98027e-21	1.28908e-23	9.28934e-19	2.70596e-13	2.52969e-08	0.000530297	0.996568	0.00290118	7.04879e-07	3.95838e-11	7.8383e-16	6.75986e-21	2.86203e-26	3.51622e-31	6.53896e-35	5.40373e-35	7.42765e-37	5.21889e-37	4.65194e-39	2.24014e-39	1.08067e-41	3.69507e-42	6.95727e-45	1.61764e-45	6.95392e-49	1.51683e-50	5.04597e-54	3.8489e-56	9.83775e-60	3.96058e-62	3.65777e-64	
N131	6.47008e-44	1.84104e-37	6.82731e-36	7.85511e-31	1.03518e-31	2.94959e-30	3.60633e-24	1.01504e-18	5.73276e-17	1.53584e-20	5.7552e-24	2.88668e-24	2.74551e-19	1.01509e-13	1.26923e-08	0.000370938	0.99735	0.00227903	3.94671e-07	1.58205e-11	2.28663e-16	1.49009e-21	4.92989e-27	7.89961e-32	1.83674e-35	1.22423e-36	1.68122e-40	4.965e-42	3.62921e-46	5.11242e-48	1.69352e-52	6.24484e-53	1.07251e-51	1.13602e-50	1.7538e-54	8.16739e-56	1.03695e-59	1.15332e-61	1.31547e-65	1.49941e-65	1.3045e-63	
Braset	0	0	0	0	0	0	0	0	0	0	0	0	0	0	0	0	1	0	0	0	0	0	0	0	0	0	0	0	0	0	0	0	0	0	0	0	0	0	0	0	0	
N132	5.37747e-52	8.68881e-44	2.04521e-40	1.01972e-33	1.93143e-33	3.45953e-32	1.3336e-26	1.34864e-21	5.43933e-20	2.45056e-21	6.20237e-22	1.90094e-22	6.94658e-18	9.72098e-13	4.98243e-08	0.000665452	0.997104	0.00223002	5.79084e-07	4.24036e-11	1.26223e-15	1.86219e-20	1.541e-25	1.2807e-29	3.82464e-33	1.13878e-34	1.96644e-38	2.98575e-40	2.99865e-44	2.36349e-46	1.42054e-50	5.69316e-53	1.74874e-57	3.49907e-60	5.07127e-66	1.68434e-70	1.4128e-76	1.64e-81	7.30636e-88	7.66755e-93	2.73859e-96	
N133	6.51799e-55	7.1357e-46	1.26631e-42	4.90571e-35	8.49288e-36	1.81433e-34	9.85459e-28	1.96646e-21	2.89341e-19	5.65326e-21	5.15381e-23	6.40104e-25	8.58902e-20	3.58505e-14	5.49217e-09	0.000220686	0.99926	0.000519303	3.44497e-08	6.83514e-13	5.72169e-18	2.4281e-23	5.89269e-29	1.31091e-33	4.00377e-38	3.78958e-41	6.30721e-46	2.8136e-49	2.48441e-54	5.10768e-58	2.40127e-63	2.10632e-67	4.86335e-73	1.54556e-77	3.30559e-84	2.55944e-90	1.72497e-97	4.13497e-104	7.19626e-112	5.81322e-119	1.62319e-125	
Bramel	0	0	0	0	0	0	0	0	0	0	0	0	0	0	0	0	1	0	0	0	0	0	0	0	0	0	0	0	0	0	0	0	0	0	0	0	0	0	0	0	0	
Bratha	0	0	0	0	0	0	0	0	0	0	0	0	0	0	0	0	1	0	0	0	0	0	0	0	0	0	0	0	0	0	0	0	0	0	0	0	0	0	0	0	0	
N134	5.55105e-54	1.49959e-45	3.52211e-42	3.97687e-35	4.63648e-35	1.52299e-33	2.47379e-27	1.50782e-21	3.24405e-19	4.37293e-20	2.67537e-21	2.22061e-22	9.0298e-18	1.17509e-12	5.628e-08	0.000706106	0.997554	0.00173957	3.84238e-07	2.52139e-11	6.96509e-16	9.78851e-21	7.91573e-26	6.89687e-30	1.04766e-33	7.47051e-36	6.57406e-40	2.40978e-42	1.24109e-46	2.36848e-49	7.40794e-54	7.1421e-57	1.26672e-61	5.7431e-65	8.95746e-71	9.83537e-76	7.75607e-82	4.18097e-87	1.73965e-93	9.22284e-99	8.23094e-103	
Bradra	0	0	0	0	0	0	0	0	0	0	0	0	0	0	0	0	1	0	0	0	0	0	0	0	0	0	0	0	0	0	0	0	0	0	0	0	0	0	0	0	0	
Bratra	0	0	0	0	0	0	0	0	0	0	0	0	0	0	0	0	1	0	0	0	0	0	0	0	0	0	0	0	0	0	0	0	0	0	0	0	0	0	0	0	0	
N135	9.95927e-48	8.53889e-40	6.19138e-37	1.68627e-30	5.10824e-31	3.4835e-30	9.79185e-25	1.28543e-19	1.20268e-17	1.11327e-18	4.93367e-20	2.96608e-21	7.13307e-17	5.50827e-12	1.56843e-07	0.00117327	0.996025	0.00280035	1.01021e-06	1.09013e-10	4.97632e-15	1.16033e-19	1.56749e-24	1.76042e-28	2.93949e-32	1.50604e-34	1.48534e-38	3.9102e-41	2.26699e-45	3.09913e-48	1.10237e-52	7.56996e-56	1.62406e-60	5.03908e-64	1.36894e-69	1.55466e-74	2.01768e-80	1.19011e-85	8.14138e-92	4.47952e-97	2.60105e-101	
Bragut	0	0	0	0	0	0	0	0	0	0	0	0	0	0	0	0	1	0	0	0	0	0	0	0	0	0	0	0	0	0	0	0	0	0	0	0	0	0	0	0	0	
Braven	0	0	0	0	0	0	0	0	0	0	0	0	0	0	0	0	1	0	0	0	0	0	0	0	0	0	0	0	0	0	0	0	0	0	0	0	0	0	0	0	0	
N136	3.54323e-41	9.00033e-34	7.16593e-31	6.02928e-25	6.69308e-25	5.11285e-24	3.44253e-19	6.34867e-15	8.634e-14	2.91684e-16	1.06602e-17	1.96176e-18	1.27356e-14	2.71616e-10	2.11692e-06	0.00428512	0.984757	0.0109408	1.54054e-05	6.36331e-09	1.09334e-12	9.46863e-17	4.69463e-21	1.38232e-24	7.62281e-28	1.26943e-29	4.3146e-33	3.71932e-35	7.48544e-39	3.40139e-41	4.01641e-45	9.61156e-48	5.37857e-52	6.65955e-55	6.27174e-60	4.29755e-64	2.32804e-69	6.82484e-74	2.13674e-79	4.42552e-84	6.75701e-88	
Brapum	0	0	0	0	0	0	0	0	0	0	0	0	0	0	0	0	1	0	0	0	0	0	0	0	0	0	0	0	0	0	0	0	0	0	0	0	0	0	0	0	0	
Bradam	0	0	0	0	0	0	0	0	0	0	0	0	0	0	0	0	1	0	0	0	0	0	0	0	0	0	0	0	0	0	0	0	0	0	0	0	0	0	0	0	0	
