NODE	1	2	3	4	5	6	7	8	9	10	11	12	13	14	15	16	17	18	19	20	21	22	23	24	25	26	27	28	29	
N1	1.26236e-51	3.7131e-48	9.69432e-45	2.09248e-41	3.70218e-38	5.34468e-35	6.29262e-32	6.01554e-29	4.58647e-26	2.74406e-23	1.19052e-20	3.38466e-18	5.79905e-16	5.34534e-14	2.25462e-12	0.113921	0.445374	0.440705	3.73359e-11	3.6418e-12	1.57277e-13	3.5944e-15	4.90805e-17	4.36054e-19	2.68262e-21	1.1978e-23	4.02606e-26	1.04877e-28	2.26818e-31	
N2	1.92277e-52	2.14856e-48	2.58656e-44	2.67827e-40	2.40384e-36	1.85105e-32	1.18184e-28	5.96672e-25	2.26918e-21	6.21377e-18	1.16742e-14	1.42108e-11	1.04281e-08	4.16176e-06	0.000767833	0.0479345	0.328486	0.516689	0.101445	0.00459956	7.28682e-05	5.15163e-07	1.89962e-09	4.06978e-12	5.58114e-15	1.00399e-17	1.41826e-19	6.13261e-21	1.19328e-21	
N3	1.8461e-59	7.22571e-55	2.37762e-50	5.63688e-46	9.39067e-42	1.08673e-37	8.95606e-34	5.54214e-30	2.3366e-26	1.03133e-22	7.55174e-19	3.49246e-15	9.25223e-12	1.25995e-08	7.55099e-06	0.00157526	0.0797279	0.621412	0.281032	0.0160259	0.000217748	1.02172e-06	2.08376e-09	2.15248e-12	1.25444e-15	4.46649e-19	1.03431e-22	1.72398e-26	8.10001e-30	
N4	3.7921e-62	2.58586e-57	1.60243e-52	7.70156e-48	2.82557e-43	7.82821e-39	1.63087e-34	2.54601e-30	2.96404e-26	2.63566e-22	1.61441e-18	6.13886e-15	1.3438e-11	1.53193e-08	7.9037e-06	0.00149991	0.0756087	0.595444	0.305298	0.0217515	0.000387192	2.42602e-06	6.64122e-09	9.19415e-12	7.14699e-15	3.37726e-18	1.22649e-21	1.38058e-24	7.1753e-26	
B3088	0	0	0	0	0	0	0	0	0	0	0	0	0	0	0	0	0	1	0	0	0	0	0	0	0	0	0	0	0	
N5	6.43117e-55	1.04306e-50	1.77881e-46	2.5273e-42	2.92098e-38	2.68702e-34	1.92446e-30	1.04798e-26	4.22428e-23	1.22119e-19	2.43598e-16	3.19458e-13	2.58758e-10	1.19097e-07	2.77285e-05	0.0027505	0.0884086	0.568301	0.310972	0.0287497	0.000781604	8.52642e-06	4.51796e-08	1.32096e-10	2.33297e-13	2.66321e-16	2.21606e-19	3.61058e-22	3.36993e-23	
BGA709	0	0	0	0	0	0	0	0	0	0	0	0	0	0	0	0	0	1	0	0	0	0	0	0	0	0	0	0	0	
BGA309	0	0	0	0	0	0	0	0	0	0	0	0	0	0	0	0	0	1	0	0	0	0	0	0	0	0	0	0	0	
N6	1.46291e-62	8.63946e-58	4.53054e-53	1.87664e-48	6.07614e-44	1.48714e-39	2.58572e-35	2.90269e-31	1.66582e-27	3.10353e-25	2.91758e-21	2.38011e-17	1.16581e-13	3.13271e-10	4.06446e-07	0.000209609	0.031007	0.692755	0.266883	0.0090746	6.97357e-05	1.85895e-07	2.19133e-10	1.33295e-13	4.65011e-17	1.004e-20	1.42289e-24	1.44812e-28	5.66686e-32	
N7	5.85959e-56	4.99521e-52	4.03739e-48	2.59788e-44	1.42528e-40	7.63738e-37	4.57172e-33	3.00639e-29	1.84672e-25	9.11044e-22	3.25393e-18	7.80042e-15	1.18169e-11	1.0439e-08	4.79833e-06	0.000964491	0.0630494	0.727421	0.200059	0.00839615	0.000104849	5.41328e-07	1.39988e-09	2.05395e-12	1.86546e-15	1.11829e-18	4.65156e-22	1.42314e-25	7.669e-29	
B11696	0	0	0	0	0	0	0	0	0	0	0	0	0	0	0	0	0	1	0	0	0	0	0	0	0	0	0	0	0	
B11609	0	0	0	0	0	0	0	0	0	0	0	0	0	0	0	0	0	1	0	0	0	0	0	0	0	0	0	0	0	
N8	3.6055e-74	2.61053e-68	1.37986e-62	5.04894e-57	1.31219e-51	2.47351e-46	3.34061e-41	2.98038e-36	1.22562e-31	1.64613e-29	2.23833e-25	1.00545e-20	2.57937e-16	3.38103e-12	1.94327e-08	3.85363e-05	0.0173326	0.731395	0.246384	0.00483443	1.58813e-05	1.47976e-08	5.28374e-12	8.74529e-16	7.63257e-20	3.8505e-24	1.28577e-28	8.00034e-33	2.7199e-35	
N9	3.5891e-59	4.70303e-56	5.59302e-53	5.50975e-50	4.17287e-47	1.05314e-44	6.72382e-43	4.77931e-39	3.12015e-34	1.96222e-29	1.04518e-24	3.43923e-20	6.51366e-16	6.44932e-12	2.89334e-08	4.68579e-05	0.0183492	0.73528	0.241559	0.00474905	1.6517e-05	1.71721e-08	7.14568e-12	1.42776e-15	1.54817e-19	1.0252e-23	1.41785e-26	1.90219e-29	5.57173e-31	
N10	1.58031e-60	2.62115e-56	4.69858e-52	8.03944e-48	1.38832e-43	2.39668e-39	3.83106e-35	5.15655e-31	5.40864e-27	4.18205e-23	2.27034e-19	8.22076e-16	1.86891e-12	2.45861e-09	1.66649e-06	0.000487367	0.0454219	0.719976	0.226094	0.00794302	7.54661e-05	2.83396e-07	5.19216e-10	5.30362e-13	3.3111e-16	1.35233e-19	4.52884e-23	5.43158e-26	1.74049e-27	
B983	0	0	0	0	0	0	0	0	0	0	0	0	0	0	0	0	0	1	0	0	0	0	0	0	0	0	0	0	0	
B11604	0	0	0	0	0	0	0	0	0	0	0	0	0	0	0	0	0	1	0	0	0	0	0	0	0	0	0	0	0	
N11	9.53422e-59	1.51476e-54	2.11024e-50	2.14816e-46	1.56828e-42	8.31057e-39	3.56853e-35	1.6529e-31	1.05469e-27	8.15199e-24	5.4501e-20	2.44882e-16	6.94481e-13	1.14601e-09	9.79683e-07	0.000362703	0.0425933	0.808258	0.145272	0.00348844	2.39409e-05	6.68377e-08	9.27478e-11	7.27254e-14	3.52153e-17	1.12373e-20	2.48795e-24	4.16657e-28	2.35772e-31	
BGAA1	0	0	0	0	0	0	0	0	0	0	0	0	0	0	0	0	0	1	0	0	0	0	0	0	0	0	0	0	0	
BGA584	0	0	0	0	0	0	0	0	0	0	0	0	0	0	0	0	0	1	0	0	0	0	0	0	0	0	0	0	0	
N12	4.59791e-58	5.69358e-54	6.40273e-50	5.47171e-46	3.65965e-42	2.12622e-38	1.3033e-34	9.64544e-31	7.70133e-27	5.38502e-23	2.80774e-19	9.82385e-16	2.17021e-12	2.7914e-09	1.86231e-06	0.000539532	0.0499325	0.767761	0.176266	0.0054511	4.82298e-05	1.73603e-07	3.1055e-10	3.1384e-13	1.95816e-16	8.0499e-20	2.29845e-23	5.11527e-27	6.03842e-30	
BGA303	0	0	0	0	0	0	0	0	0	0	0	0	0	0	0	0	0	1	0	0	0	0	0	0	0	0	0	0	0	
BGAB1	0	0	0	0	0	0	0	0	0	0	0	0	0	0	0	0	0	1	0	0	0	0	0	0	0	0	0	0	0	
PGA445	0	0	0	0	0	0	0	0	0	0	0	0	0	0	0	0	0	1	0	0	0	0	0	0	0	0	0	0	0	
N13	1.37281e-55	5.13345e-50	1.31553e-44	2.11626e-39	2.05856e-34	1.13905e-29	3.26153e-25	3.90397e-21	2.32634e-18	4.3734e-15	1.46782e-11	1.63509e-08	6.21102e-06	0.000814339	0.0340731	0.358205	0.548005	0.0587715	0.000124453	5.43297e-08	8.54594e-12	6.27954e-16	2.49523e-20	5.87414e-25	8.71556e-30	8.92417e-35	3.92769e-39	4.3891e-43	2.3671e-44	
N14	2.12056e-35	2.26481e-31	2.40958e-27	1.74017e-23	8.05692e-20	2.2573e-16	3.559e-13	2.87829e-10	1.06186e-07	1.55597e-05	0.000802309	0.0145793	0.101538	0.293145	0.364093	0.189274	0.0352878	0.00125949	4.88658e-06	7.40364e-09	5.77677e-12	2.65313e-15	7.7855e-19	1.54506e-22	2.17488e-26	2.93234e-30	1.22416e-32	4.91041e-34	4.6959e-34	
Rhaspe	0	0	0	0	0	0	0	0	0	1	0	0	0	0	0	0	0	0	0	0	0	0	0	0	0	0	0	0	0	
N15	7.82196e-26	2.62587e-24	1.08422e-22	2.49387e-20	3.52477e-17	3.45133e-14	2.02603e-11	6.623e-09	1.09786e-06	8.24741e-05	0.00252279	0.0305148	0.153066	0.334502	0.324133	0.134122	0.020384	0.00066794	4.0783e-06	1.08028e-08	1.58186e-11	1.44396e-14	8.83669e-18	3.83471e-21	1.69928e-24	1.28416e-26	1.72779e-28	2.7833e-30	7.34683e-31	
Rhamar	0	0	0	0	0	0	0	0	0	1	0	0	0	0	0	0	0	0	0	0	0	0	0	0	0	0	0	0	0	
Rhatem	0	0	0	0	0	0	0	0	0	0	1	0	0	0	0	0	0	0	0	0	0	0	0	0	0	0	0	0	0	
N16	8.3471e-65	9.85591e-60	4.63063e-55	3.56719e-49	1.93278e-43	5.6544e-38	8.60113e-33	4.25969e-28	5.06614e-24	2.8326e-19	7.41597e-15	7.00876e-11	1.94119e-07	0.000128573	0.0165287	0.315282	0.599171	0.0686028	0.00028726	1.70176e-07	2.70547e-11	1.6175e-15	4.43288e-20	9.29144e-25	7.04993e-29	1.23433e-31	1.39644e-35	1.1421e-36	1.66413e-37	
N17	6.57989e-59	1.95883e-53	4.23586e-48	6.14097e-43	5.84532e-38	3.52236e-33	1.26963e-28	2.44848e-24	1.3873e-20	6.79166e-18	5.71171e-14	2.27585e-10	3.03095e-07	0.000112587	0.0108454	0.222171	0.617198	0.146472	0.00318772	1.28253e-05	1.55087e-08	7.51557e-12	1.7512e-15	2.22019e-19	1.6748e-23	8.35092e-28	5.33299e-32	5.98132e-35	1.50362e-37	
N18	1.18669e-46	3.13669e-42	7.70755e-38	1.45921e-33	2.07827e-29	2.1649e-25	1.5924e-21	7.90476e-18	2.49221e-14	4.57761e-11	4.28046e-08	1.58931e-05	0.00121274	0.0256725	0.184943	0.450148	0.304277	0.0331532	0.000573746	3.15333e-06	7.57333e-09	9.49812e-12	6.97103e-15	3.24115e-18	1.01234e-21	2.24872e-25	6.58628e-29	1.2343e-31	3.53623e-33	
FGA379	0	0	0	0	0	0	0	0	0	0	0	0	0	0	0	0	1	0	0	0	0	0	0	0	0	0	0	0	0	
N19	4.82309e-41	1.0251e-36	2.00102e-32	2.92489e-28	3.10542e-24	2.30935e-20	1.1484e-16	3.59282e-13	6.50161e-10	6.0175e-07	0.000233628	0.0260476	0.238282	0.439214	0.24466	0.0482092	0.00329187	6.04386e-05	2.88929e-07	5.59438e-10	5.49866e-13	3.13059e-16	1.1259e-19	2.72006e-23	4.62244e-27	5.73244e-31	5.57419e-35	9.08944e-39	5.32613e-41	
N20	9.06655e-47	1.19679e-41	1.26608e-36	9.35235e-32	4.70952e-27	1.56368e-22	3.27378e-18	4.05741e-14	2.7006e-10	8.29301e-07	0.000889715	0.160944	0.540898	0.27429	0.0225122	0.00046288	2.75277e-06	4.7443e-09	2.87646e-12	7.77845e-16	1.08941e-19	8.69087e-24	5.28257e-28	3.13363e-29	1.01437e-30	3.62641e-33	2.29369e-35	4.22484e-36	1.25466e-36	
N21	3.04034e-45	1.05693e-41	2.14485e-38	8.10586e-34	1.36659e-28	1.43295e-23	8.69184e-19	2.8134e-14	4.19629e-10	2.31231e-06	0.00311022	0.377201	0.541563	0.0766031	0.00151446	6.21689e-06	6.46649e-09	1.91835e-12	2.10756e-16	1.06754e-20	2.86737e-25	4.47476e-30	6.04386e-35	1.49461e-36	4.60417e-38	6.9868e-39	1.10696e-40	1.2859e-40	2.35055e-41	
F3015	0	0	0	0	0	0	0	0	0	0	1	0	0	0	0	0	0	0	0	0	0	0	0	0	0	0	0	0	0	
N22	6.03291e-46	7.07854e-43	2.18159e-39	5.82853e-34	1.1447e-28	1.37526e-23	9.43485e-19	3.39719e-14	5.47779e-10	3.13294e-06	0.00410996	0.470452	0.490397	0.0347603	0.000276888	3.99611e-07	1.45466e-10	1.77661e-14	9.40161e-19	2.53899e-23	3.88998e-28	3.75444e-33	1.34929e-37	1.43367e-39	3.79401e-40	1.22735e-39	4.75263e-42	8.94382e-42	2.99311e-43	
N23	5.71299e-48	1.08411e-44	2.99402e-39	6.90519e-34	1.04804e-28	1.00494e-23	5.75235e-19	1.81431e-14	2.77896e-10	1.68723e-06	0.00278937	0.537645	0.442619	0.0168831	6.18065e-05	4.51681e-08	1.06973e-11	1.0873e-15	5.62248e-20	1.64998e-24	3.18038e-29	1.28559e-33	4.48699e-37	4.37692e-39	3.06945e-43	3.91824e-45	8.37754e-50	4.84138e-52	2.98845e-56	
N24	2.37766e-59	1.51577e-52	6.41615e-46	1.70671e-39	2.67035e-33	2.3539e-27	1.11656e-21	2.61735e-16	2.63185e-11	8.78775e-07	0.00553177	0.801005	0.192544	0.000918216	2.88254e-07	1.85963e-11	4.03539e-16	3.73662e-21	1.68107e-26	3.97765e-32	6.3279e-38	2.98335e-42	1.34867e-44	1.57927e-45	4.26618e-48	7.08592e-49	3.86258e-52	2.7895e-53	2.87122e-56	
N25	7.916e-48	4.64125e-44	2.34002e-40	1.55999e-36	7.06819e-31	3.32438e-25	7.49152e-20	7.7712e-15	3.28057e-10	4.52715e-06	0.011681	0.808702	0.178792	0.000819624	2.99802e-07	2.72695e-11	9.44354e-16	1.50706e-20	1.28129e-25	8.98648e-30	1.04154e-33	1.19611e-36	2.6918e-40	3.8918e-40	4.30075e-42	1.24698e-41	7.85256e-45	2.13361e-45	2.64346e-48	
F1476	0	0	0	0	0	0	0	0	0	0	1	0	0	0	0	0	0	0	0	0	0	0	0	0	0	0	0	0	0	
N26	8.94066e-52	3.01086e-47	2.80249e-41	1.67226e-35	6.28282e-30	1.43979e-24	1.91494e-19	1.36283e-14	4.55266e-10	5.65092e-06	0.0158013	0.796657	0.185745	0.00178987	1.32524e-06	2.45291e-10	1.71495e-14	5.60378e-19	1.00284e-23	7.12523e-28	8.80494e-32	8.65686e-34	8.65864e-37	6.12176e-35	2.16054e-37	1.68907e-37	1.75493e-40	1.97852e-41	3.26522e-44	
Furcep	0	0	0	0	0	0	0	0	0	0	0	0	0	1	0	0	0	0	0	0	0	0	0	0	0	0	0	0	0	
N27	8.08899e-44	6.57215e-42	1.18548e-36	2.21084e-31	2.63519e-26	1.93171e-21	8.21937e-17	1.86061e-12	1.95532e-08	7.5455e-05	0.0652291	0.816222	0.117781	0.000691826	5.52025e-07	1.40579e-10	1.57213e-14	9.16581e-19	3.10017e-23	7.89347e-28	1.03153e-31	6.45872e-35	5.88579e-38	2.11779e-39	1.38752e-43	2.83442e-45	4.83671e-50	2.19221e-52	6.5716e-57	
Furpol	0	0	0	0	0	0	0	0	0	0	0	1	0	0	0	0	0	0	0	0	0	0	0	0	0	0	0	0	0	
N28	2.08207e-42	2.62576e-37	2.62209e-32	1.83945e-27	8.68188e-23	2.60598e-18	4.60968e-14	4.31036e-10	1.80291e-06	0.00252321	0.620092	0.366959	0.0103988	2.45548e-05	1.61417e-08	4.34774e-12	5.87644e-16	4.52188e-20	2.1597e-24	6.84174e-29	1.58417e-33	1.67943e-37	9.43515e-41	5.65421e-43	5.03372e-47	1.45109e-49	4.42269e-54	2.80752e-57	1.05044e-61	
N29	8.36921e-43	1.33761e-37	1.65849e-32	1.4307e-27	8.21116e-23	2.95538e-18	6.15114e-14	6.58271e-10	3.01327e-06	0.00425147	0.872971	0.121972	0.000801329	8.58287e-07	3.0066e-10	4.67017e-14	3.81897e-18	1.83572e-22	5.60113e-27	1.17311e-31	2.70561e-36	6.08231e-39	8.36337e-43	3.37173e-45	1.12285e-49	1.37862e-52	2.45781e-57	8.98365e-61	1.9168e-65	
F2241	0	0	0	0	0	0	0	0	0	0	1	0	0	0	0	0	0	0	0	0	0	0	0	0	0	0	0	0	0	
Furang	0	0	0	0	0	0	0	0	0	0	1	0	0	0	0	0	0	0	0	0	0	0	0	0	0	0	0	0	0	
FGA490	0	0	0	0	0	0	0	0	0	0	1	0	0	0	0	0	0	0	0	0	0	0	0	0	0	0	0	0	0	
N30	1.4025e-51	1.15393e-45	7.00554e-40	2.91303e-34	7.98468e-29	1.37023e-23	1.37207e-18	7.24599e-14	1.72407e-09	1.41759e-05	0.0232845	0.910066	0.0665223	0.000113185	3.52712e-08	3.60473e-12	1.60657e-16	3.69081e-21	4.87331e-26	4.13978e-31	3.69677e-36	7.35663e-40	1.5098e-43	4.63943e-46	1.04929e-50	1.52888e-53	9.13174e-59	1.94518e-62	1.33244e-67	
N31	1.8441e-49	6.77431e-44	1.99983e-38	4.38175e-33	6.9618e-28	7.55252e-23	5.06485e-18	1.88949e-13	3.22371e-09	1.93702e-05	0.0239374	0.923419	0.0525179	0.000106098	4.02454e-08	5.14508e-12	2.94105e-16	8.85843e-21	1.56938e-25	2.68433e-30	1.76734e-34	1.15825e-36	1.73193e-40	1.33977e-42	2.16178e-47	4.35585e-50	3.39856e-55	1.08877e-58	9.85077e-64	
N32	1.5451e-56	2.98004e-50	4.24127e-44	4.21891e-38	2.83066e-32	1.21306e-26	3.07949e-21	4.25999e-16	2.7166e-11	6.32016e-07	0.00336458	0.926737	0.0696386	0.000258854	7.13598e-08	5.11633e-12	1.42585e-16	1.90283e-21	1.39093e-26	1.87958e-31	1.62227e-35	7.8923e-38	1.87643e-42	4.39028e-42	9.7707e-44	8.00979e-45	3.42832e-48	7.75194e-50	4.6741e-53	
N33	2.94702e-50	1.75025e-46	1.01761e-40	3.86731e-35	9.39221e-30	1.41151e-24	1.24849e-19	6.02421e-15	1.40849e-10	1.31043e-06	0.00333541	0.949341	0.0472116	0.00011058	4.55045e-08	6.16437e-12	3.68134e-16	1.13889e-20	2.02947e-25	4.615e-30	5.08427e-34	1.76152e-36	5.70705e-40	1.00336e-41	1.81452e-46	1.01658e-48	8.01983e-54	8.08997e-57	8.82014e-62	
N34	5.59112e-49	1.56067e-43	3.40022e-38	5.27929e-33	5.64245e-28	3.97141e-23	1.73595e-18	4.34563e-14	5.52908e-10	2.95781e-06	0.00470671	0.973043	0.0222035	4.3264e-05	2.15005e-08	4.1466e-12	3.8724e-16	2.00537e-20	6.30808e-25	1.33307e-29	2.97628e-34	5.62602e-37	2.8838e-40	1.74667e-42	5.64166e-47	8.03016e-50	1.36139e-54	5.09783e-58	9.9304e-63	
FGA456	0	0	0	0	0	0	0	0	0	0	0	1	0	0	0	0	0	0	0	0	0	0	0	0	0	0	0	0	0	
FGA513	0	0	0	0	0	0	0	0	0	0	0	1	0	0	0	0	0	0	0	0	0	0	0	0	0	0	0	0	0	
F12278	0	0	0	0	0	0	0	0	0	0	0	1	0	0	0	0	0	0	0	0	0	0	0	0	0	0	0	0	0	
N35	1.2705e-48	1.91921e-43	2.55216e-38	2.70058e-33	2.17122e-28	1.24451e-23	4.72302e-19	1.09033e-14	1.37475e-10	8.05538e-07	0.0016688	0.657684	0.32057	0.0200444	3.18588e-05	1.436e-08	2.74611e-12	2.71378e-16	1.56371e-20	6.18611e-25	4.71122e-29	4.48477e-31	3.73266e-34	3.16367e-36	1.4764e-40	1.261e-43	3.06352e-48	1.39826e-51	3.72792e-56	
Furant	0	0	0	0	0	0	0	0	0	0	0	1	0	0	0	0	0	0	0	0	0	0	0	0	0	0	0	0	0	
FGA331	0	0	0	0	0	0	0	0	0	0	0	0	0	1	0	0	0	0	0	0	0	0	0	0	0	0	0	0	0	
FGA465	0	0	0	0	0	0	0	0	0	0	1	0	0	0	0	0	0	0	0	0	0	0	0	0	0	0	0	0	0	
N36	1.88814e-44	3.53121e-39	5.13927e-34	5.20789e-29	3.52665e-24	1.51162e-19	3.80884e-15	5.07172e-11	3.02831e-07	0.000609961	0.223215	0.76181	0.0143384	2.63066e-05	1.33301e-08	2.7377e-12	2.79484e-16	1.61011e-20	5.70687e-25	1.33922e-29	2.49474e-34	1.20854e-37	5.9683e-41	2.51033e-43	1.069e-47	1.355e-50	2.65158e-55	7.63528e-59	1.56139e-63	
FGA99	0	0	0	0	0	0	0	0	0	0	1	0	0	0	0	0	0	0	0	0	0	0	0	0	0	0	0	0	0	
N37	4.81381e-44	8.0556e-39	1.05438e-33	9.66314e-29	5.94975e-24	2.33118e-19	5.39845e-15	6.64763e-11	3.69909e-07	0.000702208	0.247853	0.743205	0.00822654	1.28324e-05	6.05137e-09	1.20586e-12	1.22505e-16	7.15278e-21	2.61057e-25	8.25313e-30	1.42522e-33	2.23552e-35	3.55761e-39	3.78685e-41	1.2644e-45	2.59528e-48	5.23243e-53	3.645e-56	9.57834e-61	
FGA15	0	0	0	0	0	0	0	0	0	0	1	0	0	0	0	0	0	0	0	0	0	0	0	0	0	0	0	0	0	
FGA581	0	0	0	0	0	0	0	0	0	0	0	1	0	0	0	0	0	0	0	0	0	0	0	0	0	0	0	0	0	
FGA104	0	0	0	0	0	0	0	0	0	0	0	0	1	0	0	0	0	0	0	0	0	0	0	0	0	0	0	0	0	
FGA489	0	0	0	0	0	0	0	0	0	0	1	0	0	0	0	0	0	0	0	0	0	0	0	0	0	0	0	0	0	
FGA174	0	0	0	0	0	0	0	0	0	0	0	0	0	1	0	0	0	0	0	0	0	0	0	0	0	0	0	0	0	
FurbGB	0	0	0	0	0	0	0	0	0	0	0	1	0	0	0	0	0	0	0	0	0	0	0	0	0	0	0	0	0	
N38	1.02625e-54	1.07824e-51	7.16732e-49	1.04471e-45	5.7761e-41	2.51985e-36	7.3733e-32	1.47782e-27	2.13562e-23	2.84946e-19	2.524e-15	1.16829e-11	2.40962e-08	1.75857e-05	0.00347103	0.13322	0.61456	0.239333	0.00932598	7.22351e-05	1.74089e-07	1.70789e-10	8.10569e-14	2.58005e-17	1.65014e-20	1.76242e-22	3.79505e-25	2.70824e-26	8.68789e-28	
N39	6.57509e-57	1.92148e-52	6.02036e-48	1.7054e-43	4.2229e-39	8.69986e-35	1.41383e-30	1.7233e-26	1.50256e-22	8.92787e-19	3.41164e-15	7.79956e-12	9.67617e-09	5.65677e-06	0.00125102	0.0718877	0.558059	0.343485	0.0248992	0.000410053	2.3128e-06	5.71738e-09	7.26338e-12	5.29462e-15	2.42399e-18	1.11659e-21	2.69759e-24	4.29809e-26	2.70136e-27	
N40	7.4269e-58	3.3541e-53	1.44655e-48	4.9923e-44	1.31282e-39	2.45635e-35	2.98806e-31	1.9669e-27	5.75991e-25	5.69307e-21	4.82692e-17	2.48889e-13	7.12482e-10	9.90009e-07	0.000537256	0.0750569	0.668198	0.248072	0.00807632	5.82167e-05	1.45242e-07	1.61069e-10	9.28689e-14	3.09517e-17	6.43166e-21	8.81625e-25	8.35709e-29	6.38519e-33	3.16427e-36	
CGA312	0	0	0	0	0	0	0	0	0	0	0	0	0	0	0	0	0	1	0	0	0	0	0	0	0	0	0	0	0	
N41	5.39383e-72	4.69036e-66	2.85488e-60	1.13896e-54	2.95592e-49	4.99294e-44	5.55402e-39	3.16071e-34	4.54415e-31	7.40554e-26	7.75323e-21	4.44198e-16	1.24361e-11	1.40982e-07	0.000446838	0.10711	0.736405	0.154656	0.00138118	1.6982e-06	5.4939e-10	6.53507e-14	3.4768e-18	9.36027e-23	1.38166e-27	1.1808e-32	2.11828e-37	1.26587e-37	2.97249e-37	
N42	3.27367e-71	4.55225e-65	6.1885e-59	5.13699e-54	1.59658e-49	6.28975e-46	1.07833e-42	2.66218e-37	2.64833e-33	5.96648e-29	8.24315e-23	5.03848e-17	1.14295e-11	6.7382e-07	0.0027494	0.242548	0.736007	0.0186851	9.77493e-06	5.63872e-10	8.21833e-15	4.37394e-20	1.02075e-25	1.15302e-31	6.70587e-38	1.47518e-43	2.59919e-42	2.25406e-42	2.82135e-41	
N43	9.48386e-64	9.47632e-60	7.82973e-56	5.18281e-52	2.78562e-48	1.18585e-44	3.73269e-41	6.51627e-37	7.04662e-33	4.13756e-27	1.47787e-21	2.44769e-16	1.715e-11	4.04002e-07	0.00183077	0.23157	0.748684	0.0178999	1.43879e-05	2.05241e-09	9.1333e-14	1.63948e-18	1.35012e-23	1.15977e-27	4.10433e-31	2.73696e-34	3.86803e-38	3.66584e-40	7.00041e-39	
N44	1.4537e-66	5.283e-61	1.38527e-55	2.40254e-50	2.72177e-45	1.99832e-40	9.64583e-36	2.96865e-31	4.0081e-28	1.88668e-25	1.00573e-20	3.21204e-16	5.42106e-12	4.14619e-08	0.000110763	0.0603828	0.852626	0.0866466	0.000233247	1.43144e-07	3.24898e-11	3.46164e-15	1.99474e-19	6.8207e-24	1.47821e-28	2.2107e-33	3.99027e-38	1.60459e-41	4.8892e-41	
CGA642	0	0	0	0	0	0	0	0	0	0	0	0	0	0	0	0	1	0	0	0	0	0	0	0	0	0	0	0	0	
N45	1.71458e-58	3.35251e-55	5.44675e-52	5.57436e-49	5.09834e-47	2.74451e-45	1.33836e-40	8.22769e-36	3.42672e-31	5.50681e-27	5.27964e-22	3.07397e-17	9.5058e-13	1.33944e-08	6.62067e-05	0.0665653	0.82919	0.103979	0.00019898	8.1822e-08	1.20359e-11	8.13005e-16	2.92732e-20	6.49839e-25	1.13403e-28	1.53477e-31	4.54336e-35	1.99859e-38	5.89771e-40	
CGA763	0	0	0	0	0	0	0	0	0	0	0	0	0	0	0	1	0	0	0	0	0	0	0	0	0	0	0	0	0	
C601	0	0	0	0	0	0	0	0	0	0	0	0	0	0	0	0	0	1	0	0	0	0	0	0	0	0	0	0	0	
N46	1.5022e-58	5.70892e-55	1.92628e-51	3.90362e-48	8.6368e-46	2.12562e-44	1.95736e-39	3.39845e-34	6.53847e-29	8.70001e-24	6.55418e-19	2.54262e-14	4.38013e-10	2.59819e-06	0.00319843	0.249142	0.730419	0.0172119	2.6603e-05	9.33502e-09	1.1696e-12	6.6364e-17	1.96714e-21	7.18314e-26	1.0492e-28	1.85596e-31	6.80392e-35	3.63209e-38	1.3551e-39	
CGA236	0	0	0	0	0	0	0	0	0	0	0	0	0	0	0	0	1	0	0	0	0	0	0	0	0	0	0	0	0	
N47	3.31879e-64	8.89094e-59	2.10757e-53	3.99147e-48	5.90989e-43	6.62985e-38	5.42325e-33	3.0981e-28	1.17917e-23	2.8099e-19	3.87517e-15	2.77243e-11	8.71724e-08	9.16704e-05	0.0196766	0.348401	0.615854	0.0159298	4.67278e-05	3.81362e-08	1.26342e-11	2.08537e-15	1.94829e-19	1.16123e-23	3.79041e-27	1.13318e-29	8.81833e-33	1.43406e-35	5.88573e-37	
N48	1.78542e-55	1.03529e-50	5.18535e-46	1.94709e-41	5.28957e-37	1.00117e-32	1.28151e-28	1.1342e-24	8.1296e-21	6.13993e-17	4.15891e-13	1.53567e-09	2.59022e-06	0.0014121	0.0495368	0.382185	0.516725	0.0498956	0.000242662	3.43721e-07	2.10209e-10	6.73975e-14	1.27499e-17	1.54371e-21	1.30813e-25	1.76702e-29	9.00956e-33	3.82004e-35	3.65279e-37	
Calboe	0	0	0	0	0	0	0	0	0	0	0	0	0	1	0	0	0	0	0	0	0	0	0	0	0	0	0	0	0	
C3125	0	0	0	0	0	0	0	0	0	0	0	0	0	0	0	0	0	1	0	0	0	0	0	0	0	0	0	0	0	
CGA429	0	0	0	0	0	0	0	0	0	0	0	0	0	0	1	0	0	0	0	0	0	0	0	0	0	0	0	0	0	
N49	1.45594e-53	9.04183e-50	4.51106e-46	1.63241e-42	1.49098e-39	4.29252e-38	4.60423e-35	5.45476e-30	1.0113e-24	1.03769e-19	5.34996e-15	1.21368e-10	9.5942e-07	0.00165588	0.165778	0.58396	0.246435	0.00216938	9.46291e-07	1.2064e-10	6.53821e-15	1.80803e-19	2.83181e-24	2.70909e-29	1.98254e-33	1.57289e-36	7.56104e-38	4.52736e-39	8.81996e-39	
C984	0	0	0	0	0	0	0	0	0	0	0	0	0	1	0	0	0	0	0	0	0	0	0	0	0	0	0	0	0	
N50	1.5796e-49	2.388e-46	3.35152e-43	3.20931e-40	3.62836e-38	7.69214e-36	7.32108e-31	4.68307e-26	1.86268e-21	4.34314e-17	5.45487e-13	3.24533e-09	7.40626e-06	0.00438137	0.260786	0.583068	0.150757	0.00099911	8.76991e-07	2.6697e-10	3.80677e-14	2.96461e-18	1.38387e-22	6.0435e-27	1.10547e-29	3.44455e-32	2.61136e-35	2.79387e-38	1.80088e-39	
CGA310	0	0	0	0	0	0	0	0	0	0	0	0	0	0	1	0	0	0	0	0	0	0	0	0	0	0	0	0	0	
N51	2.02642e-53	1.44102e-48	9.32841e-44	4.82464e-39	1.93362e-34	5.81413e-30	1.26562e-25	1.91385e-21	1.91302e-17	1.18258e-13	4.13372e-10	7.15997e-07	0.000495208	0.0889602	0.701326	0.201059	0.00812058	3.77282e-05	5.65622e-08	3.80898e-11	1.3719e-14	2.94967e-18	4.08457e-22	3.85502e-26	2.63371e-30	2.19347e-34	7.58497e-38	2.81172e-40	1.97437e-42	
CGA365	0	0	0	0	0	0	0	0	0	0	0	0	0	0	1	0	0	0	0	0	0	0	0	0	0	0	0	0	0	
CGA494	0	0	0	0	0	0	0	0	0	0	0	0	0	1	0	0	0	0	0	0	0	0	0	0	0	0	0	0	0	
N52	1.54233e-65	3.48199e-60	5.79504e-55	6.42875e-50	4.65556e-45	2.13448e-40	6.00532e-36	9.58618e-32	4.06592e-29	4.41676e-25	1.62804e-20	3.67175e-16	4.52859e-12	2.65599e-08	5.82981e-05	0.0293133	0.496819	0.450053	0.0236774	7.89273e-05	6.82532e-08	2.31584e-11	3.80698e-15	3.44584e-19	1.87565e-23	7.19912e-28	5.22842e-32	5.80274e-35	7.0762e-35	
N53	3.56034e-57	5.18733e-54	6.51405e-51	6.19144e-48	3.37173e-45	7.02286e-43	5.89461e-40	3.7573e-35	2.76861e-30	2.02751e-25	1.07744e-20	3.33939e-16	5.4496e-12	4.00024e-08	0.000100242	0.0471261	0.529223	0.41343	0.0101026	1.85164e-05	9.0086e-09	1.74391e-12	1.65757e-16	8.80043e-21	2.84917e-25	6.98356e-30	4.99116e-33	2.51648e-36	2.73673e-38	
C12265	0	0	0	0	0	0	0	0	0	0	0	0	0	0	0	0	0	1	0	0	0	0	0	0	0	0	0	0	0	
N54	1.47874e-74	2.16877e-67	6.65089e-60	9.31177e-54	7.23767e-48	3.41254e-42	9.43055e-37	1.42383e-31	5.41535e-30	3.81243e-25	6.64345e-20	5.98005e-15	2.49334e-10	3.99759e-06	0.0157422	0.913427	0.0701412	0.000684652	4.68173e-07	6.53162e-11	3.26364e-15	7.33016e-20	8.33318e-25	5.22211e-30	1.31061e-34	7.33357e-38	7.04057e-41	4.23915e-43	4.10172e-44	
C404	0	0	0	0	0	0	0	0	0	0	0	0	0	0	1	0	0	0	0	0	0	0	0	0	0	0	0	0	0	
N55	9.35814e-60	2.9291e-56	7.41904e-53	1.38505e-49	1.81963e-46	1.59653e-43	1.11613e-40	2.59039e-36	2.9627e-31	1.10184e-25	2.24359e-20	2.3319e-15	1.11254e-10	1.991e-06	0.00815381	0.946124	0.0455344	0.000185526	6.23189e-08	5.41591e-12	1.86455e-16	3.13978e-21	2.88397e-26	2.73173e-31	3.81202e-35	2.40817e-38	6.2327e-42	1.41298e-45	2.02436e-47	
Cl11778	0	0	0	0	0	0	0	0	0	0	0	0	0	0	0	1	0	0	0	0	0	0	0	0	0	0	0	0	0	
CGA48	0	0	0	0	0	0	0	0	0	0	0	0	0	0	0	1	0	0	0	0	0	0	0	0	0	0	0	0	0	
C3126	0	0	0	0	0	0	0	0	0	0	0	0	0	0	0	0	0	0	1	0	0	0	0	0	0	0	0	0	0	
N56	1.31393e-61	1.32e-56	1.06383e-51	6.10538e-47	2.61276e-42	8.70417e-38	2.22358e-33	3.92744e-29	3.65338e-25	5.68414e-24	2.04536e-21	2.07725e-17	1.30791e-13	4.37716e-10	6.67592e-07	0.000369842	0.0503904	0.793886	0.153306	0.00204066	6.55045e-06	7.81798e-09	4.3614e-12	1.31012e-15	2.33013e-19	2.62437e-23	1.97e-27	1.08704e-31	1.50415e-35	
CGA311	0	0	0	0	0	0	0	0	0	0	0	0	0	0	0	0	0	1	0	0	0	0	0	0	0	0	0	0	0	
N57	9.7091e-61	1.65415e-57	2.48404e-54	2.78063e-51	1.69975e-48	5.87357e-46	1.74728e-41	6.89528e-37	1.41984e-32	7.6067e-29	3.98516e-24	1.32039e-19	2.47596e-15	2.34933e-11	9.57447e-08	0.000129296	0.0365307	0.800455	0.161163	0.00171878	3.68422e-06	2.5814e-09	7.67368e-13	1.1395e-16	9.45421e-21	4.8772e-25	1.07004e-28	4.68619e-32	1.26835e-33	
N58	8.03285e-74	4.96094e-68	2.31097e-62	7.84012e-57	1.99712e-51	3.83033e-46	5.27548e-41	4.72816e-36	2.13629e-31	1.48093e-29	2.84942e-25	1.48532e-20	4.50414e-16	7.09593e-12	4.95895e-08	0.000118343	0.0571884	0.888434	0.0540611	0.000198063	1.59902e-07	4.55638e-11	5.86569e-15	3.96535e-19	1.55535e-23	3.80101e-28	8.16635e-33	1.06101e-36	2.5347e-39	
CGA45	0	0	0	0	0	0	0	0	0	0	0	0	0	0	0	0	1	0	0	0	0	0	0	0	0	0	0	0	0	
N59	2.9303e-58	2.88922e-55	2.49634e-52	1.63841e-49	5.4331e-47	3.39286e-45	4.3198e-43	9.95234e-39	2.47001e-34	1.07962e-29	6.43724e-25	2.44049e-20	5.48483e-16	6.67141e-12	3.81555e-08	8.08658e-05	0.0395174	0.911539	0.0486678	0.00019442	1.86603e-07	6.68387e-11	1.1264e-14	1.02781e-18	5.64313e-23	5.16099e-27	2.89984e-29	1.77013e-32	4.78178e-34	
C3043	0	0	0	0	0	0	0	0	0	0	0	0	0	0	0	0	0	1	0	0	0	0	0	0	0	0	0	0	0	
CGA364	0	0	0	0	0	0	0	0	0	0	0	0	0	0	0	0	0	1	0	0	0	0	0	0	0	0	0	0	0	
C2208	0	0	0	0	0	0	0	0	0	0	0	0	0	0	0	0	0	0	1	0	0	0	0	0	0	0	0	0	0	
N60	2.70233e-54	3.75715e-50	4.61648e-46	4.06665e-42	2.47812e-38	1.01102e-34	2.74866e-31	5.36087e-28	7.73676e-25	1.01663e-21	4.65764e-18	1.39346e-14	2.5058e-11	2.46434e-08	1.15886e-05	0.0021277	0.109457	0.831508	0.0561445	0.000747175	3.4778e-06	7.39251e-09	8.39756e-12	5.65775e-15	2.43497e-18	7.07634e-22	1.45033e-25	2.19632e-29	3.52631e-33	
N61	1.1867e-68	2.55731e-63	4.26771e-58	4.97098e-53	3.87621e-48	1.9123e-43	5.514e-39	8.19443e-35	3.21872e-31	4.6487e-29	2.40942e-24	8.70336e-20	1.84587e-15	2.07082e-11	1.0549e-07	0.000189648	0.0729985	0.910058	0.0167132	4.0517e-05	2.81203e-08	7.8835e-12	1.08469e-15	8.29667e-20	3.84513e-24	1.15085e-28	2.55649e-33	1.13611e-37	1.92484e-40	
CGA453	0	0	0	0	0	0	0	0	0	0	0	0	0	0	0	0	0	1	0	0	0	0	0	0	0	0	0	0	0	
N62	2.53138e-75	1.49021e-69	6.58615e-64	2.01055e-58	4.07403e-53	5.19159e-48	3.85857e-43	1.45895e-38	8.13021e-35	8.9036e-32	9.86065e-27	9.49846e-22	5.44769e-17	1.67974e-12	2.38968e-08	0.000121193	0.127819	0.867692	0.00436444	3.09718e-06	6.60283e-10	5.89865e-14	2.66368e-18	6.85299e-23	1.09194e-27	1.29225e-32	5.32719e-36	6.41326e-40	2.20787e-42	
CGA501	0	0	0	0	0	0	0	0	0	0	0	0	0	0	0	0	0	1	0	0	0	0	0	0	0	0	0	0	0	
C3121	0	0	0	0	0	0	0	0	0	0	0	0	0	0	0	0	1	0	0	0	0	0	0	0	0	0	0	0	0	
N63	1.72146e-72	1.3544e-66	8.00625e-61	3.27126e-55	8.8903e-50	1.52205e-44	1.5141e-39	7.68738e-35	1.49632e-30	4.60442e-32	3.17095e-30	3.66414e-25	3.4697e-20	2.01402e-15	5.76943e-11	6.73497e-07	0.00226759	0.994432	0.00329829	1.5168e-06	2.10089e-10	1.22158e-14	3.58048e-19	5.9312e-24	5.99818e-29	3.91172e-34	1.73286e-39	6.87338e-45	3.53682e-49	
Calparcri	0	0	0	0	0	0	0	0	0	0	0	0	0	0	0	0	0	1	0	0	0	0	0	0	0	0	0	0	0	
C3118	0	0	0	0	0	0	0	0	0	0	0	0	0	0	0	0	0	1	0	0	0	0	0	0	0	0	0	0	0	
N64	6.20134e-57	3.05708e-53	1.27563e-49	4.23826e-46	1.12929e-42	3.60179e-39	3.72145e-34	6.9447e-29	7.44285e-24	4.13011e-19	1.01996e-14	9.14003e-11	2.26013e-07	0.000134862	0.0164514	0.310835	0.599078	0.0730292	0.000470756	5.02692e-07	1.52356e-10	1.7489e-14	8.93039e-19	4.18457e-23	2.84664e-26	6.36857e-29	4.03613e-32	4.62996e-35	8.88849e-36	
N65	1.36369e-57	6.7694e-53	3.03043e-48	1.08527e-43	3.0823e-39	6.87916e-35	1.19013e-30	1.55359e-26	1.46626e-22	9.55162e-19	3.94619e-15	9.42292e-12	1.17471e-08	6.6173e-06	0.00135005	0.068817	0.488197	0.402644	0.0382217	0.000759031	4.75533e-06	1.2186e-08	1.51631e-11	1.03315e-14	4.23166e-18	1.33702e-21	1.30563e-24	2.24006e-26	3.73107e-28	
N66	8.78281e-55	2.83652e-50	8.61646e-46	2.17029e-41	4.55014e-37	7.80006e-33	1.04555e-28	1.03047e-24	6.98092e-21	3.02974e-17	7.75754e-14	1.05927e-10	6.85444e-08	1.8844e-05	0.00194267	0.0621476	0.447104	0.449054	0.0390343	0.00069448	4.02071e-06	9.88552e-09	1.2218e-11	8.51695e-15	3.63832e-18	1.01432e-21	1.96847e-25	4.32128e-29	1.97659e-31	
N67	7.63139e-51	2.62935e-46	7.78841e-42	1.69197e-37	2.6239e-33	2.84201e-29	2.15668e-25	1.21816e-21	5.544e-18	1.99732e-14	4.41067e-11	4.01508e-08	7.65795e-06	0.000526284	0.0145158	0.1528	0.501917	0.317764	0.0123727	9.67051e-05	2.57708e-07	3.07755e-10	1.94013e-13	7.19638e-17	1.69614e-20	2.69148e-24	3.12793e-28	5.28911e-32	3.83734e-34	
N68	8.81064e-58	4.18771e-53	1.74611e-48	5.65615e-44	1.44991e-39	2.89956e-35	4.19616e-31	3.83994e-27	1.55654e-23	5.56612e-21	3.417e-17	1.26253e-13	2.37659e-10	2.03512e-07	6.90938e-05	0.00766856	0.204105	0.730464	0.0570175	0.000673097	2.31119e-06	3.18782e-09	2.13935e-12	7.92655e-16	1.77394e-19	2.6654e-23	5.027e-27	2.24475e-29	1.17364e-31	
Triowe	0	0	0	0	0	0	0	0	0	0	0	0	0	0	0	0	0	1	0	0	0	0	0	0	0	0	0	0	0	
N69	3.57234e-61	1.10506e-56	3.0437e-52	6.47896e-48	1.14499e-43	1.92169e-39	3.45694e-35	6.44462e-31	1.05279e-26	1.29323e-22	1.06948e-18	5.44456e-15	1.57072e-11	2.29364e-08	1.44183e-05	0.00305382	0.146491	0.780118	0.0694082	0.000910956	3.47818e-06	5.37282e-09	4.07393e-12	1.72044e-15	4.4293e-19	8.2829e-23	1.00287e-25	2.66519e-28	1.5136e-29	
Trijoh	0	0	0	0	0	0	0	0	0	0	0	0	0	0	0	0	0	1	0	0	0	0	0	0	0	0	0	0	0	
Trimel	0	0	0	0	0	0	0	0	0	0	0	0	0	0	0	0	0	1	0	0	0	0	0	0	0	0	0	0	0	
N70	3.47134e-44	2.13634e-39	1.11724e-34	4.33127e-30	1.20953e-25	2.34594e-21	3.01304e-17	2.40236e-13	1.08345e-09	2.3963e-06	0.00202558	0.374864	0.488711	0.123654	0.0103867	0.000351527	5.02564e-06	2.79978e-08	4.54171e-11	2.99744e-14	1.00353e-17	1.94363e-21	2.37146e-25	1.93438e-29	1.10188e-33	4.53136e-38	1.38181e-42	3.24936e-47	1.28088e-51	
N71	3.96672e-45	4.24045e-40	3.67093e-35	2.28565e-30	9.88992e-26	2.84612e-21	5.14119e-17	5.38584e-13	2.91951e-09	6.86167e-06	0.00513364	0.62109	0.346055	0.0271525	0.000558175	3.88921e-06	1.02769e-08	1.06152e-11	4.3373e-15	8.56835e-19	9.46184e-23	6.44072e-27	2.89525e-31	9.16017e-36	2.3932e-40	2.17603e-43	3.73853e-47	2.6707e-49	2.8683e-52	
Trihoe	0	0	0	0	0	0	0	0	0	0	0	1	0	0	0	0	0	0	0	0	0	0	0	0	0	0	0	0	0	
Tribit	0	0	0	0	0	0	0	0	0	0	0	1	0	0	0	0	0	0	0	0	0	0	0	0	0	0	0	0	0	
Trijac	0	0	0	0	0	0	0	0	0	0	0	1	0	0	0	0	0	0	0	0	0	0	0	0	0	0	0	0	0	
N72	2.40695e-56	4.62557e-52	8.15139e-48	1.1328e-43	1.27338e-39	1.16682e-35	8.27158e-32	4.04001e-28	1.0682e-24	1.25344e-21	6.05409e-18	1.8922e-14	3.48765e-11	3.43331e-08	1.56727e-05	0.00267777	0.120702	0.772962	0.10143	0.00219766	1.46224e-05	4.05621e-08	5.62702e-11	4.40308e-14	2.11632e-17	6.65878e-21	1.4479e-24	2.71946e-28	3.87498e-31	
Tricri	0	0	0	0	0	0	0	0	0	0	0	0	0	0	0	0	0	1	0	0	0	0	0	0	0	0	0	0	0	
N73	1.96783e-61	5.56685e-57	1.35482e-52	2.40507e-48	3.108e-44	3.07733e-40	2.7646e-36	2.9155e-32	3.77094e-28	4.77467e-24	4.60518e-20	2.8593e-16	1.06336e-12	2.15116e-09	2.05981e-06	0.000751938	0.0718978	0.831438	0.0944058	0.00149798	6.78895e-06	1.23387e-08	1.09535e-11	5.39992e-15	1.61742e-18	3.15112e-22	4.86068e-26	2.11611e-29	3.89718e-31	
Triwie	0	0	0	0	0	0	0	0	0	0	0	0	0	0	0	0	0	1	0	0	0	0	0	0	0	0	0	0	0	
Triqua	0	0	0	0	0	0	0	0	0	0	0	0	0	0	0	0	0	1	0	0	0	0	0	0	0	0	0	0	0	
N74	3.22249e-51	3.98685e-47	5.11766e-43	5.45431e-39	4.71569e-35	3.22973e-31	1.70856e-27	6.79201e-24	1.9671e-20	4.00276e-17	5.47218e-14	4.74806e-11	2.4254e-08	6.57057e-06	0.000808866	0.0352369	0.3451	0.504365	0.108474	0.00589267	0.000115381	1.01813e-06	4.69534e-09	1.25566e-11	2.10318e-14	2.40363e-17	3.46822e-20	5.7326e-22	7.11753e-23	
N75	5.38001e-51	2.38601e-47	1.08577e-43	4.2314e-40	1.55542e-36	5.97233e-33	2.42274e-29	9.34511e-26	2.99232e-22	7.21163e-19	1.21751e-15	1.35162e-12	9.25005e-10	3.58017e-07	6.94312e-05	0.00563493	0.143367	0.681838	0.160957	0.00799448	0.000137533	1.06154e-06	4.30869e-09	1.02374e-11	1.53797e-14	1.54817e-17	1.0928e-20	5.65026e-24	3.10417e-27	
Kinboe	0	0	0	0	0	0	0	0	0	0	0	0	0	0	0	0	0	1	0	0	0	0	0	0	0	0	0	0	0	
Kinfis	0	0	0	0	0	0	0	0	0	0	0	0	0	0	0	0	0	1	0	0	0	0	0	0	0	0	0	0	0	
Kinxen	0	0	0	0	0	0	0	0	0	0	0	0	0	0	0	0	0	1	0	0	0	0	0	0	0	0	0	0	0	
N76	8.93094e-39	2.28571e-36	5.97034e-34	1.12493e-31	6.59652e-30	4.197e-29	9.41656e-26	1.08241e-21	7.42337e-18	2.83287e-14	5.41408e-11	4.40502e-08	1.21815e-05	0.00117484	0.0385581	0.356632	0.541574	0.0614724	0.000574909	1.51585e-06	1.67479e-09	9.45421e-13	3.06685e-16	6.24753e-20	3.91961e-23	5.38061e-25	7.16047e-27	1.73163e-29	5.38661e-30	
N77	2.32805e-33	8.40884e-30	3.09342e-26	8.61758e-23	1.76271e-19	2.55663e-16	2.51634e-13	1.58759e-10	5.94597e-08	1.18562e-05	0.00106679	0.032813	0.201626	0.38599	0.283193	0.0850934	0.00986184	0.000339703	4.06235e-06	2.30166e-08	7.31943e-11	1.44889e-13	1.91486e-16	1.77776e-19	1.20535e-22	6.15815e-26	2.46609e-29	1.16084e-32	8.84523e-35	
N78	2.30236e-41	1.04703e-36	4.00143e-32	1.09732e-27	2.08492e-23	2.62664e-19	2.07277e-15	9.49154e-12	2.26397e-08	2.38821e-05	0.0084182	0.541454	0.403076	0.0456114	0.0014015	1.47829e-05	5.97406e-08	9.98448e-11	7.87728e-14	3.31348e-17	8.16689e-21	1.26691e-24	1.30666e-28	9.35266e-33	4.80757e-37	1.82588e-41	5.29703e-46	1.81491e-50	4.49847e-54	
N79	2.21204e-47	4.73126e-42	7.88996e-37	9.27751e-32	7.41118e-27	3.83345e-22	1.20502e-17	2.11073e-13	1.8158e-09	6.31352e-06	0.00631036	0.855446	0.136317	0.00191511	5.49552e-06	4.90947e-09	1.7652e-12	3.03328e-16	2.81168e-20	1.5358e-24	5.28299e-29	1.20528e-33	1.9254e-38	6.7756e-43	4.74772e-47	4.74645e-50	1.86463e-54	9.66786e-58	5.76222e-62	
N80	1.51245e-44	1.59988e-39	1.36505e-34	8.31779e-30	3.49498e-25	9.67932e-21	1.66403e-16	1.6348e-12	8.13655e-09	1.69707e-05	0.0105588	0.893797	0.0948053	0.000820438	1.61902e-06	1.14357e-09	3.69505e-13	6.36023e-17	6.4638e-21	4.196e-25	2.01423e-29	1.2031e-32	1.34508e-35	2.80052e-37	2.88971e-41	2.24426e-43	1.10022e-47	2.6696e-50	2.14408e-54	
Chaafr	0	0	0	0	0	0	0	0	0	0	0	1	0	0	0	0	0	0	0	0	0	0	0	0	0	0	0	0	0	
Chacha	0	0	0	0	0	0	0	0	0	0	0	1	0	0	0	0	0	0	0	0	0	0	0	0	0	0	0	0	0	
N81	1.9611e-44	1.92769e-39	1.54627e-34	8.98039e-30	3.63912e-25	9.81799e-21	1.65849e-16	1.61324e-12	8.00685e-09	1.67791e-05	0.0105783	0.913108	0.0757515	0.000544287	9.41446e-07	6.03567e-10	1.8127e-13	2.95121e-17	2.8765e-21	1.80668e-25	7.95346e-30	1.49197e-33	1.31059e-36	1.43932e-38	1.57349e-42	6.48244e-45	3.36551e-49	4.52116e-52	3.30868e-56	
Chacaly	0	0	0	0	0	0	0	0	0	0	0	1	0	0	0	0	0	0	0	0	0	0	0	0	0	0	0	0	0	
Chazey	0	0	0	0	0	0	0	0	0	0	0	1	0	0	0	0	0	0	0	0	0	0	0	0	0	0	0	0	0	
N82	6.4396e-39	1.78964e-34	4.29917e-30	7.41624e-26	8.86583e-22	7.02224e-18	3.47383e-14	9.90297e-11	1.44964e-07	9.12334e-05	0.0181748	0.601062	0.352779	0.0273668	0.000522963	3.33992e-06	8.65955e-09	1.05928e-11	6.91427e-15	2.64962e-18	6.41411e-22	1.04377e-25	1.43259e-29	1.15517e-31	6.10188e-35	2.14453e-36	5.14639e-40	9.564e-42	7.81765e-45	
Chadil	0	0	0	0	0	0	0	0	0	0	0	1	0	0	0	0	0	0	0	0	0	0	0	0	0	0	0	0	0	
Chasen	0	0	0	0	0	0	0	0	0	0	0	1	0	0	0	0	0	0	0	0	0	0	0	0	0	0	0	0	0	
Chanam	0	0	0	0	0	0	0	0	0	0	0	1	0	0	0	0	0	0	0	0	0	0	0	0	0	0	0	0	0	
N83	6.11956e-58	2.89423e-53	1.17034e-48	3.30832e-44	6.27945e-40	7.63402e-36	5.65814e-32	2.39596e-28	4.36334e-26	4.32699e-23	5.38691e-19	4.21364e-15	1.90121e-11	4.42109e-08	4.50756e-05	0.015331	0.956154	0.02832	0.000149986	2.63412e-07	2.03034e-10	8.09306e-14	1.85847e-17	2.65295e-21	2.48984e-25	1.60325e-29	7.32323e-34	2.4466e-38	6.98786e-43	
N84	3.70956e-81	1.1336e-74	2.22147e-66	5.50254e-60	6.17085e-54	3.54319e-48	1.05428e-42	1.69267e-37	5.15053e-34	5.6341e-32	1.17591e-26	1.95063e-21	2.59062e-16	1.51866e-11	3.27849e-07	0.00178655	0.990282	0.00792562	5.24645e-06	7.88929e-10	4.13031e-14	9.37281e-19	1.04297e-23	6.14735e-29	2.29301e-34	4.04165e-38	4.19812e-40	7.67318e-42	3.11781e-42	
N85	3.46773e-65	2.73283e-61	1.64736e-57	7.30102e-54	2.42192e-50	6.22636e-47	1.29247e-43	2.09402e-40	9.32092e-38	1.79357e-33	1.15348e-27	4.01601e-22	7.06813e-17	5.66692e-12	1.71793e-07	0.00132844	0.992133	0.00653576	3.12041e-06	3.29953e-10	1.2188e-14	1.98904e-19	1.63085e-24	1.02247e-29	1.46881e-32	8.30838e-36	6.711e-40	6.21515e-44	5.08318e-43	
Braset	0	0	0	0	0	0	0	0	0	0	0	0	0	0	0	0	1	0	0	0	0	0	0	0	0	0	0	0	0	
N86	4.31735e-64	1.98348e-60	7.51755e-57	2.13544e-53	1.8953e-51	4.43673e-50	4.4493e-45	3.83075e-40	2.82544e-36	4.80249e-31	1.01315e-25	1.27577e-20	8.91925e-16	3.09841e-11	4.45582e-07	0.00187818	0.99236	0.00575782	3.60981e-06	6.15046e-10	4.16613e-14	1.37142e-18	2.47496e-23	2.83042e-28	1.0694e-31	7.89373e-35	7.67811e-39	3.56696e-42	3.34392e-44	
N87	9.77156e-80	4.79183e-73	1.37401e-66	2.31936e-60	2.31725e-54	1.34385e-48	4.2886e-43	6.64092e-38	6.83346e-36	1.59647e-34	8.58053e-29	3.37303e-23	7.89241e-18	8.88223e-13	4.10822e-08	0.000567578	0.998294	0.00113827	1.64142e-07	7.03028e-12	1.23156e-16	1.03334e-21	4.54098e-27	1.09252e-32	1.63179e-38	7.69261e-44	4.25607e-49	7.27069e-54	1.65043e-58	
Bramel	0	0	0	0	0	0	0	0	0	0	0	0	0	0	0	0	1	0	0	0	0	0	0	0	0	0	0	0	0	
Bratha	0	0	0	0	0	0	0	0	0	0	0	0	0	0	0	0	1	0	0	0	0	0	0	0	0	0	0	0	0	
N88	1.43035e-75	1.13341e-69	6.64277e-64	2.68451e-58	7.21072e-53	1.22223e-47	1.21092e-42	5.90034e-38	1.84261e-35	5.84381e-31	1.11348e-25	1.31251e-20	8.82271e-16	3.00683e-11	4.30985e-07	0.00183611	0.994251	0.00391096	1.91719e-06	2.75233e-10	1.643e-14	4.92829e-19	8.34926e-24	8.67945e-29	1.2104e-33	2.11435e-37	1.19543e-41	3.66235e-45	6.42853e-48	
Bradra	0	0	0	0	0	0	0	0	0	0	0	0	0	0	0	0	1	0	0	0	0	0	0	0	0	0	0	0	0	
Bratra	0	0	0	0	0	0	0	0	0	0	0	0	0	0	0	0	1	0	0	0	0	0	0	0	0	0	0	0	0	
N89	2.6859e-72	1.25177e-66	4.34971e-61	1.04279e-55	1.66292e-50	1.67542e-45	9.88719e-41	2.87814e-36	7.29874e-34	2.02924e-29	2.31056e-24	1.62796e-19	6.55078e-15	1.3398e-10	1.1563e-06	0.00298171	0.990889	0.00612337	4.82621e-06	1.12677e-09	1.10216e-13	5.44724e-18	1.52699e-22	2.6246e-27	3.14799e-32	1.06069e-36	7.87844e-41	2.9306e-44	3.72285e-47	
Bragut	0	0	0	0	0	0	0	0	0	0	0	0	0	0	0	0	1	0	0	0	0	0	0	0	0	0	0	0	0	
Braven	0	0	0	0	0	0	0	0	0	0	0	0	0	0	0	0	1	0	0	0	0	0	0	0	0	0	0	0	0	
N90	5.84145e-67	6.85299e-62	6.44025e-57	4.33315e-52	2.02913e-47	6.50332e-43	1.4755e-38	2.71349e-34	4.51398e-30	1.93102e-25	5.89301e-21	1.12002e-16	1.21932e-12	6.7353e-09	1.55936e-05	0.0107159	0.966276	0.022922	7.01557e-05	6.29174e-08	2.34139e-11	4.38592e-15	4.67525e-19	3.08713e-23	1.37699e-27	8.79154e-32	2.14583e-35	2.58455e-38	1.55065e-40	
Brapum	0	0	0	0	0	0	0	0	0	0	0	0	0	0	0	0	1	0	0	0	0	0	0	0	0	0	0	0	0	
Bradam	0	0	0	0	0	0	0	0	0	0	0	0	0	0	0	0	1	0	0	0	0	0	0	0	0	0	0	0	0	
