#Nodes with GAIN events with expectation above 0.5
N3: 0.831845
B3088: 1.0179
BGA709: 0.872533
BGA309: 0.872533
PGA445: 2.03985
Rhaspe: 0.547777
Rhamar: 0.53122
Rhatem: 0.709759
FGA379: 1.73805
Furcep: 1.92535
FGA331: 1.66653
FGA104: 0.869413
FGA174: 1.26354
CGA312: 1.19731
C601: 1.00143
CGA236: 0.59234
C3125: 1.49401
N52: 0.522995
C12265: 0.738145
C3126: 1.62415
N56: 1.12432
C2208: 1.05955
N60: 1.40121
N65: 0.769319
N68: 0.770594
Triowe: 0.55388
N72: 0.784224
N75: 0.796879
Kinxen: 1.33261
Chanam: 0.574178
N83: 1.46664
Total number of gain events: 51.4305
#+++++++++++++++++++++++++++++

#Nodes with LOSS events with expectation above 0.5
B3088: 1.28924
BGA709: 1.14939
BGA309: 1.14939
B983: 0.610672
B11604: 0.610672
PGA445: 1.72404
N13: 0.751342
N14: 1.69045
Rhaspe: 5.26818
Rhamar: 4.96544
Rhatem: 4.14398
N18: 0.81906
FGA379: 0.870377
N19: 2.07747
N20: 0.947561
F3015: 1.95959
F1476: 1.3547
N28: 0.687451
FGA465: 1.13508
FGA99: 0.872868
FGA15: 0.806189
FGA489: 1.81001
FurbGB: 2.45863
CGA763: 1.07012
Calboe: 2.58954
CGA429: 1.76442
N49: 0.690924
C984: 2.24159
CGA310: 1.11205
N51: 0.808657
CGA494: 1.19677
N54: 1.35019
C404: 1.07296
CGA45: 1.08607
N60: 0.575295
C3121: 0.892076
N70: 3.73082
Trijac: 0.899506
Kinxen: 1.0352
N77: 2.45061
N78: 1.89582
Chadil: 0.694908
Chasen: 0.694908
Chanam: 2.78802
N83: 1.07875
Total number of loss events: 95.3171
#+++++++++++++++++++++++++++++

#Nodes with duplication events with expectation above 0.5
Total number of duplication events: 8.13682e-35
#+++++++++++++++++++++++++++++

#Nodes with demi-duplication events with expectation above 0.5
Total number of demi-dulications events: 0
#+++++++++++++++++++++++++++++

#+++++++++++++++++++++++++++++

#Nodes with transitions in base number with expectation above 0.5
Total number of transitions in base number: 0
#+++++++++++++++++++++++++++++

#EVENTS NOT ACCOUNTED FOR IN THE SIMULATIONS: 
NONE
#+++++++++++++++++++++++++++++

#ALL EVENTS EXPECTATIONS PER NODE
NODE	GAIN	LOSS	DUPLICATION	DEMI-DUPLICATION	BASE-NUMBER
N2	0.421915	0.0666441	2.18456e-56	0	0
N3	0.831845	0.285207	2.22747e-65	0	0
N4	0.12315	0.082737	5.57607e-68	0	0
B3088	1.0179	1.28924	0	0	0
N5	0.125353	0.119902	4.77229e-65	0	0
BGA709	0.872533	1.14939	0	0	0
BGA309	0.872533	1.14939	0	0	0
N6	0.298783	0.275809	1.34174e-70	0	0
N7	0.341302	0.442942	6.34292e-67	0	0
B11696	0.311753	0.463928	0	0	0
B11609	0.311753	0.463928	0	0	0
N8	0.0787888	0.0939194	2.40724e-79	0	0
N9	0.0209747	0.0270016	3.23676e-84	0	0
N10	0.12231	0.159181	9.27171e-69	0	0
B983	0.414866	0.610672	0	0	0
B11604	0.414866	0.610672	0	0	0
N11	0.271041	0.394705	8.00072e-71	0	0
BGAA1	0.20432	0.31332	0	0	0
BGA584	0.20432	0.31332	0	0	0
N12	0.258062	0.360456	4.36978e-77	0	0
BGA303	0.263337	0.399633	0	0	0
BGAB1	0.263337	0.399633	0	0	0
PGA445	2.03985	1.72404	0	0	0
N13	0.0547609	0.751342	1.98831e-58	0	0
N14	0.012034	1.69045	4.01763e-53	0	0
Rhaspe	0.547777	5.26818	0	0	0
N15	0.0100514	0.29165	8.13679e-35	0	0
Rhamar	0.53122	4.96544	0	0	0
Rhatem	0.709759	4.14398	0	0	0
N16	0.108994	0.0188077	1.66309e-71	0	0
N17	0.390019	0.201787	7.78682e-72	0	0
N18	0.0428611	0.81906	1.94699e-55	0	0
FGA379	1.73805	0.870377	0	0	0
N19	0.0260066	2.07747	4.81345e-47	0	0
N20	0.0458611	0.947561	8.19534e-48	0	0
N21	0.00458033	0.460155	1.14575e-52	0	0
F3015	0.263369	1.95959	0	0	0
N22	0.00510125	0.144575	5.2506e-50	0	0
N23	0.0155924	0.0984308	3.65522e-52	0	0
N24	0.0108301	0.295706	7.93329e-60	0	0
N25	0.0067982	0.0269032	8.43641e-64	0	0
F1476	0.185953	1.3547	0	0	0
N26	0.0265311	0.0217575	8.11005e-55	0	0
Furcep	1.92535	0.0988688	0	0	0
N27	0.00610939	0.125817	1.29906e-55	0	0
Furpol	0.304844	0.35863	0	0	0
N28	0.0189692	0.687451	5.05269e-50	0	0
N29	0.0275451	0.293529	1.66647e-48	0	0
F2241	0.0528616	0.172182	0	0	0
Furang	0.0528616	0.172182	0	0	0
FGA490	0.113259	0.498563	0	0	0
N30	0.0173609	0.162773	2.95149e-66	0	0
N31	0.0243567	0.0390386	6.43159e-58	0	0
N32	0.0506603	0.0126251	6.59888e-60	0	0
N33	0.00900871	0.0317044	1.86294e-62	0	0
N34	0.0269681	0.0534855	4.36318e-58	0	0
FGA456	0.0495959	0.0671735	0	0	0
FGA513	0.0495959	0.0671735	0	0	0
F12278	0.119055	0.16315	0	0	0
N35	0.315551	0.0233119	1.91823e-63	0	0
Furant	0.0507944	0.409879	0	0	0
FGA331	1.66653	0.025617	0	0	0
FGA465	0.10633	1.13508	0	0	0
N36	0.0308881	0.284368	1.57269e-57	0	0
FGA99	0.0829124	0.872868	0	0	0
N37	0.0387385	0.0697006	6.80958e-49	0	0
FGA15	0.0471949	0.806189	0	0	0
FGA581	0.314004	0.0729974	0	0	0
FGA104	0.869413	0.343191	0	0	0
FGA489	0.253375	1.81001	0	0	0
FGA174	1.26354	0.421532	0	0	0
FurbGB	0.398516	2.45863	0	0	0
N38	0.219484	0.0105161	1.05696e-66	0	0
N39	0.262311	0.0603014	2.37783e-63	0	0
N40	0.337097	0.468948	4.61506e-66	0	0
CGA312	1.19731	0.385576	0	0	0
N41	0.019239	0.158084	8.22625e-73	0	0
N42	0.00327553	0.281831	3.62955e-92	0	0
N43	0.0224601	0.0104203	2.25289e-82	0	0
N44	0.419286	0.175473	1.55661e-80	0	0
CGA642	0.136251	0.16276	0	0	0
N45	0.0291837	0.0180131	3.48244e-77	0	0
CGA763	0.0324435	1.07012	0	0	0
C601	1.00143	0.0391104	0	0	0
N46	0.0132089	0.0341849	1.08107e-74	0	0
CGA236	0.59234	0.354059	0	0	0
N47	0.0149722	0.148697	2.20563e-65	0	0
N48	0.156637	0.219755	3.56638e-66	0	0
Calboe	0.0258819	2.58954	0	0	0
C3125	1.49401	0.0588986	0	0	0
CGA429	0.136426	1.76442	0	0	0
N49	0.00198973	0.690924	9.50666e-81	0	0
C984	0.159902	2.24159	0	0	0
N50	0.00514689	0.203527	3.19433e-59	0	0
CGA310	0.228858	1.11205	0	0	0
N51	0.0529308	0.808657	6.63115e-59	0	0
CGA365	0.209738	0.337199	0	0	0
CGA494	0.0693075	1.19677	0	0	0
N52	0.522995	0.104199	5.28172e-81	0	0
N53	0.0144433	0.0962548	2.06845e-76	0	0
C12265	0.738145	0.124509	0	0	0
N54	0.0195838	1.35019	1.69751e-75	0	0
C404	0.017196	1.07296	0	0	0
N55	0.0107483	0.028762	2.61703e-83	0	0
Cl11778	0.0426875	0.0804353	0	0	0
CGA48	0.0426875	0.0804353	0	0	0
C3126	1.62415	0.0923611	0	0	0
N56	1.12432	0.33816	5.86288e-67	0	0
CGA311	0.344695	0.450971	0	0	0
N57	0.0361593	0.0146144	4.51595e-73	0	0
N58	0.0442817	0.175071	2.69974e-77	0	0
CGA45	0.089042	1.08607	0	0	0
N59	0.0332339	0.0208888	9.44032e-84	0	0
C3043	0.163748	0.173126	0	0	0
CGA364	0.163748	0.173126	0	0	0
C2208	1.05955	0.187368	0	0	0
N60	1.40121	0.575295	9.81627e-64	0	0
N61	0.117857	0.118343	1.58075e-71	0	0
CGA453	0.144757	0.0881731	0	0	0
N62	0.0196293	0.0867367	2.79275e-83	0	0
CGA501	0.15674	0.0330482	0	0	0
C3121	0.0157677	0.892076	0	0	0
N63	0.262945	0.205814	5.31528e-74	0	0
Calparcri	0.00652554	0.00755793	0	0	0
C3118	0.00652554	0.00755793	0	0	0
N64	0.0285678	0.0191924	2.0544e-72	0	0
N65	0.769319	0.0893121	2.00382e-67	0	0
N66	0.340151	0.286866	1.03551e-63	0	0
N67	0.0824471	0.386217	3.57855e-56	0	0
N68	0.770594	0.0912695	7.5561e-62	0	0
Triowe	0.55388	0.3926	0	0	0
N69	0.117492	0.0376717	2.09075e-66	0	0
Trijoh	0.40829	0.326889	0	0	0
Trimel	0.40829	0.326889	0	0	0
N70	0.0285967	3.73082	5.98057e-55	0	0
N71	0.0206073	0.390141	5.909e-49	0	0
Trihoe	0.0974045	0.494308	0	0	0
Tribit	0.0974045	0.494308	0	0	0
Trijac	0.132926	0.899506	0	0	0
N72	0.784224	0.267596	2.00595e-63	0	0
Tricri	0.441985	0.421749	0	0	0
N73	0.134969	0.0907384	1.91766e-67	0	0
Triwie	0.261646	0.28566	0	0	0
Triqua	0.261646	0.28566	0	0	0
N74	0.393315	0.100666	1.01302e-57	0	0
N75	0.796879	0.476947	1.52663e-56	0	0
Kinboe	0.438327	0.460843	0	0	0
Kinfis	0.438327	0.460843	0	0	0
Kinxen	1.33261	1.0352	0	0	0
N76	0.010375	0.114788	7.3597e-58	0	0
N77	0.081385	2.45061	1.84886e-40	0	0
N78	0.172606	1.89582	1.69081e-40	0	0
N79	0.0849315	0.441188	9.51279e-50	0	0
N80	0.0292713	0.0772538	3.12661e-51	0	0
Chaafr	0.130211	0.216069	0	0	0
Chacha	0.130211	0.216069	0	0	0
N81	0.0424246	0.110034	7.20588e-53	0	0
Chacaly	0.101334	0.167565	0	0	0
Chazey	0.101334	0.167565	0	0	0
N82	0.0405045	0.139864	5.8849e-43	0	0
Chadil	0.304171	0.694908	0	0	0
Chasen	0.304171	0.694908	0	0	0
Chanam	0.574178	2.78802	0	0	0
N83	1.46664	1.07875	1.30731e-56	0	0
N84	0.0226885	0.0297391	4.53688e-77	0	0
N85	0.00259727	0.00353296	4.81529e-94	0	0
Braset	0.110447	0.115661	0	0	0
N86	0.00687778	0.00820502	1.6055e-79	0	0
N87	0.04595	0.049265	5.13154e-87	0	0
Bramel	0.00314955	0.00372049	0	0	0
Bratha	0.00314955	0.00372049	0	0	0
N88	0.0224999	0.0243081	4.65341e-82	0	0
Bradra	0.0160219	0.0180997	0	0	0
Bratra	0.0160219	0.0180997	0	0	0
N89	0.0547002	0.0577001	1.55104e-87	0	0
Bragut	0.0186421	0.0217911	0	0	0
Braven	0.0186421	0.0217911	0	0	0
N90	0.0629507	0.0638348	4.10266e-73	0	0
Brapum	0.0704144	0.0827297	0	0	0
Bradam	0.0704144	0.0827297	0	0	0
#+++++++++++++++++++++++++++++

#Expected number of events from root to leaf
LEAF	GAIN	LOSS	DUPLICATION	DEMI-DUPLICATION	BASE-NUMBER
B3088	2.39481	1.72383	2.18456e-56	0	0
BGA709	2.3748	1.70388	2.18456e-56	0	0
BGA309	2.3748	1.70388	2.18456e-56	0	0
B11696	2.2056	1.53453	2.18456e-56	0	0
B11609	2.2056	1.53453	2.18456e-56	0	0
B983	2.18948	1.51843	2.18456e-56	0	0
B11604	2.18948	1.51843	2.18456e-56	0	0
BGAA1	2.12767	1.45661	2.18456e-56	0	0
BGA584	2.12767	1.45661	2.18456e-56	0	0
BGA303	2.15273	1.48167	2.18456e-56	0	0
BGAB1	2.15273	1.48167	2.18456e-56	0	0
PGA445	2.46176	1.79068	2.18456e-56	0	0
Rhaspe	0.614572	7.70997	4.01765e-53	0	0
Rhamar	0.608067	7.69888	8.13679e-35	0	0
Rhatem	0.786605	6.87742	8.13679e-35	0	0
FGA379	2.33468	2.66137	1.94898e-55	0	0
F3015	0.936452	7.23577	5.633e-47	0	0
F1476	0.897358	7.19649	5.63829e-47	0	0
Furcep	2.66329	5.96242	5.63829e-47	0	0
Furpol	1.04889	6.348	5.63829e-47	0	0
F2241	0.843421	7.14253	5.80999e-47	0	0
Furang	0.843421	7.14253	5.80999e-47	0	0
FGA490	0.876274	7.17539	5.64334e-47	0	0
FGA456	0.882557	6.18169	5.63829e-47	0	0
FGA513	0.882557	6.18169	5.63829e-47	0	0
F12278	0.925049	6.22419	5.63829e-47	0	0
Furant	1.16333	6.46252	5.63829e-47	0	0
FGA331	2.77907	6.07826	5.63829e-47	0	0
FGA465	0.852655	7.15179	5.63829e-47	0	0
FGA99	0.835768	7.1349	5.63829e-47	0	0
FGA15	0.838789	7.13792	5.70638e-47	0	0
FGA581	1.1056	6.40473	5.70638e-47	0	0
FGA104	1.56319	5.86238	5.63829e-47	0	0
FGA489	0.93156	7.23077	5.63825e-47	0	0
FGA174	1.93205	5.23756	5.63299e-47	0	0
FurbGB	1.02116	6.3271	4.81345e-47	0	0
CGA312	2.56998	1.89728	1.98833e-58	0	0
CGA642	1.97318	2.30027	1.98833e-58	0	0
CGA763	1.89855	3.22565	1.98833e-58	0	0
C601	2.86754	2.19463	1.98833e-58	0	0
CGA236	2.02319	2.35028	1.98833e-58	0	0
Calboe	1.62834	4.95422	1.98833e-58	0	0
C3125	3.09647	2.42357	1.98833e-58	0	0
CGA429	1.58225	3.90934	1.98833e-58	0	0
C984	1.55707	4.88413	1.98833e-58	0	0
CGA310	1.63118	3.95811	2.30776e-58	0	0
CGA365	1.66499	3.99192	2.97088e-58	0	0
CGA494	1.52456	4.85149	2.97088e-58	0	0
C12265	2.66749	1.99475	1.98833e-58	0	0
C404	1.96612	4.29338	1.98833e-58	0	0
Cl11778	2.00236	3.32962	1.98833e-58	0	0
CGA48	2.00236	3.32962	1.98833e-58	0	0
C3126	3.53905	1.86635	1.98833e-58	0	0
CGA311	2.50458	1.83188	1.98833e-58	0	0
CGA45	2.32937	2.65667	1.98833e-58	0	0
C3043	2.43731	1.76461	1.98833e-58	0	0
CGA364	2.43731	1.76461	1.98833e-58	0	0
C2208	3.25559	1.5829	1.98833e-58	0	0
CGA453	2.43708	1.76426	1.98832e-58	0	0
CGA501	2.46869	1.79588	1.98832e-58	0	0
C3121	2.32772	2.6549	1.98832e-58	0	0
Calparcri	2.44394	1.77112	1.98832e-58	0	0
C3118	2.44394	1.77112	1.98832e-58	0	0
Triowe	2.70871	2.03561	3.59844e-56	0	0
Trijoh	2.68062	2.00757	3.59844e-56	0	0
Trimel	2.68062	2.00757	3.59844e-56	0	0
Trihoe	1.53085	6.167	5.90901e-49	0	0
Tribit	1.53085	6.167	5.90901e-49	0	0
Trijac	1.54576	6.18206	6.34041e-55	0	0
Tricri	2.528	1.85486	1.98834e-58	0	0
Triwie	2.48263	1.80951	1.98834e-58	0	0
Triqua	2.48263	1.80951	1.98834e-58	0	0
Kinboe	2.59016	1.91711	1.64782e-56	0	0
Kinfis	2.59016	1.91711	1.64782e-56	0	0
Kinxen	2.68757	2.01451	1.21185e-57	0	0
Chaafr	0.701102	5.98507	3.53967e-40	0	0
Chacha	0.701102	5.98507	3.53967e-40	0	0
Chacaly	0.685378	5.96935	3.53967e-40	0	0
Chazey	0.685378	5.96935	3.53967e-40	0	0
Chadil	0.801363	6.08533	3.54556e-40	0	0
Chasen	0.801363	6.08533	3.54556e-40	0	0
Chanam	0.858261	6.14276	1.84886e-40	0	0
Braset	1.80507	2.13181	1.40079e-56	0	0
Bramel	1.7506	2.07734	1.40079e-56	0	0
Bratha	1.7506	2.07734	1.40079e-56	0	0
Bradra	1.74002	2.06676	1.40079e-56	0	0
Bratra	1.74002	2.06676	1.40079e-56	0	0
Bragut	1.76537	2.09211	1.40079e-56	0	0
Braven	1.76537	2.09211	1.40079e-56	0	0
Brapum	1.8027	2.12944	1.40079e-56	0	0
Bradam	1.8027	2.12944	1.40079e-56	0	0
