NODE	1	2	3	4	5	6	7	8	9	10	11	12	13	14	15	16	17	18	19	20	21	22	23	24	25	26	27	28	29	
N1	3.8943e-61	2.16024e-39	2.58997e-35	6.82619e-32	6.97233e-29	3.46049e-26	9.3963e-24	1.49671e-21	1.45969e-19	8.94246e-18	3.48788e-16	8.69443e-15	1.37916e-13	1.37623e-12	8.49299e-12	3.18308e-11	7.18954e-11	1	8.99809e-11	5.5353e-11	2.44776e-11	8.11996e-12	2.09373e-12	4.32212e-13	7.32199e-14	1.04e-14	1.26691e-15	1.39376e-16	1.90817e-17	
Leiolep	0	0	0	0	0	0	0	0	0	0	0	0	0	0	0	0	0	1	0	0	0	0	0	0	0	0	0	0	0	
N2	1.1786e-81	3.63823e-57	1.72626e-50	1.51781e-44	4.29215e-39	4.8039e-34	2.35611e-29	5.39811e-25	6.84996e-21	6.00241e-17	2.69899e-13	5.33168e-10	4.22316e-07	0.000117533	0.0094939	0.168085	0.496456	0.28905	0.0355108	0.00126881	1.77862e-05	1.20502e-07	4.55541e-10	1.0643e-12	1.65691e-15	1.81995e-18	1.47486e-21	9.17916e-25	5.6557e-28	
N3	3.1786e-79	3.64231e-55	6.98981e-49	2.60644e-43	3.43206e-38	2.08781e-33	6.77921e-29	1.23255e-24	1.24187e-20	6.7115e-17	1.85092e-13	2.48384e-10	1.52217e-07	3.85178e-05	0.00342705	0.0828208	0.401123	0.412947	0.0930001	0.00645512	0.000185942	2.7063e-06	2.27485e-08	1.21453e-10	4.41927e-13	1.15971e-15	2.3843e-18	1.15358e-20	1.60681e-21	
N4	3.48144e-88	2.09965e-63	1.74397e-56	2.4445e-50	9.90333e-45	1.40619e-39	7.60792e-35	1.54715e-30	8.46756e-27	5.40955e-23	9.32425e-19	7.84434e-15	2.97153e-11	4.61542e-08	2.55098e-05	0.00404834	0.134594	0.631061	0.217432	0.0126242	0.000213715	1.45733e-06	4.90579e-09	9.34828e-12	1.11125e-14	8.85368e-18	4.99428e-21	2.0857e-24	8.10138e-28	
N5	5.50622e-92	5.83978e-67	9.40785e-60	2.75778e-53	2.52801e-47	8.8491e-42	1.28816e-36	7.82481e-32	2.3964e-27	6.76343e-23	1.09423e-18	8.48449e-15	2.97609e-11	4.32987e-08	2.29295e-05	0.00362369	0.125653	0.609425	0.243463	0.0174359	0.000373114	3.24002e-06	1.38904e-08	3.36038e-11	5.04792e-14	5.05611e-17	3.59794e-20	2.11869e-23	2.02403e-25	
B3088	0	0	0	0	0	0	0	0	0	0	0	0	0	0	0	0	0	1	0	0	0	0	0	0	0	0	0	0	0	
N6	2.96478e-85	5.72642e-61	2.13193e-54	1.72038e-48	5.12171e-43	6.82689e-38	4.4684e-33	1.5086e-28	2.69434e-24	2.56457e-20	1.29012e-16	3.34906e-13	4.29919e-10	2.5515e-07	6.31597e-05	0.00555903	0.134374	0.576962	0.257698	0.0245264	0.0008049	1.20295e-05	9.74709e-08	4.81545e-10	1.57707e-12	3.64346e-15	6.2538e-18	8.78607e-21	1.02562e-22	
BGA709	0	0	0	0	0	0	0	0	0	0	0	0	0	0	0	0	0	1	0	0	0	0	0	0	0	0	0	0	0	
BGA309	0	0	0	0	0	0	0	0	0	0	0	0	0	0	0	0	0	1	0	0	0	0	0	0	0	0	0	0	0	
N7	4.68435e-92	3.96114e-67	4.77705e-60	1.03922e-53	7.30553e-48	2.12968e-42	2.89767e-37	1.82291e-32	3.76664e-28	1.00005e-25	2.31533e-21	3.73319e-17	2.87421e-13	9.77639e-10	1.30427e-06	0.000564089	0.0571064	0.725939	0.209082	0.007239	6.79562e-05	2.5412e-07	4.72438e-10	5.0329e-13	3.3868e-16	1.54437e-19	5.02934e-23	1.22039e-26	2.82478e-30	
N8	1.41751e-85	1.94174e-61	3.98656e-55	1.45909e-49	1.68409e-44	8.07594e-40	2.12303e-35	4.28766e-31	8.03177e-27	1.23792e-22	1.1524e-18	5.66874e-15	1.41559e-11	1.68497e-08	8.6595e-06	0.00163835	0.0864154	0.720347	0.182914	0.00854001	0.000136095	1.00578e-06	4.12622e-09	1.05634e-11	1.83103e-14	2.28129e-17	2.13811e-20	1.56482e-23	1.14733e-26	
B11696	0	0	0	0	0	0	0	0	0	0	0	0	0	0	0	0	0	1	0	0	0	0	0	0	0	0	0	0	0	
B11609	0	0	0	0	0	0	0	0	0	0	0	0	0	0	0	0	0	1	0	0	0	0	0	0	0	0	0	0	0	
N9	1.97013e-103	1.97727e-77	2.59178e-69	5.42399e-62	3.20238e-55	6.87773e-49	6.22473e-43	2.52032e-37	2.59714e-32	5.39817e-30	1.82638e-25	1.70013e-20	7.1732e-16	1.23041e-11	7.39189e-08	0.000121852	0.035707	0.76842	0.191936	0.00379999	1.53895e-05	2.05589e-08	1.19371e-11	3.59062e-15	6.30402e-19	7.03155e-23	5.32471e-27	3.04306e-31	1.37641e-34	
N10	3.49057e-87	4.41194e-64	8.60358e-59	3.26062e-54	3.69371e-50	6.75738e-47	2.04021e-44	2.6314e-40	3.50194e-35	5.19336e-30	7.38516e-25	5.05409e-20	1.57621e-15	2.05939e-11	9.82833e-08	0.000136272	0.0362881	0.769712	0.19001	0.00383669	1.66652e-05	2.50028e-08	1.69359e-11	6.12962e-15	1.3279e-18	1.87399e-22	5.59417e-26	6.75963e-29	2.31231e-30	
N11	3.73665e-90	8.59687e-66	3.10852e-59	2.18829e-53	5.77824e-48	8.26978e-43	8.05934e-38	5.52369e-33	2.43588e-28	6.3187e-24	8.9566e-20	6.66161e-16	2.49655e-12	4.41692e-09	3.32972e-06	0.000906294	0.0666556	0.730865	0.193922	0.00755448	9.2238e-05	5.00057e-07	1.46589e-09	2.63444e-12	3.16457e-15	2.70566e-18	1.74537e-21	1.01526e-24	7.49361e-27	
B983	0	0	0	0	0	0	0	0	0	0	0	0	0	0	0	0	0	1	0	0	0	0	0	0	0	0	0	0	0	
B11604	0	0	0	0	0	0	0	0	0	0	0	0	0	0	0	0	0	1	0	0	0	0	0	0	0	0	0	0	0	
N12	1.75658e-88	4.63169e-64	1.76734e-57	1.17594e-51	2.33989e-46	1.69614e-41	4.98386e-37	6.77826e-33	6.22798e-29	1.00567e-24	1.77646e-20	1.66455e-16	7.91072e-13	1.78805e-09	1.73652e-06	0.00061397	0.0587714	0.801994	0.134899	0.00368757	3.30332e-05	1.34805e-07	3.02634e-10	4.21824e-13	3.96891e-16	2.67914e-19	1.35888e-22	5.37963e-26	2.11768e-29	
BGAA1	0	0	0	0	0	0	0	0	0	0	0	0	0	0	0	0	0	1	0	0	0	0	0	0	0	0	0	0	0	
BGA584	0	0	0	0	0	0	0	0	0	0	0	0	0	0	0	0	0	1	0	0	0	0	0	0	0	0	0	0	0	
N13	9.64402e-88	1.9572e-63	5.84203e-57	3.07096e-51	4.94459e-46	3.0864e-41	9.18201e-37	1.79457e-32	3.41349e-28	6.94944e-24	9.53051e-20	6.9108e-16	2.54212e-12	4.44969e-09	3.3505e-06	0.000921054	0.0691041	0.763531	0.16077	0.00560652	6.42869e-05	3.36104e-07	9.66864e-10	1.72685e-12	2.08178e-15	1.80032e-18	1.16981e-21	5.93881e-25	3.14892e-28	
BGA303	0	0	0	0	0	0	0	0	0	0	0	0	0	0	0	0	0	1	0	0	0	0	0	0	0	0	0	0	0	
BGAB1	0	0	0	0	0	0	0	0	0	0	0	0	0	0	0	0	0	1	0	0	0	0	0	0	0	0	0	0	0	
PGA445	0	0	0	0	0	0	0	0	0	0	0	0	0	0	0	0	0	1	0	0	0	0	0	0	0	0	0	0	0	
N14	8.35008e-85	5.23689e-59	3.91017e-51	4.48134e-44	1.34682e-37	1.26262e-31	3.76796e-26	2.72246e-21	1.33573e-18	1.06588e-14	6.55176e-11	8.40356e-08	2.86143e-05	0.00289566	0.0829135	0.514435	0.379671	0.0199286	0.00012742	2.00587e-07	1.16937e-10	3.22922e-14	4.92237e-18	4.57659e-22	2.7783e-26	1.15475e-30	3.39575e-35	8.00284e-40	2.57781e-42	
N15	4.87828e-67	2.02082e-42	1.19425e-35	1.08823e-29	2.56842e-24	1.84676e-19	4.18496e-15	2.85975e-11	5.25879e-08	2.1641e-05	0.00165606	0.0296163	0.167435	0.359101	0.316352	0.112214	0.0133403	0.000262232	1.2389e-06	2.58885e-09	3.04496e-12	2.29483e-15	1.20247e-18	4.63586e-22	1.37616e-25	3.63241e-29	3.57412e-32	6.38875e-34	4.73411e-34	
Rhaspe	0	0	0	0	0	0	0	0	0	1	0	0	0	0	0	0	0	0	0	0	0	0	0	0	0	0	0	0	0	
N16	6.20112e-54	2.01741e-32	1.15649e-28	2.6599e-25	7.91255e-21	1.13722e-16	5.82056e-13	1.05107e-09	6.24755e-07	0.000107522	0.0046374	0.0553282	0.228172	0.373794	0.257798	0.072882	0.00713869	0.000140105	9.04888e-07	2.97099e-09	6.00215e-12	8.29798e-15	8.39639e-18	6.52135e-21	4.18411e-24	7.24676e-27	6.21589e-29	1.79175e-30	5.11705e-31	
Rhamar	0	0	0	0	0	0	0	0	0	1	0	0	0	0	0	0	0	0	0	0	0	0	0	0	0	0	0	0	0	
Rhatem	0	0	0	0	0	0	0	0	0	0	1	0	0	0	0	0	0	0	0	0	0	0	0	0	0	0	0	0	0	
N17	1.09044e-91	4.89164e-67	1.00664e-60	2.23628e-53	2.71728e-46	1.00161e-39	1.18023e-33	1.55713e-28	1.67528e-24	3.32527e-19	2.20377e-14	3.52167e-10	1.12175e-06	0.000617602	0.050583	0.499251	0.427129	0.0223169	0.000101603	8.89272e-08	2.45531e-11	2.86696e-15	1.69374e-19	5.72163e-24	1.31552e-28	5.34385e-32	7.57865e-36	1.07945e-36	1.35127e-37	
N18	1.2219e-88	5.71603e-63	3.36942e-55	3.23994e-48	8.79757e-42	8.18816e-36	2.7694e-30	3.04984e-25	3.30056e-21	3.09494e-18	7.08724e-14	5.5623e-10	1.01909e-06	0.000384415	0.0294213	0.373641	0.525689	0.0697206	0.00113887	4.43349e-06	6.25784e-09	4.11254e-12	1.47696e-15	3.23406e-19	4.67004e-23	4.73019e-27	3.70432e-31	8.85838e-35	2.2436e-37	
N19	2.09121e-77	9.3132e-53	6.41555e-46	8.23427e-40	3.42083e-34	5.66014e-29	4.09837e-24	1.34637e-19	1.99554e-15	1.27251e-11	3.12563e-08	2.29845e-05	0.00201124	0.0408791	0.252684	0.473221	0.215974	0.0149798	0.000226225	1.31136e-06	3.81969e-09	6.53438e-12	7.26642e-15	5.63918e-18	3.21814e-21	1.40796e-24	5.12655e-28	2.8896e-31	5.45101e-33	
FGA379	0	0	0	0	0	0	0	0	0	0	0	0	0	0	0	0	1	0	0	0	0	0	0	0	0	0	0	0	0	
N20	1.03639e-71	3.59277e-47	1.91539e-40	1.863e-34	5.69112e-29	6.64196e-24	3.21046e-19	6.54701e-15	5.4529e-11	1.70109e-07	0.000166067	0.0340991	0.291125	0.445186	0.197653	0.0302102	0.00153969	2.04038e-05	9.06106e-08	1.92552e-10	2.3682e-13	1.89056e-16	1.05736e-19	4.37453e-23	1.39428e-26	3.53297e-30	7.31593e-34	1.31851e-37	1.00479e-40	
N21	4.6491e-77	7.11143e-52	1.47079e-44	5.24261e-38	5.79823e-32	2.44273e-26	4.75584e-21	4.32014e-16	1.49299e-11	1.75172e-07	0.000535258	0.179637	0.563202	0.242006	0.0144077	0.000210672	9.03266e-07	1.22689e-09	7.0288e-13	2.08081e-16	3.61142e-20	3.98442e-24	3.67731e-28	7.81873e-29	5.36274e-30	3.21037e-32	1.69971e-34	6.63946e-36	1.8801e-36	
N22	1.73569e-73	4.37989e-50	8.59537e-45	8.04743e-40	2.44596e-33	2.60222e-27	1.00799e-21	2.72347e-16	2.38536e-11	5.60405e-07	0.00229378	0.435265	0.508616	0.0531408	0.000682206	1.81964e-06	1.30142e-09	3.06368e-13	3.19528e-17	1.78489e-21	6.01244e-26	1.31966e-30	2.66023e-35	1.98502e-36	7.35705e-38	5.38826e-39	1.11963e-40	1.36981e-40	2.44776e-41	
F3015	0	0	0	0	0	0	0	0	0	0	1	0	0	0	0	0	0	0	0	0	0	0	0	0	0	0	0	0	0	
N23	5.45438e-74	3.94278e-51	2.06786e-46	9.08845e-40	3.23727e-33	3.47572e-27	1.2119e-21	3.50055e-16	3.20051e-11	7.57542e-07	0.00295125	0.530104	0.445654	0.0211889	0.000100861	9.10779e-08	2.3641e-11	2.45606e-15	1.28979e-19	3.94795e-24	7.71912e-29	1.05419e-33	4.12793e-38	4.31331e-40	2.83441e-40	8.56909e-40	4.70918e-42	7.44844e-42	2.40225e-43	
N24	1.02321e-76	2.26928e-54	3.12499e-47	3.48028e-40	1.143e-33	1.41849e-27	7.52464e-22	1.74462e-16	1.39682e-11	3.27484e-07	0.00156079	0.588912	0.400053	0.00945307	2.04773e-05	1.02629e-08	1.95604e-12	1.84352e-16	1.0028e-20	3.47288e-25	8.88803e-30	4.30094e-34	1.51974e-37	1.82234e-39	1.78399e-43	2.21068e-45	8.3975e-50	3.88272e-52	3.08478e-56	
N25	6.80557e-89	4.5254e-62	2.9321e-53	2.6109e-45	5.74937e-38	3.12717e-31	8.83813e-25	1.73999e-18	1.03983e-12	1.54291e-07	0.00328119	0.852402	0.143959	0.000358234	6.55043e-08	2.96389e-12	5.26425e-17	4.54909e-22	2.14746e-27	5.94392e-33	1.45588e-38	1.58486e-42	5.55833e-45	6.79415e-46	2.52583e-48	3.95433e-49	3.36346e-52	1.56639e-53	2.00012e-56	
N26	5.98216e-76	2.48755e-52	1.45189e-46	1.57781e-41	1.36004e-35	6.0656e-29	9.77059e-23	7.95859e-17	1.84796e-11	1.03099e-06	0.00801284	0.859	0.132651	0.000335398	7.86775e-08	5.33604e-12	1.57469e-16	2.40112e-21	2.26274e-26	2.69755e-30	2.36577e-34	2.36804e-37	8.60968e-41	1.63148e-40	3.37887e-42	7.2189e-42	8.76212e-45	1.10506e-45	2.02736e-48	
F1476	0	0	0	0	0	0	0	0	0	0	1	0	0	0	0	0	0	0	0	0	0	0	0	0	0	0	0	0	0	
N27	1.71645e-81	3.14584e-58	7.10136e-50	2.66734e-42	2.929e-35	1.10707e-28	1.76446e-22	1.03269e-16	2.0367e-11	1.12094e-06	0.0106888	0.848309	0.140069	0.00093179	4.56978e-07	6.38221e-11	3.82653e-15	1.2109e-19	2.38791e-24	2.30579e-28	2.54452e-32	2.47631e-34	3.76563e-37	6.29661e-35	3.43895e-37	1.59823e-37	3.29927e-40	1.86083e-41	4.93292e-44	
Furcep	0	0	0	0	0	0	0	0	0	0	0	0	0	1	0	0	0	0	0	0	0	0	0	0	0	0	0	0	0	
N28	2.06276e-73	5.63786e-52	3.81045e-45	5.49861e-38	2.17068e-31	2.86288e-25	1.36103e-19	2.32113e-14	1.31425e-09	2.03992e-05	0.0543335	0.863091	0.0822477	0.000307213	1.69881e-07	3.40291e-11	3.3844e-15	1.97031e-19	7.42598e-24	2.32886e-28	2.83744e-32	1.28796e-35	1.72304e-38	6.5777e-40	6.29454e-44	1.21823e-45	4.43629e-50	1.43511e-52	7.7959e-57	
Furpol	0	0	0	0	0	0	0	0	0	0	0	1	0	0	0	0	0	0	0	0	0	0	0	0	0	0	0	0	0	
N29	2.33757e-73	5.14887e-48	1.54196e-40	7.89479e-34	1.17635e-27	6.09829e-22	1.16346e-16	7.92818e-12	1.7279e-07	0.000936716	0.672875	0.320758	0.00542252	7.96119e-06	3.72474e-09	8.12057e-13	1.00253e-16	7.89806e-21	4.30397e-25	1.72427e-29	5.44987e-34	3.93289e-38	2.47265e-41	1.58356e-43	2.05071e-47	5.20595e-50	3.40455e-54	1.5749e-57	1.15855e-61	
N30	1.13734e-73	3.14128e-48	1.15688e-40	7.19056e-34	1.28217e-27	7.82307e-22	1.71685e-16	1.30474e-11	3.01903e-07	0.0015896	0.906702	0.0913721	0.000335638	2.29842e-07	5.87653e-11	7.55018e-15	5.74856e-19	2.87906e-23	1.01889e-27	2.73179e-32	7.79601e-37	1.41866e-39	2.62214e-43	1.07713e-45	6.16575e-50	5.34953e-53	2.11479e-57	5.64047e-61	2.38513e-65	
F2241	0	0	0	0	0	0	0	0	0	0	1	0	0	0	0	0	0	0	0	0	0	0	0	0	0	0	0	0	0	
Furang	0	0	0	0	0	0	0	0	0	0	1	0	0	0	0	0	0	0	0	0	0	0	0	0	0	0	0	0	0	
FGA490	0	0	0	0	0	0	0	0	0	0	1	0	0	0	0	0	0	0	0	0	0	0	0	0	0	0	0	0	0	
N31	3.21449e-82	3.35939e-56	4.53998e-48	1.05295e-40	7.39665e-34	1.90584e-27	1.97336e-21	7.91344e-16	1.02117e-10	3.37552e-06	0.01666	0.942539	0.0407593	3.87495e-05	8.0459e-09	6.35762e-13	2.50035e-17	5.72194e-22	8.42849e-27	8.90917e-32	9.41944e-37	1.24614e-40	3.60331e-44	1.17775e-46	3.90143e-51	5.23693e-54	6.80865e-59	9.18313e-63	1.20611e-67	
N32	4.98325e-79	2.86663e-53	1.93165e-45	1.92566e-38	4.84268e-32	3.70284e-26	8.67745e-21	2.42359e-15	2.16124e-10	4.97266e-06	0.0175582	0.951997	0.0304022	3.74965e-05	1.00219e-08	1.02969e-12	5.33594e-17	1.61859e-21	3.16024e-26	6.27821e-31	3.57468e-35	1.86163e-37	3.15669e-41	7.25729e-43	5.06502e-43	1.24078e-43	2.91012e-46	8.7178e-48	2.39316e-50	
N33	3.06067e-86	5.49294e-60	1.47324e-51	5.91367e-44	6.29577e-37	2.10861e-30	2.11005e-24	2.39304e-18	8.92414e-13	9.09905e-08	0.00162965	0.955241	0.0430239	0.000105135	1.98907e-08	1.11517e-12	2.7385e-17	3.58153e-22	2.82004e-27	4.33911e-32	4.46605e-36	2.22537e-38	6.7286e-43	1.87518e-42	1.3213e-43	5.54784e-45	4.68377e-48	5.9847e-50	5.90116e-53	
N34	1.34128e-79	3.08419e-57	3.73723e-49	8.09739e-42	5.24558e-35	1.24207e-28	1.14387e-22	4.07613e-17	5.02798e-12	1.84311e-07	0.0014272	0.971437	0.0270958	3.93182e-05	1.15793e-08	1.27791e-12	7.01393e-17	2.23367e-21	4.56633e-26	1.25668e-30	1.22937e-34	3.63262e-37	1.84494e-40	3.47405e-42	1.0135e-46	4.26787e-49	7.59283e-54	5.0982e-57	1.09624e-61	
N35	1.17224e-79	3.45408e-54	1.56267e-46	1.38454e-39	4.03286e-33	4.50993e-27	2.02067e-21	3.57311e-16	2.29402e-11	4.61332e-07	0.0021199	0.985759	0.0121053	1.50357e-05	5.47325e-09	8.78149e-13	7.68566e-17	4.17497e-21	1.53343e-25	4.17267e-30	1.12344e-34	1.49032e-37	1.1555e-40	7.69426e-43	4.27236e-47	4.08232e-50	1.54797e-54	4.19972e-58	1.64045e-62	
FGA456	0	0	0	0	0	0	0	0	0	0	0	1	0	0	0	0	0	0	0	0	0	0	0	0	0	0	0	0	0	
FGA513	0	0	0	0	0	0	0	0	0	0	0	1	0	0	0	0	0	0	0	0	0	0	0	0	0	0	0	0	0	
F12278	0	0	0	0	0	0	0	0	0	0	0	1	0	0	0	0	0	0	0	0	0	0	0	0	0	0	0	0	0	
N36	1.75559e-78	2.89297e-53	6.74577e-46	2.83932e-39	3.87828e-33	2.28639e-27	6.71838e-22	9.79565e-17	6.16063e-12	1.34335e-07	0.000797553	0.707482	0.277437	0.0142662	1.65733e-05	6.16977e-09	1.09694e-12	1.1286e-16	7.54358e-21	3.78412e-25	2.89067e-29	2.29858e-31	2.86425e-34	2.66959e-36	2.37247e-40	1.32252e-43	6.98001e-48	2.32076e-51	1.23455e-55	
Furant	0	0	0	0	0	0	0	0	0	0	0	1	0	0	0	0	0	0	0	0	0	0	0	0	0	0	0	0	0	
FGA331	0	0	0	0	0	0	0	0	0	0	0	0	0	1	0	0	0	0	0	0	0	0	0	0	0	0	0	0	0	
FGA465	0	0	0	0	0	0	0	0	0	0	1	0	0	0	0	0	0	0	0	0	0	0	0	0	0	0	0	0	0	
N37	2.14405e-75	6.43879e-50	2.65002e-42	1.88708e-35	3.95173e-29	2.89167e-23	7.8962e-18	7.72525e-13	2.41957e-08	0.000189579	0.202234	0.789752	0.00781542	8.86488e-06	3.18635e-09	5.27488e-13	4.89545e-17	2.87315e-21	1.15612e-25	3.41026e-30	8.31832e-35	2.58363e-38	1.7475e-41	7.90306e-44	5.33802e-48	4.8078e-51	2.04028e-55	4.36361e-59	1.74606e-63	
FGA99	0	0	0	0	0	0	0	0	0	0	1	0	0	0	0	0	0	0	0	0	0	0	0	0	0	0	0	0	0	
N38	5.393e-75	1.49031e-49	5.66818e-42	3.72469e-35	7.16792e-29	4.81753e-23	1.1927e-17	1.06042e-12	3.03726e-08	0.000219876	0.221959	0.773325	0.00449206	4.3489e-06	1.46966e-09	2.38985e-13	2.23384e-17	1.34277e-21	5.60742e-26	2.16898e-30	4.19752e-34	6.66766e-36	1.39838e-39	1.43829e-41	8.32926e-46	9.6559e-49	4.02239e-53	1.74183e-56	8.06044e-61	
FGA15	0	0	0	0	0	0	0	0	0	0	1	0	0	0	0	0	0	0	0	0	0	0	0	0	0	0	0	0	0	
FGA581	0	0	0	0	0	0	0	0	0	0	0	1	0	0	0	0	0	0	0	0	0	0	0	0	0	0	0	0	0	
FGA104	0	0	0	0	0	0	0	0	0	0	0	0	1	0	0	0	0	0	0	0	0	0	0	0	0	0	0	0	0	
FGA489	0	0	0	0	0	0	0	0	0	0	1	0	0	0	0	0	0	0	0	0	0	0	0	0	0	0	0	0	0	
FGA174	0	0	0	0	0	0	0	0	0	0	0	0	0	1	0	0	0	0	0	0	0	0	0	0	0	0	0	0	0	
FurbGB	0	0	0	0	0	0	0	0	0	0	0	1	0	0	0	0	0	0	0	0	0	0	0	0	0	0	0	0	0	
N39	7.26101e-83	6.31936e-60	5.43018e-55	7.48709e-51	7.42467e-45	4.74215e-39	1.1444e-33	9.72278e-29	2.6732e-24	1.12052e-19	2.65121e-15	2.5e-11	7.97124e-08	6.61668e-05	0.0108406	0.254575	0.594443	0.135918	0.0041256	3.12314e-05	8.72654e-08	1.14115e-10	8.14599e-14	3.8743e-17	1.92555e-20	1.56133e-22	4.87865e-25	5.08364e-26	1.74962e-27	
N40	2.85931e-86	8.84567e-62	4.513e-55	4.89205e-49	2.13456e-43	4.8574e-38	6.23566e-33	4.44941e-28	1.70515e-23	3.36265e-19	3.24571e-15	1.45148e-11	2.75976e-08	1.93819e-05	0.00395828	0.152275	0.600057	0.229891	0.0135728	0.000224692	1.49455e-06	4.97037e-09	9.53199e-12	1.16404e-14	9.74649e-18	6.25359e-21	5.64884e-24	7.56901e-26	5.6794e-27	
N41	4.5663e-87	2.71461e-62	2.46502e-55	4.28201e-49	2.54653e-43	6.3306e-38	6.7499e-33	2.48168e-28	5.71967e-26	1.60745e-21	3.47602e-17	3.56365e-13	1.60431e-09	2.79231e-06	0.00150149	0.15736	0.677036	0.159519	0.00454686	3.47398e-05	1.06106e-07	1.62691e-10	1.44577e-13	8.20761e-17	3.19038e-20	8.93876e-24	1.87756e-27	3.06509e-31	5.38904e-35	
CGA312	0	0	0	0	0	0	0	0	0	0	0	0	0	0	0	0	0	1	0	0	0	0	0	0	0	0	0	0	0	
N42	4.05174e-101	4.4022e-75	7.65279e-67	2.05301e-59	1.46581e-52	3.38608e-46	2.70093e-40	4.3301e-35	3.21105e-32	1.66845e-26	4.84046e-21	5.95813e-16	2.81004e-11	4.22819e-07	0.00138513	0.2112	0.700359	0.0864253	0.000628882	8.10068e-07	3.25547e-10	5.50795e-14	4.68526e-18	2.24059e-22	6.47243e-27	1.18142e-31	4.87688e-36	1.07453e-36	5.65935e-37	
N43	8.30029e-97	1.03657e-71	4.62909e-64	1.58419e-57	8.63453e-52	3.39807e-47	2.76753e-43	1.79561e-38	2.16949e-34	9.08066e-30	3.5646e-23	4.98998e-17	2.05359e-11	1.7381e-06	0.006635	0.386707	0.59906	0.00759283	3.06447e-06	1.86177e-10	3.43343e-15	2.64948e-20	1.00571e-25	2.05029e-31	2.3667e-37	7.8531e-43	3.08548e-42	2.35236e-42	2.2892e-41	
N44	2.90443e-91	2.57608e-67	3.15766e-61	7.02981e-56	5.06534e-51	1.53523e-46	2.25552e-42	5.70298e-38	3.90281e-34	6.12982e-28	6.24112e-22	2.30018e-16	2.85293e-11	9.45105e-07	0.00465713	0.373995	0.613669	0.00767244	5.57205e-06	8.87123e-10	5.11089e-14	1.32949e-18	1.75647e-23	1.43109e-27	4.55307e-31	3.78349e-34	5.09965e-38	1.00566e-39	1.60177e-38	
N45	1.03383e-95	5.96582e-70	4.28061e-62	4.87467e-55	1.50947e-48	1.54237e-42	5.43438e-37	5.70078e-32	4.68053e-29	2.20467e-26	3.1064e-21	2.11751e-16	6.10205e-12	6.4368e-08	0.000192641	0.0943804	0.836259	0.0689679	0.000199567	1.4966e-07	4.64028e-11	7.48476e-15	7.19392e-19	4.4998e-23	1.94675e-27	6.10188e-32	1.48364e-36	9.32002e-41	1.40642e-40	
CGA642	0	0	0	0	0	0	0	0	0	0	0	0	0	0	0	0	1	0	0	0	0	0	0	0	0	0	0	0	0	
N46	1.07984e-86	2.21721e-63	6.64772e-58	2.9103e-53	5.1136e-50	1.55173e-47	2.07364e-42	3.86782e-37	2.91826e-32	5.0096e-28	1.32551e-22	1.71679e-17	9.40225e-13	1.88969e-08	0.00010761	0.0989687	0.815441	0.0853039	0.000178507	9.13965e-08	1.87455e-11	1.95887e-15	1.20291e-19	4.82807e-24	3.38844e-28	3.94807e-31	1.60046e-34	8.83282e-38	3.08986e-39	
CGA763	0	0	0	0	0	0	0	0	0	0	0	0	0	0	0	1	0	0	0	0	0	0	0	0	0	0	0	0	0	
C601	0	0	0	0	0	0	0	0	0	0	0	0	0	0	0	0	0	1	0	0	0	0	0	0	0	0	0	0	0	
N47	1.59123e-86	5.18649e-63	2.52084e-57	1.592e-52	3.69021e-49	6.76538e-47	2.53606e-41	4.80311e-36	2.20703e-30	1.1123e-24	2.408e-19	2.09111e-14	6.38663e-10	5.32263e-06	0.00701546	0.388431	0.596304	0.00823151	1.21976e-05	4.94519e-09	8.18889e-13	6.8698e-17	3.32043e-21	1.55859e-25	1.26566e-28	2.65372e-31	8.87364e-35	2.24597e-37	1.03671e-36	
CGA236	0	0	0	0	0	0	0	0	0	0	0	0	0	0	0	0	1	0	0	0	0	0	0	0	0	0	0	0	0	
N48	8.141e-81	9.37848e-58	1.77924e-52	5.64651e-48	5.88738e-45	6.36849e-42	4.53146e-36	1.81498e-30	3.67221e-25	3.34312e-20	1.3019e-15	2.00781e-11	1.06398e-07	0.000149078	0.0330359	0.4678	0.490252	0.00873785	2.53801e-05	2.43965e-08	1.08121e-11	2.64925e-15	4.00789e-19	4.08085e-23	7.23032e-27	1.88004e-29	1.64667e-32	3.80427e-35	1.89868e-36	
N49	1.66604e-85	1.1198e-60	1.15114e-53	2.30892e-47	1.57258e-41	4.34292e-36	5.09614e-31	2.51374e-26	4.80841e-22	6.6549e-18	1.22207e-13	9.63872e-10	2.77319e-06	0.00207578	0.0708804	0.4628	0.428272	0.0357796	0.000189611	3.29475e-07	2.74923e-10	1.32862e-13	4.16409e-17	9.13486e-21	1.48702e-24	2.04622e-28	4.35637e-32	1.27372e-34	1.53289e-36	
Calboe	0	0	0	0	0	0	0	0	0	0	0	0	0	1	0	0	0	0	0	0	0	0	0	0	0	0	0	0	0	
C3125	0	0	0	0	0	0	0	0	0	0	0	0	0	0	0	0	0	1	0	0	0	0	0	0	0	0	0	0	0	
CGA429	0	0	0	0	0	0	0	0	0	0	0	0	0	0	1	0	0	0	0	0	0	0	0	0	0	0	0	0	0	
N50	5.5836e-82	3.44505e-58	3.0594e-52	4.82766e-47	5.52874e-43	1.35678e-40	6.92641e-37	2.92632e-32	2.33224e-26	9.1773e-21	1.38424e-15	7.15682e-11	1.01519e-06	0.0024475	0.22613	0.596271	0.174356	0.000793002	3.38186e-07	4.98915e-11	3.56351e-15	1.45297e-19	3.71687e-24	6.36302e-29	2.9889e-33	2.44473e-36	8.07795e-38	7.0102e-39	1.30381e-38	
C984	0	0	0	0	0	0	0	0	0	0	0	0	0	1	0	0	0	0	0	0	0	0	0	0	0	0	0	0	0	
N51	1.12634e-78	1.17834e-55	2.06669e-50	6.11239e-46	6.53353e-43	6.56136e-40	5.66226e-34	2.43528e-28	4.7627e-23	4.04401e-18	1.41264e-13	1.82568e-09	7.15994e-06	0.00572329	0.329132	0.562638	0.102085	0.000414228	3.65615e-07	1.3196e-10	2.5175e-14	2.9144e-18	2.22825e-22	1.43078e-26	1.39538e-29	5.28571e-32	3.60486e-35	6.6172e-38	5.16162e-39	
CGA310	0	0	0	0	0	0	0	0	0	0	0	0	0	0	1	0	0	0	0	0	0	0	0	0	0	0	0	0	0	
N52	1.28668e-83	7.4713e-59	7.21573e-52	1.52268e-45	1.25779e-39	4.93097e-34	9.61604e-29	9.33859e-24	4.43969e-19	9.7002e-15	9.17958e-11	3.37589e-07	0.000395398	0.0965862	0.731469	0.166457	0.00507015	2.22902e-05	3.60831e-08	2.94596e-11	1.43179e-14	4.59413e-18	1.04464e-21	1.77257e-25	2.33917e-29	2.60499e-33	3.80773e-37	7.66757e-40	6.77236e-42	
CGA365	0	0	0	0	0	0	0	0	0	0	0	0	0	0	1	0	0	0	0	0	0	0	0	0	0	0	0	0	0	
CGA494	0	0	0	0	0	0	0	0	0	0	0	0	0	1	0	0	0	0	0	0	0	0	0	0	0	0	0	0	0	
N53	6.40617e-95	2.34659e-69	1.08122e-61	8.00134e-55	1.64355e-48	1.13737e-42	2.81005e-37	2.15908e-32	7.99824e-30	6.85802e-26	6.76127e-21	3.24968e-16	6.80082e-12	5.45025e-08	0.000131861	0.0575519	0.566895	0.359026	0.0163319	6.33555e-05	7.28489e-08	3.67526e-11	9.94498e-15	1.6296e-18	1.75271e-22	1.31994e-26	8.0147e-31	2.18379e-34	1.62061e-34	
N54	2.81125e-85	4.24318e-62	9.58713e-57	3.88672e-52	3.56181e-48	5.92799e-45	9.56634e-42	1.18149e-36	1.347e-31	2.54649e-26	3.73731e-21	2.5029e-16	7.01515e-12	7.10125e-08	0.000196607	0.0787087	0.59015	0.324009	0.00692016	1.5114e-05	1.00339e-08	2.96308e-12	4.75295e-16	4.68052e-20	3.07064e-24	1.44718e-28	1.94245e-32	9.96515e-36	1.26237e-37	
C12265	0	0	0	0	0	0	0	0	0	0	0	0	0	0	0	0	0	1	0	0	0	0	0	0	0	0	0	0	0	
N55	8.47611e-102	1.68589e-75	1.79635e-66	1.17484e-58	1.66465e-51	7.04167e-45	1.01936e-38	5.4588e-33	3.31618e-31	2.55942e-26	1.20672e-20	2.37336e-15	1.72517e-10	3.90881e-06	0.0177876	0.923753	0.0579974	0.000458114	3.01937e-07	5.10274e-11	3.52443e-15	1.22015e-19	2.3615e-24	2.76226e-29	1.20448e-33	1.26665e-36	1.38688e-39	2.05257e-42	8.02315e-44	
C404	0	0	0	0	0	0	0	0	0	0	0	0	0	0	1	0	0	0	0	0	0	0	0	0	0	0	0	0	0	
N56	1.04032e-87	3.42708e-64	1.62689e-58	1.41797e-53	3.82668e-49	3.75503e-45	1.41222e-41	2.74826e-37	4.35032e-33	5.99762e-27	3.51262e-21	8.22246e-16	7.08198e-11	1.8644e-06	0.00924253	0.953764	0.0368694	0.000122184	4.27093e-08	4.57108e-12	2.19769e-16	5.748e-21	9.03803e-26	1.10793e-30	7.94699e-35	5.98933e-38	1.83373e-41	5.81695e-45	1.04445e-46	
Cl11778	0	0	0	0	0	0	0	0	0	0	0	0	0	0	0	1	0	0	0	0	0	0	0	0	0	0	0	0	0	
CGA48	0	0	0	0	0	0	0	0	0	0	0	0	0	0	0	1	0	0	0	0	0	0	0	0	0	0	0	0	0	
C3126	0	0	0	0	0	0	0	0	0	0	0	0	0	0	0	0	0	0	1	0	0	0	0	0	0	0	0	0	0	
N57	6.97808e-91	9.99341e-66	1.91009e-58	6.01037e-52	5.512e-46	1.9467e-40	3.1617e-35	2.61006e-30	7.7771e-26	1.79808e-24	1.51229e-21	2.91028e-17	2.90845e-13	1.24025e-09	1.94623e-06	0.000896483	0.082716	0.790784	0.123799	0.00179479	7.27543e-06	1.23678e-08	1.09409e-11	5.75501e-15	1.96789e-18	4.65755e-22	7.98795e-26	1.03081e-29	1.26694e-33	
CGA311	0	0	0	0	0	0	0	0	0	0	0	0	0	0	0	0	0	1	0	0	0	0	0	0	0	0	0	0	0	
N58	6.65285e-89	1.14893e-65	3.04141e-60	1.43465e-55	1.51423e-51	2.88913e-48	2.38219e-43	4.57053e-38	2.38144e-33	1.45304e-29	2.16051e-24	1.59105e-19	5.18286e-15	6.73046e-11	2.96259e-07	0.000339369	0.0638992	0.803056	0.131167	0.00153471	4.21738e-06	4.30605e-09	2.09149e-12	5.63899e-16	9.37446e-20	1.03945e-23	1.06613e-27	2.34002e-31	5.79122e-33	
N59	3.57294e-103	3.14593e-77	3.43811e-69	6.09633e-62	3.11302e-55	5.91797e-49	4.93153e-43	1.96622e-37	2.87469e-32	3.23709e-30	1.22969e-25	1.33295e-20	6.79076e-16	1.4516e-11	1.1215e-07	0.000242002	0.086298	0.868996	0.044276	0.000187961	2.04433e-07	8.83392e-11	1.915e-14	2.40161e-18	1.91489e-22	1.03699e-26	4.07993e-31	1.64744e-35	1.59478e-38	
CGA45	0	0	0	0	0	0	0	0	0	0	0	0	0	0	0	0	1	0	0	0	0	0	0	0	0	0	0	0	0	
N60	1.29501e-86	1.34558e-63	2.1481e-58	6.4615e-54	4.04037e-50	2.54468e-47	9.0683e-45	8.54178e-40	3.1001e-35	1.37654e-30	2.2303e-25	1.81734e-20	7.033e-16	1.19849e-11	7.90084e-08	0.000159812	0.0616775	0.895927	0.0420367	0.000198501	2.59525e-07	1.41713e-10	4.02544e-14	6.79781e-18	7.46875e-22	6.7038e-26	1.08904e-28	8.74305e-32	2.69509e-33	
C3043	0	0	0	0	0	0	0	0	0	0	0	0	0	0	0	0	0	1	0	0	0	0	0	0	0	0	0	0	0	
CGA364	0	0	0	0	0	0	0	0	0	0	0	0	0	0	0	0	0	1	0	0	0	0	0	0	0	0	0	0	0	
C2208	0	0	0	0	0	0	0	0	0	0	0	0	0	0	0	0	0	0	1	0	0	0	0	0	0	0	0	0	0	
N61	1.01575e-83	2.2945e-59	7.54318e-53	4.2695e-47	7.09916e-42	4.16908e-37	9.24235e-33	7.6503e-29	1.83656e-25	2.13588e-22	2.4547e-18	1.45408e-14	4.12931e-11	5.18864e-08	2.5513e-05	0.00405629	0.153684	0.788433	0.0529941	0.000801646	4.76087e-06	1.43592e-08	2.55651e-11	2.96604e-14	2.40451e-17	1.43436e-20	6.55144e-24	2.37021e-27	8.45815e-31	
N62	2.38523e-98	8.68863e-73	4.17169e-65	3.36101e-58	7.75412e-52	6.13641e-46	1.74463e-40	1.62828e-35	1.51005e-31	6.95071e-30	9.09147e-25	6.96473e-20	2.50162e-15	3.83956e-11	2.18621e-07	0.000362054	0.106909	0.876012	0.0166689	4.83282e-05	4.51858e-08	1.90038e-11	4.33472e-15	6.03827e-19	5.57096e-23	3.60885e-27	1.72249e-31	6.6108e-36	1.3829e-39	
CGA453	0	0	0	0	0	0	0	0	0	0	0	0	0	0	0	0	0	1	0	0	0	0	0	0	0	0	0	0	0	
N63	5.20774e-105	5.15098e-79	6.58964e-71	1.40302e-63	8.49653e-57	1.75396e-50	1.29225e-44	2.99573e-39	1.61404e-35	1.09387e-32	2.70366e-27	5.62262e-22	5.59036e-17	2.43179e-12	4.01755e-08	0.000196268	0.165738	0.829541	0.00452034	4.00755e-06	1.19715e-09	1.66151e-13	1.28348e-17	6.1887e-22	2.01477e-26	4.73783e-31	2.99732e-35	4.17898e-39	1.44846e-41	
CGA501	0	0	0	0	0	0	0	0	0	0	0	0	0	0	0	0	0	1	0	0	0	0	0	0	0	0	0	0	0	
C3121	0	0	0	0	0	0	0	0	0	0	0	0	0	0	0	0	1	0	0	0	0	0	0	0	0	0	0	0	0	
N64	3.93114e-103	9.64771e-77	2.48495e-68	9.17034e-61	8.62014e-54	2.578e-47	2.62901e-41	8.96925e-36	7.82673e-31	1.85257e-32	1.05489e-30	2.16834e-25	3.81284e-20	3.30606e-15	1.10434e-10	1.2212e-06	0.00328632	0.993121	0.00358964	2.04383e-06	3.92771e-10	3.42626e-14	1.57308e-18	4.1354e-23	6.47873e-28	6.1023e-33	3.38333e-38	1.03218e-43	2.06364e-49	
Calparcri	0	0	0	0	0	0	0	0	0	0	0	0	0	0	0	0	0	1	0	0	0	0	0	0	0	0	0	0	0	
C3118	0	0	0	0	0	0	0	0	0	0	0	0	0	0	0	0	0	1	0	0	0	0	0	0	0	0	0	0	0	
N65	9.09639e-87	6.52569e-63	6.57552e-57	1.21751e-51	7.28409e-47	2.25174e-42	1.47949e-36	1.80375e-30	9.93094e-25	2.38619e-19	1.84774e-14	3.55464e-10	1.14149e-06	0.000611811	0.0496586	0.493388	0.431412	0.0247865	0.000142111	1.73201e-07	7.04908e-11	1.24365e-14	1.10811e-18	6.40064e-23	1.27416e-26	3.05529e-29	1.94974e-32	5.82092e-35	1.02428e-35	
N66	1.25684e-86	7.34442e-62	6.27231e-55	9.94998e-49	5.23835e-43	1.16344e-37	1.24068e-32	6.91231e-28	2.30789e-23	4.83716e-19	4.98913e-15	2.27473e-11	4.18108e-08	2.67825e-05	0.00470108	0.148483	0.55315	0.272774	0.0204639	0.000397902	2.88634e-06	9.85053e-09	1.84534e-11	2.11403e-14	1.60387e-17	8.72889e-21	4.76261e-24	3.7556e-26	7.59864e-28	
N67	1.71085e-84	7.15277e-60	4.62486e-53	5.8048e-47	2.54954e-41	5.07507e-36	5.25076e-31	2.94318e-26	8.61751e-22	1.23131e-17	7.834e-14	2.01101e-10	1.85245e-07	5.6635e-05	0.00521425	0.121349	0.525458	0.323874	0.0236127	0.000432627	3.00863e-06	1.01012e-08	1.9093e-11	2.25732e-14	1.80089e-17	1.02636e-20	4.37092e-24	1.47121e-27	9.51526e-31	
N68	6.9573e-81	4.04483e-56	3.36834e-49	4.93323e-43	2.18533e-37	3.56289e-32	2.32994e-27	6.33677e-23	7.76631e-19	7.51711e-15	4.31662e-11	7.71269e-08	1.68287e-05	0.00114303	0.0277523	0.229193	0.522327	0.212394	0.00711526	5.903e-05	1.94326e-07	3.24847e-10	3.20095e-13	2.05277e-16	9.19017e-20	3.02592e-23	7.64492e-27	1.58081e-30	1.26845e-33	
N69	4.1424e-87	3.03569e-62	3.0974e-55	5.44929e-49	2.94868e-43	6.4014e-38	6.50461e-33	3.0257e-28	3.64614e-24	1.56612e-21	2.42135e-17	1.77613e-13	5.11368e-10	5.26354e-07	0.000173092	0.0153825	0.281673	0.654899	0.0472497	0.000619361	2.71432e-06	5.38312e-09	5.7833e-12	3.78871e-15	1.64495e-18	5.05418e-22	1.2151e-25	1.04689e-28	6.05246e-31	
Triowe	0	0	0	0	0	0	0	0	0	0	0	0	0	0	0	0	0	1	0	0	0	0	0	0	0	0	0	0	0	
N70	6.5686e-91	3.50558e-66	2.6434e-59	3.42044e-53	1.34555e-47	2.12712e-42	1.78943e-37	1.11194e-32	5.98064e-28	2.42032e-23	5.41926e-19	5.80544e-15	2.77908e-11	5.35649e-08	3.54663e-05	0.00633128	0.2103	0.720831	0.0615734	0.000924132	4.60337e-06	1.0394e-08	1.27734e-11	9.62538e-15	4.83435e-18	1.7411e-21	7.13893e-25	1.16835e-27	7.21779e-29	
Trijoh	0	0	0	0	0	0	0	0	0	0	0	0	0	0	0	0	0	1	0	0	0	0	0	0	0	0	0	0	0	
Trimel	0	0	0	0	0	0	0	0	0	0	0	0	0	0	0	0	0	1	0	0	0	0	0	0	0	0	0	0	0	
N71	6.41367e-75	5.38016e-50	6.70166e-43	1.56273e-36	1.1867e-30	3.56155e-25	4.56235e-20	2.52986e-15	5.66125e-11	4.62366e-07	0.00110767	0.451419	0.452693	0.0887304	0.00588726	0.000160345	1.87818e-06	8.83918e-09	1.40559e-11	1.05637e-14	4.56417e-18	1.27411e-21	2.47966e-25	3.54752e-29	3.87796e-33	3.33504e-37	2.30786e-41	1.30942e-45	7.08079e-50	
N72	3.05684e-76	5.40024e-51	1.35134e-43	5.98373e-37	8.00453e-31	3.89948e-25	7.41068e-20	5.49769e-15	1.49878e-10	1.30766e-06	0.00274209	0.693989	0.286739	0.0162792	0.000247982	1.33173e-06	2.863e-09	2.62629e-12	1.11705e-15	2.63216e-19	3.90339e-23	3.97317e-27	2.95095e-31	1.67833e-35	7.71907e-40	1.80355e-43	4.40671e-47	3.25286e-49	4.76199e-52	
Trihoe	0	0	0	0	0	0	0	0	0	0	0	1	0	0	0	0	0	0	0	0	0	0	0	0	0	0	0	0	0	
Tribit	0	0	0	0	0	0	0	0	0	0	0	1	0	0	0	0	0	0	0	0	0	0	0	0	0	0	0	0	0	
Trijac	0	0	0	0	0	0	0	0	0	0	0	1	0	0	0	0	0	0	0	0	0	0	0	0	0	0	0	0	0	
N73	1.05706e-85	3.14612e-61	1.36405e-54	1.0453e-48	2.50975e-43	2.45334e-38	1.16205e-33	2.7491e-29	2.15897e-25	3.10967e-22	3.79144e-18	2.35584e-14	6.84405e-11	8.52089e-08	3.97707e-05	0.00564575	0.175354	0.728488	0.0883456	0.00210885	1.77005e-05	6.96048e-08	1.52122e-10	2.06828e-13	1.89434e-16	1.2397e-19	6.06631e-23	2.31807e-26	1.01217e-29	
Tricri	0	0	0	0	0	0	0	0	0	0	0	0	0	0	0	0	0	1	0	0	0	0	0	0	0	0	0	0	0	
N74	3.9157e-91	1.89973e-66	1.30525e-59	1.54236e-53	5.39402e-48	6.88134e-43	3.69592e-38	1.04746e-33	2.48978e-29	8.18519e-25	2.1106e-20	2.74088e-16	1.69517e-12	4.59369e-09	4.78517e-06	0.00154895	0.107635	0.801722	0.0874951	0.00158507	9.35757e-06	2.48321e-08	3.57073e-11	3.141e-14	1.83936e-17	7.63058e-21	2.37092e-24	6.34303e-28	2.1585e-30	
Triwie	0	0	0	0	0	0	0	0	0	0	0	0	0	0	0	0	0	1	0	0	0	0	0	0	0	0	0	0	0	
Triqua	0	0	0	0	0	0	0	0	0	0	0	0	0	0	0	0	0	1	0	0	0	0	0	0	0	0	0	0	0	
N75	2.9511e-81	4.46687e-57	1.21991e-50	7.02026e-45	1.48221e-39	1.40776e-34	6.58575e-30	1.58229e-25	1.98642e-21	1.30164e-17	4.36996e-14	7.25744e-11	5.62064e-08	1.84595e-05	0.00220289	0.0732261	0.430092	0.414225	0.0759136	0.00422296	9.77224e-05	1.15112e-06	7.90216e-09	3.47729e-11	1.05202e-13	2.31514e-16	4.05696e-19	1.61102e-21	1.78548e-22	
N76	2.0693e-80	1.41209e-56	1.49607e-50	2.88586e-45	1.84784e-40	5.46644e-36	1.02295e-31	1.51577e-27	1.74771e-23	1.33913e-19	5.71894e-16	1.25913e-12	1.36532e-09	6.79229e-07	0.000139114	0.00993188	0.190596	0.647628	0.143722	0.00781257	0.000166806	1.787e-06	1.11569e-08	4.48911e-11	1.25086e-13	2.54713e-16	3.95151e-19	4.83933e-22	6.15007e-25	
Kinboe	0	0	0	0	0	0	0	0	0	0	0	0	0	0	0	0	0	1	0	0	0	0	0	0	0	0	0	0	0	
Kinfis	0	0	0	0	0	0	0	0	0	0	0	0	0	0	0	0	0	1	0	0	0	0	0	0	0	0	0	0	0	
Kinxen	0	0	0	0	0	0	0	0	0	0	0	0	0	0	0	0	0	1	0	0	0	0	0	0	0	0	0	0	0	
N77	3.17413e-68	8.85447e-46	4.25063e-41	3.21467e-37	2.5342e-34	1.95309e-32	5.24503e-28	3.94633e-23	1.24909e-18	1.60483e-14	7.64171e-11	1.12243e-07	3.61754e-05	0.00327369	0.0852668	0.509196	0.380521	0.0215217	0.00018432	5.39226e-07	7.52358e-10	5.98318e-13	3.02089e-16	1.04701e-19	4.77115e-23	4.46693e-25	4.2795e-27	1.8496e-29	7.00129e-30	
N78	1.07628e-63	6.40412e-40	6.21584e-34	1.09918e-28	6.12168e-24	1.31229e-19	1.17827e-15	4.53391e-12	7.2978e-09	4.55492e-06	0.000945562	0.0478887	0.265274	0.404638	0.226463	0.0504765	0.00420263	0.000105833	1.17203e-06	7.21215e-09	2.82554e-11	7.69068e-14	1.54511e-16	2.39544e-19	2.96487e-22	3.00946e-25	2.56211e-28	1.89432e-31	2.37546e-34	
N79	7.72682e-73	6.48449e-48	7.79098e-41	1.64484e-34	1.04505e-28	2.4105e-23	2.17381e-18	7.68113e-14	1.00038e-09	4.23287e-06	0.00449044	0.641342	0.328767	0.0248728	0.000520123	3.87099e-06	1.17884e-08	1.66601e-11	1.26731e-14	5.83058e-18	1.76713e-21	3.75783e-25	5.87999e-29	7.02305e-33	6.59064e-37	4.97321e-41	3.0765e-45	1.61334e-49	1.04753e-53	
N80	1.39525e-78	3.94177e-53	1.57305e-45	1.14857e-38	2.65339e-32	2.31875e-26	8.1389e-21	1.13651e-15	5.58242e-11	8.27238e-07	0.00270104	0.91156	0.0850368	0.00070013	1.28671e-06	8.28857e-10	2.43897e-13	3.88586e-17	3.76308e-21	2.40481e-25	1.07739e-29	3.54333e-34	8.91594e-39	2.81496e-43	1.72791e-47	1.46424e-50	9.89375e-55	4.39757e-58	4.15415e-62	
N81	9.02494e-76	1.59584e-50	3.95879e-43	1.72125e-36	2.24209e-30	1.05526e-24	1.92101e-19	1.35062e-14	3.43758e-10	2.73086e-06	0.00495766	0.938325	0.0564228	0.00029159	3.93333e-07	2.17069e-10	6.21467e-14	1.06675e-17	1.2087e-21	9.73748e-26	6.27071e-30	3.09317e-33	5.24202e-36	1.18788e-37	1.90003e-41	1.10751e-43	1.15512e-47	1.84373e-50	2.68427e-54	
Chaafr	0	0	0	0	0	0	0	0	0	0	0	1	0	0	0	0	0	0	0	0	0	0	0	0	0	0	0	0	0	
Chacha	0	0	0	0	0	0	0	0	0	0	0	1	0	0	0	0	0	0	0	0	0	0	0	0	0	0	0	0	0	
N82	1.55898e-75	2.36962e-50	5.23931e-43	2.09303e-36	2.56387e-30	1.15416e-24	2.035e-19	1.39914e-14	3.50657e-10	2.76136e-06	0.00500455	0.950484	0.0443149	0.000193526	2.32928e-07	1.18489e-10	3.19497e-14	5.24698e-18	5.76036e-22	4.52721e-26	2.73126e-30	4.46447e-34	5.12723e-37	6.13386e-39	1.03505e-42	3.22424e-45	3.52881e-49	3.28022e-52	4.50215e-56	
Chacaly	0	0	0	0	0	0	0	0	0	0	0	1	0	0	0	0	0	0	0	0	0	0	0	0	0	0	0	0	0	
Chazey	0	0	0	0	0	0	0	0	0	0	0	1	0	0	0	0	0	0	0	0	0	0	0	0	0	0	0	0	0	
N83	4.53898e-70	2.30483e-45	1.67573e-38	2.10881e-32	7.89206e-27	1.06372e-21	5.54157e-17	1.11713e-12	8.20481e-09	1.90735e-05	0.0105166	0.696909	0.278459	0.0139177	0.000177992	8.23658e-07	1.72611e-09	1.93145e-12	1.30322e-15	5.79728e-19	1.81723e-22	4.23644e-26	8.50908e-30	4.96668e-32	3.65801e-35	1.15101e-36	5.01151e-40	7.37059e-42	8.64252e-45	
Chadil	0	0	0	0	0	0	0	0	0	0	0	1	0	0	0	0	0	0	0	0	0	0	0	0	0	0	0	0	0	
Chasen	0	0	0	0	0	0	0	0	0	0	0	1	0	0	0	0	0	0	0	0	0	0	0	0	0	0	0	0	0	
Chanam	0	0	0	0	0	0	0	0	0	0	0	1	0	0	0	0	0	0	0	0	0	0	0	0	0	0	0	0	0	
N84	9.46733e-87	7.09356e-62	7.53619e-55	1.34173e-48	6.81653e-43	1.18185e-37	7.28401e-33	1.33712e-28	9.27374e-27	6.79404e-24	2.04637e-19	3.08345e-15	2.15495e-11	6.30217e-08	6.67271e-05	0.0198975	0.954571	0.0253288	0.000135685	2.70903e-07	2.65049e-10	1.48807e-13	5.31169e-17	1.29463e-20	2.26957e-24	2.97569e-28	3.00712e-32	2.40771e-36	1.84391e-40	
N85	1.19478e-108	4.2184e-82	5.51424e-73	7.8339e-65	2.44487e-57	2.25832e-50	6.25324e-44	4.86116e-38	5.98178e-35	1.03413e-32	4.78222e-27	1.18837e-21	2.70103e-16	2.1692e-11	5.17168e-07	0.00250605	0.990537	0.00695152	4.75384e-06	8.46386e-10	5.92222e-14	2.00652e-18	3.69878e-23	3.98637e-28	2.84294e-33	2.93569e-37	1.10271e-39	1.78276e-41	6.92546e-42	
N86	4.9327e-93	3.95668e-69	4.28089e-63	8.23579e-58	4.91699e-53	1.12645e-48	1.09405e-44	4.50424e-41	1.01772e-38	1.64325e-34	2.83931e-28	2.1281e-22	6.50184e-17	7.33538e-12	2.54976e-07	0.00183217	0.992354	0.00581108	2.96555e-06	3.8468e-10	1.96113e-14	4.90819e-19	6.80292e-24	6.19982e-29	3.23095e-32	2.3517e-35	2.54223e-39	2.89139e-43	1.32797e-42	
Braset	0	0	0	0	0	0	0	0	0	0	0	0	0	0	0	0	1	0	0	0	0	0	0	0	0	0	0	0	0	
N87	5.24642e-92	2.61653e-68	1.89429e-62	2.52112e-57	4.33711e-54	6.82614e-52	2.20812e-46	9.42543e-41	1.67989e-37	3.3005e-32	1.94274e-26	5.34931e-21	6.54294e-16	3.23851e-11	5.48337e-07	0.00227127	0.992138	0.00558628	3.94774e-06	8.54312e-10	8.16859e-14	4.18026e-18	1.28232e-22	2.56847e-27	2.62862e-31	2.17404e-34	3.02701e-38	1.41686e-41	1.46525e-43	
N88	2.44465e-109	1.94615e-82	1.60697e-73	1.9007e-65	5.71022e-58	5.46615e-51	1.77971e-44	1.8225e-38	1.92861e-36	1.58317e-35	1.57514e-29	1.16414e-23	4.88621e-18	8.07742e-13	4.56062e-08	0.000647594	0.998144	0.00120862	2.06125e-07	1.15723e-11	2.93309e-16	3.91554e-21	3.00056e-26	1.3745e-31	3.83944e-37	8.4423e-43	2.95061e-48	4.13302e-53	1.15138e-57	
Bramel	0	0	0	0	0	0	0	0	0	0	0	0	0	0	0	0	1	0	0	0	0	0	0	0	0	0	0	0	0	
Bratha	0	0	0	0	0	0	0	0	0	0	0	0	0	0	0	0	1	0	0	0	0	0	0	0	0	0	0	0	0	
N89	1.41331e-105	2.35169e-79	4.79983e-71	1.57467e-63	1.42971e-56	4.33799e-50	4.62703e-44	1.47353e-38	2.87274e-36	3.33615e-32	1.78807e-26	4.68639e-21	5.62989e-16	2.80023e-11	4.8631e-07	0.00211277	0.993791	0.00409309	2.34843e-06	4.38378e-10	3.75881e-14	1.77889e-18	5.19374e-23	1.00677e-27	1.51115e-32	8.0195e-37	6.42491e-41	1.90938e-44	4.06565e-47	
Bradra	0	0	0	0	0	0	0	0	0	0	0	0	0	0	0	0	1	0	0	0	0	0	0	0	0	0	0	0	0	
Bratra	0	0	0	0	0	0	0	0	0	0	0	0	0	0	0	0	1	0	0	0	0	0	0	0	0	0	0	0	0	
N90	7.61926e-102	5.9478e-76	5.96324e-68	9.94756e-61	4.73299e-54	7.72485e-48	4.53368e-42	8.0598e-37	1.06352e-34	1.21614e-30	3.82863e-25	5.92728e-20	4.23018e-15	1.25673e-10	1.30953e-06	0.00343343	0.990188	0.00637183	5.83788e-06	1.75857e-09	2.45194e-13	1.9005e-17	9.15942e-22	2.95573e-26	6.77471e-31	1.38423e-35	5.38262e-40	1.5122e-43	2.3356e-46	
Bragut	0	0	0	0	0	0	0	0	0	0	0	0	0	0	0	0	1	0	0	0	0	0	0	0	0	0	0	0	0	
Braven	0	0	0	0	0	0	0	0	0	0	0	0	0	0	0	0	1	0	0	0	0	0	0	0	0	0	0	0	0	
N91	2.56686e-96	4.98724e-71	1.31562e-63	5.93462e-57	7.80622e-51	3.59153e-45	6.08396e-40	3.18493e-35	1.21868e-31	1.47704e-26	1.22716e-21	4.99444e-17	9.34241e-13	7.23322e-09	1.94163e-05	0.0129557	0.964333	0.0226143	7.69861e-05	8.56912e-08	4.38918e-11	1.24867e-14	2.22092e-18	2.67752e-22	2.32637e-26	1.64465e-30	1.65161e-34	1.22624e-37	8.72147e-40	
Brapum	0	0	0	0	0	0	0	0	0	0	0	0	0	0	0	0	1	0	0	0	0	0	0	0	0	0	0	0	0	
Bradam	0	0	0	0	0	0	0	0	0	0	0	0	0	0	0	0	1	0	0	0	0	0	0	0	0	0	0	0	0	
