NODE	1	2	3	4	5	6	7	8	9	10	11	12	13	14	15	16	17	18	19	20	21	22	23	24	25	26	27	28	29	30	31	32	33	34	35	36	37	38	39	40	41	
N1	1.6747e-33	8.79369e-29	4.31648e-25	7.39703e-23	1.92043e-20	6.08155e-19	5.30377e-19	7.53285e-17	4.29248e-15	1.59796e-14	4.83269e-14	2.53952e-13	1.19499e-13	2.51999e-14	2.93185e-13	1.02143e-11	7.6768e-11	1	2.88182e-11	2.53188e-12	9.42988e-14	1.83112e-15	2.11748e-17	1.59663e-19	8.37888e-22	3.21338e-24	9.35277e-27	2.12888e-29	3.88303e-32	5.7908e-35	7.18096e-38	7.51148e-41	6.70984e-44	5.17336e-47	3.47499e-50	2.0503e-53	1.07034e-56	4.97591e-60	2.072e-63	7.76862e-67	2.73185e-70	
N2	1.06233e-36	2.72013e-32	1.16987e-28	1.67913e-25	4.08463e-23	1.10665e-21	9.69739e-21	2.90897e-18	7.73255e-16	2.22744e-14	3.48884e-13	2.54654e-11	7.28435e-10	1.03448e-08	1.1483e-06	0.0003308	0.0358453	0.79409	0.163239	0.00640793	8.52926e-05	5.35594e-07	9.66624e-09	6.58587e-09	1.54926e-09	1.48583e-10	2.30364e-11	7.45248e-14	4.91175e-16	1.33636e-18	3.82887e-21	5.14447e-22	6.05365e-24	6.37165e-25	5.46175e-27	2.90629e-28	2.56897e-31	9.48773e-34	4.73365e-37	1.4937e-39	7.86406e-42	
N3	1.51412e-42	1.98883e-36	1.42994e-31	1.71202e-27	4.23892e-24	1.22339e-21	1.47053e-20	1.8812e-16	1.00062e-12	2.75513e-12	3.85826e-12	8.05689e-10	3.40573e-09	1.35367e-09	1.20086e-07	0.00010459	0.0236209	0.652527	0.308943	0.0146445	0.000159247	6.26789e-07	1.81506e-09	2.62593e-11	2.61263e-13	1.71535e-15	9.23222e-18	9.15655e-21	9.56332e-24	8.13558e-27	4.54228e-30	1.40863e-32	1.20092e-35	3.02187e-38	1.56839e-41	2.06408e-44	3.99416e-48	1.72444e-51	2.01893e-55	5.34473e-59	1.06705e-62	
N4	6.82641e-43	4.10635e-37	1.74183e-32	3.1467e-28	5.77845e-25	1.27022e-22	8.54662e-21	3.02409e-17	2.38061e-14	1.29507e-13	4.69985e-13	2.12488e-11	1.49927e-10	9.72971e-10	3.38051e-07	0.000196352	0.0302444	0.621905	0.328032	0.0193457	0.000274835	1.40255e-06	3.82925e-09	1.96549e-10	1.55336e-11	3.83051e-13	2.14479e-14	5.48909e-17	3.2746e-19	6.29227e-22	3.68823e-25	6.59275e-27	1.72095e-29	6.49057e-31	7.30951e-34	1.70466e-35	4.19843e-39	2.86505e-41	4.55379e-45	1.05177e-47	3.49822e-51	
B3088	0	0	0	0	0	0	0	0	0	0	0	0	0	0	0	0	0	1	0	0	0	0	0	0	0	0	0	0	0	0	0	0	0	0	0	0	0	0	0	0	0	
N5	5.11497e-40	3.85315e-35	4.87596e-31	2.5264e-27	1.45282e-24	2.57277e-22	3.1328e-20	2.55701e-17	6.9521e-15	8.72226e-14	1.10349e-12	5.76269e-11	1.02837e-09	1.66801e-08	2.96158e-06	0.00066453	0.0475758	0.598041	0.327885	0.0252654	0.00056044	5.10569e-06	2.62464e-08	1.83937e-09	2.81619e-10	1.61098e-11	1.99561e-12	1.53124e-14	2.39136e-16	1.37885e-18	2.39369e-21	8.97492e-23	7.06215e-25	6.91536e-26	2.68604e-28	1.69128e-29	1.63003e-32	3.57999e-34	2.20571e-37	1.66893e-39	2.11887e-42	
N6	2.36142e-43	2.28251e-42	2.27019e-41	2.11113e-40	1.82739e-39	2.17214e-27	1.08162e-37	5.37054e-23	7.72925e-15	3.15733e-20	4.65068e-20	8.99397e-13	5.7204e-18	6.05882e-33	1.55523e-32	6.04023e-14	6.23932e-07	0.999997	2.07886e-06	7.43098e-13	5.16491e-33	1.42355e-33	3.85198e-34	2.21902e-34	2.19624e-34	2.77067e-34	3.44522e-34	2.40498e-34	1.73977e-34	1.43333e-34	8.46447e-35	1.28943e-34	1.19385e-34	2.2347e-34	1.94171e-34	2.84815e-34	1.89386e-34	1.97183e-34	1.07244e-34	9.48794e-35	7.79865e-35	
BGA709	0	0	0	0	0	0	0	0	0	0	0	0	0	0	0	0	0	1	0	0	0	0	0	0	0	0	0	0	0	0	0	0	0	0	0	0	0	0	0	0	0	
BGA710	0	0	0	0	0	0	0	0	0	0	0	0	0	0	0	0	0	1	0	0	0	0	0	0	0	0	0	0	0	0	0	0	0	0	0	0	0	0	0	0	0	
BGA309	0	0	0	0	0	0	0	0	0	0	0	0	0	0	0	0	0	1	0	0	0	0	0	0	0	0	0	0	0	0	0	0	0	0	0	0	0	0	0	0	0	
N7	1.56458e-42	1.37745e-36	8.53667e-32	5.42338e-28	3.35399e-25	2.56414e-22	1.67976e-21	1.77762e-17	8.53742e-14	7.94862e-14	2.66466e-13	1.3817e-10	3.47287e-10	1.38653e-10	2.04142e-08	3.11395e-05	0.0131066	0.751563	0.229669	0.00559953	3.14513e-05	6.44177e-08	6.97341e-11	3.27711e-13	2.95255e-15	1.67842e-17	1.05834e-19	1.0359e-22	1.24673e-25	8.50994e-29	2.37366e-32	4.67849e-35	3.40416e-38	1.14695e-40	5.15868e-44	9.97273e-47	1.62214e-50	1.28993e-53	1.24781e-57	4.24327e-61	5.98503e-65	
N8	2.05467e-39	3.61866e-34	6.46755e-30	3.16887e-26	1.3082e-23	6.33434e-21	1.96657e-19	8.05501e-16	1.23175e-12	2.54922e-12	1.19322e-11	1.67974e-09	3.61704e-09	3.52051e-09	6.17555e-07	0.000290232	0.0398287	0.793081	0.16198	0.00477581	4.29053e-05	1.67629e-07	4.30781e-10	5.87413e-12	1.09341e-13	1.44176e-15	1.77329e-17	4.04038e-20	1.0417e-22	1.75892e-25	1.57935e-28	9.08512e-31	1.96416e-33	1.5128e-35	2.31771e-38	9.76853e-41	5.445e-44	8.76284e-47	3.04184e-50	2.49927e-53	1.324e-56	
N9	6.16597e-47	7.82309e-46	9.98647e-45	1.21197e-43	1.42496e-42	3.45775e-30	1.91366e-40	2.26856e-25	4.95398e-17	4.5178e-22	1.27957e-21	4.03653e-14	5.88469e-19	8.40787e-34	3.99924e-33	3.88157e-14	5.50092e-07	0.999998	1.90291e-06	5.04442e-13	1.42e-33	2.13155e-34	3.43638e-35	3.70872e-35	6.06178e-35	9.44381e-35	1.70115e-34	7.8714e-35	4.93713e-35	2.76871e-35	1.04224e-35	2.5727e-35	2.39102e-35	8.09267e-35	6.23005e-35	1.5023e-34	5.99786e-35	7.12925e-35	2.21013e-35	1.79142e-35	9.86279e-36	
B11696	0	0	0	0	0	0	0	0	0	0	0	0	0	0	0	0	0	1	0	0	0	0	0	0	0	0	0	0	0	0	0	0	0	0	0	0	0	0	0	0	0	
B11697	0	0	0	0	0	0	0	0	0	0	0	0	0	0	0	0	0	1	0	0	0	0	0	0	0	0	0	0	0	0	0	0	0	0	0	0	0	0	0	0	0	
N10	4.67189e-48	7.02373e-41	6.19298e-35	4.02335e-31	1.53649e-28	5.04793e-24	1.43689e-24	3.46773e-19	4.41472e-14	7.63354e-16	2.3995e-15	4.39025e-11	1.18943e-12	6.16006e-15	2.90511e-12	9.72954e-08	0.000877121	0.995923	0.00319887	1.37943e-06	1.78197e-10	9.91046e-15	3.67209e-19	6.80041e-23	1.44343e-26	2.1105e-30	2.88551e-34	7.12997e-39	1.9795e-43	3.65874e-48	3.42414e-53	1.86482e-57	2.88173e-62	1.40181e-66	1.05546e-71	2.15108e-76	4.49665e-82	2.29303e-87	1.71725e-93	2.18771e-99	8.13542e-106	
B11609	0	0	0	0	0	0	0	0	0	0	0	0	0	0	0	0	0	1	0	0	0	0	0	0	0	0	0	0	0	0	0	0	0	0	0	0	0	0	0	0	0	
BGA392	0	0	0	0	0	0	0	0	0	0	0	0	0	0	0	0	0	1	0	0	0	0	0	0	0	0	0	0	0	0	0	0	0	0	0	0	0	0	0	0	0	
N11	1.46231e-49	1.24106e-42	5.87346e-37	1.13333e-32	2.95114e-29	9.15596e-26	3.78041e-25	1.94574e-20	3.63203e-16	1.65699e-16	6.45886e-16	8.16387e-13	2.45192e-12	7.09855e-13	4.73224e-10	3.45379e-06	0.00558724	0.802981	0.189302	0.00212177	4.09822e-06	2.40112e-09	6.22797e-13	1.51058e-15	1.05398e-17	2.28967e-20	1.11902e-22	3.14416e-26	1.63513e-29	8.89691e-32	1.15214e-32	2.34542e-33	7.74436e-35	4.12466e-35	7.02152e-37	2.73062e-37	1.31033e-39	2.11815e-40	6.8583e-43	3.99729e-44	2.68041e-46	
N12	1.75891e-41	8.48193e-37	2.70684e-33	1.43005e-30	6.45491e-29	1.81363e-27	2.40807e-26	8.03597e-22	6.03263e-18	4.50567e-18	2.64088e-17	2.08061e-14	1.17373e-13	3.02602e-13	5.36211e-10	3.68303e-06	0.00575391	0.813067	0.179339	0.00183391	3.29345e-06	1.83817e-09	4.55292e-13	5.55829e-15	2.79873e-16	1.62354e-18	5.71984e-20	3.66402e-23	6.78265e-26	2.21451e-29	1.20044e-33	4.65073e-36	2.53517e-39	8.20865e-41	1.57818e-44	3.48311e-46	8.07983e-51	5.33226e-53	7.50128e-58	1.0388e-60	3.71732e-65	
N13	5.4609e-46	2.1985e-40	9.8287e-36	1.38003e-31	1.71023e-28	1.93852e-25	1.95676e-23	1.78414e-19	5.73586e-16	3.80058e-15	4.5797e-14	1.23293e-11	8.22103e-11	2.61717e-10	9.96045e-08	8.91626e-05	0.0229666	0.812757	0.160967	0.0032026	1.75264e-05	3.9517e-08	5.73119e-11	2.14858e-12	1.04822e-13	2.17916e-15	7.58443e-17	1.38425e-19	4.97069e-22	5.63651e-25	2.5135e-28	2.44738e-30	6.69968e-33	1.57085e-34	2.89654e-37	3.78214e-39	1.14963e-42	4.05827e-45	7.88465e-49	8.28716e-52	3.13705e-55	
N14	5.15959e-47	8.80259e-46	1.48965e-44	2.35964e-43	3.48143e-42	1.28867e-29	5.98703e-40	9.2474e-25	1.67333e-16	1.56908e-21	3.91028e-21	9.41531e-14	1.35469e-18	1.29931e-33	5.4161e-33	6.0346e-14	6.76136e-07	0.999997	2.18778e-06	6.95848e-13	1.6309e-33	2.69402e-34	4.99975e-35	5.40473e-35	8.45939e-35	1.31681e-34	2.13187e-34	1.06531e-34	6.4393e-35	3.76076e-35	1.59557e-35	3.64596e-35	3.55773e-35	1.0575e-34	9.1001e-35	1.86679e-34	8.65664e-35	8.93109e-35	3.14882e-35	2.37509e-35	1.45384e-35	
B985	0	0	0	0	0	0	0	0	0	0	0	0	0	0	0	0	0	1	0	0	0	0	0	0	0	0	0	0	0	0	0	0	0	0	0	0	0	0	0	0	0	
B983	0	0	0	0	0	0	0	0	0	0	0	0	0	0	0	0	0	1	0	0	0	0	0	0	0	0	0	0	0	0	0	0	0	0	0	0	0	0	0	0	0	
N15	3.21553e-44	5.0319e-38	5.62816e-33	5.49245e-29	3.45319e-26	1.11865e-22	8.31456e-22	1.88843e-17	1.80886e-13	6.99105e-14	2.89791e-13	3.00796e-10	1.46452e-10	1.99675e-11	6.67414e-09	1.63687e-05	0.0110177	0.945997	0.0427181	0.000249875	4.32589e-07	3.22097e-10	1.6427e-13	5.56739e-16	2.18301e-18	5.74577e-21	1.50956e-23	6.36649e-27	3.29347e-30	1.08212e-33	1.91608e-37	2.5792e-40	1.10187e-43	1.81699e-46	5.10435e-50	4.67759e-53	4.57656e-57	1.51126e-60	1.19034e-64	1.6015e-66	6.29206e-67	
N16	1.15257e-50	3.05686e-49	7.40161e-48	1.56346e-46	2.84504e-45	5.80376e-33	5.88801e-43	4.54069e-28	1.29582e-19	1.09416e-24	4.41253e-24	3.15423e-16	7.81738e-21	4.05109e-35	4.37696e-34	5.95856e-15	2.29093e-07	0.999999	8.20167e-07	8.11974e-14	1.64305e-34	1.09e-35	9.98347e-37	3.56271e-36	1.12439e-35	2.11439e-35	7.70661e-35	1.738e-35	9.75097e-36	2.69905e-36	4.9064e-37	2.4973e-36	2.37755e-36	1.84391e-35	1.30701e-35	7.31621e-35	1.23253e-35	1.68534e-35	2.34039e-36	1.78325e-36	6.85528e-37	
B199	0	0	0	0	0	0	0	0	0	0	0	0	0	0	0	0	0	1	0	0	0	0	0	0	0	0	0	0	0	0	0	0	0	0	0	0	0	0	0	0	0	
BGAA3	0	0	0	0	0	0	0	0	0	0	0	0	0	0	0	0	0	1	0	0	0	0	0	0	0	0	0	0	0	0	0	0	0	0	0	0	0	0	0	0	0	
N17	1.14522e-50	3.04043e-49	7.36883e-48	1.55795e-46	2.8374e-45	1.16115e-32	5.87925e-43	9.09027e-28	1.83021e-19	2.18894e-24	8.82222e-24	4.44881e-16	1.56318e-20	4.04396e-35	4.37258e-34	1.19414e-14	3.24176e-07	0.999999	1.16123e-06	1.62881e-13	1.64341e-34	1.08962e-35	9.97011e-37	3.55863e-36	1.12368e-35	2.11279e-35	7.70625e-35	1.73735e-35	9.75161e-36	2.69818e-36	4.89998e-37	2.49464e-36	2.37455e-36	1.84309e-35	1.30568e-35	7.31615e-35	1.23142e-35	1.68565e-35	2.33899e-36	1.78303e-36	6.84878e-37	
B11604	0	0	0	0	0	0	0	0	0	0	0	0	0	0	0	0	0	1	0	0	0	0	0	0	0	0	0	0	0	0	0	0	0	0	0	0	0	0	0	0	0	
BGA583	0	0	0	0	0	0	0	0	0	0	0	0	0	0	0	0	0	1	0	0	0	0	0	0	0	0	0	0	0	0	0	0	0	0	0	0	0	0	0	0	0	
N18	3.08208e-46	5.43332e-40	6.94106e-35	1.00336e-30	1.08498e-27	2.75166e-24	4.38633e-23	1.04921e-18	9.41168e-15	1.00821e-14	7.1064e-14	4.54908e-11	8.3266e-11	3.75038e-11	1.67948e-08	3.07486e-05	0.0149053	0.872528	0.11118	0.00135181	4.22055e-06	5.18168e-09	3.98353e-12	3.34266e-14	3.56291e-16	2.14312e-18	1.46213e-20	1.0351e-23	1.0224e-26	4.68615e-30	9.87547e-34	2.35086e-36	1.8224e-39	7.38196e-42	3.9661e-45	8.45432e-48	1.11873e-51	7.42402e-55	5.96569e-59	1.513e-62	1.9259e-66	
N19	1.70306e-48	3.17659e-47	2.92349e-42	2.94448e-38	1.70995e-35	1.11708e-28	3.17538e-31	1.25628e-23	2.57849e-16	3.40144e-20	1.07575e-19	2.93584e-13	5.9162e-17	1.98284e-21	1.15157e-18	5.20157e-12	6.46273e-06	0.999973	2.09606e-05	6.0196e-11	5.41295e-17	1.23095e-34	1.9459e-35	2.87702e-35	5.39263e-35	9.1492e-35	1.74988e-34	7.30276e-35	4.13019e-35	2.00508e-35	7.09679e-36	1.96389e-35	1.94886e-35	7.24678e-35	6.27046e-35	1.56984e-34	5.93418e-35	6.13014e-35	1.75971e-35	1.26635e-35	6.9478e-36	
BGA89	0	0	0	0	0	0	0	0	0	0	0	0	0	0	0	0	0	1	0	0	0	0	0	0	0	0	0	0	0	0	0	0	0	0	0	0	0	0	0	0	0	
BGA40	0	0	0	0	0	0	0	0	0	0	0	0	0	0	0	0	0	1	0	0	0	0	0	0	0	0	0	0	0	0	0	0	0	0	0	0	0	0	0	0	0	
N20	7.9129e-46	7.75435e-40	5.94095e-35	8.27762e-31	7.5935e-28	1.04855e-24	3.09238e-23	2.58245e-19	7.92564e-16	1.27645e-15	8.41373e-15	3.8698e-12	1.31667e-11	2.03826e-11	1.27191e-08	2.63848e-05	0.0143494	0.899219	0.0856178	0.00078519	1.88941e-06	1.81211e-09	1.08971e-12	2.3922e-14	6.09202e-16	4.76662e-18	9.34681e-20	6.84053e-23	1.32658e-25	7.24411e-29	1.36426e-32	1.01644e-34	1.1102e-37	1.72926e-39	8.77077e-43	8.70411e-45	8.20931e-49	2.14261e-51	1.3652e-55	1.12816e-58	1.56698e-62	
N21	2.73781e-50	6.9455e-49	1.77748e-47	4.36148e-46	1.01307e-44	6.46089e-32	4.43044e-42	1.18908e-26	3.3178e-18	5.19715e-23	2.07554e-22	7.6754e-15	1.83184e-19	2.57063e-34	1.68521e-33	3.15492e-14	5.11081e-07	0.999998	1.72035e-06	3.86209e-13	5.45804e-34	5.77141e-35	7.66786e-36	1.4906e-35	3.2744e-35	5.87829e-35	1.35722e-34	4.74872e-35	2.63308e-35	1.07381e-35	3.10732e-36	1.02813e-35	1.01642e-35	4.71904e-35	3.93853e-35	1.24179e-34	3.74042e-35	4.13238e-35	9.61855e-36	6.8443e-36	3.33842e-36	
BGAA2	0	0	0	0	0	0	0	0	0	0	0	0	0	0	0	0	0	1	0	0	0	0	0	0	0	0	0	0	0	0	0	0	0	0	0	0	0	0	0	0	0	
BGAA1	0	0	0	0	0	0	0	0	0	0	0	0	0	0	0	0	0	1	0	0	0	0	0	0	0	0	0	0	0	0	0	0	0	0	0	0	0	0	0	0	0	
N22	7.99108e-55	1.17186e-46	9.53821e-40	1.28425e-35	1.00713e-32	3.15427e-27	3.42661e-28	6.58248e-22	6.31756e-16	3.23256e-18	1.38492e-17	1.719e-12	1.30834e-14	1.74857e-17	1.22406e-14	2.60437e-09	0.000147645	0.999339	0.000513543	3.35537e-08	6.53759e-13	5.37027e-18	3.29428e-23	2.02914e-27	9.19984e-32	2.11697e-36	3.99979e-41	5.99752e-47	7.05952e-53	1.73591e-59	2.9073e-36	9.79386e-36	9.63698e-36	4.71369e-35	3.87928e-35	1.29709e-34	3.71963e-35	4.29653e-35	9.57702e-36	6.88039e-36	3.22682e-36	
BGA584	0	0	0	0	0	0	0	0	0	0	0	0	0	0	0	0	0	1	0	0	0	0	0	0	0	0	0	0	0	0	0	0	0	0	0	0	0	0	0	0	0	
BGA706	0	0	0	0	0	0	0	0	0	0	0	0	0	0	0	0	0	1	0	0	0	0	0	0	0	0	0	0	0	0	0	0	0	0	0	0	0	0	0	0	0	
N23	7.65252e-42	2.78142e-36	9.62995e-32	8.26294e-28	5.44157e-25	4.25121e-22	1.63676e-20	9.58788e-17	2.05617e-13	4.71544e-13	2.66148e-12	5.17745e-10	1.23611e-09	1.28551e-09	2.87278e-07	0.000181091	0.0328322	0.825087	0.138784	0.00309531	2.05543e-05	5.88435e-08	1.15577e-10	1.90817e-12	3.81878e-14	4.92188e-16	6.36878e-18	1.14448e-20	2.5728e-23	3.2868e-26	2.18869e-29	1.2871e-31	2.56707e-34	2.16919e-36	3.11112e-39	1.39791e-41	5.94567e-45	8.86831e-48	2.34817e-51	1.624e-54	6.93827e-58	
N24	6.94584e-55	3.08885e-46	5.29643e-39	4.13231e-35	1.91201e-32	1.0834e-26	2.63593e-28	1.02162e-21	2.10275e-15	2.73141e-18	8.89527e-18	2.54107e-12	5.1222e-15	1.76134e-18	9.97794e-16	4.78865e-10	6.20536e-05	0.99972	0.000217592	6.32208e-09	5.56755e-14	1.63582e-19	2.28534e-25	9.67318e-31	5.05745e-35	8.18538e-35	1.61441e-34	6.84766e-35	4.2038e-35	2.13424e-35	7.23993e-36	1.9612e-35	1.8377e-35	7.00091e-35	5.35788e-35	1.4439e-34	5.17129e-35	6.28402e-35	1.74744e-35	1.38571e-35	7.09408e-36	
BGA304	0	0	0	0	0	0	0	0	0	0	0	0	0	0	0	0	0	1	0	0	0	0	0	0	0	0	0	0	0	0	0	0	0	0	0	0	0	0	0	0	0	
BGA303	0	0	0	0	0	0	0	0	0	0	0	0	0	0	0	0	0	1	0	0	0	0	0	0	0	0	0	0	0	0	0	0	0	0	0	0	0	0	0	0	0	
N25	6.68582e-48	9.89703e-47	1.48477e-45	2.15341e-44	3.06234e-43	4.87353e-31	5.95091e-41	4.47356e-26	1.52206e-17	1.15087e-22	3.63519e-22	1.72803e-14	2.04696e-19	5.95422e-34	3.11969e-33	1.80246e-14	3.79149e-07	0.999998	1.31019e-06	2.32413e-13	1.08998e-33	1.47309e-34	2.21671e-35	2.82098e-35	5.02219e-35	8.10351e-35	1.56818e-34	6.71412e-35	4.09621e-35	2.10398e-35	7.31683e-36	1.96739e-35	1.85141e-35	6.89524e-35	5.33182e-35	1.40035e-34	5.12028e-35	6.08792e-35	1.72585e-35	1.35784e-35	7.07749e-36	
BGAB1	0	0	0	0	0	0	0	0	0	0	0	0	0	0	0	0	0	1	0	0	0	0	0	0	0	0	0	0	0	0	0	0	0	0	0	0	0	0	0	0	0	
BGA7	0	0	0	0	0	0	0	0	0	0	0	0	0	0	0	0	0	1	0	0	0	0	0	0	0	0	0	0	0	0	0	0	0	0	0	0	0	0	0	0	0	
N26	6.40307e-40	3.4598e-39	2.4345e-34	7.34184e-31	1.24516e-28	1.72346e-22	1.88953e-25	1.56356e-18	6.72705e-12	3.42004e-16	3.10844e-16	1.82352e-10	1.47359e-14	2.04355e-19	3.78957e-17	4.3513e-11	1.59374e-05	0.999944	3.97664e-05	3.12654e-10	9.35762e-16	2.42771e-33	1.01571e-33	7.31272e-34	6.41462e-34	6.7782e-34	6.68291e-34	5.286e-34	3.98514e-34	3.97572e-34	3.13272e-34	4.26075e-34	4.04815e-34	5.47126e-34	4.83159e-34	5.37961e-34	3.9682e-34	3.53023e-34	2.31053e-34	2.06018e-34	2.03561e-34	
PGA445	0	0	0	0	0	0	0	0	0	0	0	0	0	0	0	0	0	1	0	0	0	0	0	0	0	0	0	0	0	0	0	0	0	0	0	0	0	0	0	0	0	
PGA363	0	0	0	0	0	0	0	0	0	0	0	0	0	0	0	0	0	1	0	0	0	0	0	0	0	0	0	0	0	0	0	0	0	0	0	0	0	0	0	0	0	
N27	1.64653e-41	4.15389e-35	1.41174e-30	1.30532e-26	2.8586e-24	2.9599e-21	1.77214e-19	1.52041e-15	2.57558e-12	4.38149e-11	5.76761e-08	2.38525e-06	2.48651e-06	3.12146e-05	0.0039623	0.141461	0.701472	0.152831	0.000237938	7.82573e-08	9.70208e-12	6.16167e-16	1.0106e-19	4.88127e-22	8.97676e-25	7.80311e-28	9.45351e-31	3.6411e-35	2.41987e-39	7.76202e-44	2.51678e-48	2.56647e-51	1.38392e-51	1.68904e-51	2.60413e-53	4.24736e-54	1.03344e-55	1.60283e-56	8.0471e-58	8.34545e-57	7.28505e-56	
N28	3.75244e-38	1.82803e-32	1.85023e-27	8.21328e-24	1.19282e-19	4.44077e-17	4.02362e-15	2.05471e-12	2.90652e-09	2.11793e-06	0.000300102	0.00910739	0.0824843	0.274863	0.374361	0.211893	0.0447811	0.00220185	5.96081e-06	6.42625e-09	3.72336e-12	1.61506e-15	7.36026e-18	4.22619e-19	7.06507e-21	4.16733e-23	4.2489e-25	1.6774e-28	1.77538e-31	5.04149e-34	1.46569e-34	5.92204e-34	2.85718e-34	2.80566e-33	8.45937e-34	2.00149e-33	3.94368e-35	3.36181e-36	2.67271e-38	1.36781e-39	1.06732e-40	
Rhaspe	0	0	0	0	0	0	0	0	0	1	0	0	0	0	0	0	0	0	0	0	0	0	0	0	0	0	0	0	0	0	0	0	0	0	0	0	0	0	0	0	0	
N29	6.8408e-34	3.62348e-29	7.3786e-25	3.08319e-21	1.03246e-17	3.70714e-15	5.33329e-13	1.40984e-10	6.31126e-08	1.63035e-05	0.00115071	0.0214008	0.133759	0.328114	0.340318	0.149349	0.0248576	0.00102925	4.61622e-06	9.04529e-09	1.65253e-11	5.92359e-13	2.26125e-14	3.13648e-15	6.09876e-17	1.30704e-18	2.30015e-20	5.34927e-23	2.6431e-25	3.55315e-26	6.67455e-29	1.56019e-29	1.55647e-32	2.48836e-33	1.2112e-36	9.07937e-38	2.7082e-41	2.63738e-43	6.9913e-47	3.63428e-49	5.40589e-51	
Rhamar	0	0	0	0	0	0	0	0	0	1	0	0	0	0	0	0	0	0	0	0	0	0	0	0	0	0	0	0	0	0	0	0	0	0	0	0	0	0	0	0	0	
Rhatem	0	0	0	0	0	0	0	0	0	0	1	0	0	0	0	0	0	0	0	0	0	0	0	0	0	0	0	0	0	0	0	0	0	0	0	0	0	0	0	0	0	
N30	3.79335e-48	8.22836e-41	5.76792e-36	9.48258e-30	1.18716e-27	5.09997e-24	1.18514e-20	1.75484e-15	5.5999e-13	5.21441e-13	2.76272e-10	1.16581e-08	8.67734e-08	2.19708e-06	0.00102388	0.113756	0.726407	0.158253	0.000557767	3.23552e-07	1.7501e-09	7.88883e-12	1.84761e-14	5.95523e-17	1.97591e-20	1.51681e-23	3.54241e-27	2.88803e-30	5.4094e-32	1.66801e-31	7.86863e-34	4.97416e-34	1.02681e-36	3.84613e-37	5.38733e-40	9.63853e-41	9.87283e-44	2.11106e-45	2.46272e-48	4.24166e-50	1.13914e-50	
N31	2.46622e-42	1.07887e-35	3.06768e-30	1.76003e-26	3.51222e-23	1.7126e-19	4.48871e-18	9.48068e-15	7.6399e-12	6.15998e-11	3.19334e-09	1.55239e-06	1.36282e-05	1.63946e-05	0.00139429	0.0860028	0.655753	0.251535	0.00526545	1.78057e-05	2.20391e-08	8.27803e-11	5.78871e-13	4.53709e-15	6.25796e-18	6.77083e-21	3.36131e-24	6.37307e-28	2.06322e-31	3.71447e-34	1.18519e-37	1.64391e-40	2.02124e-44	2.29236e-45	1.4524e-47	3.99182e-49	2.65718e-51	3.70196e-53	1.13859e-55	6.45061e-57	1.73106e-56	
N32	9.34127e-36	1.83875e-30	7.14363e-26	6.7862e-23	4.39704e-20	7.49079e-17	5.34408e-15	5.28474e-13	1.75243e-11	5.1896e-10	1.20313e-07	1.51012e-05	0.000411012	0.00861388	0.103642	0.410173	0.417007	0.0592445	0.000888727	4.01247e-06	8.03602e-09	9.66907e-12	4.24217e-14	2.86221e-15	5.95543e-17	5.26484e-19	6.03937e-21	6.01079e-24	1.40863e-26	1.93602e-29	2.87747e-32	6.7888e-34	1.40262e-36	2.20933e-38	1.38795e-41	1.17098e-43	3.05237e-47	6.26845e-50	1.15769e-53	1.12262e-56	7.59794e-60	
N33	4.77891e-39	3.0018e-38	1.99495e-37	1.21846e-36	6.79417e-36	3.4333e-35	1.61388e-24	7.08597e-19	1.33299e-17	8.06264e-19	1.63632e-11	5.21086e-16	6.96885e-32	9.79547e-32	7.15256e-13	2.09312e-06	0.999995	2.84507e-06	1.62098e-12	2.40262e-33	1.13738e-33	7.9223e-34	7.47985e-34	8.17563e-34	5.49197e-34	5.6992e-34	4.49672e-34	5.78408e-34	4.67779e-34	6.59993e-34	4.82086e-34	5.70466e-34	3.5546e-34	3.35749e-34	1.75193e-34	1.34372e-34	5.92493e-35	4.01695e-35	2.04606e-35	2.48288e-35	4.62082e-35	
FGA379	0	0	0	0	0	0	0	0	0	0	0	0	0	0	0	0	1	0	0	0	0	0	0	0	0	0	0	0	0	0	0	0	0	0	0	0	0	0	0	0	0	
F647	0	0	0	0	0	0	0	0	0	0	0	0	0	0	0	0	1	0	0	0	0	0	0	0	0	0	0	0	0	0	0	0	0	0	0	0	0	0	0	0	0	
N34	1.69854e-34	2.91558e-29	1.56778e-24	3.0906e-22	5.9643e-19	3.54066e-15	5.87902e-14	2.31682e-12	7.53637e-11	1.3935e-08	2.17421e-05	0.00888761	0.173246	0.449565	0.297706	0.0655874	0.00489183	9.44488e-05	3.6609e-07	5.63782e-10	4.52952e-13	2.40331e-16	3.29691e-19	5.33756e-21	3.05029e-23	1.0516e-25	4.27829e-28	2.32136e-31	2.5302e-34	2.4156e-37	1.85686e-40	1.49731e-42	1.24824e-45	7.23508e-48	2.47766e-51	7.99933e-54	1.33891e-57	1.60769e-60	4.8303e-64	1.81956e-66	4.73657e-69	
N35	1.86717e-36	3.72261e-30	1.77819e-24	7.71456e-22	1.61263e-18	6.86624e-14	1.01234e-12	1.54265e-10	5.13936e-10	1.20097e-07	9.86874e-05	0.0648649	0.498218	0.401852	0.0342903	0.000672272	3.67262e-06	5.47094e-09	2.63783e-12	5.97719e-16	2.20806e-19	2.53764e-22	3.08848e-25	5.20047e-28	1.6335e-31	8.9981e-35	2.45203e-38	6.37883e-41	2.45467e-41	2.01926e-39	3.4247e-38	1.07025e-38	4.213e-40	1.50721e-40	4.42921e-41	1.10707e-39	1.53231e-40	7.59483e-42	4.68269e-44	1.77696e-45	2.5078e-46	
N36	9.82492e-40	7.63779e-33	1.23192e-26	1.06234e-23	1.17599e-19	3.27765e-15	7.62623e-15	2.39261e-12	5.87028e-11	7.98991e-08	0.000565192	0.230764	0.649876	0.116614	0.0021728	7.6921e-06	6.57337e-09	1.49794e-12	1.22505e-16	7.49095e-21	2.6602e-23	1.7018e-26	9.64146e-30	1.47182e-29	5.36505e-30	7.82831e-31	1.27927e-32	1.15988e-32	6.20112e-35	7.16863e-35	1.91615e-37	1.28522e-37	2.36049e-40	7.43355e-41	1.12146e-43	1.38155e-44	1.86661e-47	1.02914e-48	2.82087e-51	1.79534e-52	1.06212e-51	
N37	5.88854e-40	6.00672e-39	6.08367e-38	5.5715e-37	6.12174e-22	6.42592e-20	1.01324e-13	4.10058e-18	1.56667e-15	9.95749e-08	0.999993	6.44883e-06	6.45852e-12	6.55867e-32	2.05638e-32	4.39839e-33	8.71554e-34	5.04338e-34	4.22998e-34	4.27615e-34	3.61111e-34	2.28742e-34	1.65667e-34	3.34072e-34	2.52398e-34	4.78868e-34	2.29197e-34	2.76085e-34	9.63089e-35	7.19807e-35	1.98592e-35	1.20738e-35	3.09066e-36	1.92103e-36	7.89705e-37	1.51791e-36	8.40278e-37	1.47087e-36	1.87431e-36	3.03536e-36	7.22375e-36	
F3016	0	0	0	0	0	0	0	0	0	0	1	0	0	0	0	0	0	0	0	0	0	0	0	0	0	0	0	0	0	0	0	0	0	0	0	0	0	0	0	0	0	
F3015	0	0	0	0	0	0	0	0	0	0	1	0	0	0	0	0	0	0	0	0	0	0	0	0	0	0	0	0	0	0	0	0	0	0	0	0	0	0	0	0	0	
N38	6.65811e-37	1.48704e-32	2.88851e-28	2.72675e-25	3.76875e-21	1.29435e-16	1.54355e-15	1.20224e-12	1.64754e-10	1.01931e-07	0.000790655	0.304439	0.640377	0.0540151	0.000377817	4.3027e-07	1.16825e-10	1.23218e-14	1.29522e-17	2.26532e-20	1.12022e-22	2.8774e-26	2.21872e-29	9.40823e-33	5.53758e-37	8.33108e-39	2.31856e-43	2.95003e-45	6.27441e-48	5.9339e-46	1.3179e-45	5.03649e-46	1.39402e-48	1.83516e-49	6.46613e-52	9.03097e-51	1.72293e-51	1.25937e-51	8.86422e-53	2.40422e-54	1.28871e-54	
N39	8.54218e-41	5.24408e-34	8.42999e-28	7.21955e-25	8.19271e-21	1.26387e-15	2.00888e-14	9.67423e-12	1.28712e-10	4.79096e-08	0.000312893	0.354966	0.61772	0.0269212	7.93003e-05	4.15436e-08	7.78589e-12	3.90393e-14	1.3277e-16	2.81163e-19	5.55144e-22	1.08597e-25	5.8512e-29	3.48596e-31	2.50265e-35	3.0539e-37	6.74612e-42	3.56328e-44	1.91337e-48	8.75614e-47	2.85498e-45	2.03497e-46	6.18112e-49	2.11109e-50	2.42159e-51	3.23409e-48	6.44262e-49	3.27172e-49	2.23531e-50	5.20714e-52	1.38265e-52	
N40	4.96902e-44	3.30971e-36	5.0374e-29	1.44544e-26	2.49355e-22	2.76041e-16	2.07168e-16	5.16462e-13	1.38127e-12	1.71768e-08	0.000693074	0.670382	0.327121	0.00180329	3.98669e-07	1.68482e-11	2.77885e-16	1.5106e-19	8.85643e-23	1.39821e-26	1.5841e-30	1.17914e-35	1.37721e-39	1.21738e-38	5.24433e-40	1.44871e-40	9.95862e-44	7.96417e-45	3.07225e-48	4.76387e-50	1.55324e-53	9.40798e-56	2.76372e-59	1.05752e-61	1.52777e-64	1.12521e-65	9.61822e-69	5.90134e-70	5.31853e-72	1.70717e-74	3.47719e-76	
N41	6.35927e-40	1.12605e-36	2.34376e-30	3.88163e-27	1.19649e-22	5.39738e-18	4.04265e-16	1.33909e-13	6.73698e-11	3.62762e-07	0.00306128	0.686476	0.308908	0.00155389	3.6299e-07	2.57282e-11	4.05969e-14	2.93079e-15	2.17332e-18	2.29665e-21	2.27891e-25	6.22076e-29	2.00052e-32	1.46076e-32	3.8777e-34	1.55113e-33	1.14306e-36	2.41899e-37	1.38399e-40	5.67207e-42	3.36196e-45	9.98579e-47	9.35878e-49	4.28945e-50	1.55737e-51	3.40133e-51	2.01469e-54	1.40453e-54	1.11105e-54	5.76773e-55	2.41831e-54	
N42	7.52864e-41	1.01587e-39	1.32803e-38	1.56123e-37	5.94533e-22	7.88161e-20	9.38846e-14	7.68443e-18	3.50295e-15	1.54283e-07	0.99999	9.81004e-06	1.0663e-11	1.70348e-32	2.58169e-33	3.59829e-34	1.7474e-34	3.26378e-34	2.09859e-34	1.79611e-34	8.75266e-35	1.19121e-34	1.0227e-34	2.74926e-34	1.32649e-34	2.37771e-34	6.39836e-35	4.33603e-35	8.52731e-36	4.89398e-36	8.42406e-37	5.53948e-37	2.57205e-37	3.33997e-37	3.21573e-37	9.91461e-37	3.84667e-37	5.65163e-37	6.32343e-37	8.16589e-37	2.05012e-36	
F1476	0	0	0	0	0	0	0	0	0	0	1	0	0	0	0	0	0	0	0	0	0	0	0	0	0	0	0	0	0	0	0	0	0	0	0	0	0	0	0	0	0	
FGA81	0	0	0	0	0	0	0	0	0	0	1	0	0	0	0	0	0	0	0	0	0	0	0	0	0	0	0	0	0	0	0	0	0	0	0	0	0	0	0	0	0	
N43	2.51491e-40	1.49047e-35	7.65563e-29	2.12499e-25	6.43742e-21	8.2182e-16	3.53775e-13	3.41435e-11	1.46936e-09	3.6221e-06	0.00464402	0.682998	0.309399	0.00295359	1.3549e-06	9.72899e-10	6.89329e-12	3.04085e-13	1.27412e-16	1.74137e-19	1.42688e-23	6.92355e-26	4.16816e-29	1.05277e-26	5.26927e-29	4.43367e-29	5.21598e-32	3.54647e-33	3.54246e-36	1.20948e-37	1.19676e-40	1.29176e-41	7.72979e-43	2.59153e-44	6.80149e-46	9.34749e-46	7.65131e-49	1.05252e-49	5.65145e-51	1.01682e-52	2.05035e-53	
Furcep	0	0	0	0	0	0	0	0	0	0	0	0	0	1	0	0	0	0	0	0	0	0	0	0	0	0	0	0	0	0	0	0	0	0	0	0	0	0	0	0	0	
N44	1.00448e-36	1.01755e-32	7.09311e-27	9.30295e-24	4.26548e-19	2.29997e-15	1.32007e-13	6.44125e-12	1.08192e-09	7.40899e-06	0.0309112	0.778355	0.189767	0.000958216	4.57109e-07	1.00343e-10	1.06974e-13	2.99164e-15	1.04344e-17	2.46119e-20	1.49716e-23	2.62857e-27	2.30388e-30	7.20689e-32	7.05599e-36	1.53105e-37	2.70521e-42	1.0096e-44	1.22696e-49	5.92141e-53	5.9664e-58	2.50404e-61	4.26367e-66	5.36737e-69	3.80395e-73	3.22784e-75	3.5865e-80	1.01107e-82	3.65262e-86	3.75055e-90	2.14557e-93	
Furpol	0	0	0	0	0	0	0	0	0	0	0	1	0	0	0	0	0	0	0	0	0	0	0	0	0	0	0	0	0	0	0	0	0	0	0	0	0	0	0	0	0	
N45	1.92423e-37	6.12626e-31	3.48809e-25	6.47425e-22	6.5808e-17	4.00532e-14	7.67003e-12	6.27518e-11	5.47076e-08	0.000475336	0.616065	0.370109	0.0133305	1.98985e-05	7.93716e-09	1.56097e-12	1.78076e-15	2.42702e-17	3.09973e-20	3.69616e-23	8.73937e-27	5.35721e-30	3.25447e-33	1.8615e-35	2.02975e-39	6.2147e-42	1.92203e-46	7.79111e-50	1.64165e-54	2.81982e-58	4.17692e-63	5.72295e-67	3.11999e-71	8.07852e-75	1.44027e-78	2.34628e-81	4.08855e-86	1.89475e-89	3.29657e-93	2.43094e-97	7.11755e-101	
N46	2.06318e-37	8.46533e-31	5.68144e-25	1.34215e-21	1.8185e-16	7.75215e-14	2.49726e-11	1.08267e-10	1.02174e-07	0.000866975	0.885982	0.112468	0.000682273	4.268e-07	9.19108e-11	7.11514e-14	1.6776e-16	7.59024e-19	1.92084e-22	1.80793e-25	4.4192e-29	2.07401e-31	2.62048e-35	1.02105e-37	3.52512e-42	4.43501e-45	9.0496e-50	1.91501e-53	2.64385e-58	3.85665e-62	6.0355e-67	1.26614e-69	1.80166e-71	1.65595e-73	9.61834e-76	1.18712e-76	1.02253e-79	1.69067e-81	2.2879e-83	2.34086e-85	1.36057e-86	
N47	3.40662e-44	1.20604e-42	1.74808e-32	3.00288e-29	2.50215e-21	7.86839e-19	1.40007e-13	3.92054e-16	3.5905e-13	1.82429e-06	0.999955	4.28923e-05	1.10767e-10	7.14121e-17	2.32535e-35	3.89373e-35	3.96072e-35	3.58407e-35	4.65954e-36	1.18451e-35	9.39506e-36	6.60402e-35	9.26353e-36	3.2362e-35	2.9758e-36	2.89162e-36	2.47144e-37	1.33444e-37	1.02834e-38	1.7109e-38	5.67799e-39	3.13813e-38	4.87185e-38	3.12121e-38	8.38443e-39	4.47714e-38	4.51114e-39	3.28097e-39	2.70681e-39	1.30622e-38	8.40753e-38	
F2241	0	0	0	0	0	0	0	0	0	0	1	0	0	0	0	0	0	0	0	0	0	0	0	0	0	0	0	0	0	0	0	0	0	0	0	0	0	0	0	0	0	
F12266	0	0	0	0	0	0	0	0	0	0	1	0	0	0	0	0	0	0	0	0	0	0	0	0	0	0	0	0	0	0	0	0	0	0	0	0	0	0	0	0	0	
Furang	0	0	0	0	0	0	0	0	0	0	1	0	0	0	0	0	0	0	0	0	0	0	0	0	0	0	0	0	0	0	0	0	0	0	0	0	0	0	0	0	0	
Fga490	0	0	0	0	0	0	0	0	0	0	1	0	0	0	0	0	0	0	0	0	0	0	0	0	0	0	0	0	0	0	0	0	0	0	0	0	0	0	0	0	0	
N48	7.96771e-41	1.2025e-33	4.19958e-27	1.58167e-24	3.6395e-20	4.96327e-15	1.20816e-14	7.85609e-12	7.3848e-11	6.64519e-07	0.00636159	0.873403	0.120074	0.000160444	3.31903e-08	2.50756e-12	1.14457e-15	1.08007e-17	7.92529e-21	3.95534e-24	3.06323e-28	4.07124e-32	8.49749e-36	2.47809e-38	7.65808e-43	1.19954e-45	7.4503e-51	1.20964e-54	4.67232e-58	1.40681e-57	3.86751e-58	3.56732e-60	1.92392e-62	8.05581e-64	1.28738e-64	8.84852e-63	1.62926e-64	1.02439e-65	1.46476e-67	7.07108e-69	1.90461e-68	
N49	3.8186e-40	3.3492e-33	6.24753e-27	7.69521e-24	2.14535e-19	6.83129e-15	1.05936e-13	2.69582e-11	2.73185e-09	1.28212e-06	0.00826926	0.900028	0.091569	0.000132109	3.23408e-08	1.45911e-11	5.51898e-14	8.72158e-16	2.82692e-19	2.56007e-22	2.14271e-26	7.46767e-29	1.39938e-32	1.05343e-34	1.8506e-39	4.19314e-42	3.52982e-47	6.14447e-51	2.19637e-55	6.0022e-55	7.07567e-54	6.53153e-55	5.98653e-56	1.75425e-57	5.92351e-59	2.08739e-56	1.47427e-56	1.79043e-57	6.65453e-59	9.60152e-61	1.17925e-61	
N50	5.35822e-42	1.82167e-34	1.43454e-27	7.28579e-25	9.56007e-21	6.85596e-15	1.31686e-13	2.71543e-11	3.08718e-10	3.1329e-08	0.000542618	0.89758	0.101547	0.000330673	6.00007e-08	1.37041e-10	2.45389e-13	9.83502e-16	5.54305e-20	2.35176e-23	1.76246e-27	8.03479e-30	2.22463e-34	6.70791e-37	2.87037e-42	1.25954e-45	3.47921e-51	1.28113e-53	3.37997e-56	4.66395e-56	7.10805e-56	9.35757e-57	3.65477e-58	2.52273e-60	3.17443e-62	3.13994e-60	1.2252e-61	1.59366e-63	1.72479e-65	1.24115e-67	1.05614e-68	
N51	1.40679e-39	7.21264e-33	8.43382e-27	3.33661e-24	2.97992e-20	2.74991e-15	4.62908e-15	5.02216e-12	1.72236e-11	4.0368e-08	0.000594511	0.936697	0.062604	0.00010488	2.62064e-08	4.93782e-12	1.00079e-14	3.90342e-16	2.64333e-19	3.47544e-22	5.23881e-26	5.1183e-29	2.27628e-32	4.00135e-34	9.01632e-39	6.25667e-41	5.84993e-46	4.74828e-49	3.2936e-54	6.13845e-58	3.49912e-63	1.07361e-66	6.09108e-71	1.34572e-74	2.5122e-78	1.88277e-79	4.05719e-83	1.64965e-84	1.84135e-86	6.44815e-89	1.71827e-90	
N52	1.33597e-37	4.63368e-31	3.94043e-25	1.15905e-22	8.78741e-19	7.36402e-14	9.19125e-14	7.56031e-11	1.06796e-10	1.38023e-07	0.00110732	0.97708	0.0217869	2.52982e-05	7.47529e-09	2.66621e-12	1.23467e-14	1.8828e-16	5.6146e-20	5.11386e-23	6.98914e-27	1.91855e-29	1.01448e-32	5.92817e-35	1.9938e-39	2.98815e-42	5.79746e-47	1.26209e-50	1.62887e-55	2.30305e-59	2.36615e-64	6.12747e-68	6.25164e-71	1.08262e-72	1.49776e-74	2.32805e-75	1.80675e-78	3.18285e-80	4.45277e-82	3.64381e-84	2.07932e-85	
FGA456	0	0	0	0	0	0	0	0	0	0	0	1	0	0	0	0	0	0	0	0	0	0	0	0	0	0	0	0	0	0	0	0	0	0	0	0	0	0	0	0	0	
N53	7.49278e-46	2.1399e-38	1.41796e-29	1.90465e-27	1.21277e-23	8.88746e-16	5.1201e-19	3.64919e-13	1.73062e-16	2.31803e-13	1.47743e-06	0.999989	9.64221e-06	1.02715e-11	3.38373e-18	7.20717e-36	1.38943e-35	6.82452e-35	9.14617e-36	5.74234e-36	1.66134e-36	1.04076e-35	9.1977e-36	6.63011e-35	6.43144e-36	8.81878e-36	7.66489e-37	4.50211e-37	3.17088e-38	1.90689e-38	1.58123e-39	3.84294e-39	5.57121e-39	9.29982e-39	1.04873e-38	8.89502e-38	9.06184e-39	7.09793e-39	6.19616e-39	9.25656e-39	6.74922e-38	
FGA516	0	0	0	0	0	0	0	0	0	0	0	1	0	0	0	0	0	0	0	0	0	0	0	0	0	0	0	0	0	0	0	0	0	0	0	0	0	0	0	0	0	
FGA513	0	0	0	0	0	0	0	0	0	0	0	1	0	0	0	0	0	0	0	0	0	0	0	0	0	0	0	0	0	0	0	0	0	0	0	0	0	0	0	0	0	
N54	1.09381e-43	2.73953e-42	5.9423e-30	5.01509e-28	2.03281e-24	1.12864e-15	3.38916e-20	1.82882e-13	4.47535e-18	3.84639e-15	1.87283e-07	0.999998	1.32867e-06	1.90807e-13	1.34223e-34	2.39968e-35	3.51439e-35	1.0935e-34	2.52151e-35	1.75565e-35	6.85222e-36	2.59857e-35	2.36931e-35	1.03579e-34	1.79597e-35	2.4218e-35	3.4018e-36	2.01915e-36	2.20345e-37	1.27941e-37	1.46326e-38	2.06868e-38	2.39565e-38	3.99058e-38	4.38112e-38	2.24672e-37	3.88814e-38	3.41927e-38	3.08126e-38	4.65111e-38	2.16864e-37	
F12278	0	0	0	0	0	0	0	0	0	0	0	1	0	0	0	0	0	0	0	0	0	0	0	0	0	0	0	0	0	0	0	0	0	0	0	0	0	0	0	0	0	
F12279	0	0	0	0	0	0	0	0	0	0	0	1	0	0	0	0	0	0	0	0	0	0	0	0	0	0	0	0	0	0	0	0	0	0	0	0	0	0	0	0	0	
N55	3.63427e-36	1.01543e-29	5.85132e-24	4.83377e-21	2.03663e-17	7.91692e-13	1.79944e-10	3.88033e-09	6.83995e-08	3.67927e-06	0.000501296	0.649091	0.330052	0.0203309	2.0882e-05	1.28021e-07	1.86636e-09	5.02754e-11	1.05524e-14	1.05786e-17	4.51967e-21	5.98525e-23	5.30207e-26	4.37925e-28	1.96559e-32	1.04846e-35	3.33634e-40	7.25739e-44	1.44739e-48	3.15384e-52	8.2918e-57	1.27833e-59	5.47367e-63	2.13648e-66	5.89672e-70	1.295e-71	1.07754e-74	7.82794e-77	5.93339e-79	1.37487e-80	1.75185e-81	
Furant	0	0	0	0	0	0	0	0	0	0	0	1	0	0	0	0	0	0	0	0	0	0	0	0	0	0	0	0	0	0	0	0	0	0	0	0	0	0	0	0	0	
N56	5.61699e-43	1.84885e-41	5.73981e-40	1.61277e-38	2.97779e-26	3.07362e-21	8.06765e-13	3.26069e-17	3.92368e-11	7.01535e-15	1.86742e-30	3.15014e-11	1.64757e-05	0.999983	4.53234e-07	4.18222e-13	2.2499e-33	9.3344e-33	1.09587e-33	5.99028e-34	2.45656e-34	1.7154e-33	1.48957e-33	9.05383e-33	9.54584e-34	7.56573e-34	6.98775e-35	3.60863e-35	2.75207e-36	1.69878e-36	2.00755e-37	7.11935e-37	1.10102e-36	1.7979e-36	1.98673e-36	1.4235e-35	1.65812e-36	1.00537e-36	6.23742e-37	1.40943e-36	1.07699e-35	
FGA331	0	0	0	0	0	0	0	0	0	0	0	0	0	1	0	0	0	0	0	0	0	0	0	0	0	0	0	0	0	0	0	0	0	0	0	0	0	0	0	0	0	
FGA332	0	0	0	0	0	0	0	0	0	0	0	0	0	1	0	0	0	0	0	0	0	0	0	0	0	0	0	0	0	0	0	0	0	0	0	0	0	0	0	0	0	
FGA465	0	0	0	0	0	0	0	0	0	0	1	0	0	0	0	0	0	0	0	0	0	0	0	0	0	0	0	0	0	0	0	0	0	0	0	0	0	0	0	0	0	
N57	2.13665e-37	9.25758e-31	8.1255e-25	5.76191e-22	1.66796e-17	1.17156e-13	1.76382e-12	1.2977e-10	7.50947e-09	6.97584e-05	0.135045	0.845217	0.0196474	2.11444e-05	6.28747e-09	1.57169e-12	4.82648e-15	5.26173e-17	2.53768e-20	2.20004e-23	2.9875e-27	4.34148e-30	2.05156e-33	8.05868e-36	3.8419e-40	5.47098e-43	1.11501e-47	1.85271e-51	4.31692e-54	3.61865e-53	6.44317e-54	2.32656e-55	8.56221e-57	7.20096e-58	8.29771e-57	1.49357e-53	6.35611e-54	1.44191e-53	2.06005e-53	1.65477e-53	6.78629e-53	
N58	1.21223e-42	2.65845e-41	5.48561e-40	1.01215e-38	1.64125e-21	3.36243e-19	1.16338e-13	7.54677e-17	5.07193e-14	6.04145e-07	0.999942	5.75115e-05	1.01169e-10	2.77312e-33	2.34969e-34	6.12251e-35	8.89935e-35	2.36454e-34	5.01927e-35	3.69587e-35	1.81994e-35	7.45603e-35	5.66654e-35	2.23022e-34	3.87433e-35	4.15766e-35	5.97287e-36	3.43368e-36	3.90485e-37	2.35719e-37	3.29973e-38	6.24212e-38	7.92351e-38	1.114e-37	1.10576e-37	5.18007e-37	9.34193e-38	7.25508e-38	5.84935e-38	1.07584e-37	5.12903e-37	
FGA99	0	0	0	0	0	0	0	0	0	0	1	0	0	0	0	0	0	0	0	0	0	0	0	0	0	0	0	0	0	0	0	0	0	0	0	0	0	0	0	0	0	
F12269	0	0	0	0	0	0	0	0	0	0	1	0	0	0	0	0	0	0	0	0	0	0	0	0	0	0	0	0	0	0	0	0	0	0	0	0	0	0	0	0	0	
N59	9.4917e-37	2.55105e-30	1.43895e-24	1.55829e-21	4.80289e-17	2.73805e-13	7.43489e-12	5.36048e-10	3.08279e-08	8.62205e-05	0.151587	0.840189	0.00813016	7.61793e-06	2.42916e-09	9.93201e-12	4.51747e-14	3.95441e-16	9.39367e-20	1.65965e-22	7.51747e-26	1.11926e-27	1.57108e-31	1.55453e-33	5.04273e-38	9.51175e-41	2.14934e-45	7.42162e-49	1.16138e-53	3.20675e-57	8.85344e-62	2.1282e-64	1.97762e-67	2.04105e-69	3.53618e-70	5.67507e-69	2.74147e-70	3.43966e-70	4.40733e-70	5.26777e-70	5.22181e-69	
N60	7.90306e-44	2.25048e-42	6.02969e-41	1.45448e-39	5.84788e-24	1.57971e-21	5.2973e-15	6.19416e-19	5.50035e-16	6.34091e-08	0.99999	1.011e-05	1.68097e-12	1.76463e-33	1.12166e-34	3.81548e-35	6.51555e-35	2.25415e-34	3.32292e-35	2.18112e-35	9.67287e-36	5.4866e-35	4.08914e-35	2.16796e-34	2.66975e-35	2.6135e-35	2.80116e-36	1.55667e-36	1.35739e-37	8.42534e-38	1.04631e-38	2.92322e-38	4.21703e-38	5.95688e-38	6.03373e-38	3.80551e-37	5.03799e-38	3.46175e-38	2.53149e-38	5.0081e-38	3.19e-37	
FGA15	0	0	0	0	0	0	0	0	0	0	1	0	0	0	0	0	0	0	0	0	0	0	0	0	0	0	0	0	0	0	0	0	0	0	0	0	0	0	0	0	0	
FGA440	0	0	0	0	0	0	0	0	0	0	1	0	0	0	0	0	0	0	0	0	0	0	0	0	0	0	0	0	0	0	0	0	0	0	0	0	0	0	0	0	0	
N61	5.54279e-43	1.55976e-41	4.68833e-29	4.33452e-27	1.89585e-23	9.95635e-15	3.44374e-19	1.64654e-12	4.20827e-17	3.04368e-14	8.85728e-07	0.999998	6.75406e-07	6.6307e-14	6.19029e-35	8.60931e-35	8.91493e-35	9.01552e-35	1.37409e-35	3.11234e-35	2.51643e-35	1.39513e-34	2.65097e-35	8.02307e-35	9.21529e-36	7.13171e-36	7.22402e-37	3.72928e-37	3.49057e-38	5.61615e-38	2.0164e-38	8.97717e-38	1.32205e-37	9.1082e-38	3.16523e-38	1.40958e-37	1.7967e-38	1.24043e-38	9.4496e-39	4.53733e-38	2.48378e-37	
FGA581	0	0	0	0	0	0	0	0	0	0	0	1	0	0	0	0	0	0	0	0	0	0	0	0	0	0	0	0	0	0	0	0	0	0	0	0	0	0	0	0	0	
FGA582	0	0	0	0	0	0	0	0	0	0	0	1	0	0	0	0	0	0	0	0	0	0	0	0	0	0	0	0	0	0	0	0	0	0	0	0	0	0	0	0	0	
N62	5.91075e-40	6.64769e-39	7.32955e-38	7.26263e-37	6.39061e-36	6.78719e-20	3.92252e-18	4.41536e-18	1.04906e-11	8.03909e-17	2.97074e-13	1.87875e-06	0.999996	2.4644e-06	1.03542e-12	4.49932e-34	2.66548e-34	4.13018e-34	2.05116e-34	1.77665e-34	1.07987e-34	1.90413e-34	1.61716e-34	3.53953e-34	1.48049e-34	1.88232e-34	5.64178e-35	4.03011e-35	9.42225e-36	5.65404e-36	1.18042e-36	8.64229e-37	5.00348e-37	6.43418e-37	6.04829e-37	1.53383e-36	5.88747e-37	6.50429e-37	6.50074e-37	1.02674e-36	2.73458e-36	
FGA104	0	0	0	0	0	0	0	0	0	0	0	0	1	0	0	0	0	0	0	0	0	0	0	0	0	0	0	0	0	0	0	0	0	0	0	0	0	0	0	0	0	
FGA105	0	0	0	0	0	0	0	0	0	0	0	0	1	0	0	0	0	0	0	0	0	0	0	0	0	0	0	0	0	0	0	0	0	0	0	0	0	0	0	0	0	
FGA489	0	0	0	0	0	0	0	0	0	0	1	0	0	0	0	0	0	0	0	0	0	0	0	0	0	0	0	0	0	0	0	0	0	0	0	0	0	0	0	0	0	
N63	3.87352e-45	1.77848e-36	8.95937e-29	4.03046e-26	1.61993e-21	4.32417e-17	1.10019e-10	4.25046e-14	5.15193e-10	9.265e-13	2.22194e-15	7.01075e-10	7.77514e-05	0.999846	7.6568e-05	1.14055e-09	9.37792e-15	1.04962e-19	3.94543e-25	7.2381e-31	3.60064e-34	3.73407e-34	2.99175e-34	5.84238e-34	3.48356e-34	5.2463e-34	2.19783e-34	2.13271e-34	7.13973e-35	5.2081e-35	1.47491e-35	9.42321e-36	2.96627e-36	2.32013e-36	1.41534e-36	2.90351e-36	1.43187e-36	1.9743e-36	2.25791e-36	3.59184e-36	8.46991e-36	
FGA174	0	0	0	0	0	0	0	0	0	0	0	0	0	1	0	0	0	0	0	0	0	0	0	0	0	0	0	0	0	0	0	0	0	0	0	0	0	0	0	0	0	
FGA175	0	0	0	0	0	0	0	0	0	0	0	0	0	1	0	0	0	0	0	0	0	0	0	0	0	0	0	0	0	0	0	0	0	0	0	0	0	0	0	0	0	
FurbGB	0	0	0	0	0	0	0	0	0	0	0	1	0	0	0	0	0	0	0	0	0	0	0	0	0	0	0	0	0	0	0	0	0	0	0	0	0	0	0	0	0	
N64	4.49261e-43	5.47519e-37	3.72564e-32	1.13949e-27	1.28136e-24	1.00062e-21	9.65709e-20	1.41259e-15	4.78888e-12	3.98344e-11	7.33785e-10	8.77127e-08	4.63866e-07	1.27753e-06	0.000311898	0.0420511	0.583047	0.360884	0.0136038	9.46349e-05	4.87807e-06	4.87754e-07	1.49409e-08	8.47404e-10	2.94561e-12	2.64947e-14	4.30558e-17	5.09185e-19	5.52517e-22	4.2685e-23	1.50587e-26	6.77179e-28	8.82214e-32	1.54733e-33	1.12821e-37	4.25019e-40	2.29905e-44	3.07666e-47	2.21253e-51	1.81906e-54	2.73661e-56	
N65	3.87514e-40	1.31106e-34	3.13055e-30	5.72264e-26	2.41896e-23	1.00409e-20	1.94931e-18	7.40281e-15	3.6619e-12	1.82758e-11	2.60345e-10	9.10763e-09	4.1026e-08	5.42216e-07	0.000116935	0.0207396	0.489662	0.457072	0.0319438	0.000461079	3.70567e-06	1.15648e-07	4.406e-09	4.56039e-10	6.35959e-12	7.78645e-14	4.42268e-16	5.89787e-19	2.13774e-21	6.08896e-23	1.66516e-25	6.06042e-27	5.38398e-30	1.07497e-31	3.65055e-35	2.17273e-37	4.96517e-41	9.94837e-44	1.81791e-47	2.27255e-50	8.83762e-53	
N66	6.16395e-39	3.73012e-33	2.71502e-29	1.42725e-24	5.6131e-23	7.91601e-21	4.14438e-18	4.3526e-14	2.62913e-12	2.12186e-12	2.79829e-10	2.00545e-09	1.14224e-09	8.75397e-08	6.4737e-05	0.0244252	0.624279	0.341028	0.0101416	6.14422e-05	1.30762e-07	1.55575e-10	4.00232e-13	3.77818e-15	1.26435e-17	2.85999e-20	5.06703e-23	2.25496e-26	1.24339e-29	1.05285e-32	5.45284e-36	1.2745e-38	1.86447e-37	6.37159e-38	2.53867e-39	6.01532e-40	1.2684e-41	7.638e-43	6.0687e-44	8.19156e-43	2.49065e-42	
N67	4.7281e-44	5.98224e-43	5.26095e-36	3.44229e-32	1.26376e-29	9.54167e-24	8.79226e-26	3.89718e-19	8.93101e-13	3.57524e-16	6.42328e-16	1.83567e-10	1.04102e-13	9.66392e-18	2.75915e-15	1.05663e-09	0.000100847	0.999824	7.52438e-05	1.0217e-09	5.5478e-15	2.00002e-34	2.16296e-34	4.23463e-34	4.05313e-34	3.72964e-34	2.69686e-34	1.27624e-34	7.78027e-35	1.45635e-34	1.34491e-34	3.26704e-34	2.63812e-34	4.52565e-34	2.22297e-34	2.1093e-34	7.80631e-35	5.3402e-35	1.7107e-35	1.31525e-35	1.72351e-35	
CGA312	0	0	0	0	0	0	0	0	0	0	0	0	0	0	0	0	0	1	0	0	0	0	0	0	0	0	0	0	0	0	0	0	0	0	0	0	0	0	0	0	0	
CGA963	0	0	0	0	0	0	0	0	0	0	0	0	0	0	0	0	0	1	0	0	0	0	0	0	0	0	0	0	0	0	0	0	0	0	0	0	0	0	0	0	0	
N68	6.40701e-46	6.45071e-39	2.72807e-34	1.44417e-28	1.80104e-26	1.92318e-24	1.19574e-20	7.68105e-16	7.00404e-15	4.15842e-14	1.70652e-12	3.62544e-12	2.83946e-11	9.31203e-09	5.28493e-05	0.0391756	0.726191	0.232725	0.00185384	1.82144e-06	4.78898e-10	5.21927e-14	5.7317e-18	1.57234e-20	2.4737e-23	1.29154e-26	1.35859e-29	7.61253e-34	1.42118e-37	8.37426e-42	2.05549e-46	1.41778e-44	3.64137e-44	3.3784e-44	1.50959e-46	1.12077e-46	2.45186e-49	5.07047e-50	2.42582e-50	5.24616e-49	1.70076e-50	
N69	1.14422e-53	2.70626e-45	3.68533e-40	3.36296e-33	1.00291e-30	1.66775e-27	1.89756e-22	1.38505e-18	1.99274e-17	3.05359e-17	3.27031e-15	3.2944e-14	1.26773e-12	4.20671e-08	0.000692957	0.130596	0.841501	0.0271984	1.09335e-05	4.53757e-10	4.98019e-15	2.17271e-20	9.35473e-26	1.09282e-28	4.87027e-32	2.81921e-36	6.34844e-40	2.32854e-43	9.54898e-44	7.4351e-46	4.77263e-46	1.60164e-41	2.1245e-41	7.68065e-40	3.62582e-40	1.0721e-38	1.07658e-39	1.90172e-36	7.27577e-36	7.84906e-35	1.11471e-35	
N70	1.75649e-42	3.37371e-37	1.5114e-34	1.90477e-30	3.21565e-31	7.97444e-30	9.18647e-26	5.78605e-21	1.70513e-19	1.27593e-18	5.45102e-15	1.96481e-13	3.74692e-12	2.89564e-08	0.000371192	0.121711	0.852925	0.0249777	1.53778e-05	1.67484e-09	2.85296e-13	1.00151e-14	1.86549e-17	1.5697e-19	6.05627e-23	3.54275e-26	5.44401e-30	3.7287e-33	1.42652e-33	8.20137e-33	3.34326e-35	6.73096e-35	7.52754e-38	8.29463e-38	4.84349e-41	1.44147e-41	6.78317e-45	1.89017e-46	1.58941e-49	1.84877e-51	9.14672e-52	
N71	6.34158e-45	4.93699e-38	8.51647e-34	6.17081e-28	1.17762e-26	1.6929e-23	1.00095e-20	1.01508e-15	1.59288e-13	2.24535e-14	3.62865e-11	3.05333e-10	2.94771e-11	3.59361e-09	2.33724e-05	0.0315706	0.882215	0.0860168	0.000174391	8.37243e-08	2.38529e-11	3.25163e-14	5.85285e-17	1.09744e-19	3.92897e-23	1.13692e-26	1.20726e-30	1.03278e-34	8.81493e-35	6.21162e-35	2.92287e-36	2.9101e-37	3.28139e-39	1.86474e-40	9.50555e-43	1.43361e-44	4.85532e-47	5.0623e-49	1.68316e-51	2.67144e-53	1.56043e-54	
CGA642	0	0	0	0	0	0	0	0	0	0	0	0	0	0	0	0	1	0	0	0	0	0	0	0	0	0	0	0	0	0	0	0	0	0	0	0	0	0	0	0	0	
N72	3.51367e-39	1.70804e-34	2.08265e-31	3.2876e-28	2.48815e-27	2.96889e-24	3.97365e-21	1.28882e-16	1.042e-14	1.69172e-14	1.08057e-12	8.89507e-12	3.27328e-11	4.22218e-09	1.42224e-05	0.0380029	0.858595	0.103245	0.000142954	4.43328e-08	5.69133e-12	1.43692e-14	8.00392e-17	3.78782e-18	1.74368e-20	2.29945e-23	5.22451e-27	1.60795e-31	6.27127e-35	1.86587e-37	5.08481e-41	9.99601e-43	6.92119e-47	9.17745e-49	7.44031e-54	9.35459e-57	6.28779e-62	1.19351e-64	6.60202e-68	2.78066e-69	1.42159e-68	
N73	5.01621e-51	1.3135e-49	3.20865e-48	1.04012e-36	5.49812e-36	3.26004e-44	1.69017e-29	2.12078e-20	2.50364e-25	1.8897e-24	6.86765e-17	5.86233e-22	7.0439e-35	3.97672e-16	5.15257e-08	0.999993	6.48881e-06	2.27987e-12	1.82295e-32	1.54692e-33	9.41322e-35	7.4664e-36	9.2111e-36	6.24081e-35	1.47555e-34	1.63041e-34	1.9482e-34	2.96189e-35	1.04862e-35	6.52206e-36	5.17962e-36	4.42804e-35	4.09012e-35	2.41377e-34	5.90992e-35	1.77903e-34	2.66644e-35	1.7782e-35	2.06162e-36	1.27906e-36	1.68093e-36	
CGA763	0	0	0	0	0	0	0	0	0	0	0	0	0	0	0	1	0	0	0	0	0	0	0	0	0	0	0	0	0	0	0	0	0	0	0	0	0	0	0	0	0	
CGA764	0	0	0	0	0	0	0	0	0	0	0	0	0	0	0	1	0	0	0	0	0	0	0	0	0	0	0	0	0	0	0	0	0	0	0	0	0	0	0	0	0	
N74	1.34006e-50	4.55313e-49	1.62957e-47	5.88789e-46	2.08297e-44	6.00494e-32	2.16155e-41	2.58173e-26	1.98555e-17	2.4426e-22	1.37243e-21	1.26582e-13	2.07347e-18	1.15364e-32	7.59097e-32	3.14852e-13	3.23509e-06	0.999997	1.98817e-07	7.08363e-15	2.19482e-35	4.03341e-35	9.37884e-35	4.29982e-34	3.26513e-34	2.83559e-34	7.34569e-35	1.38808e-35	8.82552e-36	6.52101e-35	6.16963e-35	3.82716e-34	1.22728e-34	4.90191e-34	7.13382e-35	4.98863e-35	5.43746e-36	3.03734e-36	4.96901e-37	4.62874e-37	2.95156e-36	
C601	0	0	0	0	0	0	0	0	0	0	0	0	0	0	0	0	0	1	0	0	0	0	0	0	0	0	0	0	0	0	0	0	0	0	0	0	0	0	0	0	0	
C602	0	0	0	0	0	0	0	0	0	0	0	0	0	0	0	0	0	1	0	0	0	0	0	0	0	0	0	0	0	0	0	0	0	0	0	0	0	0	0	0	0	
N75	2.77588e-40	1.77138e-35	7.86332e-33	5.6331e-29	1.38114e-29	2.33683e-30	6.55694e-26	1.47125e-21	7.02207e-20	9.51797e-18	3.87663e-15	2.27648e-13	1.40515e-10	3.57705e-07	0.000816271	0.137646	0.83893	0.0225809	2.70958e-05	7.33642e-09	8.57381e-13	1.049e-14	7.46764e-17	4.37211e-18	1.56193e-20	2.44381e-23	9.37978e-27	2.55268e-31	8.72818e-35	5.04467e-37	1.43318e-40	3.18622e-40	3.58254e-41	1.42836e-40	3.33224e-43	1.64219e-43	6.90691e-46	7.01037e-46	1.61621e-47	2.93123e-48	3.60157e-48	
CGA236	0	0	0	0	0	0	0	0	0	0	0	0	0	0	0	0	1	0	0	0	0	0	0	0	0	0	0	0	0	0	0	0	0	0	0	0	0	0	0	0	0	
N76	6.61216e-47	2.46185e-41	3.47394e-37	4.25685e-33	1.61635e-30	6.51023e-27	7.20585e-23	1.22416e-19	1.31053e-17	1.62705e-15	1.46208e-13	6.09333e-11	8.78185e-08	3.85254e-05	0.00923939	0.245414	0.725671	0.0195912	4.5558e-05	2.92086e-08	8.17034e-12	3.51258e-14	5.97593e-16	4.87111e-17	5.85749e-19	1.76554e-21	1.2882e-24	1.20519e-28	7.62045e-32	3.39918e-34	3.81897e-37	1.04362e-38	3.75732e-42	6.70601e-44	2.50158e-48	5.54442e-51	1.52721e-55	7.13832e-59	2.44353e-63	6.1218e-67	2.32891e-69	
N77	6.86086e-41	8.80676e-35	1.34733e-29	7.85678e-26	1.07045e-22	6.52726e-19	4.13383e-16	7.96432e-14	6.07668e-11	2.00002e-10	1.86232e-09	2.63422e-06	0.000135587	0.00160446	0.0265396	0.303614	0.610514	0.0573776	0.000211374	2.35361e-07	2.22322e-10	2.40435e-12	2.23522e-14	3.4394e-16	8.58573e-19	1.78144e-21	9.74021e-25	3.37625e-28	3.00314e-31	2.34891e-33	1.6456e-36	9.32016e-39	2.53586e-42	8.076e-45	7.31694e-49	3.50064e-52	2.04511e-56	5.69368e-60	3.64258e-64	1.21737e-67	2.6812e-70	
Calboe	0	0	0	0	0	0	0	0	0	0	0	0	0	1	0	0	0	0	0	0	0	0	0	0	0	0	0	0	0	0	0	0	0	0	0	0	0	0	0	0	0	
C3125	0	0	0	0	0	0	0	0	0	0	0	0	0	0	0	0	0	1	0	0	0	0	0	0	0	0	0	0	0	0	0	0	0	0	0	0	0	0	0	0	0	
N78	3.87937e-46	7.31064e-45	1.34951e-43	2.31473e-42	1.86762e-49	5.34576e-40	1.93785e-43	1.54901e-41	3.35959e-41	5.61953e-24	2.90355e-38	5.11724e-34	3.71516e-34	4.76414e-17	1	2.69977e-15	1.01281e-30	5.98558e-32	1.30125e-32	1.99252e-33	2.64648e-34	8.87157e-35	1.40248e-34	3.77284e-34	4.12011e-34	3.74279e-34	2.16681e-34	7.02229e-35	3.71495e-35	9.07968e-35	8.64453e-35	2.89024e-34	2.29579e-34	5.22895e-34	1.87573e-34	1.65488e-34	4.39258e-35	2.75167e-35	6.5794e-36	5.11687e-36	9.47516e-36	
CGA429	0	0	0	0	0	0	0	0	0	0	0	0	0	0	1	0	0	0	0	0	0	0	0	0	0	0	0	0	0	0	0	0	0	0	0	0	0	0	0	0	0	
CGA430	0	0	0	0	0	0	0	0	0	0	0	0	0	0	1	0	0	0	0	0	0	0	0	0	0	0	0	0	0	0	0	0	0	0	0	0	0	0	0	0	0	
N79	4.96688e-51	6.23175e-44	9.31651e-39	1.6266e-33	2.58499e-30	7.01189e-27	5.7548e-22	1.98729e-20	1.64651e-19	1.32455e-16	3.72676e-15	3.36155e-12	1.08174e-07	0.000702846	0.158743	0.582928	0.255141	0.00248467	7.50226e-07	6.87961e-11	2.82198e-15	1.63943e-19	5.17997e-22	1.78172e-23	1.35147e-25	9.90892e-29	1.19885e-29	2.55827e-31	7.52652e-33	6.10853e-35	2.24488e-36	4.41974e-36	1.60766e-37	2.14162e-37	4.84783e-40	2.7934e-40	3.38205e-43	1.22021e-44	1.33925e-47	2.87824e-49	2.70524e-50	
N80	1.98222e-44	3.17047e-43	4.98569e-42	7.24944e-41	1.23277e-48	7.0828e-44	8.39629e-26	2.80977e-40	1.82847e-24	3.51593e-38	5.75745e-34	2.95321e-34	4.20581e-17	1	2.81909e-15	1.29428e-30	1.74431e-31	6.00243e-32	1.26533e-32	1.97729e-33	3.69566e-34	2.6206e-34	4.03875e-34	7.84599e-34	5.82645e-34	4.74224e-34	2.56966e-34	1.4695e-34	1.09891e-34	3.07924e-34	2.64059e-34	6.45741e-34	3.8653e-34	6.41628e-34	2.34829e-34	1.78616e-34	4.77789e-35	2.8409e-35	7.48884e-36	7.24209e-36	1.74208e-35	
C985	0	0	0	0	0	0	0	0	0	0	0	0	0	1	0	0	0	0	0	0	0	0	0	0	0	0	0	0	0	0	0	0	0	0	0	0	0	0	0	0	0	
C984	0	0	0	0	0	0	0	0	0	0	0	0	0	1	0	0	0	0	0	0	0	0	0	0	0	0	0	0	0	0	0	0	0	0	0	0	0	0	0	0	0	
N81	1.53773e-37	3.22134e-33	4.25149e-30	2.19314e-27	7.33562e-27	1.13127e-26	8.10911e-22	2.28225e-19	1.7546e-17	2.05719e-14	3.56667e-13	1.49953e-10	1.04144e-06	0.00192006	0.259856	0.588901	0.148372	0.000949112	5.86678e-07	1.28637e-10	2.029e-14	3.66568e-16	2.73354e-18	1.42236e-19	7.98941e-22	2.12707e-24	1.66179e-27	1.1541e-31	7.4952e-35	1.33089e-36	4.55667e-40	1.79642e-41	2.1367e-45	5.73399e-47	1.3252e-51	5.87882e-54	9.98968e-59	4.97538e-62	1.18126e-66	2.85486e-70	1.51095e-72	
N82	5.09072e-48	4.53697e-40	4.43998e-35	4.37529e-29	3.10937e-24	1.35551e-24	2.49096e-18	1.71585e-16	3.32124e-16	3.44441e-11	1.83475e-13	7.49374e-15	1.34871e-09	9.51928e-05	0.998039	0.00186573	4.27065e-07	1.93987e-11	3.06382e-16	2.28005e-21	2.32718e-26	5.56881e-31	1.09233e-35	1.56246e-40	4.12191e-46	7.10411e-52	2.43529e-58	5.6173e-35	4.75728e-35	1.40653e-34	9.85925e-35	2.24536e-34	1.01685e-34	1.46713e-34	4.61203e-35	3.27584e-35	7.63555e-36	4.40018e-36	1.13849e-36	1.44929e-36	4.71796e-36	
CGA310	0	0	0	0	0	0	0	0	0	0	0	0	0	0	1	0	0	0	0	0	0	0	0	0	0	0	0	0	0	0	0	0	0	0	0	0	0	0	0	0	0	
CGA314	0	0	0	0	0	0	0	0	0	0	0	0	0	0	1	0	0	0	0	0	0	0	0	0	0	0	0	0	0	0	0	0	0	0	0	0	0	0	0	0	0	
N83	5.54088e-41	6.27175e-35	5.03498e-30	5.78414e-26	8.27537e-23	1.11299e-19	1.89245e-15	3.40799e-14	8.15303e-13	6.41811e-11	3.08803e-10	5.75036e-08	0.000115752	0.0603386	0.745117	0.188064	0.00634427	2.07228e-05	2.22829e-08	1.13077e-11	8.18923e-15	5.66773e-17	2.98312e-19	2.46513e-21	3.23937e-24	4.7182e-27	2.16385e-30	9.71649e-34	7.89318e-37	4.60097e-39	2.31487e-42	9.12586e-45	1.82294e-48	3.83496e-51	3.30003e-55	1.37696e-58	8.10575e-63	6.56316e-66	8.53572e-68	6.97032e-68	3.90788e-67	
N84	6.10773e-52	3.78995e-43	1.23639e-37	2.7551e-31	7.47322e-26	1.92182e-26	1.33225e-19	1.3363e-17	3.60893e-17	1.34199e-11	3.68176e-14	7.33608e-16	3.70131e-10	6.06945e-05	0.999607	0.000332781	1.25119e-08	1.17519e-13	3.51192e-19	9.86513e-25	1.01781e-29	7.30895e-35	7.27855e-35	7.22207e-35	1.9004e-35	2.40037e-35	1.65892e-35	6.69957e-35	3.09156e-35	1.04315e-34	2.91806e-35	6.14199e-35	1.28235e-35	1.4045e-35	2.44944e-36	1.63037e-36	2.30037e-37	1.35684e-37	5.1769e-38	1.77864e-37	1.08845e-36	
CGA382	0	0	0	0	0	0	0	0	0	0	0	0	0	0	1	0	0	0	0	0	0	0	0	0	0	0	0	0	0	0	0	0	0	0	0	0	0	0	0	0	0	
CGA365	0	0	0	0	0	0	0	0	0	0	0	0	0	0	1	0	0	0	0	0	0	0	0	0	0	0	0	0	0	0	0	0	0	0	0	0	0	0	0	0	0	
N85	7.52937e-47	1.92457e-45	4.81515e-44	1.12691e-42	5.76308e-31	5.38228e-26	2.38981e-17	5.58365e-22	1.3372e-15	1.74146e-19	2.34187e-34	3.26138e-15	1.47233e-07	0.999988	1.19632e-05	1.31047e-11	3.71853e-32	6.2958e-33	7.07726e-34	7.82766e-35	9.61575e-35	1.61583e-34	1.89844e-34	2.58846e-34	7.53652e-35	5.27139e-35	2.4013e-35	6.86682e-35	5.91729e-35	2.42727e-34	8.94927e-35	2.30956e-34	5.44009e-35	6.87606e-35	1.30369e-35	9.00863e-36	1.36006e-36	7.71056e-37	1.85306e-37	4.65964e-37	2.81499e-36	
CGA494	0	0	0	0	0	0	0	0	0	0	0	0	0	1	0	0	0	0	0	0	0	0	0	0	0	0	0	0	0	0	0	0	0	0	0	0	0	0	0	0	0	
CGA495	0	0	0	0	0	0	0	0	0	0	0	0	0	1	0	0	0	0	0	0	0	0	0	0	0	0	0	0	0	0	0	0	0	0	0	0	0	0	0	0	0	
N86	1.55826e-44	5.28757e-38	1.34567e-33	2.59721e-28	1.16451e-25	1.79234e-23	1.04855e-20	3.37346e-16	1.75593e-13	5.07162e-13	3.10119e-11	7.83201e-10	3.43876e-09	1.17264e-07	1.44642e-05	0.0116893	0.43557	0.525357	0.0272963	7.2825e-05	6.05981e-08	1.78008e-10	1.17225e-12	9.74314e-15	1.43679e-17	1.40645e-20	5.18908e-24	6.63127e-28	1.74255e-31	3.16833e-34	1.05894e-37	4.68111e-39	6.29157e-38	2.93974e-38	2.7764e-40	1.56897e-41	1.06967e-43	2.91165e-45	3.66063e-47	4.62007e-47	3.23794e-46	
N87	2.12642e-45	4.06066e-39	3.00082e-34	5.12374e-29	1.46194e-26	8.25686e-24	2.33583e-20	5.71768e-16	2.87169e-14	1.52562e-13	4.41949e-12	6.85727e-11	1.31737e-09	2.87971e-08	2.05069e-05	0.0244554	0.47387	0.490619	0.0110192	1.54851e-05	6.26851e-09	2.26745e-12	2.1623e-15	8.36203e-18	6.33896e-20	1.27934e-22	6.33508e-25	2.18951e-28	2.07444e-31	2.98632e-35	1.68153e-39	1.80806e-41	4.40154e-45	6.16971e-47	2.83995e-51	2.32292e-53	4.46985e-58	1.54594e-60	1.77751e-65	9.45173e-69	2.982e-73	
C12265	0	0	0	0	0	0	0	0	0	0	0	0	0	0	0	0	0	1	0	0	0	0	0	0	0	0	0	0	0	0	0	0	0	0	0	0	0	0	0	0	0	
N88	3.23581e-47	5.55971e-40	1.08479e-35	1.49881e-29	1.7955e-27	9.98235e-27	3.19712e-21	3.43722e-17	5.78651e-18	1.18134e-15	1.58351e-13	3.9276e-14	1.14099e-11	6.33755e-07	0.00801658	0.936989	0.0545499	0.000443771	2.12762e-07	2.03585e-11	7.49811e-16	1.39015e-20	2.67019e-25	2.14186e-28	1.02981e-31	1.93541e-35	8.13718e-38	2.56817e-37	5.55283e-37	2.57784e-39	6.55918e-42	5.86644e-43	8.75618e-45	1.14335e-45	9.43014e-48	8.35537e-49	1.65373e-51	4.13417e-53	5.97446e-56	4.87295e-58	1.65544e-60	
C404	0	0	0	0	0	0	0	0	0	0	0	0	0	0	1	0	0	0	0	0	0	0	0	0	0	0	0	0	0	0	0	0	0	0	0	0	0	0	0	0	0	
N89	1.78708e-40	1.99248e-35	5.93717e-33	6.10281e-29	5.16401e-30	3.07221e-29	6.72336e-24	5.27886e-19	2.09156e-19	3.48901e-18	1.88067e-14	1.9131e-14	1.93734e-12	1.50787e-07	0.00258894	0.96867	0.0286694	7.18258e-05	1.21724e-08	5.40216e-13	2.52174e-17	2.42988e-19	2.08565e-22	5.59408e-25	1.10272e-28	4.18797e-32	6.93225e-36	1.50012e-40	2.24062e-44	1.63324e-46	1.59021e-51	9.37466e-54	3.53239e-59	1.02968e-61	2.14054e-67	1.1107e-69	5.34824e-72	1.27823e-71	1.61415e-72	1.33872e-71	5.92996e-70	
N90	2.78589e-53	1.78712e-51	1.0746e-49	1.1484e-35	1.44981e-34	1.37465e-44	1.66247e-27	2.58456e-19	4.49723e-23	4.00869e-22	1.41894e-15	1.524e-19	1.41898e-34	1.02006e-13	9.54118e-07	0.999994	4.90068e-06	2.62817e-12	6.25923e-35	2.82402e-36	1.27366e-36	5.29532e-36	1.16132e-35	6.03771e-35	1.01944e-35	5.90217e-36	1.12464e-36	8.64342e-37	8.30307e-37	9.08081e-36	7.52492e-36	5.83379e-35	6.74306e-36	1.058e-35	1.03067e-36	7.55373e-37	6.16835e-38	3.35993e-38	5.93908e-39	1.40994e-38	1.66408e-37	
Cl11778	0	0	0	0	0	0	0	0	0	0	0	0	0	0	0	1	0	0	0	0	0	0	0	0	0	0	0	0	0	0	0	0	0	0	0	0	0	0	0	0	0	
Cl11779	0	0	0	0	0	0	0	0	0	0	0	0	0	0	0	1	0	0	0	0	0	0	0	0	0	0	0	0	0	0	0	0	0	0	0	0	0	0	0	0	0	
N91	1.14014e-51	5.68869e-44	1.8443e-39	1.60795e-32	3.5497e-31	5.33799e-30	7.65695e-24	5.15913e-18	4.56781e-19	6.14613e-18	9.48777e-14	5.20671e-15	4.04599e-14	5.83613e-09	0.000233206	0.998022	0.00174498	2.6506e-07	1.01276e-11	1.53879e-16	1.36654e-20	1.50422e-23	4.53199e-27	3.52874e-30	4.72184e-35	2.1137e-39	1.73798e-44	3.15729e-49	9.24905e-54	3.53903e-57	4.82362e-62	8.71694e-66	8.34149e-72	1.9977e-76	9.00514e-83	3.85753e-88	7.03257e-95	7.02908e-101	8.58775e-108	3.16688e-114	8.92378e-38	
CGA594	0	0	0	0	0	0	0	0	0	0	0	0	0	0	0	1	0	0	0	0	0	0	0	0	0	0	0	0	0	0	0	0	0	0	0	0	0	0	0	0	0	
CGA48	0	0	0	0	0	0	0	0	0	0	0	0	0	0	0	1	0	0	0	0	0	0	0	0	0	0	0	0	0	0	0	0	0	0	0	0	0	0	0	0	0	
N92	9.56202e-47	2.13e-45	4.74864e-44	1.00353e-42	1.98624e-41	3.63918e-40	6.10201e-39	9.25392e-38	4.00591e-21	2.03483e-19	1.53474e-34	7.61864e-18	1.29112e-11	1.71848e-16	2.09089e-31	5.3987e-31	1.69888e-11	1.19487e-05	0.999987	1.29453e-06	3.65494e-13	2.71415e-34	4.72187e-34	1.4069e-33	1.3953e-33	1.26594e-33	7.34085e-34	2.09476e-34	1.10923e-34	3.22398e-34	3.00907e-34	1.13467e-33	7.06679e-34	1.85548e-33	5.53146e-34	5.74229e-34	1.31591e-34	8.41013e-35	1.69032e-35	1.27059e-35	2.57905e-35	
C3134	0	0	0	0	0	0	0	0	0	0	0	0	0	0	0	0	0	0	1	0	0	0	0	0	0	0	0	0	0	0	0	0	0	0	0	0	0	0	0	0	0	
C3126	0	0	0	0	0	0	0	0	0	0	0	0	0	0	0	0	0	0	1	0	0	0	0	0	0	0	0	0	0	0	0	0	0	0	0	0	0	0	0	0	0	
N93	3.97823e-41	8.27705e-35	1.25841e-29	7.2091e-26	8.89695e-23	9.93269e-20	2.31876e-19	5.56378e-15	6.3078e-11	2.31416e-11	3.14447e-11	1.69348e-08	1.98798e-08	1.10941e-09	5.90355e-08	8.24041e-05	0.0267486	0.82872	0.142976	0.00146868	3.95509e-06	6.95845e-09	2.65996e-11	1.39773e-13	2.41107e-16	2.9165e-19	2.16295e-22	7.03898e-26	2.3778e-29	1.46454e-30	2.55814e-30	6.64656e-31	2.9182e-32	2.79119e-33	6.4406e-35	3.1413e-36	4.95597e-38	1.48503e-39	1.80019e-41	5.04719e-43	2.17664e-44	
CGA311	0	0	0	0	0	0	0	0	0	0	0	0	0	0	0	0	0	1	0	0	0	0	0	0	0	0	0	0	0	0	0	0	0	0	0	0	0	0	0	0	0	
N94	1.43205e-41	7.18254e-37	3.21841e-33	1.83318e-29	8.49705e-26	1.0128e-22	3.77567e-21	7.20495e-17	6.60472e-13	5.70821e-13	1.3041e-12	2.26228e-10	2.80595e-10	5.37676e-11	8.93334e-09	2.21662e-05	0.0167917	0.832762	0.149255	0.00116681	1.93768e-06	1.45802e-09	1.62026e-12	2.9253e-14	3.33313e-16	1.09275e-18	7.83115e-21	2.02548e-24	2.73001e-27	9.14594e-31	1.17932e-34	3.04979e-36	4.44298e-40	1.06241e-41	4.29966e-46	5.85325e-48	8.47803e-53	2.82773e-55	2.99835e-60	3.56322e-63	1.48296e-67	
N95	1.06187e-47	7.17414e-41	1.5432e-35	6.22813e-31	1.53887e-28	7.50034e-25	1.39731e-23	6.16148e-19	1.32701e-15	1.34834e-16	3.84824e-15	8.07869e-13	3.49477e-13	1.05039e-12	2.7308e-09	2.0057e-05	0.0277786	0.938433	0.0337	6.87341e-05	3.36016e-08	6.31808e-12	6.46107e-16	1.15255e-18	5.24258e-21	7.95132e-24	2.71963e-26	6.52012e-30	2.40104e-33	2.33847e-37	6.55499e-42	3.41612e-45	1.11573e-46	2.3748e-44	4.30441e-46	1.1522e-46	1.02331e-48	1.30681e-49	3.46366e-52	1.00715e-53	9.94673e-55	
N96	2.28272e-50	4.73721e-49	1.07451e-47	2.53379e-46	6.02771e-45	1.39306e-43	1.35406e-32	2.96131e-26	2.8733e-24	9.29981e-25	1.60434e-16	1.95459e-20	3.72006e-35	3.37553e-34	7.16054e-15	2.1803e-07	0.999991	8.4233e-06	3.23798e-12	6.30886e-33	7.7098e-34	7.30243e-35	9.28096e-36	2.18552e-35	5.35842e-35	1.03975e-34	2.5989e-34	8.34525e-35	4.33447e-35	1.56783e-35	4.12828e-36	1.48137e-35	1.51559e-35	7.80056e-35	7.16896e-35	2.39954e-34	6.80548e-35	6.92227e-35	1.4987e-35	9.92884e-36	4.93515e-36	
CGA45	0	0	0	0	0	0	0	0	0	0	0	0	0	0	0	0	1	0	0	0	0	0	0	0	0	0	0	0	0	0	0	0	0	0	0	0	0	0	0	0	0	
CGA46	0	0	0	0	0	0	0	0	0	0	0	0	0	0	0	0	1	0	0	0	0	0	0	0	0	0	0	0	0	0	0	0	0	0	0	0	0	0	0	0	0	
N97	9.94748e-51	5.26862e-44	1.85281e-38	5.44238e-34	9.32801e-31	6.16964e-27	9.01196e-26	2.36577e-21	1.48491e-17	4.09488e-18	3.49512e-17	1.09012e-13	3.70988e-13	3.59795e-13	6.23643e-10	6.19276e-06	0.0127111	0.962831	0.0244106	4.06667e-05	1.66177e-08	2.70662e-12	1.27925e-15	8.57992e-17	1.32556e-18	2.72344e-21	1.23928e-23	1.94019e-27	1.52664e-30	1.49658e-34	1.1928e-38	1.75294e-40	5.34963e-44	6.36208e-46	2.46027e-50	1.57794e-52	2.04151e-57	2.89701e-60	2.63901e-65	7.2125e-69	2.88014e-73	
N98	2.48582e-52	1.6666e-45	7.21813e-40	1.39497e-35	1.84897e-32	3.44069e-28	2.65223e-27	3.81286e-22	2.49188e-17	1.02499e-17	1.09021e-16	8.06044e-13	4.39361e-13	5.52255e-14	5.7327e-11	7.97311e-07	0.0027716	0.989301	0.00791912	7.17209e-06	1.86436e-09	2.08994e-13	3.98148e-17	3.66931e-19	1.24713e-21	1.41622e-24	3.23347e-27	2.13249e-31	3.94703e-35	2.16904e-39	8.79751e-44	1.64652e-46	2.86647e-50	4.59173e-53	3.39229e-57	3.15609e-60	4.98385e-65	1.12596e-66	9.41701e-68	6.30463e-68	2.69483e-68	
N99	1.77246e-58	2.28266e-50	1.49801e-43	2.91763e-39	3.2198e-36	7.35941e-31	2.36468e-31	3.9954e-25	3.83845e-19	8.50158e-21	8.80025e-20	1.39014e-14	5.24417e-16	3.58039e-18	6.16869e-15	1.70873e-09	0.00012382	0.999532	0.000344235	1.51406e-08	2.02766e-13	1.1721e-18	1.19157e-23	6.92743e-27	1.32063e-30	7.14431e-35	6.31696e-39	6.43704e-45	1.108e-50	2.06262e-57	6.28912e-38	6.44539e-37	6.53889e-37	8.18607e-36	6.60584e-36	5.82275e-35	5.91847e-36	5.48957e-36	4.53799e-37	2.90014e-37	1.7941e-37	
C3043	0	0	0	0	0	0	0	0	0	0	0	0	0	0	0	0	0	1	0	0	0	0	0	0	0	0	0	0	0	0	0	0	0	0	0	0	0	0	0	0	0	
CGA87	0	0	0	0	0	0	0	0	0	0	0	0	0	0	0	0	0	1	0	0	0	0	0	0	0	0	0	0	0	0	0	0	0	0	0	0	0	0	0	0	0	
N100	6.32807e-58	6.12825e-50	3.02989e-43	6.01487e-39	6.72713e-36	1.1175e-30	4.90531e-31	5.93187e-25	4.07553e-19	1.25237e-20	1.32644e-19	1.55436e-14	8.35665e-16	8.27969e-18	1.44816e-14	3.02054e-09	0.000164752	0.999372	0.000463578	2.72989e-08	4.88016e-13	3.75622e-18	5.08237e-23	4.20843e-26	1.1365e-29	8.43434e-34	1.0645e-37	1.45321e-43	3.50465e-49	8.77954e-56	5.67761e-38	5.96976e-37	6.03685e-37	7.8376e-36	6.22323e-36	5.72849e-35	5.58439e-36	5.33704e-36	4.26608e-37	2.74475e-37	1.67286e-37	
CGA368	0	0	0	0	0	0	0	0	0	0	0	0	0	0	0	0	0	1	0	0	0	0	0	0	0	0	0	0	0	0	0	0	0	0	0	0	0	0	0	0	0	
CGA557	0	0	0	0	0	0	0	0	0	0	0	0	0	0	0	0	0	1	0	0	0	0	0	0	0	0	0	0	0	0	0	0	0	0	0	0	0	0	0	0	0	
CGA364	0	0	0	0	0	0	0	0	0	0	0	0	0	0	0	0	0	1	0	0	0	0	0	0	0	0	0	0	0	0	0	0	0	0	0	0	0	0	0	0	0	
C2208	0	0	0	0	0	0	0	0	0	0	0	0	0	0	0	0	0	0	1	0	0	0	0	0	0	0	0	0	0	0	0	0	0	0	0	0	0	0	0	0	0	
N101	3.32101e-36	1.34731e-30	4.14209e-26	1.73179e-22	4.11381e-20	3.3474e-17	1.75136e-16	1.06269e-12	2.30087e-09	5.9318e-10	1.38896e-09	2.33195e-07	7.30873e-08	9.37171e-09	1.61177e-06	0.000677867	0.0703272	0.87864	0.0498003	0.000550644	2.37644e-06	8.04322e-09	4.91745e-11	3.66599e-13	1.12508e-15	2.74268e-18	4.43029e-21	4.48087e-24	4.24423e-27	8.43031e-30	7.67439e-33	1.32405e-35	8.10719e-39	7.92311e-42	2.6699e-45	1.33857e-48	2.78563e-52	8.46009e-56	1.25633e-59	3.53486e-63	1.45121e-66	
N102	4.76357e-43	1.89235e-36	3.17803e-31	5.68584e-27	1.88869e-24	9.4273e-21	3.83866e-20	9.18313e-16	3.77671e-12	1.76918e-13	2.06636e-12	2.95509e-10	1.85059e-11	3.9843e-12	1.08702e-08	5.0209e-05	0.0437335	0.943355	0.012838	2.30939e-05	1.24453e-08	3.03416e-12	9.50907e-16	5.10186e-18	1.08746e-20	1.12063e-23	1.68351e-26	1.86021e-30	4.62945e-34	6.19025e-38	5.86882e-42	9.88659e-45	1.38995e-48	1.83984e-51	1.09173e-55	8.39459e-59	1.68386e-63	3.24284e-67	4.64633e-72	1.42951e-75	2.247e-78	
N103	1.22519e-56	1.14344e-47	3.69743e-40	3.69889e-36	1.87533e-33	1.25162e-27	1.61405e-29	4.32611e-23	5.16978e-17	3.74665e-20	1.86762e-19	1.24344e-13	3.51507e-16	1.66592e-19	1.66845e-16	1.74145e-10	4.35273e-05	0.999892	6.49606e-05	5.67637e-10	1.55302e-15	1.59105e-21	3.98356e-27	6.29147e-32	2.42948e-35	3.49943e-35	8.62303e-35	1.52484e-35	6.2983e-36	1.93659e-36	8.42763e-37	6.59813e-36	6.20257e-36	3.94976e-35	1.79923e-35	8.14175e-35	1.31813e-35	1.08972e-35	1.37728e-36	8.71708e-37	5.98239e-37	
CGA453	0	0	0	0	0	0	0	0	0	0	0	0	0	0	0	0	0	1	0	0	0	0	0	0	0	0	0	0	0	0	0	0	0	0	0	0	0	0	0	0	0	
CGA383	0	0	0	0	0	0	0	0	0	0	0	0	0	0	0	0	0	1	0	0	0	0	0	0	0	0	0	0	0	0	0	0	0	0	0	0	0	0	0	0	0	
N104	2.70865e-47	1.99495e-40	2.22373e-35	2.71359e-30	5.79375e-28	1.83163e-24	1.43689e-22	6.28095e-18	4.23377e-15	1.54952e-16	1.46182e-14	5.05198e-13	3.86813e-14	4.94474e-13	3.26158e-09	4.00487e-05	0.0920328	0.904757	0.00316904	1.63792e-06	2.68459e-10	1.97351e-14	2.18105e-18	2.7324e-20	1.29938e-22	1.46051e-25	5.25403e-28	2.49486e-32	5.28119e-36	2.23547e-40	5.68032e-45	1.49333e-47	2.40619e-51	6.63058e-54	4.38945e-58	7.72065e-61	2.82981e-65	1.97423e-66	9.44025e-68	8.03547e-68	2.72607e-68	
N105	5.59094e-53	1.93447e-51	5.952e-50	1.56142e-48	3.43702e-47	4.02583e-34	1.09492e-44	7.34078e-29	2.60051e-20	1.38488e-24	1.31758e-23	7.79875e-16	6.27581e-20	9.04364e-35	1.23661e-33	9.3624e-14	1.5269e-06	0.999998	7.22824e-07	7.21814e-14	1.50462e-35	8.00582e-37	9.63405e-37	9.68633e-36	3.21974e-35	3.59818e-35	5.44002e-35	5.90523e-36	2.08552e-36	7.6119e-37	5.34999e-37	6.78844e-36	6.34509e-36	5.61504e-35	1.06091e-35	5.13057e-35	5.28057e-36	3.76703e-36	3.12284e-37	1.92728e-37	2.60382e-37	
CGA501	0	0	0	0	0	0	0	0	0	0	0	0	0	0	0	0	0	1	0	0	0	0	0	0	0	0	0	0	0	0	0	0	0	0	0	0	0	0	0	0	0	
C11776	0	0	0	0	0	0	0	0	0	0	0	0	0	0	0	0	0	1	0	0	0	0	0	0	0	0	0	0	0	0	0	0	0	0	0	0	0	0	0	0	0	
N106	1.81342e-52	6.74379e-51	2.23911e-49	6.35653e-48	1.50181e-46	2.84219e-45	2.5906e-34	2.84669e-28	1.14856e-26	3.44691e-27	1.12731e-18	3.87022e-22	1.23189e-36	2.65803e-35	1.89813e-15	1.13273e-07	0.999978	2.17596e-05	3.78704e-12	1.97721e-33	9.39593e-35	3.53064e-36	3.94849e-37	3.75218e-36	1.82573e-35	4.12305e-35	2.34031e-34	2.83146e-35	1.1392e-35	1.7549e-36	2.49959e-37	2.52416e-36	2.59174e-36	3.16023e-35	2.70826e-35	2.27168e-34	2.42272e-35	2.07533e-35	1.76352e-36	1.10856e-36	7.32912e-37	
C3121	0	0	0	0	0	0	0	0	0	0	0	0	0	0	0	0	1	0	0	0	0	0	0	0	0	0	0	0	0	0	0	0	0	0	0	0	0	0	0	0	0	
C3123	0	0	0	0	0	0	0	0	0	0	0	0	0	0	0	0	1	0	0	0	0	0	0	0	0	0	0	0	0	0	0	0	0	0	0	0	0	0	0	0	0	
N107	4.36178e-45	5.42193e-38	3.76552e-32	2.27532e-28	7.23638e-26	1.29812e-21	2.74348e-22	2.32249e-17	8.71586e-13	7.76344e-15	1.10803e-14	7.67121e-11	2.01682e-12	1.44013e-14	7.04671e-12	1.88479e-07	0.0012876	0.996159	0.00255187	9.22681e-07	1.05011e-10	5.63318e-15	4.58924e-19	3.06843e-22	8.51887e-26	1.44513e-29	2.42095e-33	5.15525e-38	1.44818e-42	3.29712e-47	5.63629e-52	6.79834e-56	1.2774e-60	8.73934e-65	6.61061e-70	1.86456e-74	3.651e-80	1.79292e-85	1.2705e-91	1.77334e-97	9.45885e-104	
Calparcri	0	0	0	0	0	0	0	0	0	0	0	0	0	0	0	0	0	1	0	0	0	0	0	0	0	0	0	0	0	0	0	0	0	0	0	0	0	0	0	0	0	
C3118	0	0	0	0	0	0	0	0	0	0	0	0	0	0	0	0	0	1	0	0	0	0	0	0	0	0	0	0	0	0	0	0	0	0	0	0	0	0	0	0	0	
N108	5.58567e-42	1.23661e-36	2.99276e-33	1.01397e-29	4.9219e-28	3.06091e-24	1.01103e-20	8.36519e-17	8.17576e-15	3.70429e-13	1.76281e-11	4.44783e-09	1.04207e-07	2.78587e-06	0.00109316	0.11812	0.724215	0.155723	0.000846058	9.3983e-07	8.72228e-10	7.03193e-12	4.41861e-14	1.69347e-15	4.30981e-18	8.51828e-21	1.25356e-23	1.08135e-27	3.14217e-30	1.26443e-30	9.94755e-33	1.81561e-32	4.40927e-35	5.45046e-35	4.67532e-38	2.02756e-38	1.17996e-41	5.05398e-43	3.10565e-46	5.66311e-48	4.95661e-49	
N109	4.83664e-41	4.54981e-35	3.51259e-30	2.81736e-26	5.17804e-23	4.84211e-20	1.32316e-18	7.38338e-15	1.18522e-11	6.68446e-11	1.04947e-09	1.63672e-07	1.14514e-06	1.75417e-06	0.000110847	0.0187894	0.401541	0.529864	0.0488456	0.000836186	9.41338e-06	5.50717e-07	2.35063e-08	1.08303e-09	6.22603e-12	3.76942e-14	8.05205e-17	1.42859e-19	3.79214e-22	5.78627e-24	1.0056e-26	8.87536e-29	4.68992e-32	1.78845e-34	4.34874e-38	4.22035e-41	6.29872e-45	3.24575e-48	4.1977e-52	2.96432e-55	9.17269e-58	
N110	1.41116e-36	5.54102e-31	3.20312e-26	2.92533e-23	3.15965e-20	5.0842e-17	3.45999e-16	2.5236e-13	5.49852e-11	8.43096e-10	4.13001e-08	8.52437e-06	3.2349e-05	3.09901e-05	0.000414585	0.0238509	0.364174	0.566429	0.0444069	0.000650124	3.19709e-06	9.46948e-09	6.82817e-11	1.86964e-12	1.6114e-14	8.8955e-17	3.92888e-19	3.70379e-22	5.24804e-25	1.15759e-27	1.55257e-30	1.11489e-32	1.06342e-35	4.54208e-38	1.72564e-41	3.42648e-44	7.34113e-48	5.86371e-51	8.59407e-55	4.10725e-58	1.74337e-61	
N111	6.90364e-36	2.908e-30	1.67284e-25	2.36471e-22	3.1488e-19	5.34266e-16	4.10093e-15	2.21088e-12	3.17748e-10	5.96258e-09	3.03269e-07	7.91587e-05	0.000360848	0.000414035	0.00519905	0.0898224	0.468547	0.422286	0.0132115	7.91518e-05	1.66448e-07	1.69716e-10	1.81551e-13	3.5578e-15	3.81386e-17	1.99364e-19	1.51074e-21	1.11643e-24	1.7273e-27	1.37756e-30	6.59428e-34	5.78886e-36	5.37877e-39	4.29559e-41	1.61381e-44	7.59972e-47	1.12721e-50	1.75934e-53	1.81578e-57	1.25518e-60	2.74141e-64	
N112	5.62643e-39	6.47423e-33	5.20143e-28	5.45139e-24	4.7407e-21	5.16089e-18	5.46606e-17	7.04642e-13	2.95593e-09	2.07105e-09	5.92583e-09	9.53938e-07	7.56201e-07	1.08535e-07	1.02132e-05	0.00256959	0.138023	0.806296	0.0525535	0.000539406	6.99665e-06	1.04656e-07	1.22493e-09	1.34272e-11	2.80915e-14	1.04553e-16	1.58777e-19	6.1453e-22	4.99436e-25	2.72015e-27	1.15446e-30	3.68902e-33	8.68864e-37	1.45781e-39	2.06231e-43	1.5653e-46	1.46138e-50	5.01653e-54	3.72278e-58	1.4562e-61	1.9678e-64	
Triowe	0	0	0	0	0	0	0	0	0	0	0	0	0	0	0	0	0	1	0	0	0	0	0	0	0	0	0	0	0	0	0	0	0	0	0	0	0	0	0	0	0	
N113	1.78735e-39	9.99947e-34	5.16829e-29	6.9088e-25	6.70398e-22	5.49167e-19	2.92446e-17	1.16867e-13	1.14377e-10	1.22182e-10	3.57072e-10	2.69158e-08	1.77622e-08	8.25271e-09	1.72743e-06	0.000888642	0.0933829	0.843241	0.061819	0.000663208	3.29681e-06	1.66207e-08	1.30335e-10	8.34762e-12	1.26663e-13	1.14202e-15	1.16327e-17	8.39766e-21	2.39719e-23	9.04214e-26	1.14917e-28	4.54474e-30	2.73681e-33	7.14904e-35	1.62591e-38	2.13823e-40	2.42463e-44	7.50805e-47	6.53939e-51	8.97072e-54	5.08172e-57	
Trijoh	0	0	0	0	0	0	0	0	0	0	0	0	0	0	0	0	0	1	0	0	0	0	0	0	0	0	0	0	0	0	0	0	0	0	0	0	0	0	0	0	0	
Trimel	0	0	0	0	0	0	0	0	0	0	0	0	0	0	0	0	0	1	0	0	0	0	0	0	0	0	0	0	0	0	0	0	0	0	0	0	0	0	0	0	0	
N114	7.60258e-34	4.62516e-28	8.05876e-23	7.30771e-21	1.65141e-17	3.86252e-13	3.15166e-13	8.04357e-11	1.49414e-10	1.04412e-07	0.000462263	0.386611	0.488083	0.115516	0.00903912	0.000285246	3.79678e-06	1.92691e-08	2.3996e-11	1.22072e-14	3.28789e-18	5.50015e-22	8.68559e-26	9.37317e-29	1.11839e-31	1.05062e-34	9.88777e-38	1.94638e-41	4.62844e-45	8.52042e-49	9.81747e-53	7.29746e-56	1.73369e-59	1.37301e-62	2.18857e-66	1.00298e-69	6.54243e-74	1.15943e-77	4.88563e-82	4.90305e-86	3.27004e-90	
N115	2.59627e-35	1.93246e-29	3.58025e-24	7.17543e-22	2.9522e-18	7.1217e-14	2.26248e-13	7.37278e-11	3.41886e-10	3.77132e-07	0.00135463	0.642524	0.332787	0.022924	0.000407686	2.44141e-06	5.48919e-09	4.70969e-12	1.62906e-15	7.68047e-19	3.33507e-21	3.21281e-24	4.71619e-27	7.96781e-30	1.95996e-33	8.33953e-36	1.31856e-39	7.44449e-42	5.94027e-46	2.58258e-48	1.3143e-52	3.39785e-55	1.21464e-59	1.71711e-62	4.60249e-67	3.1587e-70	6.58846e-75	1.92228e-78	1.07841e-82	2.86906e-86	5.8051e-89	
Trihoe	0	0	0	0	0	0	0	0	0	0	0	1	0	0	0	0	0	0	0	0	0	0	0	0	0	0	0	0	0	0	0	0	0	0	0	0	0	0	0	0	0	
Tribit	0	0	0	0	0	0	0	0	0	0	0	1	0	0	0	0	0	0	0	0	0	0	0	0	0	0	0	0	0	0	0	0	0	0	0	0	0	0	0	0	0	
Trijac	0	0	0	0	0	0	0	0	0	0	0	1	0	0	0	0	0	0	0	0	0	0	0	0	0	0	0	0	0	0	0	0	0	0	0	0	0	0	0	0	0	
N116	9.15087e-37	4.22142e-31	1.50309e-26	8.10461e-23	3.29277e-20	1.91941e-17	1.61002e-16	8.25504e-13	1.41712e-09	6.79313e-10	1.19425e-09	1.16914e-07	7.5999e-08	1.63952e-08	1.99447e-06	0.000795258	0.076759	0.828633	0.0921827	0.00161853	9.39596e-06	4.09585e-08	4.67382e-10	8.74413e-12	4.9226e-14	2.19786e-16	6.65743e-19	7.74044e-22	9.88154e-25	3.32392e-27	4.1203e-30	1.65775e-32	1.2815e-35	2.95316e-38	1.12476e-41	1.23104e-44	2.77643e-48	1.40577e-51	2.10934e-55	7.91796e-59	4.04151e-62	
Tricri	0	0	0	0	0	0	0	0	0	0	0	0	0	0	0	0	0	1	0	0	0	0	0	0	0	0	0	0	0	0	0	0	0	0	0	0	0	0	0	0	0	
N117	4.64483e-39	2.28318e-33	9.49697e-29	8.33089e-25	4.96598e-22	3.51291e-19	7.813e-18	2.6924e-14	2.3718e-11	1.05615e-11	1.95781e-11	1.67896e-09	1.08751e-09	7.95697e-10	2.40429e-07	0.000207713	0.0428971	0.874233	0.0816336	0.00102447	3.7975e-06	6.42818e-09	1.56496e-11	6.83624e-13	1.07135e-14	7.73046e-17	8.21388e-19	6.77964e-22	1.43041e-24	1.54156e-27	1.12921e-30	1.80438e-32	1.69468e-35	2.12738e-37	7.58936e-41	5.48476e-43	7.79654e-47	1.63171e-49	1.65977e-53	1.53388e-56	4.00484e-60	
Triwie	0	0	0	0	0	0	0	0	0	0	0	0	0	0	0	0	0	1	0	0	0	0	0	0	0	0	0	0	0	0	0	0	0	0	0	0	0	0	0	0	0	
Triqua	0	0	0	0	0	0	0	0	0	0	0	0	0	0	0	0	0	1	0	0	0	0	0	0	0	0	0	0	0	0	0	0	0	0	0	0	0	0	0	0	0	
N118	7.97821e-37	6.8208e-32	8.62972e-28	4.62427e-24	2.84668e-21	5.06445e-19	5.68194e-17	7.03581e-14	2.73862e-11	2.57559e-10	1.39741e-09	3.11701e-08	2.03978e-07	1.21365e-06	0.000103735	0.0109201	0.265285	0.594977	0.122877	0.00573327	0.000100093	2.24603e-06	2.55111e-07	6.79764e-08	3.36529e-09	1.09371e-10	2.24611e-12	8.84277e-15	7.58455e-17	2.31713e-18	2.14601e-20	1.50387e-21	6.15156e-24	2.50685e-25	3.53439e-28	5.22381e-30	4.57014e-33	2.31472e-35	1.48127e-38	4.67029e-41	2.55002e-43	
N119	9.02209e-35	8.22789e-30	8.3278e-26	2.59404e-22	6.85774e-20	1.53058e-17	3.85425e-16	6.82877e-13	4.34748e-10	7.39485e-10	2.12958e-09	1.16468e-07	1.85914e-07	1.47949e-07	1.18476e-05	0.00206096	0.100905	0.735865	0.154635	0.00642652	9.42867e-05	7.31132e-07	7.67746e-09	2.30349e-10	3.30281e-12	3.69315e-14	3.14733e-16	9.95897e-19	3.29218e-21	1.68623e-23	4.98833e-26	4.41355e-28	1.09508e-30	6.12194e-33	8.35221e-36	2.53427e-38	2.07308e-41	3.29631e-44	1.83708e-47	2.08084e-50	2.31711e-53	
Kinboe	0	0	0	0	0	0	0	0	0	0	0	0	0	0	0	0	0	1	0	0	0	0	0	0	0	0	0	0	0	0	0	0	0	0	0	0	0	0	0	0	0	
Kinfis	0	0	0	0	0	0	0	0	0	0	0	0	0	0	0	0	0	1	0	0	0	0	0	0	0	0	0	0	0	0	0	0	0	0	0	0	0	0	0	0	0	
Kinxen	0	0	0	0	0	0	0	0	0	0	0	0	0	0	0	0	0	1	0	0	0	0	0	0	0	0	0	0	0	0	0	0	0	0	0	0	0	0	0	0	0	
N120	3.7321e-39	6.9915e-34	1.11906e-30	1.78225e-27	3.05502e-26	1.09877e-23	2.79698e-20	5.27499e-17	2.8228e-15	2.46616e-13	6.02774e-11	5.29891e-09	1.96428e-07	4.43032e-05	0.00729027	0.205957	0.671878	0.113869	0.000958548	3.23359e-06	4.08496e-09	5.80609e-12	9.52361e-14	3.34324e-14	4.46213e-15	2.24841e-16	1.97025e-17	2.56361e-20	2.92881e-22	6.3284e-25	2.93064e-27	7.04539e-28	1.00747e-30	1.09044e-31	1.52843e-35	5.93402e-37	2.43428e-41	6.03404e-44	4.27576e-48	7.3839e-50	2.19718e-51	
N121	6.91162e-31	3.03964e-26	4.95882e-22	1.3393e-19	1.77649e-16	2.63686e-13	4.12713e-12	1.27252e-10	2.93428e-09	6.7185e-07	0.000234295	0.0222845	0.18287	0.390105	0.300299	0.0928086	0.0110153	0.00037843	3.67675e-06	1.67504e-08	4.4606e-11	1.00653e-13	9.08163e-16	3.16892e-17	4.22857e-19	4.00818e-21	3.24799e-23	6.54804e-26	1.75466e-28	8.81587e-31	3.19978e-33	5.28505e-35	1.72086e-37	1.75226e-39	2.54089e-42	1.30904e-44	1.05949e-47	2.05062e-50	1.11011e-53	1.63887e-56	3.17896e-59	
N122	4.03277e-32	4.04661e-26	1.05051e-20	6.66618e-19	1.27896e-15	3.01842e-11	1.58976e-11	1.81494e-09	2.29768e-09	7.59823e-07	0.00164848	0.552611	0.404138	0.0405217	0.00107048	9.52141e-06	3.16408e-08	4.18652e-11	2.59471e-14	9.41433e-18	4.42965e-21	3.24075e-24	2.99525e-27	2.82731e-30	9.12023e-34	4.56131e-37	1.30928e-40	6.82766e-44	1.41979e-47	8.72809e-51	1.1943e-54	4.84395e-58	4.26326e-62	1.03663e-65	5.96737e-70	8.19194e-74	3.22538e-78	2.74909e-82	8.91832e-87	9.39847e-91	2.03186e-94	
N123	3.07553e-35	8.20301e-29	5.67813e-23	5.18347e-21	1.80792e-17	1.66337e-12	5.55859e-13	3.68084e-10	2.65995e-10	1.76125e-07	0.00114691	0.880051	0.117575	0.00122474	2.48578e-06	1.56017e-09	4.52959e-13	4.58379e-16	3.75242e-19	3.06437e-22	1.69098e-25	3.82121e-29	1.15726e-32	1.53867e-35	1.39105e-39	1.3773e-42	5.31925e-47	2.347e-50	5.42541e-55	1.07506e-58	1.71333e-63	1.68702e-67	2.03652e-72	1.20745e-76	2.13376e-81	5.47173e-85	6.66929e-90	9.17044e-94	6.20944e-98	2.91123e-102	4.25575e-106	
N124	1.04694e-34	7.31754e-29	1.22697e-23	2.37102e-21	8.07047e-18	1.42255e-13	4.69166e-13	1.37968e-10	7.56184e-10	8.2353e-07	0.00257692	0.921173	0.075824	0.000424908	5.28913e-07	3.20779e-10	1.52998e-12	7.38251e-14	7.94496e-17	2.22508e-19	1.33199e-22	4.76595e-25	6.26207e-28	1.24561e-29	1.12221e-33	7.09339e-36	3.53361e-40	5.33574e-43	1.92981e-47	1.15482e-50	3.25038e-55	1.36586e-58	2.59806e-62	1.59462e-65	6.84347e-69	4.0907e-71	8.46104e-76	6.28292e-79	2.75451e-82	5.46161e-86	7.63777e-89	
Chaafr	0	0	0	0	0	0	0	0	0	0	0	1	0	0	0	0	0	0	0	0	0	0	0	0	0	0	0	0	0	0	0	0	0	0	0	0	0	0	0	0	0	
Chacha	0	0	0	0	0	0	0	0	0	0	0	1	0	0	0	0	0	0	0	0	0	0	0	0	0	0	0	0	0	0	0	0	0	0	0	0	0	0	0	0	0	
N125	1.67972e-34	1.25672e-28	2.45892e-23	4.52682e-21	1.88748e-17	5.00933e-13	1.10893e-12	3.38453e-10	9.89704e-10	8.68787e-07	0.00267377	0.938715	0.0583467	0.000263308	2.83762e-07	1.67987e-10	7.57094e-13	2.03197e-14	1.727e-17	3.50159e-20	1.73038e-23	5.52629e-26	5.99116e-29	6.31124e-31	6.00047e-35	1.99665e-37	1.05329e-41	8.64323e-45	3.21462e-49	1.19326e-52	3.33352e-57	1.03847e-60	1.91351e-64	9.59801e-68	3.19855e-71	1.00778e-73	2.23525e-78	9.62579e-82	2.89968e-85	4.95299e-89	4.79113e-92	
Chacaly	0	0	0	0	0	0	0	0	0	0	0	1	0	0	0	0	0	0	0	0	0	0	0	0	0	0	0	0	0	0	0	0	0	0	0	0	0	0	0	0	0	
Chazey	0	0	0	0	0	0	0	0	0	0	0	1	0	0	0	0	0	0	0	0	0	0	0	0	0	0	0	0	0	0	0	0	0	0	0	0	0	0	0	0	0	
N126	2.21047e-31	4.0073e-26	1.89728e-21	4.1948e-19	6.93962e-16	1.5902e-12	6.69628e-12	4.68967e-10	8.10594e-09	5.20622e-06	0.00495237	0.623729	0.348563	0.022412	0.000337614	1.65489e-06	3.46086e-09	3.97742e-11	2.89036e-13	2.79703e-15	1.84e-17	4.01914e-20	1.55751e-22	5.69388e-24	2.62933e-27	8.15681e-29	1.84598e-32	2.70681e-34	4.03068e-38	2.77439e-40	3.12518e-44	1.02389e-46	9.63941e-51	1.58731e-53	2.34058e-57	2.20882e-59	1.88849e-63	8.44941e-66	1.34006e-68	9.03436e-72	4.05071e-74	
Chadil	0	0	0	0	0	0	0	0	0	0	0	1	0	0	0	0	0	0	0	0	0	0	0	0	0	0	0	0	0	0	0	0	0	0	0	0	0	0	0	0	0	
Chasen	0	0	0	0	0	0	0	0	0	0	0	1	0	0	0	0	0	0	0	0	0	0	0	0	0	0	0	0	0	0	0	0	0	0	0	0	0	0	0	0	0	
Chanam	0	0	0	0	0	0	0	0	0	0	0	1	0	0	0	0	0	0	0	0	0	0	0	0	0	0	0	0	0	0	0	0	0	0	0	0	0	0	0	0	0	
N127	7.42449e-34	9.22054e-31	2.35984e-28	5.18842e-26	4.40889e-25	1.64566e-23	2.86808e-20	4.4637e-17	8.43109e-15	1.00827e-12	8.82407e-11	4.2884e-09	2.52266e-07	5.62131e-05	0.00820428	0.212906	0.661712	0.114927	0.00217109	2.32551e-05	3.15753e-07	4.07156e-07	9.24518e-08	1.65884e-07	6.56788e-08	4.56513e-08	1.27008e-08	2.63701e-10	2.70635e-11	1.73028e-10	2.99371e-12	2.3004e-11	8.647e-14	2.90666e-13	2.47626e-16	1.52738e-16	7.31142e-20	2.7419e-21	1.531e-24	1.83716e-26	4.27621e-27	
Riebrev	0	0	0	0	0	0	0	0	0	0	0	0	0	0	0	0	0	0	0	0	0	0	0	0	0	0	0	0	0	0	1	0	0	0	0	0	0	0	0	0	0	
N128	1.69982e-37	2.4864e-31	1.2487e-27	1.92833e-22	1.33351e-21	4.23811e-19	9.26339e-17	1.80593e-12	6.74806e-11	7.61154e-12	1.29244e-08	4.01618e-09	9.30406e-11	3.82274e-09	1.01941e-05	0.007971	0.968604	0.023315	9.91993e-05	1.46047e-07	1.19396e-10	9.32875e-14	9.82204e-17	9.80835e-20	4.66765e-23	1.98598e-26	5.98184e-30	1.80983e-33	4.80714e-37	1.54273e-40	2.93538e-44	5.17955e-48	3.04391e-49	6.31203e-50	6.54233e-52	1.37912e-52	9.79081e-55	7.14227e-57	4.3264e-59	1.05001e-59	3.43385e-58	
N129	4.07333e-48	1.272e-40	3.48695e-36	8.47992e-30	2.21837e-28	5.80854e-25	4.42418e-22	6.38051e-17	4.91771e-15	1.73537e-16	3.03577e-12	2.91443e-13	2.17059e-15	6.15318e-13	4.26729e-08	0.000680124	0.993663	0.00565403	2.70724e-06	3.08478e-10	1.34598e-14	1.1576e-18	6.7552e-22	1.7886e-24	7.74586e-28	5.23501e-30	6.63278e-32	1.50272e-34	2.09109e-36	1.09249e-37	1.38734e-39	5.15692e-40	3.04776e-42	8.34141e-43	8.6368e-46	4.69743e-47	3.94204e-50	8.81272e-52	7.39706e-55	8.93345e-57	1.92429e-58	
N130	5.23045e-44	8.39604e-39	5.20699e-36	9.55627e-32	1.63509e-31	2.93235e-28	9.13403e-25	1.23023e-19	1.09757e-17	1.08007e-18	1.19854e-14	1.05737e-15	1.2285e-16	2.58106e-13	2.33581e-08	0.000502605	0.994991	0.00450489	1.50771e-06	1.17758e-10	3.43921e-15	1.7258e-18	5.73769e-21	2.78342e-22	1.88644e-24	1.06695e-27	7.51446e-32	5.26432e-37	8.04649e-41	2.28e-44	3.46967e-48	5.31893e-50	1.39488e-49	1.6881e-48	5.74721e-52	1.06723e-51	3.44056e-55	1.1156e-56	8.46487e-60	2.75733e-60	2.80321e-58	
Braset	0	0	0	0	0	0	0	0	0	0	0	0	0	0	0	0	1	0	0	0	0	0	0	0	0	0	0	0	0	0	0	0	0	0	0	0	0	0	0	0	0	
N131	3.54018e-53	3.69378e-46	1.65747e-41	1.67301e-35	1.02139e-33	1.56389e-30	2.53833e-27	1.45731e-22	1.33211e-20	1.65412e-20	3.4478e-16	2.55568e-15	1.91999e-15	2.40518e-12	9.05663e-08	0.000899447	0.995233	0.0038656	1.71608e-06	2.19223e-10	1.2197e-14	1.44376e-17	7.54546e-20	2.06032e-21	1.24902e-23	8.44988e-27	6.06003e-31	9.38949e-36	1.00901e-39	8.93112e-43	2.52232e-46	1.90165e-48	3.31862e-52	1.38142e-54	8.93614e-60	1.77325e-63	8.36103e-69	6.24622e-73	8.04208e-78	2.55243e-82	3.61005e-85	
N132	2.63633e-55	1.86178e-47	6.78506e-43	5.27503e-36	2.14408e-34	4.10903e-31	1.85295e-27	1.00015e-21	1.76166e-19	1.52067e-19	2.37077e-14	6.55254e-15	1.48657e-16	8.47061e-14	9.77024e-09	0.000295316	0.998929	0.000775354	8.0415e-08	2.61206e-12	4.14008e-17	5.52466e-21	2.65273e-24	2.51598e-27	5.82192e-31	3.67378e-35	4.22256e-40	1.52026e-45	1.4564e-50	1.56138e-54	3.21769e-59	5.29812e-63	6.13225e-68	3.9826e-72	3.512e-78	1.2747e-83	4.32733e-90	5.81415e-96	1.31439e-102	5.96192e-109	7.08357e-115	
Bramel	0	0	0	0	0	0	0	0	0	0	0	0	0	0	0	0	1	0	0	0	0	0	0	0	0	0	0	0	0	0	0	0	0	0	0	0	0	0	0	0	0	
Bratha	0	0	0	0	0	0	0	0	0	0	0	0	0	0	0	0	1	0	0	0	0	0	0	0	0	0	0	0	0	0	0	0	0	0	0	0	0	0	0	0	0	
N133	1.60653e-54	3.39643e-47	1.69039e-42	4.09699e-36	3.01763e-34	7.18052e-31	3.04087e-27	7.788e-22	1.99135e-19	3.67743e-19	1.25713e-14	2.25157e-14	3.79509e-15	2.81992e-12	1.00681e-07	0.00094721	0.996403	0.00264849	9.28341e-07	1.00849e-10	5.2201e-15	3.56803e-18	8.68765e-21	5.7545e-23	9.08907e-26	2.98253e-29	1.40661e-33	1.96594e-38	1.02027e-42	6.96946e-46	9.69001e-50	1.71576e-52	1.57531e-56	1.42762e-59	9.17264e-65	4.85542e-69	1.94345e-74	5.88987e-79	4.24901e-84	9.53379e-89	3.30841e-92	
Bradra	0	0	0	0	0	0	0	0	0	0	0	0	0	0	0	0	1	0	0	0	0	0	0	0	0	0	0	0	0	0	0	0	0	0	0	0	0	0	0	0	0	
Bratra	0	0	0	0	0	0	0	0	0	0	0	0	0	0	0	0	1	0	0	0	0	0	0	0	0	0	0	0	0	0	0	0	0	0	0	0	0	0	0	0	0	
N134	1.0535e-48	6.43732e-42	9.65533e-38	5.95881e-32	1.18689e-30	7.16236e-28	8.14178e-25	6.61319e-20	7.97898e-18	8.8859e-18	1.68783e-13	2.17516e-13	2.69348e-14	1.30545e-11	2.77747e-07	0.0015637	0.994214	0.00421942	2.40235e-06	4.27687e-10	3.68589e-14	2.26194e-17	5.60783e-20	2.71881e-22	3.33391e-25	1.19211e-28	8.70067e-33	2.07082e-37	1.31545e-41	9.11166e-45	1.41035e-48	1.8191e-51	1.94186e-55	1.23026e-58	1.37687e-63	7.44062e-68	4.87565e-73	1.60598e-77	1.30731e-82	4.19057e-87	1.03635e-90	
Bragut	0	0	0	0	0	0	0	0	0	0	0	0	0	0	0	0	1	0	0	0	0	0	0	0	0	0	0	0	0	0	0	0	0	0	0	0	0	0	0	0	0	
Braven	0	0	0	0	0	0	0	0	0	0	0	0	0	0	0	0	1	0	0	0	0	0	0	0	0	0	0	0	0	0	0	0	0	0	0	0	0	0	0	0	0	
N135	4.80531e-42	8.69745e-36	1.215e-31	2.19565e-26	5.64343e-25	2.32017e-22	1.46152e-19	1.84796e-15	6.38373e-14	2.76888e-14	1.82059e-11	5.36231e-12	1.55625e-12	6.03803e-10	3.53146e-06	0.00549749	0.977623	0.0168378	3.84579e-05	2.69132e-08	8.69112e-12	1.16029e-14	8.06174e-17	1.25491e-18	4.49439e-21	5.52631e-24	1.78209e-27	1.62804e-31	4.39383e-35	8.84401e-38	4.43712e-41	2.0166e-43	5.84398e-47	1.51351e-49	6.03577e-54	1.97535e-57	5.35546e-62	8.86855e-66	2.37813e-70	3.14483e-74	2.4543e-77	
Brapum	0	0	0	0	0	0	0	0	0	0	0	0	0	0	0	0	1	0	0	0	0	0	0	0	0	0	0	0	0	0	0	0	0	0	0	0	0	0	0	0	0	
Bradam	0	0	0	0	0	0	0	0	0	0	0	0	0	0	0	0	1	0	0	0	0	0	0	0	0	0	0	0	0	0	0	0	0	0	0	0	0	0	0	0	0	
