NODE	1	2	3	4	5	6	7	8	9	10	11	12	13	14	15	16	17	18	19	20	21	22	23	24	25	26	27	28	29	
N1	8.43985e-47	4.41326e-42	4.35371e-38	1.39989e-34	2.02703e-31	1.5428e-28	6.73499e-26	1.778e-23	2.93169e-21	3.07419e-19	2.06481e-17	1.61343e-11	1.18788e-08	3.35409e-06	0.000341854	0.0116165	0.12078	0.367855	0.355706	0.124581	0.0179052	0.00117284	3.81443e-05	6.60488e-07	6.44762e-09	3.72159e-11	1.32689e-13	3.93567e-18	2.28137e-19	
Leiolep	0	0	0	0	0	0	0	0	0	0	0	0	0	0	0	0	0	1	0	0	0	0	0	0	0	0	0	0	0	
N2	5.81255e-64	7.30494e-57	1.09934e-50	4.59324e-45	7.41772e-40	5.43494e-35	1.91944e-30	3.11004e-26	1.82611e-22	9.35101e-19	5.74041e-15	1.70087e-11	2.20716e-08	1.10855e-05	0.00179396	0.0705551	0.434371	0.419353	0.0709049	0.00296796	4.22783e-05	2.54175e-07	7.48891e-10	1.20499e-12	1.14825e-15	6.89694e-19	2.74294e-22	7.55835e-26	1.88964e-29	
N3	6.61955e-63	4.02597e-56	3.37367e-50	8.12399e-45	7.72962e-40	3.42607e-35	8.08914e-31	1.17394e-26	1.1779e-22	8.29376e-19	3.4204e-15	7.32551e-12	7.64662e-09	3.53164e-06	0.000619147	0.0319133	0.316107	0.515016	0.128361	0.00781085	0.000167516	1.58939e-06	7.75244e-09	2.15963e-11	3.71153e-14	4.17243e-17	3.22112e-20	3.80816e-23	2.72106e-24	
N4	4.80456e-71	1.71057e-63	6.50111e-57	6.46351e-51	2.25095e-45	3.06615e-40	1.66748e-35	3.27342e-31	1.18272e-27	4.15852e-25	9.43863e-21	1.32257e-16	8.95231e-13	2.6701e-09	3.04783e-06	0.00106594	0.0793611	0.696039	0.215298	0.00815746	7.49567e-05	2.43142e-07	3.49345e-10	2.5803e-13	1.08698e-16	2.81709e-20	4.75565e-24	5.47458e-28	5.43581e-32	
N5	1.41902e-75	7.27518e-68	4.7789e-61	9.25621e-55	7.06387e-49	2.36763e-43	3.57353e-38	2.1978e-33	3.50325e-29	5.18024e-25	1.29264e-20	1.66864e-16	1.03942e-12	2.86258e-09	3.05111e-06	0.00102168	0.0759782	0.672885	0.239	0.0109869	0.000124726	5.00357e-07	8.8414e-10	7.96659e-13	4.05758e-16	1.25984e-19	2.52616e-23	4.80712e-27	1.03725e-28	
B3088	0	0	0	0	0	0	0	0	0	0	0	0	0	0	0	0	0	1	0	0	0	0	0	0	0	0	0	0	0	
N6	9.81319e-69	6.29322e-62	6.94408e-56	2.78751e-50	5.65475e-45	6.49352e-40	4.33497e-35	1.68134e-30	3.77042e-26	4.84332e-22	3.49527e-18	1.37665e-14	2.82829e-11	2.82607e-08	1.23393e-05	0.00198853	0.0889228	0.640764	0.252156	0.0158605	0.000294222	2.21914e-06	8.24518e-09	1.71157e-11	2.1679e-14	1.78734e-17	1.00784e-20	4.89815e-24	1.67269e-25	
BGA709	0	0	0	0	0	0	0	0	0	0	0	0	0	0	0	0	0	1	0	0	0	0	0	0	0	0	0	0	0	
BGA309	0	0	0	0	0	0	0	0	0	0	0	0	0	0	0	0	0	1	0	0	0	0	0	0	0	0	0	0	0	
N7	1.01448e-74	4.81351e-67	2.45922e-60	3.35488e-54	1.66297e-48	3.46761e-43	3.35743e-38	1.63115e-33	3.47913e-29	3.05519e-27	3.33752e-23	8.38403e-19	1.06914e-14	6.4103e-11	1.60712e-07	0.000139313	0.0298782	0.792602	0.173878	0.0034855	1.64981e-05	2.81131e-08	2.18183e-11	8.94058e-15	2.1382e-18	3.20569e-22	3.17694e-26	2.17641e-30	1.74568e-34	
N8	6.10962e-68	4.5619e-61	4.07539e-55	9.86805e-50	8.73982e-45	3.23175e-40	5.46042e-36	4.87095e-32	3.34533e-28	3.93939e-24	4.90701e-20	3.42688e-16	1.27774e-12	2.38108e-09	2.00086e-06	0.000641663	0.0583187	0.788623	0.148131	0.0042458	3.71182e-05	1.37238e-07	2.58891e-10	2.81134e-13	1.91045e-16	8.63421e-20	2.71777e-23	6.19183e-27	1.42242e-30	
B11696	0	0	0	0	0	0	0	0	0	0	0	0	0	0	0	0	0	1	0	0	0	0	0	0	0	0	0	0	0	
B11609	0	0	0	0	0	0	0	0	0	0	0	0	0	0	0	0	0	1	0	0	0	0	0	0	0	0	0	0	0	
N9	2.07435e-86	1.32516e-77	7.85175e-70	1.13805e-62	5.45751e-56	1.00998e-49	7.55499e-44	2.32668e-38	2.24522e-33	2.43415e-31	1.34283e-27	2.08627e-22	1.55056e-17	5.02747e-13	6.1722e-09	2.26308e-05	0.0160405	0.832947	0.149505	0.00148201	2.56229e-06	1.31386e-09	2.68109e-13	2.61358e-17	1.37458e-21	4.24565e-26	8.18766e-31	1.27542e-35	1.60048e-38	
N10	5.17554e-71	6.43046e-65	8.88694e-60	3.47693e-55	4.73457e-51	8.581e-48	1.81776e-45	1.65005e-41	1.16115e-36	3.64916e-32	7.55964e-27	8.2484e-22	4.36446e-17	1.03286e-12	9.58126e-09	2.78891e-05	0.0168892	0.834847	0.146742	0.00149089	2.83021e-06	1.68717e-09	4.18452e-13	5.13247e-17	3.4898e-21	1.42376e-25	3.7629e-30	1.07543e-32	8.94631e-34	
N11	1.20749e-72	1.45106e-65	2.13157e-59	8.63554e-54	1.34444e-48	9.91823e-44	4.43425e-39	1.62176e-34	5.66324e-30	1.6982e-25	3.24862e-21	3.44889e-17	1.94384e-13	5.43859e-10	6.80287e-07	0.000321014	0.0422136	0.801522	0.152434	0.00348589	2.2465e-05	5.89566e-08	7.72233e-11	5.7387e-14	2.64099e-17	8.01846e-21	1.68649e-24	4.08225e-28	7.60041e-30	
B983	0	0	0	0	0	0	0	0	0	0	0	0	0	0	0	0	0	1	0	0	0	0	0	0	0	0	0	0	0	
B11604	0	0	0	0	0	0	0	0	0	0	0	0	0	0	0	0	0	1	0	0	0	0	0	0	0	0	0	0	0	
N12	9.06641e-71	1.3213e-63	2.19256e-57	9.80639e-52	1.5841e-46	1.03444e-41	2.81697e-37	3.07429e-33	1.06384e-29	3.31291e-26	7.57727e-22	9.95039e-18	6.97399e-14	2.43987e-10	3.83722e-07	0.00022857	0.0377903	0.859509	0.100832	0.00163174	7.8112e-06	1.5617e-08	1.58362e-11	9.21596e-15	3.35093e-18	8.09655e-22	1.362e-25	1.66291e-29	2.49586e-33	
BGAA1	0	0	0	0	0	0	0	0	0	0	0	0	0	0	0	0	0	1	0	0	0	0	0	0	0	0	0	0	0	
BGA584	0	0	0	0	0	0	0	0	0	0	0	0	0	0	0	0	0	1	0	0	0	0	0	0	0	0	0	0	0	
N13	4.57936e-70	5.0947e-63	6.60686e-57	2.31586e-51	2.94959e-46	1.54132e-41	3.50214e-37	3.64479e-33	2.08448e-29	2.22087e-25	4.02487e-21	4.11013e-17	2.2407e-13	6.10105e-10	7.47608e-07	0.000347811	0.0451985	0.828173	0.123691	0.00257313	1.58489e-05	4.07678e-08	5.31759e-11	3.9797e-14	1.8605e-17	5.77889e-21	1.24953e-24	1.96733e-28	4.87995e-32	
BGA303	0	0	0	0	0	0	0	0	0	0	0	0	0	0	0	0	0	1	0	0	0	0	0	0	0	0	0	0	0	
BGAB1	0	0	0	0	0	0	0	0	0	0	0	0	0	0	0	0	0	1	0	0	0	0	0	0	0	0	0	0	0	
PGA445	0	0	0	0	0	0	0	0	0	0	0	0	0	0	0	0	0	1	0	0	0	0	0	0	0	0	0	0	0	
N14	1.24357e-68	4.91445e-60	1.73709e-52	1.47203e-45	4.02217e-39	3.9549e-33	1.40129e-27	1.49769e-22	1.92117e-19	8.72042e-17	1.09893e-12	2.92779e-09	1.98297e-06	0.00039384	0.0229305	0.322981	0.598171	0.0551479	0.000373169	4.8713e-07	1.94477e-10	3.14724e-14	2.45986e-18	1.04037e-22	2.57158e-27	3.91709e-32	3.81182e-37	3.46444e-42	3.91888e-44	
N15	6.47762e-51	1.52664e-43	4.45099e-37	3.16099e-31	7.23516e-26	5.86862e-21	1.69601e-16	1.64302e-12	4.68972e-09	3.20313e-06	0.000412897	0.011866	0.101412	0.310376	0.372322	0.175013	0.0278616	0.000730663	2.72427e-06	3.64979e-09	2.3827e-12	8.82392e-16	2.03281e-19	3.1017e-23	3.34068e-27	5.38975e-31	9.47954e-34	2.05875e-35	2.35805e-35	
Rhaspe	0	0	0	0	0	0	0	0	0	1	0	0	0	0	0	0	0	0	0	0	0	0	0	0	0	0	0	0	0	
N16	3.36502e-38	9.53022e-34	4.58148e-30	1.7503e-26	5.32309e-22	8.13443e-18	4.88054e-14	1.12204e-10	9.13573e-08	2.29011e-05	0.00148603	0.0263301	0.156289	0.354632	0.326209	0.119588	0.015088	0.00035373	1.75323e-06	3.7324e-09	4.34424e-12	3.12953e-15	1.5044e-18	5.07201e-22	1.24178e-25	2.7065e-29	2.3898e-32	8.04742e-33	1.56003e-33	
Rhamar	0	0	0	0	0	0	0	0	0	1	0	0	0	0	0	0	0	0	0	0	0	0	0	0	0	0	0	0	0	
Rhatem	0	0	0	0	0	0	0	0	0	0	1	0	0	0	0	0	0	0	0	0	0	0	0	0	0	0	0	0	0	
N17	2.84861e-76	1.96048e-68	3.8764e-62	6.54085e-55	5.68555e-48	1.56602e-41	1.54638e-35	3.28046e-30	8.27832e-27	5.58819e-22	7.34084e-17	2.76833e-12	2.38024e-08	3.84927e-05	0.0095869	0.28249	0.64741	0.0602263	0.000248333	1.41075e-07	2.08556e-11	1.13694e-15	2.79336e-20	3.47268e-25	2.35958e-30	2.74211e-34	5.63267e-38	5.19514e-38	5.73283e-39	
N18	2.09998e-72	5.32373e-64	1.31255e-56	8.43423e-50	1.9264e-43	1.77213e-37	6.74869e-32	9.90338e-27	2.24607e-22	2.65961e-20	5.5983e-16	8.5175e-12	3.66294e-08	3.31561e-05	0.00616493	0.198032	0.664549	0.129474	0.00174248	4.19073e-06	3.08041e-09	9.2915e-13	1.37753e-16	1.13149e-20	5.59788e-25	1.77238e-29	3.89027e-34	5.05008e-38	7.32448e-41	
N19	2.44039e-61	5.98901e-54	1.85329e-47	1.68239e-41	6.08962e-36	1.00476e-30	8.04252e-26	3.18617e-21	6.15184e-17	5.50193e-13	2.04422e-09	2.48575e-06	0.000445923	0.0155692	0.155917	0.46431	0.334682	0.0287369	0.000334655	1.25381e-06	2.09354e-09	1.8575e-12	9.78178e-16	3.29852e-19	7.5262e-23	1.21137e-26	1.43045e-30	5.41495e-34	1.18494e-35	
FGA379	0	0	0	0	0	0	0	0	0	0	0	0	0	0	0	0	1	0	0	0	0	0	0	0	0	0	0	0	0	
N20	6.49895e-55	1.13304e-47	2.51474e-41	1.63165e-35	4.17051e-30	4.72209e-25	2.47254e-20	5.98487e-16	6.37051e-12	2.7201e-08	3.87887e-05	0.0123865	0.202349	0.460962	0.269965	0.0511681	0.00308954	4.14793e-05	1.32542e-07	1.73677e-10	1.17933e-13	4.72768e-17	1.21638e-20	2.12914e-24	2.6465e-28	2.41384e-32	1.65872e-36	1.03502e-40	1.56579e-43	
N21	9.69975e-60	8.0316e-52	6.74264e-45	1.41895e-38	1.02366e-32	2.80051e-27	3.53528e-22	3.78654e-17	1.67119e-12	2.71863e-08	0.00012712	0.0832014	0.528955	0.359312	0.0279203	0.000482774	2.19529e-06	2.55853e-09	1.03328e-12	1.88414e-16	1.80749e-20	1.00132e-24	3.77771e-29	3.93231e-30	2.57823e-31	8.93233e-34	2.52535e-36	2.32356e-37	6.28429e-38	
N22	1.46551e-57	6.47943e-51	1.28309e-45	2.69427e-40	7.03195e-34	5.89994e-28	8.00122e-23	2.79623e-17	3.28912e-12	1.12769e-07	0.000742851	0.259031	0.635682	0.102793	0.00174574	5.37441e-06	3.73732e-09	6.55738e-13	4.04963e-17	1.08998e-21	1.55868e-26	2.39312e-30	2.8842e-33	2.81807e-36	2.3598e-39	3.68941e-40	4.18929e-42	6.88752e-42	9.35398e-43	
F3015	0	0	0	0	0	0	0	0	0	0	1	0	0	0	0	0	0	0	0	0	0	0	0	0	0	0	0	0	0	
N23	2.02349e-57	5.04403e-51	1.29412e-45	2.44134e-40	7.39074e-34	8.02353e-28	1.04765e-22	3.91247e-17	4.77808e-12	1.63653e-07	0.00102675	0.336457	0.61485	0.047364	0.000301871	3.00054e-07	6.9536e-11	5.3435e-15	1.81708e-19	3.22153e-24	3.24222e-29	1.93452e-34	7.79366e-40	2.84301e-41	2.64663e-41	1.07901e-40	3.08646e-43	4.94509e-43	1.13071e-44	
N24	2.68614e-60	1.21635e-54	1.90924e-47	1.21808e-40	2.44461e-34	1.81129e-28	5.68328e-23	1.55038e-17	1.6019e-12	5.39608e-08	0.000431892	0.390414	0.585508	0.0235804	6.53394e-05	3.25298e-08	5.20485e-12	3.62946e-16	1.31358e-20	2.74716e-25	3.55931e-30	8.8208e-35	1.10185e-38	1.90712e-40	7.86731e-45	6.90427e-47	9.03831e-52	2.70161e-54	8.23276e-59	
N25	2.81368e-71	1.01204e-61	2.45616e-53	1.22773e-45	1.79808e-38	7.35775e-32	5.64511e-26	1.32736e-19	1.03267e-13	2.22371e-08	0.000805782	0.693998	0.303682	0.00151319	3.30643e-07	1.40996e-11	2.03477e-16	1.27153e-21	3.91341e-27	6.39528e-33	7.68989e-39	4.55465e-43	9.21314e-46	2.17275e-46	5.19857e-49	8.46135e-50	3.84276e-53	1.86854e-54	1.3523e-57	
N26	1.45472e-59	5.9018e-53	2.3908e-47	2.6891e-42	4.46014e-36	1.62502e-29	1.14015e-23	1.11524e-17	3.33629e-12	2.56905e-07	0.0031024	0.709381	0.286194	0.00132251	3.27243e-07	1.95816e-11	4.52746e-16	4.91409e-21	2.73741e-26	8.51234e-32	1.81137e-36	6.51093e-38	1.16537e-41	2.00325e-41	4.64311e-43	1.44802e-42	9.5793e-46	1.29245e-46	1.23249e-49	
F1476	0	0	0	0	0	0	0	0	0	0	1	0	0	0	0	0	0	0	0	0	0	0	0	0	0	0	0	0	0	
N27	6.36792e-65	4.78872e-58	3.87781e-50	7.9155e-43	5.7644e-36	1.59113e-29	2.51685e-23	1.69467e-17	4.16798e-12	3.10874e-07	0.00445276	0.704899	0.287968	0.00267844	1.33719e-06	1.64311e-10	7.73567e-15	1.73253e-19	2.08988e-24	1.87004e-29	2.58657e-33	6.77284e-35	4.80174e-38	1.26506e-35	5.28084e-38	3.28968e-38	3.5483e-41	1.66477e-42	2.27525e-45	
Furcep	0	0	0	0	0	0	0	0	0	0	0	0	0	1	0	0	0	0	0	0	0	0	0	0	0	0	0	0	0	
N28	3.55444e-57	1.23183e-52	1.6182e-45	1.602e-38	5.28531e-32	6.60698e-26	3.28546e-20	6.35361e-15	4.38809e-10	8.91645e-06	0.0334787	0.786367	0.179235	0.000910418	4.80967e-07	8.10569e-11	6.12908e-15	2.47505e-19	5.92042e-24	8.97367e-29	9.43925e-34	2.61171e-36	1.57183e-39	4.73215e-41	2.44394e-45	3.76152e-47	4.56281e-52	8.63485e-55	1.41466e-59	
Furpol	0	0	0	0	0	0	0	0	0	0	0	1	0	0	0	0	0	0	0	0	0	0	0	0	0	0	0	0	0	
N29	7.16249e-56	9.07894e-48	1.18389e-40	4.08434e-34	4.97856e-28	2.38551e-22	4.63664e-17	3.48191e-12	8.98515e-08	0.000617959	0.604189	0.381526	0.0136443	2.25688e-05	9.99846e-09	1.82842e-12	1.70631e-16	9.22171e-21	3.13736e-25	7.12513e-30	1.13323e-34	7.32043e-39	2.21816e-42	9.70865e-45	5.62086e-49	1.01853e-51	1.92942e-56	3.49095e-60	6.2605e-65	
N30	4.28314e-56	6.91431e-48	1.10872e-40	4.61159e-34	6.64765e-28	3.69321e-22	8.09705e-17	6.63442e-12	1.77403e-07	0.00115425	0.875389	0.122658	0.000798279	5.85258e-07	1.37021e-10	1.4444e-14	8.19854e-19	2.79615e-23	6.16641e-28	9.38826e-33	1.56489e-37	3.51717e-40	2.90144e-44	8.45836e-47	2.02166e-51	1.42993e-54	1.95869e-59	2.19896e-63	2.80944e-68	
F2241	0	0	0	0	0	0	0	0	0	0	1	0	0	0	0	0	0	0	0	0	0	0	0	0	0	0	0	0	0	
Furang	0	0	0	0	0	0	0	0	0	0	1	0	0	0	0	0	0	0	0	0	0	0	0	0	0	0	0	0	0	
FGA490	0	0	0	0	0	0	0	0	0	0	1	0	0	0	0	0	0	0	0	0	0	0	0	0	0	0	0	0	0	
N31	1.00022e-64	5.88768e-56	3.09509e-48	4.03181e-41	1.8444e-34	3.48942e-28	3.15532e-22	1.45841e-16	2.32827e-11	1.03302e-06	0.00755423	0.880731	0.111562	0.000151459	3.35424e-08	2.39662e-12	7.49919e-17	1.21446e-21	1.12668e-26	6.39404e-32	2.37329e-37	2.93599e-41	3.12691e-45	1.12952e-45	4.98511e-47	9.99317e-48	7.64373e-51	1.15661e-52	1.05141e-55	
N32	1.41331e-61	4.90754e-53	1.82403e-45	1.41574e-38	3.07464e-32	1.99114e-26	1.89694e-21	5.93793e-16	6.34291e-11	1.88943e-06	0.00957207	0.90507	0.0852251	0.000130721	3.43849e-08	3.03688e-12	1.21063e-16	2.53541e-21	3.0415e-26	2.32843e-31	6.43687e-36	5.42213e-38	4.79176e-42	1.02466e-43	7.98791e-44	3.24004e-44	4.081e-47	8.85013e-49	1.24053e-51	
N33	2.66776e-68	3.32217e-59	3.27436e-51	7.01758e-44	4.64683e-37	1.04832e-30	3.38405e-25	4.36904e-19	2.00714e-13	2.72882e-08	0.00072019	0.902232	0.0967266	0.00032119	5.84113e-08	2.75508e-12	5.12619e-17	4.60437e-22	2.23894e-27	1.44704e-32	1.2662e-36	5.51208e-39	8.22815e-44	3.72973e-43	2.20851e-44	1.16356e-45	4.78573e-49	3.73015e-51	1.59505e-54	
N34	8.28645e-63	7.26842e-57	3.33107e-49	3.84491e-42	1.60219e-35	2.91628e-29	2.47733e-23	9.92794e-18	1.49016e-12	7.21215e-08	0.000814027	0.937929	0.0611466	0.00011013	3.03973e-08	2.7621e-12	1.12936e-16	2.44788e-21	3.10016e-26	2.47718e-31	3.64852e-36	6.58363e-38	1.62356e-41	2.24093e-43	2.97541e-48	1.1433e-50	6.75564e-56	2.44278e-59	1.55674e-64	
N35	1.28283e-61	1.55098e-53	2.14347e-46	9.37871e-40	1.80131e-33	1.6514e-27	7.09011e-22	1.35462e-16	1.00701e-11	2.49857e-07	0.00150485	0.975613	0.0228515	3.08005e-05	1.03402e-08	1.36673e-12	8.94319e-17	3.31981e-21	7.64225e-26	1.16526e-30	1.49912e-35	2.96002e-38	9.31504e-42	4.41095e-44	1.03199e-48	8.65701e-52	1.1405e-56	1.32048e-60	1.56618e-65	
FGA456	0	0	0	0	0	0	0	0	0	0	0	1	0	0	0	0	0	0	0	0	0	0	0	0	0	0	0	0	0	
FGA513	0	0	0	0	0	0	0	0	0	0	0	1	0	0	0	0	0	0	0	0	0	0	0	0	0	0	0	0	0	
F12278	0	0	0	0	0	0	0	0	0	0	0	1	0	0	0	0	0	0	0	0	0	0	0	0	0	0	0	0	0	
N36	2.0332e-60	1.71666e-52	1.53173e-45	3.7248e-39	3.34425e-33	1.30424e-27	2.61151e-22	3.26511e-17	2.40547e-12	6.55907e-08	0.000518334	0.649359	0.329931	0.0201704	2.14689e-05	6.61751e-09	8.86078e-13	6.25527e-17	2.61204e-21	7.31174e-26	4.92497e-30	5.61782e-32	2.94432e-35	1.94501e-37	6.71985e-42	2.07895e-45	3.95086e-50	5.18029e-54	8.39521e-59	
Furant	0	0	0	0	0	0	0	0	0	0	0	1	0	0	0	0	0	0	0	0	0	0	0	0	0	0	0	0	0	
FGA331	0	0	0	0	0	0	0	0	0	0	0	0	0	1	0	0	0	0	0	0	0	0	0	0	0	0	0	0	0	
FGA465	0	0	0	0	0	0	0	0	0	0	1	0	0	0	0	0	0	0	0	0	0	0	0	0	0	0	0	0	0	
N37	8.26317e-58	1.25213e-49	1.98817e-42	8.64853e-36	1.38386e-29	8.94575e-24	2.45845e-18	2.65974e-13	9.89902e-09	9.86319e-05	0.143352	0.837027	0.019498	2.4261e-05	8.14268e-09	1.12677e-12	7.93932e-17	3.2339e-21	8.28366e-26	1.41747e-30	1.77053e-35	6.26385e-39	1.79548e-42	5.8203e-45	1.83784e-49	1.59441e-52	2.36727e-57	2.07793e-61	2.52109e-66	
FGA99	0	0	0	0	0	0	0	0	0	0	1	0	0	0	0	0	0	0	0	0	0	0	0	0	0	0	0	0	0	
N38	2.26613e-57	3.11232e-49	4.59806e-42	1.87796e-35	2.80815e-29	1.69195e-23	4.17183e-18	4.02141e-13	1.33945e-08	0.000120416	0.161582	0.829681	0.00860755	9.31171e-06	2.95172e-09	3.99491e-13	2.81082e-17	1.15941e-21	3.03746e-26	6.58605e-31	9.67268e-35	1.39646e-36	1.27893e-40	9.33039e-43	2.18619e-47	2.20949e-50	3.2425e-55	6.05337e-59	8.51819e-64	
FGA15	0	0	0	0	0	0	0	0	0	0	1	0	0	0	0	0	0	0	0	0	0	0	0	0	0	0	0	0	0	
FGA581	0	0	0	0	0	0	0	0	0	0	0	1	0	0	0	0	0	0	0	0	0	0	0	0	0	0	0	0	0	
FGA104	0	0	0	0	0	0	0	0	0	0	0	0	1	0	0	0	0	0	0	0	0	0	0	0	0	0	0	0	0	
FGA489	0	0	0	0	0	0	0	0	0	0	1	0	0	0	0	0	0	0	0	0	0	0	0	0	0	0	0	0	0	
FGA174	0	0	0	0	0	0	0	0	0	0	0	0	0	1	0	0	0	0	0	0	0	0	0	0	0	0	0	0	0	
FurbGB	0	0	0	0	0	0	0	0	0	0	0	1	0	0	0	0	0	0	0	0	0	0	0	0	0	0	0	0	0	
N39	2.87974e-67	2.1131e-61	1.39378e-56	1.79808e-52	1.00237e-46	6.11084e-41	1.60529e-35	1.62177e-30	2.79718e-26	4.2771e-22	1.65055e-17	2.83764e-13	1.87491e-09	3.76892e-06	0.00167612	0.112963	0.659816	0.2199	0.00561379	2.73578e-05	4.17453e-08	2.63326e-11	8.14802e-15	1.38486e-18	1.41322e-22	3.13788e-25	5.35043e-28	5.53414e-29	1.27816e-30	
N40	1.6981e-69	2.56321e-62	4.6555e-56	2.38577e-50	4.9995e-45	5.57651e-40	4.19926e-35	2.40083e-30	1.00652e-25	2.70981e-21	3.9402e-17	2.86447e-13	9.61637e-10	1.31365e-06	0.000590944	0.0592496	0.601476	0.322119	0.0163779	0.000184341	7.16832e-07	1.24008e-09	1.11874e-12	5.86144e-16	1.92626e-19	4.21202e-23	8.2123e-27	1.61513e-28	8.00821e-30	
N41	9.1671e-70	2.81673e-62	9.95619e-56	9.5991e-50	3.54339e-44	6.05607e-39	5.26788e-34	2.03116e-29	3.2347e-27	2.49563e-23	7.71505e-19	1.20726e-14	8.8741e-11	2.7175e-07	0.000281721	0.0651645	0.702131	0.227103	0.00529297	2.66722e-05	4.68637e-08	3.70999e-11	1.54776e-14	3.77596e-18	5.79623e-22	5.907e-26	4.16244e-30	2.12251e-34	1.8083e-38	
CGA312	0	0	0	0	0	0	0	0	0	0	0	0	0	0	0	0	0	1	0	0	0	0	0	0	0	0	0	0	0	
N42	3.23552e-84	2.94054e-75	2.37985e-67	4.60481e-60	2.87057e-53	6.467e-47	5.28029e-41	9.73335e-36	8.04551e-34	1.89608e-28	8.16932e-23	1.60195e-17	1.29693e-12	3.64512e-08	0.000246505	0.0963945	0.765532	0.137057	0.000768472	5.80114e-07	1.16905e-10	8.8248e-15	3.02971e-19	5.33222e-24	5.19004e-29	2.92652e-34	9.42863e-39	4.69456e-39	1.65913e-38	
N43	5.2552e-80	4.82604e-72	1.16089e-64	3.99381e-58	2.87034e-52	1.32043e-47	1.02389e-43	2.55602e-39	2.44272e-35	1.13532e-31	6.98898e-25	1.67036e-18	1.25784e-12	2.17814e-07	0.00201216	0.234908	0.751648	0.011429	2.83275e-06	8.40099e-11	6.78272e-16	2.0938e-21	2.90401e-27	1.96739e-33	7.24832e-40	1.77443e-44	1.27109e-44	6.6238e-43	3.014e-41	
N44	1.64161e-76	7.34968e-69	1.60917e-62	5.44239e-57	5.47416e-52	2.01871e-47	3.06496e-43	8.49293e-39	2.49126e-35	9.77431e-30	1.58989e-23	9.36238e-18	1.93077e-12	1.17399e-07	0.00121495	0.223902	0.764255	0.0106225	4.8561e-06	4.18018e-10	1.17474e-14	1.34309e-19	6.83417e-25	1.60106e-30	1.61889e-36	9.26194e-40	7.18804e-41	3.37697e-40	8.4636e-40	
N45	5.55111e-79	1.38733e-70	2.66958e-62	3.37261e-55	1.0908e-48	1.124e-42	3.83329e-37	3.95281e-32	1.25166e-29	7.7382e-28	1.37195e-22	1.51349e-17	6.90455e-13	1.17774e-08	6.07414e-05	0.0547712	0.877449	0.0675965	0.000122589	5.16909e-08	8.24853e-12	6.18928e-16	2.44198e-20	5.41417e-25	6.9819e-30	6.53125e-35	1.84371e-38	1.85352e-40	2.1523e-41	
CGA642	0	0	0	0	0	0	0	0	0	0	0	0	0	0	0	0	1	0	0	0	0	0	0	0	0	0	0	0	0	
N46	4.21846e-70	8.46191e-64	1.79845e-58	1.05905e-53	2.30686e-49	2.06123e-45	7.94588e-42	1.09767e-37	3.69128e-33	2.07916e-29	6.30837e-24	1.23783e-18	1.05281e-13	3.4617e-09	3.46093e-05	0.0608692	0.855184	0.0838063	0.000105533	2.92658e-08	2.97081e-12	1.40238e-16	3.51121e-21	5.04421e-26	4.36728e-31	2.46924e-36	2.54482e-39	1.03362e-40	2.3971e-42	
CGA763	0	0	0	0	0	0	0	0	0	0	0	0	0	0	0	1	0	0	0	0	0	0	0	0	0	0	0	0	0	
C601	0	0	0	0	0	0	0	0	0	0	0	0	0	0	0	0	0	1	0	0	0	0	0	0	0	0	0	0	0	
N47	2.37792e-70	6.78861e-64	2.04344e-58	1.72234e-53	5.78103e-49	9.19938e-45	6.98721e-41	1.45731e-37	2.1374e-32	2.17205e-26	8.28681e-21	1.19075e-15	5.92835e-11	8.58843e-07	0.00219245	0.240745	0.746708	0.0103435	1.0057e-05	2.2963e-09	1.92379e-13	7.13132e-18	1.28608e-22	1.18399e-27	5.35777e-33	8.11575e-38	1.50132e-39	3.41826e-39	2.85091e-38	
CGA236	0	0	0	0	0	0	0	0	0	0	0	0	0	0	0	0	1	0	0	0	0	0	0	0	0	0	0	0	0	
N48	9.1439e-65	8.70131e-59	1.01234e-53	3.18901e-49	3.37116e-46	4.52249e-43	2.40369e-37	7.64911e-32	1.75652e-26	2.0611e-21	1.09553e-16	2.43652e-12	1.96578e-08	4.42494e-05	0.0164736	0.344526	0.628644	0.0102915	2.01197e-05	1.12985e-08	2.63972e-12	3.11577e-16	2.085e-20	8.52e-25	2.23409e-29	4.06087e-34	1.03954e-36	5.41946e-38	1.69593e-39	
N49	1.70124e-67	5.55423e-60	2.03153e-53	2.13793e-47	9.3143e-42	1.98713e-36	2.12691e-31	1.0665e-26	1.89854e-22	7.54316e-19	1.74375e-14	1.89909e-10	7.95152e-07	0.000909368	0.0418404	0.380069	0.534235	0.0427998	0.000146	1.47498e-07	6.56203e-11	1.55769e-14	2.21396e-18	2.03524e-22	1.27881e-26	5.74766e-31	3.56482e-35	2.12247e-37	1.52707e-39	
Calboe	0	0	0	0	0	0	0	0	0	0	0	0	0	1	0	0	0	0	0	0	0	0	0	0	0	0	0	0	0	
C3125	0	0	0	0	0	0	0	0	0	0	0	0	0	0	0	0	0	1	0	0	0	0	0	0	0	0	0	0	0	
CGA429	0	0	0	0	0	0	0	0	0	0	0	0	0	0	1	0	0	0	0	0	0	0	0	0	0	0	0	0	0	
N50	7.70328e-66	4.43731e-59	2.71695e-53	4.53173e-48	7.90249e-44	1.87167e-41	1.72681e-37	2.97523e-33	1.26246e-27	6.78863e-22	1.48977e-16	1.19636e-11	2.82388e-07	0.00121287	0.187691	0.596646	0.213451	0.000998935	2.54018e-07	2.00467e-11	7.00603e-16	1.28377e-20	1.35675e-25	8.77291e-31	3.60166e-36	1.16313e-41	9.81223e-42	1.98806e-40	4.76438e-40	
C984	0	0	0	0	0	0	0	0	0	0	0	0	0	1	0	0	0	0	0	0	0	0	0	0	0	0	0	0	0	
N51	1.40019e-62	1.15327e-56	1.15897e-51	2.95744e-47	3.30399e-44	5.41489e-41	4.12628e-35	1.81395e-29	4.27732e-24	4.6571e-19	2.20891e-14	4.09692e-10	2.43475e-06	0.00310618	0.289688	0.583287	0.123475	0.000441346	2.50629e-07	5.16119e-11	5.12015e-15	2.83021e-19	9.51005e-24	2.05664e-28	2.9759e-33	1.07544e-37	9.40282e-40	7.85158e-41	3.8169e-42	
CGA310	0	0	0	0	0	0	0	0	0	0	0	0	0	0	1	0	0	0	0	0	0	0	0	0	0	0	0	0	0	
N52	1.19368e-65	3.01652e-58	8.93917e-52	8.15929e-46	3.47341e-40	8.65383e-35	1.34628e-29	1.26788e-24	6.97944e-20	1.88283e-15	2.32869e-11	1.18078e-07	0.000200519	0.074177	0.739984	0.18008	0.00554103	1.73917e-05	1.80026e-08	8.58933e-12	2.24269e-15	3.56356e-19	3.70466e-23	2.65547e-27	1.36541e-31	5.21707e-36	2.45574e-40	8.88007e-43	4.59882e-45	
CGA365	0	0	0	0	0	0	0	0	0	0	0	0	0	0	1	0	0	0	0	0	0	0	0	0	0	0	0	0	0	
CGA494	0	0	0	0	0	0	0	0	0	0	0	0	0	1	0	0	0	0	0	0	0	0	0	0	0	0	0	0	0	
N53	3.23606e-77	6.68816e-69	1.32558e-61	6.54712e-55	1.09032e-48	6.91232e-43	1.69598e-37	1.3839e-32	4.49617e-30	1.95085e-27	2.25091e-22	1.58964e-17	5.19694e-13	6.94516e-09	3.0201e-05	0.0261305	0.524914	0.431	0.0178839	4.15422e-05	2.53016e-08	6.13818e-12	7.30851e-16	4.83706e-20	1.93032e-24	4.91385e-29	8.89908e-34	5.48985e-37	5.81384e-36	
N54	1.03667e-68	1.5236e-62	2.42308e-57	1.04394e-52	1.21226e-48	2.6372e-45	3.76976e-42	3.36195e-37	9.6188e-33	7.82893e-28	1.55659e-22	1.52173e-17	6.60478e-13	1.10357e-08	5.4373e-05	0.0430748	0.554078	0.395833	0.00695107	8.49674e-06	2.80929e-09	3.77142e-13	2.5288e-17	9.59614e-22	2.23709e-26	3.39088e-31	3.58447e-36	4.20783e-39	9.82973e-41	
C12265	0	0	0	0	0	0	0	0	0	0	0	0	0	0	0	0	0	1	0	0	0	0	0	0	0	0	0	0	0	
N55	1.63615e-83	1.52996e-74	5.04099e-66	2.04722e-58	2.19711e-51	7.64776e-45	8.61616e-39	2.2562e-33	1.44336e-31	1.88294e-27	1.29456e-21	3.72812e-16	4.16238e-11	1.53148e-06	0.0120667	0.929585	0.0579048	0.00044166	1.92952e-07	1.80852e-11	6.23019e-16	9.79464e-21	7.85244e-26	3.95271e-31	4.95123e-35	3.17168e-38	1.68457e-41	2.03439e-44	2.17182e-45	
C404	0	0	0	0	0	0	0	0	0	0	0	0	0	0	1	0	0	0	0	0	0	0	0	0	0	0	0	0	0	
N56	4.3582e-71	1.4085e-64	4.66609e-59	4.19453e-54	1.35472e-49	1.71825e-45	8.91302e-42	3.05013e-37	3.18878e-34	5.11594e-28	4.04256e-22	1.33241e-16	1.68835e-11	6.89872e-07	0.00559006	0.958535	0.0357695	0.000105113	2.26542e-08	1.32491e-12	3.17501e-17	3.80102e-22	2.50446e-27	9.59116e-33	2.19937e-38	3.31748e-43	2.11308e-46	5.06374e-48	5.35565e-50	
Cl11778	0	0	0	0	0	0	0	0	0	0	0	0	0	0	0	1	0	0	0	0	0	0	0	0	0	0	0	0	0	
CGA48	0	0	0	0	0	0	0	0	0	0	0	0	0	0	0	1	0	0	0	0	0	0	0	0	0	0	0	0	0	
C3126	0	0	0	0	0	0	0	0	0	0	0	0	0	0	0	0	0	0	1	0	0	0	0	0	0	0	0	0	0	
N57	1.65484e-73	1.33162e-65	1.12993e-58	2.41948e-52	1.75973e-46	5.1542e-41	6.47648e-36	3.84802e-31	1.03326e-26	1.88864e-25	2.29067e-23	7.58925e-19	1.26871e-14	9.51859e-11	2.80322e-07	0.000258266	0.0492474	0.836471	0.11305	0.000971782	2.05557e-06	1.65269e-09	6.32865e-13	1.32402e-16	1.65678e-20	1.32044e-24	7.01335e-29	2.58386e-33	1.08655e-37	
CGA311	0	0	0	0	0	0	0	0	0	0	0	0	0	0	0	0	0	1	0	0	0	0	0	0	0	0	0	0	0	
N58	1.01882e-72	1.81687e-66	3.55724e-61	1.8678e-56	2.56104e-52	5.06585e-49	2.75984e-44	4.97797e-39	2.13049e-34	1.39088e-31	2.41602e-26	2.87304e-21	1.61287e-16	3.87388e-12	3.40291e-08	8.39685e-05	0.0355751	0.843534	0.120014	0.000791797	1.0531e-06	4.64118e-10	8.79108e-14	8.39581e-18	4.49917e-22	1.45902e-26	3.0352e-31	8.23818e-35	3.66464e-36	
N59	4.54897e-86	2.85533e-77	1.60834e-69	2.1796e-62	9.73455e-56	1.67356e-49	1.18784e-43	3.58086e-38	4.3001e-33	4.14851e-31	2.76603e-27	4.65042e-22	3.78073e-17	1.35961e-12	1.87611e-08	7.70075e-05	0.0553316	0.910644	0.033872	7.5249e-05	3.84174e-08	7.16089e-12	6.18677e-16	2.85826e-20	7.74752e-25	1.3126e-29	1.45492e-34	2.21064e-39	4.65354e-42	
CGA45	0	0	0	0	0	0	0	0	0	0	0	0	0	0	0	0	1	0	0	0	0	0	0	0	0	0	0	0	0	
N60	2.88698e-70	2.91e-64	3.28119e-59	1.03764e-54	8.24445e-51	6.08019e-48	3.54087e-45	3.82914e-40	1.03913e-35	3.37015e-32	6.90287e-27	8.04747e-22	4.6966e-17	1.27277e-12	1.40979e-08	5.07553e-05	0.0368982	0.932302	0.03067	7.95277e-05	5.14779e-08	1.27991e-11	1.52956e-15	1.00475e-19	3.9582e-24	9.92704e-29	2.30311e-33	4.77327e-35	2.06325e-36	
C3043	0	0	0	0	0	0	0	0	0	0	0	0	0	0	0	0	0	1	0	0	0	0	0	0	0	0	0	0	0	
CGA364	0	0	0	0	0	0	0	0	0	0	0	0	0	0	0	0	0	1	0	0	0	0	0	0	0	0	0	0	0	
C2208	0	0	0	0	0	0	0	0	0	0	0	0	0	0	0	0	0	0	1	0	0	0	0	0	0	0	0	0	0	
N61	3.11731e-66	3.96674e-59	5.84877e-53	2.30159e-47	3.23228e-42	1.80567e-37	4.09377e-33	3.48676e-29	6.58047e-26	5.26576e-24	7.52107e-20	6.61536e-16	2.94935e-12	6.13981e-09	5.25762e-06	0.00151184	0.103238	0.852676	0.0421612	0.000406606	1.38164e-06	2.16744e-09	1.83663e-12	9.31631e-16	3.04084e-19	6.73662e-23	1.05518e-26	1.20921e-30	1.25455e-34	
N62	6.59555e-81	1.40739e-72	2.98111e-65	1.64596e-58	3.17246e-52	2.38442e-46	7.09891e-41	7.6238e-36	9.59407e-32	2.80203e-31	2.58773e-26	2.92671e-21	1.63443e-16	4.12637e-12	4.08461e-08	0.00012375	0.0690112	0.919404	0.0114425	1.88112e-05	9.00136e-09	1.76982e-12	1.73305e-16	9.54365e-21	3.21052e-25	7.00035e-30	1.03432e-34	1.32577e-39	6.39879e-43	
CGA453	0	0	0	0	0	0	0	0	0	0	0	0	0	0	0	0	0	1	0	0	0	0	0	0	0	0	0	0	0	
N63	2.33222e-87	1.35219e-78	7.52499e-71	1.0789e-63	5.34712e-57	1.02348e-50	7.69138e-45	2.0016e-39	8.48388e-36	1.08795e-33	1.15285e-28	3.36945e-23	4.95995e-18	3.36855e-13	9.17512e-09	7.81553e-05	0.121924	0.875142	0.00285353	1.36908e-06	2.03675e-10	1.30103e-14	4.2813e-19	8.14426e-24	9.68744e-29	7.62168e-34	4.39589e-39	2.06927e-42	9.21866e-45	
CGA501	0	0	0	0	0	0	0	0	0	0	0	0	0	0	0	0	0	1	0	0	0	0	0	0	0	0	0	0	0	
C3121	0	0	0	0	0	0	0	0	0	0	0	0	0	0	0	0	1	0	0	0	0	0	0	0	0	0	0	0	0	
N64	2.16481e-85	2.99949e-76	3.27575e-68	7.99172e-61	6.05247e-54	1.66273e-47	1.71433e-41	6.40973e-36	6.74899e-31	1.95195e-32	1.68758e-32	9.02364e-27	2.76966e-21	3.74053e-16	2.046e-11	3.88194e-07	0.00185983	0.995785	0.00235398	7.75296e-07	7.8398e-11	3.30035e-15	6.73069e-20	7.24625e-25	4.29049e-30	1.41018e-35	2.51778e-41	2.32746e-47	3.71421e-53	
Calparcri	0	0	0	0	0	0	0	0	0	0	0	0	0	0	0	0	0	1	0	0	0	0	0	0	0	0	0	0	0	
C3118	0	0	0	0	0	0	0	0	0	0	0	0	0	0	0	0	0	1	0	0	0	0	0	0	0	0	0	0	0	
N65	2.60545e-71	1.87175e-64	1.29897e-58	2.34151e-53	1.47715e-48	3.76445e-44	4.68745e-39	4.61023e-33	1.73939e-27	4.99915e-22	7.66177e-17	3.31332e-12	2.72438e-08	4.04219e-05	0.00960855	0.280131	0.646644	0.0632717	0.000304474	2.23058e-07	4.49412e-11	3.4066e-15	1.15516e-19	1.93659e-24	1.70777e-29	6.97652e-34	3.80931e-37	8.82556e-38	1.77938e-37	
N66	7.72412e-70	2.41077e-62	8.0997e-56	7.26979e-50	2.38857e-44	3.37822e-39	2.29943e-34	7.7535e-30	1.27945e-25	2.51689e-21	4.16508e-17	3.32235e-13	1.16639e-09	1.57693e-06	0.000659874	0.0577914	0.521391	0.394157	0.0256704	0.000327388	1.31123e-06	2.17293e-09	1.77454e-12	8.0423e-16	2.20243e-19	3.90158e-23	6.08167e-27	3.29678e-29	3.6248e-31	
N67	1.12508e-67	2.24997e-60	5.23461e-54	3.48763e-48	9.31831e-43	1.18424e-37	8.04733e-33	3.3449e-28	9.34196e-24	1.70912e-19	1.62128e-15	6.71944e-12	1.08742e-08	6.23432e-06	0.00113037	0.05377	0.474955	0.443836	0.0260008	0.000300861	1.14371e-06	1.87957e-09	1.58061e-12	7.61404e-16	2.27622e-19	4.4814e-23	6.08357e-27	6.31698e-31	4.46486e-34	
N68	8.44727e-64	2.85091e-56	1.07235e-49	1.10063e-43	4.15058e-38	6.47692e-33	4.34026e-28	1.20194e-23	1.06908e-19	3.86213e-16	3.15147e-12	8.62596e-09	2.82355e-06	0.000290938	0.0109224	0.143022	0.526881	0.311477	0.00736813	3.53475e-05	5.97558e-08	4.66442e-11	1.96975e-14	4.99039e-18	8.15506e-22	9.06669e-26	7.14543e-30	4.70843e-34	8.47305e-37	
N69	1.24662e-69	5.08569e-62	2.23103e-55	2.53964e-49	1.01388e-43	1.63499e-38	1.17938e-33	4.17119e-29	5.44642e-25	4.14473e-23	5.3648e-19	6.11042e-15	2.94935e-11	5.43853e-08	3.36359e-05	0.0057659	0.199229	0.755047	0.039616	0.000307383	7.01483e-07	6.53549e-10	3.00879e-13	7.74864e-17	1.21697e-20	1.24971e-24	9.62698e-29	8.55595e-32	2.66565e-34	
Triowe	0	0	0	0	0	0	0	0	0	0	0	0	0	0	0	0	0	1	0	0	0	0	0	0	0	0	0	0	0	
N70	9.65325e-74	2.90714e-66	9.71937e-60	8.47823e-54	2.60452e-48	3.21767e-43	1.75369e-38	4.90984e-34	1.0376e-29	3.46802e-25	1.10074e-20	1.79716e-16	1.40391e-12	4.7386e-09	5.89824e-06	0.0021002	0.139673	0.807998	0.0497783	0.000443191	1.162e-06	1.2529e-09	6.73218e-13	2.04002e-16	3.7972e-20	4.61964e-24	3.97563e-28	1.23872e-30	6.84394e-32	
Trijoh	0	0	0	0	0	0	0	0	0	0	0	0	0	0	0	0	0	1	0	0	0	0	0	0	0	0	0	0	0	
Trimel	0	0	0	0	0	0	0	0	0	0	0	0	0	0	0	0	0	1	0	0	0	0	0	0	0	0	0	0	0	
N71	2.73779e-57	1.11356e-49	5.05611e-43	6.54932e-37	3.41077e-31	8.35855e-26	1.02698e-20	6.48686e-16	1.77765e-11	1.90237e-07	0.000637737	0.387989	0.48944	0.11324	0.00844403	0.000246962	2.95271e-06	1.30093e-08	1.40427e-11	6.22598e-15	1.43453e-18	1.95479e-22	1.70867e-26	1.01273e-30	4.23642e-35	1.28874e-39	2.917e-44	5.012e-49	8.29536e-54	
N72	9.76162e-59	8.64428e-51	8.64352e-44	2.44673e-37	2.60335e-31	1.15851e-25	2.2267e-20	1.8147e-15	5.82364e-11	6.37415e-07	0.00178221	0.639729	0.335341	0.0227602	0.0003848	2.10966e-06	4.19218e-09	3.09755e-12	8.6327e-16	1.16833e-19	8.98233e-24	4.33014e-28	1.39918e-32	3.19031e-37	5.4795e-42	1.90794e-45	1.47445e-49	7.06873e-52	4.1259e-55	
Trihoe	0	0	0	0	0	0	0	0	0	0	0	1	0	0	0	0	0	0	0	0	0	0	0	0	0	0	0	0	0	
Tribit	0	0	0	0	0	0	0	0	0	0	0	1	0	0	0	0	0	0	0	0	0	0	0	0	0	0	0	0	0	
Trijac	0	0	0	0	0	0	0	0	0	0	0	1	0	0	0	0	0	0	0	0	0	0	0	0	0	0	0	0	0	
N73	2.31218e-68	3.89193e-61	7.47687e-55	3.84427e-49	7.14141e-44	5.48773e-39	1.91341e-34	3.32404e-30	2.44589e-26	5.52763e-24	8.06703e-20	7.68961e-16	3.64636e-12	7.88684e-09	6.80464e-06	0.00188698	0.11603	0.807708	0.073281	0.00108216	4.96634e-06	9.65186e-09	9.51976e-12	5.36264e-15	1.874e-18	4.31702e-22	6.86809e-26	8.0039e-30	1.81104e-33	
Tricri	0	0	0	0	0	0	0	0	0	0	0	0	0	0	0	0	0	1	0	0	0	0	0	0	0	0	0	0	0	
N74	7.68531e-74	2.12222e-66	6.49378e-60	5.27857e-54	1.52744e-48	1.76391e-43	8.44818e-39	1.66135e-34	1.26723e-30	1.3945e-26	4.94549e-22	9.5414e-18	9.31162e-14	4.23008e-10	7.85321e-07	0.000480854	0.0657383	0.865051	0.067993	0.000733296	2.28797e-06	2.9106e-09	1.83643e-12	6.51775e-16	1.41974e-19	2.02259e-23	1.97904e-27	2.06044e-31	1.70918e-33	
Triwie	0	0	0	0	0	0	0	0	0	0	0	0	0	0	0	0	0	1	0	0	0	0	0	0	0	0	0	0	0	
Triqua	0	0	0	0	0	0	0	0	0	0	0	0	0	0	0	0	0	1	0	0	0	0	0	0	0	0	0	0	0	
N75	6.55082e-65	3.82652e-58	3.4213e-52	1.00083e-46	1.34631e-41	9.89301e-37	4.32551e-32	1.1443e-27	1.79991e-23	1.63405e-19	8.17761e-16	2.1592e-12	2.83845e-09	1.69585e-06	0.000397662	0.0283577	0.366361	0.51735	0.0842226	0.00326362	4.51526e-05	2.82901e-07	9.34478e-10	1.8058e-12	2.20029e-15	1.78818e-18	1.02903e-21	3.14792e-24	2.89151e-25	
N76	5.20717e-63	1.92681e-56	8.95452e-51	1.12986e-45	5.26147e-41	1.05431e-36	1.0535e-32	6.79262e-29	4.22456e-25	3.3017e-21	1.96843e-17	6.42516e-14	1.09089e-10	8.95287e-08	3.17315e-05	0.00406206	0.138839	0.721928	0.130331	0.00474838	5.97322e-05	3.39321e-07	1.02246e-09	1.81838e-12	2.05859e-15	1.56926e-18	8.4101e-22	3.28409e-25	1.20943e-28	
Kinboe	0	0	0	0	0	0	0	0	0	0	0	0	0	0	0	0	0	1	0	0	0	0	0	0	0	0	0	0	0	
Kinfis	0	0	0	0	0	0	0	0	0	0	0	0	0	0	0	0	0	1	0	0	0	0	0	0	0	0	0	0	0	
Kinxen	0	0	0	0	0	0	0	0	0	0	0	0	0	0	0	0	0	1	0	0	0	0	0	0	0	0	0	0	0	
N77	3.83465e-53	1.03367e-47	3.77632e-43	3.8093e-39	5.89454e-36	5.43375e-34	4.02206e-30	3.94527e-25	1.74858e-20	3.36846e-16	2.57522e-12	6.48456e-09	3.65488e-06	0.000578788	0.027458	0.334025	0.585233	0.0523432	0.000356796	6.73811e-07	5.34439e-10	2.18184e-13	5.15777e-17	7.60467e-21	7.3499e-25	4.85091e-29	1.21106e-31	5.18177e-32	1.50582e-32	
N78	7.92869e-47	2.59e-40	1.16571e-34	1.48402e-29	7.24883e-25	1.54652e-20	1.52066e-16	6.93624e-13	1.41792e-09	1.19478e-06	0.000352737	0.026241	0.200638	0.401643	0.284682	0.0783892	0.00785125	0.000200273	1.7214e-06	7.05758e-09	1.64434e-11	2.4145e-14	2.39285e-17	1.68065e-20	8.67834e-24	3.38993e-27	1.02524e-30	2.55433e-34	2.58545e-37	
N79	1.13453e-55	4.6765e-48	2.22482e-41	2.99845e-35	1.53846e-29	3.35451e-24	3.24884e-19	1.38362e-14	2.35543e-10	1.40993e-06	0.00229563	0.550394	0.406146	0.0401437	0.00101097	8.27766e-06	2.45488e-08	2.85268e-11	1.54381e-14	4.47236e-18	7.66184e-22	8.33971e-26	6.08225e-30	3.09465e-34	1.13348e-38	3.06397e-43	6.24217e-48	1.04331e-52	4.34358e-57	
N80	9.50118e-61	1.17958e-52	1.49745e-45	5.32629e-39	7.58573e-33	5.0351e-27	1.63693e-21	2.65675e-16	1.63856e-11	3.29356e-07	0.001585	0.873747	0.12334	0.00132486	2.70935e-06	1.67325e-09	4.13093e-13	4.89854e-17	3.16201e-21	1.21351e-25	2.9519e-30	4.77513e-35	5.36497e-40	1.10996e-44	3.69112e-49	2.0241e-52	4.0663e-57	8.25806e-61	2.27799e-65	
N81	2.8288e-58	2.5588e-50	2.57467e-43	7.22166e-37	7.51663e-31	3.23863e-25	5.97086e-20	4.61878e-15	1.38813e-10	1.39031e-06	0.00338813	0.914974	0.0811454	0.000490525	6.52346e-07	3.12409e-10	6.96784e-14	8.4522e-18	6.17688e-22	2.92248e-26	9.59594e-31	6.05749e-34	4.53506e-37	7.47195e-39	4.73181e-43	1.87786e-45	6.57495e-50	5.38137e-53	2.46094e-57	
Chaafr	0	0	0	0	0	0	0	0	0	0	0	1	0	0	0	0	0	0	0	0	0	0	0	0	0	0	0	0	0	
Chacha	0	0	0	0	0	0	0	0	0	0	0	1	0	0	0	0	0	0	0	0	0	0	0	0	0	0	0	0	0	
N82	5.06844e-58	3.98543e-50	3.59467e-43	9.31947e-37	9.1726e-31	3.78931e-25	6.75335e-20	5.08064e-15	1.4889e-10	1.46005e-06	0.00350112	0.933184	0.063002	0.000310879	3.61527e-07	1.57654e-10	3.28451e-14	3.78345e-18	2.65285e-22	1.21097e-26	3.81012e-31	7.17766e-35	4.06436e-38	3.38334e-40	2.16823e-44	4.272e-47	1.47451e-51	6.09261e-55	2.35028e-59	
Chacaly	0	0	0	0	0	0	0	0	0	0	0	1	0	0	0	0	0	0	0	0	0	0	0	0	0	0	0	0	0	
Chazey	0	0	0	0	0	0	0	0	0	0	0	1	0	0	0	0	0	0	0	0	0	0	0	0	0	0	0	0	0	
N83	7.54278e-53	2.15359e-45	6.95873e-39	6.04414e-33	1.90232e-27	2.44721e-22	1.33945e-17	3.07368e-13	2.75843e-09	8.36287e-06	0.00638973	0.618571	0.352023	0.0226743	0.000332359	1.54265e-06	2.81412e-09	2.39637e-12	1.09374e-15	2.96314e-19	5.13533e-23	6.04929e-27	5.6308e-31	3.41299e-33	9.93087e-37	2.09806e-38	3.02111e-42	2.53154e-44	1.09632e-47	
Chadil	0	0	0	0	0	0	0	0	0	0	0	1	0	0	0	0	0	0	0	0	0	0	0	0	0	0	0	0	0	
Chasen	0	0	0	0	0	0	0	0	0	0	0	1	0	0	0	0	0	0	0	0	0	0	0	0	0	0	0	0	0	
Chanam	0	0	0	0	0	0	0	0	0	0	0	1	0	0	0	0	0	0	0	0	0	0	0	0	0	0	0	0	0	
N84	2.58377e-69	1.1059e-61	5.35108e-55	6.75005e-49	2.96649e-43	5.06801e-38	3.39945e-33	7.49647e-29	2.2224e-27	2.08993e-25	8.8549e-21	2.05357e-16	2.30284e-12	1.13631e-08	2.11746e-05	0.0113823	0.968156	0.0203647	7.6108e-05	9.50983e-08	5.28034e-11	1.53572e-14	2.60291e-18	2.76875e-22	1.95057e-26	9.47537e-31	3.27334e-35	8.2551e-40	1.81153e-44	
N85	3.98377e-91	8.06508e-82	3.15119e-73	2.74944e-65	6.8316e-58	6.1115e-51	1.81449e-44	1.65265e-38	9.00377e-36	2.43079e-34	4.48725e-29	4.2576e-23	1.64679e-17	2.38569e-12	1.09867e-07	0.00111324	0.994234	0.00465049	1.8599e-06	1.74316e-10	5.83573e-15	8.60825e-20	6.28213e-25	2.43855e-30	1.04242e-35	2.7473e-39	1.54502e-42	3.08801e-43	1.42399e-43	
N86	1.05012e-76	8.29737e-70	6.29432e-64	1.25529e-58	8.97405e-54	2.62563e-49	3.25591e-45	1.51178e-41	1.14372e-39	3.36226e-36	8.06839e-30	9.49799e-24	4.67044e-18	8.92969e-13	5.6417e-08	0.000806842	0.995459	0.00373266	1.07098e-06	7.14013e-11	1.72418e-15	1.88317e-20	1.04465e-25	3.13599e-31	5.26045e-37	6.91576e-43	7.32312e-45	1.88286e-46	2.0426e-44	
Braset	0	0	0	0	0	0	0	0	0	0	0	0	0	0	0	0	1	0	0	0	0	0	0	0	0	0	0	0	0	
N87	1.21579e-75	6.03257e-69	3.07874e-63	4.31728e-58	6.71482e-55	1.57946e-52	1.44372e-46	7.15022e-41	5.04995e-38	1.42992e-33	1.12046e-27	4.35315e-22	7.90201e-17	6.11336e-12	1.70671e-07	0.00123406	0.995223	0.00354111	1.46096e-06	1.71021e-10	8.19382e-15	1.94486e-19	2.55967e-24	2.00627e-29	9.8017e-35	3.59225e-40	9.63918e-43	1.10144e-44	7.03599e-47	
N88	2.82671e-91	1.23955e-81	4.20096e-73	3.1834e-65	7.45842e-58	6.35818e-51	2.02745e-44	2.23119e-38	2.33182e-36	6.50455e-37	1.01032e-30	1.34112e-24	7.91712e-19	1.93132e-13	1.68507e-08	0.000386288	0.998828	0.000785954	8.01699e-08	2.48668e-12	3.21963e-17	2.03121e-22	6.80644e-28	1.26141e-33	1.30381e-39	7.36316e-46	5.9575e-52	3.2363e-56	5.54435e-61	
Bramel	0	0	0	0	0	0	0	0	0	0	0	0	0	0	0	0	1	0	0	0	0	0	0	0	0	0	0	0	0	
Bratha	0	0	0	0	0	0	0	0	0	0	0	0	0	0	0	0	1	0	0	0	0	0	0	0	0	0	0	0	0	
N89	1.28054e-87	1.21628e-78	1.04822e-70	2.24966e-63	1.62462e-56	4.44555e-50	4.7078e-44	1.65538e-38	2.74946e-36	2.10296e-33	1.43758e-27	5.11554e-22	8.72299e-17	6.46586e-12	1.75413e-07	0.00124546	0.996103	0.00265067	9.05669e-07	9.31426e-11	4.07323e-15	9.10271e-20	1.16198e-24	9.11082e-30	4.60997e-35	1.57503e-40	7.0305e-45	1.62551e-47	2.14995e-50	
Bradra	0	0	0	0	0	0	0	0	0	0	0	0	0	0	0	0	1	0	0	0	0	0	0	0	0	0	0	0	0	
Bratra	0	0	0	0	0	0	0	0	0	0	0	0	0	0	0	0	1	0	0	0	0	0	0	0	0	0	0	0	0	
N90	7.17151e-84	3.16425e-75	1.33507e-67	1.45335e-60	5.4908e-54	8.07267e-48	4.70117e-42	9.23429e-37	9.84432e-35	7.8257e-32	3.14134e-26	6.5914e-21	6.67263e-16	2.95046e-11	4.79151e-07	0.00204454	0.993736	0.00421635	2.3361e-06	3.9284e-10	2.82695e-14	1.0463e-18	2.2286e-23	2.94213e-28	2.53405e-33	1.47936e-38	1.33154e-43	1.29212e-46	1.25155e-49	
Bragut	0	0	0	0	0	0	0	0	0	0	0	0	0	0	0	0	1	0	0	0	0	0	0	0	0	0	0	0	0	
Braven	0	0	0	0	0	0	0	0	0	0	0	0	0	0	0	0	1	0	0	0	0	0	0	0	0	0	0	0	0	
N91	1.33519e-78	1.48882e-70	1.70566e-63	5.17712e-57	5.5684e-51	2.36546e-45	4.02246e-40	2.2072e-35	1.08541e-32	7.14602e-28	7.87263e-23	4.49336e-18	1.24213e-13	1.49516e-09	6.55125e-06	0.0074635	0.976447	0.0160481	3.4418e-05	2.2055e-08	5.97383e-12	8.27668e-16	6.61343e-20	3.30758e-24	1.09823e-28	2.53128e-33	5.572e-38	1.11047e-40	5.18165e-43	
Brapum	0	0	0	0	0	0	0	0	0	0	0	0	0	0	0	0	1	0	0	0	0	0	0	0	0	0	0	0	0	
Bradam	0	0	0	0	0	0	0	0	0	0	0	0	0	0	0	0	1	0	0	0	0	0	0	0	0	0	0	0	0	
