#Nodes with GAIN events with expectation above 0.5
N3: 0.611125
B3088: 0.874597
BGA709: 0.751884
BGA309: 0.751884
PGA445: 1.66409
FGA379: 1.40193
Furcep: 1.77075
FGA331: 1.63728
FGA104: 0.633301
FGA174: 0.964967
CGA312: 0.965164
C3125: 1.29668
C12265: 0.572233
C3134: 1.44226
N50: 0.926939
C2208: 0.972453
N54: 1.13195
N58: 0.624969
N61: 0.637433
N65: 0.635676
N68: 0.673158
Kinxen: 1.13958
N76: 1.12154
Total number of gain events: 40.5417
#+++++++++++++++++++++++++++++

#Nodes with LOSS events with expectation above 0.5
B3088: 1.3874
BGA709: 1.24303
BGA309: 1.24303
N7: 0.502578
B11696: 0.516678
B11609: 0.516678
B985: 0.676789
B199: 0.676789
BGA89: 0.514376
BGAA2: 0.514376
PGA445: 1.87203
N13: 0.877815
N14: 2.07678
Rhaspe: 5.38841
Rhamar: 5.04882
Rhatem: 4.12655
N18: 0.857459
FGA379: 0.895358
N19: 2.17241
N20: 0.933954
N21: 0.510392
F3016: 2.01894
F1476: 1.38568
N28: 0.755818
FGA465: 1.12168
N36: 0.573602
FGA99: 0.572972
FGA15: 0.572972
FGA489: 1.86412
FurbGB: 2.54901
Calboe: 2.78412
CGA429: 1.93903
C985: 2.71258
CGA382: 1.76845
N49: 1.41546
C404: 1.18772
CGA311: 0.501334
CGA45: 1.12144
N54: 0.611994
C3121: 0.918318
N63: 4.62611
Trijac: 0.864504
N68: 0.51504
Kinboe: 0.50056
Kinfis: 0.50056
Kinxen: 1.10206
N70: 2.7269
N71: 1.99419
Chadil: 0.606378
Chasen: 0.606378
Chanam: 2.78358
N76: 1.18059
Total number of loss events: 96.8204
#+++++++++++++++++++++++++++++

#Nodes with duplication events with expectation above 0.5
Total number of duplication events: 6.87795e-46
#+++++++++++++++++++++++++++++

#Nodes with demi-duplication events with expectation above 0.5
Total number of demi-dulications events: 0
#+++++++++++++++++++++++++++++

#+++++++++++++++++++++++++++++

#Nodes with transitions in base number with expectation above 0.5
Total number of transitions in base number: 0
#+++++++++++++++++++++++++++++

#EVENTS NOT ACCOUNTED FOR IN THE SIMULATIONS: 
NONE
#+++++++++++++++++++++++++++++

#ALL EVENTS EXPECTATIONS PER NODE
NODE	GAIN	LOSS	DUPLICATION	DEMI-DUPLICATION	BASE-NUMBER
N2	0.279959	0.0720253	1.90982e-72	0	0
N3	0.611125	0.320807	2.02415e-85	0	0
N4	0.105446	0.0909697	1.13614e-89	0	0
B3088	0.874597	1.3874	0	0	0
N5	0.109349	0.131057	9.25535e-83	0	0
BGA709	0.751884	1.24303	0	0	0
BGA309	0.751884	1.24303	0	0	0
N6	0.248307	0.31658	2.61368e-93	0	0
N7	0.307992	0.502578	5.58518e-94	0	0
B11696	0.281274	0.516678	0	0	0
B11609	0.281274	0.516678	0	0	0
N8	0.068711	0.109104	1.08958e-83	0	0
N9	0.019342	0.0319088	1.42148e-105	0	0
N10	0.111402	0.181535	1.30885e-87	0	0
B985	0.369886	0.676789	0	0	0
B199	0.369886	0.676789	0	0	0
N11	0.179654	0.318091	8.56593e-91	0	0
BGA89	0.275778	0.514376	0	0	0
BGAA2	0.275778	0.514376	0	0	0
N12	0.235666	0.41578	1.75748e-87	0	0
BGA304	0.241948	0.451437	0	0	0
BGAB1	0.241948	0.451437	0	0	0
PGA445	1.66409	1.87203	0	0	0
N13	0.0363568	0.877815	1.77843e-64	0	0
N14	0.010804	2.07678	1.00037e-56	0	0
Rhaspe	0.381334	5.38841	0	0	0
N15	0.00718762	0.314782	6.87795e-46	0	0
Rhamar	0.354007	5.04882	0	0	0
Rhatem	0.431741	4.12655	0	0	0
N16	0.0754837	0.021906	9.97311e-75	0	0
N17	0.313342	0.210734	6.30322e-65	0	0
N18	0.0362672	0.857459	3.20449e-63	0	0
FGA379	1.40193	0.895358	0	0	0
N19	0.0232231	2.17241	4.88768e-64	0	0
N20	0.0323566	0.933954	5.81383e-62	0	0
N21	0.00311692	0.510392	6.14657e-62	0	0
F3016	0.141877	2.01894	0	0	0
N22	0.00339308	0.149666	8.86997e-59	0	0
N23	0.0101769	0.0945412	4.98828e-64	0	0
N24	0.00717112	0.350645	1.05696e-68	0	0
N25	0.00547501	0.0253696	3.5269e-70	0	0
F1476	0.10275	1.38568	0	0	0
N26	0.0215907	0.0180752	5.55309e-67	0	0
Furcep	1.77075	0.0573065	0	0	0
N27	0.00360519	0.145437	1.02618e-67	0	0
Furpol	0.180692	0.325391	0	0	0
N28	0.0112771	0.755818	1.77667e-63	0	0
N29	0.0134671	0.294847	5.73712e-63	0	0
F2241	0.0258612	0.144639	0	0	0
Furang	0.0258612	0.144639	0	0	0
Fga490	0.0613279	0.461486	0	0	0
N30	0.0108761	0.241482	9.07796e-71	0	0
N31	0.0218745	0.0382083	3.49605e-67	0	0
N32	0.0446391	0.0112242	3.37715e-72	0	0
N33	0.00569498	0.0381913	1.34974e-75	0	0
N34	0.0168255	0.0530269	3.68007e-72	0	0
FGA456	0.0343969	0.0549969	0	0	0
FGA516	0.0343969	0.0549969	0	0	0
F12278	0.07699	0.133791	0	0	0
N35	0.295188	0.015895	9.50123e-73	0	0
Furant	0.0371774	0.405826	0	0	0
FGA331	1.63728	0.00766406	0	0	0
FGA465	0.0658023	1.12168	0	0	0
N36	0.0153111	0.573602	9.15089e-65	0	0
FGA99	0.0590497	0.572972	0	0	0
FGA15	0.0590497	0.572972	0	0	0
FGA104	0.633301	0.279595	0	0	0
FGA489	0.133461	1.86412	0	0	0
FGA174	0.964967	0.35678	0	0	0
FurbGB	0.25515	2.54901	0	0	0
N37	0.176995	0.0116741	5.01722e-86	0	0
N38	0.219184	0.0634331	6.3924e-80	0	0
N39	0.297816	0.490244	1.5043e-91	0	0
CGA312	0.965164	0.408876	0	0	0
N40	0.0177653	0.159344	4.02107e-80	0	0
N41	0.00346103	0.291777	1.61836e-83	0	0
N42	0.010214	0.0192515	1.43736e-68	0	0
CGA642	0.421906	0.426416	0	0	0
N43	0.00895991	0.0386319	8.63643e-77	0	0
CGA236	0.408781	0.383617	0	0	0
N44	0.013726	0.15184	6.23296e-81	0	0
N45	0.133222	0.211058	2.22973e-79	0	0
Calboe	0.0252405	2.78412	0	0	0
C3125	1.29668	0.0555656	0	0	0
CGA429	0.102306	1.93903	0	0	0
N46	0.00373392	0.393766	8.10319e-65	0	0
C985	0.0910036	2.71258	0	0	0
CGA382	0.14687	1.76845	0	0	0
N47	0.459784	0.105741	8.8795e-82	0	0
N48	0.0121005	0.101523	5.46612e-97	0	0
C12265	0.572233	0.138932	0	0	0
N49	0.0191845	1.41546	5.53048e-92	0	0
C404	0.018749	1.18772	0	0	0
Cl11778	0.0731199	0.242091	0	0	0
C3134	1.44226	0.0983959	0	0	0
N50	0.926939	0.372872	2.5221e-75	0	0
CGA311	0.311126	0.501334	0	0	0
N51	0.0312985	0.0163385	3.3499e-95	0	0
N52	0.0355412	0.199916	5.24913e-83	0	0
CGA45	0.0806413	1.12144	0	0	0
N53	0.0269978	0.024712	3.91056e-105	0	0
C3043	0.139017	0.182098	0	0	0
CGA364	0.139017	0.182098	0	0	0
C2208	0.972453	0.177622	0	0	0
N54	1.13195	0.611994	9.38492e-86	0	0
N55	0.100249	0.128651	8.93101e-99	0	0
CGA453	0.116623	0.088555	0	0	0
N56	0.0173748	0.0839828	1.44558e-113	0	0
CGA501	0.126456	0.0317803	0	0	0
C3121	0.0129941	0.918318	0	0	0
Calparcri	0.270829	0.271163	0	0	0
N57	0.0205619	0.0218088	2.99121e-83	0	0
N58	0.624969	0.0957352	4.22259e-78	0	0
N59	0.280512	0.301432	1.28589e-85	0	0
N60	0.0703618	0.39376	1.64306e-77	0	0
N61	0.637433	0.0953409	1.73024e-78	0	0
Triowe	0.472218	0.410672	0	0	0
N62	0.0957978	0.0393464	5.25374e-86	0	0
Trijoh	0.352467	0.347408	0	0	0
Trimel	0.352467	0.347408	0	0	0
N63	0.0140834	4.62611	2.91879e-70	0	0
N64	0.0135526	0.392322	1.62547e-63	0	0
Trihoe	0.0640245	0.464235	0	0	0
Tribit	0.0640245	0.464235	0	0	0
Trijac	0.0853681	0.864504	0	0	0
N65	0.635676	0.291315	4.75895e-83	0	0
Tricri	0.386671	0.450521	0	0	0
N66	0.109298	0.0962407	2.47693e-87	0	0
Triwie	0.228602	0.30551	0	0	0
Triqua	0.228602	0.30551	0	0	0
N67	0.32751	0.105482	4.12583e-78	0	0
N68	0.673158	0.51504	7.40088e-76	0	0
Kinboe	0.379961	0.50056	0	0	0
Kinfis	0.379961	0.50056	0	0	0
Kinxen	1.13958	1.10206	0	0	0
N69	0.00801082	0.132724	3.76104e-73	0	0
N70	0.0615614	2.7269	1.18136e-54	0	0
N71	0.114889	1.99419	4.20185e-54	0	0
N72	0.0527065	0.441653	1.6769e-66	0	0
N73	0.0184718	0.0683231	2.84246e-66	0	0
Chaafr	0.080838	0.166243	0	0	0
Chacha	0.080838	0.166243	0	0	0
N74	0.0275599	0.0976308	2.0398e-68	0	0
Chacaly	0.0628307	0.128017	0	0	0
Chazey	0.0628307	0.128017	0	0	0
N75	0.0264819	0.130885	4.49877e-57	0	0
Chadil	0.186578	0.606378	0	0	0
Chasen	0.186578	0.606378	0	0	0
Chanam	0.380079	2.78358	0	0	0
N76	1.12154	1.18059	1.15417e-81	0	0
N77	0.0177405	0.0352809	8.99672e-84	0	0
N78	0.00218639	0.0039353	1.21847e-97	0	0
Braset	0.103091	0.110867	0	0	0
N79	0.00793079	0.0102762	1.86183e-103	0	0
N80	0.0418068	0.0464925	1.41897e-79	0	0
Bramel	0.00366682	0.00441134	0	0	0
Bratha	0.00366682	0.00441134	0	0	0
N81	0.0222063	0.0249155	8.66704e-110	0	0
Bradra	0.0167276	0.0194485	0	0	0
Bratra	0.0167276	0.0194485	0	0	0
N82	0.0502784	0.0556055	1.91827e-103	0	0
Bragut	0.0188363	0.0230331	0	0	0
Braven	0.0188363	0.0230331	0	0	0
N83	0.0566291	0.0655401	3.59091e-98	0	0
Brapum	0.0608604	0.0790144	0	0	0
Bradam	0.0608604	0.0790144	0	0	0
#+++++++++++++++++++++++++++++

#Expected number of events from root to leaf
LEAF	GAIN	LOSS	DUPLICATION	DEMI-DUPLICATION	BASE-NUMBER
B3088	1.87113	1.8712	1.90982e-72	0	0
BGA709	1.85776	1.85789	1.90982e-72	0	0
BGA309	1.85776	1.85789	1.90982e-72	0	0
B11696	1.72866	1.72867	1.90982e-72	0	0
B11609	1.72866	1.72867	1.90982e-72	0	0
B985	1.70873	1.70875	1.90982e-72	0	0
B199	1.70873	1.70875	1.90982e-72	0	0
BGA89	1.68288	1.68289	1.90982e-72	0	0
BGAA2	1.68288	1.68289	1.90982e-72	0	0
BGA304	1.68572	1.68573	1.90982e-72	0	0
BGAB1	1.68572	1.68573	1.90982e-72	0	0
PGA445	1.94405	1.94406	1.90982e-72	0	0
Rhaspe	0.428495	8.343	1.00037e-56	0	0
Rhamar	0.408356	8.3182	6.87795e-46	0	0
Rhatem	0.486089	7.39593	6.87795e-46	0	0
FGA379	1.86338	2.86327	3.44537e-63	0	0
F3016	0.662023	7.60361	1.23538e-61	0	0
F1476	0.649112	7.59057	8.88237e-59	0	0
Furcep	2.3387	6.28027	8.88237e-59	0	0
Furpol	0.75225	6.6938	8.88237e-59	0	0
F2241	0.622163	7.56371	8.88312e-59	0	0
Furang	0.622163	7.56371	8.88312e-59	0	0
Fga490	0.644163	7.58571	8.88255e-59	0	0
FGA456	0.675194	6.61665	8.88237e-59	0	0
FGA516	0.675194	6.61665	8.88237e-59	0	0
F12278	0.700962	6.64242	8.88237e-59	0	0
Furant	0.950642	6.89216	8.88237e-59	0	0
FGA331	2.55075	6.494	8.88237e-59	0	0
FGA465	0.63944	7.58089	8.88237e-59	0	0
FGA99	0.626124	7.56758	8.88238e-59	0	0
FGA15	0.626124	7.56758	8.88238e-59	0	0
FGA104	1.16702	6.10847	8.88237e-59	0	0
FGA489	0.657	7.59846	8.88232e-59	0	0
FGA174	1.482	5.43106	6.20725e-62	0	0
FurbGB	0.739822	6.68933	3.93413e-63	0	0
CGA312	2.08434	2.08468	2.40875e-64	0	0
CGA642	1.57252	2.57259	2.40889e-64	0	0
CGA236	1.56836	2.56843	2.40889e-64	0	0
Calboe	1.33177	5.33183	2.40889e-64	0	0
C3125	2.6032	2.60327	2.40889e-64	0	0
CGA429	1.27561	4.27568	2.40889e-64	0	0
C985	1.23514	5.23328	3.21907e-64	0	0
CGA382	1.29101	4.28914	3.21907e-64	0	0
C12265	2.18106	2.18135	2.40875e-64	0	0
C404	1.64676	4.6456	2.40875e-64	0	0
Cl11778	1.70113	3.69997	2.40875e-64	0	0
C3134	3.03899	2.03929	2.40875e-64	0	0
CGA311	2.05943	2.05977	2.40875e-64	0	0
CGA45	1.89578	2.89612	2.40875e-64	0	0
C3043	1.98115	1.9815	2.40875e-64	0	0
CGA364	1.98115	1.9815	2.40875e-64	0	0
C2208	2.75205	1.75239	2.40875e-64	0	0
CGA453	1.951	1.95133	2.40875e-64	0	0
CGA501	1.97821	1.97854	2.40875e-64	0	0
C3121	1.86475	2.86508	2.40875e-64	0	0
Calparcri	2.00496	2.00529	2.40875e-64	0	0
Triowe	2.2179	2.21847	1.77843e-64	0	0
Trijoh	2.19394	2.19455	1.77843e-64	0	0
Trimel	2.19394	2.19455	1.77843e-64	0	0
Trihoe	1.19991	7.19512	1.80332e-63	0	0
Tribit	1.19991	7.19512	1.80332e-63	0	0
Trijac	1.2077	7.20307	1.77843e-64	0	0
Tricri	2.06023	2.06053	1.77843e-64	0	0
Triwie	2.01146	2.01176	1.77843e-64	0	0
Triqua	2.01146	2.01176	1.77843e-64	0	0
Kinboe	2.138	2.13835	1.77843e-64	0	0
Kinfis	2.138	2.13835	1.77843e-64	0	0
Kinxen	2.22446	2.22481	1.77843e-64	0	0
Chaafr	0.46888	6.45156	5.38322e-54	0	0
Chacha	0.46888	6.45156	5.38322e-54	0	0
Chacaly	0.459961	6.44264	5.38322e-54	0	0
Chazey	0.459961	6.44264	5.38322e-54	0	0
Chadil	0.529924	6.5126	5.38772e-54	0	0
Chasen	0.529924	6.5126	5.38772e-54	0	0
Chanam	0.582053	6.56473	1.18136e-54	0	0
Braset	1.38497	2.38493	1.77843e-64	0	0
Bramel	1.33528	2.33524	1.77843e-64	0	0
Bratha	1.33528	2.33524	1.77843e-64	0	0
Bradra	1.32874	2.3287	1.77843e-64	0	0
Bratra	1.32874	2.3287	1.77843e-64	0	0
Bragut	1.34881	2.34876	1.77843e-64	0	0
Braven	1.34881	2.34876	1.77843e-64	0	0
Brapum	1.37944	2.3794	1.77843e-64	0	0
Bradam	1.37944	2.3794	1.77843e-64	0	0
