NODE	1	2	3	4	5	6	7	8	9	10	11	12	13	14	15	16	17	18	19	20	21	22	23	24	25	26	27	28	29	
N1	7.07555e-80	1.28034e-56	5.26431e-51	4.43087e-46	1.33286e-41	1.76102e-37	1.11551e-33	3.47949e-30	6.22427e-27	1.04805e-23	1.1267e-20	6.20288e-18	1.61685e-15	1.7733e-13	6.85623e-12	0.237283	0.49732	0.265397	1.13103e-11	5.86051e-13	1.42469e-14	1.91879e-16	1.6002e-18	8.93423e-21	3.53577e-23	1.03574e-25	2.32277e-28	4.09725e-31	6.29913e-34	
N2	2.75548e-82	2.46068e-58	5.7501e-52	2.66935e-46	4.44006e-41	3.4755e-36	1.5207e-31	4.03447e-27	6.49919e-23	6.11606e-19	3.14874e-15	8.46284e-12	1.12586e-08	6.78632e-06	0.00158942	0.105029	0.439773	0.400556	0.0512893	0.0017335	2.26521e-05	1.43316e-07	5.07297e-10	1.11033e-12	1.62213e-15	1.88862e-18	5.0134e-21	1.14654e-22	2.03305e-23	
N3	2.85362e-88	1.05843e-63	8.18512e-57	1.10388e-50	4.43171e-45	6.37438e-40	3.50459e-35	6.95307e-31	3.06469e-27	1.11062e-23	2.35852e-19	2.54371e-15	1.27062e-11	2.65815e-08	1.98624e-05	0.00408139	0.149507	0.689752	0.151549	0.00504426	4.6392e-05	1.65574e-07	2.82725e-10	2.65468e-13	1.51184e-16	5.61231e-20	1.43468e-23	2.6441e-27	4.65528e-31	
N4	6.35411e-92	3.80274e-67	5.34671e-60	1.42277e-53	1.22416e-47	4.12331e-42	5.83338e-37	3.30254e-32	7.70587e-28	2.12327e-23	3.9493e-19	3.61204e-15	1.5284e-11	2.73055e-08	1.79013e-05	0.00345472	0.137075	0.667901	0.183306	0.00814316	0.000102154	4.98091e-07	1.15435e-09	1.45674e-12	1.10279e-15	5.38403e-19	1.88371e-22	7.36965e-26	1.43446e-27	
B3088	0	0	0	0	0	0	0	0	0	0	0	0	0	0	0	0	0	1	0	0	0	0	0	0	0	0	0	0	0	
N5	3.55173e-85	3.38235e-61	1.00836e-54	6.928e-49	1.86174e-43	2.3534e-38	1.52058e-33	5.23923e-29	9.83176e-25	1.00954e-20	5.6117e-17	1.64569e-13	2.43454e-10	1.69273e-07	4.96079e-05	0.00516112	0.143097	0.630618	0.207379	0.013407	0.000286189	2.68531e-06	1.3215e-08	3.83916e-11	7.16136e-14	9.13137e-17	8.50496e-20	7.26326e-23	1.75271e-24	
BGA709	0	0	0	0	0	0	0	0	0	0	0	0	0	0	0	0	0	1	0	0	0	0	0	0	0	0	0	0	0	
BGA309	0	0	0	0	0	0	0	0	0	0	0	0	0	0	0	0	0	1	0	0	0	0	0	0	0	0	0	0	0	
N6	1.2318e-91	5.91154e-67	6.05864e-60	1.13359e-53	6.86514e-48	1.72518e-42	2.06985e-37	1.21922e-32	2.64908e-28	3.41646e-26	7.00348e-22	1.2971e-17	1.17759e-13	4.83218e-10	7.93114e-07	0.000427767	0.0539134	0.81169	0.1314	0.0025551	1.33805e-05	2.75413e-08	2.76672e-11	1.55781e-14	5.40597e-18	1.23816e-21	1.97058e-25	2.27633e-29	2.76833e-33	
N7	3.35365e-85	2.57143e-61	4.54856e-55	1.46801e-49	1.50803e-44	6.29255e-40	1.33202e-35	1.98021e-31	2.9074e-27	4.37498e-23	4.40958e-19	2.40682e-15	6.82037e-12	9.40556e-09	5.70237e-06	0.00128913	0.0812012	0.769373	0.143466	0.00461579	4.89368e-05	2.33039e-07	5.96733e-10	9.23476e-13	9.37065e-16	6.61935e-19	3.40764e-22	1.328e-25	5.16047e-29	
B11696	0	0	0	0	0	0	0	0	0	0	0	0	0	0	0	0	0	1	0	0	0	0	0	0	0	0	0	0	0	
B11609	0	0	0	0	0	0	0	0	0	0	0	0	0	0	0	0	0	1	0	0	0	0	0	0	0	0	0	0	0	
N8	2.66086e-103	1.67985e-77	1.9523e-69	3.72263e-62	2.03281e-55	4.06403e-49	3.38415e-43	1.28994e-37	1.66581e-32	1.46689e-30	1.94612e-26	2.17248e-21	1.20514e-16	2.83548e-12	2.43577e-08	6.00028e-05	0.0272416	0.863643	0.108105	0.000948402	1.67582e-06	9.71382e-10	2.42658e-13	3.09844e-17	2.26676e-21	1.02929e-25	3.12913e-30	8.09493e-35	5.59947e-38	
N9	7.60869e-89	1.05377e-65	3.19101e-60	1.83884e-55	3.00574e-51	5.8733e-48	1.45402e-45	2.26565e-41	1.30733e-36	7.43795e-32	1.694e-26	1.93072e-21	1.03147e-16	2.37308e-12	2.04597e-08	5.22322e-05	0.0254789	0.868859	0.104737	0.000871135	1.48146e-06	8.43016e-10	2.10587e-13	2.73318e-17	2.06281e-21	1.00176e-25	4.42382e-29	2.10493e-32	3.00623e-34	
N10	1.48761e-91	2.92505e-67	1.31167e-60	1.09717e-54	3.07922e-49	3.86235e-44	2.69297e-39	1.23248e-34	4.37607e-30	1.43497e-25	3.16988e-21	3.76187e-17	2.29648e-13	6.74369e-10	8.5707e-07	0.000396772	0.0491343	0.829578	0.118546	0.00233095	1.3792e-05	3.4922e-08	4.61261e-11	3.60488e-14	1.81805e-17	6.30451e-21	1.6526e-24	4.98764e-28	4.2216e-30	
B985	0	0	0	0	0	0	0	0	0	0	0	0	0	0	0	0	0	1	0	0	0	0	0	0	0	0	0	0	0	
N11	1.5683e-92	8.04661e-68	8.61721e-61	1.64278e-54	9.49522e-49	1.98873e-43	1.58246e-38	4.50232e-34	2.83945e-30	5.90709e-29	2.77876e-24	9.22036e-20	1.57944e-15	1.30511e-11	4.68072e-08	6.12304e-05	0.0212455	0.937918	0.04052	0.000254852	5.00578e-07	4.30532e-10	1.9609e-13	5.33814e-17	9.43973e-21	1.15182e-24	1.01507e-28	6.70794e-33	4.17873e-37	
B199	0	0	0	0	0	0	0	0	0	0	0	0	0	0	0	0	0	1	0	0	0	0	0	0	0	0	0	0	0	
B11604	0	0	0	0	0	0	0	0	0	0	0	0	0	0	0	0	0	1	0	0	0	0	0	0	0	0	0	0	0	
N12	8.79097e-94	4.79426e-69	5.51389e-62	1.12914e-55	7.11675e-50	1.712e-44	1.8049e-39	9.41167e-35	1.96738e-30	9.11348e-28	3.69239e-23	9.42235e-19	1.21121e-14	7.29379e-11	1.83714e-07	0.000160642	0.0347757	0.875367	0.0886026	0.00109016	3.74648e-06	5.23832e-09	3.68164e-12	1.48728e-15	3.78496e-19	6.48255e-23	7.86706e-27	7.18714e-31	1.41571e-34	
BGA89	0	0	0	0	0	0	0	0	0	0	0	0	0	0	0	0	0	1	0	0	0	0	0	0	0	0	0	0	0	
N13	8.35159e-96	4.67979e-71	5.45986e-64	1.10922e-57	6.72598e-52	1.4752e-46	1.27605e-41	4.62978e-37	8.5424e-33	2.8757e-28	1.56876e-23	4.55106e-19	6.6611e-15	4.57947e-11	1.31959e-07	0.000131966	0.0324225	0.891402	0.0752846	0.000757185	2.14649e-06	2.50342e-09	1.48234e-12	5.08854e-16	1.10869e-19	1.63755e-23	1.90569e-27	3.38432e-31	2.78753e-33	
BGAA2	0	0	0	0	0	0	0	0	0	0	0	0	0	0	0	0	0	1	0	0	0	0	0	0	0	0	0	0	0	
BGA584	0	0	0	0	0	0	0	0	0	0	0	0	0	0	0	0	0	1	0	0	0	0	0	0	0	0	0	0	0	
N14	1.96833e-87	2.2565e-63	5.83458e-57	2.73196e-51	3.99641e-46	2.26469e-41	5.81367e-37	8.63102e-33	1.16365e-28	2.1696e-24	3.24026e-20	2.6269e-16	1.10657e-12	2.26914e-09	2.04374e-06	0.000683381	0.0627156	0.81437	0.119419	0.00278891	2.08879e-05	6.94143e-08	1.23256e-10	1.31799e-13	9.22159e-17	4.48599e-20	1.58987e-23	4.28369e-27	1.38235e-30	
BGA304	0	0	0	0	0	0	0	0	0	0	0	0	0	0	0	0	0	1	0	0	0	0	0	0	0	0	0	0	0	
BGAB1	0	0	0	0	0	0	0	0	0	0	0	0	0	0	0	0	0	1	0	0	0	0	0	0	0	0	0	0	0	
PGA445	0	0	0	0	0	0	0	0	0	0	0	0	0	0	0	0	0	1	0	0	0	0	0	0	0	0	0	0	0	
N15	9.50837e-86	4.26167e-60	3.38157e-52	4.26481e-45	1.46043e-38	1.61731e-32	5.92321e-27	5.564e-22	2.65746e-19	2.07897e-15	1.89955e-11	3.54349e-08	1.67683e-05	0.0022449	0.0797943	0.551066	0.354327	0.0125367	1.47482e-05	4.36212e-09	5.26556e-13	3.25789e-17	1.17522e-21	2.67881e-26	4.0707e-31	4.29559e-36	4.2576e-41	2.61939e-45	2.27513e-45	
N16	4.19323e-67	9.90192e-43	5.33733e-36	4.60903e-30	1.07137e-24	7.88397e-20	1.89871e-15	1.42943e-11	2.99215e-08	1.43759e-05	0.00129196	0.0263775	0.163371	0.366979	0.322714	0.108007	0.0111002	0.0001449	3.68249e-07	4.08031e-10	2.51084e-13	9.7037e-17	2.54253e-20	4.76438e-24	6.81645e-28	1.66065e-31	1.16802e-33	5.13297e-35	4.64068e-35	
Rhaspe	0	0	0	0	0	0	0	0	0	1	0	0	0	0	0	0	0	0	0	0	0	0	0	0	0	0	0	0	0	
N17	1.54818e-54	3.67368e-33	2.51773e-29	1.21922e-25	4.27449e-21	6.15959e-17	3.25398e-13	6.24223e-10	4.05155e-07	7.79583e-05	0.0038015	0.0505145	0.225057	0.383079	0.26213	0.0694289	0.00583183	7.89559e-05	3.27126e-07	6.70068e-10	8.23868e-13	6.74899e-16	3.9297e-19	1.7153e-22	7.30432e-26	3.15463e-28	1.72872e-30	3.34291e-32	6.34519e-33	
Rhamar	0	0	0	0	0	0	0	0	0	1	0	0	0	0	0	0	0	0	0	0	0	0	0	0	0	0	0	0	0	
Rhatem	0	0	0	0	0	0	0	0	0	0	1	0	0	0	0	0	0	0	0	0	0	0	0	0	0	0	0	0	0	
N18	4.69949e-92	1.95874e-67	4.22057e-61	7.82812e-54	8.42807e-47	2.82776e-40	3.23903e-34	4.70345e-29	2.74903e-25	6.07955e-20	5.22839e-15	1.17729e-10	5.48046e-07	0.000432449	0.047053	0.532371	0.40558	0.0145355	2.77086e-05	9.45507e-09	1.01596e-12	4.61877e-17	1.05171e-21	1.70686e-26	5.45053e-31	6.31086e-34	2.01796e-37	1.07701e-37	1.14331e-38	
N19	2.00378e-88	5.29513e-63	2.65607e-55	2.262e-48	5.65174e-42	5.0213e-36	1.67878e-30	1.90547e-25	2.12996e-21	1.16912e-18	2.99221e-14	2.78023e-10	6.3456e-07	0.000294548	0.0270121	0.388784	0.525804	0.0574662	0.000637381	1.55266e-06	1.30612e-09	4.91932e-13	9.77019e-17	1.14315e-20	8.52739e-25	4.33208e-29	1.72063e-33	3.40586e-37	5.90141e-40	
N20	2.40983e-77	6.07113e-53	3.64713e-46	4.2263e-40	1.63836e-34	2.61031e-29	1.87587e-24	6.29778e-20	9.81221e-16	6.76233e-12	1.84551e-08	1.55159e-05	0.00160761	0.036694	0.246918	0.485724	0.216584	0.0123191	0.000137616	5.63177e-07	1.1137e-09	1.24651e-12	8.74817e-16	4.13595e-19	1.38894e-22	3.46545e-26	7.4916e-30	3.49982e-33	6.28646e-35	
FGA379	0	0	0	0	0	0	0	0	0	0	0	0	0	0	0	0	1	0	0	0	0	0	0	0	0	0	0	0	0	
N21	1.66423e-71	3.16184e-47	1.43839e-40	1.24365e-34	3.50852e-29	3.91592e-24	1.86976e-19	3.88376e-15	3.38799e-11	1.13723e-07	0.000122534	0.0283723	0.278902	0.455493	0.20522	0.0304553	0.00142028	1.49321e-05	4.86778e-08	7.25573e-11	6.01928e-14	3.12323e-17	1.09511e-20	2.74185e-24	5.10808e-28	7.31303e-32	8.30799e-36	8.38115e-40	8.1643e-43	
N22	1.08111e-76	9.2068e-52	1.57861e-44	4.68475e-38	4.30751e-32	1.50869e-26	2.58035e-21	2.38812e-16	8.66374e-12	1.10103e-07	0.000377803	0.154821	0.565524	0.263544	0.0155217	0.000210466	7.75524e-07	8.17453e-10	3.4302e-13	7.10619e-17	8.27724e-21	5.8862e-25	3.91732e-29	1.14761e-29	6.84384e-31	3.03535e-33	1.28082e-35	7.2817e-37	1.89342e-37	
N23	3.74314e-74	1.19262e-50	3.28453e-45	7.04632e-40	2.07406e-33	1.88584e-27	5.24774e-22	1.52489e-16	1.42644e-11	3.69413e-07	0.00173077	0.395064	0.542315	0.0601449	0.000743474	1.75337e-06	9.98936e-10	1.64999e-13	1.0786e-17	3.33212e-22	6.40479e-27	2.34097e-30	3.69096e-33	5.47212e-36	1.19721e-38	1.09086e-39	1.46356e-41	1.72129e-41	2.34375e-42	
F3016	0	0	0	0	0	0	0	0	0	0	1	0	0	0	0	0	0	0	0	0	0	0	0	0	0	0	0	0	0	
N24	4.59799e-74	9.20876e-51	3.7974e-45	6.7806e-40	2.00042e-33	2.33518e-27	6.26088e-22	1.96129e-16	1.92229e-11	5.0229e-07	0.00225231	0.487166	0.486004	0.024468	0.000109825	8.46302e-08	1.72781e-11	1.33417e-15	4.97717e-20	1.03287e-24	1.28806e-29	1.07986e-34	5.51619e-39	1.02614e-40	6.00072e-41	1.83992e-40	6.62715e-43	9.87609e-43	2.33649e-44	
N25	5.40281e-77	1.3067e-54	3.45007e-47	3.15183e-40	8.3801e-34	8.46922e-28	3.87823e-22	9.13983e-17	7.69845e-12	1.97713e-07	0.0010933	0.545545	0.44224	0.011099	2.23868e-05	9.63101e-09	1.49189e-12	1.09088e-16	4.40894e-21	1.0888e-25	2.02314e-30	8.82562e-35	2.32469e-38	1.97382e-40	1.07068e-44	1.00186e-46	2.02066e-51	6.26365e-54	2.64898e-58	
N26	1.90893e-88	7.04202e-62	3.70102e-53	2.75003e-45	5.15405e-38	2.3431e-31	4.40961e-25	8.8354e-19	5.55092e-13	9.01205e-08	0.00221624	0.823996	0.173324	0.000462801	7.73124e-08	2.97712e-12	4.26453e-17	2.82988e-22	9.78221e-28	1.89431e-33	3.97084e-39	5.88817e-43	2.02025e-45	2.16455e-46	5.60609e-49	8.60411e-50	5.07145e-53	2.04575e-54	1.84075e-57	
N27	3.25892e-76	1.05262e-52	6.87289e-47	8.46526e-42	1.19117e-35	4.59634e-29	5.67085e-23	4.71909e-17	1.15162e-11	6.95749e-07	0.00612793	0.832774	0.160668	0.000428879	9.17492e-08	5.32175e-12	1.27735e-16	1.51186e-21	1.09233e-26	1.2917e-30	8.37722e-35	4.83984e-38	1.03418e-41	4.37295e-41	7.86889e-43	1.69107e-42	1.5056e-45	1.56771e-46	2.04526e-49	
F1476	0	0	0	0	0	0	0	0	0	0	1	0	0	0	0	0	0	0	0	0	0	0	0	0	0	0	0	0	0	
N28	9.15369e-82	4.0059e-58	7.27883e-50	2.24606e-42	2.10357e-35	6.98264e-29	1.0795e-22	6.39464e-17	1.31668e-11	7.82195e-07	0.00838332	0.823318	0.167151	0.00114674	5.15428e-07	6.21788e-11	3.06053e-15	7.58939e-20	1.14296e-24	1.09434e-28	8.13783e-33	5.20548e-35	9.49899e-38	2.01315e-35	8.72976e-38	3.84638e-38	5.79453e-41	2.55295e-42	4.80421e-45	
Furcep	0	0	0	0	0	0	0	0	0	0	0	0	0	1	0	0	0	0	0	0	0	0	0	0	0	0	0	0	0	
N29	8.89539e-74	2.10346e-52	3.59105e-45	4.62307e-38	1.67999e-31	2.10236e-25	9.77638e-20	1.67897e-14	9.8535e-10	1.63236e-05	0.0478457	0.852375	0.0993863	0.000376587	1.89383e-07	3.26624e-11	2.66711e-15	1.21916e-19	3.45849e-24	8.44954e-29	9.95267e-33	2.82499e-36	2.14074e-39	6.48745e-41	3.66832e-45	5.50664e-47	1.10209e-51	2.25067e-54	6.42432e-59	
Furpol	0	0	0	0	0	0	0	0	0	0	0	1	0	0	0	0	0	0	0	0	0	0	0	0	0	0	0	0	0	
N30	4.92341e-73	6.41625e-48	1.68821e-40	7.78008e-34	1.06905e-27	5.23743e-22	9.7001e-17	6.58937e-12	1.47178e-07	0.000841129	0.655199	0.337198	0.00675288	9.65575e-06	4.12192e-09	7.77152e-13	7.88986e-17	4.86469e-21	1.97432e-25	5.61011e-30	1.21149e-34	6.9219e-39	2.53996e-42	1.19198e-44	8.26609e-49	1.39356e-51	4.34156e-56	9.78048e-60	3.03239e-64	
N31	2.51462e-73	4.15225e-48	1.34667e-40	7.52735e-34	1.23405e-27	7.08466e-22	1.5003e-16	1.12885e-11	2.65663e-07	0.00146288	0.898816	0.0993144	0.000406391	2.69873e-07	6.26775e-11	6.94504e-15	4.34858e-19	1.71035e-23	4.54055e-28	8.78904e-33	1.84587e-37	3.08346e-40	3.37943e-44	1.07317e-46	3.66472e-51	2.27591e-54	5.09175e-59	7.84903e-63	1.76305e-67	
F2241	0	0	0	0	0	0	0	0	0	0	1	0	0	0	0	0	0	0	0	0	0	0	0	0	0	0	0	0	0	
Furang	0	0	0	0	0	0	0	0	0	0	1	0	0	0	0	0	0	0	0	0	0	0	0	0	0	0	0	0	0	
FGA490	0	0	0	0	0	0	0	0	0	0	1	0	0	0	0	0	0	0	0	0	0	0	0	0	0	0	0	0	0	
N32	8.25747e-82	4.76228e-56	5.20091e-48	9.90797e-41	5.85186e-34	1.31515e-27	1.26667e-21	5.11195e-16	6.84941e-11	2.42923e-06	0.0133623	0.934875	0.0517111	4.91731e-05	9.43256e-09	6.49007e-13	2.11164e-17	3.81414e-22	4.24283e-27	3.29925e-32	2.73808e-37	2.69835e-41	4.49943e-45	1.17245e-47	2.29137e-52	2.34553e-55	1.68822e-60	1.36037e-64	9.42068e-70	
N33	1.51227e-78	4.9496e-53	2.8351e-45	2.46959e-38	5.51947e-32	3.68915e-26	6.0835e-21	1.69512e-15	1.55351e-10	3.78965e-06	0.0147442	0.946812	0.0383932	4.69e-05	1.14648e-08	1.01866e-12	4.34847e-17	1.03858e-21	1.53259e-26	2.54134e-31	1.08585e-35	3.91841e-38	4.01701e-42	1.70076e-43	1.23672e-43	3.0246e-44	5.22016e-47	1.20374e-48	2.35764e-51	
N34	8.97644e-86	1.12451e-59	2.42166e-51	7.9315e-44	7.05653e-37	1.98512e-30	1.3432e-24	1.53501e-18	5.93199e-13	6.46535e-08	0.00128605	0.947735	0.0508508	0.000127736	2.19619e-08	1.05463e-12	2.10992e-17	2.14598e-22	1.26111e-27	1.71462e-32	1.06623e-36	4.09011e-39	7.46285e-44	4.91859e-43	2.77195e-44	9.8749e-46	5.5512e-49	4.80293e-51	2.89286e-54	
N35	8.65407e-80	4.39397e-57	4.44234e-49	7.83737e-42	4.29605e-35	9.082e-29	7.90428e-23	2.81995e-17	3.5907e-12	1.40402e-07	0.00120642	0.966888	0.0318595	4.59523e-05	1.23032e-08	1.16735e-12	5.25086e-17	1.31061e-21	2.01799e-26	4.86208e-31	3.92776e-35	6.95457e-38	2.0923e-41	3.17018e-43	5.45344e-48	1.71817e-50	1.69316e-55	6.94595e-59	7.82773e-64	
N36	4.02212e-79	6.00657e-54	2.07338e-46	1.48193e-39	3.71128e-33	3.7773e-27	1.61277e-21	2.82531e-16	1.84746e-11	3.88775e-07	0.00191972	0.984611	0.0134528	1.62043e-05	5.36335e-09	7.42994e-13	5.35712e-17	2.29344e-21	6.36364e-26	1.27343e-30	2.60984e-35	2.9936e-38	1.31882e-41	7.01567e-44	2.32184e-48	1.58742e-51	3.40723e-56	5.34898e-60	1.11039e-64	
FGA456	0	0	0	0	0	0	0	0	0	0	0	1	0	0	0	0	0	0	0	0	0	0	0	0	0	0	0	0	0	
FGA516	0	0	0	0	0	0	0	0	0	0	0	1	0	0	0	0	0	0	0	0	0	0	0	0	0	0	0	0	0	
F12278	0	0	0	0	0	0	0	0	0	0	0	1	0	0	0	0	0	0	0	0	0	0	0	0	0	0	0	0	0	
N37	5.32293e-78	5.07521e-53	1.00897e-45	3.6535e-39	4.26563e-33	2.12343e-27	5.41477e-22	7.45739e-17	4.8004e-12	1.1013e-07	0.000707577	0.698048	0.286288	0.0149411	1.57423e-05	5.06526e-09	7.42466e-13	6.00649e-17	3.00942e-21	1.11501e-25	6.97324e-30	5.09227e-32	3.67047e-35	2.73225e-37	1.4553e-41	5.10825e-45	1.53427e-49	2.90593e-53	8.21543e-58	
Furant	0	0	0	0	0	0	0	0	0	0	0	1	0	0	0	0	0	0	0	0	0	0	0	0	0	0	0	0	0	
FGA331	0	0	0	0	0	0	0	0	0	0	0	0	0	1	0	0	0	0	0	0	0	0	0	0	0	0	0	0	0	
FGA465	0	0	0	0	0	0	0	0	0	0	1	0	0	0	0	0	0	0	0	0	0	0	0	0	0	0	0	0	0	
N38	5.26882e-75	8.67956e-50	2.95362e-42	1.81149e-35	3.40097e-29	2.3125e-23	6.10468e-18	5.96083e-13	1.9169e-08	0.000158608	0.183843	0.806522	0.00946591	1.04762e-05	3.43136e-09	4.91071e-13	3.75728e-17	1.73848e-21	5.28388e-26	1.13456e-30	1.99054e-35	5.314e-39	2.07187e-42	7.43002e-45	3.01486e-49	2.03285e-52	4.87659e-57	5.9311e-61	1.25193e-65	
FGA99	0	0	0	0	0	0	0	0	0	0	1	0	0	0	0	0	0	0	0	0	0	0	0	0	0	0	0	0	0	
N39	1.35085e-74	2.04733e-49	6.46985e-42	3.68395e-35	6.38495e-29	4.00133e-23	9.53706e-18	8.41117e-13	2.4572e-08	0.000186503	0.203107	0.791666	0.0050355	4.76875e-06	1.47416e-09	2.07735e-13	1.60302e-17	7.60312e-22	2.40125e-26	7.28659e-31	1.06744e-34	1.3905e-36	1.71693e-40	1.36887e-42	4.74265e-47	3.87502e-50	9.17582e-55	2.3142e-58	5.6984e-63	
FGA15	0	0	0	0	0	0	0	0	0	0	1	0	0	0	0	0	0	0	0	0	0	0	0	0	0	0	0	0	0	
FGA581	0	0	0	0	0	0	0	0	0	0	0	1	0	0	0	0	0	0	0	0	0	0	0	0	0	0	0	0	0	
FGA104	0	0	0	0	0	0	0	0	0	0	0	0	1	0	0	0	0	0	0	0	0	0	0	0	0	0	0	0	0	
FGA489	0	0	0	0	0	0	0	0	0	0	1	0	0	0	0	0	0	0	0	0	0	0	0	0	0	0	0	0	0	
FGA174	0	0	0	0	0	0	0	0	0	0	0	0	0	1	0	0	0	0	0	0	0	0	0	0	0	0	0	0	0	
FurbGB	0	0	0	0	0	0	0	0	0	0	0	1	0	0	0	0	0	0	0	0	0	0	0	0	0	0	0	0	0	
N40	3.01986e-83	1.97543e-60	1.89152e-55	3.81544e-51	4.36983e-45	2.64798e-39	6.21792e-34	5.12522e-29	1.02824e-24	3.99825e-20	1.06584e-15	1.17194e-11	4.521e-08	4.67411e-05	0.00948424	0.26055	0.606859	0.120402	0.00264527	1.33617e-05	2.3639e-08	1.87464e-11	7.81091e-15	2.39122e-18	1.00498e-21	6.56156e-24	9.71351e-27	6.55939e-28	1.36611e-29	
N41	6.62714e-86	1.07894e-61	4.29989e-55	3.57312e-49	1.18897e-43	2.15377e-38	2.40418e-33	1.63374e-28	6.4015e-24	1.35429e-19	1.44484e-15	7.32956e-12	1.62063e-08	1.35387e-05	0.00334104	0.152809	0.621327	0.21283	0.0095667	0.00011221	5.03581e-07	1.08421e-09	1.29582e-12	9.51289e-16	4.63433e-19	1.79189e-22	1.315e-25	1.21374e-27	6.434e-29	
N42	1.32515e-86	4.28901e-62	3.18959e-55	4.56822e-49	2.27832e-43	4.95513e-38	4.90232e-33	1.77379e-28	2.8939e-26	7.47061e-22	1.75161e-17	1.99348e-13	1.01751e-09	2.04429e-06	0.00128364	0.156201	0.691109	0.148107	0.00327931	1.81104e-05	3.80191e-08	3.8392e-11	2.16049e-14	7.48238e-18	1.71148e-21	2.72431e-25	3.14173e-29	2.72971e-33	2.85546e-37	
CGA312	0	0	0	0	0	0	0	0	0	0	0	0	0	0	0	0	0	1	0	0	0	0	0	0	0	0	0	0	0	
N43	8.45956e-101	7.0648e-75	1.05871e-66	2.52578e-59	1.6488e-52	3.55803e-46	2.6632e-40	3.82602e-35	1.51658e-32	7.3924e-27	2.34177e-21	3.23614e-16	1.75732e-11	3.11804e-07	0.00122702	0.210778	0.708668	0.0789117	0.000413996	3.51465e-07	8.80335e-11	8.86994e-15	4.31109e-19	1.13217e-23	1.72726e-28	1.6025e-33	1.99761e-37	7.08841e-38	6.445e-38	
N44	9.32465e-97	8.04349e-72	3.50743e-64	1.31928e-57	7.96166e-52	2.98048e-47	3.06348e-43	1.43637e-38	1.274e-34	4.0808e-30	1.73027e-23	2.76222e-17	1.33669e-11	1.37545e-06	0.00634516	0.392045	0.596119	0.00548796	1.31681e-06	4.60027e-11	4.78632e-16	2.02733e-21	4.0736e-27	4.2109e-33	2.45409e-39	1.02379e-43	3.67063e-42	2.46006e-42	2.80629e-41	
N45	3.92106e-93	3.0174e-68	9.21391e-62	3.24396e-56	3.03187e-51	1.02263e-46	1.51931e-42	4.59168e-38	1.85503e-34	2.60709e-28	3.08902e-22	1.2965e-16	1.84986e-11	7.26521e-07	0.00436747	0.379403	0.610783	0.00544319	2.61435e-06	2.66573e-10	9.53132e-15	1.46123e-19	1.06846e-24	9.52475e-29	1.57447e-32	9.02606e-36	3.16267e-38	1.3617e-39	3.16197e-39	
N46	3.98582e-95	1.30157e-69	7.92483e-62	7.90751e-55	2.20754e-48	2.0916e-42	6.95263e-37	6.79248e-32	3.47532e-29	1.06586e-26	1.56166e-21	1.17037e-16	3.80177e-12	4.61676e-08	0.000161957	0.0935333	0.847618	0.0585642	0.00012256	6.36451e-08	1.31425e-11	1.35908e-15	8.06099e-20	2.99373e-24	7.3956e-29	1.27481e-33	1.66826e-38	2.12414e-42	1.4236e-41	
CGA642	0	0	0	0	0	0	0	0	0	0	0	0	0	0	0	0	1	0	0	0	0	0	0	0	0	0	0	0	0	
N47	7.29457e-87	1.1683e-63	3.95376e-58	1.95961e-53	3.40653e-50	1.17126e-47	2.28375e-42	3.85633e-37	2.10997e-32	2.31031e-28	6.30187e-23	9.02574e-18	5.60442e-13	1.30822e-08	8.84739e-05	0.098081	0.827561	0.0741589	0.000110159	3.83641e-08	5.14753e-12	3.38817e-16	1.26234e-20	3.01125e-25	2.37362e-29	2.22319e-32	4.75506e-36	1.24802e-39	3.18963e-41	
CGA763	0	0	0	0	0	0	0	0	0	0	0	0	0	0	0	1	0	0	0	0	0	0	0	0	0	0	0	0	0	
C601	0	0	0	0	0	0	0	0	0	0	0	0	0	0	0	0	0	1	0	0	0	0	0	0	0	0	0	0	0	
N48	8.90627e-87	2.15906e-63	1.14325e-57	1.20067e-52	4.47216e-48	7.23e-44	4.95004e-40	1.04656e-36	5.12538e-31	4.00547e-25	1.15434e-19	1.21745e-14	4.29189e-10	4.18759e-06	0.00654895	0.393462	0.594036	0.00594237	6.14933e-06	1.67586e-09	1.79145e-13	8.9297e-18	2.27484e-22	8.58002e-27	7.55638e-30	9.41106e-33	1.56269e-36	1.80518e-38	1.19763e-37	
CGA236	0	0	0	0	0	0	0	0	0	0	0	0	0	0	0	0	1	0	0	0	0	0	0	0	0	0	0	0	0	
N49	3.89128e-81	3.32635e-58	6.83621e-53	2.34748e-48	2.11208e-45	3.90215e-42	2.55599e-36	9.4832e-31	1.9491e-25	1.86531e-20	7.82343e-16	1.32969e-11	7.92956e-08	0.000127019	0.0320913	0.473554	0.487546	0.00666798	1.4077e-05	9.44381e-09	2.81172e-12	4.45644e-16	4.199e-20	2.59739e-24	4.59432e-28	9.27637e-31	4.1626e-34	4.613e-37	1.66794e-38	
N50	6.40851e-85	2.30627e-60	1.89228e-53	3.10451e-47	1.80497e-41	4.48768e-36	4.96512e-31	2.37143e-26	4.13725e-22	4.05166e-18	7.91499e-14	6.83597e-10	2.201e-06	0.0018763	0.0683269	0.467547	0.429808	0.03231	0.000128812	1.60698e-07	9.2461e-11	2.96533e-14	5.94303e-18	8.04234e-22	7.82143e-26	6.72944e-30	1.06587e-33	1.9757e-36	1.70422e-38	
Calboe	0	0	0	0	0	0	0	0	0	0	0	0	0	1	0	0	0	0	0	0	0	0	0	0	0	0	0	0	0	
C3125	0	0	0	0	0	0	0	0	0	0	0	0	0	0	0	0	0	1	0	0	0	0	0	0	0	0	0	0	0	
CGA429	0	0	0	0	0	0	0	0	0	0	0	0	0	0	1	0	0	0	0	0	0	0	0	0	0	0	0	0	0	
N51	2.87831e-82	1.37439e-58	1.37496e-52	2.45752e-47	2.74768e-43	5.34617e-41	6.57191e-37	1.71333e-32	1.24712e-26	5.24135e-21	8.67344e-16	5.05193e-11	8.28156e-07	0.00235238	0.240393	0.598246	0.15852	0.000487592	1.39881e-07	1.35011e-11	6.11084e-16	1.5241e-20	2.2975e-25	2.24222e-30	1.19523e-34	7.57787e-38	1.27557e-38	7.82725e-40	1.41822e-39	
C985	0	0	0	0	0	0	0	0	0	0	0	0	0	1	0	0	0	0	0	0	0	0	0	0	0	0	0	0	0	
N52	5.00829e-79	3.79953e-56	6.99548e-51	2.14546e-46	1.87625e-43	3.87348e-40	3.26324e-34	1.37962e-28	2.77495e-23	2.486e-18	9.38889e-14	1.34252e-09	5.94543e-06	0.00543487	0.346337	0.557963	0.0900054	0.000254196	1.5885e-07	3.95492e-11	5.03386e-15	3.75086e-19	1.77916e-23	8.20613e-28	9.26322e-31	2.19419e-33	7.35781e-37	6.87027e-40	3.89225e-41	
CGA310	0	0	0	0	0	0	0	0	0	0	0	0	0	0	1	0	0	0	0	0	0	0	0	0	0	0	0	0	0	
N53	4.48169e-83	1.33123e-58	9.69071e-52	1.56274e-45	1.02976e-39	3.44521e-34	6.1386e-29	5.76782e-24	2.78719e-19	6.35246e-15	6.42508e-11	2.58372e-07	0.000337743	0.0934497	0.74515	0.156957	0.00409103	1.40367e-05	1.69509e-08	9.91637e-12	3.32271e-15	7.07965e-19	1.0305e-22	1.08002e-26	8.51608e-31	5.73855e-35	5.92394e-39	8.4099e-42	5.29161e-44	
CGA382	0	0	0	0	0	0	0	0	0	0	0	0	0	0	1	0	0	0	0	0	0	0	0	0	0	0	0	0	0	
CGA494	0	0	0	0	0	0	0	0	0	0	0	0	0	1	0	0	0	0	0	0	0	0	0	0	0	0	0	0	0	
N54	2.36748e-94	4.91583e-69	1.93052e-61	1.2577e-54	2.34372e-48	1.51348e-42	3.56537e-37	2.64237e-32	7.49603e-30	3.13023e-26	3.25346e-21	1.72902e-16	4.09834e-12	3.8058e-08	0.0001089	0.0568424	0.579829	0.349696	0.013486	3.69615e-05	2.85237e-08	9.26531e-12	1.55233e-15	1.51587e-19	9.35778e-24	3.92341e-28	1.35749e-32	4.70097e-36	2.45163e-35	
N55	1.87401e-85	2.20218e-62	5.62063e-57	2.57686e-52	2.65213e-48	4.82903e-45	9.61697e-42	9.92637e-37	7.40742e-32	1.14872e-26	1.81655e-21	1.34612e-16	4.27306e-12	5.00722e-08	0.000163442	0.0774007	0.600839	0.316246	0.00534277	7.97776e-06	3.44983e-09	6.37952e-13	6.17481e-17	3.53804e-21	1.30282e-25	3.40902e-30	5.43856e-34	1.69984e-37	1.30466e-39	
C12265	0	0	0	0	0	0	0	0	0	0	0	0	0	0	0	0	0	1	0	0	0	0	0	0	0	0	0	0	0	
N56	4.51933e-101	4.66124e-75	3.54604e-66	1.96953e-58	2.44933e-51	9.20085e-45	1.14692e-38	4.81033e-33	2.87131e-31	1.30174e-26	6.48071e-21	1.40856e-15	1.15846e-10	3.03966e-06	0.016403	0.931377	0.0518676	0.000349148	1.64538e-07	1.89889e-11	8.59161e-16	1.86734e-20	2.1708e-25	1.57112e-30	1.80441e-34	1.58462e-37	1.29646e-40	1.753e-43	8.04431e-45	
C404	0	0	0	0	0	0	0	0	0	0	0	0	0	0	1	0	0	0	0	0	0	0	0	0	0	0	0	0	0	
N57	6.8756e-88	1.77024e-64	9.45539e-59	9.27498e-54	2.81741e-49	3.11071e-45	1.32756e-41	3.1818e-37	2.06776e-33	2.94717e-27	1.85883e-21	4.79139e-16	4.6469e-11	1.41078e-06	0.0082404	0.959664	0.0320089	8.53375e-05	2.10917e-08	1.53655e-12	4.85414e-17	8.03134e-22	7.66307e-27	6.59861e-32	5.03522e-36	2.43082e-39	4.26747e-43	6.28193e-47	7.83828e-49	
Cl11778	0	0	0	0	0	0	0	0	0	0	0	0	0	0	0	1	0	0	0	0	0	0	0	0	0	0	0	0	0	
CGA594	0	0	0	0	0	0	0	0	0	0	0	0	0	0	0	1	0	0	0	0	0	0	0	0	0	0	0	0	0	
C3134	0	0	0	0	0	0	0	0	0	0	0	0	0	0	0	0	0	0	1	0	0	0	0	0	0	0	0	0	0	
N58	1.7937e-90	1.45171e-65	2.40154e-58	6.71652e-52	5.53793e-46	1.75455e-40	2.49856e-35	1.83381e-30	5.56415e-26	9.21819e-25	5.19834e-22	1.02329e-17	1.17286e-13	5.93753e-10	1.12702e-06	0.000634787	0.0710134	0.830693	0.0967368	0.000918605	2.34869e-06	2.43764e-09	1.27479e-12	3.83593e-16	7.25482e-20	9.17465e-24	8.11654e-28	5.21588e-32	3.38616e-36	
CGA311	0	0	0	0	0	0	0	0	0	0	0	0	0	0	0	0	0	1	0	0	0	0	0	0	0	0	0	0	0	
N59	2.90193e-89	3.9548e-66	1.20112e-60	6.51424e-56	7.76706e-52	1.56285e-48	1.51878e-43	2.72496e-38	1.38421e-33	3.20577e-30	5.0485e-25	4.30495e-20	1.67035e-15	2.65378e-11	1.46429e-07	0.000213971	0.0513768	0.84466	0.102997	0.000751475	1.21785e-06	7.03495e-10	1.86177e-13	2.63798e-17	2.22486e-21	1.2185e-25	1.09208e-29	2.26268e-33	4.06377e-35	
N60	6.44464e-103	3.42347e-77	3.34632e-69	5.41781e-62	2.5553e-55	4.4856e-49	3.38587e-43	1.21995e-37	1.93567e-32	1.42626e-30	1.332e-26	1.66113e-21	1.09994e-16	3.20266e-12	3.4987e-08	0.000111633	0.0618712	0.913997	0.0239689	5.07378e-05	2.75186e-08	5.87836e-12	6.1917e-16	3.68205e-20	1.35081e-24	3.25106e-29	5.63204e-34	1.29184e-38	1.12469e-41	
CGA45	0	0	0	0	0	0	0	0	0	0	0	0	0	0	0	0	1	0	0	0	0	0	0	0	0	0	0	0	0	
N61	6.50771e-90	1.17649e-66	4.62811e-61	3.4247e-56	5.15242e-52	6.79777e-49	7.16815e-46	1.44731e-40	7.61758e-36	4.33392e-33	1.03937e-27	1.80924e-22	1.52524e-17	5.75316e-13	8.50763e-09	3.89434e-05	0.0338411	0.946726	0.0193584	3.58802e-05	1.73533e-08	3.33438e-12	3.18068e-16	1.72365e-20	5.83381e-25	1.97757e-29	2.20252e-32	4.50245e-36	4.71036e-38	
N62	3.95882e-101	9.16096e-76	4.24092e-68	3.46564e-61	8.51427e-55	7.51441e-49	2.49507e-43	2.94037e-38	7.86909e-34	4.75655e-33	5.4929e-28	7.29201e-23	4.93428e-18	1.57419e-13	2.1011e-09	9.5987e-06	0.0102269	0.977985	0.01176	1.82607e-05	8.56791e-09	1.73824e-12	1.85694e-16	1.18225e-20	4.88118e-25	1.3967e-29	5.13553e-34	4.96158e-38	1.15416e-40	
C3043	0	0	0	0	0	0	0	0	0	0	0	0	0	0	0	0	0	1	0	0	0	0	0	0	0	0	0	0	0	
CGA368	0	0	0	0	0	0	0	0	0	0	0	0	0	0	0	0	0	1	0	0	0	0	0	0	0	0	0	0	0	
CGA364	0	0	0	0	0	0	0	0	0	0	0	0	0	0	0	0	0	1	0	0	0	0	0	0	0	0	0	0	0	
C2208	0	0	0	0	0	0	0	0	0	0	0	0	0	0	0	0	0	0	1	0	0	0	0	0	0	0	0	0	0	
N63	1.14834e-82	1.24106e-58	3.03099e-52	1.31803e-46	1.74271e-41	8.45842e-37	1.63308e-32	1.29134e-28	3.43285e-25	2.66993e-22	2.83634e-18	1.60652e-14	4.4527e-11	5.55459e-08	2.74137e-05	0.00436978	0.162194	0.786974	0.045856	0.000576568	2.7339e-06	6.33438e-09	8.34635e-12	6.91097e-15	3.85938e-18	1.5319e-21	4.50033e-25	1.01252e-28	2.19266e-32	
N64	1.23165e-97	2.5204e-72	1.01515e-64	7.08097e-58	1.45787e-51	1.06057e-45	2.85207e-40	2.5926e-35	2.32947e-31	4.33311e-30	5.30262e-25	4.30914e-20	1.67839e-15	2.83803e-11	1.80019e-07	0.000333133	0.108527	0.878327	0.0127854	2.6903e-05	1.74407e-08	4.87398e-12	7.09336e-16	6.06249e-20	3.30385e-24	1.21833e-28	3.20258e-33	6.70583e-38	1.22907e-41	
CGA453	0	0	0	0	0	0	0	0	0	0	0	0	0	0	0	0	0	1	0	0	0	0	0	0	0	0	0	0	0	
N65	1.84658e-104	1.04263e-78	1.12929e-70	2.10159e-63	1.14719e-56	2.19984e-50	1.55063e-44	3.55048e-39	1.54242e-35	6.14876e-33	1.23616e-27	2.77604e-22	3.05621e-17	1.50435e-12	2.86774e-08	0.00016435	0.164388	0.832172	0.00327398	2.01586e-06	4.03161e-10	3.61278e-14	1.73842e-18	5.03935e-23	9.52448e-28	1.2692e-32	8.53506e-37	6.6228e-41	1.49425e-43	
CGA501	0	0	0	0	0	0	0	0	0	0	0	0	0	0	0	0	0	1	0	0	0	0	0	0	0	0	0	0	0	
C3121	0	0	0	0	0	0	0	0	0	0	0	0	0	0	0	0	1	0	0	0	0	0	0	0	0	0	0	0	0	
Calparcri	0	0	0	0	0	0	0	0	0	0	0	0	0	0	0	0	0	1	0	0	0	0	0	0	0	0	0	0	0	
N66	3.11209e-87	1.74449e-63	1.95106e-57	3.94494e-52	2.51829e-47	7.42495e-43	3.31576e-37	3.8031e-31	2.05515e-25	5.74336e-20	5.53817e-15	1.38888e-10	6.02271e-07	0.000437858	0.0461932	0.524927	0.411599	0.0167907	5.15223e-05	3.17085e-08	6.3326e-12	5.2816e-16	2.11725e-20	1.04877e-24	3.5452e-28	4.91607e-31	1.27466e-34	5.78578e-37	6.09448e-37	
N67	2.88508e-86	9.23337e-62	6.42015e-55	8.35718e-49	3.63587e-43	6.74623e-38	6.05841e-33	2.80501e-28	8.01193e-24	1.75542e-19	2.04029e-15	1.07804e-11	2.35786e-08	1.83981e-05	0.00398659	0.15026	0.572733	0.25824	0.0145675	0.000192571	8.91723e-07	1.85116e-09	2.0233e-12	1.30194e-15	5.35715e-19	1.55827e-22	5.05869e-26	3.22681e-28	4.14767e-30	
N68	3.71767e-84	8.26588e-60	4.28918e-53	4.40011e-47	1.59816e-41	2.65681e-36	2.36644e-31	1.22143e-26	3.5608e-22	5.39755e-18	3.77615e-14	1.09379e-10	1.16331e-07	4.15028e-05	0.00444961	0.118067	0.542824	0.316993	0.0174033	0.000220654	1.00768e-06	2.12995e-09	2.4402e-12	1.68703e-15	7.60275e-19	2.36652e-22	5.33111e-26	9.36871e-30	5.43972e-33	
N69	1.61878e-80	5.37248e-56	3.87733e-49	5.07943e-43	2.07253e-37	3.19145e-32	2.00065e-27	5.1279e-23	5.17762e-19	4.15572e-15	2.60791e-11	5.21459e-08	1.25688e-05	0.000939464	0.024975	0.223418	0.535743	0.20989	0.0049943	2.7591e-05	5.81203e-08	6.00378e-11	3.53532e-14	1.31097e-17	3.28501e-21	5.86239e-25	7.81082e-29	8.66662e-33	9.05321e-36	
N70	1.20901e-86	4.98907e-62	4.33874e-55	6.62717e-49	3.12534e-43	5.8495e-38	5.13377e-33	2.18324e-28	2.66772e-24	6.28784e-22	1.00594e-17	8.30329e-14	2.7543e-10	3.31457e-07	0.000127979	0.0132416	0.274293	0.675657	0.0363514	0.000327987	9.40417e-07	1.16948e-09	7.57718e-13	2.88474e-16	7.0231e-20	1.17296e-23	1.53438e-27	1.1491e-30	4.38161e-33	
Triowe	0	0	0	0	0	0	0	0	0	0	0	0	0	0	0	0	0	1	0	0	0	0	0	0	0	0	0	0	0	
N71	1.44479e-90	4.36133e-66	2.83931e-59	3.2453e-53	1.13706e-47	1.56207e-42	1.05585e-37	4.85997e-33	2.08632e-28	8.35275e-24	2.04448e-19	2.45816e-15	1.35322e-11	3.06561e-08	2.4248e-05	0.00518687	0.201259	0.744633	0.0483845	0.000510396	1.70018e-06	2.462e-09	1.86697e-12	8.36649e-16	2.41203e-19	4.90673e-23	1.75386e-26	2.14084e-29	9.5263e-31	
Trijoh	0	0	0	0	0	0	0	0	0	0	0	0	0	0	0	0	0	1	0	0	0	0	0	0	0	0	0	0	0	
Trimel	0	0	0	0	0	0	0	0	0	0	0	0	0	0	0	0	0	1	0	0	0	0	0	0	0	0	0	0	0	
N72	1.72909e-74	7.75898e-50	7.77844e-43	1.50925e-36	9.95196e-31	2.71986e-25	3.32863e-20	1.85209e-15	4.27604e-11	3.703e-07	0.000966451	0.440581	0.461116	0.0912476	0.00593347	0.000153598	1.64793e-06	6.69333e-09	7.93764e-12	4.20109e-15	1.22579e-18	2.22464e-22	2.71366e-26	2.34782e-30	1.49843e-34	7.26707e-39	2.74056e-43	8.19426e-48	2.29382e-52	
N73	7.11286e-76	6.93e-51	1.45569e-43	5.63508e-37	6.83682e-31	3.12296e-25	5.73947e-20	4.23943e-15	1.18257e-10	1.08411e-06	0.00245091	0.685054	0.295482	0.0167683	0.000243426	1.1838e-06	2.17672e-09	1.59477e-12	5.01288e-16	8.26815e-20	8.20847e-24	5.37199e-28	2.46911e-32	8.40262e-37	2.27863e-41	6.0951e-45	8.05288e-49	4.03387e-51	3.37992e-54	
Trihoe	0	0	0	0	0	0	0	0	0	0	0	1	0	0	0	0	0	0	0	0	0	0	0	0	0	0	0	0	0	
Tribit	0	0	0	0	0	0	0	0	0	0	0	1	0	0	0	0	0	0	0	0	0	0	0	0	0	0	0	0	0	
Trijac	0	0	0	0	0	0	0	0	0	0	0	1	0	0	0	0	0	0	0	0	0	0	0	0	0	0	0	0	0	
N74	2.80264e-85	4.71526e-61	1.7614e-54	1.18701e-48	2.52411e-43	2.15974e-38	8.83868e-34	1.87324e-29	1.42731e-25	1.16613e-22	1.52209e-18	1.05809e-14	3.51661e-11	5.10665e-08	2.81888e-05	0.00473924	0.16937	0.755225	0.0694586	0.00117213	6.6317e-06	1.68711e-08	2.29596e-11	1.87399e-14	9.94476e-18	3.64253e-21	9.64533e-25	1.93766e-28	5.13808e-32	
Tricri	0	0	0	0	0	0	0	0	0	0	0	0	0	0	0	0	0	1	0	0	0	0	0	0	0	0	0	0	0	
N75	9.05191e-91	2.49325e-66	1.4812e-59	1.55969e-53	4.98557e-48	5.89075e-43	2.86805e-38	6.59657e-34	1.0423e-29	2.80426e-25	7.83924e-21	1.13381e-16	7.99524e-13	2.52445e-09	3.12104e-06	0.00121244	0.100165	0.8291	0.0686419	0.000874114	3.4541e-06	5.88557e-09	5.22906e-12	2.73939e-15	9.21946e-19	2.12372e-22	3.59347e-26	5.76247e-30	2.58681e-32	
Triwie	0	0	0	0	0	0	0	0	0	0	0	0	0	0	0	0	0	1	0	0	0	0	0	0	0	0	0	0	0	
Triqua	0	0	0	0	0	0	0	0	0	0	0	0	0	0	0	0	0	1	0	0	0	0	0	0	0	0	0	0	0	
N76	3.78722e-81	2.91363e-57	6.37576e-51	3.06091e-45	5.66193e-40	4.96835e-35	2.25683e-30	5.49095e-26	7.23277e-22	5.12663e-18	1.9105e-14	3.60583e-11	3.2432e-08	1.26013e-05	0.00180017	0.071045	0.448098	0.414584	0.061857	0.00256134	4.15474e-05	3.26975e-07	1.43756e-09	3.89616e-12	6.99691e-15	8.85635e-18	9.107e-21	3.12402e-23	2.93641e-24	
N77	5.07693e-80	1.92386e-56	1.75466e-50	2.95493e-45	1.63719e-40	3.99422e-36	5.74254e-32	6.58085e-28	6.69209e-24	5.24918e-20	2.44052e-16	5.98544e-13	7.37913e-10	4.24665e-07	0.000101805	0.00851224	0.186836	0.677182	0.122299	0.00499302	7.58404e-05	5.52306e-07	2.24923e-09	5.67838e-12	9.5659e-15	1.1362e-17	9.9298e-21	6.61859e-24	4.42547e-27	
Kinboe	0	0	0	0	0	0	0	0	0	0	0	0	0	0	0	0	0	1	0	0	0	0	0	0	0	0	0	0	0	
Kinfis	0	0	0	0	0	0	0	0	0	0	0	0	0	0	0	0	0	1	0	0	0	0	0	0	0	0	0	0	0	
Kinxen	0	0	0	0	0	0	0	0	0	0	0	0	0	0	0	0	0	1	0	0	0	0	0	0	0	0	0	0	0	
N78	6.32559e-69	1.37364e-46	7.69353e-42	6.59969e-38	4.99836e-35	3.50083e-33	1.95585e-28	1.55351e-23	5.33074e-19	7.627e-15	4.15183e-11	7.12996e-08	2.67587e-05	0.00278242	0.0821282	0.536651	0.363496	0.0148336	8.22829e-05	1.54775e-07	1.36388e-10	6.67873e-14	2.0142e-17	4.13216e-21	2.6601e-24	2.61225e-26	1.23868e-28	2.74374e-31	7.88204e-32	
N79	1.80449e-63	5.97594e-40	5.10799e-34	8.21129e-29	4.28613e-24	8.86813e-20	7.90507e-16	3.10243e-12	5.22473e-09	3.493e-06	0.000792282	0.0443052	0.261523	0.411269	0.229422	0.048949	0.00366244	7.2545e-05	6.02979e-07	2.68088e-09	7.31543e-12	1.33764e-14	1.74217e-17	1.69053e-20	1.26515e-23	7.50584e-27	3.61512e-30	1.48472e-33	1.57012e-36	
N80	1.43518e-72	6.61179e-48	6.69465e-41	1.24347e-34	7.23982e-29	1.58857e-23	1.41409e-18	5.11127e-14	7.01394e-10	3.22009e-06	0.00381685	0.627212	0.342344	0.0260994	0.00052168	3.49939e-06	8.97361e-09	9.96017e-12	5.62299e-15	1.82868e-18	3.74756e-22	5.16769e-26	5.03706e-30	3.60471e-34	1.95138e-38	8.18492e-43	2.71491e-47	7.49213e-52	3.26787e-56	
N81	4.22149e-78	6.15911e-53	1.88959e-45	1.10289e-38	2.14725e-32	1.67784e-26	5.59259e-21	7.89832e-16	4.04417e-11	6.44185e-07	0.00233467	0.906156	0.0907655	0.000741453	1.25753e-06	7.0187e-10	1.69312e-13	2.10355e-17	1.51647e-21	6.90439e-26	2.1131e-30	4.55945e-35	7.25679e-40	1.79034e-44	7.73526e-49	4.90314e-52	1.74502e-56	4.75896e-60	2.3927e-64	
N82	2.05303e-75	2.01428e-50	4.21318e-43	1.60585e-36	1.90015e-30	8.3942e-25	1.47914e-19	1.03663e-14	2.70458e-10	2.26379e-06	0.00444885	0.935285	0.0599626	0.000300749	3.68966e-07	1.75567e-10	4.13042e-14	5.56922e-18	4.74832e-22	2.77048e-26	1.28611e-30	6.27998e-34	6.25664e-37	1.13784e-38	1.05372e-42	4.28473e-45	2.48473e-49	2.3817e-52	1.83965e-56	
Chaafr	0	0	0	0	0	0	0	0	0	0	0	1	0	0	0	0	0	0	0	0	0	0	0	0	0	0	0	0	0	
Chacha	0	0	0	0	0	0	0	0	0	0	0	1	0	0	0	0	0	0	0	0	0	0	0	0	0	0	0	0	0	
N83	3.87514e-75	3.19369e-50	5.85222e-43	2.02566e-36	2.23731e-30	9.40723e-25	1.59988e-19	1.09332e-14	2.7998e-10	2.31432e-06	0.00451981	0.948372	0.0469082	0.000197959	2.16596e-07	9.51209e-11	2.11215e-14	2.73189e-18	2.26339e-22	1.28961e-26	5.47637e-31	8.34829e-35	6.07966e-38	5.81343e-40	5.70263e-44	1.22989e-46	7.51624e-51	4.14331e-54	3.02774e-58	
Chacaly	0	0	0	0	0	0	0	0	0	0	0	1	0	0	0	0	0	0	0	0	0	0	0	0	0	0	0	0	0	
Chazey	0	0	0	0	0	0	0	0	0	0	0	1	0	0	0	0	0	0	0	0	0	0	0	0	0	0	0	0	0	
N84	8.59926e-70	2.47631e-45	1.56165e-38	1.76076e-32	6.0912e-27	7.82181e-22	3.99769e-17	8.13475e-13	6.19994e-09	1.53629e-05	0.0092611	0.684889	0.291107	0.0145523	0.000174413	7.08521e-07	1.22641e-09	1.07406e-12	5.40547e-16	1.71572e-19	3.68074e-23	5.65783e-27	7.68357e-31	5.12865e-33	2.12819e-36	4.8619e-38	1.13363e-41	1.07722e-43	6.8837e-47	
Chadil	0	0	0	0	0	0	0	0	0	0	0	1	0	0	0	0	0	0	0	0	0	0	0	0	0	0	0	0	0	
Chasen	0	0	0	0	0	0	0	0	0	0	0	1	0	0	0	0	0	0	0	0	0	0	0	0	0	0	0	0	0	
Chanam	0	0	0	0	0	0	0	0	0	0	0	1	0	0	0	0	0	0	0	0	0	0	0	0	0	0	0	0	0	
N85	2.67069e-86	1.13156e-61	1.04639e-54	1.67507e-48	7.89405e-43	1.30903e-37	7.94069e-33	1.47141e-28	6.17093e-27	2.9399e-24	9.43269e-20	1.57089e-15	1.24473e-11	4.18766e-08	5.13956e-05	0.0177	0.962432	0.0197384	7.81501e-05	1.10786e-07	7.40635e-11	2.73712e-14	6.2004e-18	9.25277e-22	9.58726e-26	7.17629e-30	4.00105e-34	1.70712e-38	6.75111e-43	
N86	3.99261e-108	8.00758e-82	7.28074e-73	8.6419e-65	2.39883e-57	2.09289e-50	5.64098e-44	4.36936e-38	3.20268e-35	5.28295e-33	2.36869e-27	4.75282e-22	1.24982e-16	1.18633e-11	3.41315e-07	0.00203191	0.993201	0.00476483	2.15441e-06	2.45027e-10	1.05645e-14	2.11936e-19	2.21644e-24	1.29712e-29	6.7433e-35	2.73315e-38	1.40395e-40	1.59855e-42	6.0075e-43	
N87	2.72633e-93	1.70851e-69	2.07918e-63	4.4996e-58	3.01433e-53	7.69281e-49	8.12879e-45	3.39188e-41	5.07103e-39	5.5552e-35	1.01531e-28	8.4369e-23	2.95454e-17	3.91118e-12	1.63679e-07	0.00145392	0.994612	0.00393242	1.32522e-06	1.10661e-10	3.52547e-15	5.32246e-20	4.27029e-25	2.48574e-30	1.99753e-33	8.68787e-37	4.50959e-41	2.61065e-45	1.14084e-43	
Braset	0	0	0	0	0	0	0	0	0	0	0	0	0	0	0	0	1	0	0	0	0	0	0	0	0	0	0	0	0	
N88	2.96185e-92	1.15958e-68	9.46784e-63	1.42686e-57	2.16042e-54	3.68882e-52	2.11111e-46	9.01687e-41	9.62001e-38	1.2178e-32	7.67328e-27	2.32339e-21	3.20404e-16	1.83125e-11	3.66663e-07	0.00183933	0.994146	0.00401229	1.99809e-06	2.96345e-10	1.87945e-14	6.15943e-19	1.16698e-23	1.40672e-28	1.71304e-32	9.27627e-36	6.53468e-40	1.47248e-43	1.10501e-45	
N89	8.05433e-109	3.61902e-82	2.50688e-73	2.57739e-65	6.94586e-58	6.16922e-51	1.91975e-44	1.94034e-38	1.7117e-36	9.34114e-36	7.68429e-30	5.44131e-24	2.54455e-18	4.79673e-13	3.15804e-08	0.000534079	0.998534	0.000931495	1.17349e-07	4.67722e-12	8.09673e-17	7.10803e-22	3.45115e-27	9.65709e-33	1.60362e-38	2.47342e-44	6.4074e-50	4.67469e-55	9.23678e-60	
Bramel	0	0	0	0	0	0	0	0	0	0	0	0	0	0	0	0	1	0	0	0	0	0	0	0	0	0	0	0	0	
Bratha	0	0	0	0	0	0	0	0	0	0	0	0	0	0	0	0	1	0	0	0	0	0	0	0	0	0	0	0	0	
N90	4.27567e-105	4.0732e-79	7.05291e-71	2.02733e-63	1.66377e-56	4.7052e-50	4.82104e-44	1.52775e-38	2.34607e-36	1.34129e-32	7.56484e-27	2.15632e-21	2.89432e-16	1.64644e-11	3.34493e-07	0.00173715	0.995136	0.00312514	1.31434e-06	1.73205e-10	1.01013e-14	3.1337e-19	5.78224e-24	6.83533e-29	6.56837e-34	3.39971e-38	1.5639e-42	2.22427e-46	3.41846e-49	
Bradra	0	0	0	0	0	0	0	0	0	0	0	0	0	0	0	0	1	0	0	0	0	0	0	0	0	0	0	0	0	
Bratra	0	0	0	0	0	0	0	0	0	0	0	0	0	0	0	0	1	0	0	0	0	0	0	0	0	0	0	0	0	
N91	2.35337e-101	1.04784e-75	8.90508e-68	1.30067e-60	5.59066e-54	8.50074e-48	4.79078e-42	8.47302e-37	8.61964e-35	4.9386e-31	1.63881e-25	2.7591e-20	2.19811e-15	7.45975e-11	9.07861e-07	0.00283844	0.992235	0.00492238	3.33065e-06	7.12431e-10	6.78976e-14	3.46544e-18	1.06017e-22	2.09492e-27	2.85599e-32	3.91574e-37	1.16457e-41	1.793e-45	1.98281e-48	
Bragut	0	0	0	0	0	0	0	0	0	0	0	0	0	0	0	0	1	0	0	0	0	0	0	0	0	0	0	0	0	
Braven	0	0	0	0	0	0	0	0	0	0	0	0	0	0	0	0	1	0	0	0	0	0	0	0	0	0	0	0	0	
N92	7.51871e-96	8.32424e-71	1.87545e-63	7.46015e-57	8.92077e-51	3.83775e-45	6.21869e-40	3.10922e-35	5.47318e-32	5.99464e-27	5.31645e-22	2.36679e-17	4.95577e-13	4.38973e-09	1.37566e-05	0.0109034	0.9714	0.017639	4.42983e-05	3.49066e-08	1.21722e-11	2.26973e-15	2.54988e-19	1.87267e-23	9.59428e-28	4.19037e-32	3.29797e-36	1.52489e-39	7.84689e-42	
Brapum	0	0	0	0	0	0	0	0	0	0	0	0	0	0	0	0	1	0	0	0	0	0	0	0	0	0	0	0	0	
Bradam	0	0	0	0	0	0	0	0	0	0	0	0	0	0	0	0	1	0	0	0	0	0	0	0	0	0	0	0	0	
