#Nodes with GAIN events with expectation above 0.5
N3: 0.961755
B3088: 1.2463
BGA709: 1.08501
BGA309: 1.08501
B985: 0.530458
B199: 0.530458
PGA445: 2.38665
Rhatem: 0.546984
FGA379: 1.94412
Furcep: 1.9613
FGA331: 1.69668
FGA104: 0.841189
FGA174: 1.24443
CGA312: 1.3796
CGA642: 0.688267
CGA236: 0.676681
C3125: 1.58402
N47: 0.545172
C12265: 0.847806
C3134: 1.74837
N50: 1.31392
C2208: 1.16981
N54: 1.62803
N58: 0.828045
N61: 0.900257
Triowe: 0.717187
Trijoh: 0.541082
Trimel: 0.541082
N65: 0.965997
Tricri: 0.578772
N68: 0.96988
Kinboe: 0.567268
Kinfis: 0.567268
Kinxen: 1.61978
N76: 1.73209
Total number of gain events: 55.1316
#+++++++++++++++++++++++++++++

#Nodes with LOSS events with expectation above 0.5
B3088: 1.36898
BGA709: 1.22917
BGA309: 1.22917
B11696: 0.509121
B11609: 0.509121
B985: 0.66921
B199: 0.66921
BGA89: 0.502574
BGAA2: 0.502574
PGA445: 1.82281
N13: 0.817377
N14: 1.68284
Rhaspe: 4.8246
Rhamar: 4.54112
Rhatem: 3.64073
N18: 0.77839
FGA379: 0.837677
N19: 1.9805
N20: 0.857969
F3016: 1.79742
F1476: 1.22855
N28: 0.703045
FGA465: 1.05459
N36: 0.552505
FGA99: 0.52256
FGA15: 0.52256
FGA489: 1.65456
FurbGB: 2.22001
Calboe: 2.52548
CGA429: 1.68378
C985: 2.49819
CGA382: 1.56101
N49: 1.22272
C404: 1.12097
CGA45: 1.06601
N54: 0.611704
C3121: 0.84772
N63: 4.29871
Trijac: 0.764914
N68: 0.510883
Kinboe: 0.510975
Kinfis: 0.510975
Kinxen: 1.10449
N70: 2.40007
N71: 1.74463
Chadil: 0.541794
Chasen: 0.541794
Chanam: 2.45841
N76: 1.02726
Total number of loss events: 89.1827
#+++++++++++++++++++++++++++++

#Nodes with duplication events with expectation above 0.5
Total number of duplication events: 0
#+++++++++++++++++++++++++++++

#Nodes with demi-duplication events with expectation above 0.5
Total number of demi-dulications events: 0
#+++++++++++++++++++++++++++++

#+++++++++++++++++++++++++++++

#Nodes with transitions in base number with expectation above 0.5
Total number of transitions in base number: 0
#+++++++++++++++++++++++++++++

#EVENTS NOT ACCOUNTED FOR IN THE SIMULATIONS: 
NONE
#+++++++++++++++++++++++++++++

#ALL EVENTS EXPECTATIONS PER NODE
NODE	GAIN	LOSS	DUPLICATION	DEMI-DUPLICATION	BASE-NUMBER
N2	0.45752	0.0713217	0	0	0
N3	0.961755	0.326887	0	0	0
N4	0.143231	0.0916407	0	0	0
B3088	1.2463	1.36898	0	0	0
N5	0.148869	0.127386	0	0	0
BGA709	1.08501	1.22917	0	0	0
BGA309	1.08501	1.22917	0	0	0
N6	0.375535	0.290043	0	0	0
N7	0.429539	0.478157	0	0	0
B11696	0.40122	0.509121	0	0	0
B11609	0.40122	0.509121	0	0	0
N8	0.0988002	0.0960244	0	0	0
N9	0.0271939	0.0286195	0	0	0
N10	0.149203	0.168334	0	0	0
B985	0.530458	0.66921	0	0	0
B199	0.530458	0.66921	0	0	0
N11	0.249939	0.295315	0	0	0
BGA89	0.390066	0.502574	0	0	0
BGAA2	0.390066	0.502574	0	0	0
N12	0.324109	0.383421	0	0	0
BGA304	0.337459	0.437456	0	0	0
BGAB1	0.337459	0.437456	0	0	0
PGA445	2.38665	1.82281	0	0	0
N13	0.0571829	0.817377	0	0	0
N14	0.0095824	1.68284	0	0	0
Rhaspe	0.456363	4.8246	0	0	0
N15	0.00954451	0.280997	0	0	0
Rhamar	0.44737	4.54112	0	0	0
Rhatem	0.546984	3.64073	0	0	0
N16	0.115558	0.0206579	0	0	0
N17	0.435035	0.196078	0	0	0
N18	0.0487683	0.77839	0	0	0
FGA379	1.94412	0.837677	0	0	0
N19	0.0257313	1.9805	0	0	0
N20	0.0405185	0.857969	0	0	0
N21	0.00269172	0.468189	0	0	0
F3016	0.172585	1.79742	0	0	0
N22	0.00379249	0.134695	0	0	0
N23	0.0119148	0.0828471	0	0	0
N24	0.00672588	0.289827	0	0	0
N25	0.00481102	0.0202321	0	0	0
F1476	0.104152	1.22855	0	0	0
N26	0.0213906	0.0142507	0	0	0
Furcep	1.9613	0.0928428	0	0	0
N27	0.00339356	0.105992	0	0	0
Furpol	0.227719	0.256654	0	0	0
N28	0.0139564	0.703045	0	0	0
N29	0.0159799	0.260503	0	0	0
F2241	0.0289712	0.124294	0	0	0
Furang	0.0289712	0.124294	0	0	0
Fga490	0.0664205	0.406266	0	0	0
N30	0.0112518	0.157092	0	0	0
N31	0.0254538	0.0248858	0	0	0
N32	0.0530241	0.00753378	0	0	0
N33	0.00607209	0.0204203	0	0	0
N34	0.0186939	0.0339152	0	0	0
FGA456	0.0352915	0.0457653	0	0	0
FGA516	0.0352915	0.0457653	0	0	0
F12278	0.0815626	0.107258	0	0	0
N35	0.288663	0.0174621	0	0	0
Furant	0.040704	0.351948	0	0	0
FGA331	1.69668	0.00792468	0	0	0
FGA465	0.0600408	1.05459	0	0	0
N36	0.0179975	0.552505	0	0	0
FGA99	0.063083	0.52256	0	0	0
FGA15	0.063083	0.52256	0	0	0
FGA104	0.841189	0.264115	0	0	0
FGA489	0.160693	1.65456	0	0	0
FGA174	1.24443	0.339905	0	0	0
FurbGB	0.306884	2.22001	0	0	0
N37	0.248113	0.0118962	0	0	0
N38	0.306195	0.060238	0	0	0
N39	0.411887	0.456763	0	0	0
CGA312	1.3796	0.441422	0	0	0
N40	0.0258597	0.144201	0	0	0
N41	0.00498844	0.226969	0	0	0
N42	0.0168687	0.0162358	0	0	0
CGA642	0.688267	0.41028	0	0	0
N43	0.0134353	0.0403455	0	0	0
CGA236	0.676681	0.371784	0	0	0
N44	0.0171319	0.163688	0	0	0
N45	0.160017	0.229898	0	0	0
Calboe	0.0468145	2.52548	0	0	0
C3125	1.58402	0.0626996	0	0	0
CGA429	0.135234	1.68378	0	0	0
N46	0.00452586	0.359011	0	0	0
C985	0.132274	2.49819	0	0	0
CGA382	0.195098	1.56101	0	0	0
N47	0.545172	0.113689	0	0	0
N48	0.0181789	0.0960017	0	0	0
C12265	0.847806	0.144943	0	0	0
N49	0.0223619	1.22272	0	0	0
C404	0.0242455	1.12097	0	0	0
Cl11778	0.104801	0.201572	0	0	0
C3134	1.74837	0.123336	0	0	0
N50	1.31392	0.37807	0	0	0
CGA311	0.453246	0.495796	0	0	0
N51	0.0443323	0.0175337	0	0	0
N52	0.057652	0.171215	0	0	0
CGA45	0.110219	1.06601	0	0	0
N53	0.0456903	0.0225987	0	0	0
C3043	0.218632	0.197513	0	0	0
CGA364	0.218632	0.197513	0	0	0
C2208	1.16981	0.239157	0	0	0
N54	1.62803	0.611704	0	0	0
N55	0.158571	0.136428	0	0	0
CGA453	0.203784	0.10297	0	0	0
N56	0.027708	0.09877	0	0	0
CGA501	0.208233	0.0363565	0	0	0
C3121	0.0195961	0.84772	0	0	0
Calparcri	0.415151	0.292193	0	0	0
N57	0.0309991	0.0192505	0	0	0
N58	0.828045	0.0905264	0	0	0
N59	0.38743	0.299606	0	0	0
N60	0.0943148	0.397131	0	0	0
N61	0.900257	0.09379	0	0	0
Triowe	0.717187	0.442447	0	0	0
N62	0.148859	0.041545	0	0	0
Trijoh	0.541082	0.373752	0	0	0
Trimel	0.541082	0.373752	0	0	0
N63	0.0822841	4.29871	0	0	0
N64	0.0154923	0.349289	0	0	0
Trihoe	0.0689259	0.397906	0	0	0
Tribit	0.0689259	0.397906	0	0	0
Trijac	0.102057	0.764914	0	0	0
N65	0.965997	0.287882	0	0	0
Tricri	0.578772	0.478512	0	0	0
N66	0.173287	0.0964558	0	0	0
Triwie	0.346001	0.322574	0	0	0
Triqua	0.346001	0.322574	0	0	0
N67	0.451382	0.100542	0	0	0
N68	0.96988	0.510883	0	0	0
Kinboe	0.567268	0.510975	0	0	0
Kinfis	0.567268	0.510975	0	0	0
Kinxen	1.61978	1.10449	0	0	0
N69	0.0122213	0.107919	0	0	0
N70	0.0885303	2.40007	0	0	0
N71	0.148395	1.74463	0	0	0
N72	0.0620891	0.363167	0	0	0
N73	0.0204159	0.0544691	0	0	0
Chaafr	0.0901319	0.147499	0	0	0
Chacha	0.0901319	0.147499	0	0	0
N74	0.0300569	0.0775826	0	0	0
Chacaly	0.0689151	0.11281	0	0	0
Chazey	0.0689151	0.11281	0	0	0
N75	0.0310291	0.112423	0	0	0
Chadil	0.23069	0.541794	0	0	0
Chasen	0.23069	0.541794	0	0	0
Chanam	0.46964	2.45841	0	0	0
N76	1.73209	1.02726	0	0	0
N77	0.030155	0.0308025	0	0	0
N78	0.00301125	0.00346828	0	0	0
Braset	0.123969	0.128152	0	0	0
N79	0.0099385	0.010628	0	0	0
N80	0.050221	0.0531305	0	0	0
Bramel	0.00467162	0.00525559	0	0	0
Bratha	0.00467162	0.00525559	0	0	0
N81	0.0298087	0.0312327	0	0	0
Bradra	0.0225841	0.0246537	0	0	0
Bratra	0.0225841	0.0246537	0	0	0
N82	0.0618214	0.0634011	0	0	0
Bragut	0.0261674	0.0292274	0	0	0
Braven	0.0261674	0.0292274	0	0	0
N83	0.073442	0.0687469	0	0	0
Brapum	0.0780317	0.0880136	0	0	0
Bradam	0.0780317	0.0880136	0	0	0
#+++++++++++++++++++++++++++++

#Expected number of events from root to leaf
LEAF	GAIN	LOSS	DUPLICATION	DEMI-DUPLICATION	BASE-NUMBER
B3088	2.80881	1.85883	0	0	0
BGA709	2.79639	1.84641	0	0	0
BGA309	2.79639	1.84641	0	0	0
B11696	2.62557	1.67553	0	0	0
B11609	2.62557	1.67553	0	0	0
B985	2.60047	1.65044	0	0	0
B199	2.60047	1.65044	0	0	0
BGA89	2.56081	1.61078	0	0	0
BGAA2	2.56081	1.61078	0	0	0
BGA304	2.55518	1.60515	0	0	0
BGAB1	2.55518	1.60515	0	0	0
PGA445	2.84417	1.89413	0	0	0
Rhaspe	0.523128	7.32482	0	0	0
Rhamar	0.52368	7.32233	0	0	0
Rhatem	0.623294	6.42195	0	0	0
FGA379	2.60067	2.65018	0	0	0
F3016	0.898071	6.91659	0	0	0
F1476	0.856882	6.87532	0	0	0
Furcep	2.73542	5.75386	0	0	0
Furpol	1.00523	6.02366	0	0	0
F2241	0.836422	6.85485	0	0	0
Furang	0.836422	6.85485	0	0	0
Fga490	0.857891	6.87632	0	0	0
FGA456	0.897706	5.91615	0	0	0
FGA516	0.897706	5.91615	0	0	0
F12278	0.925283	5.94372	0	0	0
Furant	1.16702	6.18546	0	0	0
FGA331	2.82299	5.84143	0	0	0
FGA465	0.844665	6.8631	0	0	0
FGA99	0.840251	6.85869	0	0	0
FGA15	0.840251	6.85869	0	0	0
FGA104	1.58238	5.60082	0	0	0
FGA489	0.889972	6.90842	0	0	0
FGA174	1.96722	4.99088	0	0	0
FurbGB	0.989159	6.01302	0	0	0
CGA312	2.95357	2.00443	0	0	0
CGA642	2.30995	2.3607	0	0	0
CGA236	2.3118	2.36255	0	0	0
Calboe	1.85909	4.90983	0	0	0
C3125	3.39629	2.44705	0	0	0
CGA429	1.78749	3.83823	0	0	0
C985	1.74162	4.79138	0	0	0
CGA382	1.80444	3.85421	0	0	0
C12265	3.01099	2.06184	0	0	0
C404	2.20979	4.26059	0	0	0
Cl11778	2.29034	3.3412	0	0	0
C3134	3.89337	1.94424	0	0	0
CGA311	2.92925	1.98011	0	0	0
CGA45	2.68821	2.73907	0	0	0
C3043	2.84231	1.89318	0	0	0
CGA364	2.84231	1.89318	0	0	0
C2208	3.69014	1.74101	0	0	0
CGA453	2.84628	1.89711	0	0	0
CGA501	2.87843	1.92927	0	0	0
C3121	2.6898	2.74063	0	0	0
Calparcri	2.89907	1.94991	0	0	0
Triowe	3.13097	2.18079	0	0	0
Trijoh	3.10373	2.15364	0	0	0
Trimel	3.10373	2.15364	0	0	0
Trihoe	1.68023	6.69045	0	0	0
Tribit	1.68023	6.69045	0	0	0
Trijac	1.69787	6.70817	0	0	0
Tricri	2.96398	2.01381	0	0	0
Triwie	2.9045	1.95433	0	0	0
Triqua	2.9045	1.95433	0	0	0
Kinboe	3.02032	2.07021	0	0	0
Kinfis	3.02032	2.07021	0	0	0
Kinxen	3.10295	2.15284	0	0	0
Chaafr	0.625524	5.67505	0	0	0
Chacha	0.625524	5.67505	0	0	0
Chacaly	0.613948	5.66347	0	0	0
Chazey	0.613948	5.66347	0	0	0
Chadil	0.714606	5.76413	0	0	0
Chasen	0.714606	5.76413	0	0	0
Chanam	0.774132	5.82369	0	0	0
Braset	2.10518	2.15488	0	0	0
Bramel	2.04605	2.09575	0	0	0
Bratha	2.04605	2.09575	0	0	0
Bradra	2.04355	2.09325	0	0	0
Bratra	2.04355	2.09325	0	0	0
Bragut	2.06619	2.11589	0	0	0
Braven	2.06619	2.11589	0	0	0
Brapum	2.09952	2.14922	0	0	0
Bradam	2.09952	2.14922	0	0	0
