#Nodes with GAIN events with expectation above 0.5
B3088: 0.710236
N6: 0.610749
BGA309: 0.612601
N26: 1.40823
N33: 1.16134
Furcep: 1.77115
N56: 1.62428
N62: 0.620358
N63: 0.939644
N67: 0.818793
N74: 0.926588
C3125: 1.26403
C12265: 0.503818
N92: 1.38428
N93: 0.750793
C2208: 0.958712
N101: 0.908754
N109: 0.555857
N112: 0.527136
N119: 0.524052
Kinxen: 0.899134
N127: 0.877376
Total number of gain events: 36.1363
#+++++++++++++++++++++++++++++

#Nodes with LOSS events with expectation above 0.5
B3088: 1.14564
N6: 1.03332
BGA309: 1.03517
N26: 1.58841
N27: 0.723574
N28: 1.88688
Rhaspe: 5.47801
Rhamar: 5.16649
Rhatem: 4.25281
N32: 0.848447
N33: 0.783279
N34: 2.22726
N35: 0.954621
N36: 0.520104
N37: 2.06065
N42: 1.43469
N45: 0.761055
FGA465: 1.15791
N58: 0.918506
N60: 0.86521
FGA489: 1.90922
FurbGB: 2.61844
N73: 1.12376
Calboe: 2.80608
N78: 1.94044
N79: 0.783102
N80: 2.304
N82: 1.10862
N83: 0.833669
N85: 1.22554
N88: 1.55983
C404: 1.07858
N96: 1.08453
N106: 0.93946
N114: 4.6182
Trijac: 0.902052
Kinxen: 0.917817
N121: 2.79895
N122: 2.04403
Chadil: 0.643308
Chasen: 0.643308
Chanam: 2.86306
N127: 1.0803
Total number of loss events: 95.8605
#+++++++++++++++++++++++++++++

#Nodes with duplication events with expectation above 0.5
Total number of duplication events: 1.54647e-39
#+++++++++++++++++++++++++++++

#Nodes with demi-duplication events with expectation above 0.5
Total number of demi-dulications events: 0
#+++++++++++++++++++++++++++++

#+++++++++++++++++++++++++++++

#Nodes with transitions in base number with expectation above 0.5
Total number of transitions in base number: 0
#+++++++++++++++++++++++++++++

#EVENTS NOT ACCOUNTED FOR IN THE SIMULATIONS: 
NONE
#+++++++++++++++++++++++++++++

#ALL EVENTS EXPECTATIONS PER NODE
NODE	GAIN	LOSS	DUPLICATION	DEMI-DUPLICATION	BASE-NUMBER
N2	0.233317	0.0531135	6.612e-63	0	0
N3	0.485315	0.252221	1.35923e-72	0	0
N4	0.0889629	0.0668718	1.08005e-75	0	0
B3088	0.710236	1.14564	0	0	0
N5	0.0872458	0.100089	6.50516e-74	0	0
N6	0.610749	1.03332	1.25357e-58	0	0
BGA709	4.80249e-07	2.17805e-06	0	0	0
BGA710	4.80249e-07	2.17805e-06	0	0	0
BGA309	0.612601	1.03517	0	0	0
N7	0.175724	0.27454	5.43567e-77	0	0
N8	0.233266	0.378001	1.494e-71	0	0
N9	0.202604	0.372352	6.5351e-62	0	0
B11696	4.18181e-07	2.02252e-06	0	0	0
B11697	4.18181e-07	2.02252e-06	0	0	0
N10	0.173997	0.340951	2.13321e-80	0	0
B11609	0.0039948	0.00678992	0	0	0
BGA392	0.0039948	0.00678992	0	0	0
N11	0.04557	0.0936805	1.80246e-85	0	0
N12	0.0124077	0.0269483	2.32553e-90	0	0
N13	0.0763857	0.129985	4.51008e-75	0	0
N14	0.28489	0.483146	9.67981e-65	0	0
B985	5.1929e-07	2.34085e-06	0	0	0
B983	5.1929e-07	2.34085e-06	0	0	0
N15	0.16067	0.317917	2.28523e-76	0	0
N16	0.0458502	0.0868618	1.28012e-67	0	0
B199	1.73523e-07	8.69957e-07	0	0	0
BGAA3	1.73523e-07	8.69957e-07	0	0	0
N17	0.0456994	0.0867107	1.29902e-67	0	0
B11604	2.45525e-07	1.23191e-06	0	0	0
BGA583	2.45525e-07	1.23191e-06	0	0	0
N18	0.121489	0.238435	3.24337e-79	0	0
N19	0.190236	0.325131	5.08707e-67	0	0
BGA89	4.97137e-06	2.23764e-05	0	0	0
BGA40	4.97137e-06	2.23764e-05	0	0	0
N20	0.0351369	0.0729001	1.59974e-79	0	0
N21	0.125369	0.222517	3.52366e-69	0	0
BGAA2	3.91856e-07	1.83896e-06	0	0	0
BGAA1	3.91856e-07	1.83896e-06	0	0	0
N22	0.116143	0.212851	1.40136e-97	0	0
BGA584	0.000638408	0.00108044	0	0	0
BGA706	0.000638408	0.00108044	0	0	0
N23	0.18005	0.298687	4.68451e-79	0	0
N24	0.167825	0.315375	3.69969e-63	0	0
BGA304	0.000252915	0.000440204	0	0	0
BGA303	0.000252915	0.000440204	0	0	0
N25	0.173717	0.321454	4.02223e-63	0	0
BGAB1	2.88334e-07	1.40467e-06	0	0	0
BGA7	2.88334e-07	1.40467e-06	0	0	0
N26	1.40823	1.58841	1.14064e-52	0	0
PGA445	1.2939e-05	3.89961e-05	0	0	0
PGA363	1.2939e-05	3.89961e-05	0	0	0
N27	0.0274768	0.723574	8.1114e-65	0	0
N28	0.00662009	1.88688	9.51196e-57	0	0
Rhaspe	0.361683	5.47801	0	0	0
N29	0.00651116	0.318174	1.54647e-39	0	0
Rhamar	0.365071	5.16649	0	0	0
Rhatem	0.45139	4.25281	0	0	0
N30	0.0692275	0.0169019	7.3006e-80	0	0
N31	0.262399	0.174483	1.86994e-79	0	0
N32	0.02633	0.848447	1.36154e-65	0	0
N33	1.16134	0.783279	2.9395e-50	0	0
FGA379	1.71572e-06	3.11401e-06	0	0	0
F647	1.71572e-06	3.11401e-06	0	0	0
N34	0.0191511	2.22726	1.1341e-55	0	0
N35	0.0309541	0.954621	9.77336e-56	0	0
N36	0.00209791	0.520104	2.07253e-58	0	0
N37	0.147845	2.06065	1.95497e-56	0	0
F3016	2.08994e-07	7.21663e-06	0	0	0
F3015	2.08994e-07	7.21663e-06	0	0	0
N38	0.0034608	0.15199	2.83322e-54	0	0
N39	0.0101921	0.0970615	6.76139e-57	0	0
N40	0.00669639	0.34297	1.2372e-67	0	0
N41	0.00517601	0.0276319	1.30386e-68	0	0
N42	0.116155	1.43469	5.30957e-62	0	0
F1476	3.26252e-07	1.09241e-05	0	0	0
FGA81	3.26252e-07	1.09241e-05	0	0	0
N43	0.021375	0.0197645	4.33625e-60	0	0
Furcep	1.77115	0.0913149	0	0	0
N44	0.00309407	0.155716	1.52534e-60	0	0
Furpol	0.187956	0.355467	0	0	0
N45	0.0135783	0.761055	1.85259e-56	0	0
N46	0.0176728	0.311467	7.7126e-54	0	0
N47	0.0313113	0.157499	9.2344e-55	0	0
F2241	3.9467e-06	5.39358e-05	0	0	0
F12266	3.9467e-06	5.39358e-05	0	0	0
Furang	0.0331928	0.159431	0	0	0
Fga490	0.0696396	0.489672	0	0	0
N48	0.0117638	0.23028	2.19375e-74	0	0
N49	0.0163212	0.0478211	8.60067e-64	0	0
N50	0.0368067	0.0138779	4.70778e-67	0	0
N51	0.00472766	0.046255	3.87985e-68	0	0
N52	0.0174485	0.0644683	8.9908e-65	0	0
FGA456	0.0340887	0.0594595	0	0	0
N53	0.0329494	0.0583097	1.41727e-58	0	0
FGA516	2.68636e-06	1.31311e-05	0	0	0
FGA513	2.68636e-06	1.31311e-05	0	0	0
N54	0.0737453	0.146134	1.49541e-58	0	0
F12278	3.33655e-07	1.7428e-06	0	0	0
F12279	3.33655e-07	1.7428e-06	0	0	0
N55	0.300872	0.0189421	1.05428e-67	0	0
Furant	0.0335597	0.429442	0	0	0
N56	1.62428	0.0201816	1.08149e-55	0	0
FGA331	1.79962e-05	4.87633e-07	0	0	0
FGA332	1.79962e-05	4.87633e-07	0	0	0
FGA465	0.0669218	1.15791	0	0	0
N57	0.0213852	0.277884	4.66683e-63	0	0
N58	0.0525761	0.918506	2.28447e-54	0	0
FGA99	1.31435e-06	6.1942e-05	0	0	0
F12269	1.31435e-06	6.1942e-05	0	0	0
N59	0.0267952	0.0601558	1.0665e-55	0	0
N60	0.0325914	0.86521	1.72977e-56	0	0
FGA15	1.39191e-07	1.07366e-05	0	0	0
FGA440	1.39191e-07	1.07366e-05	0	0	0
N61	0.223704	0.0563338	1.00722e-54	0	0
FGA581	1.38e-06	9.16627e-07	0	0	0
FGA582	1.38e-06	9.16627e-07	0	0	0
N62	0.620358	0.297637	3.18748e-54	0	0
FGA104	2.44746e-06	3.09835e-06	0	0	0
FGA105	2.44746e-06	3.09835e-06	0	0	0
FGA489	0.145069	1.90922	0	0	0
N63	0.939644	0.370807	7.7782e-52	0	0
FGA174	0.000191417	0.00019305	0	0	0
FGA175	0.000191417	0.00019305	0	0	0
FurbGB	0.263122	2.61844	0	0	0
N64	0.158654	0.00896309	2.25371e-75	0	0
N65	0.178555	0.0514671	1.55826e-70	0	0
N66	0.221734	0.436179	1.6401e-71	0	0
N67	0.818793	0.325642	9.13102e-60	0	0
CGA312	7.26995e-05	7.83407e-05	0	0	0
CGA963	7.26995e-05	7.83407e-05	0	0	0
N68	0.0125682	0.165642	7.21117e-80	0	0
N69	0.00146057	0.368947	1.1684e-97	0	0
N70	0.0128333	0.0103512	1.43518e-88	0	0
N71	0.248471	0.144961	1.99036e-87	0	0
CGA642	0.0728593	0.164845	0	0	0
N72	0.0243438	0.0129566	5.41209e-81	0	0
N73	0.0203899	1.12376	3.16247e-68	0	0
CGA763	5.05505e-08	7.14754e-06	0	0	0
CGA764	5.05505e-08	7.14754e-06	0	0	0
N74	0.926588	0.0299635	1.53788e-66	0	0
C601	2.66943e-06	1.87683e-07	0	0	0
C602	2.66943e-06	1.87683e-07	0	0	0
N75	0.00699105	0.0280006	1.44127e-79	0	0
CGA236	0.32657	0.294036	0	0	0
N76	0.0104618	0.130967	2.07425e-72	0	0
N77	0.11899	0.176745	1.9354e-66	0	0
Calboe	0.016919	2.80608	0	0	0
C3125	1.26403	0.0545207	0	0	0
N78	0.0935213	1.94044	1.22356e-65	0	0
CGA429	0	0	0	0	0
CGA430	0	0	0	0	0
N79	0.000632811	0.783102	7.57952e-85	0	0
N80	0.111544	2.304	3.59493e-65	0	0
C985	0	0	0	0	0
C984	0	0	0	0	0
N81	0.00282311	0.224876	2.24438e-65	0	0
N82	0.140507	1.10862	3.35354e-77	0	0
CGA310	0.000949011	0.00300268	0	0	0
CGA314	0.000949011	0.00300268	0	0	0
N83	0.0367303	0.833669	8.81818e-66	0	0
N84	0.132072	0.304965	5.66673e-59	0	0
CGA382	0.000375284	0.000708005	0	0	0
CGA365	0.000375284	0.000708005	0	0	0
N85	0.0523281	1.22554	7.35124e-61	0	0
CGA494	1.9059e-07	1.32282e-05	0	0	0
CGA495	1.9059e-07	1.32282e-05	0	0	0
N86	0.42151	0.0806991	6.14512e-86	0	0
N87	0.00918038	0.0958585	1.77197e-80	0	0
C12265	0.503818	0.111699	0	0	0
N88	0.010711	1.55983	7.41529e-79	0	0
C404	0.0199025	1.07858	0	0	0
N89	0.0059911	0.0317109	2.05996e-88	0	0
N90	0.0253847	0.0583409	1.67476e-69	0	0
Cl11778	9.38687e-07	5.78408e-06	0	0	0
Cl11779	9.38687e-07	5.78408e-06	0	0	0
N91	0.0121597	0.0432041	4.57696e-85	0	0
CGA594	0.00303199	0.00494868	0	0	0
CGA48	0.00303199	0.00494868	0	0	0
N92	1.38428	0.0788967	8.54752e-65	0	0
C3134	8.86813e-06	1.18631e-06	0	0	0
C3126	8.86813e-06	1.18631e-06	0	0	0
N93	0.750793	0.297128	1.14472e-76	0	0
CGA311	0.22464	0.399604	0	0	0
N94	0.0245934	0.0127028	1.28516e-77	0	0
N95	0.0215816	0.181588	4.82339e-83	0	0
N96	0.0576642	1.08453	2.32119e-73	0	0
CGA45	1.90339e-07	9.07847e-06	0	0	0
CGA46	1.90339e-07	9.07847e-06	0	0	0
N97	0.0183993	0.0208304	1.07055e-90	0	0
N98	0.0298782	0.0470963	1.05673e-83	0	0
N99	0.0184161	0.0253943	1.14402e-102	0	0
C3043	0.00149061	0.00174156	0	0	0
CGA87	0.00149061	0.00174156	0	0	0
N100	0.0171271	0.0240141	1.5653e-101	0	0
CGA368	0.00197307	0.00231525	0	0	0
CGA557	0.00197307	0.00231525	0	0	0
CGA364	0.0970191	0.121466	0	0	0
C2208	0.958712	0.145597	0	0	0
N101	0.908754	0.492734	4.54034e-71	0	0
N102	0.0663274	0.090877	7.75345e-76	0	0
N103	0.0705083	0.0559607	3.94912e-72	0	0
CGA453	0.000234807	0.000268438	0	0	0
CGA383	0.000234807	0.000268438	0	0	0
N104	0.0112891	0.0653923	3.59501e-90	0	0
N105	0.089812	0.0211953	1.7508e-80	0	0
CGA501	1.06179e-06	6.88856e-07	0	0	0
C11776	1.06179e-06	6.88856e-07	0	0	0
N106	0.00810032	0.93946	1.68699e-80	0	0
C3121	9.83233e-08	2.35811e-05	0	0	0
C3123	9.83233e-08	2.35811e-05	0	0	0
N107	0.156094	0.164457	2.23961e-80	0	0
Calparcri	0.00464378	0.00631639	0	0	0
C3118	0.00464378	0.00631639	0	0	0
N108	0.0167129	0.0183504	2.97164e-79	0	0
N109	0.555857	0.0732981	6.41279e-76	0	0
N110	0.222242	0.246527	6.8699e-71	0	0
N111	0.0517225	0.340984	8.11562e-64	0	0
N112	0.527136	0.0788766	2.31611e-67	0	0
Triowe	0.346136	0.318326	0	0	0
N113	0.0695295	0.0295185	9.45824e-72	0	0
Trijoh	0.246931	0.259145	0	0	0
Trimel	0.246931	0.259145	0	0	0
N114	0.0262499	4.6182	3.72674e-59	0	0
N115	0.0138354	0.405705	5.39613e-56	0	0
Trihoe	0.0589834	0.481838	0	0	0
Tribit	0.0589834	0.481838	0	0	0
Trijac	0.0871542	0.902052	0	0	0
N116	0.485844	0.233873	7.04237e-69	0	0
Tricri	0.283995	0.348929	0	0	0
N117	0.0765694	0.0737141	1.5244e-70	0	0
Triwie	0.163107	0.230901	0	0	0
Triqua	0.163107	0.230901	0	0	0
N118	0.264809	0.0833763	4.48031e-68	0	0
N119	0.524052	0.42321	2.62546e-64	0	0
Kinboe	0.280247	0.399773	0	0	0
Kinfis	0.280247	0.399773	0	0	0
Kinxen	0.899134	0.917817	0	0	0
N120	0.00542	0.133291	1.16456e-63	0	0
N121	0.0589025	2.79895	3.18855e-46	0	0
N122	0.118629	2.04403	2.88391e-46	0	0
N123	0.0512632	0.459581	6.3007e-58	0	0
N124	0.0197599	0.074516	1.59815e-58	0	0
Chaafr	0.0796945	0.175039	0	0	0
Chacha	0.0796945	0.175039	0	0	0
N125	0.0289087	0.106098	1.86827e-58	0	0
Chacaly	0.0663314	0.139243	0	0	0
Chazey	0.0663314	0.139243	0	0	0
N126	0.0274136	0.137801	1.27792e-49	0	0
Chadil	0.195277	0.643308	0	0	0
Chasen	0.195277	0.643308	0	0	0
Chanam	0.379223	2.86306	0	0	0
N127	0.877376	1.0803	2.14995e-62	0	0
N128	0.0120158	0.028638	1.41728e-84	0	0
N129	0.00113176	0.00261066	3.55909e-97	0	0
Braset	0.0721221	0.0776268	0	0	0
N130	0.00462257	0.00640859	5.84957e-85	0	0
N131	0.0311774	0.0343794	1.19845e-90	0	0
Bramel	0.00227386	0.00279046	0	0	0
Bratha	0.00227386	0.00279046	0	0	0
N132	0.0149335	0.0167727	2.30894e-87	0	0
Bradra	0.0105935	0.0124729	0	0	0
Bratra	0.0105935	0.0124729	0	0	0
N133	0.0369904	0.0409944	1.56905e-96	0	0
Bragut	0.0124934	0.0154728	0	0	0
Braven	0.0124934	0.0154728	0	0	0
N134	0.0399884	0.0494237	9.60226e-76	0	0
Brapum	0.0462639	0.0604343	0	0	0
Bradam	0.0462639	0.0604343	0	0	0
#+++++++++++++++++++++++++++++

#Expected number of events from root to leaf
LEAF	GAIN	LOSS	DUPLICATION	DEMI-DUPLICATION	BASE-NUMBER
B3088	1.51783	1.51784	6.612e-63	0	0
BGA709	1.50559	1.50562	1.25364e-58	0	0
BGA710	1.50559	1.50562	1.25364e-58	0	0
BGA309	1.50744	1.50747	6.612e-63	0	0
B11696	1.33023	1.33023	7.1963e-62	0	0
B11697	1.33023	1.33023	7.1963e-62	0	0
B11609	1.30561	1.30562	6.612e-63	0	0
BGA392	1.30561	1.30562	6.612e-63	0	0
B985	1.31361	1.31364	6.70879e-63	0	0
B983	1.31361	1.31364	6.70879e-63	0	0
B199	1.23524	1.23527	6.61212e-63	0	0
BGAA3	1.23524	1.23527	6.61212e-63	0	0
B11604	1.23509	1.23512	6.61213e-63	0	0
BGA583	1.23509	1.23512	6.61213e-63	0	0
BGA89	1.26406	1.26409	6.6125e-63	0	0
BGA40	1.26406	1.26409	6.6125e-63	0	0
BGAA2	1.23433	1.23436	6.612e-63	0	0
BGAA1	1.23433	1.23436	6.612e-63	0	0
BGA584	1.22574	1.22577	6.612e-63	0	0
BGA706	1.22574	1.22577	6.612e-63	0	0
BGA304	1.28805	1.28806	1.03117e-62	0	0
BGA303	1.28805	1.28806	1.03117e-62	0	0
BGAB1	1.29369	1.2937	1.06342e-62	0	0
BGA7	1.29369	1.2937	1.06342e-62	0	0
PGA445	1.64156	1.64156	1.14064e-52	0	0
PGA363	1.64156	1.64156	1.14064e-52	0	0
Rhaspe	0.39578	8.08846	9.51196e-57	0	0
Rhamar	0.405679	8.09511	1.54647e-39	0	0
Rhatem	0.491998	7.18143	1.54647e-39	0	0
FGA379	1.54677	2.54669	2.9395e-50	0	0
F647	1.54677	2.54669	2.9395e-50	0	0
F3016	0.585482	7.52605	2.309e-55	0	0
F3015	0.585482	7.52605	2.309e-55	0	0
F1476	0.579317	7.51975	3.05133e-54	0	0
FGA81	0.579317	7.51975	3.05133e-54	0	0
Furcep	2.25569	6.19613	3.05133e-54	0	0
Furpol	0.675586	6.61599	3.05134e-54	0	0
F2241	0.550197	7.4906	1.17059e-53	0	0
F12266	0.550197	7.4906	1.17059e-53	0	0
Furang	0.552075	7.49248	1.07825e-53	0	0
Fga490	0.570849	7.51125	3.06986e-54	0	0
FGA456	0.579142	6.51958	3.05133e-54	0	0
FGA516	0.578006	6.51844	3.05147e-54	0	0
FGA513	0.578006	6.51844	3.05147e-54	0	0
F12278	0.601351	6.54178	3.05148e-54	0	0
F12279	0.601351	6.54178	3.05148e-54	0	0
Furant	0.857309	6.79778	3.05133e-54	0	0
FGA331	2.44805	6.38852	3.15948e-54	0	0
FGA332	2.44805	6.38852	3.15948e-54	0	0
FGA465	0.552993	7.49343	3.05133e-54	0	0
FGA99	0.543712	7.48415	5.3358e-54	0	0
F12269	0.543712	7.48415	5.3358e-54	0	0
FGA15	0.550521	7.49096	3.17528e-54	0	0
FGA440	0.550521	7.49096	3.17528e-54	0	0
FGA581	0.741635	6.68207	4.1652e-54	0	0
FGA582	0.741635	6.68207	4.1652e-54	0	0
FGA104	1.07165	6.01208	6.23882e-54	0	0
FGA105	1.07165	6.01208	6.23882e-54	0	0
FGA489	0.586167	7.5266	3.04457e-54	0	0
FGA174	1.37537	5.31629	7.78031e-52	0	0
FGA175	1.37537	5.31629	7.78031e-52	0	0
FurbGB	0.667706	6.6091	1.1341e-55	0	0
CGA312	1.73691	1.73729	9.1311e-60	0	0
CGA963	1.73691	1.73729	9.1311e-60	0	0
CGA642	1.26624	2.26631	8.11141e-65	0	0
CGA763	1.23811	3.23819	8.11458e-65	0	0
CGA764	1.23811	3.23819	8.11458e-65	0	0
C601	2.14431	2.14439	8.2652e-65	0	0
C602	2.14431	2.14439	8.2652e-65	0	0
CGA236	1.27847	2.27855	8.11141e-65	0	0
Calboe	1.09827	5.0983	8.30495e-65	0	0
C3125	2.34538	2.34674	8.30495e-65	0	0
CGA429	1.05588	4.05592	9.33497e-65	0	0
CGA430	1.05588	4.05592	9.33497e-65	0	0
C985	1.04425	5.03326	1.17063e-64	0	0
C984	1.04425	5.03326	1.17063e-64	0	0
CGA310	1.07699	4.06576	1.03558e-64	0	0
CGA314	1.07699	4.06576	1.03558e-64	0	0
CGA382	1.10471	4.09348	5.66674e-59	0	0
CGA365	1.10471	4.09348	5.66674e-59	0	0
CGA494	1.02459	5.01336	7.35237e-61	0	0
CGA495	1.02459	5.01336	7.35237e-61	0	0
C12265	1.86512	1.86547	8.11141e-65	0	0
C404	1.39192	4.39219	8.11141e-65	0	0
Cl11778	1.40339	3.40366	8.11158e-65	0	0
Cl11779	1.40339	3.40366	8.11158e-65	0	0
CGA594	1.3932	3.39347	8.11141e-65	0	0
CGA48	1.3932	3.39347	8.11141e-65	0	0
C3134	2.73641	1.73681	1.66589e-64	0	0
C3126	2.73641	1.73681	1.66589e-64	0	0
CGA311	1.67174	1.67212	8.11141e-65	0	0
CGA45	1.55094	2.55135	8.11141e-65	0	0
CGA46	1.55094	2.55135	8.11141e-65	0	0
C3043	1.56146	1.56187	8.11141e-65	0	0
CGA87	1.56146	1.56187	8.11141e-65	0	0
CGA368	1.56066	1.56106	8.11141e-65	0	0
CGA557	1.56066	1.56106	8.11141e-65	0	0
CGA364	1.6087	1.6091	8.11141e-65	0	0
C2208	2.43041	1.43082	8.11141e-65	0	0
CGA453	1.56358	1.56376	8.1114e-65	0	0
CGA383	1.56358	1.56376	8.1114e-65	0	0
CGA501	1.59394	1.59412	8.1114e-65	0	0
C11776	1.59394	1.59412	8.1114e-65	0	0
C3121	1.51223	2.51241	8.1114e-65	0	0
C3123	1.51223	2.51241	8.1114e-65	0	0
Calparcri	1.58725	1.58743	8.1114e-65	0	0
C3118	1.58725	1.58743	8.1114e-65	0	0
Triowe	1.81651	1.81684	8.92907e-64	0	0
Trijoh	1.78684	1.78718	8.92907e-64	0	0
Trimel	1.78684	1.78718	8.92907e-64	0	0
Trihoe	1.04231	6.92538	5.39986e-56	0	0
Tribit	1.04231	6.92538	5.39986e-56	0	0
Trijac	1.05664	6.93989	3.72683e-59	0	0
Tricri	1.66136	1.66145	8.11211e-65	0	0
Triwie	1.61704	1.61714	8.11212e-65	0	0
Triqua	1.61704	1.61714	8.11212e-65	0	0
Kinboe	1.73838	1.73848	3.43704e-64	0	0
Kinfis	1.73838	1.73848	3.43704e-64	0	0
Kinxen	1.83322	1.83332	8.11588e-65	0	0
Chaafr	0.447086	6.44423	6.07246e-46	0	0
Chacha	0.447086	6.44423	6.07246e-46	0	0
Chacaly	0.442872	6.44001	6.07246e-46	0	0
Chazey	0.442872	6.44001	6.07246e-46	0	0
Chadil	0.519059	6.5162	6.07373e-46	0	0
Chasen	0.519059	6.5162	6.07373e-46	0	0
Chanam	0.556962	6.55412	3.18855e-46	0	0
Braset	1.08148	2.08129	2.27451e-62	0	0
Bramel	1.04743	2.04724	2.27451e-62	0	0
Bratha	1.04743	2.04724	2.27451e-62	0	0
Bradra	1.03951	2.03932	2.27451e-62	0	0
Bratra	1.03951	2.03932	2.27451e-62	0	0
Bragut	1.05771	2.05752	2.27451e-62	0	0
Braven	1.05771	2.05752	2.27451e-62	0	0
Brapum	1.08247	2.08227	2.27451e-62	0	0
Bradam	1.08247	2.08227	2.27451e-62	0	0
