NODE	1	2	3	4	5	6	7	8	9	10	11	12	13	14	15	16	17	18	19	20	21	22	23	24	25	26	27	28	29	30	31	32	33	34	35	36	37	38	39	40	41	
N1	8.06603e-54	1.03207e-29	1.69903e-25	5.23918e-22	5.16588e-19	1.70678e-12	3.97775e-08	0.000140263	0.0543066	0.846356	0.0989816	0.000215698	4.37579e-08	1.03023e-12	2.28975e-19	8.27329e-23	7.4159e-27	2.74382e-31	5.26815e-36	5.97395e-41	4.34141e-46	2.13699e-51	7.41129e-57	1.86423e-62	3.47612e-68	4.88524e-74	5.24021e-80	4.33107e-86	2.77719e-92	1.388e-98	5.42112e-105	1.65587e-111	3.95117e-118	7.34329e-125	1.05766e-131	1.17199e-138	9.89273e-146	6.27778e-153	2.94378e-160	9.97204e-168	2.72678e-175	
N2	1.13853e-57	5.40226e-32	3.31289e-26	3.73038e-21	1.30784e-16	1.69312e-12	8.35224e-09	1.44139e-05	0.00640569	0.199813	0.424341	0.287026	0.0747063	0.0074457	0.000245843	1.87354e-06	2.47211e-09	9.30192e-13	1.01438e-16	4.53774e-21	1.02073e-25	1.30638e-30	1.03174e-35	5.32129e-41	1.86765e-46	4.60022e-52	8.13984e-58	1.05333e-63	1.01046e-69	7.2585e-76	3.93226e-82	1.61384e-88	5.02813e-95	1.18896e-101	2.12807e-108	2.86806e-115	2.88694e-122	2.14538e-129	1.15854e-136	4.45389e-144	3.38317e-151	
N3	4.26319e-68	1.05724e-41	3.26669e-35	1.81056e-29	3.06109e-24	1.88401e-19	4.42293e-15	3.78582e-11	9.92914e-08	4.56756e-05	0.00280646	0.048916	0.2728	0.462756	0.198199	0.0144088	6.85417e-05	1.53846e-08	5.42366e-13	6.50819e-18	3.58535e-23	1.0628e-28	1.8698e-34	2.08567e-40	1.54611e-46	7.88597e-53	2.84089e-59	7.37376e-66	1.40002e-72	1.96651e-79	2.06011e-86	1.61814e-93	9.55563e-101	4.24359e-108	1.41407e-115	3.51845e-123	6.48583e-131	8.7577e-139	8.52764e-147	5.86229e-155	3.93708e-163	
N4	3.58266e-70	1.01089e-43	3.57973e-37	2.29715e-31	4.56059e-26	3.36322e-21	9.75045e-17	1.08305e-12	4.0709e-09	3.72399e-06	0.000507628	0.0172446	0.165696	0.448855	0.316032	0.0501886	0.00146741	5.0718e-06	7.32164e-10	2.39713e-14	2.87989e-19	1.60547e-24	4.77322e-30	8.29397e-36	8.98098e-42	6.35107e-48	3.03799e-54	1.00959e-60	2.37901e-67	4.03701e-74	4.99009e-81	4.52928e-88	3.03376e-95	1.50275e-102	5.50111e-110	1.48293e-117	2.92395e-125	4.17326e-133	4.24804e-141	3.02184e-149	2.63682e-157	
B3088	0	0	0	0	0	0	0	0	0	0	0	0	0	0	0	0	0	1	0	0	0	0	0	0	0	0	0	0	0	0	0	0	0	0	0	0	0	0	0	0	0	
N5	4.79433e-68	4.28968e-42	5.13737e-36	1.19193e-30	9.23573e-26	2.90718e-21	4.00954e-17	2.43569e-13	6.12192e-10	5.37653e-07	0.000110609	0.00583382	0.0848884	0.349484	0.409684	0.137375	0.0124043	0.000219555	1.83865e-07	3.60365e-11	2.64257e-15	9.11226e-20	1.69202e-24	1.84989e-29	1.26788e-34	5.70336e-40	1.74287e-45	3.71438e-51	5.63281e-57	6.17177e-63	4.94143e-69	2.91408e-75	1.27204e-81	4.11872e-88	9.8857e-95	1.75266e-101	2.27997e-108	2.15385e-115	1.45595e-122	6.90173e-130	5.52934e-137	
BGA709	0	0	0	0	0	0	0	0	0	0	0	0	0	0	0	0	0	1	0	0	0	0	0	0	0	0	0	0	0	0	0	0	0	0	0	0	0	0	0	0	0	
BGA309	0	0	0	0	0	0	0	0	0	0	0	0	0	0	0	0	0	1	0	0	0	0	0	0	0	0	0	0	0	0	0	0	0	0	0	0	0	0	0	0	0	
N6	3.1153e-76	1.45116e-49	8.72828e-43	9.86084e-37	3.5931e-31	5.11106e-26	3.04187e-21	7.55185e-17	7.26531e-13	2.25516e-09	1.52106e-06	0.000262894	0.0124422	0.159567	0.507412	0.304408	0.0158856	2.10981e-05	1.58397e-09	3.12895e-14	2.47555e-19	9.6444e-25	2.09284e-30	2.74442e-36	2.30319e-42	1.29009e-48	4.97766e-55	1.35512e-61	2.65118e-68	3.77937e-75	3.96571e-82	3.08441e-89	1.7855e-96	7.70371e-104	2.47428e-111	5.89179e-119	1.03275e-126	1.31834e-134	1.20746e-142	7.81375e-151	5.86718e-159	
N7	7.30514e-78	1.25676e-51	2.9544e-45	1.38999e-39	2.2762e-34	1.59884e-29	5.30356e-25	8.64757e-21	6.94655e-17	2.66425e-13	4.55299e-10	3.08675e-07	7.0729e-05	0.00469984	0.0831182	0.383436	0.442492	0.0861205	6.27905e-05	9.38971e-09	5.10779e-13	1.2995e-17	1.78338e-22	1.44717e-27	7.39956e-33	2.49642e-38	5.75151e-44	9.28809e-50	1.07249e-55	8.98919e-62	5.53035e-68	2.51695e-74	8.51487e-81	2.1456e-87	4.02418e-94	5.59781e-101	5.73673e-108	4.28684e-115	2.30165e-122	8.70007e-130	3.93727e-137	
B11696	0	0	0	0	0	0	0	0	0	0	0	0	0	0	0	0	0	1	0	0	0	0	0	0	0	0	0	0	0	0	0	0	0	0	0	0	0	0	0	0	0	
B11609	0	0	0	0	0	0	0	0	0	0	0	0	0	0	0	0	0	1	0	0	0	0	0	0	0	0	0	0	0	0	0	0	0	0	0	0	0	0	0	0	0	
N8	1.60957e-87	5.89268e-60	2.6881e-52	2.23619e-45	5.83049e-39	5.77515e-33	2.33562e-27	3.87004e-22	2.48027e-17	5.35003e-13	2.94864e-09	3.61133e-06	0.000922614	0.0460603	0.404008	0.497224	0.0516555	0.000125995	2.50314e-09	9.74558e-15	1.31431e-20	7.95133e-27	2.50295e-33	4.50936e-40	4.96355e-47	3.49703e-54	1.63137e-61	5.16578e-69	1.20158e-76	2.09688e-78	2.40383e-79	1.20581e-80	2.82678e-82	3.20671e-84	1.78282e-86	4.82957e-89	6.22352e-92	3.65033e-95	9.11023e-99	8.84793e-103	3.80275e-107	
N9	3.37898e-89	1.23677e-61	5.76481e-54	5.02699e-47	1.41501e-40	1.56645e-34	7.38311e-29	1.50302e-23	1.2709e-18	4.0263e-14	3.91167e-10	8.92734e-07	0.000393503	0.0298183	0.350939	0.541568	0.0768764	0.000403711	1.35459e-08	7.96511e-14	1.52545e-19	1.26279e-25	5.30942e-32	1.25649e-38	1.79469e-45	1.62551e-52	9.67596e-60	3.88526e-67	1.07235e-74	2.06121e-82	2.78227e-90	2.64836e-98	1.77928e-106	4.37138e-113	6.41235e-117	2.66003e-121	2.74296e-126	6.98291e-132	4.58295e-138	8.64438e-145	6.98408e-152	
N10	5.46124e-83	2.20799e-56	1.22113e-49	1.35946e-43	5.30765e-38	8.97672e-33	7.26395e-28	2.9403e-23	6.0042e-19	6.04566e-15	2.83002e-11	5.50635e-08	3.62164e-05	0.00558281	0.141477	0.520624	0.307771	0.0244997	1.00258e-05	8.01863e-10	2.24821e-14	2.86959e-19	1.9363e-24	7.60656e-30	1.85987e-35	2.97088e-41	3.21425e-47	2.42083e-53	1.29605e-59	5.01121e-66	1.41593e-72	2.948e-79	4.54648e-86	5.20618e-93	4.42459e-100	2.78158e-107	1.28516e-114	4.31976e-122	1.04103e-129	1.76267e-137	3.28636e-145	
B985	0	0	0	0	0	0	0	0	0	0	0	0	0	0	0	0	0	1	0	0	0	0	0	0	0	0	0	0	0	0	0	0	0	0	0	0	0	0	0	0	0	
N11	1.84227e-94	2.47158e-67	4.57757e-60	1.73081e-53	2.33383e-47	1.39117e-41	4.0682e-36	6.14242e-31	4.8761e-26	2.01908e-21	4.21414e-17	4.14381e-13	1.70402e-09	2.36485e-06	0.000742028	0.039461	0.397319	0.562372	0.000103542	3.54987e-09	4.20822e-14	2.25428e-19	6.34995e-25	1.03688e-30	1.04999e-36	6.92443e-43	3.08446e-49	9.54128e-56	2.09344e-62	3.31076e-69	3.81945e-76	3.24157e-83	2.0348e-90	9.47064e-98	3.26723e-105	8.32745e-113	1.55804e-120	2.11834e-128	2.06273e-136	1.40968e-144	9.05858e-153	
B199	0	0	0	0	0	0	0	0	0	0	0	0	0	0	0	0	0	1	0	0	0	0	0	0	0	0	0	0	0	0	0	0	0	0	0	0	0	0	0	0	0	
B11604	0	0	0	0	0	0	0	0	0	0	0	0	0	0	0	0	0	1	0	0	0	0	0	0	0	0	0	0	0	0	0	0	0	0	0	0	0	0	0	0	0	
N12	4.45212e-88	3.94897e-61	4.73802e-54	1.1334e-47	9.4134e-42	3.35173e-36	5.64945e-31	4.71306e-26	1.96406e-21	4.00472e-17	3.78711e-13	1.5042e-09	2.10367e-06	0.000749302	0.0449059	0.386019	0.505263	0.0630505	1.02046e-05	3.1981e-10	3.52823e-15	1.77962e-20	4.7605e-26	7.42992e-32	7.22766e-38	4.59685e-44	1.98085e-50	5.94163e-57	1.26639e-63	1.94809e-70	2.18797e-77	1.80873e-84	1.10611e-91	5.01479e-99	1.68451e-106	4.17769e-114	7.59864e-122	1.0032e-129	9.47264e-138	6.26764e-146	4.03264e-154	
BGA89	0	0	0	0	0	0	0	0	0	0	0	0	0	0	0	0	0	1	0	0	0	0	0	0	0	0	0	0	0	0	0	0	0	0	0	0	0	0	0	0	0	
N13	1.6571e-91	1.9907e-64	3.26608e-57	1.0816e-50	1.26099e-44	6.40323e-39	1.56774e-33	1.94144e-28	1.2328e-23	3.95719e-19	6.14558e-15	4.24825e-11	1.12686e-07	8.70445e-05	0.0120825	0.224991	0.597728	0.165067	4.42532e-05	1.91823e-09	2.63671e-14	1.55082e-19	4.62525e-25	7.79589e-31	7.99934e-37	5.27126e-43	2.32085e-49	7.03443e-56	1.50153e-62	2.29637e-69	2.54864e-76	2.07149e-83	1.24021e-90	5.48497e-98	1.7918e-105	4.31029e-113	7.58735e-121	9.67596e-129	8.8109e-137	5.6142e-145	3.42407e-153	
BGAA2	0	0	0	0	0	0	0	0	0	0	0	0	0	0	0	0	0	1	0	0	0	0	0	0	0	0	0	0	0	0	0	0	0	0	0	0	0	0	0	0	0	
BGA584	0	0	0	0	0	0	0	0	0	0	0	0	0	0	0	0	0	1	0	0	0	0	0	0	0	0	0	0	0	0	0	0	0	0	0	0	0	0	0	0	0	
N14	2.22753e-82	6.3268e-56	2.47804e-49	1.9696e-43	5.54126e-38	6.82732e-33	4.07763e-28	1.23804e-23	1.93587e-19	1.53469e-15	5.88768e-12	1.00059e-08	6.4439e-06	0.00119859	0.0464653	0.335658	0.501324	0.11528	6.80043e-05	7.95758e-09	3.32442e-13	6.41506e-18	6.61806e-23	4.01003e-28	1.52303e-33	3.80082e-39	6.45541e-45	7.66349e-51	6.48963e-57	3.98109e-63	1.78951e-69	5.94159e-76	1.46448e-82	2.68551e-89	3.6617e-96	3.69959e-103	2.75152e-110	1.49106e-117	5.80173e-125	1.5883e-132	4.89646e-140	
BGA304	0	0	0	0	0	0	0	0	0	0	0	0	0	0	0	0	0	1	0	0	0	0	0	0	0	0	0	0	0	0	0	0	0	0	0	0	0	0	0	0	0	
BGAB1	0	0	0	0	0	0	0	0	0	0	0	0	0	0	0	0	0	1	0	0	0	0	0	0	0	0	0	0	0	0	0	0	0	0	0	0	0	0	0	0	0	
PGA445	0	0	0	0	0	0	0	0	0	0	0	0	0	0	0	0	0	1	0	0	0	0	0	0	0	0	0	0	0	0	0	0	0	0	0	0	0	0	0	0	0	
N15	1.82455e-63	1.94447e-36	2.19888e-29	3.66258e-23	1.43565e-17	1.43698e-12	3.31052e-08	0.000132344	0.0543489	0.83398	0.111347	0.000192032	5.30129e-09	2.36907e-14	3.64454e-20	2.57644e-26	9.79813e-33	2.21454e-39	3.18513e-46	3.06281e-53	2.04309e-60	9.72493e-68	3.37619e-75	8.69635e-83	1.6843e-90	2.47834e-98	2.79225e-106	2.42245e-114	1.62437e-122	8.43538e-131	3.39351e-139	1.05619e-147	2.53667e-156	6.21072e-165	6.16704e-172	5.61314e-179	1.47091e-186	1.73462e-194	1.09915e-202	4.06319e-211	1.17441e-219	
N16	1.5119e-53	1.24533e-27	9.86933e-22	1.01654e-16	2.22896e-12	1.19618e-08	1.56616e-05	0.0044302	0.202364	0.768777	0.0244041	8.95403e-06	5.49414e-10	1.06137e-14	8.72875e-20	3.64165e-25	8.63328e-31	1.25809e-36	1.19309e-42	7.68499e-49	3.47445e-55	1.13122e-61	2.7065e-68	4.83541e-75	6.53316e-82	6.74186e-89	5.35423e-96	3.2907e-103	1.57102e-110	5.83829e-118	1.68969e-125	3.8043e-133	6.64524e-141	8.96583e-149	9.28457e-157	7.31689e-165	4.33974e-173	1.90973e-181	6.12197e-190	1.39639e-198	3.78856e-207	
Rhaspe	0	0	0	0	0	0	0	0	0	1	0	0	0	0	0	0	0	0	0	0	0	0	0	0	0	0	0	0	0	0	0	0	0	0	0	0	0	0	0	0	0	
N17	1.4497e-50	2.52406e-25	5.16692e-20	1.68984e-15	1.45572e-11	3.77482e-08	2.90018e-05	0.00574991	0.215153	0.754761	0.0242837	2.3968e-05	5.0617e-09	3.87143e-13	1.38375e-17	2.68406e-22	3.1144e-27	2.31335e-32	1.15566e-37	4.02946e-43	1.00897e-48	1.85515e-54	2.54889e-60	2.65331e-66	2.11537e-72	1.30251e-78	6.233e-85	2.32839e-91	6.80869e-98	1.56046e-104	2.80219e-111	3.93578e-118	4.30924e-125	3.65955e-132	2.39399e-139	1.19553e-146	4.505e-154	1.26214e-161	2.57999e-169	3.7572e-177	9.88302e-185	
Rhamar	0	0	0	0	0	0	0	0	0	1	0	0	0	0	0	0	0	0	0	0	0	0	0	0	0	0	0	0	0	0	0	0	0	0	0	0	0	0	0	0	0	
Rhatem	0	0	0	0	0	0	0	0	0	0	1	0	0	0	0	0	0	0	0	0	0	0	0	0	0	0	0	0	0	0	0	0	0	0	0	0	0	0	0	0	0	
N18	7.50318e-71	4.24735e-43	2.63027e-35	2.51481e-28	6.03621e-22	4.03466e-16	6.90528e-11	2.21087e-06	0.00624357	0.434356	0.544351	0.0150395	7.83591e-06	1.65404e-10	4.08331e-16	2.76841e-22	7.51965e-29	1.00308e-35	7.44323e-43	3.33629e-50	9.56625e-58	1.82854e-65	2.40153e-73	2.21621e-81	1.46087e-89	6.96006e-98	6.58949e-102	1.11701e-101	3.08324e-102	2.38193e-103	6.22579e-105	5.87936e-107	1.99008e-109	2.23998e-112	7.14417e-116	4.8881e-120	5.73572e-125	2.9022e-130	1.16687e-135	3.86725e-141	1.16845e-146	
N19	3.2512e-68	2.79153e-41	2.80008e-34	4.6991e-28	2.21154e-22	3.41569e-17	1.76482e-12	2.80237e-08	0.000108494	0.0553637	0.751162	0.187314	0.0060231	2.85462e-05	5.6956e-09	1.85278e-13	1.49856e-18	4.24685e-24	5.50375e-30	3.80688e-36	1.55019e-42	3.97442e-49	6.73394e-56	7.8176e-63	6.39238e-70	3.76079e-77	1.61835e-84	5.15854e-92	1.22959e-99	2.20657e-107	2.99435e-115	3.07938e-123	2.40008e-131	1.41477e-139	6.28021e-148	2.0852e-156	5.12908e-165	9.22603e-174	1.1929e-182	1.08375e-191	8.07386e-201	
N20	2.92538e-62	3.30179e-36	4.67841e-30	1.19277e-24	9.29024e-20	2.63336e-15	2.84323e-11	1.12222e-07	0.000140334	0.0393557	0.788332	0.167371	0.0047715	2.91645e-05	5.27048e-08	3.29624e-11	6.80638e-15	2.84782e-19	4.73103e-24	3.9827e-29	1.93312e-34	5.86491e-40	1.17538e-45	1.61935e-51	1.58015e-57	1.11718e-63	5.82383e-70	2.26871e-76	6.67165e-83	1.49201e-89	2.55004e-96	3.34001e-103	3.35467e-110	2.57995e-117	1.51367e-124	6.73372e-132	2.25124e-139	5.58751e-147	1.01279e-154	1.31191e-162	2.19024e-170	
FGA379	0	0	0	0	0	0	0	0	0	0	0	0	0	0	0	0	1	0	0	0	0	0	0	0	0	0	0	0	0	0	0	0	0	0	0	0	0	0	0	0	0	
N21	1.59345e-61	1.65349e-35	2.11699e-29	4.77485e-24	3.21009e-19	7.63053e-15	6.67922e-11	2.05626e-07	0.000192956	0.0403952	0.895755	0.063517	0.000139775	4.83067e-08	4.78774e-12	1.87475e-16	3.51414e-21	3.57525e-26	2.15468e-31	8.19777e-37	2.06556e-42	3.57621e-48	4.37921e-54	3.88056e-60	2.53416e-66	1.23743e-72	4.57024e-79	1.2881e-85	2.78902e-92	4.66087e-99	6.02855e-106	6.04126e-113	4.68674e-120	2.80735e-127	1.29235e-134	4.5406e-142	1.20596e-149	2.39043e-157	3.47689e-165	3.62918e-173	4.17172e-181	
N22	4.9364e-68	2.96128e-41	2.137e-34	2.65801e-28	9.59715e-23	1.18509e-17	5.15648e-13	7.41295e-09	2.94368e-05	0.0216238	0.957594	0.0207232	2.99505e-05	7.71215e-09	1.35367e-13	7.47876e-19	1.845e-24	2.4166e-30	1.8669e-36	9.12871e-43	2.97118e-49	6.68139e-56	1.06786e-62	1.23979e-69	1.06347e-76	6.82869e-84	3.31547e-91	1.22626e-98	3.4731e-106	7.557e-114	1.37146e-121	6.60833e-127	1.43569e-131	9.93062e-137	1.82845e-142	7.0887e-149	8.43643e-156	5.07884e-163	1.8552e-170	4.44737e-178	1.24698e-185	
N23	4.02688e-72	1.00154e-44	2.82613e-37	1.28843e-30	1.58083e-24	6.05354e-19	7.28588e-14	2.49836e-09	1.93793e-05	0.0210295	0.977798	0.00115333	5.19196e-08	3.54776e-13	5.72846e-19	3.54976e-25	1.06585e-31	1.77302e-38	1.78031e-45	1.14417e-52	4.90673e-60	1.44728e-67	3.00197e-75	4.44989e-83	4.76754e-91	3.71906e-99	9.76872e-92	1.41015e-91	3.39688e-92	2.35179e-93	5.6711e-95	5.10015e-97	1.69932e-99	1.93557e-102	6.21947e-106	3.76863e-110	4.60891e-115	4.77683e-120	4.16014e-125	3.0081e-130	2.23238e-135	
F3016	0	0	0	0	0	0	0	0	0	0	1	0	0	0	0	0	0	0	0	0	0	0	0	0	0	0	0	0	0	0	0	0	0	0	0	0	0	0	0	0	0	
N24	2.43879e-73	7.54629e-46	2.69655e-38	1.58904e-31	2.57805e-25	1.33799e-19	2.23875e-14	1.09164e-09	1.21467e-05	0.0181641	0.98151	0.000313596	4.89043e-09	1.53421e-14	1.63512e-20	7.7473e-27	1.91392e-33	2.73306e-40	2.42114e-47	1.39928e-54	5.47369e-62	1.48933e-69	2.87625e-77	4.00168e-85	4.05339e-93	3.01003e-101	1.64494e-109	6.62148e-118	1.95965e-126	1.29956e-134	5.94574e-138	1.62265e-141	1.64842e-145	5.3456e-150	4.12201e-155	4.02842e-161	2.13105e-168	6.71932e-176	1.54558e-183	2.54146e-191	3.59122e-199	
N25	6.78974e-74	1.68069e-46	5.00827e-39	2.58628e-32	3.90013e-26	2.02285e-20	3.70999e-15	2.24072e-10	3.64804e-06	0.00990199	0.988827	0.0012672	2.00849e-07	1.32302e-12	2.55022e-18	2.11744e-24	9.14077e-31	2.29665e-37	3.61984e-44	3.77329e-51	2.7041e-58	1.37171e-65	5.03627e-73	1.36145e-80	2.74566e-88	4.17214e-96	4.81175e-104	4.23314e-112	2.84941e-120	1.46925e-128	5.80028e-137	1.74919e-145	4.01348e-154	6.96556e-163	9.07212e-172	8.77679e-181	6.22585e-190	3.18565e-199	1.15182e-208	2.86667e-218	5.97591e-228	
N26	1.05084e-81	2.32381e-53	5.88637e-45	2.46073e-37	2.83882e-30	1.05245e-23	1.26743e-17	4.49825e-12	3.69434e-07	0.00405425	0.995926	1.9e-05	3.12747e-11	1.23962e-17	1.8117e-24	1.22859e-31	4.45068e-39	9.45463e-47	1.25679e-54	1.09547e-62	6.48032e-71	2.66905e-79	7.8003e-88	1.64007e-96	2.50494e-105	2.79621e-114	5.29984e-108	2.45313e-108	1.88101e-109	4.11634e-111	3.11467e-113	8.71395e-116	8.92444e-119	3.06276e-122	2.84583e-126	4.40999e-131	1.01142e-136	1.9512e-142	3.14133e-148	4.16703e-154	4.68273e-160	
N27	4.30526e-79	4.12299e-51	4.59837e-43	8.62027e-36	4.58016e-29	8.11867e-23	4.92488e-17	9.48204e-12	4.72256e-07	0.0037933	0.996067	0.000139718	1.0016e-09	1.43431e-15	6.71528e-22	1.36614e-28	1.42936e-35	8.55521e-43	3.14422e-50	7.45064e-58	1.17814e-65	1.27365e-73	9.57259e-82	5.05675e-90	1.8889e-98	4.9983e-107	7.43503e-108	4.50069e-108	4.3678e-109	1.82022e-109	7.90213e-105	7.58814e-101	1.40714e-97	4.02177e-95	1.04955e-93	4.94098e-94	3.16519e-97	1.6958e-100	7.86334e-104	3.11956e-107	1.22428e-110	
F1476	0	0	0	0	0	0	0	0	0	0	1	0	0	0	0	0	0	0	0	0	0	0	0	0	0	0	0	0	0	0	0	0	0	0	0	0	0	0	0	0	0	
N28	2.98693e-78	1.94539e-50	1.49661e-42	1.97107e-35	7.52245e-29	9.84867e-23	4.57924e-17	7.12326e-12	3.11127e-07	0.00253789	0.993441	0.00401994	1.17362e-06	6.17218e-11	1.06288e-16	5.69533e-23	1.36091e-29	1.71705e-36	1.26254e-43	5.76541e-51	1.70705e-58	3.37603e-66	4.55159e-74	4.23941e-82	2.74891e-90	1.24433e-98	6.51305e-93	2.34552e-93	1.34373e-94	2.12639e-96	3.96872e-94	9.37737e-91	4.3889e-88	3.29081e-86	2.40887e-85	3.65732e-86	2.39601e-89	1.34658e-92	6.52243e-96	2.69188e-99	1.10097e-102	
Furcep	0	0	0	0	0	0	0	0	0	0	0	0	0	1	0	0	0	0	0	0	0	0	0	0	0	0	0	0	0	0	0	0	0	0	0	0	0	0	0	0	0	
N29	3.84413e-74	8.15012e-47	2.07643e-39	9.19667e-33	1.19983e-26	5.4728e-21	9.08246e-16	5.2192e-11	8.91121e-07	0.00320966	0.992447	0.00434233	1.89709e-07	1.59508e-12	4.43597e-18	5.37605e-24	3.35175e-30	1.19769e-36	2.64165e-43	3.79142e-50	3.68036e-57	2.4865e-64	1.19446e-71	4.1448e-79	1.05077e-86	1.96112e-94	2.70641e-102	2.76559e-110	2.08945e-118	1.16187e-126	5.39565e-135	1.85425e-138	2.2265e-141	1.05323e-144	1.52785e-148	2.65095e-153	2.96576e-160	2.08663e-167	1.07986e-174	4.06721e-182	1.29686e-189	
Furpol	0	0	0	0	0	0	0	0	0	0	0	1	0	0	0	0	0	0	0	0	0	0	0	0	0	0	0	0	0	0	0	0	0	0	0	0	0	0	0	0	0	
N30	4.06423e-71	4.09271e-44	5.01697e-37	1.08079e-30	6.91852e-25	1.55936e-19	1.28645e-14	3.69795e-10	3.18755e-06	0.00590829	0.993837	0.000251816	6.58882e-09	4.74072e-14	1.38392e-19	2.01506e-25	1.66097e-31	8.43584e-38	2.80317e-44	6.37012e-51	1.02377e-57	1.19427e-64	1.032e-71	6.71294e-79	3.32885e-86	1.27092e-93	3.76422e-101	8.69716e-109	1.57351e-116	2.234e-124	2.49037e-132	2.17766e-140	1.48986e-148	7.94103e-157	3.27735e-165	1.03868e-173	2.50061e-182	4.5096e-191	5.98319e-200	5.70537e-209	4.49895e-218	
N31	1.54776e-72	2.14342e-45	3.62216e-38	1.07983e-31	9.60395e-26	3.01977e-20	3.48921e-15	1.40923e-10	1.70774e-06	0.00441541	0.99547	0.000113305	1.68496e-09	7.63958e-15	1.48906e-20	1.50206e-26	8.79951e-33	3.23627e-39	7.89964e-46	1.33376e-52	1.60744e-59	1.41713e-66	9.31684e-74	4.63795e-81	1.76934e-88	5.22182e-96	1.20086e-103	2.16337e-111	3.06406e-119	3.41875e-127	3.00644e-135	2.08165e-143	1.13191e-151	4.81299e-160	1.59063e-168	4.05222e-177	7.87241e-186	1.15019e-194	1.24135e-203	9.66898e-213	6.11386e-222	
F2241	0	0	0	0	0	0	0	0	0	0	1	0	0	0	0	0	0	0	0	0	0	0	0	0	0	0	0	0	0	0	0	0	0	0	0	0	0	0	0	0	0	
Furang	0	0	0	0	0	0	0	0	0	0	1	0	0	0	0	0	0	0	0	0	0	0	0	0	0	0	0	0	0	0	0	0	0	0	0	0	0	0	0	0	0	
FGA490	0	0	0	0	0	0	0	0	0	0	1	0	0	0	0	0	0	0	0	0	0	0	0	0	0	0	0	0	0	0	0	0	0	0	0	0	0	0	0	0	0	
N32	2.99015e-77	1.53436e-49	9.37414e-42	9.8501e-35	2.99738e-28	3.11017e-22	1.13273e-16	1.35567e-11	4.44842e-07	0.00267777	0.99684	0.000482089	3.04543e-09	4.45232e-15	2.48829e-21	6.73559e-28	1.01399e-34	9.28897e-42	5.51287e-49	2.21849e-56	6.26384e-64	1.27374e-71	1.90354e-79	2.12388e-87	1.79096e-95	1.1521e-103	5.69329e-112	2.1718e-120	6.41478e-129	1.46902e-137	2.60754e-146	3.58075e-155	3.79068e-164	3.07722e-173	1.90176e-182	8.86338e-192	3.07773e-201	7.84126e-211	1.4375e-220	1.84955e-230	1.75877e-240	
N33	1.05925e-76	3.91826e-49	1.75446e-41	1.37553e-34	3.19545e-28	2.60804e-22	7.77797e-17	8.069e-12	2.50389e-07	0.00166082	0.977785	0.020554	2.13679e-07	5.08297e-13	4.61808e-19	2.03325e-25	4.98114e-32	7.42667e-39	7.17088e-46	4.69044e-53	2.14934e-60	7.0786e-68	1.70875e-75	3.06967e-83	4.1518e-91	4.26503e-99	3.34895e-107	2.01861e-115	9.36281e-124	3.34401e-132	9.18802e-141	1.93706e-149	3.12012e-158	3.81648e-167	3.51646e-176	2.41543e-185	1.2208e-194	4.46606e-204	1.15843e-213	2.07534e-223	2.87585e-233	
N34	2.62027e-82	3.4526e-54	5.43185e-46	1.47991e-38	1.18052e-31	3.26669e-25	3.26057e-19	1.11892e-13	1.14119e-08	0.000251578	0.529011	0.470722	1.48455e-05	4.95035e-11	3.16731e-17	7.2116e-24	7.66992e-31	4.43475e-38	1.53455e-45	3.39314e-53	5.02499e-61	5.16029e-69	3.77239e-77	2.00291e-85	7.84269e-94	2.29123e-102	5.03743e-111	8.38534e-120	1.06092e-128	1.02214e-137	7.49917e-147	4.18235e-156	1.76673e-165	5.62178e-175	1.33733e-184	2.35476e-194	3.03029e-204	2.80464e-214	1.82936e-224	8.19398e-235	2.59959e-245	
N35	5.74023e-79	2.54866e-51	1.39327e-43	1.36296e-36	4.05839e-30	4.39564e-24	1.82383e-18	2.81988e-13	1.45598e-08	0.000197318	0.399062	0.60072	2.10112e-05	1.02896e-10	1.5564e-16	1.01309e-22	3.40241e-29	6.60353e-36	7.99728e-43	6.38347e-50	3.49702e-57	1.3558e-64	3.80903e-72	7.89831e-80	1.2262e-87	1.44109e-95	1.29282e-103	8.90705e-112	4.73187e-120	1.94264e-128	6.16631e-137	1.5115e-145	2.85281e-154	4.12639e-163	4.54344e-172	3.77419e-181	2.33794e-190	1.06402e-199	3.49059e-209	8.05455e-219	1.44815e-228	
N36	2.9477e-77	6.81026e-50	1.9766e-42	1.05e-35	1.74274e-29	1.08558e-23	2.69315e-18	2.61866e-13	9.11591e-09	9.24364e-05	0.167267	0.832574	6.69334e-05	7.66673e-10	2.73133e-15	4.20526e-21	3.35206e-27	1.54921e-33	4.48324e-40	8.58393e-47	1.13287e-53	1.06328e-60	7.2714e-68	3.69285e-75	1.41381e-82	4.12867e-90	9.28062e-98	1.61683e-105	2.19373e-113	2.32525e-121	1.92807e-129	1.25035e-137	6.32924e-146	2.49164e-154	7.5856e-163	1.77205e-171	3.14359e-180	4.17772e-189	4.08658e-198	2.87541e-207	1.63097e-216	
FGA456	0	0	0	0	0	0	0	0	0	0	0	1	0	0	0	0	0	0	0	0	0	0	0	0	0	0	0	0	0	0	0	0	0	0	0	0	0	0	0	0	0	
FGA516	0	0	0	0	0	0	0	0	0	0	0	1	0	0	0	0	0	0	0	0	0	0	0	0	0	0	0	0	0	0	0	0	0	0	0	0	0	0	0	0	0	
F12278	0	0	0	0	0	0	0	0	0	0	0	1	0	0	0	0	0	0	0	0	0	0	0	0	0	0	0	0	0	0	0	0	0	0	0	0	0	0	0	0	0	
N37	4.49218e-77	8.19364e-50	1.90734e-42	8.27642e-36	1.1474e-29	6.13865e-24	1.35567e-18	1.23094e-13	4.28073e-09	4.8057e-05	0.114962	0.868611	0.016335	4.41743e-05	6.82312e-10	3.08058e-15	6.04137e-21	6.20674e-27	3.73601e-33	1.41949e-39	3.58931e-46	6.28116e-53	7.83681e-60	7.13349e-67	4.82316e-74	2.45658e-81	9.52865e-89	2.83811e-96	6.53049e-104	1.16554e-111	1.61706e-119	1.74469e-127	1.46187e-135	9.48232e-144	4.73671e-152	1.80868e-160	5.22629e-169	1.1277e-177	1.78574e-186	2.02847e-195	1.90266e-204	
Furant	0	0	0	0	0	0	0	0	0	0	0	1	0	0	0	0	0	0	0	0	0	0	0	0	0	0	0	0	0	0	0	0	0	0	0	0	0	0	0	0	0	
FGA331	0	0	0	0	0	0	0	0	0	0	0	0	0	1	0	0	0	0	0	0	0	0	0	0	0	0	0	0	0	0	0	0	0	0	0	0	0	0	0	0	0	
FGA465	0	0	0	0	0	0	0	0	0	0	1	0	0	0	0	0	0	0	0	0	0	0	0	0	0	0	0	0	0	0	0	0	0	0	0	0	0	0	0	0	0	
N38	1.40399e-72	2.0061e-45	3.47487e-38	1.05422e-31	9.47357e-26	2.98826e-20	3.43991e-15	1.3759e-10	1.64657e-06	0.00423561	0.995187	0.000575698	1.38424e-08	8.04923e-14	1.81223e-19	1.98753e-25	1.21622e-31	4.53869e-38	1.09915e-44	1.8075e-51	2.08831e-58	1.74001e-65	1.06699e-72	4.89212e-80	1.69791e-87	4.50328e-95	9.19227e-103	1.45138e-110	1.77828e-118	1.69329e-126	1.25295e-134	7.19234e-143	3.1922e-151	1.08989e-159	2.84251e-168	5.61093e-177	8.28377e-186	9.01003e-195	7.08249e-204	3.92553e-213	1.73618e-222	
FGA99	0	0	0	0	0	0	0	0	0	0	1	0	0	0	0	0	0	0	0	0	0	0	0	0	0	0	0	0	0	0	0	0	0	0	0	0	0	0	0	0	0	
N39	4.98427e-73	7.05901e-46	1.22545e-38	3.7759e-32	3.50099e-26	1.1616e-20	1.44119e-15	6.41628e-11	8.94525e-07	0.00288244	0.988578	0.00853806	2.53876e-07	1.73386e-12	4.53077e-18	5.74663e-24	4.06291e-30	1.75194e-36	4.90509e-43	9.33275e-50	1.24871e-56	1.20613e-63	8.58316e-71	4.57225e-78	1.84599e-85	5.70285e-93	1.35781e-100	2.50434e-108	3.58994e-116	4.00607e-124	3.48005e-132	2.34961e-140	1.22897e-148	4.95519e-157	1.52949e-165	3.58121e-174	6.28641e-183	8.14988e-192	7.65547e-201	5.08385e-210	2.71306e-219	
FGA15	0	0	0	0	0	0	0	0	0	0	1	0	0	0	0	0	0	0	0	0	0	0	0	0	0	0	0	0	0	0	0	0	0	0	0	0	0	0	0	0	0	
FGA581	0	0	0	0	0	0	0	0	0	0	0	1	0	0	0	0	0	0	0	0	0	0	0	0	0	0	0	0	0	0	0	0	0	0	0	0	0	0	0	0	0	
FGA104	0	0	0	0	0	0	0	0	0	0	0	0	1	0	0	0	0	0	0	0	0	0	0	0	0	0	0	0	0	0	0	0	0	0	0	0	0	0	0	0	0	
FGA489	0	0	0	0	0	0	0	0	0	0	1	0	0	0	0	0	0	0	0	0	0	0	0	0	0	0	0	0	0	0	0	0	0	0	0	0	0	0	0	0	0	
FGA174	0	0	0	0	0	0	0	0	0	0	0	0	0	1	0	0	0	0	0	0	0	0	0	0	0	0	0	0	0	0	0	0	0	0	0	0	0	0	0	0	0	
FurbGB	0	0	0	0	0	0	0	0	0	0	0	1	0	0	0	0	0	0	0	0	0	0	0	0	0	0	0	0	0	0	0	0	0	0	0	0	0	0	0	0	0	
N40	4.89415e-69	3.18767e-42	2.55694e-35	3.63694e-29	1.55407e-23	2.36695e-18	1.33424e-13	2.62273e-09	1.4781e-05	0.0135666	0.353177	0.476702	0.146705	0.0098007	3.40943e-05	2.30566e-08	3.39601e-12	7.22155e-17	4.7315e-22	1.32241e-27	1.88452e-33	1.53064e-39	7.63915e-46	2.47132e-52	5.39001e-59	8.16289e-66	8.77865e-73	6.8193e-80	3.87557e-87	1.62652e-94	5.07298e-102	1.18019e-109	2.05046e-117	2.65741e-125	2.55972e-133	1.82109e-141	9.48105e-150	3.5664e-158	9.52852e-167	1.7677e-175	3.44572e-184	
N41	2.38861e-67	5.14608e-41	1.43391e-34	7.49318e-29	1.25848e-23	8.19576e-19	2.2056e-14	2.41763e-10	9.74646e-07	0.00108428	0.0711544	0.358644	0.44032	0.127186	0.00160564	4.90192e-06	3.92529e-09	3.51167e-13	1.05626e-17	1.45625e-22	1.07697e-27	4.70635e-33	1.2978e-38	2.36753e-44	2.95987e-50	2.60516e-56	1.64823e-62	7.61754e-69	2.60366e-75	6.64238e-82	1.27308e-88	1.84054e-95	2.01072e-102	1.65903e-109	1.0309e-116	4.79842e-124	1.65925e-131	4.21294e-139	7.73036e-147	1.00335e-154	1.4454e-162	
N42	2.19771e-75	1.08178e-48	6.95873e-42	8.51192e-36	3.40889e-30	5.4292e-25	3.70364e-20	1.08697e-15	1.29095e-11	5.27464e-08	4.92106e-05	0.00580475	0.155888	0.825843	0.0123739	4.055e-05	4.09027e-08	1.20763e-11	3.42043e-16	3.48315e-21	1.71256e-26	4.6911e-32	7.80716e-38	8.36821e-44	6.02273e-50	3.00171e-56	1.06037e-62	2.7022e-69	5.03408e-76	6.92288e-83	7.07518e-90	5.39551e-97	3.07508e-104	1.30872e-111	4.14568e-119	1.08913e-126	2.01601e-132	5.77226e-138	2.14405e-144	2.84718e-151	3.58896e-158	
CGA312	0	0	0	0	0	0	0	0	0	0	0	0	0	0	0	0	0	1	0	0	0	0	0	0	0	0	0	0	0	0	0	0	0	0	0	0	0	0	0	0	0	
N43	1.41898e-88	1.30056e-60	1.45049e-52	2.88601e-45	1.75844e-38	3.96726e-32	3.54765e-26	1.25326e-20	1.63156e-15	6.64054e-11	5.87512e-07	0.00056566	0.0799209	0.911888	0.00762089	4.4572e-06	1.93284e-10	1.4041e-15	2.66129e-21	1.84572e-27	5.79305e-34	9.42907e-41	8.72066e-48	4.88441e-55	1.73388e-62	4.03118e-70	6.28622e-78	4.86098e-84	1.0672e-86	1.68251e-89	1.91703e-91	8.94744e-92	1.84257e-92	1.50363e-93	4.61173e-95	4.74326e-97	1.31548e-99	6.34816e-103	2.19844e-107	1.59056e-112	1.05763e-117	
N44	2.05677e-101	2.78621e-72	4.43704e-63	1.22269e-54	1.00075e-46	2.93815e-39	3.30287e-32	1.41055e-25	2.12401e-19	9.57227e-14	9.29174e-09	9.11568e-05	0.0607936	0.937164	0.00195132	1.76917e-08	7.8271e-15	7.79345e-22	2.80433e-29	4.61052e-37	3.9713e-45	1.955e-53	5.82854e-62	1.09477e-70	1.33072e-79	1.06536e-88	5.68058e-98	5.60874e-102	5.14151e-97	4.74882e-91	7.76056e-86	2.73337e-81	2.27524e-77	5.2953e-71	1.75942e-63	4.12259e-57	2.99668e-52	7.76195e-49	5.50444e-47	1.50785e-46	1.70926e-46	
N45	2.8205e-98	1.05359e-69	4.89272e-61	4.16798e-53	1.12642e-45	1.17918e-38	5.18723e-32	9.75009e-26	7.55371e-20	2.18592e-14	1.92972e-09	3.32314e-05	0.0425559	0.941384	0.0160213	5.22487e-06	4.33968e-11	4.32832e-17	1.24374e-23	1.45982e-30	8.43223e-38	2.68427e-45	5.07114e-53	5.98022e-61	4.55953e-69	2.30299e-77	7.83282e-86	9.05838e-94	1.02414e-94	4.24338e-96	6.37811e-98	3.84896e-100	1.46066e-98	4.96109e-95	3.39405e-92	3.35649e-90	2.24003e-89	6.9028e-90	4.71218e-92	1.81402e-95	6.01381e-99	
N46	3.52943e-96	1.94299e-68	1.4104e-60	1.99749e-53	9.62035e-47	1.9462e-40	1.82524e-34	8.28338e-29	1.82927e-23	1.9118e-18	8.83375e-14	1.5802e-09	8.27696e-06	0.00492951	0.166138	0.809815	0.0191076	1.71499e-06	1.20612e-11	2.50765e-17	2.23849e-23	1.03086e-29	2.73055e-36	4.46622e-43	4.73775e-50	3.37551e-57	1.65666e-64	5.70398e-72	1.39548e-79	2.44257e-84	9.78774e-85	1.80754e-85	1.64353e-86	7.63366e-88	1.83913e-89	2.2917e-91	1.4453e-93	4.41058e-96	6.01457e-99	3.17904e-102	6.03794e-106	
CGA642	0	0	0	0	0	0	0	0	0	0	0	0	0	0	0	0	1	0	0	0	0	0	0	0	0	0	0	0	0	0	0	0	0	0	0	0	0	0	0	0	0	
N47	1.35606e-100	1.4506e-72	2.05335e-64	5.70141e-57	5.4084e-50	2.16307e-43	4.02138e-37	3.62302e-31	1.58843e-25	3.29104e-20	3.0068e-15	1.06128e-10	1.10513e-06	0.00150776	0.105549	0.870242	0.0226713	2.8963e-05	1.96323e-10	3.36585e-16	2.28226e-22	7.55294e-29	1.37984e-35	1.50749e-42	1.04074e-49	4.72265e-57	1.44933e-64	3.07084e-72	4.5583e-80	4.78664e-88	3.57571e-96	1.90367e-104	7.2105e-113	2.13549e-121	6.12643e-126	8.50717e-130	4.81786e-134	8.66112e-139	2.05841e-144	4.26572e-151	3.15215e-158	
CGA763	0	0	0	0	0	0	0	0	0	0	0	0	0	0	0	1	0	0	0	0	0	0	0	0	0	0	0	0	0	0	0	0	0	0	0	0	0	0	0	0	0	
C601	0	0	0	0	0	0	0	0	0	0	0	0	0	0	0	0	0	1	0	0	0	0	0	0	0	0	0	0	0	0	0	0	0	0	0	0	0	0	0	0	0	
N48	6.02611e-93	5.76204e-65	7.01165e-57	1.59999e-49	1.18612e-42	3.49933e-36	4.48246e-30	2.55951e-24	6.39147e-19	6.52807e-14	2.38159e-09	2.37428e-05	0.0337161	0.938713	0.0275274	2.00908e-05	2.11963e-09	9.37214e-15	1.17013e-20	6.04042e-27	1.55491e-33	2.23404e-40	1.93012e-47	1.05617e-54	3.79943e-62	9.23145e-70	1.54468e-77	1.80435e-85	1.48427e-93	8.63748e-102	3.55834e-110	1.03455e-118	2.12028e-127	2.8728e-132	2.80412e-135	9.76429e-139	8.35687e-143	7.80518e-148	2.91178e-154	9.24785e-162	2.31783e-169	
CGA236	0	0	0	0	0	0	0	0	0	0	0	0	0	0	0	0	1	0	0	0	0	0	0	0	0	0	0	0	0	0	0	0	0	0	0	0	0	0	0	0	0	
N49	4.25204e-86	8.11454e-59	2.04102e-51	9.94703e-45	1.62798e-38	1.09777e-32	3.33773e-27	4.72372e-22	3.08165e-17	8.81225e-13	9.95555e-09	3.64988e-05	0.0285676	0.932474	0.0389029	1.89808e-05	1.4062e-09	2.72286e-14	1.85643e-19	5.53611e-25	8.38097e-31	7.14232e-37	3.68913e-43	1.21936e-49	2.68651e-56	4.07025e-63	4.34347e-70	3.32539e-77	1.85242e-84	7.58668e-92	2.30123e-99	5.19338e-107	8.73774e-115	1.0955e-122	1.02046e-130	7.02264e-139	3.53963e-147	1.29082e-155	3.34988e-164	6.05056e-173	9.75118e-182	
N50	4.31642e-84	3.92508e-57	4.82277e-50	1.18003e-43	9.99688e-38	3.61278e-32	6.12999e-27	5.08056e-22	2.0595e-17	3.9466e-13	3.30661e-09	1.04187e-05	0.00904495	0.894686	0.0945909	0.00166007	7.90205e-06	9.9492e-09	2.36669e-13	1.90942e-18	7.30599e-24	1.54823e-29	1.99275e-35	1.65684e-41	9.29708e-48	3.63676e-54	1.01625e-60	2.06677e-67	3.10261e-74	3.47436e-81	2.92402e-88	1.85833e-95	8.9395e-103	3.25476e-110	8.94643e-118	1.84709e-125	2.84148e-133	3.21976e-141	2.64531e-149	1.54254e-157	8.33965e-166	
Calboe	0	0	0	0	0	0	0	0	0	0	0	0	0	1	0	0	0	0	0	0	0	0	0	0	0	0	0	0	0	0	0	0	0	0	0	0	0	0	0	0	0	
C3125	0	0	0	0	0	0	0	0	0	0	0	0	0	0	0	0	0	1	0	0	0	0	0	0	0	0	0	0	0	0	0	0	0	0	0	0	0	0	0	0	0	
CGA429	0	0	0	0	0	0	0	0	0	0	0	0	0	0	1	0	0	0	0	0	0	0	0	0	0	0	0	0	0	0	0	0	0	0	0	0	0	0	0	0	0	
N51	2.77546e-90	2.35124e-62	2.44308e-54	4.5717e-47	2.65897e-40	5.8558e-34	5.2869e-28	1.98795e-22	3.01018e-17	1.6829e-12	2.9538e-08	0.000120941	0.0627405	0.9364	0.000739004	8.73995e-09	1.96821e-14	1.51642e-20	5.23792e-27	9.4543e-34	9.82111e-41	6.26422e-48	2.56628e-55	6.97115e-63	1.28422e-70	1.62935e-78	2.08453e-86	4.21797e-87	4.72718e-88	1.59034e-89	1.98603e-91	1.01623e-93	2.22259e-96	1.01435e-98	6.63119e-96	8.87276e-94	9.64108e-93	6.80128e-93	2.02352e-94	1.34479e-97	6.67803e-101	
C985	0	0	0	0	0	0	0	0	0	0	0	0	0	1	0	0	0	0	0	0	0	0	0	0	0	0	0	0	0	0	0	0	0	0	0	0	0	0	0	0	0	
N52	2.09962e-85	4.65226e-58	1.32541e-50	7.13077e-44	1.25429e-37	8.83123e-32	2.71445e-26	3.73937e-21	2.26658e-16	5.66834e-12	5.14803e-08	0.000133455	0.059006	0.93733	0.00352986	1.8518e-07	1.91164e-12	6.81823e-18	1.09499e-23	9.22502e-30	4.49655e-36	1.35592e-42	2.65302e-49	3.48736e-56	3.15954e-63	2.01035e-70	9.10464e-78	2.96145e-85	6.95416e-93	1.1809e-100	1.44766e-108	1.27455e-116	1.25987e-124	1.09139e-127	1.14624e-130	4.77315e-134	6.40293e-138	1.78356e-142	3.63505e-148	3.65129e-155	3.30599e-162	
CGA310	0	0	0	0	0	0	0	0	0	0	0	0	0	0	1	0	0	0	0	0	0	0	0	0	0	0	0	0	0	0	0	0	0	0	0	0	0	0	0	0	0	
N53	1.07855e-80	6.72845e-54	5.59794e-47	9.12484e-41	5.0531e-35	1.16725e-29	1.23238e-24	6.15075e-20	1.44131e-15	1.51506e-11	6.49314e-08	9.48505e-05	0.0327867	0.94667	0.0204455	3.33323e-06	1.22515e-10	1.68424e-15	1.09943e-20	3.91961e-26	8.36345e-32	1.13869e-37	1.03666e-43	6.5372e-50	2.93387e-56	9.57025e-63	2.30655e-69	4.15984e-76	5.66825e-83	5.8767e-90	4.65772e-97	2.82933e-104	1.31788e-111	4.69968e-119	1.27826e-126	2.6354e-134	4.08191e-142	4.69175e-150	3.93654e-158	2.35875e-166	1.31783e-174	
CGA382	0	0	0	0	0	0	0	0	0	0	0	0	0	0	1	0	0	0	0	0	0	0	0	0	0	0	0	0	0	0	0	0	0	0	0	0	0	0	0	0	0	
CGA494	0	0	0	0	0	0	0	0	0	0	0	0	0	1	0	0	0	0	0	0	0	0	0	0	0	0	0	0	0	0	0	0	0	0	0	0	0	0	0	0	0	
N54	2.22296e-90	6.15738e-63	2.26622e-55	1.63305e-48	3.99957e-42	4.09274e-36	1.92011e-30	4.27868e-25	4.50696e-20	2.14923e-15	4.22883e-11	2.87904e-07	0.000474749	0.081819	0.776603	0.139052	0.00204607	5.04858e-06	1.94073e-09	1.88402e-14	5.49974e-20	7.04116e-26	4.7265e-32	1.84932e-38	4.52276e-45	7.261e-52	7.93e-59	6.04961e-66	3.28807e-73	1.29203e-80	3.70924e-88	7.83497e-96	1.22253e-103	1.4107e-111	1.20183e-119	7.5249e-128	3.43593e-136	1.13116e-144	2.64271e-153	4.28797e-162	6.16047e-171	
N55	7.16627e-94	3.41144e-66	2.15171e-58	2.65477e-51	1.11251e-44	1.94742e-38	1.56357e-32	5.97249e-27	1.08246e-21	8.94996e-17	3.10041e-12	3.8347e-08	0.000122877	0.0447991	0.800591	0.152309	0.00217437	4.4389e-06	1.31011e-10	7.88796e-16	1.62279e-21	1.48523e-27	7.06701e-34	1.93389e-40	3.26288e-47	3.56826e-54	2.6244e-61	1.33456e-68	4.79104e-76	1.23325e-83	2.30197e-91	3.13982e-99	3.14356e-107	2.31381e-115	1.2504e-123	4.94007e-132	1.41618e-140	2.91302e-149	4.2324e-158	4.25142e-167	3.56422e-176	
C12265	0	0	0	0	0	0	0	0	0	0	0	0	0	0	0	0	0	1	0	0	0	0	0	0	0	0	0	0	0	0	0	0	0	0	0	0	0	0	0	0	0	
N56	1.99627e-102	3.58233e-74	8.36164e-66	3.76153e-58	5.67575e-51	3.54135e-44	1.00602e-37	1.35412e-31	8.65309e-26	2.54286e-20	3.20107e-15	1.51913e-10	2.16109e-06	0.00581757	0.8587	0.135477	3.7211e-06	1.53101e-11	1.74068e-17	7.75867e-24	1.65795e-30	1.92566e-37	1.32166e-44	5.68227e-52	1.59586e-59	3.01873e-67	3.93304e-75	3.58664e-83	3.31612e-91	6.46639e-92	1.66739e-92	1.93082e-93	1.07143e-94	2.94575e-96	4.05398e-98	2.7631e-100	9.01769e-103	1.32085e-105	7.74027e-109	1.46692e-112	6.6143e-117	
C404	0	0	0	0	0	0	0	0	0	0	0	0	0	0	1	0	0	0	0	0	0	0	0	0	0	0	0	0	0	0	0	0	0	0	0	0	0	0	0	0	0	
N57	2.13287e-105	5.54777e-77	1.89401e-68	1.25959e-60	2.8424e-53	2.68612e-46	1.17199e-39	2.46101e-33	2.49719e-27	1.18942e-21	2.48706e-16	2.02096e-11	5.1162e-07	0.00256077	0.674491	0.322944	4.24907e-06	8.73287e-12	5.67359e-18	1.58052e-24	2.23764e-31	1.79182e-38	8.72427e-46	2.7183e-53	5.62486e-61	7.94344e-69	7.81038e-77	5.42422e-85	2.68693e-93	9.54969e-102	2.44112e-110	4.4842e-119	5.8954e-128	2.29329e-135	7.36112e-139	1.09688e-142	6.64323e-147	1.3523e-151	6.31519e-157	2.40769e-163	4.30913e-171	
Cl11778	0	0	0	0	0	0	0	0	0	0	0	0	0	0	0	1	0	0	0	0	0	0	0	0	0	0	0	0	0	0	0	0	0	0	0	0	0	0	0	0	0	
CGA594	0	0	0	0	0	0	0	0	0	0	0	0	0	0	0	1	0	0	0	0	0	0	0	0	0	0	0	0	0	0	0	0	0	0	0	0	0	0	0	0	0	
C3134	0	0	0	0	0	0	0	0	0	0	0	0	0	0	0	0	0	0	1	0	0	0	0	0	0	0	0	0	0	0	0	0	0	0	0	0	0	0	0	0	0	
N58	2.31306e-82	2.1165e-55	2.51596e-48	5.66651e-42	4.1797e-36	1.23248e-30	1.57517e-25	8.84979e-21	2.08933e-16	1.82086e-12	4.29205e-09	1.71922e-06	0.000205349	0.00847599	0.119496	0.491582	0.377165	0.00307332	3.44406e-07	5.88145e-12	3.37887e-17	8.85981e-23	1.24388e-28	1.03003e-34	5.36202e-41	1.83403e-47	4.25373e-54	6.84331e-61	7.76085e-68	5.58271e-74	4.88949e-74	2.22208e-74	4.98193e-75	5.7286e-76	3.44047e-77	1.08065e-78	1.74894e-80	1.41068e-82	5.35528e-85	8.723e-88	8.1005e-91	
CGA311	0	0	0	0	0	0	0	0	0	0	0	0	0	0	0	0	0	1	0	0	0	0	0	0	0	0	0	0	0	0	0	0	0	0	0	0	0	0	0	0	0	
N59	1.09638e-89	4.35112e-62	2.182e-54	2.02435e-47	5.97065e-41	6.789e-35	3.20423e-29	6.32384e-24	4.96237e-19	1.3606e-14	9.77331e-11	1.12467e-07	3.31259e-05	0.00286876	0.0722154	0.454028	0.466217	0.00463557	2.48471e-06	3.2641e-11	1.03811e-16	1.25482e-22	7.1759e-29	2.21021e-35	3.99032e-42	4.47717e-49	3.25522e-56	1.58103e-63	5.24429e-71	1.20691e-78	1.94787e-86	2.21888e-94	2.11424e-102	4.04441e-107	1.90593e-111	2.52073e-116	6.1715e-122	5.00801e-128	1.65512e-134	2.46333e-141	2.28113e-148	
N60	4.07266e-97	2.26924e-69	1.66636e-61	2.37808e-54	1.14352e-47	2.27356e-41	2.04511e-35	8.58371e-30	1.66013e-24	1.39704e-19	4.53806e-15	4.58247e-11	1.2268e-07	7.98375e-05	0.0112573	0.274463	0.704878	0.00932144	2.05688e-07	9.84228e-13	1.68479e-18	1.31394e-24	5.39066e-31	1.27893e-37	1.87471e-44	1.78155e-51	1.13766e-58	5.01592e-66	1.55856e-73	3.4659e-81	5.57835e-89	6.54831e-97	5.63196e-105	3.55466e-113	1.6444e-121	5.55211e-130	1.35809e-138	2.38003e-147	2.94188e-156	2.51054e-165	1.76436e-174	
CGA45	0	0	0	0	0	0	0	0	0	0	0	0	0	0	0	0	1	0	0	0	0	0	0	0	0	0	0	0	0	0	0	0	0	0	0	0	0	0	0	0	0	
N61	4.43718e-101	3.23639e-73	3.15851e-65	6.10324e-58	4.06163e-51	1.14729e-44	1.5143e-38	9.7176e-33	3.03608e-27	4.46548e-22	2.86716e-17	7.01873e-13	5.27648e-09	9.51222e-06	0.00326056	0.160816	0.723475	0.112435	3.50319e-06	1.84373e-11	3.19476e-17	2.43362e-23	9.58343e-30	2.16242e-36	2.99955e-43	2.68989e-50	1.61842e-57	6.71742e-65	1.96408e-72	4.10913e-80	6.22155e-88	6.87012e-96	5.55805e-104	3.29963e-112	1.4356e-120	4.55807e-129	1.04822e-137	1.72655e-146	2.00512e-155	1.60697e-164	1.04937e-173	
N62	3.20314e-105	1.99973e-77	1.71391e-69	2.99689e-62	1.86933e-55	5.16176e-49	7.01127e-43	4.93863e-37	1.84109e-31	3.61532e-26	3.63187e-21	1.75974e-16	3.71179e-12	2.85065e-08	5.7122e-05	0.0169803	0.404829	0.578096	3.75651e-05	4.01928e-10	1.3912e-15	2.08959e-21	1.60699e-27	7.03186e-34	1.88219e-40	3.2463e-47	3.74945e-54	2.98539e-61	1.6751e-68	6.73422e-76	1.96357e-83	4.18823e-91	6.56979e-99	7.59674e-107	6.47166e-115	4.04748e-123	1.84586e-131	6.07448e-140	1.4211e-148	2.31506e-157	3.06701e-166	
C3043	0	0	0	0	0	0	0	0	0	0	0	0	0	0	0	0	0	1	0	0	0	0	0	0	0	0	0	0	0	0	0	0	0	0	0	0	0	0	0	0	0	
CGA368	0	0	0	0	0	0	0	0	0	0	0	0	0	0	0	0	0	1	0	0	0	0	0	0	0	0	0	0	0	0	0	0	0	0	0	0	0	0	0	0	0	
CGA364	0	0	0	0	0	0	0	0	0	0	0	0	0	0	0	0	0	1	0	0	0	0	0	0	0	0	0	0	0	0	0	0	0	0	0	0	0	0	0	0	0	
C2208	0	0	0	0	0	0	0	0	0	0	0	0	0	0	0	0	0	0	1	0	0	0	0	0	0	0	0	0	0	0	0	0	0	0	0	0	0	0	0	0	0	
N63	1.75484e-75	3.71192e-49	1.05838e-42	5.9026e-37	1.11284e-31	8.65965e-27	3.01723e-22	4.77762e-18	3.28623e-14	8.5912e-11	6.13941e-08	9.6848e-06	0.000552489	0.0129989	0.125924	0.446554	0.407741	0.00621842	1.20289e-06	5.78241e-11	1.12566e-15	1.10466e-20	6.19021e-26	2.14589e-31	4.86325e-37	7.49886e-43	8.1038e-49	6.27651e-55	3.54346e-61	1.47674e-67	4.58467e-74	1.06684e-80	1.86701e-87	2.45927e-94	2.43396e-101	1.80188e-108	9.90355e-116	3.9969e-123	1.16642e-130	2.41052e-138	5.86737e-146	
N64	7.448e-94	2.65673e-66	1.23993e-58	1.11418e-51	3.3339e-45	4.06112e-39	2.19059e-33	5.34229e-28	5.71212e-23	2.4395e-18	3.42848e-14	1.19579e-10	1.27698e-07	4.47978e-05	0.00497967	0.150441	0.826865	0.0176684	8.72154e-07	7.95855e-12	2.42022e-17	3.22524e-23	2.20776e-29	8.6037e-36	2.04938e-42	3.14058e-49	3.21606e-56	2.26443e-63	1.12017e-70	3.9566e-78	1.00973e-85	1.87702e-93	2.55415e-101	2.54901e-109	1.86384e-117	9.9454e-126	3.84467e-134	1.06499e-142	2.0813e-151	2.80916e-160	3.07799e-169	
CGA453	0	0	0	0	0	0	0	0	0	0	0	0	0	0	0	0	0	1	0	0	0	0	0	0	0	0	0	0	0	0	0	0	0	0	0	0	0	0	0	0	0	
N65	2.50905e-104	2.63182e-76	3.68408e-68	1.0191e-60	9.68432e-54	3.89238e-47	7.27183e-41	6.55194e-35	2.83761e-29	5.66791e-24	4.78553e-19	1.48171e-14	1.48299e-10	4.32746e-07	0.000322935	0.0490778	0.930984	0.0196141	4.12824e-07	1.61011e-12	2.12397e-18	1.24723e-24	3.81455e-31	6.7195e-38	7.30485e-45	5.14951e-52	2.44146e-59	8.00061e-67	1.84968e-74	3.06332e-82	3.67442e-90	3.21592e-98	2.06246e-106	9.70497e-115	3.34543e-123	8.40984e-132	1.52979e-140	1.99068e-149	1.82371e-158	1.15094e-167	5.56922e-177	
CGA501	0	0	0	0	0	0	0	0	0	0	0	0	0	0	0	0	0	1	0	0	0	0	0	0	0	0	0	0	0	0	0	0	0	0	0	0	0	0	0	0	0	
C3121	0	0	0	0	0	0	0	0	0	0	0	0	0	0	0	0	1	0	0	0	0	0	0	0	0	0	0	0	0	0	0	0	0	0	0	0	0	0	0	0	0	
Calparcri	0	0	0	0	0	0	0	0	0	0	0	0	0	0	0	0	0	1	0	0	0	0	0	0	0	0	0	0	0	0	0	0	0	0	0	0	0	0	0	0	0	
N66	1.50849e-73	1.32131e-45	1.28334e-37	1.96364e-30	7.79185e-24	9.0826e-18	2.97753e-12	2.18939e-07	0.00178101	0.283613	0.656706	0.0576471	0.00025308	9.34912e-08	3.99747e-12	2.8679e-17	4.70852e-23	2.27326e-29	4.38433e-36	4.07668e-43	2.05753e-50	6.09908e-58	1.12129e-65	1.3286e-73	1.04254e-81	5.5207e-90	6.38255e-94	5.55413e-97	3.21465e-97	5.61763e-93	1.5099e-89	5.78624e-87	2.41207e-85	5.40716e-85	2.3535e-86	6.91306e-89	5.05101e-92	2.01486e-95	6.46714e-99	1.75371e-102	4.41385e-106	
N67	5.50906e-65	1.24512e-38	3.46183e-32	1.70643e-26	2.53127e-21	1.34569e-16	2.68157e-12	1.91581e-08	4.18563e-05	0.0180812	0.264204	0.550513	0.158952	0.00812213	8.61061e-05	2.0578e-07	1.08172e-10	1.04658e-14	2.17562e-19	1.77383e-24	7.18673e-30	1.64657e-35	2.31589e-41	2.11623e-47	1.30914e-53	5.65406e-60	1.74535e-66	3.92077e-73	6.4981e-80	8.02753e-87	7.44606e-94	5.21017e-101	2.75637e-108	1.10238e-115	3.32465e-123	7.52236e-131	1.2667e-138	1.56934e-146	1.40815e-154	8.95929e-163	5.34915e-171	
N68	8.87756e-67	1.75881e-40	4.41242e-34	2.02717e-28	2.91267e-23	1.57251e-18	3.38301e-14	2.84382e-10	8.4131e-07	0.00067071	0.055023	0.575011	0.332642	0.0357003	0.000944929	6.73321e-06	1.23366e-08	4.21649e-12	2.1859e-16	4.07672e-21	3.59461e-26	1.72918e-31	4.96499e-37	9.05204e-43	1.09601e-48	9.11461e-55	5.34172e-61	2.25034e-67	6.91903e-74	1.57059e-80	2.65416e-87	3.35783e-94	3.18984e-101	2.27669e-108	1.21849e-115	4.86781e-123	1.44062e-130	3.12369e-138	4.8866e-146	5.40092e-154	6.07375e-162	
N69	2.04909e-68	5.07194e-42	1.58778e-35	9.0982e-30	1.6303e-24	1.09848e-19	2.95701e-15	3.13304e-11	1.19313e-07	0.000132111	0.0258423	0.586224	0.348439	0.0382981	0.00105694	7.91981e-06	1.44878e-08	3.74689e-12	1.10651e-16	1.1847e-21	6.12802e-27	1.76689e-32	3.10039e-38	3.51448e-44	2.68653e-50	1.42988e-56	5.42914e-63	1.49819e-69	3.04761e-76	4.61862e-83	5.25423e-90	4.50895e-97	2.92592e-104	1.43577e-111	5.31494e-119	1.47682e-126	3.05576e-134	4.65505e-142	5.13961e-150	4.02634e-158	3.03703e-166	
N70	9.71789e-78	6.08814e-51	4.97022e-44	7.72165e-38	3.93492e-32	8.00579e-27	7.03051e-22	2.69545e-17	4.30208e-13	2.50781e-09	3.91681e-06	0.000886806	0.021931	0.162497	0.412017	0.334325	0.066761	0.00157817	1.03822e-07	1.51673e-12	8.56219e-18	2.36816e-23	3.66491e-29	3.45376e-35	2.10068e-41	8.59959e-48	2.44431e-54	4.93841e-61	7.21901e-68	7.73747e-75	6.13953e-82	3.63005e-89	1.60524e-96	5.31459e-104	1.31528e-111	2.4227e-119	3.29681e-127	3.27827e-135	2.34581e-143	1.18289e-151	5.8637e-160	
Triowe	0	0	0	0	0	0	0	0	0	0	0	0	0	0	0	0	0	1	0	0	0	0	0	0	0	0	0	0	0	0	0	0	0	0	0	0	0	0	0	0	0	
N71	1.42724e-80	9.85056e-54	9.05566e-47	1.62596e-40	9.86437e-35	2.47315e-29	2.78907e-24	1.44562e-19	3.34067e-15	3.1253e-11	9.46753e-08	5.21785e-05	0.00320797	0.0535178	0.281527	0.456223	0.192498	0.0129698	3.10092e-06	1.40603e-10	2.18002e-15	1.50733e-20	5.41783e-26	1.11833e-31	1.42074e-37	1.16817e-43	6.45432e-50	2.46563e-56	6.65559e-63	1.29063e-69	1.82015e-76	1.88313e-83	1.43721e-90	8.11255e-98	3.38588e-105	1.04152e-112	2.34615e-120	3.83125e-128	4.46983e-136	3.65089e-144	3.10318e-152	
Trijoh	0	0	0	0	0	0	0	0	0	0	0	0	0	0	0	0	0	1	0	0	0	0	0	0	0	0	0	0	0	0	0	0	0	0	0	0	0	0	0	0	0	
Trimel	0	0	0	0	0	0	0	0	0	0	0	0	0	0	0	0	0	1	0	0	0	0	0	0	0	0	0	0	0	0	0	0	0	0	0	0	0	0	0	0	0	
N72	2.92172e-69	9.39577e-43	3.77411e-36	2.73548e-30	6.09993e-25	5.02248e-20	1.62044e-15	2.02167e-11	9.00295e-08	0.000120698	0.0347142	0.961491	0.0036725	1.65251e-06	1.61156e-10	4.85347e-15	5.86802e-20	3.42451e-25	1.09387e-30	2.08804e-36	2.53794e-42	2.05913e-48	1.15597e-54	4.61679e-61	1.34062e-67	2.87909e-74	4.63435e-81	5.64912e-88	5.25514e-95	3.75122e-102	2.06169e-109	8.7372e-117	2.85386e-124	7.16743e-132	1.37792e-139	2.01401e-147	2.21691e-155	1.81441e-163	1.08564e-171	4.64409e-180	1.92289e-188	
N73	1.54608e-72	1.13563e-45	1.02941e-38	1.668e-32	8.21842e-27	1.47289e-21	1.01401e-16	2.62618e-12	2.33136e-08	5.83831e-05	0.0278375	0.971651	0.00045262	2.2666e-08	3.06921e-13	1.64682e-18	4.30837e-24	6.25194e-30	5.48951e-36	3.10312e-42	1.18238e-48	3.14481e-55	5.99907e-62	8.38439e-69	8.73081e-76	6.86412e-83	4.11672e-90	1.89835e-97	6.76946e-105	1.8739e-112	4.03496e-120	6.7603e-128	8.80049e-136	8.87263e-144	6.89187e-152	4.09378e-160	1.84092e-168	6.18443e-177	1.52537e-185	2.70012e-194	4.10768e-203	
Trihoe	0	0	0	0	0	0	0	0	0	0	0	1	0	0	0	0	0	0	0	0	0	0	0	0	0	0	0	0	0	0	0	0	0	0	0	0	0	0	0	0	0	
Tribit	0	0	0	0	0	0	0	0	0	0	0	1	0	0	0	0	0	0	0	0	0	0	0	0	0	0	0	0	0	0	0	0	0	0	0	0	0	0	0	0	0	
Trijac	0	0	0	0	0	0	0	0	0	0	0	1	0	0	0	0	0	0	0	0	0	0	0	0	0	0	0	0	0	0	0	0	0	0	0	0	0	0	0	0	0	
N74	4.24256e-75	1.17887e-48	4.3444e-42	3.09489e-36	7.35992e-31	7.12725e-26	3.04632e-21	5.82939e-17	4.77545e-13	1.47095e-09	1.24492e-06	0.000198585	0.00660612	0.0738791	0.305071	0.436086	0.169237	0.00891897	1.43875e-06	5.21251e-11	7.36527e-16	5.13786e-21	2.01812e-26	4.85294e-32	7.56638e-38	7.97151e-44	5.85146e-50	3.06251e-56	1.16292e-62	3.24589e-69	6.72235e-76	1.03958e-82	1.20471e-89	1.04712e-96	6.81498e-104	3.30645e-111	1.18697e-118	3.11823e-126	5.90322e-134	7.88624e-142	1.12912e-149	
Tricri	0	0	0	0	0	0	0	0	0	0	0	0	0	0	0	0	0	1	0	0	0	0	0	0	0	0	0	0	0	0	0	0	0	0	0	0	0	0	0	0	0	
N75	8.22071e-82	5.05927e-55	4.15266e-48	6.67039e-42	3.62894e-36	8.18304e-31	8.33152e-26	3.919e-21	8.28403e-17	7.19475e-13	2.1084e-09	1.40768e-06	0.000191328	0.00767815	0.0996924	0.402003	0.421216	0.0691971	1.99991e-05	1.07582e-09	1.96653e-14	1.59806e-19	6.73875e-25	1.63005e-30	2.42492e-36	2.33355e-42	1.50845e-48	6.7401e-55	2.12766e-61	4.82438e-68	7.95486e-75	9.62203e-82	8.58533e-89	5.66552e-96	2.76443e-103	9.94178e-111	2.61836e-118	4.99937e-126	6.8201e-134	6.51399e-142	6.18902e-150	
Triwie	0	0	0	0	0	0	0	0	0	0	0	0	0	0	0	0	0	1	0	0	0	0	0	0	0	0	0	0	0	0	0	0	0	0	0	0	0	0	0	0	0	
Triqua	0	0	0	0	0	0	0	0	0	0	0	0	0	0	0	0	0	1	0	0	0	0	0	0	0	0	0	0	0	0	0	0	0	0	0	0	0	0	0	0	0	
N76	4.3857e-63	2.79801e-37	2.36804e-31	3.83881e-26	2.0506e-21	4.3768e-17	4.00526e-13	1.56398e-09	2.38762e-06	0.0010971	0.0373097	0.230175	0.401836	0.258024	0.0651944	0.0061768	0.000183292	1.09419e-06	4.6049e-10	5.21643e-14	2.427e-18	5.69726e-23	7.61534e-28	6.27259e-33	3.36402e-38	1.22269e-43	3.10317e-49	5.62546e-55	7.41029e-61	7.18512e-67	5.17629e-73	2.78825e-79	1.12701e-85	3.42162e-92	7.79015e-99	1.32428e-105	1.66854e-112	1.54126e-119	1.02795e-126	4.84921e-134	3.61556e-141	
N77	5.04483e-70	4.31048e-44	4.98827e-38	1.13507e-32	8.78198e-28	2.82217e-23	4.08837e-19	2.71003e-15	7.8462e-12	8.62353e-09	2.50901e-06	0.000189924	0.00498002	0.0527723	0.235455	0.421141	0.253883	0.0315519	2.41363e-05	4.18296e-09	2.82154e-13	9.3567e-18	1.73895e-22	1.96922e-27	1.43932e-32	7.0785e-38	2.41597e-43	5.85831e-49	1.02732e-54	1.32039e-60	1.25603e-66	8.90208e-73	4.71917e-79	1.87355e-85	5.56284e-92	1.23018e-98	2.01173e-105	2.4068e-112	2.07506e-119	1.26291e-126	1.02789e-133	
Kinboe	0	0	0	0	0	0	0	0	0	0	0	0	0	0	0	0	0	1	0	0	0	0	0	0	0	0	0	0	0	0	0	0	0	0	0	0	0	0	0	0	0	
Kinfis	0	0	0	0	0	0	0	0	0	0	0	0	0	0	0	0	0	1	0	0	0	0	0	0	0	0	0	0	0	0	0	0	0	0	0	0	0	0	0	0	0	
Kinxen	0	0	0	0	0	0	0	0	0	0	0	0	0	0	0	0	0	1	0	0	0	0	0	0	0	0	0	0	0	0	0	0	0	0	0	0	0	0	0	0	0	
N78	3.29422e-55	1.70259e-40	1.54128e-35	5.22612e-29	7.5696e-23	3.19737e-17	4.00426e-12	1.34342e-07	0.00088055	0.212077	0.682612	0.102925	0.00150141	5.05466e-06	5.24762e-09	1.83145e-12	2.0037e-16	4.93298e-21	4.46943e-26	1.83651e-31	3.82707e-37	4.3263e-43	2.76823e-49	1.02945e-55	2.25823e-62	3.35387e-69	3.35174e-74	1.47341e-78	3.69843e-83	1.7326e-87	1.80935e-86	1.12822e-85	2.33522e-85	8.45939e-86	1.1356e-87	1.19176e-90	7.03636e-94	3.47966e-97	1.48513e-100	5.41274e-104	1.9197e-107	
N79	1.86028e-54	3.43737e-29	8.01278e-24	3.33241e-19	4.19297e-15	1.8991e-11	3.23795e-08	1.99581e-05	0.00387754	0.172827	0.681204	0.14146	0.000612075	4.98493e-07	1.36346e-10	1.65326e-14	1.04542e-18	3.83198e-23	8.76453e-28	1.31994e-32	1.36302e-37	9.95758e-43	5.27431e-48	2.06527e-53	6.0716e-59	1.35664e-64	2.32615e-70	3.08329e-76	3.17633e-82	2.55221e-88	1.60251e-94	7.86441e-101	3.01215e-107	8.97481e-114	2.06951e-120	3.66605e-127	4.93958e-134	4.99605e-141	3.72849e-148	2.00749e-155	1.54159e-162	
N80	1.04249e-63	2.38592e-37	6.43324e-31	2.90885e-25	3.70145e-20	1.55595e-15	2.21957e-11	1.00738e-07	0.000122856	0.028388	0.560475	0.410918	9.63414e-05	3.79132e-09	4.90186e-14	2.79864e-19	8.3428e-25	1.44568e-30	1.56815e-36	1.12351e-42	5.53503e-49	1.93401e-55	4.91005e-62	9.23175e-69	1.30499e-75	1.40353e-82	1.15918e-89	7.40369e-97	3.67534e-104	1.42268e-111	4.30084e-119	1.0153e-126	1.86837e-134	2.67069e-142	2.9492e-150	2.49677e-158	1.60394e-166	7.71439e-175	2.72971e-183	6.94557e-192	1.6382e-200	
N81	1.83333e-71	2.20517e-44	3.14274e-37	7.63205e-31	5.31263e-25	1.24758e-19	1.01809e-14	2.71268e-10	1.99075e-06	0.00279046	0.299542	0.697619	4.61409e-05	4.56809e-10	1.426e-15	1.93186e-21	1.35596e-27	5.51377e-34	1.40176e-40	2.35337e-47	2.71766e-54	2.22694e-61	1.32657e-68	5.85471e-76	1.94321e-83	4.90755e-91	9.51636e-99	1.42655e-106	1.66113e-114	1.50704e-122	1.06664e-130	5.88763e-139	2.52937e-147	8.42551e-156	2.16377e-164	4.25032e-173	6.31927e-182	7.01458e-191	5.71109e-200	3.33257e-209	1.55826e-218	
N82	3.11836e-71	2.42562e-44	2.3298e-37	3.99582e-31	2.07605e-25	3.88982e-20	2.75106e-15	7.06485e-11	5.76727e-07	0.00110544	0.216874	0.781865	0.000155521	4.20007e-09	3.4761e-14	1.2352e-19	2.26438e-25	2.4016e-31	1.59261e-37	6.98049e-44	2.10731e-50	4.52153e-57	7.06551e-64	8.1961e-71	7.16503e-78	4.77647e-85	2.45047e-92	9.74165e-100	3.01567e-107	7.29205e-115	1.37924e-122	2.0401e-130	2.35533e-138	2.1147e-146	1.46829e-154	7.82266e-163	3.16495e-171	9.59303e-180	2.14028e-188	3.43505e-197	4.76745e-206	
Chaafr	0	0	0	0	0	0	0	0	0	0	0	1	0	0	0	0	0	0	0	0	0	0	0	0	0	0	0	0	0	0	0	0	0	0	0	0	0	0	0	0	0	
Chacha	0	0	0	0	0	0	0	0	0	0	0	1	0	0	0	0	0	0	0	0	0	0	0	0	0	0	0	0	0	0	0	0	0	0	0	0	0	0	0	0	0	
N83	1.36525e-71	1.05594e-44	1.0133e-37	1.7472e-31	9.19677e-26	1.76294e-20	1.29222e-15	3.50204e-11	3.10145e-07	0.000677568	0.173351	0.825799	0.000172097	4.93421e-09	4.35249e-14	1.65135e-19	3.23555e-25	3.67018e-31	2.60433e-37	1.2219e-43	3.94988e-50	9.07736e-57	1.51963e-63	1.88893e-70	1.76979e-77	1.26468e-84	6.95605e-92	2.96516e-99	9.84371e-107	2.55292e-114	5.17955e-122	8.21886e-130	1.01804e-137	9.80739e-146	7.30706e-154	4.17777e-162	1.81404e-170	5.90137e-179	1.41322e-187	2.43465e-196	3.57945e-205	
Chacaly	0	0	0	0	0	0	0	0	0	0	0	1	0	0	0	0	0	0	0	0	0	0	0	0	0	0	0	0	0	0	0	0	0	0	0	0	0	0	0	0	0	
Chazey	0	0	0	0	0	0	0	0	0	0	0	1	0	0	0	0	0	0	0	0	0	0	0	0	0	0	0	0	0	0	0	0	0	0	0	0	0	0	0	0	0	
N84	9.14129e-64	1.69094e-37	3.80756e-31	1.49328e-25	1.72067e-20	6.88053e-16	9.88144e-12	4.81952e-08	6.79992e-05	0.0196263	0.51036	0.469668	0.000277419	2.31803e-08	5.99253e-13	6.67136e-18	3.83495e-23	1.27541e-28	2.65118e-34	3.64058e-40	3.4413e-46	2.31071e-52	1.12939e-58	4.09593e-65	1.11903e-71	2.33064e-78	3.73481e-85	4.6371e-92	4.48309e-99	3.38568e-106	2.00034e-113	9.24464e-121	3.3359e-128	9.36531e-136	2.03436e-143	3.393e-151	4.30057e-159	4.08699e-167	2.86158e-175	1.4428e-183	7.32723e-192	
Chadil	0	0	0	0	0	0	0	0	0	0	0	1	0	0	0	0	0	0	0	0	0	0	0	0	0	0	0	0	0	0	0	0	0	0	0	0	0	0	0	0	0	
Chasen	0	0	0	0	0	0	0	0	0	0	0	1	0	0	0	0	0	0	0	0	0	0	0	0	0	0	0	0	0	0	0	0	0	0	0	0	0	0	0	0	0	
Chanam	0	0	0	0	0	0	0	0	0	0	0	1	0	0	0	0	0	0	0	0	0	0	0	0	0	0	0	0	0	0	0	0	0	0	0	0	0	0	0	0	0	
N85	8.49548e-65	7.18494e-40	3.73019e-33	3.60408e-27	1.11261e-21	1.31568e-16	6.20742e-12	1.08434e-07	0.000528152	0.141271	0.5653	0.251481	0.0386954	0.00263709	8.52909e-05	1.26863e-06	7.49992e-09	1.18768e-11	8.02279e-15	2.75243e-18	5.96411e-22	4.28593e-22	9.29623e-23	1.06457e-24	6.62176e-27	2.87882e-29	8.67339e-32	1.7638e-34	2.3134e-37	1.80777e-40	7.24602e-44	1.09711e-47	8.33165e-52	3.66628e-56	1.00904e-60	1.81298e-65	2.17715e-70	1.76588e-75	9.67718e-81	3.62959e-86	1.48106e-90	
Riebrev	0	0	0	0	0	0	0	0	0	0	0	0	0	0	0	0	0	0	0	0	0	0	0	0	0	0	0	0	0	0	1	0	0	0	0	0	0	0	0	0	0	
N86	7.05215e-82	4.95595e-55	4.59542e-48	8.11632e-42	4.70862e-36	1.09201e-30	1.09303e-25	4.7556e-21	8.47571e-17	5.23602e-13	7.16351e-10	3.20511e-07	5.49344e-05	0.00366556	0.0861764	0.53694	0.373141	2.10502e-05	2.61231e-10	1.27079e-15	3.07978e-21	4.24289e-27	3.61077e-33	2.0087e-39	7.60623e-46	2.01972e-52	3.84541e-59	5.33798e-66	5.46975e-73	4.17419e-80	2.38651e-87	1.02558e-94	3.31572e-102	8.05257e-110	1.46332e-117	1.97683e-125	1.96666e-133	1.42247e-141	7.35444e-150	2.65994e-158	1.07894e-166	
N87	4.48541e-75	6.66588e-60	1.02572e-54	4.209e-50	1.82176e-49	7.1604e-44	2.6757e-37	4.01317e-31	2.29195e-25	4.31784e-20	1.96525e-15	2.36661e-11	8.03146e-08	7.30036e-05	0.0147134	0.425617	0.559593	3.67598e-06	3.39595e-12	9.49544e-19	1.10105e-25	6.25257e-33	1.92098e-40	3.5639e-48	3.37805e-51	2.90287e-53	1.0165e-55	1.28883e-58	4.70984e-62	3.34429e-66	7.73045e-71	1.50296e-75	2.46485e-80	3.4141e-85	3.99275e-90	3.93516e-95	3.25682e-100	2.25096e-105	1.28908e-110	6.05115e-116	2.52175e-121	
N88	4.94725e-84	6.67882e-59	1.15442e-53	2.21988e-49	1.31287e-47	1.32259e-46	1.45914e-40	3.71562e-34	4.07365e-28	1.75759e-22	2.51785e-17	1.01128e-12	1.02331e-08	2.29362e-05	0.00901552	0.389262	0.601694	5.05733e-06	5.44923e-12	1.73008e-18	2.25097e-25	1.42445e-32	4.85338e-40	9.46961e-48	1.09685e-55	7.67142e-64	8.8545e-72	3.35433e-77	5.40983e-83	2.27676e-89	4.37326e-96	6.40941e-103	7.17774e-110	6.12802e-117	3.97026e-124	1.9382e-131	7.05884e-139	1.89244e-146	3.66962e-154	5.02892e-162	5.35017e-170	
Braset	0	0	0	0	0	0	0	0	0	0	0	0	0	0	0	0	1	0	0	0	0	0	0	0	0	0	0	0	0	0	0	0	0	0	0	0	0	0	0	0	0	
N89	5.19379e-103	1.13683e-75	1.80515e-68	3.2827e-62	1.55561e-55	9.44306e-49	2.71997e-42	3.88781e-36	2.78551e-30	9.81119e-25	1.61425e-19	1.13031e-14	2.87183e-10	2.00992e-06	0.00245973	0.26386	0.733657	2.21968e-05	8.91571e-11	1.06594e-16	5.31223e-23	1.32644e-29	1.86124e-36	1.58589e-43	8.6693e-51	3.16562e-58	7.95827e-66	1.40921e-73	1.78814e-81	1.64678e-89	1.11075e-97	5.51951e-106	2.02679e-114	5.50148e-123	1.10124e-131	1.6172e-140	1.72783e-149	1.32712e-158	7.20884e-168	2.70875e-177	7.76191e-187	
N90	3.0914e-120	1.96801e-91	1.69114e-82	2.92462e-74	1.78261e-66	4.76013e-59	6.19885e-52	4.15816e-45	1.46972e-38	2.73224e-32	2.60514e-26	1.20877e-20	2.49097e-15	1.94863e-10	4.31577e-06	0.0136016	0.986383	1.09617e-05	1.65501e-11	7.49158e-18	1.41785e-24	1.34606e-31	7.18148e-39	2.32449e-46	4.81872e-54	6.65591e-62	6.30868e-70	4.1947e-78	1.98897e-86	6.80642e-95	1.69498e-103	3.08723e-112	4.12182e-121	4.03171e-130	2.87973e-139	1.49283e-148	5.56454e-158	1.47219e-167	2.71659e-177	3.41584e-187	3.12778e-197	
Bramel	0	0	0	0	0	0	0	0	0	0	0	0	0	0	0	0	1	0	0	0	0	0	0	0	0	0	0	0	0	0	0	0	0	0	0	0	0	0	0	0	0	
Bratha	0	0	0	0	0	0	0	0	0	0	0	0	0	0	0	0	1	0	0	0	0	0	0	0	0	0	0	0	0	0	0	0	0	0	0	0	0	0	0	0	0	
N91	3.57894e-111	6.33158e-83	1.5326e-74	7.55071e-67	1.32356e-59	1.02408e-52	3.88528e-46	7.61735e-40	7.87438e-34	4.27124e-28	1.18095e-22	1.57084e-17	9.10013e-13	1.93391e-08	0.000108732	0.0717342	0.928124	3.28676e-05	1.55756e-10	2.20248e-16	1.29985e-22	3.8476e-29	6.4078e-36	6.48988e-43	4.22514e-50	1.84183e-57	5.54373e-65	1.17933e-72	1.80491e-80	2.01392e-88	1.65416e-96	1.00664e-104	4.55524e-113	1.53427e-121	3.83967e-130	7.10765e-139	9.6582e-148	9.5267e-157	6.7158e-166	3.31236e-175	1.25484e-184	
Bradra	0	0	0	0	0	0	0	0	0	0	0	0	0	0	0	0	1	0	0	0	0	0	0	0	0	0	0	0	0	0	0	0	0	0	0	0	0	0	0	0	0	
Bratra	0	0	0	0	0	0	0	0	0	0	0	0	0	0	0	0	1	0	0	0	0	0	0	0	0	0	0	0	0	0	0	0	0	0	0	0	0	0	0	0	0	
N92	4.56713e-106	4.20707e-78	5.27574e-70	1.33694e-62	1.19524e-55	4.66946e-49	8.83798e-43	8.51989e-37	4.25454e-31	1.09055e-25	1.38573e-20	8.17065e-16	2.00003e-11	1.68496e-07	0.000349298	0.0929469	0.906654	4.95259e-05	3.85417e-10	9.13062e-16	9.10858e-22	4.57918e-28	1.29902e-34	2.24553e-41	2.49893e-48	1.86441e-55	9.61542e-63	3.5088e-70	9.22206e-78	1.76921e-85	2.50168e-93	2.62449e-101	2.05043e-109	1.19426e-117	5.17751e-126	1.66344e-134	3.93114e-143	6.75868e-152	8.32412e-161	7.19109e-170	4.93415e-179	
Bragut	0	0	0	0	0	0	0	0	0	0	0	0	0	0	0	0	1	0	0	0	0	0	0	0	0	0	0	0	0	0	0	0	0	0	0	0	0	0	0	0	0	
Braven	0	0	0	0	0	0	0	0	0	0	0	0	0	0	0	0	1	0	0	0	0	0	0	0	0	0	0	0	0	0	0	0	0	0	0	0	0	0	0	0	0	
N93	3.88077e-92	8.31424e-65	2.367e-57	1.31808e-50	2.48523e-44	1.94267e-38	6.86642e-33	1.12627e-27	8.40712e-23	2.67681e-18	3.26255e-14	1.41578e-10	2.10613e-07	9.99053e-05	0.0128761	0.320218	0.666704	0.000101457	2.27311e-09	1.56633e-14	4.56531e-20	6.72166e-26	5.59264e-32	2.83855e-38	9.28311e-45	2.03706e-51	3.09256e-58	3.325e-65	2.57736e-72	1.4599e-79	6.10248e-87	1.89516e-94	4.3897e-102	7.59285e-110	9.79348e-118	9.37998e-126	6.6227e-134	3.4097e-142	1.26074e-150	3.27857e-159	7.24858e-168	
Brapum	0	0	0	0	0	0	0	0	0	0	0	0	0	0	0	0	1	0	0	0	0	0	0	0	0	0	0	0	0	0	0	0	0	0	0	0	0	0	0	0	0	
Bradam	0	0	0	0	0	0	0	0	0	0	0	0	0	0	0	0	1	0	0	0	0	0	0	0	0	0	0	0	0	0	0	0	0	0	0	0	0	0	0	0	0	
