NODE	1	2	3	4	5	6	7	8	9	10	11	12	13	14	15	16	17	18	19	20	21	22	23	24	25	26	27	28	29	30	31	32	33	34	35	36	37	38	39	40	41	
N1	6.39105e-33	1.95576e-27	1.53372e-25	1.4756e-21	3.1062e-19	7.04266e-21	4.55083e-19	3.21116e-16	3.68154e-14	5.76215e-14	6.07371e-15	2.09784e-16	7.90044e-17	2.58907e-15	2.23147e-13	6.97783e-12	5.60012e-11	1	5.54231e-11	1.15762e-11	1.15003e-12	6.46342e-14	2.31711e-15	5.76623e-17	1.05938e-18	1.50503e-20	1.7136e-22	1.60856e-24	1.27359e-26	8.66589e-29	5.14668e-31	2.703e-33	1.26937e-35	5.38134e-38	2.07645e-40	7.34499e-43	2.39675e-45	7.25456e-48	2.04683e-50	5.40709e-53	1.41343e-55	
N2	2.2469e-36	7.89863e-31	8.42924e-28	4.46019e-24	6.87215e-22	3.82091e-22	5.95636e-20	3.78974e-17	8.23874e-15	4.84512e-13	5.14656e-12	1.93946e-11	6.76796e-11	6.59578e-09	2.89369e-06	0.000592946	0.0416093	0.685444	0.249932	0.0216904	0.000716775	1.16769e-05	1.10072e-07	6.77252e-10	4.88144e-12	3.62921e-12	5.73152e-13	5.8025e-13	6.78386e-14	4.18279e-14	3.82455e-15	1.46648e-15	1.05932e-16	2.45995e-17	1.18513e-18	1.42798e-19	7.64469e-22	1.41723e-23	4.5319e-26	7.09415e-28	1.18268e-29	
N3	8.10521e-43	1.49629e-35	3.6593e-32	1.98311e-26	1.86279e-22	2.90763e-23	5.30104e-20	1.54963e-15	7.01432e-12	8.70607e-11	3.1746e-11	2.79468e-12	3.72622e-13	2.67682e-10	3.87262e-07	0.000187793	0.0227329	0.416419	0.483584	0.0740871	0.00294336	4.44339e-05	3.21934e-07	1.33726e-09	4.52777e-12	1.0978e-13	2.14139e-15	9.22022e-17	1.2028e-18	2.95176e-20	2.56188e-22	3.7456e-24	2.11542e-26	1.85262e-28	6.1473e-31	3.08019e-33	4.69861e-36	1.24212e-38	1.23574e-41	2.39784e-44	3.17089e-47	
N4	1.34731e-42	1.07819e-35	5.358e-32	1.12023e-26	2.58241e-23	6.10618e-23	1.57705e-19	8.68571e-16	4.65817e-13	2.48935e-12	7.67825e-13	3.01227e-13	1.16666e-12	1.07849e-09	1.04409e-06	0.000344234	0.028836	0.404978	0.477748	0.083941	0.00407387	7.77489e-05	7.2549e-07	3.83008e-09	1.27785e-11	6.25035e-14	2.2481e-15	9.73585e-16	4.60855e-17	1.19846e-17	3.80917e-19	6.02207e-20	1.15858e-21	1.16756e-22	1.05988e-24	7.08045e-26	2.03167e-28	7.4566e-30	1.20112e-32	2.12879e-34	6.01042e-37	
B3088	0	0	0	0	0	0	0	0	0	0	0	0	0	0	0	0	0	1	0	0	0	0	0	0	0	0	0	0	0	0	0	0	0	0	0	0	0	0	0	0	0	
N5	1.36189e-39	1.54353e-33	5.82362e-30	1.75284e-25	7.53511e-23	8.84547e-22	9.2746e-19	9.15011e-16	1.25829e-13	8.27003e-13	3.63851e-12	1.06111e-11	7.60108e-11	2.16625e-08	7.70299e-06	0.00107303	0.0453361	0.410085	0.448216	0.0894198	0.0057	0.000160244	2.41602e-06	2.22169e-08	1.36606e-10	1.0049e-12	5.52541e-14	4.18384e-14	4.02397e-15	1.96392e-15	1.37074e-16	4.2904e-17	1.96602e-18	4.07255e-19	9.77204e-21	1.38143e-21	1.20635e-23	1.02452e-24	4.97277e-27	2.1793e-28	1.86134e-30	
BGA709	0	0	0	0	0	0	0	0	0	0	0	0	0	0	0	0	0	1	0	0	0	0	0	0	0	0	0	0	0	0	0	0	0	0	0	0	0	0	0	0	0	
BGA309	0	0	0	0	0	0	0	0	0	0	0	0	0	0	0	0	0	1	0	0	0	0	0	0	0	0	0	0	0	0	0	0	0	0	0	0	0	0	0	0	0	
N6	1.41563e-42	1.83342e-35	3.33734e-32	1.24938e-26	2.48697e-23	3.83444e-24	1.11264e-20	1.57603e-16	4.95773e-13	1.78452e-12	5.20457e-13	5.82399e-14	1.87896e-14	3.44284e-11	8.04661e-08	6.5564e-05	0.0140529	0.463032	0.476751	0.0450769	0.00101371	8.49953e-06	3.42509e-08	7.79325e-11	1.13054e-13	2.48629e-16	2.19611e-18	9.6236e-20	9.91838e-22	2.64217e-23	1.90935e-25	3.0966e-27	1.50216e-29	1.49664e-31	4.32057e-34	2.64033e-36	3.69553e-39	1.3488e-41	1.1362e-44	2.56035e-47	2.6013e-50	
N7	1.98944e-39	4.21436e-33	5.8573e-30	4.68752e-25	1.24612e-22	2.40979e-22	1.36137e-18	8.85229e-15	1.06647e-11	2.81122e-11	1.58365e-11	4.23916e-12	5.67128e-12	4.066e-09	2.76642e-06	0.000700921	0.0506353	0.620304	0.302449	0.025207	0.000692252	8.72747e-06	6.12333e-08	2.71046e-10	8.43066e-13	5.00693e-15	1.02825e-16	8.22e-18	1.90262e-19	1.00003e-20	1.76088e-22	6.04448e-24	7.81933e-26	1.73594e-27	1.47735e-29	2.03662e-31	9.34008e-34	8.01151e-36	2.23023e-38	1.2299e-40	4.02367e-43	
B11696	0	0	0	0	0	0	0	0	0	0	0	0	0	0	0	0	0	1	0	0	0	0	0	0	0	0	0	0	0	0	0	0	0	0	0	0	0	0	0	0	0	
B11609	0	0	0	0	0	0	0	0	0	0	0	0	0	0	0	0	0	1	0	0	0	0	0	0	0	0	0	0	0	0	0	0	0	0	0	0	0	0	0	0	0	
N8	2.64312e-49	2.46877e-41	9.48216e-38	2.96362e-31	3.09395e-27	2.90698e-28	3.61676e-24	3.09895e-19	3.12669e-15	4.4402e-15	3.75216e-16	2.60418e-17	2.01367e-17	3.44438e-13	3.77987e-09	1.22848e-05	0.00809723	0.500923	0.462061	0.0285843	0.000320744	1.10842e-06	1.60201e-09	1.17542e-12	5.00094e-16	2.00045e-19	5.19197e-22	2.36609e-23	1.15978e-25	3.06402e-27	9.57692e-30	1.48122e-31	2.67533e-34	8.96007e-36	4.5233e-37	1.99419e-37	4.20145e-39	1.17008e-39	1.4624e-41	3.71017e-42	4.08583e-42	
N9	4.65256e-51	1.36253e-43	1.23957e-39	2.19092e-33	1.56245e-29	2.06096e-29	4.93959e-25	2.49808e-20	1.07826e-16	1.11021e-16	1.34876e-17	6.09014e-18	4.61206e-17	6.42875e-13	5.84548e-09	1.59911e-05	0.00911034	0.512465	0.451401	0.0267155	0.000291771	1.00557e-06	1.48341e-09	1.13337e-12	5.10016e-16	1.93041e-19	1.00343e-21	3.86343e-22	5.72319e-24	1.30696e-24	1.23571e-26	1.72472e-27	8.62496e-30	7.99502e-31	1.40261e-33	9.25797e-35	3.07807e-38	1.1176e-39	1.7909e-43	2.47188e-45	9.99211e-49	
N10	6.20837e-45	2.04965e-38	7.48827e-35	9.27894e-30	6.51315e-27	5.35364e-26	4.68428e-22	4.7499e-18	8.57111e-15	9.28764e-14	2.06985e-13	2.11802e-13	8.94093e-13	8.8728e-10	8.85268e-07	0.000325971	0.0334584	0.56084	0.376081	0.0286567	0.00063066	5.99014e-06	3.0561e-08	9.598e-11	2.04522e-13	8.7603e-16	2.90809e-17	8.2809e-18	3.17694e-19	5.70446e-20	1.7145e-21	1.95278e-22	4.43494e-24	3.16342e-25	4.49881e-27	1.93448e-28	8.05762e-31	1.95899e-32	4.08156e-35	4.18441e-37	1.20603e-39	
B985	0	0	0	0	0	0	0	0	0	0	0	0	0	0	0	0	0	1	0	0	0	0	0	0	0	0	0	0	0	0	0	0	0	0	0	0	0	0	0	0	0	
B199	0	0	0	0	0	0	0	0	0	0	0	0	0	0	0	0	0	1	0	0	0	0	0	0	0	0	0	0	0	0	0	0	0	0	0	0	0	0	0	0	0	
N11	2.28642e-43	1.27167e-36	4.67111e-33	9.16693e-28	5.38613e-25	2.01332e-24	1.88397e-20	1.90133e-16	3.45366e-13	1.40992e-12	1.22348e-12	5.02556e-13	1.02195e-12	1.07619e-09	1.06895e-06	0.000389812	0.039377	0.62758	0.311585	0.0206457	0.000417514	3.74934e-06	1.84098e-08	5.63647e-11	1.19206e-13	5.5008e-16	1.23244e-17	1.46869e-18	3.5832e-20	2.7366e-21	5.18048e-23	2.54556e-24	3.61761e-26	1.12606e-27	1.03393e-29	1.91491e-31	7.29777e-34	7.90639e-36	1.62195e-38	9.11902e-41	2.31363e-43	
BGA89	0	0	0	0	0	0	0	0	0	0	0	0	0	0	0	0	0	1	0	0	0	0	0	0	0	0	0	0	0	0	0	0	0	0	0	0	0	0	0	0	0	
BGAA2	0	0	0	0	0	0	0	0	0	0	0	0	0	0	0	0	0	1	0	0	0	0	0	0	0	0	0	0	0	0	0	0	0	0	0	0	0	0	0	0	0	
N12	3.982e-42	1.94693e-35	5.29673e-32	9.98639e-27	4.61923e-24	1.12145e-23	1.035e-19	1.02077e-15	1.84501e-12	4.83109e-12	2.74869e-12	7.50234e-13	1.0872e-12	1.15887e-09	1.13978e-06	0.000412207	0.0414532	0.658052	0.282077	0.0176541	0.000347175	3.07499e-06	1.50187e-08	4.60254e-11	9.84856e-14	4.58768e-16	8.48404e-18	6.85543e-19	1.36391e-20	7.13621e-22	1.09542e-23	3.71623e-25	4.25937e-27	9.22058e-29	6.89336e-31	8.96441e-33	3.19884e-35	2.49172e-37	5.02782e-40	2.25564e-42	5.39721e-45	
BGA304	0	0	0	0	0	0	0	0	0	0	0	0	0	0	0	0	0	1	0	0	0	0	0	0	0	0	0	0	0	0	0	0	0	0	0	0	0	0	0	0	0	
BGAB1	0	0	0	0	0	0	0	0	0	0	0	0	0	0	0	0	0	1	0	0	0	0	0	0	0	0	0	0	0	0	0	0	0	0	0	0	0	0	0	0	0	
PGA445	0	0	0	0	0	0	0	0	0	0	0	0	0	0	0	0	0	1	0	0	0	0	0	0	0	0	0	0	0	0	0	0	0	0	0	0	0	0	0	0	0	
N13	4.702e-41	1.66347e-33	2.60741e-29	5.2076e-25	6.56163e-23	1.07257e-22	1.5949e-19	2.57237e-15	1.91018e-11	2.70029e-10	5.3475e-10	3.5306e-10	1.10993e-07	3.60015e-05	0.00390565	0.121118	0.64703	0.226886	0.00102331	9.90925e-07	3.79376e-10	7.5565e-14	9.14257e-18	7.54092e-22	7.60527e-26	5.39545e-28	9.81595e-31	9.49099e-33	1.29517e-35	7.67415e-38	8.10085e-41	2.948e-43	6.03786e-46	9.66385e-46	4.36455e-47	4.46514e-48	3.61141e-50	1.88803e-51	1.09425e-52	2.60645e-51	2.48219e-50	
N14	1.41416e-38	7.969e-32	6.34029e-27	3.20026e-23	5.26555e-19	9.61454e-17	3.42043e-15	2.96685e-12	6.47403e-09	3.87148e-06	0.000403745	0.00970534	0.0768782	0.247209	0.357491	0.236872	0.0659214	0.00547805	3.73241e-05	1.11312e-07	1.94662e-10	2.28592e-13	1.954e-16	1.33182e-19	2.0479e-22	3.10797e-23	7.37158e-25	1.12678e-25	2.28295e-27	2.36462e-28	4.92917e-30	2.44731e-30	1.85943e-30	2.00672e-29	1.78936e-29	3.88072e-29	1.8928e-30	3.58186e-31	7.96357e-33	8.84629e-34	7.47508e-35	
Rhaspe	0	0	0	0	0	0	0	0	0	1	0	0	0	0	0	0	0	0	0	0	0	0	0	0	0	0	0	0	0	0	0	0	0	0	0	0	0	0	0	0	0	
N15	6.27323e-35	5.10482e-29	1.3351e-24	6.18326e-21	3.2621e-17	7.90159e-15	5.51411e-13	1.77033e-10	1.1161e-07	2.56312e-05	0.00143599	0.0222337	0.12497	0.300454	0.334713	0.174339	0.0390149	0.00278578	2.81654e-05	1.3543e-07	4.03103e-10	8.49021e-13	1.85203e-15	6.14539e-16	2.43643e-17	2.13714e-17	5.59275e-19	3.87137e-19	6.63577e-21	3.69422e-21	4.02241e-23	1.79946e-23	1.15948e-25	3.99393e-26	1.33566e-28	2.88984e-29	5.10979e-32	2.50514e-33	3.77755e-36	1.114e-37	2.89885e-39	
Rhamar	0	0	0	0	0	0	0	0	0	1	0	0	0	0	0	0	0	0	0	0	0	0	0	0	0	0	0	0	0	0	0	0	0	0	0	0	0	0	0	0	0	
Rhatem	0	0	0	0	0	0	0	0	0	0	1	0	0	0	0	0	0	0	0	0	0	0	0	0	0	0	0	0	0	0	0	0	0	0	0	0	0	0	0	0	0	
N16	1.53815e-47	2.56054e-39	1.17955e-35	7.69528e-29	1.22828e-27	4.24902e-26	3.77342e-20	8.18583e-15	5.37902e-12	2.35318e-12	3.54439e-13	5.67268e-13	4.1607e-10	1.39306e-06	0.000985037	0.0900846	0.663155	0.24347	0.00230034	3.18453e-06	1.29485e-09	1.1835e-12	4.78527e-15	3.34357e-16	4.93343e-19	1.77278e-20	1.06983e-23	2.52723e-25	1.27694e-28	2.13977e-28	3.96986e-30	3.19173e-30	2.26468e-32	1.15353e-32	5.32126e-35	1.5174e-35	4.66595e-38	2.51262e-39	6.18342e-42	3.30853e-43	1.09766e-43	
N17	2.22187e-43	1.13945e-35	2.40235e-31	2.8357e-26	1.01397e-22	1.11578e-21	6.93475e-18	1.87576e-14	5.69105e-12	2.6133e-10	1.22854e-09	1.75466e-09	1.0627e-08	8.10417e-06	0.00176746	0.0813151	0.571359	0.326945	0.0183962	0.00020837	7.76592e-07	1.27978e-09	1.17667e-12	4.93412e-15	4.54803e-17	1.41483e-18	8.71567e-21	1.39004e-22	5.3458e-25	4.61467e-27	1.03747e-29	4.92848e-32	5.19698e-35	1.40621e-37	6.6455e-41	4.89398e-43	4.54247e-45	1.29702e-46	1.07393e-48	1.2262e-49	2.51924e-49	
N18	1.64477e-36	4.75516e-30	3.09114e-25	8.57003e-23	1.64954e-19	1.90797e-16	2.13676e-14	2.32721e-13	5.10637e-12	7.22059e-10	7.5574e-08	5.07884e-06	0.000344383	0.0110172	0.114621	0.392819	0.394907	0.0832367	0.00301345	3.57409e-05	1.99893e-07	6.40542e-10	1.32596e-12	1.94471e-15	2.87318e-18	1.79893e-19	5.21528e-21	7.4023e-22	1.71957e-23	1.56955e-24	2.79233e-26	1.62747e-27	1.88982e-29	6.92529e-31	3.29809e-33	7.80764e-35	1.51367e-37	1.65204e-39	2.20521e-42	1.30947e-44	3.19457e-47	
FGA379	0	0	0	0	0	0	0	0	0	0	0	0	0	0	0	0	1	0	0	0	0	0	0	0	0	0	0	0	0	0	0	0	0	0	0	0	0	0	0	0	0	
N19	1.10749e-35	2.87096e-29	7.75305e-24	7.45778e-23	1.48164e-18	1.133e-14	1.07676e-13	1.3624e-13	7.98734e-12	3.10031e-08	4.42184e-05	0.0132864	0.186426	0.430967	0.290376	0.0718811	0.00679993	0.000216802	2.02513e-06	8.28325e-09	1.88923e-11	2.76383e-14	2.83677e-17	2.20971e-20	1.83277e-23	3.47191e-25	3.96101e-27	1.71507e-28	1.59684e-30	4.73476e-32	3.31403e-34	6.73803e-36	3.10045e-38	4.32674e-40	1.04073e-42	9.77033e-45	1.19325e-47	6.56664e-50	9.80264e-53	1.54219e-54	1.62833e-56	
N20	9.07181e-38	2.65236e-30	5.32079e-24	6.72275e-23	2.21545e-18	1.90907e-13	1.42171e-12	4.61653e-13	8.84899e-11	6.12406e-08	0.000180866	0.0949101	0.514654	0.354813	0.0345394	0.000895127	7.60059e-06	2.24555e-08	2.61046e-11	1.53618e-14	5.38833e-18	1.37159e-21	6.37125e-25	5.81098e-27	1.22769e-29	1.01958e-31	1.29253e-34	9.6792e-37	2.61174e-38	1.16675e-35	4.14986e-34	1.44578e-34	5.7057e-36	1.5777e-36	3.41971e-36	1.08332e-34	3.15316e-35	3.54601e-36	6.11889e-38	5.4982e-39	7.34302e-40	
N21	6.87061e-41	7.88965e-33	5.83839e-26	8.90302e-25	5.1605e-19	1.47332e-14	5.22655e-15	1.99695e-15	6.51916e-12	1.72656e-07	0.0010575	0.291712	0.600403	0.104349	0.00246574	1.34307e-05	2.16047e-08	1.18049e-11	2.6808e-15	3.1843e-19	2.29963e-23	2.354e-27	2.20544e-30	6.07175e-32	5.71987e-35	1.06283e-36	4.22361e-40	3.33657e-41	5.39498e-43	6.20047e-40	2.39335e-39	2.10559e-39	1.18649e-41	6.28037e-42	9.61941e-43	5.27489e-41	4.69658e-42	8.58378e-43	3.27075e-45	4.88373e-46	3.20135e-46	
F3016	0	0	0	0	0	0	0	0	0	0	1	0	0	0	0	0	0	0	0	0	0	0	0	0	0	0	0	0	0	0	0	0	0	0	0	0	0	0	0	0	0	
N22	4.03819e-42	3.79796e-34	2.16183e-27	4.54499e-26	1.75815e-20	4.08595e-16	7.99459e-16	3.43401e-15	7.73643e-12	2.63162e-07	0.00148565	0.377005	0.572433	0.0486088	0.000466496	9.17558e-07	5.24675e-10	1.13982e-13	1.20345e-17	1.22026e-21	1.61582e-24	1.12916e-25	1.17588e-28	5.4424e-30	2.00357e-33	6.41739e-35	8.51061e-39	1.85636e-40	2.60846e-44	3.49914e-42	2.16711e-41	1.24759e-41	3.29302e-44	7.78459e-45	8.21978e-47	2.73325e-45	4.85888e-46	5.42831e-47	8.44058e-49	2.08227e-48	4.49296e-48	
N23	3.27535e-42	2.84048e-34	2.75823e-27	4.11825e-26	1.54538e-20	3.69552e-15	3.60104e-14	2.32967e-14	7.35304e-12	1.30265e-07	0.000845593	0.43567	0.539385	0.0239966	0.000101814	9.36383e-08	3.09309e-11	4.96739e-15	7.40244e-19	3.25582e-20	1.3542e-22	7.78353e-24	8.49036e-27	3.12714e-28	9.6612e-32	2.315e-33	2.60002e-37	3.38426e-39	1.94228e-43	8.55375e-46	3.75554e-50	5.99323e-53	2.16589e-57	1.69662e-60	4.92424e-65	2.55497e-68	6.04332e-73	8.96598e-76	1.18181e-77	1.92477e-79	2.30909e-81	
N24	1.61217e-45	1.41376e-36	1.43932e-28	6.90706e-29	5.14182e-22	6.08747e-16	1.1649e-16	6.30697e-18	4.37409e-13	9.44249e-08	0.00285624	0.745331	0.250398	0.00141453	4.85634e-07	3.7153e-11	1.0877e-15	1.60468e-20	1.93966e-25	4.22571e-28	1.60734e-31	5.61769e-34	1.16981e-37	6.1138e-37	5.11795e-38	1.38283e-38	2.42068e-41	2.36705e-42	2.25296e-45	6.28502e-47	4.94262e-50	6.09464e-52	3.93597e-55	3.26298e-57	1.6993e-60	1.16831e-62	6.70998e-66	5.52186e-67	1.19604e-67	2.14914e-68	2.83835e-69	
N25	7.92326e-40	4.75618e-36	9.33617e-30	3.13516e-28	3.39826e-22	2.02643e-17	2.41259e-16	1.92225e-15	1.02931e-11	5.82164e-07	0.00571246	0.75825	0.23481	0.00122664	4.43573e-07	4.44073e-11	1.94412e-15	2.4129e-19	8.81626e-22	1.24218e-22	3.32523e-25	2.24647e-26	1.85776e-29	7.61926e-31	2.79872e-35	5.39705e-37	7.31413e-42	1.98369e-44	1.19404e-48	2.66866e-47	4.07711e-47	2.41374e-48	2.17593e-51	9.91379e-53	5.90817e-55	3.54993e-53	3.29123e-54	3.03442e-53	1.11898e-52	3.56808e-52	8.39503e-52	
F1476	0	0	0	0	0	0	0	0	0	0	1	0	0	0	0	0	0	0	0	0	0	0	0	0	0	0	0	0	0	0	0	0	0	0	0	0	0	0	0	0	0	
N26	6.64967e-44	1.94986e-35	3.51573e-28	6.05135e-26	1.12611e-20	2.48512e-15	9.86114e-14	3.39185e-13	4.93569e-10	7.74193e-07	0.00710902	0.75205	0.238459	0.00237961	1.61536e-06	3.12597e-10	2.71626e-14	1.56916e-16	9.7292e-19	1.06892e-19	3.51373e-22	1.78308e-23	1.24288e-26	3.82199e-28	1.80955e-32	1.67092e-34	4.35826e-39	3.57357e-41	1.32536e-43	1.02566e-41	1.22822e-42	5.2984e-44	7.00966e-47	5.37736e-48	3.5696e-48	7.71807e-46	1.39678e-47	3.68863e-47	5.54395e-47	1.09725e-46	1.59815e-46	
Furcep	0	0	0	0	0	0	0	0	0	0	0	0	0	1	0	0	0	0	0	0	0	0	0	0	0	0	0	0	0	0	0	0	0	0	0	0	0	0	0	0	0	
N27	1.99384e-40	9.57369e-33	3.34475e-26	4.76279e-24	1.32048e-18	6.3239e-15	6.057e-15	6.84782e-14	5.47643e-10	1.09945e-05	0.040735	0.812715	0.14572	0.000818352	5.84174e-07	1.52378e-10	2.02642e-14	2.65475e-18	4.88184e-21	6.2558e-22	3.68664e-24	3.71918e-25	1.31389e-27	7.6103e-29	2.42912e-32	8.96753e-34	6.48872e-38	5.79266e-40	3.07767e-44	5.23247e-47	2.20126e-51	2.13245e-54	6.98656e-59	5.32134e-62	1.44108e-66	2.32876e-69	2.67262e-73	8.65545e-75	3.11744e-76	9.91156e-78	2.36342e-79	
Furpol	0	0	0	0	0	0	0	0	0	0	0	1	0	0	0	0	0	0	0	0	0	0	0	0	0	0	0	0	0	0	0	0	0	0	0	0	0	0	0	0	0	
N28	4.94912e-39	2.34304e-31	5.24391e-25	3.3608e-22	1.23865e-16	6.84632e-14	2.13083e-14	2.76077e-12	8.26686e-08	0.000637598	0.640064	0.348989	0.0102899	1.94032e-05	1.13571e-08	3.1405e-12	5.06237e-16	1.51081e-19	4.67262e-22	1.54938e-23	5.25386e-26	9.61876e-28	2.08895e-30	2.02884e-32	7.44274e-36	4.09219e-38	5.03575e-42	5.8938e-45	5.2858e-49	3.17556e-52	2.05988e-56	9.87993e-60	4.90469e-64	2.10442e-67	8.99476e-72	9.68508e-75	1.03132e-77	9.22056e-80	6.45065e-82	3.7362e-84	1.66193e-86	
N29	5.78907e-39	3.42498e-31	8.22564e-25	7.58453e-22	3.3929e-16	1.31522e-13	2.65683e-14	4.85414e-12	1.54974e-07	0.00114164	0.893612	0.104655	0.000590422	4.94888e-07	1.54068e-10	2.48489e-14	3.13567e-18	3.0098e-20	1.0219e-22	2.19235e-24	4.58914e-27	5.08173e-29	2.18706e-32	1.47703e-34	1.77933e-38	4.35065e-41	3.35706e-45	2.23243e-48	1.24899e-52	5.53098e-56	2.32584e-60	8.61598e-64	2.86398e-68	1.17972e-71	2.61738e-75	1.6783e-77	3.09387e-81	1.88909e-83	6.51666e-86	3.14527e-88	1.03957e-90	
F2241	0	0	0	0	0	0	0	0	0	0	1	0	0	0	0	0	0	0	0	0	0	0	0	0	0	0	0	0	0	0	0	0	0	0	0	0	0	0	0	0	0	
Furang	0	0	0	0	0	0	0	0	0	0	1	0	0	0	0	0	0	0	0	0	0	0	0	0	0	0	0	0	0	0	0	0	0	0	0	0	0	0	0	0	0	
Fga490	0	0	0	0	0	0	0	0	0	0	1	0	0	0	0	0	0	0	0	0	0	0	0	0	0	0	0	0	0	0	0	0	0	0	0	0	0	0	0	0	0	
N30	1.49385e-42	3.50754e-34	6.93304e-27	1.21774e-25	2.10999e-19	8.42284e-15	2.14822e-15	4.56881e-15	1.20059e-10	4.98921e-06	0.0294988	0.89613	0.0742523	0.000113453	3.45769e-08	3.99064e-12	2.33794e-16	1.92698e-20	2.48979e-23	5.40285e-25	7.96161e-28	8.76447e-30	7.74064e-33	4.37433e-35	5.50671e-39	1.82278e-41	5.51585e-46	2.96937e-49	6.54323e-54	1.33945e-57	2.01954e-62	3.17791e-66	3.4892e-71	4.78326e-75	4.18502e-80	1.18714e-83	3.16778e-87	2.91898e-89	9.64994e-91	2.91062e-92	5.61383e-94	
N31	3.01379e-41	4.10803e-33	3.90348e-26	1.24634e-24	1.1937e-18	4.43671e-14	6.6871e-14	2.2316e-13	1.84465e-10	5.56955e-06	0.0240271	0.918076	0.0577904	0.000100942	3.56276e-08	4.84597e-12	3.91656e-16	4.93886e-18	1.88561e-20	7.68333e-22	1.68991e-24	3.18871e-26	8.84098e-30	9.85081e-32	5.53752e-36	2.02825e-38	6.42338e-43	3.31475e-46	7.52578e-51	2.22481e-51	5.11214e-50	1.68375e-51	2.43215e-54	7.41033e-56	1.22633e-57	8.68108e-55	3.3721e-54	5.54857e-54	2.88467e-54	2.37395e-54	1.37007e-54	
N32	3.50676e-43	1.64909e-34	8.95396e-27	2.64664e-26	2.92447e-20	3.69886e-14	4.19757e-13	3.45831e-14	1.08882e-12	6.76488e-08	0.00168142	0.926365	0.0716982	0.000255318	6.33875e-08	4.81329e-12	4.38254e-16	1.40359e-17	2.5053e-20	4.95316e-22	4.01628e-25	3.6577e-27	2.03108e-31	9.18336e-34	1.3908e-38	1.12322e-41	1.18687e-46	1.40135e-49	1.018e-52	2.59486e-52	3.31515e-52	4.18703e-54	2.28706e-57	6.57802e-59	4.48933e-60	6.73677e-58	1.47035e-58	6.32949e-59	7.805e-60	2.9104e-60	6.66974e-61	
N33	1.30329e-40	9.75363e-33	7.54465e-26	3.26326e-25	1.27056e-19	1.34973e-14	7.03303e-15	1.73329e-15	2.30172e-12	1.13002e-07	0.00115063	0.953143	0.0456141	9.21476e-05	3.41413e-08	4.78054e-12	3.44997e-16	2.46247e-19	1.1919e-21	1.09231e-22	3.73324e-25	1.7012e-26	1.85493e-29	5.26437e-31	3.82038e-35	4.35948e-37	1.5963e-41	3.38435e-44	9.79762e-49	5.9286e-52	1.24058e-56	5.33192e-60	8.24649e-65	3.06797e-68	4.82748e-73	2.27423e-75	2.45841e-79	4.89933e-81	6.79692e-83	9.30877e-85	9.18331e-87	
N34	4.01786e-39	1.9477e-31	1.10865e-24	3.83989e-24	1.43296e-18	1.76733e-13	9.63412e-14	1.7924e-14	9.49528e-12	2.58184e-07	0.00159876	0.98027	0.0181032	2.74214e-05	1.21214e-08	2.41899e-12	2.79899e-16	6.19395e-19	2.59212e-21	9.22693e-23	2.72497e-25	5.08828e-27	9.04032e-30	8.78106e-32	9.88362e-36	2.63242e-38	1.90755e-42	1.27976e-45	6.57381e-50	2.91219e-53	1.09316e-57	4.09078e-61	1.18576e-65	4.08039e-69	1.94098e-73	9.84953e-76	5.76075e-79	4.90212e-81	3.10448e-83	1.69386e-85	6.89864e-88	
FGA456	0	0	0	0	0	0	0	0	0	0	0	1	0	0	0	0	0	0	0	0	0	0	0	0	0	0	0	0	0	0	0	0	0	0	0	0	0	0	0	0	0	
FGA516	0	0	0	0	0	0	0	0	0	0	0	1	0	0	0	0	0	0	0	0	0	0	0	0	0	0	0	0	0	0	0	0	0	0	0	0	0	0	0	0	0	
F12278	0	0	0	0	0	0	0	0	0	0	0	1	0	0	0	0	0	0	0	0	0	0	0	0	0	0	0	0	0	0	0	0	0	0	0	0	0	0	0	0	0	
N35	1.50766e-37	5.99333e-30	1.51467e-23	1.16795e-21	1.38625e-17	1.76285e-12	2.82362e-10	1.02026e-10	8.3223e-10	1.04961e-07	0.000595718	0.670516	0.309913	0.0189493	2.58178e-05	1.1779e-08	3.88643e-12	1.56913e-13	1.2519e-15	6.78613e-17	3.36925e-19	8.89719e-21	2.3541e-23	3.15926e-25	4.75895e-29	6.06668e-32	6.00137e-36	4.54968e-39	3.10749e-43	1.93473e-46	9.86305e-51	5.43232e-54	2.21046e-58	1.57261e-61	7.95411e-65	9.13233e-67	7.04881e-70	7.54191e-72	5.87433e-74	4.08697e-76	2.12146e-78	
Furant	0	0	0	0	0	0	0	0	0	0	0	1	0	0	0	0	0	0	0	0	0	0	0	0	0	0	0	0	0	0	0	0	0	0	0	0	0	0	0	0	0	
FGA331	0	0	0	0	0	0	0	0	0	0	0	0	0	1	0	0	0	0	0	0	0	0	0	0	0	0	0	0	0	0	0	0	0	0	0	0	0	0	0	0	0	
FGA465	0	0	0	0	0	0	0	0	0	0	1	0	0	0	0	0	0	0	0	0	0	0	0	0	0	0	0	0	0	0	0	0	0	0	0	0	0	0	0	0	0	
N36	2.88422e-37	5.74219e-30	4.61081e-24	4.53434e-21	6.67569e-16	2.51146e-13	1.76278e-13	2.96895e-11	3.70103e-07	0.00121115	0.523882	0.462829	0.0120475	3.05969e-05	2.78696e-08	1.30004e-11	3.7862e-15	1.0246e-17	9.37972e-20	6.34545e-21	4.55007e-23	1.6999e-24	7.88762e-27	1.53929e-28	7.62681e-32	6.30092e-34	1.59378e-37	2.62801e-40	4.52319e-44	5.36286e-47	6.80848e-51	7.07779e-54	7.0744e-58	6.85986e-61	8.92315e-65	7.9881e-67	2.09866e-69	4.12919e-71	6.23224e-73	8.01006e-75	7.99714e-77	
FGA99	0	0	0	0	0	0	0	0	0	0	1	0	0	0	0	0	0	0	0	0	0	0	0	0	0	0	0	0	0	0	0	0	0	0	0	0	0	0	0	0	0	
FGA15	0	0	0	0	0	0	0	0	0	0	1	0	0	0	0	0	0	0	0	0	0	0	0	0	0	0	0	0	0	0	0	0	0	0	0	0	0	0	0	0	0	
FGA104	0	0	0	0	0	0	0	0	0	0	0	0	1	0	0	0	0	0	0	0	0	0	0	0	0	0	0	0	0	0	0	0	0	0	0	0	0	0	0	0	0	
FGA489	0	0	0	0	0	0	0	0	0	0	1	0	0	0	0	0	0	0	0	0	0	0	0	0	0	0	0	0	0	0	0	0	0	0	0	0	0	0	0	0	0	
FGA174	0	0	0	0	0	0	0	0	0	0	0	0	0	1	0	0	0	0	0	0	0	0	0	0	0	0	0	0	0	0	0	0	0	0	0	0	0	0	0	0	0	
FurbGB	0	0	0	0	0	0	0	0	0	0	0	1	0	0	0	0	0	0	0	0	0	0	0	0	0	0	0	0	0	0	0	0	0	0	0	0	0	0	0	0	0	
N37	1.16592e-43	2.09086e-36	1.4497e-32	6.62294e-27	1.31302e-23	2.61702e-23	2.16148e-19	3.72139e-15	1.06156e-11	1.92157e-10	3.22301e-10	1.70415e-10	9.82375e-10	1.01342e-06	0.000478025	0.0432099	0.49506	0.421979	0.0385054	0.000760901	5.14617e-06	1.72082e-08	1.72517e-10	1.55934e-10	6.75233e-12	3.44458e-12	6.41911e-14	1.85323e-14	1.27636e-16	2.31705e-17	5.83871e-20	6.6651e-21	6.76688e-24	4.06096e-25	2.19861e-28	4.56684e-30	1.86585e-33	1.64283e-35	5.48742e-39	4.03607e-41	1.26874e-42	
N38	9.33643e-41	4.58313e-34	1.93717e-30	2.72988e-25	1.01943e-22	7.28122e-22	3.84832e-18	1.91733e-14	8.82391e-12	5.0857e-11	6.03866e-11	4.41122e-11	7.54729e-10	4.38028e-07	0.00019683	0.0229584	0.401546	0.497842	0.0746832	0.00273514	3.75416e-05	2.49537e-07	9.96081e-10	1.92732e-11	1.03695e-12	3.21437e-13	1.46465e-14	3.11515e-15	9.17439e-17	1.15876e-17	1.769e-19	1.40589e-20	8.33247e-23	4.16924e-24	9.85841e-27	2.29114e-28	3.5443e-31	3.82242e-33	4.50949e-36	3.37083e-38	2.8748e-40	
N39	1.0844e-39	9.4227e-33	1.35046e-29	4.06554e-24	2.27564e-23	3.13528e-22	9.03799e-18	1.49408e-13	2.06198e-11	8.11934e-12	8.35833e-13	2.03133e-13	4.5734e-11	8.50456e-08	8.64726e-05	0.0220403	0.548627	0.402691	0.0261479	0.000405139	2.38441e-06	6.89876e-09	1.15371e-11	1.39136e-14	2.81413e-17	5.89146e-19	4.66686e-21	8.33293e-23	4.61703e-25	5.01239e-27	1.88286e-29	1.26103e-31	2.94949e-34	1.21446e-36	1.53926e-39	3.89576e-42	2.89354e-45	4.39112e-48	2.27497e-51	2.59569e-54	2.40815e-57	
CGA312	0	0	0	0	0	0	0	0	0	0	0	0	0	0	0	0	0	1	0	0	0	0	0	0	0	0	0	0	0	0	0	0	0	0	0	0	0	0	0	0	0	
N40	2.94758e-46	4.02219e-38	1.91178e-34	9.39816e-28	3.3566e-27	2.08395e-25	5.66825e-20	4.94026e-15	8.26639e-14	3.8543e-15	3.22009e-17	2.12066e-16	3.57164e-13	7.83988e-09	4.68641e-05	0.0304843	0.657217	0.305278	0.00694973	2.4019e-05	2.42861e-08	1.01789e-11	2.17821e-15	2.7772e-19	2.74135e-23	2.20264e-26	2.69572e-29	3.72904e-31	3.98032e-34	3.75701e-36	2.18428e-39	1.54506e-40	1.20937e-39	6.87516e-40	9.49792e-42	3.64668e-42	2.23213e-44	9.45666e-45	3.28279e-44	6.10475e-43	8.1378e-44	
N41	2.0153e-53	6.31839e-44	2.7997e-39	5.81027e-32	1.76831e-32	5.68696e-28	1.95414e-21	1.94363e-17	2.68149e-17	4.74685e-20	9.86219e-21	4.15787e-18	1.30482e-12	8.53665e-08	0.000399663	0.0889475	0.806485	0.10379	0.000377458	1.59627e-07	1.78855e-11	7.93794e-16	1.7507e-20	2.21281e-25	1.78065e-30	2.30145e-34	1.09804e-37	9.58337e-40	1.97678e-40	6.08217e-40	2.22531e-41	1.17532e-39	1.99368e-39	3.05941e-38	8.50155e-39	1.10097e-37	5.49014e-38	1.48328e-35	1.23447e-35	8.6971e-35	1.18311e-35	
N42	2.66271e-40	1.89525e-34	9.12546e-33	2.37888e-28	9.25521e-31	1.4613e-29	5.64194e-24	1.96266e-19	5.33632e-19	5.02156e-19	2.3218e-19	2.77762e-17	1.66594e-12	5.43573e-08	0.000314405	0.0889909	0.815803	0.0945534	0.000337654	2.03298e-07	4.05344e-11	3.68832e-15	1.84432e-19	2.13682e-22	1.30359e-24	2.27519e-25	9.05994e-28	7.98087e-29	1.45377e-31	7.57501e-33	2.86252e-36	1.63741e-37	1.83669e-37	6.8456e-37	2.49356e-39	3.11901e-39	6.81221e-42	1.99991e-42	2.98535e-43	2.01782e-42	2.95216e-42	
CGA642	0	0	0	0	0	0	0	0	0	0	0	0	0	0	0	0	1	0	0	0	0	0	0	0	0	0	0	0	0	0	0	0	0	0	0	0	0	0	0	0	0	
N43	7.07345e-48	1.2743e-40	6.96254e-38	2.33592e-32	7.69422e-34	2.162e-30	4.13352e-25	6.32496e-21	2.69269e-19	5.23804e-19	9.48651e-19	1.1385e-15	2.59822e-11	3.26021e-07	0.000755423	0.108616	0.807788	0.0824837	0.000355732	3.43724e-07	1.25661e-10	2.26796e-14	2.37145e-18	6.47776e-22	5.00652e-24	1.2041e-24	8.38705e-27	1.09479e-27	5.02991e-30	3.71722e-31	7.67959e-34	3.80704e-35	1.14239e-36	2.78923e-36	1.3099e-38	1.07844e-38	3.39543e-41	6.38493e-41	1.01639e-41	1.28345e-41	5.37115e-42	
CGA236	0	0	0	0	0	0	0	0	0	0	0	0	0	0	0	0	1	0	0	0	0	0	0	0	0	0	0	0	0	0	0	0	0	0	0	0	0	0	0	0	0	
N44	1.56171e-49	4.42971e-43	8.97297e-39	5.09828e-33	6.6504e-32	1.39425e-27	1.33883e-22	4.61998e-19	1.4391e-17	3.50495e-17	8.6804e-16	2.01999e-12	1.14622e-08	2.33864e-05	0.00833	0.217565	0.711793	0.0618974	0.000390671	7.0818e-07	5.67191e-10	2.49867e-13	6.91157e-17	2.54362e-20	2.18064e-22	5.72123e-23	7.38397e-25	1.15007e-25	1.13206e-27	1.06046e-28	7.16313e-31	4.12442e-32	1.12611e-34	4.44586e-36	1.38677e-39	2.05379e-41	3.82023e-45	1.16202e-47	1.66874e-51	3.25796e-54	1.39532e-56	
N45	4.2661e-42	8.33557e-35	4.68667e-30	1.41693e-25	8.69978e-23	3.47637e-20	7.71968e-16	1.70703e-13	8.39847e-12	1.67287e-11	8.13727e-10	2.2843e-08	8.38316e-07	0.000604569	0.0285238	0.293243	0.587587	0.0892292	0.000808959	2.33357e-06	3.21075e-09	2.57898e-12	1.49217e-15	1.46594e-17	1.77444e-19	1.00211e-20	9.11318e-23	3.06436e-24	1.97406e-26	4.01672e-28	1.54738e-30	2.00194e-32	3.60115e-35	2.96778e-37	1.73832e-40	4.85601e-43	1.94878e-46	3.01168e-49	9.19288e-53	1.82797e-55	8.74355e-58	
Calboe	0	0	0	0	0	0	0	0	0	0	0	0	0	1	0	0	0	0	0	0	0	0	0	0	0	0	0	0	0	0	0	0	0	0	0	0	0	0	0	0	0	
C3125	0	0	0	0	0	0	0	0	0	0	0	0	0	0	0	0	0	1	0	0	0	0	0	0	0	0	0	0	0	0	0	0	0	0	0	0	0	0	0	0	0	
CGA429	0	0	0	0	0	0	0	0	0	0	0	0	0	0	1	0	0	0	0	0	0	0	0	0	0	0	0	0	0	0	0	0	0	0	0	0	0	0	0	0	0	
N46	1.59573e-46	2.05919e-39	2.46568e-34	4.291e-30	5.63274e-28	1.72885e-23	1.37943e-19	4.22468e-18	4.08005e-18	9.55619e-18	1.70022e-14	1.61641e-10	5.6306e-07	0.000476278	0.0391721	0.336611	0.572157	0.0513408	0.000242351	3.68255e-07	2.77182e-10	1.25647e-13	3.83794e-17	8.96304e-21	1.65067e-23	1.10734e-23	2.76357e-25	1.36438e-25	2.85735e-27	8.98915e-28	1.54992e-29	3.02764e-30	3.02169e-32	3.87598e-33	3.4158e-36	2.54917e-37	8.20086e-41	8.58533e-43	2.24895e-46	9.91043e-49	4.77076e-51	
C985	0	0	0	0	0	0	0	0	0	0	0	0	0	1	0	0	0	0	0	0	0	0	0	0	0	0	0	0	0	0	0	0	0	0	0	0	0	0	0	0	0	
CGA382	0	0	0	0	0	0	0	0	0	0	0	0	0	0	1	0	0	0	0	0	0	0	0	0	0	0	0	0	0	0	0	0	0	0	0	0	0	0	0	0	0	
N47	1.06259e-44	4.26434e-37	1.13484e-33	1.37667e-27	7.78834e-26	5.89338e-25	1.2441e-20	1.15738e-15	7.83818e-13	1.32365e-12	1.26594e-13	8.73865e-14	7.81197e-12	6.58624e-09	2.01075e-05	0.0115363	0.377671	0.561776	0.0486437	0.000351993	7.43314e-07	6.89629e-10	3.54847e-13	5.65548e-16	3.30865e-18	8.83792e-20	4.01839e-22	5.76976e-24	1.77003e-26	1.41408e-28	2.72582e-31	1.21524e-33	6.98374e-34	3.42326e-34	7.8522e-36	6.48107e-37	1.00461e-38	4.87437e-40	2.03771e-41	1.13535e-40	2.48668e-40	
N48	1.32661e-45	2.25356e-38	1.99926e-34	3.1262e-28	7.94945e-27	1.69026e-24	1.56931e-19	3.27306e-15	1.44719e-13	4.52371e-14	3.84095e-15	2.72899e-14	2.57096e-12	2.13424e-08	7.28694e-05	0.0243005	0.424055	0.527326	0.0241404	0.000104266	1.34962e-07	7.79043e-11	2.47431e-14	5.73533e-18	2.60038e-21	1.36231e-23	3.58397e-26	2.59798e-27	1.45802e-29	1.02091e-30	3.75026e-33	1.7232e-34	3.04992e-37	9.83872e-39	4.14691e-42	9.16335e-44	1.54295e-47	1.88404e-49	1.72828e-53	6.02312e-56	1.16149e-59	
C12265	0	0	0	0	0	0	0	0	0	0	0	0	0	0	0	0	0	1	0	0	0	0	0	0	0	0	0	0	0	0	0	0	0	0	0	0	0	0	0	0	0	
N49	1.03184e-43	3.14577e-36	1.64873e-32	8.10185e-27	1.93576e-27	1.56596e-23	9.12368e-19	9.1449e-16	1.42867e-16	1.5834e-17	7.01912e-17	2.61306e-13	4.90353e-09	3.07432e-05	0.0417663	0.750142	0.198661	0.00935331	4.6369e-05	5.50464e-08	2.8429e-11	8.17768e-15	1.50336e-18	1.93262e-22	1.97519e-26	3.989e-29	1.17361e-31	2.0974e-33	5.16392e-36	6.02902e-38	1.20306e-40	9.12501e-43	1.34724e-45	6.44241e-48	5.15533e-51	1.57803e-53	3.23506e-57	4.44158e-60	5.59704e-64	3.18913e-67	5.98182e-71	
C404	0	0	0	0	0	0	0	0	0	0	0	0	0	0	1	0	0	0	0	0	0	0	0	0	0	0	0	0	0	0	0	0	0	0	0	0	0	0	0	0	0	
Cl11778	0	0	0	0	0	0	0	0	0	0	0	0	0	0	0	1	0	0	0	0	0	0	0	0	0	0	0	0	0	0	0	0	0	0	0	0	0	0	0	0	0	
C3134	0	0	0	0	0	0	0	0	0	0	0	0	0	0	0	0	0	0	1	0	0	0	0	0	0	0	0	0	0	0	0	0	0	0	0	0	0	0	0	0	0	
N50	1.12709e-41	3.38808e-34	5.09228e-31	5.49811e-25	1.34227e-21	8.80669e-23	7.59991e-19	3.85537e-14	3.7314e-10	3.3664e-10	1.44347e-11	2.48884e-13	2.77389e-14	9.10454e-11	2.33556e-07	0.000189726	0.0344586	0.710343	0.247456	0.00749148	6.10207e-05	2.05654e-07	3.68114e-10	7.3614e-13	3.43269e-15	4.99764e-17	2.56828e-19	2.17018e-21	7.09465e-24	3.46384e-26	7.16297e-29	2.07237e-31	2.58577e-34	9.89123e-35	7.20057e-36	6.7045e-37	2.75777e-38	1.86875e-39	6.20233e-41	4.69462e-42	9.16459e-42	
CGA311	0	0	0	0	0	0	0	0	0	0	0	0	0	0	0	0	0	1	0	0	0	0	0	0	0	0	0	0	0	0	0	0	0	0	0	0	0	0	0	0	0	
N51	9.95964e-46	4.90944e-38	3.63357e-34	3.44233e-28	1.49658e-24	1.64294e-24	2.07524e-20	1.34834e-15	1.00372e-11	9.15068e-12	2.7326e-13	2.79767e-15	2.79889e-15	4.60656e-12	3.14992e-08	6.47237e-05	0.0245719	0.713738	0.255117	0.00647033	3.80643e-05	8.32286e-08	8.80894e-11	6.71239e-14	7.84489e-17	4.69384e-19	1.85857e-21	2.19419e-22	1.0469e-24	1.15698e-25	2.74356e-28	2.11157e-29	2.11724e-32	1.17707e-33	4.14494e-37	1.54953e-38	2.02446e-42	3.33016e-44	3.11121e-48	2.47869e-50	7.50012e-54	
N52	3.15419e-47	2.77584e-39	1.04613e-35	2.96246e-29	4.21885e-27	4.32976e-27	3.73996e-22	2.1501e-17	3.54471e-14	2.10611e-15	1.01158e-17	9.68891e-19	7.78355e-17	2.21164e-12	2.49569e-08	8.0572e-05	0.0454691	0.848767	0.104737	0.000944164	2.07093e-06	1.77275e-09	7.6013e-13	1.90365e-16	3.10041e-20	1.00796e-23	2.96156e-26	8.88039e-28	2.84898e-30	5.07517e-32	1.19518e-34	1.27865e-36	2.07935e-39	3.17135e-39	1.84151e-40	5.3177e-41	9.43124e-43	1.70627e-43	1.50568e-45	1.25687e-46	3.5232e-47	
CGA45	0	0	0	0	0	0	0	0	0	0	0	0	0	0	0	0	1	0	0	0	0	0	0	0	0	0	0	0	0	0	0	0	0	0	0	0	0	0	0	0	0	
N53	1.76808e-48	5.78174e-41	4.59387e-37	5.08063e-31	5.76553e-28	1.43619e-27	4.32247e-23	8.84361e-19	1.62225e-15	1.13564e-16	5.76269e-17	4.51045e-17	2.16981e-16	2.46134e-12	2.17514e-08	5.9632e-05	0.0324315	0.873333	0.0933423	0.000831733	1.96238e-06	1.91436e-09	9.76454e-13	3.00869e-16	6.62963e-20	1.7731e-21	2.52412e-23	5.30466e-24	5.51972e-26	6.89878e-27	4.94757e-29	3.83823e-30	1.43826e-32	7.38825e-34	4.89237e-37	1.65541e-38	3.62731e-42	5.05695e-44	7.31029e-48	3.02479e-50	1.01614e-53	
C3043	0	0	0	0	0	0	0	0	0	0	0	0	0	0	0	0	0	1	0	0	0	0	0	0	0	0	0	0	0	0	0	0	0	0	0	0	0	0	0	0	0	
CGA364	0	0	0	0	0	0	0	0	0	0	0	0	0	0	0	0	0	1	0	0	0	0	0	0	0	0	0	0	0	0	0	0	0	0	0	0	0	0	0	0	0	
C2208	0	0	0	0	0	0	0	0	0	0	0	0	0	0	0	0	0	0	1	0	0	0	0	0	0	0	0	0	0	0	0	0	0	0	0	0	0	0	0	0	0	
N54	1.5937e-36	8.85371e-30	9.42726e-27	1.93026e-21	3.22464e-19	1.1472e-19	1.08142e-15	9.97305e-12	1.60984e-08	5.48725e-09	4.23256e-10	1.58728e-11	1.13745e-11	1.16111e-08	7.64584e-06	0.00171187	0.0973701	0.795991	0.101938	0.00294762	3.3548e-05	1.97275e-07	7.3965e-10	4.39516e-12	4.78914e-14	1.11091e-15	1.13904e-17	1.65059e-19	1.14327e-21	1.03701e-23	4.82643e-26	2.80462e-28	8.53422e-31	3.21481e-33	6.27037e-36	1.58125e-38	2.12476e-41	3.92597e-44	4.23326e-47	7.64502e-50	1.39146e-52	
N55	5.59452e-43	3.05362e-35	7.62641e-32	1.4086e-25	2.59254e-23	7.05485e-24	4.85357e-19	1.89433e-14	5.77486e-11	1.20956e-12	5.60888e-15	6.31667e-17	5.15612e-16	7.82951e-12	6.22553e-08	0.000146071	0.0631672	0.904225	0.0322851	0.00017602	3.1023e-07	2.48129e-10	1.09461e-13	3.10851e-17	7.70052e-21	2.88676e-23	8.68142e-26	1.13108e-27	2.44757e-30	1.95162e-32	2.7844e-35	1.4104e-37	1.19228e-40	3.95675e-43	1.64467e-46	3.51826e-49	5.85649e-53	5.89e-56	6.73861e-60	3.99785e-63	7.34846e-67	
CGA453	0	0	0	0	0	0	0	0	0	0	0	0	0	0	0	0	0	1	0	0	0	0	0	0	0	0	0	0	0	0	0	0	0	0	0	0	0	0	0	0	0	
N56	5.11822e-47	5.47679e-39	2.71989e-35	1.01189e-28	3.27429e-27	1.70167e-26	3.02984e-21	2.15058e-16	1.50216e-13	4.0099e-16	5.74616e-19	8.73418e-20	1.66736e-17	7.14218e-13	1.57047e-08	0.000102249	0.117145	0.873974	0.00876456	1.36223e-05	7.05809e-09	1.70687e-12	2.32643e-16	2.01655e-20	1.27241e-24	3.18795e-27	8.80052e-30	2.37777e-31	5.04371e-34	8.35248e-36	1.33579e-38	1.38407e-40	1.47448e-43	9.78898e-46	4.68208e-49	2.09985e-51	1.42207e-55	1.80155e-58	8.80431e-63	4.82572e-66	4.97008e-70	
CGA501	0	0	0	0	0	0	0	0	0	0	0	0	0	0	0	0	0	1	0	0	0	0	0	0	0	0	0	0	0	0	0	0	0	0	0	0	0	0	0	0	0	
C3121	0	0	0	0	0	0	0	0	0	0	0	0	0	0	0	0	1	0	0	0	0	0	0	0	0	0	0	0	0	0	0	0	0	0	0	0	0	0	0	0	0	
Calparcri	0	0	0	0	0	0	0	0	0	0	0	0	0	0	0	0	0	1	0	0	0	0	0	0	0	0	0	0	0	0	0	0	0	0	0	0	0	0	0	0	0	
N57	5.52315e-41	7.50917e-35	6.59504e-33	1.87038e-28	1.56788e-27	4.21937e-25	4.97017e-20	6.75791e-16	5.81239e-14	2.2913e-13	2.631e-13	2.40812e-12	3.82227e-10	1.23819e-06	0.00100918	0.0921313	0.662268	0.241588	0.00299596	5.99323e-06	3.57329e-09	1.0203e-12	4.48288e-16	9.28611e-18	3.92876e-20	1.81959e-20	2.93546e-22	1.09563e-22	6.1779e-25	1.17621e-25	1.90782e-28	2.02645e-29	8.48543e-33	5.26146e-34	3.08235e-37	3.46434e-37	2.35586e-39	4.5755e-39	9.7154e-41	3.12486e-41	5.29229e-42	
N58	4.34375e-42	6.06597e-35	2.40004e-31	9.79976e-26	2.07304e-22	3.05442e-22	1.6206e-18	2.70322e-14	4.03466e-11	4.39704e-10	4.89868e-10	2.06923e-10	5.21549e-10	3.48126e-07	0.000166133	0.0197581	0.344606	0.52813	0.102572	0.00469002	7.59742e-05	5.68716e-07	2.83136e-09	2.2712e-10	1.24295e-11	2.1897e-12	7.26368e-14	6.4838e-15	1.31276e-16	6.26113e-18	6.93327e-20	1.81509e-21	7.93665e-24	1.1535e-25	2.12881e-28	1.24418e-30	1.452e-33	4.86283e-36	4.21286e-39	1.92849e-41	1.80411e-43	
N59	2.41735e-38	1.37534e-31	1.01087e-27	3.56252e-23	8.88517e-20	3.31741e-19	9.31091e-17	1.81673e-13	7.70154e-11	2.75523e-09	1.37336e-08	1.65614e-08	2.26208e-08	3.30993e-06	0.000576914	0.02964	0.335873	0.537819	0.0923721	0.00366254	5.26805e-05	3.58076e-07	1.36206e-09	3.55574e-12	1.49164e-14	9.20223e-16	1.89997e-17	1.05693e-18	1.51035e-20	4.98755e-22	4.73132e-24	9.43594e-26	5.28599e-28	6.43293e-30	1.74038e-32	1.27305e-34	1.99444e-37	8.44378e-40	9.31494e-43	2.79305e-45	5.20498e-48	
N60	5.2101e-37	3.34892e-30	9.90238e-26	2.24539e-22	1.30564e-18	6.02464e-17	6.71321e-15	5.42739e-13	2.01162e-10	9.84523e-09	1.65398e-07	1.18307e-06	3.16464e-06	0.000205176	0.00769348	0.105741	0.451168	0.402242	0.0323565	0.000586167	4.0006e-06	1.35336e-08	2.67526e-11	3.45389e-14	3.32641e-17	2.43376e-19	3.68893e-21	2.66042e-22	3.29952e-24	1.51369e-25	1.34055e-27	3.97878e-29	2.21482e-31	4.34681e-33	1.1881e-35	1.55701e-37	1.93228e-40	1.41127e-42	1.17871e-45	5.07008e-48	6.6529e-51	
N61	1.45831e-39	2.07853e-32	4.83223e-29	2.62636e-23	3.03647e-20	1.19133e-20	1.41446e-16	3.21631e-12	1.11396e-08	1.57e-08	2.19258e-09	1.10442e-10	5.80964e-11	5.43812e-08	2.99668e-05	0.00474669	0.163362	0.725611	0.103619	0.00260903	2.1825e-05	1.20387e-07	1.68372e-09	1.42961e-10	2.4084e-12	1.05601e-13	8.75217e-16	2.12014e-17	9.4156e-20	1.38376e-21	3.50725e-24	3.24767e-26	4.93537e-29	2.84135e-31	2.73214e-34	9.24884e-37	6.10394e-40	1.2424e-42	6.55779e-46	1.60162e-48	6.99184e-51	
Triowe	0	0	0	0	0	0	0	0	0	0	0	0	0	0	0	0	0	1	0	0	0	0	0	0	0	0	0	0	0	0	0	0	0	0	0	0	0	0	0	0	0	
N62	6.85307e-40	5.80884e-33	3.07943e-29	8.10995e-24	5.82821e-21	2.33975e-20	1.94116e-16	1.32441e-12	1.05191e-09	8.16177e-10	7.54902e-11	3.72847e-12	4.9656e-12	6.23973e-09	6.4899e-06	0.00196015	0.118755	0.758507	0.117618	0.00312529	2.74745e-05	1.15946e-07	3.8697e-10	4.9961e-12	4.47967e-14	1.6831e-15	3.15886e-17	5.55211e-18	8.56175e-20	1.03451e-20	8.41859e-23	6.96439e-24	2.61892e-26	1.50922e-27	2.43628e-30	8.65979e-32	6.98462e-35	1.02522e-36	6.28962e-40	4.86141e-42	8.65673e-45	
Trijoh	0	0	0	0	0	0	0	0	0	0	0	0	0	0	0	0	0	1	0	0	0	0	0	0	0	0	0	0	0	0	0	0	0	0	0	0	0	0	0	0	0	
Trimel	0	0	0	0	0	0	0	0	0	0	0	0	0	0	0	0	0	1	0	0	0	0	0	0	0	0	0	0	0	0	0	0	0	0	0	0	0	0	0	0	0	
N63	1.87964e-35	1.67044e-28	1.85245e-22	2.28228e-22	2.24053e-17	7.83566e-13	3.17894e-13	4.09274e-14	1.61833e-11	1.89382e-07	0.00066152	0.38922	0.480199	0.119125	0.010397	0.000390416	6.70115e-06	5.04025e-08	1.43633e-10	1.90506e-13	1.44668e-16	7.16671e-20	2.52203e-23	6.7268e-27	1.51853e-30	1.39486e-33	2.92715e-36	1.88693e-38	3.91426e-41	1.79721e-43	3.01921e-46	9.67342e-49	1.22583e-51	2.66603e-54	2.24891e-57	3.17258e-60	1.46571e-63	1.29365e-66	4.01543e-70	2.49868e-73	9.35758e-77	
N64	1.1525e-36	1.26465e-29	1.43019e-23	6.4829e-23	4.97958e-18	1.54876e-13	2.21622e-13	1.16194e-13	5.33822e-11	6.35643e-07	0.00185031	0.642174	0.330368	0.0250579	0.000544874	4.45271e-06	1.54783e-08	2.40839e-11	1.7525e-14	7.10575e-18	2.09727e-21	1.55472e-23	6.69952e-26	1.96699e-27	2.57476e-30	5.15125e-32	3.40297e-35	4.78944e-37	1.97146e-40	1.95051e-42	5.60753e-46	3.80943e-48	8.23077e-52	3.65967e-54	6.26333e-58	1.69189e-60	2.38665e-64	3.67387e-67	5.1129e-71	1.62866e-73	1.4516e-75	
Trihoe	0	0	0	0	0	0	0	0	0	0	0	1	0	0	0	0	0	0	0	0	0	0	0	0	0	0	0	0	0	0	0	0	0	0	0	0	0	0	0	0	0	
Tribit	0	0	0	0	0	0	0	0	0	0	0	1	0	0	0	0	0	0	0	0	0	0	0	0	0	0	0	0	0	0	0	0	0	0	0	0	0	0	0	0	0	
Trijac	0	0	0	0	0	0	0	0	0	0	0	1	0	0	0	0	0	0	0	0	0	0	0	0	0	0	0	0	0	0	0	0	0	0	0	0	0	0	0	0	0	
N65	2.26659e-38	1.37925e-31	1.89509e-28	3.95785e-23	1.71256e-20	6.36633e-21	4.11169e-17	4.34861e-13	8.33289e-10	9.46994e-10	1.63859e-10	1.23145e-11	8.5635e-12	9.02869e-09	6.71579e-06	0.00162169	0.0930616	0.727687	0.170027	0.00748209	0.00011376	8.09808e-07	3.28914e-09	1.66822e-11	2.37357e-13	1.22196e-14	1.97024e-16	6.06931e-18	6.38926e-20	1.17954e-21	7.97073e-24	9.10261e-26	3.74064e-28	2.68246e-30	6.33085e-33	2.81759e-35	4.20388e-38	1.18653e-40	1.28992e-43	3.06618e-46	6.50463e-49	
Tricri	0	0	0	0	0	0	0	0	0	0	0	0	0	0	0	0	0	1	0	0	0	0	0	0	0	0	0	0	0	0	0	0	0	0	0	0	0	0	0	0	0	
N66	2.40116e-40	1.84998e-33	5.92423e-30	1.45059e-24	6.41513e-22	1.08388e-21	8.3148e-18	5.21255e-14	4.10882e-11	1.68135e-11	1.42104e-12	2.0845e-13	3.73863e-13	6.86815e-10	1.05065e-06	0.000521436	0.0595122	0.780849	0.154128	0.00493712	5.12634e-05	2.40583e-07	6.1958e-10	1.01912e-12	1.50238e-15	4.50639e-17	9.24567e-19	9.6028e-20	1.42655e-21	9.19407e-23	8.85022e-25	3.68738e-26	1.99775e-28	5.61145e-30	1.38227e-32	2.55853e-34	2.73343e-37	2.49223e-39	1.8751e-42	9.76744e-45	1.32417e-47	
Triwie	0	0	0	0	0	0	0	0	0	0	0	0	0	0	0	0	0	1	0	0	0	0	0	0	0	0	0	0	0	0	0	0	0	0	0	0	0	0	0	0	0	
Triqua	0	0	0	0	0	0	0	0	0	0	0	0	0	0	0	0	0	1	0	0	0	0	0	0	0	0	0	0	0	0	0	0	0	0	0	0	0	0	0	0	0	
N67	2.51766e-37	2.98018e-31	8.58188e-28	2.64904e-23	1.29992e-20	7.63395e-20	6.81763e-17	8.98358e-14	2.35658e-11	3.30723e-10	1.1353e-09	1.66048e-09	5.5185e-09	9.73812e-07	0.000200424	0.0140974	0.234596	0.535256	0.1949	0.0200932	0.000838645	1.76873e-05	2.18712e-07	2.70131e-09	1.7774e-10	1.27175e-10	1.50538e-11	6.47027e-12	5.20978e-13	1.32394e-13	6.66124e-15	1.02879e-15	2.54377e-17	2.47949e-18	2.36329e-20	1.2192e-21	6.97741e-24	1.79006e-25	7.53563e-28	1.34589e-29	1.93334e-31	
N68	1.31089e-35	2.01809e-29	2.6096e-26	1.48756e-21	3.20973e-19	5.47672e-19	1.61397e-15	5.23995e-12	3.03022e-09	5.90583e-09	2.38901e-09	4.4703e-10	3.80586e-10	1.19134e-07	3.5431e-05	0.00382288	0.115648	0.630509	0.229021	0.020247	0.000704263	1.2406e-05	1.29578e-07	1.00912e-09	1.11123e-11	7.16571e-13	2.43637e-14	1.4804e-15	3.57083e-17	1.37331e-18	2.2928e-20	5.70612e-22	6.33821e-24	1.03004e-25	7.27036e-28	7.87125e-30	3.69176e-32	2.76112e-34	9.75129e-37	6.10114e-39	3.08282e-41	
Kinboe	0	0	0	0	0	0	0	0	0	0	0	0	0	0	0	0	0	1	0	0	0	0	0	0	0	0	0	0	0	0	0	0	0	0	0	0	0	0	0	0	0	
Kinfis	0	0	0	0	0	0	0	0	0	0	0	0	0	0	0	0	0	1	0	0	0	0	0	0	0	0	0	0	0	0	0	0	0	0	0	0	0	0	0	0	0	
Kinxen	0	0	0	0	0	0	0	0	0	0	0	0	0	0	0	0	0	1	0	0	0	0	0	0	0	0	0	0	0	0	0	0	0	0	0	0	0	0	0	0	0	
N69	4.98945e-48	4.38595e-40	7.87758e-35	6.15265e-30	1.42625e-26	5.674e-23	3.26173e-19	1.41516e-16	1.34135e-14	2.19356e-13	3.82529e-13	6.3552e-11	7.29903e-08	4.10205e-05	0.00565538	0.156609	0.645825	0.189401	0.00246074	7.36918e-06	9.05639e-09	6.53562e-12	4.5577e-15	8.4693e-18	1.01071e-19	3.04335e-19	5.13448e-20	1.40031e-19	1.37247e-20	1.71014e-20	7.69883e-22	4.66216e-22	5.88256e-24	1.99454e-24	3.68671e-27	6.36107e-28	3.10807e-31	8.72092e-33	2.96137e-36	2.63407e-38	6.59672e-41	
N70	2.16741e-32	1.67595e-26	1.30086e-21	4.88128e-20	3.2731e-16	6.4202e-13	6.13216e-12	1.63477e-11	1.36955e-09	1.06742e-06	0.000322548	0.0233873	0.174931	0.370526	0.30463	0.108671	0.0165858	0.000928259	1.74163e-05	1.67983e-07	1.01157e-09	4.24205e-12	1.33247e-14	4.10353e-17	3.9874e-19	4.08474e-20	1.34552e-21	1.149e-22	3.16277e-24	1.88879e-25	4.11219e-27	1.67598e-28	2.54451e-30	6.73264e-32	5.68291e-34	9.56817e-36	4.38265e-38	3.96421e-40	1.28076e-42	9.87346e-45	7.06962e-47	
N71	1.07607e-33	1.59934e-26	2.79781e-20	1.92859e-20	2.11134e-15	6.70883e-11	2.09257e-11	1.13322e-12	2.28241e-10	1.46904e-06	0.00243715	0.553299	0.398317	0.0444652	0.00146128	1.82462e-05	9.84111e-08	2.51125e-10	3.41273e-13	2.79541e-16	1.53368e-19	8.02721e-23	8.18144e-26	3.83076e-28	7.68884e-31	2.92317e-33	4.1252e-36	1.07148e-38	1.05957e-41	1.93359e-44	1.34333e-47	1.7434e-50	8.52605e-54	7.84629e-57	2.73013e-60	1.7749e-63	4.56635e-67	2.22458e-70	5.14174e-74	3.13153e-77	2.43257e-80	
N72	1.28724e-36	4.56387e-29	1.9223e-22	7.86803e-23	2.70143e-17	3.50826e-12	5.72535e-13	2.45368e-14	1.54407e-11	3.43067e-07	0.00168957	0.877413	0.11938	0.00151358	4.38897e-06	4.50801e-09	2.13215e-12	5.61329e-16	1.1913e-19	4.26258e-22	8.51882e-25	5.84505e-27	6.85772e-30	2.42793e-32	8.83702e-36	1.81303e-38	3.12262e-42	3.5134e-45	3.92142e-49	2.48475e-52	2.04722e-56	7.97178e-60	5.06823e-64	1.35927e-67	6.75707e-72	1.40903e-75	7.31548e-80	5.41934e-83	8.42731e-86	1.2922e-88	1.5291e-91	
N73	5.0605e-36	5.32943e-29	5.5569e-23	2.75069e-22	1.54725e-17	3.06706e-13	4.44398e-13	2.79336e-13	1.29891e-10	1.40582e-06	0.00354635	0.917725	0.0781658	0.0005605	1.03404e-06	7.85971e-10	3.15975e-13	2.08789e-16	1.5593e-18	1.72062e-19	1.35908e-21	8.0043e-23	3.57633e-25	1.15625e-26	3.89564e-30	4.98758e-32	9.67877e-36	4.0609e-38	6.18421e-42	1.22939e-44	1.50256e-48	1.95612e-51	1.91098e-55	1.9795e-58	1.62114e-62	3.30192e-65	2.66634e-68	7.58935e-70	1.66826e-71	3.20239e-73	4.6769e-75	
Chaafr	0	0	0	0	0	0	0	0	0	0	0	1	0	0	0	0	0	0	0	0	0	0	0	0	0	0	0	0	0	0	0	0	0	0	0	0	0	0	0	0	0	
Chacha	0	0	0	0	0	0	0	0	0	0	0	1	0	0	0	0	0	0	0	0	0	0	0	0	0	0	0	0	0	0	0	0	0	0	0	0	0	0	0	0	0	
N74	6.98135e-36	7.36642e-29	8.4364e-23	2.9508e-22	2.79894e-17	1.05741e-12	1.06818e-12	3.66833e-13	1.36393e-10	1.46101e-06	0.00364374	0.935296	0.0607051	0.000353205	5.61738e-07	3.82473e-10	1.4171e-13	1.1852e-16	7.72724e-19	4.80801e-20	2.91135e-22	9.63708e-24	3.49138e-26	6.04692e-28	2.12708e-31	1.46002e-33	2.96687e-37	6.95219e-40	1.07536e-43	1.33203e-46	1.59128e-50	1.42231e-53	1.32979e-57	1.00508e-60	8.21073e-65	1.69541e-67	2.00907e-70	3.16708e-72	3.83658e-74	4.00531e-76	3.20473e-78	
Chacaly	0	0	0	0	0	0	0	0	0	0	0	1	0	0	0	0	0	0	0	0	0	0	0	0	0	0	0	0	0	0	0	0	0	0	0	0	0	0	0	0	0	
Chazey	0	0	0	0	0	0	0	0	0	0	0	1	0	0	0	0	0	0	0	0	0	0	0	0	0	0	0	0	0	0	0	0	0	0	0	0	0	0	0	0	0	
N75	1.41782e-32	4.15205e-26	1.12486e-20	1.78705e-19	2.36468e-15	5.71118e-12	6.04129e-12	1.02785e-11	2.87829e-09	8.82108e-06	0.00682064	0.623234	0.344104	0.0253245	0.00050405	3.76637e-06	1.29486e-08	2.39263e-11	2.91007e-14	8.1529e-16	1.81146e-17	3.14368e-18	3.92802e-20	3.91892e-21	7.05026e-24	4.02614e-25	3.83635e-28	1.23647e-29	8.3457e-33	1.52464e-34	8.26159e-38	8.77881e-40	4.03949e-43	2.63566e-45	1.04746e-48	4.59937e-51	1.60165e-54	8.15137e-57	2.08135e-58	1.22064e-59	5.68156e-61	
Chadil	0	0	0	0	0	0	0	0	0	0	0	1	0	0	0	0	0	0	0	0	0	0	0	0	0	0	0	0	0	0	0	0	0	0	0	0	0	0	0	0	0	
Chasen	0	0	0	0	0	0	0	0	0	0	0	1	0	0	0	0	0	0	0	0	0	0	0	0	0	0	0	0	0	0	0	0	0	0	0	0	0	0	0	0	0	
Chanam	0	0	0	0	0	0	0	0	0	0	0	1	0	0	0	0	0	0	0	0	0	0	0	0	0	0	0	0	0	0	0	0	0	0	0	0	0	0	0	0	0	
N76	1.57181e-32	1.09024e-28	6.37104e-27	1.30432e-24	4.98708e-25	8.3233e-23	2.5691e-19	1.53801e-16	1.37077e-14	1.98409e-13	2.24438e-12	2.31365e-10	1.26791e-07	5.36832e-05	0.0063956	0.161845	0.6371	0.190623	0.00395562	2.57691e-05	8.33286e-08	1.84082e-10	5.39531e-13	3.81703e-12	4.49489e-12	2.25247e-10	1.22116e-10	3.55784e-09	7.03026e-10	1.18924e-08	7.88355e-10	7.86551e-09	1.49884e-10	8.54135e-10	4.06053e-12	7.79065e-12	1.96546e-14	4.40783e-15	8.40339e-18	8.08378e-19	2.22256e-19	
Riebrev	0	0	0	0	0	0	0	0	0	0	0	0	0	0	0	0	0	0	0	0	0	0	0	0	0	0	0	0	0	0	1	0	0	0	0	0	0	0	0	0	0	
N77	1.28738e-37	2.75459e-30	1.98115e-27	1.64893e-21	7.25246e-22	4.16421e-21	4.02251e-16	1.22157e-11	7.15405e-10	1.37508e-11	9.82444e-14	1.31146e-15	3.04889e-12	1.42584e-08	2.44633e-05	0.0119619	0.941013	0.0465524	0.00044624	1.56068e-06	2.66451e-09	2.78599e-12	2.51383e-15	5.72905e-18	1.39727e-20	4.34072e-23	7.81119e-26	1.4813e-28	1.76771e-31	2.09126e-34	1.63679e-37	1.23712e-40	6.31393e-44	3.12879e-47	1.05506e-50	3.61391e-54	8.64092e-58	2.34586e-61	5.17166e-65	1.63769e-68	5.61445e-72	
N78	1.8933e-47	6.20703e-39	1.79113e-35	2.13711e-28	1.7036e-28	4.19108e-27	5.39555e-21	1.4186e-15	1.50112e-13	9.15217e-17	2.08238e-20	3.79014e-22	3.35521e-17	4.24368e-12	1.64846e-07	0.00135696	0.982503	0.0161166	2.37029e-05	8.77209e-09	1.26438e-12	9.06973e-17	3.828e-21	1.52027e-25	3.7434e-29	3.14236e-31	1.92508e-34	1.11342e-36	3.53982e-36	1.50458e-34	6.47841e-36	2.53575e-36	4.74438e-38	1.38122e-38	4.77836e-41	5.05976e-42	1.33151e-44	7.03612e-46	1.60211e-48	5.49947e-50	9.9709e-52	
N79	1.85446e-42	1.81269e-36	8.81943e-35	4.43045e-30	2.24035e-31	3.30359e-29	3.63243e-23	7.35756e-18	8.40436e-16	2.47537e-19	1.06986e-22	9.62623e-23	1.15543e-17	1.87721e-12	9.58976e-08	0.0010535	0.985444	0.0134879	1.42658e-05	3.64946e-09	3.60959e-13	1.77487e-17	5.05964e-22	1.3493e-26	1.84018e-29	1.99064e-30	4.79468e-33	3.83391e-34	6.33588e-37	2.92343e-38	2.75166e-41	7.85608e-43	1.40012e-44	1.84678e-43	1.89637e-46	6.17823e-47	5.27306e-50	5.06423e-51	4.85549e-54	3.74604e-53	1.32051e-51	
Braset	0	0	0	0	0	0	0	0	0	0	0	0	0	0	0	0	1	0	0	0	0	0	0	0	0	0	0	0	0	0	0	0	0	0	0	0	0	0	0	0	0	
N80	8.21903e-52	8.60808e-44	5.96559e-40	3.00417e-33	8.98905e-33	7.21053e-31	2.54392e-25	1.91758e-20	1.31784e-18	2.79368e-20	6.49495e-21	4.32304e-21	2.16732e-16	1.4199e-11	3.16769e-07	0.00171809	0.987802	0.0104669	1.23423e-05	4.3477e-09	6.79642e-13	5.82257e-17	3.11355e-21	3.96155e-25	1.16775e-27	8.58579e-29	2.51423e-31	1.09773e-32	2.47651e-35	6.44251e-37	1.12058e-39	1.71985e-41	1.83635e-44	1.64843e-46	6.85564e-51	8.30028e-54	2.58836e-58	1.09868e-61	2.52501e-66	1.2046e-69	3.76587e-72	
N81	2.64618e-55	2.67466e-46	1.48618e-42	5.87116e-35	1.27546e-35	1.45248e-33	6.73628e-27	1.01117e-20	2.40575e-18	4.13218e-20	3.34941e-22	1.11903e-23	2.20357e-18	4.50046e-13	3.1515e-08	0.000542634	0.997795	0.00166148	4.00835e-07	3.25954e-11	1.25899e-15	2.77456e-20	3.94212e-25	2.46912e-29	8.22097e-33	2.01354e-35	5.27433e-39	7.03503e-42	1.26797e-45	9.07123e-49	1.08048e-52	3.86296e-56	2.40897e-60	3.52936e-64	1.8682e-69	3.49152e-74	7.62055e-80	5.32192e-85	4.22937e-91	1.70424e-96	5.55277e-102	
Bramel	0	0	0	0	0	0	0	0	0	0	0	0	0	0	0	0	1	0	0	0	0	0	0	0	0	0	0	0	0	0	0	0	0	0	0	0	0	0	0	0	0	
Bratha	0	0	0	0	0	0	0	0	0	0	0	0	0	0	0	0	1	0	0	0	0	0	0	0	0	0	0	0	0	0	0	0	0	0	0	0	0	0	0	0	0	
N82	4.54006e-54	9.26316e-46	5.60498e-42	5.61576e-35	8.01798e-35	1.31321e-32	1.86358e-26	8.36246e-21	2.82317e-18	3.60741e-19	1.971e-20	4.15856e-21	2.41941e-16	1.52465e-11	3.29958e-07	0.00175223	0.992338	0.00590412	4.94309e-06	1.36846e-09	1.78148e-13	1.32087e-17	6.31588e-22	1.26605e-25	2.06343e-28	3.6853e-30	5.15879e-33	5.42963e-35	5.80408e-38	3.66367e-40	2.99071e-43	1.10741e-45	5.78021e-49	1.14009e-51	4.43216e-56	1.24124e-59	3.20058e-64	4.99993e-68	9.3189e-73	2.31776e-76	2.07205e-79	
Bradra	0	0	0	0	0	0	0	0	0	0	0	0	0	0	0	0	1	0	0	0	0	0	0	0	0	0	0	0	0	0	0	0	0	0	0	0	0	0	0	0	0	
Bratra	0	0	0	0	0	0	0	0	0	0	0	0	0	0	0	0	1	0	0	0	0	0	0	0	0	0	0	0	0	0	0	0	0	0	0	0	0	0	0	0	0	
N83	6.02265e-48	5.28417e-40	1.26837e-36	3.64265e-30	1.497e-30	5.28488e-29	1.25019e-23	9.5731e-19	1.05397e-16	8.71555e-18	3.45831e-19	5.27882e-20	1.82245e-15	6.85919e-11	8.89689e-07	0.0028478	0.988074	0.00906544	1.20734e-05	5.39448e-09	1.14346e-12	1.38919e-16	1.09825e-20	3.12658e-24	5.4221e-27	7.14971e-29	1.09498e-31	8.5824e-34	1.00088e-36	4.74327e-39	4.20755e-42	1.17249e-44	6.60496e-48	9.38623e-51	6.29437e-55	1.758e-58	7.3837e-63	1.25936e-66	3.86392e-71	9.81592e-75	6.33007e-78	
Bragut	0	0	0	0	0	0	0	0	0	0	0	0	0	0	0	0	1	0	0	0	0	0	0	0	0	0	0	0	0	0	0	0	0	0	0	0	0	0	0	0	0	
Braven	0	0	0	0	0	0	0	0	0	0	0	0	0	0	0	0	1	0	0	0	0	0	0	0	0	0	0	0	0	0	0	0	0	0	0	0	0	0	0	0	0	
N84	8.97215e-42	2.31595e-34	5.93774e-31	5.0685e-25	7.92066e-25	2.95677e-23	1.88706e-18	2.60473e-14	5.70312e-13	2.08813e-15	7.36722e-17	3.19598e-17	2.90045e-13	3.03542e-09	1.0907e-05	0.00966736	0.95572	0.0344191	0.000181952	3.19195e-07	2.62393e-10	1.22309e-13	3.66364e-17	2.234e-20	1.06768e-22	4.55147e-24	2.3423e-26	6.03171e-28	2.33117e-30	3.70065e-32	1.03058e-34	1.00796e-36	1.63841e-39	9.45227e-42	2.34611e-45	3.5645e-48	6.17898e-52	5.35703e-55	7.18974e-59	6.29573e-62	1.16504e-64	
Brapum	0	0	0	0	0	0	0	0	0	0	0	0	0	0	0	0	1	0	0	0	0	0	0	0	0	0	0	0	0	0	0	0	0	0	0	0	0	0	0	0	0	
Bradam	0	0	0	0	0	0	0	0	0	0	0	0	0	0	0	0	1	0	0	0	0	0	0	0	0	0	0	0	0	0	0	0	0	0	0	0	0	0	0	0	0	
