NODE	1	2	3	4	5	6	7	8	9	10	11	12	13	14	15	16	17	18	19	20	21	22	23	24	25	26	27	28	29	
N1	3.33573e-80	1.28008e-56	5.26322e-51	4.42997e-46	1.33261e-41	1.76072e-37	1.11534e-33	3.47897e-30	6.22334e-27	1.04798e-23	1.12667e-20	6.20286e-18	1.61685e-15	1.7733e-13	6.85623e-12	0.237283	0.49732	0.265397	1.13103e-11	5.86051e-13	1.42469e-14	1.91879e-16	1.6002e-18	8.93423e-21	3.53577e-23	1.03574e-25	2.32277e-28	4.09725e-31	6.29913e-34	
N2	1.29921e-82	2.4605e-58	5.7496e-52	2.66907e-46	4.43953e-41	3.47506e-36	1.52053e-31	4.03414e-27	6.49888e-23	6.11593e-19	3.14872e-15	8.46283e-12	1.12586e-08	6.78632e-06	0.00158942	0.105029	0.439773	0.400556	0.0512893	0.0017335	2.26521e-05	1.43316e-07	5.07295e-10	1.10973e-12	1.61233e-15	1.64395e-18	1.61017e-21	1.04076e-22	2.02442e-23	
N3	1.34554e-88	1.0584e-63	8.18484e-57	1.10383e-50	4.43145e-45	6.37383e-40	3.50413e-35	6.95161e-31	3.06343e-27	1.10978e-23	2.35789e-19	2.54364e-15	1.27061e-11	2.65815e-08	1.98624e-05	0.00408139	0.149507	0.689752	0.151549	0.00504426	4.6392e-05	1.65574e-07	2.82725e-10	2.65468e-13	1.51184e-16	5.61221e-20	1.43446e-23	2.64238e-27	4.63487e-31	
N4	2.99586e-92	3.80241e-67	5.34633e-60	1.42269e-53	1.22409e-47	4.12311e-42	5.83304e-37	3.30226e-32	7.70468e-28	2.1231e-23	3.94919e-19	3.61203e-15	1.5284e-11	2.73055e-08	1.79013e-05	0.00345472	0.137075	0.667901	0.183306	0.00814316	0.000102154	4.98091e-07	1.15435e-09	1.45674e-12	1.10276e-15	5.38e-19	1.78778e-22	5.55224e-26	1.31117e-27	
B3088	0	0	0	0	0	0	0	0	0	0	0	0	0	0	0	0	0	1	0	0	0	0	0	0	0	0	0	0	0	
N5	1.67443e-85	3.38174e-61	1.00821e-54	6.92719e-49	1.86158e-43	2.35327e-38	1.52053e-33	5.23912e-29	9.83166e-25	1.00954e-20	5.61169e-17	1.64569e-13	2.43454e-10	1.69273e-07	4.96079e-05	0.00516112	0.143097	0.630618	0.207379	0.013407	0.000286189	2.68531e-06	1.3215e-08	3.83916e-11	7.1613e-14	9.12899e-17	8.3455e-20	6.31966e-23	1.55744e-24	
BGA709	0	0	0	0	0	0	0	0	0	0	0	0	0	0	0	0	0	1	0	0	0	0	0	0	0	0	0	0	0	
BGA309	0	0	0	0	0	0	0	0	0	0	0	0	0	0	0	0	0	1	0	0	0	0	0	0	0	0	0	0	0	
N6	5.80801e-92	5.91115e-67	6.05817e-60	1.13348e-53	6.86437e-48	1.72497e-42	2.06961e-37	1.21911e-32	2.64885e-28	3.38644e-26	6.96458e-22	1.29617e-17	1.17758e-13	4.83218e-10	7.93114e-07	0.000427767	0.0539134	0.81169	0.1314	0.0025551	1.33805e-05	2.75413e-08	2.76672e-11	1.55781e-14	5.40597e-18	1.23815e-21	1.96995e-25	2.27143e-29	2.70026e-33	
N7	1.58128e-85	2.57127e-61	4.54818e-55	1.46784e-49	1.50778e-44	6.29104e-40	1.33158e-35	1.97948e-31	2.90658e-27	4.3744e-23	4.40938e-19	2.40681e-15	6.82036e-12	9.40556e-09	5.70237e-06	0.00128913	0.0812012	0.769373	0.143466	0.00461579	4.89368e-05	2.33039e-07	5.96733e-10	9.23476e-13	9.37064e-16	6.61931e-19	3.40718e-22	1.32686e-25	5.11587e-29	
B11696	0	0	0	0	0	0	0	0	0	0	0	0	0	0	0	0	0	1	0	0	0	0	0	0	0	0	0	0	0	
B11609	0	0	0	0	0	0	0	0	0	0	0	0	0	0	0	0	0	1	0	0	0	0	0	0	0	0	0	0	0	
N8	1.25454e-103	1.67969e-77	1.95213e-69	3.72229e-62	2.0326e-55	4.06356e-49	3.3837e-43	1.28977e-37	1.66563e-32	1.45005e-30	1.78176e-26	2.15867e-21	1.20513e-16	2.83548e-12	2.43577e-08	6.00028e-05	0.0272416	0.863643	0.108105	0.000948402	1.67582e-06	9.71382e-10	2.42658e-13	3.09844e-17	2.26674e-21	1.02908e-25	3.07189e-30	6.91023e-35	4.8709e-38	
N9	3.58766e-89	1.05374e-65	3.1909e-60	1.83876e-55	3.00556e-51	5.87278e-48	1.45382e-45	2.26512e-41	1.3067e-36	7.43305e-32	1.6936e-26	1.93066e-21	1.03147e-16	2.37308e-12	2.04597e-08	5.22322e-05	0.0254789	0.868859	0.104737	0.000871135	1.48146e-06	8.43016e-10	2.10587e-13	2.73318e-17	2.06225e-21	9.78494e-26	3.11992e-30	3.71989e-33	2.66977e-34	
N10	7.0141e-92	2.92481e-67	1.31152e-60	1.09701e-54	3.07862e-49	3.86143e-44	2.69224e-39	1.23214e-34	4.37503e-30	1.43479e-25	3.16975e-21	3.76184e-17	2.29648e-13	6.74369e-10	8.5707e-07	0.000396772	0.0491343	0.829578	0.118546	0.00233095	1.3792e-05	3.4922e-08	4.61261e-11	3.60488e-14	1.81803e-17	6.30174e-21	1.5759e-24	3.77085e-28	3.73676e-30	
B985	0	0	0	0	0	0	0	0	0	0	0	0	0	0	0	0	0	1	0	0	0	0	0	0	0	0	0	0	0	
N11	7.39497e-93	8.04653e-68	8.61712e-61	1.64276e-54	9.49507e-49	1.98868e-43	1.5824e-38	4.50197e-34	2.83882e-30	5.86545e-29	2.77081e-24	9.21621e-20	1.57943e-15	1.30511e-11	4.68072e-08	6.12304e-05	0.0212455	0.937918	0.04052	0.000254852	5.00578e-07	4.30532e-10	1.9609e-13	5.33814e-17	9.43972e-21	1.15181e-24	1.01487e-28	6.69936e-33	4.12091e-37	
B199	0	0	0	0	0	0	0	0	0	0	0	0	0	0	0	0	0	1	0	0	0	0	0	0	0	0	0	0	0	
B11604	0	0	0	0	0	0	0	0	0	0	0	0	0	0	0	0	0	1	0	0	0	0	0	0	0	0	0	0	0	
N12	4.14509e-94	4.79407e-69	5.51362e-62	1.12907e-55	7.1161e-50	1.71178e-44	1.80459e-39	9.40978e-35	1.967e-30	9.07013e-28	3.68462e-23	9.42006e-19	1.21121e-14	7.29379e-11	1.83714e-07	0.000160642	0.0347757	0.875367	0.0886026	0.00109016	3.74648e-06	5.23832e-09	3.68164e-12	1.48728e-15	3.78495e-19	6.48227e-23	7.85062e-27	7.07817e-31	1.29078e-34	
BGA89	0	0	0	0	0	0	0	0	0	0	0	0	0	0	0	0	0	1	0	0	0	0	0	0	0	0	0	0	0	
N13	3.93795e-96	4.67965e-71	5.45963e-64	1.10916e-57	6.72542e-52	1.47501e-46	1.27578e-41	4.62808e-37	8.53729e-33	2.87442e-28	1.56852e-23	4.55094e-19	6.6611e-15	4.57947e-11	1.31959e-07	0.000131966	0.0324225	0.891402	0.0752846	0.000757185	2.14649e-06	2.50342e-09	1.48234e-12	5.08854e-16	1.10867e-19	1.6364e-23	1.71932e-27	2.03238e-31	2.46675e-33	
BGAA2	0	0	0	0	0	0	0	0	0	0	0	0	0	0	0	0	0	1	0	0	0	0	0	0	0	0	0	0	0	
BGA584	0	0	0	0	0	0	0	0	0	0	0	0	0	0	0	0	0	1	0	0	0	0	0	0	0	0	0	0	0	
N14	9.28097e-88	2.25639e-63	5.83421e-57	2.73172e-51	3.99589e-46	2.26424e-41	5.81193e-37	8.62751e-33	1.16319e-28	2.16915e-24	3.24003e-20	2.62687e-16	1.10657e-12	2.26914e-09	2.04374e-06	0.000683381	0.0627156	0.81437	0.119419	0.00278891	2.08879e-05	6.94143e-08	1.23256e-10	1.31799e-13	9.22159e-17	4.48592e-20	1.58897e-23	4.26703e-27	1.33253e-30	
BGA304	0	0	0	0	0	0	0	0	0	0	0	0	0	0	0	0	0	1	0	0	0	0	0	0	0	0	0	0	0	
BGAB1	0	0	0	0	0	0	0	0	0	0	0	0	0	0	0	0	0	1	0	0	0	0	0	0	0	0	0	0	0	
PGA445	0	0	0	0	0	0	0	0	0	0	0	0	0	0	0	0	0	1	0	0	0	0	0	0	0	0	0	0	0	
N15	4.48343e-86	4.26162e-60	3.38154e-52	4.26479e-45	1.46042e-38	1.61731e-32	5.92317e-27	5.56392e-22	2.65192e-19	2.07345e-15	1.89896e-11	3.54348e-08	1.67683e-05	0.0022449	0.0797943	0.551066	0.354327	0.0125367	1.47482e-05	4.36212e-09	5.26556e-13	3.25789e-17	1.17522e-21	2.6788e-26	4.07007e-31	4.27292e-36	3.20186e-41	1.66523e-45	2.17604e-45	
N16	1.97724e-67	9.90192e-43	5.33733e-36	4.60903e-30	1.07137e-24	7.88397e-20	1.89871e-15	1.42943e-11	2.99215e-08	1.43759e-05	0.00129196	0.0263775	0.163371	0.366979	0.322714	0.108007	0.0111002	0.0001449	3.68249e-07	4.08031e-10	2.51084e-13	9.7037e-17	2.54253e-20	4.7642e-24	6.80159e-28	1.54186e-31	3.33164e-34	3.61963e-35	4.56024e-35	
Rhaspe	0	0	0	0	0	0	0	0	0	1	0	0	0	0	0	0	0	0	0	0	0	0	0	0	0	0	0	0	0	
N17	7.30018e-55	3.67368e-33	2.51773e-29	1.21922e-25	4.27449e-21	6.15959e-17	3.25398e-13	6.24223e-10	4.05155e-07	7.79583e-05	0.0038015	0.0505145	0.225057	0.383079	0.26213	0.0694289	0.00583183	7.89559e-05	3.27126e-07	6.70068e-10	8.23868e-13	6.74899e-16	3.92951e-19	1.69855e-22	5.6245e-26	2.67558e-29	7.78774e-32	3.19327e-32	6.33369e-33	
Rhamar	0	0	0	0	0	0	0	0	0	1	0	0	0	0	0	0	0	0	0	0	0	0	0	0	0	0	0	0	0	
Rhatem	0	0	0	0	0	0	0	0	0	0	1	0	0	0	0	0	0	0	0	0	0	0	0	0	0	0	0	0	0	
N18	9.30341e-86	1.95861e-67	4.22026e-61	7.82746e-54	8.42732e-47	2.82752e-40	3.23879e-34	4.70301e-29	2.74104e-25	6.07756e-20	5.22833e-15	1.17729e-10	5.48046e-07	0.000432449	0.047053	0.532371	0.40558	0.0145355	2.77086e-05	9.45507e-09	1.01595e-12	4.61855e-17	1.04846e-21	1.33602e-26	1.38742e-31	4.82941e-34	1.25721e-37	1.07541e-37	1.14305e-38	
N19	9.44796e-89	5.29489e-63	2.65597e-55	2.26193e-48	5.65162e-42	5.02123e-36	1.67876e-30	1.90545e-25	2.12979e-21	1.16429e-18	2.98782e-14	2.78007e-10	6.34559e-07	0.000294548	0.0270121	0.388784	0.525804	0.0574662	0.000637381	1.55266e-06	1.30612e-09	4.91932e-13	9.77016e-17	1.14303e-20	8.52082e-25	4.28996e-29	1.5915e-33	3.26892e-37	5.87835e-40	
N20	1.13625e-77	6.07089e-53	3.64702e-46	4.22622e-40	1.63833e-34	2.61029e-29	1.87586e-24	6.29777e-20	9.8122e-16	6.76232e-12	1.84551e-08	1.55159e-05	0.00160761	0.036694	0.246918	0.485724	0.216584	0.0123191	0.000137616	5.63177e-07	1.1137e-09	1.24651e-12	8.74817e-16	4.13592e-19	1.38866e-22	3.44766e-26	6.56721e-30	2.67911e-33	6.09251e-35	
FGA379	0	0	0	0	0	0	0	0	0	0	0	0	0	0	0	0	1	0	0	0	0	0	0	0	0	0	0	0	0	
N21	7.84701e-72	3.16172e-47	1.43835e-40	1.24362e-34	3.50847e-29	3.91588e-24	1.86975e-19	3.88375e-15	3.38799e-11	1.13723e-07	0.000122534	0.0283723	0.278902	0.455493	0.20522	0.0304553	0.00142028	1.49321e-05	4.86778e-08	7.25573e-11	6.01928e-14	3.12323e-17	1.09511e-20	2.74184e-24	5.10798e-28	7.31034e-32	8.24711e-36	8.07695e-40	7.80216e-43	
N22	5.09745e-77	9.20609e-52	1.57847e-44	4.68428e-38	4.30706e-32	1.50855e-26	2.5802e-21	2.38811e-16	8.66374e-12	1.10103e-07	0.000377803	0.154821	0.565524	0.263544	0.0155217	0.000210466	7.75524e-07	8.17453e-10	3.4302e-13	7.10619e-17	8.27724e-21	5.8862e-25	3.9173e-29	1.14748e-29	6.83772e-31	2.99111e-33	1.11386e-35	7.07089e-37	1.88645e-37	
N23	1.76501e-74	1.1926e-50	3.28443e-45	7.04596e-40	2.0739e-33	1.88563e-27	5.24691e-22	1.52487e-16	1.42644e-11	3.69413e-07	0.00173077	0.395064	0.542315	0.0601449	0.000743474	1.75337e-06	9.98936e-10	1.64999e-13	1.0786e-17	3.33212e-22	6.40478e-27	2.34085e-30	3.6811e-33	4.73115e-36	5.3267e-39	7.54365e-40	1.07846e-41	1.72018e-41	2.34346e-42	
F3016	0	0	0	0	0	0	0	0	0	0	1	0	0	0	0	0	0	0	0	0	0	0	0	0	0	0	0	0	0	
N24	2.16807e-74	9.20856e-51	3.79729e-45	6.78032e-40	2.0003e-33	2.33497e-27	6.25987e-22	1.96123e-16	1.92229e-11	5.0229e-07	0.00225231	0.487166	0.486004	0.024468	0.000109825	8.46302e-08	1.72781e-11	1.33417e-15	4.97717e-20	1.03285e-24	1.28259e-29	9.93046e-35	5.65697e-40	7.77713e-41	5.45621e-41	1.83744e-40	6.61764e-43	9.87608e-43	2.33649e-44	
N25	2.54745e-77	1.30661e-54	3.44981e-47	3.15156e-40	8.37933e-34	8.46852e-28	3.87802e-22	9.13975e-17	7.69845e-12	1.97713e-07	0.0010933	0.545545	0.44224	0.011099	2.23868e-05	9.63101e-09	1.49189e-12	1.09088e-16	4.40882e-21	1.08659e-25	1.74275e-30	6.5314e-35	1.05805e-38	1.96515e-40	1.06907e-44	1.00184e-46	2.02062e-51	6.26365e-54	2.64898e-58	
N26	9.0002e-89	7.04109e-62	3.70051e-53	2.74963e-45	5.15321e-38	2.34256e-31	4.40833e-25	8.83532e-19	5.55092e-13	9.01205e-08	0.00221624	0.823996	0.173324	0.000462801	7.73124e-08	2.97712e-12	4.26453e-17	2.82987e-22	9.78182e-28	1.89009e-33	3.5954e-39	4.15367e-43	9.61761e-46	2.15206e-46	5.6009e-49	8.60401e-50	5.07139e-53	2.04575e-54	1.84075e-57	
N27	1.53661e-76	1.05256e-52	6.87236e-47	8.46444e-42	1.19102e-35	4.59562e-29	5.66998e-23	4.71904e-17	1.15162e-11	6.95749e-07	0.00612793	0.832774	0.160668	0.000428879	9.17492e-08	5.32175e-12	1.27735e-16	1.5086e-21	9.53337e-27	3.53801e-32	1.27991e-36	4.76224e-38	1.02415e-41	4.37293e-41	7.86888e-43	1.69107e-42	1.5056e-45	1.56771e-46	2.04526e-49	
F1476	0	0	0	0	0	0	0	0	0	0	1	0	0	0	0	0	0	0	0	0	0	0	0	0	0	0	0	0	0	
N28	4.31569e-82	4.00536e-58	7.27781e-50	2.24576e-42	2.10332e-35	6.98203e-29	1.07945e-22	6.39462e-17	1.31668e-11	7.82195e-07	0.00838332	0.823318	0.167151	0.00114674	5.15428e-07	6.21788e-11	3.06052e-15	7.55338e-20	1.05286e-24	1.12435e-29	1.90843e-33	5.19593e-35	9.48566e-38	2.01315e-35	8.72975e-38	3.84638e-38	5.79453e-41	2.55295e-42	4.80421e-45	
Furcep	0	0	0	0	0	0	0	0	0	0	0	0	0	1	0	0	0	0	0	0	0	0	0	0	0	0	0	0	0	
N29	4.19427e-74	2.10339e-52	3.59095e-45	4.62299e-38	1.67997e-31	2.10234e-25	9.77635e-20	1.67897e-14	9.8535e-10	1.63236e-05	0.0478457	0.852375	0.0993863	0.000376587	1.89383e-07	3.26624e-11	2.66711e-15	1.21911e-19	3.44874e-24	6.44853e-29	8.70555e-34	2.39718e-36	1.96598e-39	6.48662e-41	3.66818e-45	5.50663e-47	1.10208e-51	2.25067e-54	6.42432e-59	
Furpol	0	0	0	0	0	0	0	0	0	0	0	1	0	0	0	0	0	0	0	0	0	0	0	0	0	0	0	0	0	
N30	2.32139e-73	6.41591e-48	1.68814e-40	7.77988e-34	1.06903e-27	5.23738e-22	9.70006e-17	6.58937e-12	1.47178e-07	0.000841129	0.655199	0.337198	0.00675288	9.65575e-06	4.12192e-09	7.77152e-13	7.88986e-17	4.86465e-21	1.97402e-25	5.58124e-30	1.15096e-34	6.57429e-39	2.48773e-42	1.1917e-44	8.26546e-49	1.39355e-51	4.34155e-56	9.78048e-60	3.03239e-64	
N31	1.18561e-73	4.15198e-48	1.34661e-40	7.52714e-34	1.23403e-27	7.0846e-22	1.5003e-16	1.12885e-11	2.65663e-07	0.00146288	0.898816	0.0993144	0.000406391	2.69873e-07	6.26775e-11	6.94504e-15	4.34857e-19	1.71019e-23	4.53762e-28	8.62597e-33	1.65731e-37	3.0766e-40	3.37207e-44	1.07314e-46	3.66467e-51	2.2759e-54	5.09174e-59	7.84903e-63	1.76305e-67	
F2241	0	0	0	0	0	0	0	0	0	0	1	0	0	0	0	0	0	0	0	0	0	0	0	0	0	0	0	0	0	
Furang	0	0	0	0	0	0	0	0	0	0	1	0	0	0	0	0	0	0	0	0	0	0	0	0	0	0	0	0	0	
FGA490	0	0	0	0	0	0	0	0	0	0	1	0	0	0	0	0	0	0	0	0	0	0	0	0	0	0	0	0	0	
N32	3.89317e-82	4.76168e-56	5.20027e-48	9.90681e-41	5.85128e-34	1.31506e-27	1.26663e-21	5.11193e-16	6.84941e-11	2.42923e-06	0.0133623	0.934875	0.0517111	4.91731e-05	9.43256e-09	6.49007e-13	2.11164e-17	3.81402e-22	4.23827e-27	3.10946e-32	1.62524e-37	2.53542e-41	4.41527e-45	1.17233e-47	2.29131e-52	2.34553e-55	1.68822e-60	1.36037e-64	9.42068e-70	
N33	7.13073e-79	4.9495e-53	2.83503e-45	2.4695e-38	5.51915e-32	3.68879e-26	6.0822e-21	1.69504e-15	1.55351e-10	3.78965e-06	0.0147442	0.946812	0.0383932	4.69e-05	1.14648e-08	1.01866e-12	4.34846e-17	1.03769e-21	1.51657e-26	1.50788e-31	4.71357e-36	3.90866e-38	4.01007e-42	1.70075e-43	1.23671e-43	3.0246e-44	5.22016e-47	1.20374e-48	2.35764e-51	
N34	4.23239e-86	1.12442e-59	2.42143e-51	7.93066e-44	7.05574e-37	1.98487e-30	1.34292e-24	1.53494e-18	5.93199e-13	6.46535e-08	0.00128605	0.947735	0.0508508	0.000127736	2.19619e-08	1.05463e-12	2.10989e-17	2.13628e-22	1.22347e-27	8.78505e-33	8.91933e-37	4.08913e-39	7.45982e-44	4.91859e-43	2.77194e-44	9.8749e-46	5.5512e-49	4.80293e-51	2.89286e-54	
N35	4.08031e-80	4.39358e-57	4.44195e-49	7.83674e-42	4.29577e-35	9.0816e-29	7.90409e-23	2.81994e-17	3.5907e-12	1.40402e-07	0.00120642	0.966888	0.0318595	4.59523e-05	1.23032e-08	1.16735e-12	5.25086e-17	1.30984e-21	1.99147e-26	1.98875e-31	3.74309e-36	6.8739e-38	2.07906e-41	3.17015e-43	5.45342e-48	1.71817e-50	1.69316e-55	6.94595e-59	7.82773e-64	
N36	1.89631e-79	6.0058e-54	2.07314e-46	1.4818e-39	3.71105e-33	3.77716e-27	1.61274e-21	2.8253e-16	1.84746e-11	3.88775e-07	0.00191972	0.984611	0.0134528	1.62043e-05	5.36335e-09	7.42994e-13	5.35712e-17	2.29301e-21	6.35473e-26	1.21485e-30	1.92568e-35	2.96895e-38	1.31602e-41	7.01556e-44	2.32182e-48	1.58741e-51	3.40722e-56	5.34898e-60	1.11039e-64	
FGA456	0	0	0	0	0	0	0	0	0	0	0	1	0	0	0	0	0	0	0	0	0	0	0	0	0	0	0	0	0	
FGA516	0	0	0	0	0	0	0	0	0	0	0	1	0	0	0	0	0	0	0	0	0	0	0	0	0	0	0	0	0	
F12278	0	0	0	0	0	0	0	0	0	0	0	1	0	0	0	0	0	0	0	0	0	0	0	0	0	0	0	0	0	
N37	2.50966e-78	5.07463e-53	1.00885e-45	3.65302e-39	4.26502e-33	2.12313e-27	5.4142e-22	7.45702e-17	4.80034e-12	1.1013e-07	0.000707577	0.698048	0.286288	0.0149411	1.57423e-05	5.06526e-09	7.42463e-13	5.99979e-17	2.99383e-21	1.01647e-25	5.44685e-30	5.08403e-32	3.66912e-35	2.73224e-37	1.4553e-41	5.10824e-45	1.53427e-49	2.90593e-53	8.21543e-58	
Furant	0	0	0	0	0	0	0	0	0	0	0	1	0	0	0	0	0	0	0	0	0	0	0	0	0	0	0	0	0	
FGA331	0	0	0	0	0	0	0	0	0	0	0	0	0	1	0	0	0	0	0	0	0	0	0	0	0	0	0	0	0	
FGA465	0	0	0	0	0	0	0	0	0	0	1	0	0	0	0	0	0	0	0	0	0	0	0	0	0	0	0	0	0	
N38	2.48413e-75	8.67867e-50	2.95337e-42	1.81137e-35	3.40082e-29	2.31244e-23	6.10461e-18	5.96083e-13	1.9169e-08	0.000158608	0.183843	0.806522	0.00946591	1.04762e-05	3.43136e-09	4.91071e-13	3.75728e-17	1.73838e-21	5.28122e-26	1.1178e-30	1.78152e-35	5.23134e-39	2.06372e-42	7.42971e-45	3.01481e-49	2.03285e-52	4.87659e-57	5.93109e-61	1.25193e-65	
FGA99	0	0	0	0	0	0	0	0	0	0	1	0	0	0	0	0	0	0	0	0	0	0	0	0	0	0	0	0	0	
N39	6.36921e-75	2.0472e-49	6.46955e-42	3.68383e-35	6.38482e-29	4.00129e-23	9.53701e-18	8.41116e-13	2.4572e-08	0.000186503	0.203107	0.791666	0.0050355	4.76875e-06	1.47416e-09	2.07735e-13	1.60301e-17	7.59544e-22	2.38767e-26	6.14223e-31	9.17608e-35	1.38989e-36	1.71588e-40	1.36887e-42	4.74264e-47	3.87502e-50	9.17582e-55	2.3142e-58	5.6984e-63	
FGA15	0	0	0	0	0	0	0	0	0	0	1	0	0	0	0	0	0	0	0	0	0	0	0	0	0	0	0	0	0	
FGA581	0	0	0	0	0	0	0	0	0	0	0	1	0	0	0	0	0	0	0	0	0	0	0	0	0	0	0	0	0	
FGA104	0	0	0	0	0	0	0	0	0	0	0	0	1	0	0	0	0	0	0	0	0	0	0	0	0	0	0	0	0	
FGA489	0	0	0	0	0	0	0	0	0	0	1	0	0	0	0	0	0	0	0	0	0	0	0	0	0	0	0	0	0	
FGA174	0	0	0	0	0	0	0	0	0	0	0	0	0	1	0	0	0	0	0	0	0	0	0	0	0	0	0	0	0	
FurbGB	0	0	0	0	0	0	0	0	0	0	0	1	0	0	0	0	0	0	0	0	0	0	0	0	0	0	0	0	0	
N40	1.42382e-83	1.97525e-60	1.89137e-55	3.81519e-51	4.36958e-45	2.64784e-39	6.21754e-34	5.12472e-29	1.02792e-24	3.99754e-20	1.06578e-15	1.17194e-11	4.521e-08	4.67411e-05	0.00948424	0.26055	0.606859	0.120402	0.00264527	1.33617e-05	2.3639e-08	1.87454e-11	7.78797e-15	1.88446e-18	2.97111e-22	2.52441e-24	5.55405e-27	6.54921e-28	1.36594e-29	
N41	3.12456e-86	1.07879e-61	4.29915e-55	3.57241e-49	1.18872e-43	2.15338e-38	2.40386e-33	1.6336e-28	6.40122e-24	1.35427e-19	1.44483e-15	7.32956e-12	1.62063e-08	1.35387e-05	0.00334104	0.152809	0.621327	0.21283	0.0095667	0.00011221	5.03581e-07	1.08421e-09	1.29581e-12	9.508e-16	4.60781e-19	1.5627e-22	4.96726e-26	1.14121e-27	6.41371e-29	
N42	6.248e-87	4.28859e-62	3.18923e-55	4.56765e-49	2.27804e-43	4.95462e-38	4.90195e-33	1.77368e-28	2.88076e-26	7.45615e-22	1.7513e-17	1.99347e-13	1.01751e-09	2.04429e-06	0.00128364	0.156201	0.691109	0.148107	0.00327931	1.81104e-05	3.80191e-08	3.8392e-11	2.16049e-14	7.48237e-18	1.71147e-21	2.72419e-25	3.14029e-29	2.72372e-33	2.81579e-37	
CGA312	0	0	0	0	0	0	0	0	0	0	0	0	0	0	0	0	0	1	0	0	0	0	0	0	0	0	0	0	0	
N43	3.98881e-101	7.06456e-75	1.05867e-66	2.52567e-59	1.6487e-52	3.55774e-46	2.66287e-40	3.82519e-35	1.4783e-32	7.35439e-27	2.34158e-21	3.23613e-16	1.75732e-11	3.11804e-07	0.00122702	0.210778	0.708668	0.0789117	0.000413996	3.51465e-07	8.80335e-11	8.86994e-15	4.31109e-19	1.13217e-23	1.72719e-28	1.60022e-33	1.80438e-37	4.45972e-38	5.96176e-38	
N44	2.21749e-92	8.04162e-72	3.50716e-64	1.31923e-57	7.96147e-52	2.98045e-47	3.0634e-43	1.43234e-38	1.27048e-34	3.70607e-30	1.71508e-23	2.7622e-17	1.33669e-11	1.37545e-06	0.00634516	0.392045	0.596119	0.00548796	1.31681e-06	4.60027e-11	4.78632e-16	2.02733e-21	4.0736e-27	4.21085e-33	2.4451e-39	7.74503e-44	4.153e-44	7.38329e-43	2.64597e-41	
N45	2.03098e-88	3.01715e-68	9.21321e-62	3.24367e-56	3.03152e-51	1.02249e-46	1.51907e-42	4.59099e-38	1.8287e-34	2.59459e-28	3.08865e-22	1.2965e-16	1.84986e-11	7.26521e-07	0.00436747	0.379403	0.610783	0.00544319	2.61435e-06	2.66573e-10	9.53132e-15	1.46109e-19	1.04816e-24	3.63351e-30	5.67196e-36	4.183e-39	2.91409e-40	1.32506e-39	3.16137e-39	
N46	1.87929e-95	1.30147e-69	7.92424e-62	7.90686e-55	2.20732e-48	2.09132e-42	6.95127e-37	6.79026e-32	3.47175e-29	1.01641e-26	1.5474e-21	1.17031e-16	3.80177e-12	4.61676e-08	0.000161957	0.0935333	0.847618	0.0585642	0.00012256	6.36451e-08	1.31425e-11	1.35908e-15	8.06098e-20	2.99355e-24	7.39176e-29	1.26672e-33	1.58795e-38	2.01991e-42	1.4158e-41	
CGA642	0	0	0	0	0	0	0	0	0	0	0	0	0	0	0	0	1	0	0	0	0	0	0	0	0	0	0	0	0	
N47	3.4396e-87	1.16829e-63	3.95371e-58	1.95957e-53	3.40645e-50	1.17121e-47	2.28356e-42	3.85569e-37	2.10923e-32	2.30319e-28	6.29432e-23	9.02405e-18	5.60441e-13	1.30822e-08	8.84739e-05	0.098081	0.827561	0.0741589	0.000110159	3.83641e-08	5.14753e-12	3.38817e-16	1.26232e-20	2.92213e-25	4.48244e-30	4.8629e-35	2.23904e-38	1.09739e-39	3.18468e-41	
CGA763	0	0	0	0	0	0	0	0	0	0	0	0	0	0	0	1	0	0	0	0	0	0	0	0	0	0	0	0	0	
C601	0	0	0	0	0	0	0	0	0	0	0	0	0	0	0	0	0	1	0	0	0	0	0	0	0	0	0	0	0	
N48	4.19887e-87	2.15864e-63	1.14301e-57	1.20043e-52	4.47138e-48	7.22898e-44	4.94944e-40	1.04609e-36	5.12191e-31	4.00514e-25	1.15434e-19	1.21745e-14	4.29189e-10	4.18759e-06	0.00654895	0.393462	0.594036	0.00594237	6.14933e-06	1.67586e-09	1.79145e-13	8.92967e-18	2.27335e-22	3.09264e-27	2.15939e-32	5.08512e-37	1.11422e-38	1.69806e-38	1.19708e-37	
CGA236	0	0	0	0	0	0	0	0	0	0	0	0	0	0	0	0	1	0	0	0	0	0	0	0	0	0	0	0	0	
N49	1.83454e-81	3.3258e-58	6.83516e-53	2.34713e-48	2.11177e-45	3.9016e-42	2.55569e-36	9.48255e-31	1.94904e-25	1.8653e-20	7.82343e-16	1.32969e-11	7.92956e-08	0.000127019	0.0320913	0.473554	0.487546	0.00666798	1.4077e-05	9.44381e-09	2.81172e-12	4.45644e-16	4.19889e-20	2.52784e-24	1.02088e-28	2.95125e-33	6.69743e-36	4.22575e-37	1.66595e-38	
N50	3.02154e-85	2.30602e-60	1.89206e-53	3.10417e-47	1.8048e-41	4.48729e-36	4.96467e-31	2.37112e-26	4.13599e-22	4.04943e-18	7.91346e-14	6.83576e-10	2.201e-06	0.0018763	0.0683269	0.467547	0.429808	0.03231	0.000128812	1.60698e-07	9.2461e-11	2.96533e-14	5.94299e-18	8.03779e-22	7.75286e-26	5.57083e-30	4.25777e-34	1.85821e-36	1.69965e-38	
Calboe	0	0	0	0	0	0	0	0	0	0	0	0	0	1	0	0	0	0	0	0	0	0	0	0	0	0	0	0	0	
C3125	0	0	0	0	0	0	0	0	0	0	0	0	0	0	0	0	0	1	0	0	0	0	0	0	0	0	0	0	0	
CGA429	0	0	0	0	0	0	0	0	0	0	0	0	0	0	1	0	0	0	0	0	0	0	0	0	0	0	0	0	0	
N51	1.35716e-82	1.37434e-58	1.37493e-52	2.45747e-47	2.74764e-43	5.34608e-41	6.57174e-37	1.71128e-32	1.24613e-26	5.24117e-21	8.67344e-16	5.05193e-11	8.28156e-07	0.00235238	0.240393	0.598246	0.15852	0.000487592	1.39881e-07	1.35011e-11	6.11084e-16	1.5241e-20	2.29749e-25	2.21821e-30	1.42302e-35	7.49673e-41	3.97932e-41	6.04556e-40	1.41394e-39	
C985	0	0	0	0	0	0	0	0	0	0	0	0	0	1	0	0	0	0	0	0	0	0	0	0	0	0	0	0	0	
N52	2.36117e-79	3.79893e-56	6.99446e-51	2.14517e-46	1.87604e-43	3.87315e-40	3.26306e-34	1.37958e-28	2.77493e-23	2.48599e-18	9.38889e-14	1.34252e-09	5.94543e-06	0.00543487	0.346337	0.557963	0.0900054	0.000254196	1.5885e-07	3.95492e-11	5.03386e-15	3.75085e-19	1.77854e-23	5.67356e-28	1.26526e-32	5.66789e-37	6.41267e-39	6.44412e-40	3.89009e-41	
CGA310	0	0	0	0	0	0	0	0	0	0	0	0	0	0	1	0	0	0	0	0	0	0	0	0	0	0	0	0	0	
N53	2.11273e-83	1.33086e-58	9.68783e-52	1.56229e-45	1.02951e-39	3.44462e-34	6.13796e-29	5.76752e-24	2.78713e-19	6.35244e-15	6.42508e-11	2.58372e-07	0.000337743	0.0934497	0.74515	0.156957	0.00409103	1.40367e-05	1.69509e-08	9.91637e-12	3.32271e-15	7.07965e-19	1.03049e-22	1.07957e-26	8.46885e-31	5.14182e-35	3.15666e-39	7.95872e-42	5.2768e-44	
CGA382	0	0	0	0	0	0	0	0	0	0	0	0	0	0	1	0	0	0	0	0	0	0	0	0	0	0	0	0	0	
CGA494	0	0	0	0	0	0	0	0	0	0	0	0	0	1	0	0	0	0	0	0	0	0	0	0	0	0	0	0	0	
N54	1.11631e-94	4.91568e-69	1.93046e-61	1.25766e-54	2.34362e-48	1.51339e-42	3.56504e-37	2.64197e-32	7.48356e-30	3.10986e-26	3.25061e-21	1.72895e-16	4.09832e-12	3.80579e-08	0.0001089	0.0568424	0.579829	0.349696	0.013486	3.69615e-05	2.85237e-08	9.26531e-12	1.55233e-15	1.51572e-19	9.34726e-24	3.85032e-28	1.14927e-32	4.35191e-36	2.43825e-35	
N55	8.83633e-86	2.20211e-62	5.62039e-57	2.57671e-52	2.65191e-48	4.82843e-45	9.61491e-42	9.92256e-37	7.40343e-32	1.14834e-26	1.81636e-21	1.34609e-16	4.27306e-12	5.00722e-08	0.000163442	0.0774007	0.600839	0.316246	0.00534277	7.97776e-06	3.44983e-09	6.37952e-13	6.17481e-17	3.53802e-21	1.30193e-25	3.25688e-30	5.85272e-35	4.05507e-38	1.177e-39	
C12265	0	0	0	0	0	0	0	0	0	0	0	0	0	0	0	0	0	1	0	0	0	0	0	0	0	0	0	0	0	
N56	2.25021e-101	4.65963e-75	3.54545e-66	1.96922e-58	2.44887e-51	9.19873e-45	1.14658e-38	4.80863e-33	2.82618e-31	1.20622e-26	6.45876e-21	1.40856e-15	1.15846e-10	3.03966e-06	0.016403	0.931377	0.0518676	0.000349148	1.64538e-07	1.89889e-11	8.59161e-16	1.86734e-20	2.1708e-25	1.57111e-30	1.80436e-34	1.58315e-37	1.19187e-40	1.17942e-43	7.22935e-45	
C404	0	0	0	0	0	0	0	0	0	0	0	0	0	0	1	0	0	0	0	0	0	0	0	0	0	0	0	0	0	
N57	3.24205e-88	1.77022e-64	9.45532e-59	9.27489e-54	2.81737e-49	3.11063e-45	1.3275e-41	3.18141e-37	2.06491e-33	2.94607e-27	1.85877e-21	4.79139e-16	4.6469e-11	1.41078e-06	0.0082404	0.959664	0.0320089	8.53375e-05	2.10917e-08	1.53655e-12	4.85414e-17	8.03128e-22	7.6563e-27	4.44421e-32	1.6202e-37	1.88865e-42	1.97931e-45	5.76574e-47	7.83018e-49	
Cl11778	0	0	0	0	0	0	0	0	0	0	0	0	0	0	0	1	0	0	0	0	0	0	0	0	0	0	0	0	0	
CGA594	0	0	0	0	0	0	0	0	0	0	0	0	0	0	0	1	0	0	0	0	0	0	0	0	0	0	0	0	0	
C3134	0	0	0	0	0	0	0	0	0	0	0	0	0	0	0	0	0	0	1	0	0	0	0	0	0	0	0	0	0	
N58	8.45661e-91	1.45153e-65	2.40127e-58	6.71576e-52	5.53722e-46	1.75429e-40	2.49815e-35	1.83353e-30	5.56358e-26	9.15753e-25	4.02448e-22	9.98793e-18	1.17281e-13	5.93753e-10	1.12702e-06	0.000634787	0.0710134	0.830693	0.0967368	0.000918605	2.34869e-06	2.43764e-09	1.27479e-12	3.83593e-16	7.2548e-20	9.17444e-24	8.11529e-28	5.21276e-32	3.37533e-36	
CGA311	0	0	0	0	0	0	0	0	0	0	0	0	0	0	0	0	0	1	0	0	0	0	0	0	0	0	0	0	0	
N59	1.36831e-89	3.95466e-66	1.20107e-60	6.51386e-56	7.76644e-52	1.56266e-48	1.5185e-43	2.72431e-38	1.38374e-33	3.18914e-30	5.0392e-25	4.30425e-20	1.67035e-15	2.65378e-11	1.46429e-07	0.000213971	0.0513768	0.84466	0.102997	0.000751475	1.21785e-06	7.03495e-10	1.86177e-13	2.63797e-17	2.22434e-21	1.20409e-25	4.43414e-30	7.49344e-34	3.83678e-35	
N60	3.03836e-103	3.42295e-77	3.34579e-69	5.41687e-62	2.55477e-55	4.48451e-49	3.38496e-43	1.21964e-37	1.93536e-32	1.4077e-30	1.1362e-26	1.6302e-21	1.09992e-16	3.20266e-12	3.4987e-08	0.000111633	0.0618712	0.913997	0.0239689	5.07378e-05	2.75186e-08	5.87836e-12	6.1917e-16	3.68205e-20	1.3508e-24	3.24986e-29	5.35759e-34	8.27316e-39	9.34443e-42	
CGA45	0	0	0	0	0	0	0	0	0	0	0	0	0	0	0	0	1	0	0	0	0	0	0	0	0	0	0	0	0	
N61	3.06855e-90	1.17647e-66	4.62802e-61	3.42462e-56	5.15226e-52	6.79746e-49	7.1676e-46	1.4471e-40	7.61486e-36	4.30148e-33	1.03537e-27	1.80818e-22	1.52523e-17	5.75316e-13	8.50763e-09	3.89434e-05	0.0338411	0.946726	0.0193584	3.58802e-05	1.73533e-08	3.33438e-12	3.18068e-16	1.72362e-20	5.79578e-25	1.28527e-29	2.30203e-34	1.60157e-36	4.48878e-38	
N62	1.86669e-101	9.16086e-76	4.24088e-68	3.46561e-61	8.51418e-55	7.51431e-49	2.49501e-43	2.94024e-38	7.86813e-34	4.68743e-33	5.4508e-28	7.28321e-23	4.93426e-18	1.57419e-13	2.1011e-09	9.5987e-06	0.0102269	0.977985	0.01176	1.82607e-05	8.56791e-09	1.73824e-12	1.85694e-16	1.18225e-20	4.88056e-25	1.38818e-29	2.86987e-34	2.47265e-38	1.08221e-40	
C3043	0	0	0	0	0	0	0	0	0	0	0	0	0	0	0	0	0	1	0	0	0	0	0	0	0	0	0	0	0	
CGA368	0	0	0	0	0	0	0	0	0	0	0	0	0	0	0	0	0	1	0	0	0	0	0	0	0	0	0	0	0	
CGA364	0	0	0	0	0	0	0	0	0	0	0	0	0	0	0	0	0	1	0	0	0	0	0	0	0	0	0	0	0	
C2208	0	0	0	0	0	0	0	0	0	0	0	0	0	0	0	0	0	0	1	0	0	0	0	0	0	0	0	0	0	
N63	5.41465e-83	1.24103e-58	3.03087e-52	1.31796e-46	1.74259e-41	8.45752e-37	1.6328e-32	1.29099e-28	3.43131e-25	2.66517e-22	2.83464e-18	1.60641e-14	4.4527e-11	5.55459e-08	2.74137e-05	0.00436978	0.162194	0.786974	0.045856	0.000576568	2.7339e-06	6.33438e-09	8.34635e-12	6.91097e-15	3.85938e-18	1.53189e-21	4.5002e-25	1.01241e-28	2.19154e-32	
N64	5.80747e-98	2.52034e-72	1.01513e-64	7.08082e-58	1.45784e-51	1.06054e-45	2.85196e-40	2.5924e-35	2.32881e-31	4.2119e-30	5.24851e-25	4.30758e-20	1.67839e-15	2.83803e-11	1.80019e-07	0.000333133	0.108527	0.878327	0.0127854	2.6903e-05	1.74407e-08	4.87398e-12	7.09336e-16	6.06249e-20	3.30382e-24	1.21808e-28	3.1761e-33	6.38573e-38	1.13538e-41	
CGA453	0	0	0	0	0	0	0	0	0	0	0	0	0	0	0	0	0	1	0	0	0	0	0	0	0	0	0	0	0	
N65	8.70697e-105	1.0426e-78	1.12926e-70	2.10152e-63	1.14715e-56	2.19973e-50	1.55051e-44	3.55e-39	1.53679e-35	6.05796e-33	1.22459e-27	2.77241e-22	3.0562e-17	1.50435e-12	2.86774e-08	0.00016435	0.164388	0.832172	0.00327398	2.01586e-06	4.03161e-10	3.61278e-14	1.73842e-18	5.03934e-23	9.52119e-28	1.24078e-32	1.18891e-37	2.54929e-41	1.40361e-43	
CGA501	0	0	0	0	0	0	0	0	0	0	0	0	0	0	0	0	0	1	0	0	0	0	0	0	0	0	0	0	0	
C3121	0	0	0	0	0	0	0	0	0	0	0	0	0	0	0	0	1	0	0	0	0	0	0	0	0	0	0	0	0	
Calparcri	0	0	0	0	0	0	0	0	0	0	0	0	0	0	0	0	0	1	0	0	0	0	0	0	0	0	0	0	0	
N66	1.46739e-87	1.7444e-63	1.95095e-57	3.94466e-52	2.51806e-47	7.42409e-43	3.31528e-37	3.80256e-31	2.05491e-25	5.74306e-20	5.53808e-15	1.38888e-10	6.02271e-07	0.000437858	0.0461932	0.524927	0.411599	0.0167907	5.15223e-05	3.17085e-08	6.3326e-12	5.2815e-16	2.11237e-20	4.41046e-25	5.09102e-30	5.01806e-33	3.27341e-36	5.66696e-37	6.09195e-37	
N67	1.36031e-86	9.23262e-62	6.41955e-55	8.35629e-49	3.63544e-43	6.74539e-38	6.05762e-33	2.80465e-28	8.01101e-24	1.75533e-19	2.04025e-15	1.07804e-11	2.35786e-08	1.83981e-05	0.00398659	0.15026	0.572733	0.25824	0.0145675	0.000192571	8.91723e-07	1.85116e-09	2.02327e-12	1.30125e-15	5.33882e-19	1.49669e-22	4.10205e-26	3.1729e-28	4.14215e-30	
N68	1.75278e-84	8.2647e-60	4.28851e-53	4.39936e-47	1.59787e-41	2.65633e-36	2.36606e-31	1.22128e-26	3.56055e-22	5.39736e-18	3.7761e-14	1.09379e-10	1.16331e-07	4.15028e-05	0.00444961	0.118067	0.542824	0.316993	0.0174033	0.000220654	1.00768e-06	2.12995e-09	2.4402e-12	1.68703e-15	7.60265e-19	2.36611e-22	5.31932e-26	9.26969e-30	5.28644e-33	
N69	7.6329e-81	5.37236e-56	3.87724e-49	5.07928e-43	2.07245e-37	3.19127e-32	2.00047e-27	5.12716e-23	5.17623e-19	4.15478e-15	2.6077e-11	5.21453e-08	1.25688e-05	0.000939464	0.024975	0.223418	0.535743	0.20989	0.0049943	2.7591e-05	5.81203e-08	6.00378e-11	3.53532e-14	1.31097e-17	3.28498e-21	5.86119e-25	7.75411e-29	8.27841e-33	8.36243e-36	
N70	5.70058e-87	4.98877e-62	4.33842e-55	6.62653e-49	3.12495e-43	5.84862e-38	5.13297e-33	2.18296e-28	2.6674e-24	6.26203e-22	1.0041e-17	8.30185e-14	2.7543e-10	3.31457e-07	0.000127979	0.0132416	0.274293	0.675657	0.0363514	0.000327987	9.40416e-07	1.16947e-09	7.57715e-13	2.88456e-16	7.02031e-20	1.16737e-23	1.47226e-27	1.12618e-30	4.36575e-33	
Triowe	0	0	0	0	0	0	0	0	0	0	0	0	0	0	0	0	0	1	0	0	0	0	0	0	0	0	0	0	0	
N71	6.81225e-91	4.36102e-66	2.83905e-59	3.24489e-53	1.13686e-47	1.56168e-42	1.0555e-37	4.85819e-33	2.08575e-28	8.35168e-24	2.04439e-19	2.45814e-15	1.35322e-11	3.06561e-08	2.4248e-05	0.00518687	0.201259	0.744633	0.0483845	0.000510396	1.70018e-06	2.462e-09	1.86697e-12	8.36626e-16	2.40987e-19	4.74497e-23	6.80673e-27	1.40938e-29	9.29893e-31	
Trijoh	0	0	0	0	0	0	0	0	0	0	0	0	0	0	0	0	0	1	0	0	0	0	0	0	0	0	0	0	0	
Trimel	0	0	0	0	0	0	0	0	0	0	0	0	0	0	0	0	0	1	0	0	0	0	0	0	0	0	0	0	0	
N72	8.15262e-75	7.7584e-50	7.77789e-43	1.50916e-36	9.95147e-31	2.71977e-25	3.32857e-20	1.85208e-15	4.27604e-11	3.703e-07	0.000966451	0.440581	0.461116	0.0912476	0.00593347	0.000153598	1.64793e-06	6.69333e-09	7.93764e-12	4.20109e-15	1.22579e-18	2.22464e-22	2.71366e-26	2.34782e-30	1.49843e-34	7.26704e-39	2.7403e-43	8.1894e-48	2.2805e-52	
N73	3.35371e-76	6.92963e-51	1.45563e-43	5.63493e-37	6.8367e-31	3.12293e-25	5.73945e-20	4.23942e-15	1.18257e-10	1.08411e-06	0.00245091	0.685054	0.295482	0.0167683	0.000243426	1.1838e-06	2.17672e-09	1.59477e-12	5.01288e-16	8.26815e-20	8.20847e-24	5.37196e-28	2.46871e-32	8.36138e-37	2.19967e-41	5.63065e-45	6.95106e-49	4.02714e-51	3.37826e-54	
Trihoe	0	0	0	0	0	0	0	0	0	0	0	1	0	0	0	0	0	0	0	0	0	0	0	0	0	0	0	0	0	
Tribit	0	0	0	0	0	0	0	0	0	0	0	1	0	0	0	0	0	0	0	0	0	0	0	0	0	0	0	0	0	
Trijac	0	0	0	0	0	0	0	0	0	0	0	1	0	0	0	0	0	0	0	0	0	0	0	0	0	0	0	0	0	
N74	1.32148e-85	4.71502e-61	1.76128e-54	1.1869e-48	2.5238e-43	2.1594e-38	8.83709e-34	1.87292e-29	1.42702e-25	1.16411e-22	1.52108e-18	1.058e-14	3.51661e-11	5.10665e-08	2.81888e-05	0.00473924	0.16937	0.755225	0.0694586	0.00117213	6.6317e-06	1.68711e-08	2.29596e-11	1.87399e-14	9.94469e-18	3.64232e-21	9.64045e-25	1.93348e-28	5.08331e-32	
Tricri	0	0	0	0	0	0	0	0	0	0	0	0	0	0	0	0	0	1	0	0	0	0	0	0	0	0	0	0	0	
N75	4.26813e-91	2.49316e-66	1.48112e-59	1.55958e-53	4.98505e-48	5.8898e-43	2.86732e-38	6.59392e-34	1.04177e-29	2.8034e-25	7.83842e-21	1.13379e-16	7.99524e-13	2.52445e-09	3.12104e-06	0.00121244	0.100165	0.8291	0.0686419	0.000874114	3.4541e-06	5.88557e-09	5.22906e-12	2.73938e-15	9.21925e-19	2.12252e-22	3.50831e-26	5.06593e-30	2.41332e-32	
Triwie	0	0	0	0	0	0	0	0	0	0	0	0	0	0	0	0	0	1	0	0	0	0	0	0	0	0	0	0	0	
Triqua	0	0	0	0	0	0	0	0	0	0	0	0	0	0	0	0	0	1	0	0	0	0	0	0	0	0	0	0	0	
N76	1.78551e-81	2.91319e-57	6.37488e-51	3.06054e-45	5.66138e-40	4.968e-35	2.25673e-30	5.49079e-26	7.23266e-22	5.1266e-18	1.91049e-14	3.60583e-11	3.2432e-08	1.26013e-05	0.00180017	0.071045	0.448098	0.414584	0.061857	0.00256134	4.15474e-05	3.26975e-07	1.43756e-09	3.89601e-12	6.99376e-15	8.78189e-18	8.16408e-21	2.80993e-23	2.90835e-24	
N77	2.39379e-80	1.9237e-56	1.75447e-50	2.95448e-45	1.63685e-40	3.9931e-36	5.74066e-32	6.57893e-28	6.69084e-24	5.24875e-20	2.44045e-16	5.98541e-13	7.37913e-10	4.24665e-07	0.000101805	0.00851224	0.186836	0.677182	0.122299	0.00499302	7.58404e-05	5.52306e-07	2.24923e-09	5.67838e-12	9.5659e-15	1.13619e-17	9.92951e-21	6.61775e-24	4.42176e-27	
Kinboe	0	0	0	0	0	0	0	0	0	0	0	0	0	0	0	0	0	1	0	0	0	0	0	0	0	0	0	0	0	
Kinfis	0	0	0	0	0	0	0	0	0	0	0	0	0	0	0	0	0	1	0	0	0	0	0	0	0	0	0	0	0	
Kinxen	0	0	0	0	0	0	0	0	0	0	0	0	0	0	0	0	0	1	0	0	0	0	0	0	0	0	0	0	0	
N78	2.98263e-69	1.37361e-46	7.69341e-42	6.59962e-38	4.99832e-35	3.50081e-33	1.95584e-28	1.5535e-23	5.33074e-19	7.627e-15	4.15183e-11	7.12996e-08	2.67587e-05	0.00278242	0.0821282	0.536651	0.363496	0.0148336	8.22829e-05	1.54775e-07	1.36388e-10	6.67873e-14	2.01416e-17	3.9991e-21	5.47168e-25	5.51004e-29	4.39619e-31	2.22886e-31	7.85966e-32	
N79	8.50871e-64	5.97591e-40	5.10798e-34	8.21127e-29	4.28612e-24	8.86813e-20	7.90507e-16	3.10243e-12	5.22473e-09	3.493e-06	0.000792282	0.0443052	0.261523	0.411269	0.229422	0.048949	0.00366244	7.2545e-05	6.02979e-07	2.68088e-09	7.31543e-12	1.33764e-14	1.74217e-17	1.69053e-20	1.26514e-23	7.50459e-27	3.60914e-30	1.47393e-33	1.53601e-36	
N80	6.76685e-73	6.61139e-48	6.69432e-41	1.24342e-34	7.23962e-29	1.58854e-23	1.41408e-18	5.11126e-14	7.01394e-10	3.22009e-06	0.00381685	0.627212	0.342344	0.0260994	0.00052168	3.49939e-06	8.97361e-09	9.96017e-12	5.62299e-15	1.82868e-18	3.74756e-22	5.16769e-26	5.03706e-30	3.6047e-34	1.95135e-38	8.18427e-43	2.71364e-47	7.48024e-52	3.25136e-56	
N81	1.99033e-78	6.15838e-53	1.88938e-45	1.10278e-38	2.14709e-32	1.67776e-26	5.59243e-21	7.89827e-16	4.04417e-11	6.44185e-07	0.00233467	0.906156	0.0907655	0.000741453	1.25753e-06	7.0187e-10	1.69312e-13	2.10355e-17	1.51647e-21	6.90436e-26	2.11296e-30	4.55819e-35	7.23488e-40	1.77149e-44	7.67625e-49	4.89987e-52	1.74401e-56	4.75882e-60	2.39266e-64	
N82	9.68009e-76	2.01419e-50	4.21303e-43	1.60581e-36	1.90012e-30	8.39413e-25	1.47913e-19	1.03663e-14	2.70458e-10	2.26379e-06	0.00444885	0.935285	0.0599626	0.000300749	3.68966e-07	1.75567e-10	4.13042e-14	5.56908e-18	4.74708e-22	2.74199e-26	1.14449e-30	6.1147e-34	6.17771e-37	1.13774e-38	1.05367e-42	4.28472e-45	2.48472e-49	2.3817e-52	1.83965e-56	
Chaafr	0	0	0	0	0	0	0	0	0	0	0	1	0	0	0	0	0	0	0	0	0	0	0	0	0	0	0	0	0	
Chacha	0	0	0	0	0	0	0	0	0	0	0	1	0	0	0	0	0	0	0	0	0	0	0	0	0	0	0	0	0	
N83	1.8271e-75	3.19348e-50	5.85193e-43	2.02559e-36	2.23726e-30	9.40711e-25	1.59987e-19	1.09332e-14	2.7998e-10	2.31432e-06	0.00451981	0.948372	0.0469082	0.000197959	2.16596e-07	9.51209e-11	2.11215e-14	2.73185e-18	2.26311e-22	1.2851e-26	5.29162e-31	8.14273e-35	6.01334e-38	5.81267e-40	5.70228e-44	1.22988e-46	7.51622e-51	4.14331e-54	3.02774e-58	
Chacaly	0	0	0	0	0	0	0	0	0	0	0	1	0	0	0	0	0	0	0	0	0	0	0	0	0	0	0	0	0	
Chazey	0	0	0	0	0	0	0	0	0	0	0	1	0	0	0	0	0	0	0	0	0	0	0	0	0	0	0	0	0	
N84	4.05478e-70	2.47629e-45	1.56164e-38	1.76075e-32	6.09119e-27	7.82179e-22	3.99769e-17	8.13475e-13	6.19994e-09	1.53629e-05	0.0092611	0.684889	0.291107	0.0145523	0.000174413	7.08521e-07	1.22641e-09	1.07406e-12	5.40547e-16	1.71568e-19	3.67887e-23	5.64272e-27	7.21935e-31	5.0838e-33	2.11636e-36	4.86064e-38	1.1332e-41	1.07722e-43	6.88367e-47	
Chadil	0	0	0	0	0	0	0	0	0	0	0	1	0	0	0	0	0	0	0	0	0	0	0	0	0	0	0	0	0	
Chasen	0	0	0	0	0	0	0	0	0	0	0	1	0	0	0	0	0	0	0	0	0	0	0	0	0	0	0	0	0	
Chanam	0	0	0	0	0	0	0	0	0	0	0	1	0	0	0	0	0	0	0	0	0	0	0	0	0	0	0	0	0	
N85	1.25929e-86	1.13154e-61	1.04637e-54	1.67502e-48	7.89379e-43	1.30897e-37	7.94007e-33	1.47118e-28	6.15126e-27	2.74747e-24	9.24883e-20	1.57084e-15	1.24473e-11	4.18766e-08	5.13956e-05	0.0177	0.962432	0.0197384	7.81501e-05	1.10786e-07	7.40635e-11	2.73712e-14	6.2004e-18	9.25277e-22	9.58725e-26	7.17628e-30	4.00102e-34	1.70708e-38	6.75043e-43	
N86	5.01964e-105	8.00409e-82	7.27864e-73	8.64013e-65	2.39845e-57	2.09265e-50	5.64021e-44	4.36843e-38	3.19674e-35	1.47482e-33	7.12022e-28	4.74959e-22	1.24982e-16	1.18633e-11	3.41315e-07	0.00203191	0.993201	0.00476483	2.15441e-06	2.45027e-10	1.05645e-14	2.11936e-19	2.21644e-24	1.29682e-29	6.64432e-35	1.6495e-38	1.13285e-41	1.29137e-42	5.9679e-43	
N87	1.28546e-93	1.70839e-69	2.07901e-63	4.49914e-58	3.01394e-53	7.69147e-49	8.12678e-45	3.39065e-41	5.06394e-39	5.02406e-35	9.84337e-29	8.43655e-23	2.95454e-17	3.91118e-12	1.63679e-07	0.00145392	0.994612	0.00393242	1.32522e-06	1.10661e-10	3.52547e-15	5.32246e-20	4.27013e-25	1.94114e-30	5.17064e-36	9.81669e-42	7.69956e-44	2.32314e-45	1.13998e-43	
Braset	0	0	0	0	0	0	0	0	0	0	0	0	0	0	0	0	1	0	0	0	0	0	0	0	0	0	0	0	0	
N88	1.39657e-92	1.15955e-68	9.46749e-63	1.42679e-57	2.16028e-54	3.68849e-52	2.11082e-46	9.01457e-41	9.56814e-38	1.20774e-32	7.6562e-27	2.32337e-21	3.20404e-16	1.83125e-11	3.66663e-07	0.00183933	0.994146	0.00401229	1.99809e-06	2.96345e-10	1.87945e-14	6.15943e-19	1.16696e-23	1.37279e-28	1.0498e-33	5.80114e-39	9.77184e-42	1.36648e-43	1.10412e-45	
N89	3.79751e-109	3.61879e-82	2.50678e-73	2.57732e-65	6.94571e-58	6.16917e-51	1.91972e-44	1.94029e-38	1.70612e-36	2.59874e-36	5.03728e-30	5.44007e-24	2.54455e-18	4.79673e-13	3.15804e-08	0.000534079	0.998534	0.000931495	1.17349e-07	4.67722e-12	8.09673e-17	7.10803e-22	3.45115e-27	9.65469e-33	1.57028e-38	1.45364e-44	1.1077e-50	4.17014e-55	9.20148e-60	
Bramel	0	0	0	0	0	0	0	0	0	0	0	0	0	0	0	0	1	0	0	0	0	0	0	0	0	0	0	0	0	
Bratha	0	0	0	0	0	0	0	0	0	0	0	0	0	0	0	0	1	0	0	0	0	0	0	0	0	0	0	0	0	
N90	2.01607e-105	4.0731e-79	7.05273e-71	2.02727e-63	1.66371e-56	4.70497e-50	4.82068e-44	1.52755e-38	2.3297e-36	1.29485e-32	7.49559e-27	2.15628e-21	2.89432e-16	1.64644e-11	3.34493e-07	0.00173715	0.995136	0.00312514	1.31434e-06	1.73205e-10	1.01013e-14	3.1337e-19	5.78222e-24	6.8267e-29	5.42095e-34	3.01181e-39	7.92653e-44	2.02404e-46	3.41149e-49	
Bradra	0	0	0	0	0	0	0	0	0	0	0	0	0	0	0	0	1	0	0	0	0	0	0	0	0	0	0	0	0	
Bratra	0	0	0	0	0	0	0	0	0	0	0	0	0	0	0	0	1	0	0	0	0	0	0	0	0	0	0	0	0	
N91	1.10966e-101	1.04781e-75	8.90484e-68	1.30063e-60	5.59043e-54	8.50028e-48	4.79039e-42	8.47176e-37	8.55747e-35	4.80432e-31	1.62713e-25	2.75905e-20	2.19811e-15	7.45975e-11	9.07861e-07	0.00283844	0.992235	0.00492238	3.33065e-06	7.12431e-10	6.78976e-14	3.46544e-18	1.06017e-22	2.09452e-27	2.81417e-32	2.67014e-37	2.56119e-42	1.59239e-45	1.97434e-48	
Bragut	0	0	0	0	0	0	0	0	0	0	0	0	0	0	0	0	1	0	0	0	0	0	0	0	0	0	0	0	0	
Braven	0	0	0	0	0	0	0	0	0	0	0	0	0	0	0	0	1	0	0	0	0	0	0	0	0	0	0	0	0	
N92	3.54457e-96	8.32279e-71	1.87516e-63	7.45901e-57	8.91928e-51	3.83695e-45	6.21684e-40	3.10761e-35	5.45559e-32	5.98603e-27	5.31454e-22	2.36678e-17	4.95577e-13	4.38973e-09	1.37566e-05	0.0109034	0.9714	0.017639	4.42983e-05	3.49066e-08	1.21722e-11	2.26973e-15	2.54988e-19	1.87245e-23	9.5327e-28	3.51764e-32	1.10574e-36	1.32085e-39	7.80114e-42	
Brapum	0	0	0	0	0	0	0	0	0	0	0	0	0	0	0	0	1	0	0	0	0	0	0	0	0	0	0	0	0	
Bradam	0	0	0	0	0	0	0	0	0	0	0	0	0	0	0	0	1	0	0	0	0	0	0	0	0	0	0	0	0	
