NODE	1	2	3	4	5	6	7	8	9	10	11	12	13	14	15	16	17	18	19	20	21	22	23	24	25	26	27	28	29	30	31	32	33	34	35	36	37	38	39	40	41	
N1	1.85507e-32	1.11032e-27	1.20844e-25	9.99665e-22	1.9652e-20	2.8286e-21	9.15311e-19	5.91219e-12	2.58095e-09	8.00422e-10	2.77206e-12	2.27369e-17	2.41534e-13	5.49609e-09	4.04555e-05	0.0262988	0.529558	0.426054	0.0179742	7.47872e-05	5.64326e-08	1.13791e-11	4.75232e-18	2.52971e-20	9.16438e-23	2.36798e-25	4.52564e-28	6.585e-31	7.46757e-34	6.72894e-37	4.89646e-40	2.91699e-43	1.43944e-46	5.94359e-50	2.07165e-53	6.14236e-57	1.55969e-60	3.41207e-64	6.46507e-68	1.06599e-71	1.5987e-75	
N2	2.06759e-33	1.36298e-28	2.90861e-25	3.05221e-21	1.10081e-18	6.19816e-18	1.89447e-15	1.25241e-12	1.12992e-10	9.1067e-11	2.23249e-10	4.75902e-10	1.87606e-09	4.31499e-07	0.000139785	0.0158324	0.341071	0.54262	0.0964472	0.00383595	5.32094e-05	3.31637e-07	1.09377e-09	9.42031e-12	2.58451e-13	1.52965e-13	3.00877e-15	8.87922e-16	1.08035e-17	1.61685e-18	1.1842e-20	8.88971e-22	1.98931e-24	7.49495e-26	5.68614e-29	4.59757e-31	2.22625e-34	5.28001e-37	1.58399e-40	2.3868e-43	1.03473e-45	
N3	7.38536e-38	5.08739e-32	4.55653e-29	5.45756e-24	3.49996e-21	6.27612e-22	1.8317e-18	3.32039e-14	1.01884e-10	1.62055e-10	2.07803e-11	1.06162e-12	5.46249e-13	1.08459e-09	1.5721e-06	0.000720743	0.0705042	0.695511	0.224703	0.00848189	7.67503e-05	2.45888e-07	3.52841e-10	3.35801e-13	4.05303e-16	6.15408e-18	1.19042e-20	1.1239e-22	1.22891e-25	5.65034e-28	3.61691e-31	8.29908e-34	2.86506e-37	3.22105e-40	5.10344e-44	2.23056e-47	2.03921e-51	3.97204e-55	2.22484e-59	2.60745e-63	2.70116e-67	
N4	3.44086e-39	1.88385e-33	6.27336e-30	4.93336e-25	3.96522e-22	9.36862e-22	1.60881e-18	6.93075e-15	2.76258e-12	3.80083e-12	5.11966e-13	1.73961e-13	1.28694e-12	1.66829e-09	1.96438e-06	0.000765761	0.0670589	0.668365	0.251624	0.0120408	0.000142717	6.02885e-07	1.13354e-09	1.10445e-12	6.50668e-16	1.06918e-17	7.38035e-20	1.0975e-20	4.3169e-23	3.27629e-24	6.96184e-27	2.87324e-28	2.77556e-31	6.55731e-33	2.1177e-36	2.57313e-38	3.06681e-42	8.63085e-45	6.79344e-49	6.28655e-52	9.15611e-56	
B3088	0	0	0	0	0	0	0	0	0	0	0	0	0	0	0	0	0	1	0	0	0	0	0	0	0	0	0	0	0	0	0	0	0	0	0	0	0	0	0	0	0	
N5	1.46882e-36	1.04862e-31	2.68808e-28	3.04108e-24	8.46504e-22	8.5178e-21	4.0756e-18	3.10642e-15	3.28325e-13	9.82379e-13	3.07948e-12	8.97503e-12	6.2668e-11	2.05139e-08	9.25444e-06	0.00162755	0.0801363	0.63568	0.264792	0.0174136	0.000338432	2.6906e-06	1.06202e-08	2.36528e-11	3.31185e-14	5.34734e-16	9.07586e-18	3.31112e-18	3.68892e-20	7.4146e-21	5.07353e-23	5.81469e-24	2.11106e-26	1.43298e-27	1.9872e-30	7.55694e-32	3.68504e-35	3.66015e-37	1.19046e-40	3.86267e-43	2.31949e-46	
BGA709	0	0	0	0	0	0	0	0	0	0	0	0	0	0	0	0	0	1	0	0	0	0	0	0	0	0	0	0	0	0	0	0	0	0	0	0	0	0	0	0	0	
BGA309	0	0	0	0	0	0	0	0	0	0	0	0	0	0	0	0	0	1	0	0	0	0	0	0	0	0	0	0	0	0	0	0	0	0	0	0	0	0	0	0	0	
N6	4.35593e-39	3.71701e-33	4.51888e-30	5.57114e-25	1.50446e-22	3.28114e-23	1.03282e-19	8.44282e-16	1.5435e-12	9.63229e-13	1.72357e-13	1.56576e-14	1.02394e-14	3.65207e-11	1.02579e-07	0.000101306	0.0251076	0.779229	0.191456	0.00408604	2.04413e-05	3.68904e-08	3.05076e-11	1.3512e-14	3.72047e-18	7.33105e-21	1.12857e-23	1.64997e-25	1.63564e-28	1.2442e-30	7.74872e-34	3.1131e-36	1.15537e-39	2.45259e-42	4.27634e-46	4.5381e-49	3.61383e-53	1.29675e-56	6.34401e-61	9.39135e-65	6.24133e-69	
N7	1.02904e-36	1.35524e-31	1.28512e-28	3.02512e-24	4.68586e-22	7.5554e-22	1.56902e-18	7.55033e-15	8.03291e-12	1.74063e-11	1.03355e-11	3.05289e-12	2.72364e-12	1.81612e-09	1.60754e-06	0.00055129	0.053814	0.784019	0.156833	0.00473763	4.36289e-05	1.70592e-07	3.42496e-10	4.00801e-13	3.07513e-16	1.03599e-18	3.90172e-21	1.29263e-22	3.5606e-25	6.66777e-27	1.24942e-29	1.32363e-31	1.72846e-34	1.01251e-36	8.42831e-40	2.52694e-42	8.41202e-46	7.48578e-49	1.50855e-52	6.37901e-56	1.71732e-59	
B11696	0	0	0	0	0	0	0	0	0	0	0	0	0	0	0	0	0	1	0	0	0	0	0	0	0	0	0	0	0	0	0	0	0	0	0	0	0	0	0	0	0	
B11609	0	0	0	0	0	0	0	0	0	0	0	0	0	0	0	0	0	1	0	0	0	0	0	0	0	0	0	0	0	0	0	0	0	0	0	0	0	0	0	0	0	
N8	3.02045e-46	1.93051e-39	4.96259e-36	4.94464e-30	6.01162e-27	8.35562e-28	1.32892e-23	7.66225e-19	5.77272e-15	1.06648e-15	5.20328e-17	3.09309e-18	8.27347e-18	2.16845e-13	3.13537e-09	1.38779e-05	0.0122278	0.81807	0.167904	0.00178063	3.23319e-06	1.73638e-09	3.72473e-13	3.84516e-17	2.18121e-21	7.58326e-25	4.50907e-28	6.36879e-30	2.24021e-33	1.99875e-33	8.14063e-34	8.46013e-34	1.70616e-35	8.45535e-36	7.20432e-38	2.35063e-38	7.62323e-41	7.87671e-42	1.89338e-44	6.75425e-46	3.08429e-48	
N9	7.22845e-40	3.92817e-35	3.77269e-33	3.51085e-29	9.15616e-28	7.20403e-29	1.12254e-24	4.14375e-20	1.47102e-16	3.1688e-17	2.48545e-18	1.13856e-18	1.59735e-17	3.35633e-13	4.13323e-09	1.59399e-05	0.0127084	0.820964	0.164569	0.00173952	3.27547e-06	1.88602e-09	4.44982e-13	5.14966e-17	3.29982e-21	2.4208e-24	5.02472e-27	7.75024e-28	9.48992e-31	7.5206e-32	4.92906e-35	2.17516e-36	6.13308e-40	1.64265e-41	1.21649e-45	2.00814e-47	2.573e-52	8.19135e-55	6.82514e-60	4.17117e-63	7.33047e-68	
N10	1.80205e-42	3.83255e-37	9.73323e-34	3.90948e-29	1.72316e-26	1.26715e-25	4.44906e-22	3.46799e-18	5.60536e-15	4.81927e-14	1.08641e-13	1.21939e-13	3.89067e-13	3.83967e-10	5.09801e-07	0.000261558	0.0377166	0.792236	0.165763	0.00399511	2.69995e-05	7.45271e-08	1.03306e-10	8.19565e-14	4.13313e-17	2.0101e-19	1.24453e-21	1.6375e-22	6.8615e-25	5.04364e-26	1.42568e-28	5.90767e-30	1.14289e-32	2.61864e-34	2.84488e-37	3.53647e-39	8.04178e-43	1.88669e-45	2.77527e-49	1.88067e-52	4.211e-56	
B985	0	0	0	0	0	0	0	0	0	0	0	0	0	0	0	0	0	1	0	0	0	0	0	0	0	0	0	0	0	0	0	0	0	0	0	0	0	0	0	0	0	
B199	0	0	0	0	0	0	0	0	0	0	0	0	0	0	0	0	0	1	0	0	0	0	0	0	0	0	0	0	0	0	0	0	0	0	0	0	0	0	0	0	0	
N11	5.35209e-41	2.00693e-35	5.42954e-32	3.53237e-27	1.39484e-24	4.89649e-24	1.79863e-20	1.37708e-16	2.2282e-13	7.50454e-13	6.894e-13	3.1471e-13	4.3256e-13	4.29816e-10	5.65292e-07	0.000286099	0.0405513	0.813377	0.142543	0.00322075	2.1064e-05	5.71681e-08	7.87094e-11	6.25532e-14	3.20843e-17	1.05808e-19	4.1425e-22	2.16615e-23	5.93522e-26	1.74341e-27	3.24064e-30	5.38253e-32	6.99264e-35	6.40265e-37	5.22444e-40	2.46217e-42	5.82561e-46	6.28167e-49	9.21856e-53	3.76537e-56	7.52458e-60	
BGA89	0	0	0	0	0	0	0	0	0	0	0	0	0	0	0	0	0	1	0	0	0	0	0	0	0	0	0	0	0	0	0	0	0	0	0	0	0	0	0	0	0	
BGAA2	0	0	0	0	0	0	0	0	0	0	0	0	0	0	0	0	0	1	0	0	0	0	0	0	0	0	0	0	0	0	0	0	0	0	0	0	0	0	0	0	0	
N12	1.11681e-39	3.47863e-34	6.77158e-31	4.09721e-26	1.26923e-23	2.88578e-23	1.02706e-19	7.61032e-16	1.2182e-12	2.67823e-12	1.6389e-12	4.98293e-13	4.6601e-13	4.59007e-10	5.94853e-07	0.000296715	0.041534	0.823001	0.132243	0.00290494	1.88452e-05	5.12262e-08	7.10433e-11	5.71543e-14	2.99304e-17	8.34657e-20	2.66615e-22	9.16912e-24	2.09112e-26	4.05463e-28	6.29088e-31	6.90733e-33	7.54691e-36	4.57262e-38	3.25802e-41	9.98002e-44	2.39508e-47	1.86937e-50	2.72407e-54	9.11858e-58	1.75317e-61	
BGA304	0	0	0	0	0	0	0	0	0	0	0	0	0	0	0	0	0	1	0	0	0	0	0	0	0	0	0	0	0	0	0	0	0	0	0	0	0	0	0	0	0	
BGAB1	0	0	0	0	0	0	0	0	0	0	0	0	0	0	0	0	0	1	0	0	0	0	0	0	0	0	0	0	0	0	0	0	0	0	0	0	0	0	0	0	0	
PGA445	0	0	0	0	0	0	0	0	0	0	0	0	0	0	0	0	0	1	0	0	0	0	0	0	0	0	0	0	0	0	0	0	0	0	0	0	0	0	0	0	0	
N13	4.40268e-36	2.623e-29	6.17796e-25	9.47784e-21	6.51157e-19	5.03678e-17	2.37092e-14	1.90757e-11	2.37093e-09	7.59833e-10	4.83753e-10	1.09452e-09	8.03461e-07	0.000219478	0.017594	0.329158	0.614463	0.0384669	9.805e-05	4.50384e-08	7.05271e-12	5.03464e-16	1.93118e-20	4.4459e-25	7.22504e-30	3.59647e-33	6.03947e-37	1.51989e-39	1.6268e-43	2.17178e-46	1.49987e-50	9.43878e-53	2.29861e-51	6.63003e-52	2.96221e-54	2.23379e-55	2.82411e-57	6.23085e-58	1.22756e-58	2.27086e-57	2.93941e-57	
N14	2.86213e-33	9.03051e-28	4.07595e-23	3.77585e-20	2.29991e-16	2.25954e-14	1.51165e-13	9.9785e-12	5.64511e-09	3.04089e-06	0.000390349	0.0113045	0.09799	0.305774	0.375205	0.180083	0.028665	0.000584025	1.62282e-06	1.7816e-09	1.0135e-12	3.41707e-16	7.41845e-20	1.32031e-23	8.58838e-27	5.88439e-28	1.30188e-30	5.93382e-32	9.34454e-35	2.49806e-34	1.07893e-34	2.52821e-34	3.85862e-35	3.29262e-34	4.08867e-35	5.06309e-35	8.23075e-37	5.709e-38	3.66142e-40	1.24199e-41	5.25362e-43	
Rhaspe	0	0	0	0	0	0	0	0	0	1	0	0	0	0	0	0	0	0	0	0	0	0	0	0	0	0	0	0	0	0	0	0	0	0	0	0	0	0	0	0	0	
N15	1.35791e-30	3.636e-26	2.49484e-22	2.36698e-19	2.93681e-16	3.53707e-14	1.43439e-12	2.04145e-10	9.31221e-08	2.18857e-05	0.00141692	0.0252819	0.152009	0.351261	0.33034	0.123724	0.0156451	0.000299207	1.27373e-06	2.44274e-09	2.65213e-12	2.05279e-15	3.75568e-18	2.04895e-18	1.37805e-20	6.67145e-21	2.32796e-23	7.94206e-24	1.4428e-26	3.47856e-27	3.26149e-30	5.32258e-31	2.51841e-34	2.35755e-35	5.55725e-39	1.2482e-40	2.17679e-44	1.05233e-46	1.38084e-50	3.5387e-53	3.32352e-55	
Rhamar	0	0	0	0	0	0	0	0	0	1	0	0	0	0	0	0	0	0	0	0	0	0	0	0	0	0	0	0	0	0	0	0	0	0	0	0	0	0	0	0	0	
Rhatem	0	0	0	0	0	0	0	0	0	0	1	0	0	0	0	0	0	0	0	0	0	0	0	0	0	0	0	0	0	0	0	0	0	0	0	0	0	0	0	0	0	
N16	8.05263e-41	1.13298e-33	4.11789e-30	5.84623e-24	2.5822e-24	1.06579e-22	6.88168e-18	3.49776e-13	1.29005e-11	1.22541e-12	1.31514e-13	8.80912e-13	3.38913e-09	1.14202e-05	0.00628774	0.293188	0.658747	0.0416794	8.62028e-05	2.68465e-08	2.43566e-12	2.40392e-15	1.34196e-18	3.19965e-20	4.36237e-24	4.69616e-26	1.91124e-30	1.18073e-30	4.60575e-32	9.00594e-32	2.21046e-34	9.58307e-35	1.28161e-37	2.74431e-38	2.73535e-41	2.1189e-42	1.7261e-45	3.47954e-47	2.24005e-50	3.33514e-52	8.40006e-53	
N17	6.36476e-40	2.12876e-33	1.87061e-29	1.04154e-24	3.38067e-22	5.40179e-21	6.5125e-17	1.15968e-13	1.79043e-11	1.37879e-10	3.85032e-10	5.21871e-10	2.20149e-08	2.15521e-05	0.00476065	0.184117	0.670503	0.138604	0.00198943	5.07855e-06	3.97117e-09	1.31149e-12	2.80822e-16	1.64271e-18	1.71882e-21	1.46678e-23	7.98886e-27	3.05179e-29	9.25651e-33	1.6417e-35	2.39358e-39	2.01578e-42	3.89962e-46	7.56041e-46	3.33234e-48	4.11815e-50	1.02376e-52	7.67966e-55	1.40994e-57	8.17387e-59	1.92672e-58	
N18	2.1214e-33	3.88854e-28	8.6801e-24	1.56901e-21	1.33022e-18	9.09242e-16	7.80467e-14	7.24545e-13	6.0069e-12	5.76943e-10	6.27081e-08	4.51566e-06	0.000391493	0.0137892	0.145394	0.457909	0.350085	0.0320322	0.00039312	1.54929e-06	2.73077e-09	2.57396e-12	1.45231e-15	5.92976e-19	5.07709e-22	3.98399e-23	1.51391e-25	8.96824e-27	2.30275e-29	7.68183e-31	1.31538e-33	2.44237e-35	2.12888e-38	2.24111e-40	5.93579e-44	2.39651e-46	3.44138e-50	3.00931e-53	2.85034e-57	1.19734e-60	3.62355e-64	
FGA379	0	0	0	0	0	0	0	0	0	0	0	0	0	0	0	0	1	0	0	0	0	0	0	0	0	0	0	0	0	0	0	0	0	0	0	0	0	0	0	0	0	
N19	1.06647e-32	1.63097e-27	9.10575e-23	9.22432e-22	6.06425e-18	2.78222e-14	3.00019e-13	4.304e-13	8.25554e-12	2.43126e-08	3.47952e-05	0.0114335	0.193926	0.458013	0.278124	0.0549313	0.00348745	5.00493e-05	1.68812e-07	2.33465e-10	1.68068e-13	7.19349e-17	1.99447e-20	4.19576e-24	1.42861e-27	2.75572e-29	4.33856e-32	7.84884e-34	8.63532e-37	9.36472e-39	6.77852e-42	4.40888e-44	1.7317e-47	6.6357e-50	1.0423e-53	1.69567e-56	1.55773e-60	9.16162e-64	1.79773e-67	3.35584e-70	3.89544e-73	
N20	8.56666e-35	1.67444e-28	7.44348e-23	8.18885e-22	1.04464e-17	4.98122e-13	3.64926e-12	1.2048e-12	9.88819e-11	5.2319e-08	0.000121716	0.078847	0.520614	0.369869	0.03	0.00054607	2.64775e-06	3.32996e-09	1.46143e-12	2.96514e-16	3.28577e-20	3.16706e-24	7.82562e-28	4.6034e-30	1.65183e-33	6.01095e-36	1.07495e-39	3.77264e-40	1.05888e-41	4.04674e-39	4.17051e-38	1.01767e-38	9.76752e-41	1.43874e-41	6.8282e-42	9.07844e-41	8.92577e-42	2.96182e-43	1.23386e-45	2.95864e-47	3.09272e-48	
N21	5.44679e-38	4.26941e-31	7.33175e-25	8.31542e-24	1.84056e-18	3.63696e-14	1.51608e-14	4.47349e-15	5.00961e-12	1.14493e-07	0.000732382	0.252384	0.637372	0.107576	0.00192944	6.35181e-06	4.81928e-09	9.5003e-13	6.9128e-17	2.3678e-21	4.43059e-26	6.38963e-30	1.89808e-33	1.44339e-31	1.19924e-31	3.41845e-31	4.43028e-33	7.22047e-33	2.76005e-35	2.84675e-35	5.80629e-38	3.02542e-38	4.44414e-41	9.49805e-42	1.16322e-44	8.81495e-46	9.43167e-49	3.30944e-50	3.07101e-53	1.34187e-54	1.12989e-54	
F3016	0	0	0	0	0	0	0	0	0	0	1	0	0	0	0	0	0	0	0	0	0	0	0	0	0	0	0	0	0	0	0	0	0	0	0	0	0	0	0	0	0	
N22	4.89928e-36	1.44168e-31	2.23908e-26	3.6899e-25	5.63657e-20	9.58015e-16	2.16935e-15	6.64243e-15	5.35134e-12	1.70769e-07	0.00103946	0.329903	0.618812	0.0499067	0.000338557	3.62198e-07	9.03578e-11	7.42511e-15	2.71938e-19	2.65381e-23	1.59746e-26	6.85099e-28	1.3863e-31	3.4484e-33	1.97978e-37	2.98001e-39	5.1177e-44	4.48823e-45	6.38429e-48	9.74282e-46	1.87417e-45	4.71038e-46	3.95926e-49	2.84943e-50	7.62539e-53	7.31556e-52	4.83165e-53	1.47184e-54	3.18543e-57	7.19529e-57	1.5647e-56	
N23	2.82485e-39	1.71467e-32	3.31807e-26	4.99722e-25	6.32019e-20	8.69385e-15	8.82217e-14	6.4383e-14	5.8248e-12	7.45479e-08	0.000525226	0.384549	0.590023	0.0248301	7.26468e-05	3.78942e-08	6.30747e-12	4.66011e-16	3.77429e-20	1.58792e-21	1.55347e-24	5.35444e-26	1.17588e-29	2.21813e-31	1.09682e-35	1.07764e-37	1.65672e-42	7.63232e-45	2.70783e-48	1.87966e-46	4.22728e-45	2.12432e-46	2.33546e-49	5.69388e-51	1.25346e-52	3.81766e-51	1.00223e-52	3.44985e-54	7.61384e-55	1.47712e-54	2.10137e-54	
N24	1.76224e-42	1.13206e-34	2.10249e-27	8.99939e-28	2.21095e-21	1.73798e-15	3.9877e-16	1.90137e-17	2.77594e-13	5.42379e-08	0.00170058	0.696592	0.300151	0.00155645	3.49847e-07	1.52308e-11	2.25635e-16	1.51675e-21	8.40213e-27	1.51473e-29	1.25085e-33	2.47137e-36	2.46035e-40	1.09308e-38	3.78398e-40	1.00522e-40	5.8012e-44	3.77941e-45	1.32168e-48	1.53678e-50	4.26052e-54	1.90935e-56	3.9563e-60	1.1409e-62	1.73407e-66	3.98237e-69	4.54634e-73	2.23016e-75	2.10613e-76	3.67945e-77	4.62296e-78	
N25	4.50451e-39	4.06401e-35	1.25666e-28	3.1748e-27	1.28021e-21	5.21497e-17	6.49368e-16	3.51961e-15	8.35101e-12	3.84103e-07	0.00385693	0.711195	0.283581	0.00136675	3.44412e-07	2.09616e-11	4.9508e-16	4.76203e-20	5.09482e-23	4.70147e-24	2.65571e-27	1.00924e-28	1.51723e-32	1.66375e-32	4.11032e-34	1.36584e-33	9.3627e-37	1.46248e-37	7.54113e-41	2.29302e-42	9.1622e-46	1.61549e-47	4.79634e-51	6.74574e-53	1.52937e-56	1.49597e-57	3.93345e-61	6.61955e-61	3.52836e-61	1.13875e-60	2.65107e-60	
F1476	0	0	0	0	0	0	0	0	0	0	1	0	0	0	0	0	0	0	0	0	0	0	0	0	0	0	0	0	0	0	0	0	0	0	0	0	0	0	0	0	0	
N26	2.46669e-39	7.83719e-34	3.72555e-27	5.07997e-25	4.28144e-20	6.44638e-15	2.54059e-13	5.53366e-13	6.38826e-10	7.05333e-07	0.00495889	0.706298	0.286012	0.00272913	1.37741e-06	1.71433e-10	8.38058e-15	3.63372e-17	6.10439e-20	4.31182e-21	3.03882e-24	8.47833e-26	4.42026e-29	1.07641e-26	4.68839e-29	3.12711e-29	3.44522e-32	1.85479e-33	1.57693e-36	3.68153e-38	2.24249e-41	3.89041e-43	1.72021e-46	2.5763e-48	1.72491e-51	2.52439e-51	1.23309e-54	1.28042e-54	1.87817e-55	3.78434e-55	5.11663e-55	
Furcep	0	0	0	0	0	0	0	0	0	0	0	0	0	1	0	0	0	0	0	0	0	0	0	0	0	0	0	0	0	0	0	0	0	0	0	0	0	0	0	0	0	
N27	7.22764e-36	5.50319e-31	4.28832e-25	4.65262e-23	4.83216e-18	1.66396e-14	2.31426e-14	1.55664e-13	5.3393e-10	9.03353e-06	0.0335911	0.786911	0.178557	0.0009306	4.95377e-07	8.42591e-11	6.4605e-15	4.54579e-19	2.80708e-22	3.04675e-23	4.18965e-26	2.64283e-27	1.82952e-30	5.87692e-32	3.56074e-36	6.09577e-38	8.33248e-43	1.97675e-45	1.81457e-50	5.52642e-54	3.35297e-59	4.83528e-63	1.8857e-68	1.81259e-72	4.66384e-78	8.25184e-82	2.50712e-87	2.68624e-90	8.71109e-93	7.03401e-95	3.91006e-97	
Furpol	0	0	0	0	0	0	0	0	0	0	0	1	0	0	0	0	0	0	0	0	0	0	0	0	0	0	0	0	0	0	0	0	0	0	0	0	0	0	0	0	0	
N28	5.52019e-36	1.81541e-29	1.03173e-23	3.62914e-21	5.67263e-16	2.47055e-13	1.06615e-13	3.98194e-12	8.83427e-08	0.000607708	0.603909	0.381785	0.013675	2.28158e-05	1.01656e-08	1.87535e-12	1.78255e-16	3.61254e-20	3.6284e-23	7.93366e-25	6.36874e-28	6.80653e-30	3.10062e-33	1.58733e-35	1.17994e-39	2.74758e-42	6.77339e-47	1.82985e-50	2.84561e-55	3.0245e-59	2.82191e-64	1.99042e-68	1.1779e-73	6.20751e-78	2.53082e-83	3.44543e-87	1.64638e-92	1.68532e-95	1.31021e-98	1.75486e-101	1.61175e-104	
N29	6.41939e-36	2.66467e-29	1.65908e-23	8.76539e-21	1.64741e-15	4.78923e-13	1.3563e-13	7.26175e-12	1.74295e-07	0.00113491	0.87524	0.122822	0.000801955	5.87176e-07	1.37639e-10	1.47195e-14	1.07917e-18	7.54196e-21	7.54473e-24	1.0617e-25	5.63674e-29	3.70258e-31	3.63751e-35	1.22092e-37	3.43831e-42	3.09108e-45	5.12037e-50	7.81838e-54	7.99294e-59	6.67085e-63	4.3253e-68	2.56721e-72	1.1074e-77	6.1433e-82	8.80055e-87	1.65005e-89	7.08301e-95	5.43578e-98	6.09387e-102	8.0927e-105	5.59717e-108	
F2241	0	0	0	0	0	0	0	0	0	0	1	0	0	0	0	0	0	0	0	0	0	0	0	0	0	0	0	0	0	0	0	0	0	0	0	0	0	0	0	0	0	
Furang	0	0	0	0	0	0	0	0	0	0	1	0	0	0	0	0	0	0	0	0	0	0	0	0	0	0	0	0	0	0	0	0	0	0	0	0	0	0	0	0	0	
Fga490	0	0	0	0	0	0	0	0	0	0	1	0	0	0	0	0	0	0	0	0	0	0	0	0	0	0	0	0	0	0	0	0	0	0	0	0	0	0	0	0	0	
N30	1.83482e-39	3.03303e-32	1.21497e-25	1.54449e-24	9.61006e-19	2.62858e-14	8.80765e-15	1.02563e-14	1.03232e-10	3.88577e-06	0.0234363	0.880046	0.0963839	0.0001299	2.94688e-08	2.20489e-12	7.37653e-17	3.91745e-21	1.61733e-24	2.28538e-26	7.45627e-30	4.68446e-32	7.92225e-36	2.22791e-38	4.9423e-43	6.49058e-46	3.41279e-51	9.3221e-55	4.95561e-58	5.06521e-57	9.63803e-58	4.99092e-60	1.50795e-63	6.61798e-66	6.04495e-68	2.56379e-67	1.56192e-69	3.0645e-70	4.38067e-71	1.0012e-71	1.64335e-72	
N31	2.75827e-38	2.72317e-31	5.91415e-25	1.52916e-23	5.40729e-18	1.28148e-13	2.05976e-13	4.57835e-13	1.70195e-10	4.47655e-06	0.0191965	0.905219	0.0754637	0.000116152	3.06426e-08	2.72797e-12	1.26275e-16	1.12305e-18	1.21488e-21	3.29435e-23	1.7237e-26	1.96013e-28	1.21572e-32	6.96139e-35	8.88421e-40	1.24469e-42	8.29543e-48	1.20232e-51	2.32287e-55	7.63288e-55	5.92226e-54	8.63787e-56	4.27496e-59	4.89519e-61	1.36222e-63	9.01365e-61	3.03441e-61	2.20407e-61	1.01193e-62	8.22767e-63	3.87449e-63	
N32	4.25509e-40	1.43306e-32	1.39751e-25	4.52603e-25	1.54095e-19	1.01919e-13	1.17009e-12	1.24817e-13	1.48025e-12	5.12152e-08	0.00126539	0.909786	0.0886529	0.000295142	5.35588e-08	2.59266e-12	1.21148e-16	2.66285e-18	1.30143e-21	1.64526e-23	3.03339e-27	1.58437e-29	2.04562e-34	4.33169e-37	1.50114e-42	3.94068e-46	8.25566e-52	1.00049e-52	3.52879e-56	4.97612e-56	2.06485e-56	1.01334e-58	1.71753e-62	1.58046e-64	1.65296e-66	2.46151e-64	5.46084e-66	9.18845e-67	7.72027e-69	2.36914e-69	3.06908e-70	
N33	1.44352e-37	7.35929e-31	1.04073e-24	4.95841e-24	6.00662e-19	3.48214e-14	2.54385e-14	8.40419e-15	2.18118e-12	9.24407e-08	0.000958039	0.942541	0.0563989	0.000101724	2.80998e-08	2.56566e-12	1.06593e-16	4.86809e-20	6.7918e-23	4.25037e-24	3.34981e-27	9.44055e-29	2.20638e-32	3.42005e-34	5.37402e-39	2.51089e-41	1.86959e-46	9.75795e-50	5.01375e-55	5.58338e-59	1.73649e-64	1.16701e-68	2.25558e-74	1.11441e-78	1.58234e-84	1.1987e-87	1.86479e-93	4.00884e-96	2.55318e-99	9.6165e-102	2.38113e-104	
N34	5.25176e-36	1.77848e-29	1.86494e-23	7.23087e-23	8.34744e-18	5.51228e-13	4.30783e-13	1.09028e-13	1.068e-11	2.45952e-07	0.00148683	0.97703	0.0214547	2.8561e-05	9.54701e-09	1.26473e-12	8.59461e-17	1.41008e-19	1.70159e-22	4.03657e-24	2.80856e-27	3.11848e-29	1.15911e-32	6.07958e-35	1.62278e-39	1.61328e-42	2.52022e-47	3.88799e-51	3.66029e-56	3.05989e-60	1.77467e-65	1.0651e-69	4.04032e-75	1.9013e-79	7.49028e-85	8.22118e-88	2.99527e-93	3.51566e-96	1.92459e-99	2.99548e-102	3.13141e-105	
FGA456	0	0	0	0	0	0	0	0	0	0	0	1	0	0	0	0	0	0	0	0	0	0	0	0	0	0	0	0	0	0	0	0	0	0	0	0	0	0	0	0	0	
FGA516	0	0	0	0	0	0	0	0	0	0	0	1	0	0	0	0	0	0	0	0	0	0	0	0	0	0	0	0	0	0	0	0	0	0	0	0	0	0	0	0	0	
F12278	0	0	0	0	0	0	0	0	0	0	0	1	0	0	0	0	0	0	0	0	0	0	0	0	0	0	0	0	0	0	0	0	0	0	0	0	0	0	0	0	0	
N35	1.8047e-34	5.01891e-28	2.63136e-22	1.98181e-20	8.49373e-17	5.66761e-12	8.71563e-10	4.09391e-10	1.71826e-09	1.31031e-07	0.000532974	0.653782	0.325866	0.0197979	2.07569e-05	6.42838e-09	1.28844e-12	4.08571e-14	9.39556e-17	3.40778e-18	4.07146e-21	6.42668e-23	3.71756e-26	2.68371e-28	1.03783e-32	3.86339e-36	8.51399e-41	1.45799e-44	1.85766e-49	2.19468e-53	1.75654e-58	1.56487e-62	8.38127e-68	8.16916e-72	2.59907e-76	9.20593e-79	5.53872e-84	8.04539e-87	4.65496e-90	9.22036e-93	1.20072e-95	
Furant	0	0	0	0	0	0	0	0	0	0	0	1	0	0	0	0	0	0	0	0	0	0	0	0	0	0	0	0	0	0	0	0	0	0	0	0	0	0	0	0	0	
FGA331	0	0	0	0	0	0	0	0	0	0	0	0	0	1	0	0	0	0	0	0	0	0	0	0	0	0	0	0	0	0	0	0	0	0	0	0	0	0	0	0	0	
FGA465	0	0	0	0	0	0	0	0	0	0	1	0	0	0	0	0	0	0	0	0	0	0	0	0	0	0	0	0	0	0	0	0	0	0	0	0	0	0	0	0	0	
N36	2.77535e-34	3.80079e-28	8.32899e-23	4.63868e-20	2.95739e-15	8.60442e-13	7.9121e-13	4.26806e-11	3.92187e-07	0.00114785	0.491841	0.49101	0.0159651	3.57085e-05	2.4831e-08	7.78765e-12	1.35101e-15	2.6559e-18	7.22757e-21	3.25685e-22	5.61046e-25	1.24006e-26	1.2475e-29	1.31053e-31	1.48858e-35	5.00884e-38	2.73729e-42	1.01546e-45	3.18629e-50	7.03505e-54	1.36481e-58	2.23056e-62	2.86333e-67	3.68733e-71	4.17805e-76	6.59616e-79	8.74342e-84	2.39574e-86	3.72908e-89	1.27025e-91	2.99583e-94	
FGA99	0	0	0	0	0	0	0	0	0	0	1	0	0	0	0	0	0	0	0	0	0	0	0	0	0	0	0	0	0	0	0	0	0	0	0	0	0	0	0	0	0	
FGA15	0	0	0	0	0	0	0	0	0	0	1	0	0	0	0	0	0	0	0	0	0	0	0	0	0	0	0	0	0	0	0	0	0	0	0	0	0	0	0	0	0	
FGA104	0	0	0	0	0	0	0	0	0	0	0	0	1	0	0	0	0	0	0	0	0	0	0	0	0	0	0	0	0	0	0	0	0	0	0	0	0	0	0	0	0	
FGA489	0	0	0	0	0	0	0	0	0	0	1	0	0	0	0	0	0	0	0	0	0	0	0	0	0	0	0	0	0	0	0	0	0	0	0	0	0	0	0	0	0	
FGA174	0	0	0	0	0	0	0	0	0	0	0	0	0	1	0	0	0	0	0	0	0	0	0	0	0	0	0	0	0	0	0	0	0	0	0	0	0	0	0	0	0	
FurbGB	0	0	0	0	0	0	0	0	0	0	0	1	0	0	0	0	0	0	0	0	0	0	0	0	0	0	0	0	0	0	0	0	0	0	0	0	0	0	0	0	0	
N37	1.49931e-40	1.8247e-34	8.84243e-31	1.40108e-25	5.52335e-23	1.63325e-22	1.03163e-18	1.12001e-14	2.15515e-11	1.39606e-10	1.55471e-10	7.6781e-11	1.6279e-09	2.24713e-06	0.001183	0.0984299	0.652087	0.241515	0.00674707	3.56657e-05	5.90918e-08	1.06866e-10	1.03292e-12	4.98406e-13	2.85112e-15	6.01143e-16	1.16076e-18	1.24996e-19	6.8577e-23	4.00877e-24	6.66405e-28	1.80351e-29	1.21633e-33	8.32113e-36	3.53759e-40	5.01707e-43	1.47517e-47	8.15942e-51	1.65332e-55	1.0019e-58	1.16072e-60	
N38	6.81655e-38	2.1672e-32	6.31202e-29	3.02595e-24	3.85062e-22	3.41668e-21	1.16274e-17	4.26593e-14	1.25124e-11	4.33562e-11	4.3375e-11	3.38123e-11	9.05643e-10	7.33107e-07	0.000381255	0.0466817	0.578058	0.354687	0.0199465	0.000243882	1.02442e-06	1.92819e-09	2.10724e-12	6.15326e-14	6.0715e-16	1.05202e-16	6.30018e-19	5.52383e-20	1.76299e-22	8.07501e-24	1.02092e-26	2.57794e-28	9.6902e-32	9.81254e-34	1.86184e-37	4.70393e-40	5.97996e-44	5.36054e-47	4.53645e-51	2.55177e-54	5.2705e-57	
N39	7.32771e-37	4.24689e-31	4.58757e-28	4.5823e-23	1.26878e-22	1.84948e-21	2.71792e-17	3.29982e-13	1.58716e-11	5.30442e-12	5.55273e-13	2.3564e-13	5.40076e-11	1.05195e-07	0.000125429	0.0362382	0.680618	0.27574	0.00723751	4.00301e-05	7.66076e-08	6.60441e-11	3.01763e-14	1.07832e-17	6.45757e-21	6.38907e-23	6.67712e-26	4.13069e-28	2.61921e-31	8.21306e-34	3.13839e-37	1.91825e-39	1.80579e-37	4.93762e-38	1.03517e-39	8.09859e-41	1.15876e-42	4.21566e-44	2.1717e-45	2.35571e-44	4.52552e-44	
CGA312	0	0	0	0	0	0	0	0	0	0	0	0	0	0	0	0	0	1	0	0	0	0	0	0	0	0	0	0	0	0	0	0	0	0	0	0	0	0	0	0	0	
N40	1.80042e-43	1.81334e-36	6.86902e-33	1.08259e-26	2.97633e-26	1.08048e-24	1.69164e-19	1.00235e-14	7.1568e-14	2.39009e-15	2.03913e-17	2.0833e-16	4.17713e-13	1.08939e-08	7.83146e-05	0.0513868	0.762624	0.184616	0.00129379	1.16928e-06	2.80048e-10	2.54882e-14	1.08809e-18	2.56569e-23	4.26364e-28	5.64041e-31	1.03489e-34	6.50672e-37	6.52904e-41	2.23162e-43	1.11243e-47	2.02543e-44	2.45547e-44	1.13544e-44	2.49623e-47	6.2877e-48	7.26858e-51	1.1891e-51	1.14353e-51	5.60088e-51	1.34806e-52	
N41	1.38649e-50	3.22276e-42	9.89761e-38	6.73958e-31	1.18994e-31	2.87367e-27	6.42334e-21	3.54108e-17	1.5422e-17	2.27279e-20	4.37369e-21	3.84622e-18	1.46315e-12	1.21699e-07	0.000666023	0.135637	0.830824	0.0328532	2.05407e-05	1.43029e-09	2.61139e-14	1.81848e-19	5.93572e-25	1.03234e-30	1.10662e-36	3.29967e-40	3.45087e-43	2.42667e-40	1.02238e-38	2.73736e-36	2.05318e-36	9.11014e-35	3.54128e-35	1.34767e-33	1.45198e-34	4.17651e-33	1.64294e-34	8.80034e-34	3.20881e-35	4.73097e-35	5.2831e-36	
N42	6.86877e-40	9.68052e-35	8.15023e-33	1.34616e-28	5.80837e-31	5.22032e-29	1.18454e-23	2.73492e-19	3.06836e-19	2.63932e-19	1.24026e-19	2.57472e-17	1.70149e-12	6.87033e-08	0.000502594	0.134385	0.836661	0.0284285	2.22484e-05	3.19836e-09	1.50649e-13	3.08811e-18	3.30449e-23	1.26198e-25	9.4598e-29	6.80968e-30	2.64486e-33	2.44218e-32	7.8214e-33	7.78793e-32	4.69847e-34	1.48966e-33	2.44977e-36	4.47985e-36	3.46494e-39	1.5621e-39	9.47306e-43	3.59135e-44	1.73665e-47	3.14554e-49	5.88133e-50	
CGA642	0	0	0	0	0	0	0	0	0	0	0	0	0	0	0	0	1	0	0	0	0	0	0	0	0	0	0	0	0	0	0	0	0	0	0	0	0	0	0	0	0	
N43	1.55929e-38	1.17823e-33	1.09225e-31	1.14578e-27	5.46309e-30	7.3859e-30	6.65205e-25	7.79489e-21	1.73283e-19	2.93574e-19	7.38042e-19	9.96023e-16	2.45392e-11	3.76093e-07	0.00108698	0.154214	0.820253	0.0244151	3.0706e-05	8.48754e-09	8.41275e-13	3.83025e-17	9.28245e-22	4.30407e-25	5.49825e-28	6.0307e-29	4.46223e-32	2.35019e-33	9.54003e-37	2.5574e-38	3.67824e-42	2.29026e-40	2.46447e-41	5.22461e-41	5.24329e-44	1.32146e-44	1.19744e-47	6.19554e-48	2.79728e-49	9.43978e-50	4.04298e-50	
CGA236	0	0	0	0	0	0	0	0	0	0	0	0	0	0	0	0	1	0	0	0	0	0	0	0	0	0	0	0	0	0	0	0	0	0	0	0	0	0	0	0	0	
N44	1.35675e-44	5.11874e-39	9.46579e-36	1.96007e-31	5.04956e-31	4.72678e-27	2.92338e-22	6.71745e-19	1.49421e-17	3.85752e-17	8.64513e-16	1.88244e-12	1.08812e-08	2.6129e-05	0.0109739	0.269907	0.699336	0.0197101	4.64618e-05	2.94807e-08	7.62847e-12	9.97412e-16	7.51134e-20	2.19039e-23	4.62652e-26	6.00712e-27	9.20496e-30	6.35948e-31	6.26456e-34	2.34864e-35	1.34752e-38	2.82614e-40	4.82911e-44	6.22219e-46	1.43498e-50	1.89321e-53	3.06086e-58	7.22948e-62	7.54923e-67	1.11889e-70	1.1878e-73	
N45	4.20309e-39	5.5967e-33	1.32086e-28	2.02294e-24	6.76397e-22	1.85379e-19	2.02654e-15	4.11963e-13	2.15201e-11	2.74658e-11	1.01084e-09	3.05298e-08	8.85641e-07	0.000645752	0.0320644	0.329206	0.584392	0.0534893	0.000201476	2.22627e-07	1.07962e-10	2.81359e-14	5.01435e-18	3.6137e-20	6.97557e-23	1.86069e-24	2.24853e-27	3.14956e-29	2.41488e-32	1.78972e-34	6.79048e-38	2.82123e-40	4.11467e-44	8.51746e-47	4.82983e-51	1.27927e-54	4.3492e-59	6.04767e-63	1.29413e-67	1.86476e-71	1.66873e-74	
Calboe	0	0	0	0	0	0	0	0	0	0	0	0	0	1	0	0	0	0	0	0	0	0	0	0	0	0	0	0	0	0	0	0	0	0	0	0	0	0	0	0	0	
C3125	0	0	0	0	0	0	0	0	0	0	0	0	0	0	0	0	0	1	0	0	0	0	0	0	0	0	0	0	0	0	0	0	0	0	0	0	0	0	0	0	0	
CGA429	0	0	0	0	0	0	0	0	0	0	0	0	0	0	1	0	0	0	0	0	0	0	0	0	0	0	0	0	0	0	0	0	0	0	0	0	0	0	0	0	0	
N46	2.41627e-33	2.07066e-29	1.10971e-26	1.44971e-24	7.10192e-25	4.77174e-23	2.36143e-19	5.32135e-18	3.86874e-18	1.30746e-17	1.44732e-14	1.47329e-10	5.99432e-07	0.000612208	0.0541567	0.403658	0.527071	0.0144801	2.14495e-05	1.08625e-08	2.64537e-12	3.63458e-16	3.08209e-20	2.44395e-24	3.51015e-27	1.46314e-27	4.53625e-30	1.08176e-30	2.33811e-33	3.16742e-34	4.79646e-37	3.63922e-38	2.4569e-41	1.14962e-42	5.50372e-47	5.78652e-49	1.70307e-53	1.08586e-56	2.11235e-61	7.19616e-65	1.06877e-67	
C985	0	0	0	0	0	0	0	0	0	0	0	0	0	1	0	0	0	0	0	0	0	0	0	0	0	0	0	0	0	0	0	0	0	0	0	0	0	0	0	0	0	
CGA382	0	0	0	0	0	0	0	0	0	0	0	0	0	0	1	0	0	0	0	0	0	0	0	0	0	0	0	0	0	0	0	0	0	0	0	0	0	0	0	0	0	
N47	6.35766e-42	1.79554e-35	3.61255e-32	1.418e-26	4.06638e-25	2.88954e-24	3.39376e-20	2.25277e-15	8.75609e-13	1.06381e-12	9.77741e-14	6.6175e-14	5.74061e-12	5.92376e-09	2.27448e-05	0.0158915	0.474588	0.486371	0.0230672	5.9421e-05	3.98677e-08	1.06908e-11	1.45797e-15	1.21723e-18	1.10597e-21	1.21179e-23	6.40641e-27	3.31581e-29	1.03969e-32	2.61059e-35	4.9135e-39	6.59495e-39	4.31756e-38	1.68103e-38	1.06874e-40	2.94392e-42	1.27135e-44	1.85076e-46	1.86469e-48	3.06041e-48	3.97851e-48	
N48	2.44225e-43	8.25766e-37	5.73547e-33	2.93524e-27	8.04713e-26	8.02098e-24	3.49646e-19	5.09155e-15	2.04381e-13	6.13583e-14	4.14457e-15	2.55248e-14	2.0667e-12	1.78809e-08	7.78711e-05	0.0304248	0.507493	0.452438	0.00955237	1.35026e-05	5.14666e-09	7.98296e-13	6.22551e-17	3.08741e-21	1.54325e-25	6.31995e-28	4.31623e-31	2.13372e-32	1.21384e-35	3.4688e-37	1.05713e-40	1.80368e-42	2.05098e-46	2.22905e-48	4.98343e-53	2.61208e-55	2.71495e-60	4.91918e-63	3.24303e-68	8.05711e-72	1.05725e-76	
C12265	0	0	0	0	0	0	0	0	0	0	0	0	0	0	0	0	0	1	0	0	0	0	0	0	0	0	0	0	0	0	0	0	0	0	0	0	0	0	0	0	0	
N49	4.61422e-41	9.82186e-35	3.62812e-31	5.86391e-26	2.03312e-26	4.86709e-23	1.73864e-18	1.14762e-15	1.96846e-16	2.6062e-17	7.82278e-17	1.50136e-13	3.13755e-09	2.38592e-05	0.0417776	0.793855	0.159374	0.0049592	9.89398e-06	4.40774e-09	7.8375e-13	7.09818e-17	3.75574e-21	1.27215e-25	3.11264e-30	2.75642e-33	1.02442e-36	7.97532e-39	2.0536e-42	9.33981e-45	1.69793e-48	4.45536e-51	5.49413e-55	8.06879e-58	4.33142e-62	3.59993e-65	5.24139e-70	8.02289e-74	7.72479e-79	3.40105e-83	5.09769e-88	
C404	0	0	0	0	0	0	0	0	0	0	0	0	0	0	1	0	0	0	0	0	0	0	0	0	0	0	0	0	0	0	0	0	0	0	0	0	0	0	0	0	0	
Cl11778	0	0	0	0	0	0	0	0	0	0	0	0	0	0	0	1	0	0	0	0	0	0	0	0	0	0	0	0	0	0	0	0	0	0	0	0	0	0	0	0	0	
C3134	0	0	0	0	0	0	0	0	0	0	0	0	0	0	0	0	0	0	1	0	0	0	0	0	0	0	0	0	0	0	0	0	0	0	0	0	0	0	0	0	0	
N50	5.0769e-39	1.09902e-32	1.23887e-29	4.48474e-24	2.75258e-21	2.38259e-22	1.59467e-18	5.9426e-14	4.90227e-10	1.47336e-10	5.61874e-12	9.99917e-14	1.52166e-14	6.00245e-11	1.92547e-07	0.00019738	0.0426455	0.830904	0.125081	0.00116897	2.67893e-06	2.34845e-09	1.0085e-12	6.40591e-16	5.37443e-19	2.60996e-21	1.61636e-24	3.75908e-27	1.35796e-30	1.08841e-30	9.62665e-31	2.0372e-31	6.11263e-33	4.64925e-34	8.1103e-36	2.79094e-37	3.31641e-39	6.9698e-41	5.9541e-43	1.04702e-44	2.83263e-46	
CGA311	0	0	0	0	0	0	0	0	0	0	0	0	0	0	0	0	0	1	0	0	0	0	0	0	0	0	0	0	0	0	0	0	0	0	0	0	0	0	0	0	0	
N51	3.93969e-40	2.50774e-35	8.63696e-33	1.88287e-27	4.01182e-24	5.30686e-24	3.29055e-20	1.54921e-15	9.679e-12	5.78305e-12	1.63732e-13	1.71078e-15	1.17127e-15	2.46413e-12	2.24617e-08	6.21149e-05	0.0301472	0.836531	0.132302	0.000956084	1.39365e-06	6.77392e-10	1.43544e-13	2.07245e-17	2.92762e-21	3.28596e-23	2.72809e-26	2.01289e-27	9.28544e-31	4.06628e-32	7.5141e-36	2.05642e-37	1.2821e-41	2.17978e-43	4.07416e-48	3.27626e-50	2.63877e-55	4.17266e-58	2.38968e-63	1.23304e-66	2.12153e-71	
N52	1.06619e-44	6.76788e-38	1.90166e-34	1.74301e-28	1.00584e-26	9.93191e-27	5.18373e-22	2.19105e-17	2.50045e-14	7.92769e-16	3.82319e-18	3.50602e-19	2.61171e-17	9.15012e-13	1.36839e-08	6.15671e-05	0.0491784	0.912172	0.0384948	9.31316e-05	5.15237e-08	1.04245e-11	9.83859e-16	5.02779e-20	1.54734e-24	2.87985e-28	1.21739e-31	1.39245e-33	3.95938e-37	2.38843e-39	4.29705e-43	1.40874e-45	4.93143e-46	3.84397e-44	4.02312e-46	9.70037e-47	2.95398e-49	2.56502e-50	5.23898e-53	1.05663e-54	7.79133e-56	
CGA45	0	0	0	0	0	0	0	0	0	0	0	0	0	0	0	0	1	0	0	0	0	0	0	0	0	0	0	0	0	0	0	0	0	0	0	0	0	0	0	0	0	
N53	4.15635e-46	9.60105e-40	5.75933e-36	2.00765e-30	1.56553e-27	3.60371e-27	3.91859e-23	5.66936e-19	8.33453e-16	5.5694e-17	3.70383e-17	3.25345e-17	8.88033e-17	8.94872e-13	1.05634e-08	4.10138e-05	0.0324935	0.932975	0.0343952	9.5512e-05	6.59505e-08	1.75418e-11	2.25996e-15	1.62851e-19	8.96229e-24	3.5271e-25	6.14847e-28	6.04586e-29	6.42714e-32	3.40066e-33	2.1158e-36	6.30429e-38	1.71112e-41	3.06315e-43	1.11768e-47	8.8849e-50	1.31905e-54	1.72033e-57	1.81471e-62	4.62584e-66	1.50275e-70	
C3043	0	0	0	0	0	0	0	0	0	0	0	0	0	0	0	0	0	1	0	0	0	0	0	0	0	0	0	0	0	0	0	0	0	0	0	0	0	0	0	0	0	
CGA364	0	0	0	0	0	0	0	0	0	0	0	0	0	0	0	0	0	1	0	0	0	0	0	0	0	0	0	0	0	0	0	0	0	0	0	0	0	0	0	0	0	
C2208	0	0	0	0	0	0	0	0	0	0	0	0	0	0	0	0	0	0	1	0	0	0	0	0	0	0	0	0	0	0	0	0	0	0	0	0	0	0	0	0	0	
N54	7.19409e-34	2.69673e-28	2.20743e-25	1.46022e-20	1.58625e-18	5.51831e-19	2.05548e-15	1.39155e-11	1.90837e-08	5.49818e-09	4.58162e-10	1.84907e-11	7.67708e-12	7.57833e-09	6.00673e-06	0.00162113	0.1052	0.843316	0.0492848	0.000569778	2.33941e-06	4.53278e-09	5.04918e-12	1.10439e-14	2.43522e-17	2.11497e-19	3.45883e-22	1.60209e-24	1.65063e-27	4.05248e-30	2.67111e-33	3.45707e-36	1.34892e-39	8.89353e-43	1.95356e-46	5.95547e-50	7.70323e-54	1.34786e-57	1.11668e-61	1.53623e-65	3.25966e-69	
N55	2.26423e-40	8.75843e-34	1.68547e-30	9.61212e-25	1.17545e-22	2.86336e-23	7.98949e-19	2.22821e-14	5.27676e-11	1.12881e-12	6.15179e-15	6.00172e-17	2.42689e-16	3.68081e-12	3.73209e-08	0.000115975	0.0662428	0.920776	0.0128414	2.37155e-05	1.27447e-08	2.82237e-12	3.13552e-16	2.06011e-20	1.13362e-24	3.20845e-27	1.25125e-30	6.58024e-33	1.53859e-36	4.38361e-39	5.81205e-43	9.37006e-46	6.15285e-50	5.71628e-53	1.56836e-57	7.32805e-61	8.64626e-66	9.01693e-70	7.00205e-75	3.13104e-79	4.24913e-84	
CGA453	0	0	0	0	0	0	0	0	0	0	0	0	0	0	0	0	0	1	0	0	0	0	0	0	0	0	0	0	0	0	0	0	0	0	0	0	0	0	0	0	0	
N56	2.02944e-44	1.55618e-37	5.91304e-34	6.76583e-28	1.58511e-26	5.9464e-26	4.79412e-21	2.42555e-16	1.12337e-13	3.55714e-16	4.77399e-19	5.29946e-20	6.37236e-18	2.7347e-13	7.84215e-09	7.06572e-05	0.116953	0.879841	0.0031334	1.62203e-06	2.59898e-10	1.79276e-14	6.40551e-19	1.33646e-23	1.91459e-28	3.63218e-31	1.20561e-34	1.42928e-36	2.97662e-40	1.91574e-42	2.52619e-46	8.95543e-49	6.57672e-53	1.32006e-55	3.4146e-60	3.95497e-63	1.74935e-68	1.63551e-72	4.79172e-78	1.464e-82	1.08176e-87	
CGA501	0	0	0	0	0	0	0	0	0	0	0	0	0	0	0	0	0	1	0	0	0	0	0	0	0	0	0	0	0	0	0	0	0	0	0	0	0	0	0	0	0	
C3121	0	0	0	0	0	0	0	0	0	0	0	0	0	0	0	0	1	0	0	0	0	0	0	0	0	0	0	0	0	0	0	0	0	0	0	0	0	0	0	0	0	
Calparcri	0	0	0	0	0	0	0	0	0	0	0	0	0	0	0	0	0	1	0	0	0	0	0	0	0	0	0	0	0	0	0	0	0	0	0	0	0	0	0	0	0	
N57	2.63751e-40	7.05404e-35	1.06213e-32	6.77104e-28	1.41617e-26	1.50979e-23	1.93312e-18	8.79768e-15	1.35809e-13	6.88739e-14	1.10861e-13	3.12809e-12	1.82826e-09	9.24553e-06	0.00635007	0.296247	0.65515	0.0421422	0.000101582	3.69841e-08	3.79709e-12	2.05343e-16	1.68692e-20	5.82854e-22	1.53768e-24	3.56104e-25	3.74911e-28	5.25596e-29	3.60479e-31	8.87234e-31	3.03135e-33	4.79683e-33	5.38553e-36	4.43247e-36	2.53881e-39	4.3134e-40	1.98219e-43	5.79697e-45	2.1661e-48	2.93128e-50	2.46603e-51	
N58	9.33647e-39	8.85908e-33	2.2825e-29	3.29292e-24	1.25981e-21	2.40785e-21	1.40284e-17	1.68946e-13	1.65864e-10	5.31323e-10	2.81408e-10	8.65157e-11	7.64266e-10	9.16276e-07	0.000473609	0.0527295	0.510265	0.408535	0.027629	0.000365511	1.52647e-06	2.93289e-09	6.70826e-12	6.38581e-13	4.2309e-15	2.40236e-16	8.14449e-19	2.03253e-20	3.73575e-23	4.25667e-25	3.20538e-28	1.73587e-30	4.11047e-34	6.07983e-37	7.99913e-41	3.16924e-44	2.29391e-48	5.28177e-52	2.42225e-56	9.28305e-60	1.92168e-62	
N59	2.91836e-35	1.05356e-29	3.56826e-26	5.77835e-22	4.35122e-19	1.47737e-18	3.65416e-16	4.79852e-13	1.46844e-10	2.62397e-09	1.00834e-08	1.13755e-08	2.06729e-08	4.57756e-06	0.00088993	0.0467852	0.455845	0.466847	0.0292664	0.000360699	1.46289e-06	2.57784e-09	2.34659e-12	1.84361e-15	3.15889e-18	1.04841e-19	2.63042e-22	4.94978e-24	7.5692e-27	7.30089e-29	6.6469e-32	3.30556e-34	1.37978e-37	3.47093e-40	6.57922e-44	6.3005e-47	7.17555e-51	2.61362e-54	1.8938e-58	3.90562e-62	7.10435e-66	
N60	6.76579e-34	2.8454e-28	3.16568e-24	4.24839e-21	6.77474e-18	2.84552e-16	2.96277e-14	2.10277e-12	3.63448e-10	8.92965e-09	1.25784e-07	8.74172e-07	2.95105e-06	0.000233738	0.00928513	0.129915	0.516925	0.334968	0.0086246	4.45951e-05	8.11758e-08	6.84477e-11	3.14024e-14	8.83296e-18	1.97099e-21	2.08135e-23	4.17178e-26	1.18672e-27	1.54471e-30	2.46486e-32	1.99181e-35	1.82524e-37	7.64619e-41	4.09778e-43	6.75034e-47	1.78593e-49	1.40417e-53	1.0077e-56	5.38848e-61	1.60841e-64	1.51611e-68	
N61	6.57241e-37	6.63424e-31	1.15123e-27	2.11211e-22	8.60427e-20	4.23849e-20	2.86988e-16	5.02135e-12	1.58136e-08	9.96672e-09	1.19566e-09	6.38999e-11	3.69916e-11	3.76661e-08	2.51662e-05	0.00474902	0.182308	0.76907	0.0434854	0.000361817	8.93371e-07	1.98344e-09	8.18542e-12	3.05202e-13	7.95623e-16	1.27497e-17	1.36225e-20	1.04426e-22	5.02372e-26	1.96446e-28	4.69707e-32	9.2246e-35	1.21066e-38	1.0888e-41	8.60957e-46	3.07791e-49	1.54781e-53	2.48737e-57	7.86749e-62	1.18349e-65	8.08773e-69	
Triowe	0	0	0	0	0	0	0	0	0	0	0	0	0	0	0	0	0	1	0	0	0	0	0	0	0	0	0	0	0	0	0	0	0	0	0	0	0	0	0	0	0	
N62	2.27797e-37	1.33702e-31	5.26474e-28	4.60969e-23	2.226e-20	8.38977e-20	2.73625e-16	1.42161e-12	1.01314e-09	6.61184e-10	6.971e-11	3.6927e-12	2.81672e-12	3.24646e-09	4.33524e-06	0.00170026	0.126347	0.817723	0.0537158	0.000507687	1.41787e-06	1.72635e-09	1.29789e-12	4.74129e-15	7.02498e-18	4.58322e-19	1.42373e-21	1.20376e-22	2.0283e-25	9.98012e-27	7.17677e-30	2.14468e-31	5.92758e-35	1.01161e-36	1.15421e-40	8.04279e-43	5.16357e-47	7.42329e-50	3.40494e-54	1.96e-57	3.746e-61	
Trijoh	0	0	0	0	0	0	0	0	0	0	0	0	0	0	0	0	0	1	0	0	0	0	0	0	0	0	0	0	0	0	0	0	0	0	0	0	0	0	0	0	0	
Trimel	0	0	0	0	0	0	0	0	0	0	0	0	0	0	0	0	0	1	0	0	0	0	0	0	0	0	0	0	0	0	0	0	0	0	0	0	0	0	0	0	0	
N63	2.66909e-32	1.5222e-26	3.13157e-21	4.16242e-21	1.28135e-16	2.46838e-12	1.26681e-12	2.04165e-13	1.77654e-11	1.76224e-07	0.000605319	0.382737	0.491279	0.116197	0.0089081	0.000269635	3.36414e-06	1.56321e-08	1.79228e-11	8.46332e-15	2.09504e-18	3.10777e-22	3.0075e-26	2.03506e-30	1.0783e-34	4.61398e-38	1.42696e-41	3.53428e-44	8.47798e-48	1.29573e-50	2.28885e-54	2.10263e-57	2.66588e-61	1.40865e-64	1.09256e-68	3.07534e-72	1.08361e-76	9.47582e-81	2.05446e-85	9.36666e-90	2.75764e-94	
N64	1.2468e-33	9.08516e-28	1.96372e-22	1.01265e-21	2.58026e-17	4.64074e-13	9.14498e-13	6.20989e-13	6.06725e-11	6.00728e-07	0.00171262	0.635334	0.33891	0.0236257	0.000414218	2.37778e-06	4.99115e-09	3.91507e-12	1.14987e-15	1.66089e-19	1.67378e-23	1.05598e-25	9.29126e-29	1.46979e-30	3.20772e-34	2.94205e-36	2.7352e-40	1.44965e-42	7.34022e-47	2.17486e-49	6.91415e-54	1.086e-56	2.37438e-61	1.82822e-64	2.91054e-69	9.76625e-73	1.15821e-77	1.48239e-81	1.28554e-86	2.40348e-90	4.59773e-93	
Trihoe	0	0	0	0	0	0	0	0	0	0	0	1	0	0	0	0	0	0	0	0	0	0	0	0	0	0	0	0	0	0	0	0	0	0	0	0	0	0	0	0	0	
Tribit	0	0	0	0	0	0	0	0	0	0	0	1	0	0	0	0	0	0	0	0	0	0	0	0	0	0	0	0	0	0	0	0	0	0	0	0	0	0	0	0	0	
Trijac	0	0	0	0	0	0	0	0	0	0	0	1	0	0	0	0	0	0	0	0	0	0	0	0	0	0	0	0	0	0	0	0	0	0	0	0	0	0	0	0	0	
N65	8.48219e-36	3.54223e-30	3.67116e-27	2.59682e-22	4.82843e-20	2.16692e-20	7.40601e-17	6.03972e-13	1.04265e-09	6.63782e-10	1.02003e-10	7.63627e-12	4.85791e-12	5.54989e-09	5.14357e-06	0.00155847	0.105753	0.812662	0.0787805	0.00123572	6.03226e-06	1.25767e-08	1.37333e-11	2.90126e-14	8.75374e-17	1.75989e-18	3.90836e-21	3.98301e-23	5.225e-26	2.72445e-28	2.06281e-31	5.59748e-34	2.20585e-37	2.97659e-40	6.03458e-44	3.2666e-47	3.95215e-51	9.67082e-55	7.11277e-59	1.14797e-62	2.42414e-66	
Tricri	0	0	0	0	0	0	0	0	0	0	0	0	0	0	0	0	0	1	0	0	0	0	0	0	0	0	0	0	0	0	0	0	0	0	0	0	0	0	0	0	0	
N66	7.15072e-38	3.86251e-32	9.36107e-29	7.50471e-24	2.27172e-21	3.62695e-21	1.06614e-17	5.02273e-14	3.53029e-11	1.26515e-11	1.1677e-12	1.68068e-13	1.8079e-13	2.99216e-10	5.9338e-07	0.000394788	0.059341	0.866947	0.0724856	0.000828597	2.74728e-06	3.73412e-09	2.53629e-12	1.02089e-15	3.8027e-19	1.14668e-20	3.23252e-23	1.47763e-24	2.48919e-27	6.25022e-29	5.79812e-32	8.42189e-34	3.6042e-37	3.08658e-39	5.07915e-43	2.10322e-45	1.64095e-49	1.63718e-52	8.8068e-57	3.60163e-60	3.87411e-64	
Triwie	0	0	0	0	0	0	0	0	0	0	0	0	0	0	0	0	0	1	0	0	0	0	0	0	0	0	0	0	0	0	0	0	0	0	0	0	0	0	0	0	0	
Triqua	0	0	0	0	0	0	0	0	0	0	0	0	0	0	0	0	0	1	0	0	0	0	0	0	0	0	0	0	0	0	0	0	0	0	0	0	0	0	0	0	0	
N67	1.86197e-34	1.3942e-29	2.67068e-26	3.11107e-22	7.44309e-20	4.15256e-19	2.07384e-16	2.10426e-13	4.57857e-11	3.87925e-10	9.96206e-10	1.31417e-09	5.30815e-09	1.2818e-06	0.000318595	0.0251456	0.351392	0.529188	0.0902444	0.00365634	5.30843e-05	3.51518e-07	1.25238e-09	1.59402e-11	3.86421e-13	1.3673e-13	2.21297e-15	3.90769e-16	3.7099e-18	3.38185e-19	1.65487e-21	8.04558e-23	1.33406e-25	3.0189e-27	2.27746e-30	1.50152e-32	7.27425e-36	1.67787e-38	5.27565e-42	7.35958e-45	1.96018e-47	
N68	4.58057e-33	4.63104e-28	4.45869e-25	8.63013e-21	1.25379e-18	2.01328e-18	2.37451e-15	5.90759e-12	3.05386e-09	4.81313e-09	2.00927e-09	4.09991e-10	2.40831e-10	6.98768e-08	2.59945e-05	0.00355361	0.130175	0.724478	0.136508	0.00519116	6.84587e-05	4.1064e-07	1.32126e-09	3.16114e-12	9.20866e-15	2.67257e-16	1.43585e-18	3.18864e-20	1.091e-22	1.30508e-24	2.87645e-27	1.86341e-29	2.46823e-32	8.474e-35	6.14758e-38	9.92141e-41	4.38286e-44	3.49178e-47	9.84002e-51	5.04864e-54	2.5383e-57	
Kinboe	0	0	0	0	0	0	0	0	0	0	0	0	0	0	0	0	0	1	0	0	0	0	0	0	0	0	0	0	0	0	0	0	0	0	0	0	0	0	0	0	0	
Kinfis	0	0	0	0	0	0	0	0	0	0	0	0	0	0	0	0	0	1	0	0	0	0	0	0	0	0	0	0	0	0	0	0	0	0	0	0	0	0	0	0	0	
Kinxen	0	0	0	0	0	0	0	0	0	0	0	0	0	0	0	0	0	1	0	0	0	0	0	0	0	0	0	0	0	0	0	0	0	0	0	0	0	0	0	0	0	
N69	9.43205e-38	1.95897e-32	1.4525e-29	8.34499e-27	1.38897e-25	6.79209e-22	4.18593e-18	1.22795e-15	2.27223e-14	6.28856e-14	2.61143e-13	1.71188e-10	2.93187e-07	0.000187478	0.0231521	0.382656	0.565795	0.0281329	7.63849e-05	5.05936e-08	1.34585e-11	4.11753e-15	3.85659e-18	7.04558e-21	1.87124e-22	5.99771e-22	1.31993e-23	1.57063e-23	1.39102e-25	5.79145e-26	1.40182e-28	2.083e-29	6.78925e-33	3.99265e-34	1.65196e-38	1.76109e-40	3.95293e-45	3.20308e-47	1.97164e-50	3.24971e-52	7.78581e-54	
N70	2.6888e-29	1.12542e-24	1.99019e-20	7.50099e-19	1.79086e-15	2.21567e-12	2.33896e-11	6.42352e-11	2.0078e-09	1.17846e-06	0.000346658	0.0262247	0.201556	0.403543	0.284188	0.0767135	0.00727487	0.000151335	1.15509e-06	4.38097e-09	9.68332e-12	1.37623e-14	1.35414e-17	2.35166e-20	1.0121e-22	5.28596e-24	2.55422e-26	8.50883e-28	3.01791e-30	6.03145e-32	1.55315e-34	1.78517e-36	2.8147e-39	1.74813e-41	1.16045e-44	2.22841e-47	9.20136e-51	7.98343e-54	2.03943e-57	1.32117e-60	1.52299e-63	
N71	1.37491e-30	1.3937e-24	4.60206e-19	3.29205e-19	1.17601e-14	2.15541e-10	7.37335e-11	4.87588e-12	2.37433e-10	1.33388e-06	0.00221144	0.547646	0.408302	0.0407927	0.00103752	8.54108e-06	2.52062e-08	2.87639e-11	1.54023e-14	4.49622e-18	8.03138e-22	1.82988e-25	6.54408e-29	1.39988e-31	5.17052e-35	6.79448e-38	1.50546e-41	1.13572e-44	1.50639e-48	6.59778e-52	5.30062e-56	1.31298e-59	6.53949e-64	8.56675e-68	2.71299e-72	1.76644e-76	3.5728e-81	1.40935e-85	1.97054e-90	8.5594e-95	1.06276e-98	
N72	1.55721e-33	3.84871e-27	3.0262e-21	1.412e-21	1.57251e-16	1.12251e-11	2.25611e-12	1.21744e-13	1.56982e-11	3.09124e-07	0.00152289	0.872065	0.125041	0.00136781	2.85029e-06	1.79416e-09	4.52665e-13	5.71372e-17	5.54204e-21	1.53929e-23	7.46118e-27	2.75023e-29	6.95223e-33	1.17216e-35	7.70925e-40	5.97209e-43	1.6646e-47	5.01101e-51	8.22601e-56	9.96813e-60	1.0677e-64	5.98205e-69	4.22992e-74	1.30182e-78	6.01324e-84	1.20672e-88	3.68032e-94	8.1252e-99	7.23889e-103	2.45491e-106	5.73224e-110	
N73	5.35959e-33	3.70045e-27	7.309e-22	4.02385e-21	7.41697e-17	8.78819e-13	1.79431e-12	1.45245e-12	1.46945e-10	1.32208e-06	0.00328142	0.913972	0.0822407	0.000503556	6.77266e-07	3.28535e-10	7.46612e-14	4.23388e-17	1.13421e-19	8.46945e-21	1.59053e-23	5.64324e-25	5.14826e-28	9.07416e-30	6.45513e-34	3.01256e-36	1.17276e-40	1.18596e-43	3.16903e-48	1.15985e-51	2.09976e-56	4.17512e-60	5.04894e-65	6.83364e-69	5.75857e-74	2.2155e-77	1.76206e-82	5.33676e-85	8.55693e-88	4.43775e-90	1.5705e-92	
Chaafr	0	0	0	0	0	0	0	0	0	0	0	1	0	0	0	0	0	0	0	0	0	0	0	0	0	0	0	0	0	0	0	0	0	0	0	0	0	0	0	0	0	
Chacha	0	0	0	0	0	0	0	0	0	0	0	1	0	0	0	0	0	0	0	0	0	0	0	0	0	0	0	0	0	0	0	0	0	0	0	0	0	0	0	0	0	
N74	7.64374e-33	5.38486e-27	1.18143e-21	4.77813e-21	1.4983e-16	3.20534e-12	4.49358e-12	2.02474e-12	1.55481e-10	1.39036e-06	0.00339396	0.932468	0.0638181	0.000318024	3.73031e-07	1.64446e-10	3.49943e-14	2.52483e-17	5.50282e-20	2.2759e-21	3.30765e-24	6.45586e-26	4.96046e-29	4.59971e-31	3.46731e-35	8.52654e-38	3.51818e-42	1.95127e-45	5.33768e-50	1.21629e-53	2.1642e-58	2.97716e-62	3.4745e-67	3.44941e-71	2.88607e-76	1.10886e-79	9.53778e-85	1.7906e-87	1.87143e-90	5.19824e-93	9.8176e-96	
Chacaly	0	0	0	0	0	0	0	0	0	0	0	1	0	0	0	0	0	0	0	0	0	0	0	0	0	0	0	0	0	0	0	0	0	0	0	0	0	0	0	0	0	
Chazey	0	0	0	0	0	0	0	0	0	0	0	1	0	0	0	0	0	0	0	0	0	0	0	0	0	0	0	0	0	0	0	0	0	0	0	0	0	0	0	0	0	
N75	1.20403e-29	2.1587e-24	1.19562e-19	2.04139e-18	9.04762e-15	1.34853e-11	2.09354e-11	4.06606e-11	3.22411e-09	7.98508e-06	0.00619031	0.616099	0.354249	0.023109	0.00034363	1.61753e-06	2.98909e-09	2.60168e-12	1.41603e-15	4.78818e-17	2.65639e-19	2.84041e-20	7.35879e-23	4.09277e-24	1.38375e-27	3.32937e-29	5.47245e-33	5.44861e-35	5.79495e-39	2.40803e-41	1.84793e-45	3.34469e-48	1.92004e-52	1.6489e-55	7.03246e-60	3.33316e-63	1.02917e-67	3.62997e-71	3.00655e-74	5.09606e-76	6.37465e-78	
Chadil	0	0	0	0	0	0	0	0	0	0	0	1	0	0	0	0	0	0	0	0	0	0	0	0	0	0	0	0	0	0	0	0	0	0	0	0	0	0	0	0	0	
Chasen	0	0	0	0	0	0	0	0	0	0	0	1	0	0	0	0	0	0	0	0	0	0	0	0	0	0	0	0	0	0	0	0	0	0	0	0	0	0	0	0	0	
Chanam	0	0	0	0	0	0	0	0	0	0	0	1	0	0	0	0	0	0	0	0	0	0	0	0	0	0	0	0	0	0	0	0	0	0	0	0	0	0	0	0	0	
N76	1.91589e-32	2.54068e-29	2.58901e-27	7.05172e-25	2.79265e-24	8.40592e-22	1.91801e-18	5.23588e-16	1.56043e-14	1.43151e-13	3.36458e-12	6.04926e-10	4.65073e-07	0.000230485	0.0252453	0.386836	0.556788	0.030709	0.000190992	4.02082e-07	4.27661e-10	7.27524e-13	2.25445e-14	2.14848e-12	9.56786e-13	5.43874e-11	7.28004e-12	2.09686e-10	7.37518e-12	1.01688e-10	7.93971e-13	4.5653e-12	6.88713e-15	1.26554e-14	6.00127e-18	9.45552e-19	2.68501e-22	4.53244e-24	7.75243e-28	6.24176e-30	1.51481e-30	
Riebrev	0	0	0	0	0	0	0	0	0	0	0	0	0	0	0	0	0	0	0	0	0	0	0	0	0	0	0	0	0	0	1	0	0	0	0	0	0	0	0	0	0	
N77	7.36447e-35	1.06542e-28	5.9606e-26	1.57859e-20	3.13607e-21	1.62957e-20	9.51959e-16	2.09523e-11	4.89615e-10	8.77037e-12	6.53352e-14	8.08885e-16	1.88434e-12	9.93128e-09	1.96658e-05	0.0110782	0.968549	0.0202772	7.54497e-05	9.45305e-08	5.32269e-11	1.7618e-14	4.42494e-18	3.75448e-21	1.60119e-24	1.51602e-27	4.34982e-31	2.08602e-34	3.89898e-38	9.19887e-42	1.0056e-45	1.13117e-49	2.33039e-49	2.50187e-50	1.83764e-52	1.39328e-54	6.73901e-57	3.62492e-59	1.4489e-61	2.06392e-61	4.36965e-60	
N78	6.00126e-45	1.6372e-37	3.7453e-34	1.47922e-27	5.26966e-28	1.11271e-26	8.51792e-21	1.5287e-15	5.58692e-14	3.60759e-17	9.20916e-21	1.25172e-22	1.20423e-17	1.86923e-12	9.28979e-08	0.00102142	0.994119	0.00485734	2.02551e-06	1.98927e-10	7.03329e-15	1.11218e-19	8.91206e-25	1.38052e-29	1.52061e-33	5.86124e-34	1.19662e-35	8.25068e-36	1.13495e-37	5.49006e-38	4.28811e-40	1.51057e-40	5.00776e-43	1.23492e-43	1.0106e-46	3.59209e-48	2.37121e-51	3.3488e-53	1.82486e-56	1.5001e-58	1.78031e-60	
N79	3.49855e-42	6.81697e-37	6.02183e-35	2.22854e-30	6.30873e-31	6.27973e-29	4.00743e-23	5.66723e-18	2.36475e-16	7.86135e-20	3.42547e-23	2.86217e-23	3.42641e-18	6.94449e-13	4.72051e-08	0.000732762	0.995335	0.00393081	1.18536e-06	8.32642e-11	2.13392e-15	2.51329e-20	1.5432e-25	2.6446e-30	1.00161e-33	7.84404e-35	2.10483e-38	7.65486e-40	1.16535e-43	2.14127e-45	1.53409e-49	9.66288e-51	1.15866e-49	1.0595e-48	2.88398e-52	2.3053e-53	5.34793e-57	1.08865e-58	2.75423e-62	6.82743e-62	3.42333e-60	
Braset	0	0	0	0	0	0	0	0	0	0	0	0	0	0	0	0	1	0	0	0	0	0	0	0	0	0	0	0	0	0	0	0	0	0	0	0	0	0	0	0	0	
N80	9.32108e-50	1.0725e-42	6.17789e-39	9.64458e-33	1.74576e-32	8.76706e-31	1.75922e-25	8.97163e-21	2.70489e-19	9.30276e-21	2.41528e-21	1.33726e-21	6.1641e-17	5.00141e-12	1.48656e-07	0.00114899	0.995167	0.00368199	1.57645e-06	1.92026e-10	9.65355e-15	2.45177e-19	3.57011e-24	2.60012e-28	1.30481e-31	4.81498e-33	1.63811e-36	3.20545e-38	7.00089e-42	7.43302e-44	1.07376e-47	6.12202e-50	4.78539e-54	1.47881e-56	5.96171e-62	5.67932e-66	1.50388e-71	5.32549e-76	8.60932e-82	3.0277e-86	2.12916e-89	
N81	6.63198e-53	4.87679e-45	2.10325e-41	2.50333e-34	3.99253e-35	2.47564e-33	6.79164e-27	7.10273e-21	8.53553e-19	1.7192e-20	1.6198e-22	3.8978e-24	6.49207e-19	1.62486e-13	1.4993e-08	0.000363839	0.998836	0.000799893	8.3573e-08	2.66538e-12	3.66409e-17	2.61242e-22	1.08849e-27	2.1588e-32	1.09129e-36	1.28673e-39	4.12605e-44	2.38429e-47	4.43423e-52	1.23026e-55	1.33616e-60	1.65762e-64	9.50334e-70	4.49167e-74	2.48674e-80	4.81811e-86	9.30103e-93	6.06051e-99	3.39187e-106	8.45205e-113	4.48197e-119	
Bramel	0	0	0	0	0	0	0	0	0	0	0	0	0	0	0	0	1	0	0	0	0	0	0	0	0	0	0	0	0	0	0	0	0	0	0	0	0	0	0	0	0	
Bratha	0	0	0	0	0	0	0	0	0	0	0	0	0	0	0	0	1	0	0	0	0	0	0	0	0	0	0	0	0	0	0	0	0	0	0	0	0	0	0	0	0	
N82	7.17447e-52	1.18864e-44	6.22092e-41	2.0908e-34	2.24397e-34	2.09533e-32	1.7683e-26	5.65399e-21	9.92892e-19	1.39164e-19	8.78518e-21	1.39057e-21	6.99246e-17	5.42722e-12	1.55602e-07	0.00117125	0.99612	0.00270716	9.49849e-07	1.00857e-10	4.59901e-15	1.09014e-19	1.51916e-24	1.14845e-28	2.90469e-32	2.56526e-34	4.35365e-38	2.04873e-40	2.22663e-44	5.66888e-47	4.1052e-51	5.5199e-54	2.43738e-58	1.6256e-61	6.56318e-67	1.82034e-71	4.12525e-77	6.03788e-82	8.0882e-88	1.30306e-92	2.12934e-96	
Bradra	0	0	0	0	0	0	0	0	0	0	0	0	0	0	0	0	1	0	0	0	0	0	0	0	0	0	0	0	0	0	0	0	0	0	0	0	0	0	0	0	0	
Bratra	0	0	0	0	0	0	0	0	0	0	0	0	0	0	0	0	1	0	0	0	0	0	0	0	0	0	0	0	0	0	0	0	0	0	0	0	0	0	0	0	0	
N83	1.32248e-45	7.99665e-39	1.42794e-35	1.22669e-29	3.50223e-30	6.73378e-29	9.32893e-24	5.50841e-19	3.65755e-17	3.43301e-18	1.57088e-19	1.80307e-20	5.38151e-16	2.48959e-11	4.26572e-07	0.00192651	0.993776	0.00429462	2.43809e-06	4.22601e-10	3.16517e-14	1.23853e-18	2.86871e-23	2.88413e-27	7.88761e-31	5.02242e-33	9.52222e-37	3.24124e-39	3.9478e-43	7.27026e-46	5.95771e-50	5.77603e-53	3.05906e-57	1.40935e-60	9.88668e-66	2.80847e-70	1.04143e-75	1.66532e-80	3.64874e-86	6.1485e-91	6.75229e-95	
Bragut	0	0	0	0	0	0	0	0	0	0	0	0	0	0	0	0	1	0	0	0	0	0	0	0	0	0	0	0	0	0	0	0	0	0	0	0	0	0	0	0	0	
Braven	0	0	0	0	0	0	0	0	0	0	0	0	0	0	0	0	1	0	0	0	0	0	0	0	0	0	0	0	0	0	0	0	0	0	0	0	0	0	0	0	0	
N84	3.38817e-39	6.0794e-33	1.15335e-29	3.07226e-24	3.26457e-24	6.88648e-23	2.50524e-18	2.40858e-14	2.64895e-13	1.04805e-15	3.7242e-17	1.26224e-17	1.00393e-13	1.26492e-09	5.84502e-06	0.00704537	0.976629	0.0162844	3.56426e-05	2.34741e-08	6.58771e-12	9.54767e-16	8.11086e-20	2.40254e-23	2.14565e-26	4.37904e-28	2.84985e-31	3.13208e-33	1.31059e-36	7.9209e-39	2.10225e-42	7.04053e-45	9.60478e-49	1.76159e-51	4.31791e-56	7.09827e-60	1.08867e-64	8.63043e-69	8.55807e-74	5.45605e-78	1.65719e-81	
Brapum	0	0	0	0	0	0	0	0	0	0	0	0	0	0	0	0	1	0	0	0	0	0	0	0	0	0	0	0	0	0	0	0	0	0	0	0	0	0	0	0	0	
Bradam	0	0	0	0	0	0	0	0	0	0	0	0	0	0	0	0	1	0	0	0	0	0	0	0	0	0	0	0	0	0	0	0	0	0	0	0	0	0	0	0	0	
