NODE	1	2	3	4	5	6	7	8	9	10	11	12	13	14	15	16	17	18	19	20	21	22	23	24	25	26	27	28	29	
N1	4.52582e-38	5.31006e-36	8.35727e-34	1.17083e-31	1.43241e-29	1.51577e-27	1.37284e-25	1.05145e-23	6.71573e-22	3.51939e-20	1.48454e-18	4.92671e-17	2.8923e-11	1.02278e-08	1.82609e-06	0.000148935	0.00493344	0.0590415	0.243085	0.371978	0.237901	0.0710523	0.0108862	0.00092456	4.63913e-05	1.44986e-06	2.95211e-08	4.12141e-10	5.41155e-12	
Leiolep	0	0	0	0	0	0	0	0	0	0	0	0	0	0	0	0	0	1	0	0	0	0	0	0	0	0	0	0	0	
N2	4.2178e-60	2.25136e-55	1.19334e-50	5.06391e-46	1.67929e-41	4.26265e-37	8.09943e-33	1.12235e-28	1.09921e-24	7.32224e-21	3.16277e-17	8.33681e-14	1.2393e-10	9.34858e-08	3.09028e-05	0.00360594	0.104643	0.459271	0.366436	0.0627073	0.00324105	6.40484e-05	5.68415e-07	2.54844e-09	6.31846e-12	9.30584e-15	8.62745e-18	5.30512e-21	2.53331e-24	
N3	7.32009e-57	1.73243e-52	4.28955e-48	8.61383e-44	1.38048e-39	1.73709e-35	1.68383e-31	1.2294e-27	6.58161e-24	2.50067e-20	6.47694e-17	1.08689e-13	1.10621e-10	6.24895e-08	1.72949e-05	0.00194621	0.0659306	0.414641	0.428229	0.0842435	0.00488163	0.000109635	1.14308e-06	6.28065e-09	1.99664e-11	3.94369e-14	5.11788e-17	4.57188e-20	3.28732e-23	
N4	4.8044e-63	9.0238e-62	4.49792e-60	4.79276e-55	5.55124e-50	4.94769e-45	3.33394e-40	1.66268e-35	5.97978e-31	1.502e-26	2.53118e-22	2.71847e-18	1.73932e-14	6.05006e-11	1.00516e-07	6.56994e-05	0.0123347	0.37606	0.540352	0.0694245	0.0017495	1.33961e-05	4.06955e-08	5.84693e-11	4.49249e-14	2.01964e-17	5.68693e-21	1.05787e-24	1.4572e-28	
N5	1.07437e-69	1.9945e-64	3.39395e-59	4.53423e-54	4.69585e-49	3.71502e-44	2.20577e-39	9.62065e-35	3.0028e-30	6.49378e-26	9.3441e-22	8.4956e-18	4.56117e-14	1.31969e-10	1.80907e-07	9.70001e-05	0.0149464	0.381114	0.531348	0.0705834	0.00189527	1.57924e-05	5.29751e-08	8.4888e-11	7.32361e-14	3.71322e-17	1.18243e-20	2.49194e-24	3.92976e-28	
B3088	0	0	0	0	0	0	0	0	0	0	0	0	0	0	0	0	0	1	0	0	0	0	0	0	0	0	0	0	0	
N6	1.93708e-60	6.60242e-56	2.29352e-51	6.49899e-47	1.48161e-42	2.67672e-38	3.76532e-34	4.03946e-30	3.22425e-26	1.85837e-22	7.45498e-19	1.98738e-15	3.31664e-12	3.1996e-09	1.59682e-06	0.000349931	0.0259003	0.404196	0.496413	0.0706943	0.00241527	2.96747e-05	1.65788e-07	4.89399e-10	8.46531e-13	9.25071e-16	6.76119e-19	3.45841e-22	1.42584e-25	
BGA709	0	0	0	0	0	0	0	0	0	0	0	0	0	0	0	0	0	1	0	0	0	0	0	0	0	0	0	0	0	
BGA309	0	0	0	0	0	0	0	0	0	0	0	0	0	0	0	0	0	1	0	0	0	0	0	0	0	0	0	0	0	
N7	1.52009e-70	2.68743e-69	7.25172e-64	1.74862e-58	3.26882e-53	4.68467e-48	5.07464e-43	4.08193e-38	2.3848e-33	9.84295e-29	2.77105e-24	5.08613e-20	5.73411e-16	3.66079e-12	1.17835e-08	1.60144e-05	0.0068036	0.488014	0.477609	0.0272703	0.000285705	9.23766e-07	1.22814e-09	8.02262e-13	2.90222e-16	6.33013e-20	8.86569e-24	8.3673e-28	5.87379e-32	
N8	6.95187e-64	3.96676e-59	2.15454e-54	9.60257e-50	3.46715e-45	9.99424e-41	2.26103e-36	3.93471e-32	5.14226e-28	4.90243e-24	3.28936e-20	1.48451e-16	4.2487e-13	7.12188e-10	6.24507e-07	0.000241052	0.0304868	0.681176	0.274918	0.0130117	0.000165135	8.22196e-07	1.98737e-09	2.66958e-12	2.18703e-15	1.16928e-18	4.29496e-22	1.1286e-25	2.36525e-29	
B11696	0	0	0	0	0	0	0	0	0	0	0	0	0	0	0	0	0	1	0	0	0	0	0	0	0	0	0	0	0	
B11609	0	0	0	0	0	0	0	0	0	0	0	0	0	0	0	0	0	1	0	0	0	0	0	0	0	0	0	0	0	
N9	1.65513e-64	7.75481e-61	3.2708e-57	1.16871e-53	3.43039e-50	4.58943e-47	1.78028e-44	2.40098e-42	2.11033e-39	5.53379e-34	1.00229e-28	1.12104e-23	7.26172e-19	2.48557e-14	3.92027e-10	2.29097e-06	0.0033745	0.543033	0.439386	0.0141427	6.17005e-05	6.80562e-08	2.68242e-11	4.67925e-15	4.16698e-19	2.09426e-23	6.39047e-28	1.2505e-32	1.70227e-37	
N10	8.9019e-68	5.78316e-64	3.49869e-60	1.8305e-56	7.88772e-53	1.46033e-49	5.39988e-47	1.51668e-43	4.11837e-38	7.76607e-33	9.51849e-28	7.25505e-23	3.23359e-18	7.71996e-14	8.66313e-10	3.70907e-06	0.00418526	0.558597	0.424298	0.0128608	5.53906e-05	6.38873e-08	2.76914e-11	5.53796e-15	5.85082e-19	3.58834e-23	1.36773e-27	3.40903e-32	1.32955e-36	
N11	5.1391e-67	4.66484e-62	3.99845e-57	2.79851e-52	1.57934e-47	7.08385e-43	2.48299e-38	6.66691e-34	1.33888e-29	1.95348e-25	1.99762e-21	1.36793e-17	5.91084e-14	1.48694e-10	1.94127e-07	0.00011024	0.0200892	0.618487	0.347257	0.0139226	0.000133255	4.76044e-07	8.03356e-10	7.40565e-13	4.11453e-16	1.47889e-19	3.62712e-23	6.32843e-27	8.72256e-31	
B983	0	0	0	0	0	0	0	0	0	0	0	0	0	0	0	0	0	1	0	0	0	0	0	0	0	0	0	0	0	
B11604	0	0	0	0	0	0	0	0	0	0	0	0	0	0	0	0	0	1	0	0	0	0	0	0	0	0	0	0	0	
N12	2.72175e-68	2.95505e-63	2.97693e-58	2.46035e-53	1.64704e-48	8.80063e-44	3.68976e-39	1.18958e-34	2.87902e-30	5.07999e-26	6.30329e-22	5.25433e-18	2.77235e-14	8.54101e-11	1.36906e-07	9.55794e-05	0.0213313	0.775943	0.197558	0.00503828	3.34681e-05	8.66138e-08	1.08696e-10	7.58589e-14	3.23307e-17	9.00566e-21	1.72593e-24	2.36938e-28	2.56215e-32	
BGAA1	0	0	0	0	0	0	0	0	0	0	0	0	0	0	0	0	0	1	0	0	0	0	0	0	0	0	0	0	0	
BGA584	0	0	0	0	0	0	0	0	0	0	0	0	0	0	0	0	0	1	0	0	0	0	0	0	0	0	0	0	0	
N13	1.64186e-66	1.37653e-61	1.08129e-56	6.96913e-52	3.63865e-47	1.51655e-42	4.96027e-38	1.24776e-33	2.35658e-29	3.24554e-25	3.14401e-21	2.04674e-17	8.43741e-14	2.03221e-10	2.54949e-07	0.000139608	0.0245747	0.721312	0.245683	0.00821926	7.12633e-05	2.40033e-07	3.91284e-10	3.54201e-13	1.95586e-16	7.05243e-20	1.7484e-23	3.10317e-27	4.35678e-31	
BGA303	0	0	0	0	0	0	0	0	0	0	0	0	0	0	0	0	0	1	0	0	0	0	0	0	0	0	0	0	0	
BGAB1	0	0	0	0	0	0	0	0	0	0	0	0	0	0	0	0	0	1	0	0	0	0	0	0	0	0	0	0	0	
PGA445	0	0	0	0	0	0	0	0	0	0	0	0	0	0	0	0	0	1	0	0	0	0	0	0	0	0	0	0	0	
N14	1.76009e-46	3.82404e-43	7.17616e-40	1.05703e-36	9.38612e-34	1.44719e-31	3.42672e-30	1.36234e-27	7.60544e-23	1.83526e-18	1.52952e-14	3.99672e-11	3.52182e-08	1.13265e-05	0.00133757	0.0520312	0.480204	0.44504	0.0212282	0.000147687	2.52414e-07	1.4489e-10	3.45508e-14	3.96641e-18	2.43303e-22	8.5976e-27	1.84831e-31	2.51435e-36	2.89223e-41	
N15	9.29074e-40	2.32118e-35	5.82688e-31	9.94528e-27	1.09098e-22	7.2428e-19	2.69255e-15	5.05816e-12	4.18652e-09	1.2803e-06	0.000121583	0.00364876	0.0396962	0.176698	0.346263	0.304568	0.113978	0.0147569	0.000266534	1.05907e-06	1.61571e-09	1.22605e-12	5.33237e-16	1.45381e-19	2.64438e-23	3.37428e-27	3.55115e-31	1.25096e-34	2.02685e-37	
Rhaspe	0	0	0	0	0	0	0	0	0	1	0	0	0	0	0	0	0	0	0	0	0	0	0	0	0	0	0	0	0	
N16	3.02574e-28	1.83744e-26	1.42593e-24	1.35862e-22	1.8881e-19	3.59069e-16	4.09381e-13	2.5616e-10	7.92751e-08	1.06153e-05	0.000534944	0.0098969	0.0735527	0.23872	0.354963	0.242755	0.0718817	0.0075541	0.00013099	6.4465e-07	1.42609e-09	1.74371e-12	1.3232e-15	6.70898e-19	2.39101e-22	6.21311e-26	1.21321e-29	6.65746e-33	4.5402e-34	
Rhamar	0	0	0	0	0	0	0	0	0	1	0	0	0	0	0	0	0	0	0	0	0	0	0	0	0	0	0	0	0	
Rhatem	0	0	0	0	0	0	0	0	0	0	1	0	0	0	0	0	0	0	0	0	0	0	0	0	0	0	0	0	0	
N17	2.94086e-54	1.74953e-52	1.06543e-50	1.46486e-47	5.95209e-44	1.87188e-40	4.40283e-37	8.50309e-34	3.55209e-29	6.02657e-24	4.7359e-19	1.46637e-14	1.49679e-10	4.22291e-07	0.000273804	0.0321532	0.473741	0.475709	0.0180617	6.156e-05	3.8376e-08	6.86919e-12	4.6852e-16	1.45591e-20	2.30729e-25	2.00482e-30	1.10826e-35	2.73397e-39	1.48095e-40	
N18	2.21585e-50	4.43828e-47	8.0268e-44	1.20893e-40	1.43531e-37	9.06604e-35	1.95156e-32	1.6103e-30	1.23013e-26	5.86521e-22	1.50269e-17	1.79808e-13	8.09109e-10	1.03673e-06	0.000358908	0.0297896	0.429802	0.512051	0.0278049	0.00019178	3.2881e-07	2.02324e-10	5.57346e-14	7.94781e-18	6.49294e-22	3.27133e-26	1.07416e-30	2.39784e-35	3.89995e-40	
N19	1.13754e-51	5.99775e-47	2.97819e-42	1.14316e-37	3.31737e-33	7.08791e-29	1.07861e-24	1.12002e-20	7.4921e-17	2.97473e-13	6.17081e-10	5.29386e-07	0.00010265	0.00455307	0.0650762	0.317953	0.465981	0.142041	0.00426283	2.94114e-05	7.79335e-08	1.00705e-10	7.29829e-14	3.2539e-17	9.53317e-21	1.92829e-24	2.79813e-28	3.00477e-32	2.63282e-36	
FGA379	0	0	0	0	0	0	0	0	0	0	0	0	0	0	0	0	1	0	0	0	0	0	0	0	0	0	0	0	0	
N20	5.01268e-45	2.11153e-40	8.26177e-36	2.41971e-31	5.15325e-27	7.70571e-23	7.73461e-19	4.90985e-15	1.81459e-11	3.45489e-08	2.77552e-05	0.00639533	0.130204	0.404964	0.343984	0.102711	0.011314	0.000396974	2.66867e-06	5.9297e-09	6.08203e-12	3.42762e-15	1.18039e-18	2.66935e-22	4.17619e-26	4.70281e-30	3.93237e-34	2.50383e-38	1.31154e-42	
N21	9.61633e-46	1.26736e-44	4.36865e-40	6.71656e-35	6.98921e-30	4.78651e-25	2.07103e-20	5.3377e-16	7.50569e-12	4.99738e-08	0.000121475	0.0560976	0.460544	0.42762	0.0539236	0.00167759	1.55349e-05	4.25645e-08	3.19038e-11	9.45829e-15	1.36314e-18	1.07809e-22	5.0999e-27	2.52253e-29	1.27825e-30	4.02373e-33	8.07391e-36	1.32629e-38	1.90517e-41	
N22	6.94352e-42	2.55579e-42	3.02643e-41	4.94653e-37	1.76601e-31	4.27984e-26	5.97177e-21	4.42852e-16	1.53934e-11	2.0256e-07	0.000666195	0.186741	0.646911	0.160532	0.0051158	3.34186e-05	5.554e-08	2.5219e-11	3.40061e-15	1.89338e-19	5.26441e-24	8.20374e-29	7.82561e-34	1.42615e-36	2.50519e-38	2.21766e-41	7.53618e-43	1.59814e-43	1.70789e-44	
F3015	0	0	0	0	0	0	0	0	0	0	1	0	0	0	0	0	0	0	0	0	0	0	0	0	0	0	0	0	0	
N23	9.33895e-43	2.57453e-43	1.07779e-42	4.13673e-37	1.9055e-31	5.20506e-26	8.00211e-21	6.38229e-16	2.31887e-11	3.07273e-07	0.000967216	0.253953	0.65845	0.0854819	0.00114575	2.65422e-06	1.44524e-09	2.31973e-13	1.40859e-17	4.03099e-22	6.23656e-27	5.68897e-32	3.2362e-37	2.1056e-42	7.2747e-43	7.02889e-43	1.58289e-43	1.50873e-44	1.04221e-45	
N24	1.7588e-51	3.67835e-48	1.346e-42	6.41695e-37	1.98554e-31	3.86067e-26	4.49383e-21	2.91273e-16	9.41015e-12	1.2639e-07	0.000508681	0.307223	0.644977	0.0470108	0.000280337	2.81696e-07	7.97138e-11	8.84815e-15	4.72227e-19	1.3792e-23	2.3997e-28	2.63455e-33	1.90019e-38	6.70942e-43	5.79479e-45	1.50137e-47	1.4195e-50	7.58482e-54	3.28535e-57	
N25	1.74867e-53	2.55518e-49	3.00673e-45	2.80847e-41	2.97524e-36	5.76077e-30	6.14632e-24	3.20149e-18	7.31601e-13	5.8731e-08	0.000993252	0.592508	0.401977	0.00451853	2.18835e-06	1.72356e-10	4.10623e-15	3.94708e-20	1.78424e-25	4.15435e-31	5.38009e-37	2.76272e-42	2.84765e-46	2.62288e-50	1.90789e-54	1.10957e-58	5.43875e-63	4.23494e-67	1.55799e-70	
N26	1.49251e-43	1.5511e-43	3.87539e-43	3.36454e-39	1.66071e-33	1.88029e-27	9.46544e-22	2.13224e-16	1.94479e-11	5.83977e-07	0.00345924	0.611409	0.381303	0.00382636	1.70775e-06	1.64173e-10	5.64451e-15	8.75283e-20	6.81327e-25	2.96385e-30	1.76171e-34	1.448e-37	9.54252e-41	2.75224e-43	2.36114e-43	3.14551e-44	2.08957e-45	1.12566e-46	5.79196e-48	
F1476	0	0	0	0	0	0	0	0	0	0	1	0	0	0	0	0	0	0	0	0	0	0	0	0	0	0	0	0	0	
N27	2.16532e-51	1.31095e-50	2.07874e-44	2.61232e-38	2.04905e-32	9.77244e-27	2.70749e-21	4.04618e-16	2.8868e-11	7.88826e-07	0.00512503	0.610188	0.378836	0.00584593	4.72849e-06	8.70009e-10	5.7928e-14	1.75898e-18	2.78671e-23	2.50873e-28	1.35742e-33	4.59291e-39	6.16043e-42	1.48751e-39	4.66416e-39	5.13223e-40	3.37971e-41	2.04257e-42	1.17354e-43	
Furcep	0	0	0	0	0	0	0	0	0	0	0	0	0	1	0	0	0	0	0	0	0	0	0	0	0	0	0	0	0	
N28	1.45685e-46	1.22636e-44	2.30178e-39	8.572e-34	2.03126e-28	2.95649e-23	2.50221e-18	1.1324e-13	2.40056e-09	1.89673e-05	0.034353	0.714055	0.249362	0.00220916	1.76811e-06	4.21277e-10	4.27628e-14	2.22607e-18	6.64735e-23	1.22565e-27	1.46845e-32	1.18527e-37	7.27817e-43	2.39583e-44	2.29051e-45	1.01072e-47	1.03748e-50	8.1569e-54	5.72802e-57	
Furpol	0	0	0	0	0	0	0	0	0	0	0	1	0	0	0	0	0	0	0	0	0	0	0	0	0	0	0	0	0	
N29	2.89258e-45	6.8018e-40	1.27581e-34	1.68529e-29	1.50243e-24	8.55148e-20	2.88241e-15	5.16862e-11	4.18095e-07	0.00114465	0.557833	0.417895	0.023065	6.1717e-05	3.96471e-08	9.84658e-12	1.19173e-15	8.07249e-20	3.35674e-24	9.15404e-29	1.72031e-33	2.31514e-38	2.30038e-43	1.72999e-48	1.00507e-53	4.58855e-59	1.67018e-64	4.90788e-70	1.20337e-75	
N30	1.71242e-45	5.00449e-40	1.14097e-34	1.81172e-29	1.91645e-24	1.27338e-19	4.90251e-15	9.72972e-11	8.28818e-07	0.00218724	0.847456	0.148794	0.00155999	1.69045e-06	5.50929e-10	7.69502e-14	5.55436e-18	2.32919e-22	6.14832e-27	1.08291e-31	1.33e-36	1.17879e-41	7.7485e-47	3.86201e-52	1.48634e-57	4.48411e-63	1.07387e-68	2.06312e-74	3.26129e-80	
F2241	0	0	0	0	0	0	0	0	0	0	1	0	0	0	0	0	0	0	0	0	0	0	0	0	0	0	0	0	0	
Furang	0	0	0	0	0	0	0	0	0	0	1	0	0	0	0	0	0	0	0	0	0	0	0	0	0	0	0	0	0	
FGA490	0	0	0	0	0	0	0	0	0	0	1	0	0	0	0	0	0	0	0	0	0	0	0	0	0	0	0	0	0	
N31	4.05786e-55	6.69974e-49	8.13643e-43	6.75327e-37	3.69655e-31	1.27126e-25	2.56771e-20	2.76253e-15	1.36171e-10	2.37771e-06	0.00864108	0.814711	0.176152	0.000493611	1.77807e-07	1.87023e-11	8.11466e-16	1.75795e-20	2.14389e-25	1.59649e-30	7.69218e-36	2.50251e-41	5.67651e-47	9.19963e-53	1.08522e-58	9.44932e-65	6.13538e-71	2.99119e-77	1.11106e-83	
N32	1.34138e-46	5.2469e-45	1.34136e-41	9.23377e-36	3.91968e-30	9.91352e-25	1.41817e-19	1.05472e-14	3.55218e-10	4.2548e-06	0.0108911	0.848173	0.140559	0.00037261	1.49255e-07	1.85908e-11	9.93328e-16	2.70598e-20	4.17094e-25	3.893e-30	2.30065e-35	8.85637e-41	2.25618e-46	4.88293e-52	6.62097e-54	1.94524e-57	2.67988e-61	2.96343e-65	2.82789e-69	
N33	4.96262e-55	1.10914e-52	1.85587e-47	4.9951e-41	8.18969e-35	7.96901e-29	4.39578e-23	1.27535e-17	1.72223e-12	8.71744e-08	0.00106298	0.844978	0.153169	0.000789382	2.1733e-07	1.46912e-11	3.74633e-16	4.45406e-21	2.79278e-26	9.98013e-32	2.13676e-37	2.91371e-43	3.11081e-46	4.21129e-46	2.59559e-45	6.82655e-47	1.29398e-48	2.2488e-50	3.63839e-52	
N34	3.89765e-53	1.36185e-49	1.56787e-43	1.17591e-37	5.59649e-32	1.64417e-26	2.84831e-21	2.70858e-16	1.26466e-11	2.40782e-07	0.00131668	0.896324	0.102062	0.000296241	1.16651e-07	1.4263e-11	7.51247e-16	2.02619e-20	3.10514e-25	2.89378e-30	1.71634e-35	6.67635e-41	1.68932e-45	2.75107e-46	5.83087e-48	5.51813e-51	2.46069e-54	9.02063e-58	2.8416e-61	
N35	5.6162e-52	2.94511e-46	1.19931e-40	3.46297e-35	6.8658e-30	8.95923e-25	7.26735e-20	3.38302e-15	8.03325e-11	8.06085e-07	0.00242334	0.957906	0.0395908	7.88359e-05	3.64921e-08	6.31472e-12	5.18662e-16	2.33348e-20	6.32163e-25	1.1022e-29	1.29865e-34	1.07284e-39	6.39341e-45	2.81008e-50	9.26964e-56	2.32641e-61	4.48924e-67	6.71466e-73	7.96121e-79	
FGA456	0	0	0	0	0	0	0	0	0	0	0	1	0	0	0	0	0	0	0	0	0	0	0	0	0	0	0	0	0	
FGA513	0	0	0	0	0	0	0	0	0	0	0	1	0	0	0	0	0	0	0	0	0	0	0	0	0	0	0	0	0	
F12278	0	0	0	0	0	0	0	0	0	0	0	1	0	0	0	0	0	0	0	0	0	0	0	0	0	0	0	0	0	
N36	4.95135e-52	1.91242e-46	5.96119e-41	1.35996e-35	2.20177e-30	2.43214e-25	1.74092e-20	7.52844e-16	1.77917e-11	1.96811e-07	0.000776474	0.587316	0.382599	0.0292649	4.2786e-05	1.72316e-08	2.8949e-12	2.48412e-16	1.23122e-20	3.82962e-25	7.93497e-30	1.14543e-34	1.19262e-39	9.20674e-45	5.38803e-50	2.43428e-55	8.62196e-61	2.58331e-66	7.18272e-71	
Furant	0	0	0	0	0	0	0	0	0	0	0	1	0	0	0	0	0	0	0	0	0	0	0	0	0	0	0	0	0	
FGA331	0	0	0	0	0	0	0	0	0	0	0	0	0	1	0	0	0	0	0	0	0	0	0	0	0	0	0	0	0	
FGA465	0	0	0	0	0	0	0	0	0	0	1	0	0	0	0	0	0	0	0	0	0	0	0	0	0	0	0	0	0	
N37	1.82102e-47	6.43863e-42	1.78117e-36	3.43502e-31	4.43567e-26	3.63619e-21	1.75898e-16	4.52022e-12	5.24476e-08	0.000207048	0.149647	0.816119	0.0339617	6.51362e-05	3.15757e-08	5.98723e-12	5.53121e-16	2.8459e-20	8.92259e-25	1.81792e-29	2.52536e-34	2.48176e-39	1.77616e-44	9.47428e-50	3.83767e-55	1.19849e-60	2.92147e-66	5.61448e-72	8.73441e-78	
FGA99	0	0	0	0	0	0	0	0	0	0	1	0	0	0	0	0	0	0	0	0	0	0	0	0	0	0	0	0	0	
N38	5.89207e-47	1.8759e-41	4.65153e-36	8.02755e-31	9.27069e-26	6.79946e-21	2.9472e-16	6.80445e-12	7.12388e-08	0.000255699	0.17157	0.813068	0.0150812	2.43424e-05	1.07532e-08	1.92942e-12	1.72795e-16	8.76751e-21	2.74487e-25	5.63534e-30	7.93822e-35	7.94254e-40	5.79903e-45	3.1564e-50	1.3028e-55	4.13377e-61	1.01936e-66	1.97045e-72	6.32671e-78	
FGA15	0	0	0	0	0	0	0	0	0	0	1	0	0	0	0	0	0	0	0	0	0	0	0	0	0	0	0	0	0	
FGA581	0	0	0	0	0	0	0	0	0	0	0	1	0	0	0	0	0	0	0	0	0	0	0	0	0	0	0	0	0	
FGA104	0	0	0	0	0	0	0	0	0	0	0	0	1	0	0	0	0	0	0	0	0	0	0	0	0	0	0	0	0	
FGA489	0	0	0	0	0	0	0	0	0	0	1	0	0	0	0	0	0	0	0	0	0	0	0	0	0	0	0	0	0	
FGA174	0	0	0	0	0	0	0	0	0	0	0	0	0	1	0	0	0	0	0	0	0	0	0	0	0	0	0	0	0	
FurbGB	0	0	0	0	0	0	0	0	0	0	0	1	0	0	0	0	0	0	0	0	0	0	0	0	0	0	0	0	0	
N39	1.22143e-62	4.35528e-59	1.27288e-55	2.02345e-52	4.56082e-48	8.13921e-43	1.03857e-37	9.12795e-33	5.36223e-28	2.01931e-23	4.59711e-19	5.8131e-15	3.60135e-11	9.07842e-08	7.22459e-05	0.013181	0.346658	0.590034	0.0494688	0.000583683	1.8077e-06	2.07016e-09	1.0791e-12	2.93344e-16	4.56902e-20	4.36696e-24	9.2822e-28	3.87959e-29	8.11912e-31	
N40	3.74647e-64	3.87539e-59	3.7062e-54	2.84394e-49	1.72465e-44	8.12145e-40	2.90863e-35	7.72786e-31	1.47782e-26	1.9595e-22	1.71841e-18	9.37404e-15	2.92884e-11	4.66493e-08	3.17806e-05	0.00692314	0.276488	0.630549	0.0841283	0.00186697	1.22304e-05	3.23383e-08	4.17506e-11	2.9866e-14	1.29444e-17	3.63194e-21	6.9413e-25	9.4087e-29	1.00333e-32	
N41	6.13919e-69	1.50142e-63	3.28235e-58	5.61147e-53	7.42003e-48	7.48553e-43	5.66357e-38	3.14577e-33	1.2488e-28	3.42467e-24	6.20878e-20	7.01937e-16	4.5659e-12	1.51983e-08	2.15067e-05	0.00919781	0.462957	0.502828	0.0247802	0.000214372	5.74939e-07	6.44234e-10	3.61012e-13	1.13907e-16	2.19926e-20	2.76202e-24	2.36341e-28	1.42881e-32	6.70971e-37	
CGA312	0	0	0	0	0	0	0	0	0	0	0	0	0	0	0	0	0	1	0	0	0	0	0	0	0	0	0	0	0	
N42	1.80745e-66	1.54657e-62	1.13426e-58	3.68378e-55	3.8613e-53	5.47212e-52	7.83589e-47	8.01942e-41	5.25648e-35	2.15118e-29	5.26811e-24	7.23022e-19	5.03203e-14	1.50273e-09	1.38624e-05	0.0149366	0.592873	0.386117	0.00604951	9.53723e-06	3.47475e-09	4.35142e-13	2.34127e-17	6.21426e-22	8.89485e-27	7.2717e-32	3.56665e-37	1.70261e-39	1.19336e-41	
N43	5.82734e-45	5.08798e-45	9.21936e-46	4.48031e-47	1.25611e-48	3.7999e-47	6.3995e-46	3.61621e-42	8.00349e-38	2.09389e-32	7.6133e-26	1.27332e-19	8.1656e-14	1.48928e-08	0.000230648	0.0664449	0.851846	0.081392	8.61641e-05	6.65732e-09	1.10963e-13	6.27716e-19	1.50004e-24	1.70115e-30	9.76292e-37	3.76176e-43	1.55513e-45	4.58248e-47	1.40846e-47	
N44	9.71033e-55	6.35085e-53	3.96985e-51	1.80414e-49	2.15085e-48	6.53022e-48	1.71251e-47	5.07042e-43	1.63811e-36	2.84692e-30	2.35678e-24	9.07889e-19	1.49758e-13	8.88456e-09	0.000114797	0.0603309	0.863177	0.0762857	9.18518e-05	1.52218e-08	7.07816e-13	1.27888e-17	1.03238e-22	4.09519e-28	9.63532e-33	7.28033e-36	4.51627e-39	5.81403e-42	3.31758e-42	
N45	5.75293e-58	1.35225e-54	2.9564e-51	5.20035e-48	4.98816e-45	2.96174e-43	5.74222e-42	1.35328e-38	3.68712e-33	6.56564e-28	7.29119e-23	4.74536e-18	1.6524e-13	2.67327e-09	1.57773e-05	0.0206754	0.84608	0.132851	0.000377957	2.28748e-07	4.92463e-11	4.853e-15	2.54203e-19	7.80265e-24	1.50168e-28	1.9027e-33	1.64528e-38	1.03502e-43	4.70324e-46	
CGA642	0	0	0	0	0	0	0	0	0	0	0	0	0	0	0	0	1	0	0	0	0	0	0	0	0	0	0	0	0	
N46	1.16524e-69	1.72236e-65	2.28032e-61	2.33616e-57	2.34984e-54	7.2604e-52	1.83013e-46	1.31465e-40	6.42699e-35	2.07021e-29	4.20172e-24	5.04519e-19	3.26893e-14	9.91046e-10	1.10199e-05	0.0270798	0.821772	0.150844	0.000292349	1.14776e-07	1.5621e-11	9.57457e-16	3.08811e-20	5.80463e-25	6.82669e-30	5.28837e-35	3.09452e-40	2.43898e-42	7.52571e-44	
CGA763	0	0	0	0	0	0	0	0	0	0	0	0	0	0	0	1	0	0	0	0	0	0	0	0	0	0	0	0	0	
C601	0	0	0	0	0	0	0	0	0	0	0	0	0	0	0	0	0	1	0	0	0	0	0	0	0	0	0	0	0	
N47	6.67869e-52	2.7684e-50	9.57678e-49	1.58814e-47	2.68029e-47	3.58924e-48	1.31651e-43	1.01802e-37	4.83176e-32	1.36741e-26	2.19563e-21	1.84467e-16	7.10715e-12	9.98991e-08	0.000325921	0.0745309	0.857432	0.0675841	0.000127253	4.66391e-08	5.71409e-12	3.0588e-16	8.34707e-21	1.27877e-25	1.17199e-30	6.70373e-36	4.35254e-41	8.81743e-42	2.09908e-41	
CGA236	0	0	0	0	0	0	0	0	0	0	0	0	0	0	0	0	1	0	0	0	0	0	0	0	0	0	0	0	0	
N48	8.13184e-57	3.20696e-53	1.17383e-49	3.43442e-46	1.80969e-43	1.89085e-41	3.00007e-36	4.17957e-31	3.6081e-26	1.85655e-21	5.35347e-17	7.86385e-13	5.0573e-09	1.10231e-05	0.00505503	0.173098	0.768053	0.0536073	0.000175503	1.39275e-07	4.26408e-11	6.31719e-15	5.16377e-19	2.53298e-23	7.89295e-28	1.62485e-32	2.27205e-37	1.80984e-40	3.77535e-41	
N49	9.66422e-63	2.08282e-57	3.93632e-52	5.8701e-47	6.78534e-42	5.9514e-37	3.85972e-32	1.79261e-27	5.72546e-23	1.19273e-18	1.50776e-14	1.04133e-10	3.31476e-07	0.000344478	0.018989	0.24527	0.644962	0.0899874	0.000446648	6.03053e-07	3.3887e-10	9.75732e-14	1.63234e-17	1.72665e-21	1.22732e-25	6.13784e-30	2.23842e-34	6.12635e-39	1.33865e-43	
Calboe	0	0	0	0	0	0	0	0	0	0	0	0	0	1	0	0	0	0	0	0	0	0	0	0	0	0	0	0	0	
C3125	0	0	0	0	0	0	0	0	0	0	0	0	0	0	0	0	0	1	0	0	0	0	0	0	0	0	0	0	0	
CGA429	0	0	0	0	0	0	0	0	0	0	0	0	0	0	1	0	0	0	0	0	0	0	0	0	0	0	0	0	0	
N50	2.54344e-45	7.65915e-44	7.57354e-43	2.3999e-42	2.27341e-42	3.49038e-41	1.47054e-38	1.07218e-32	4.53843e-27	1.04191e-21	1.20878e-16	6.25385e-12	1.15119e-07	0.000472494	0.100521	0.535714	0.352348	0.0109382	6.20681e-06	8.4279e-10	4.5044e-14	1.18428e-18	1.72929e-23	1.51002e-28	8.27392e-34	2.93882e-39	6.85022e-44	2.48405e-46	1.49989e-44	
C984	0	0	0	0	0	0	0	0	0	0	0	0	0	1	0	0	0	0	0	0	0	0	0	0	0	0	0	0	0	
N51	1.33442e-53	4.15884e-50	1.19778e-46	2.51285e-43	1.41513e-40	1.35808e-38	2.16622e-33	2.72225e-28	2.11883e-23	9.66641e-19	2.38107e-14	2.79352e-10	1.26953e-06	0.00151716	0.181002	0.584278	0.228602	0.00459654	4.2673e-06	1.25388e-09	1.66224e-13	1.17981e-17	4.9602e-22	1.31956e-26	2.32517e-31	2.80318e-36	2.40465e-40	1.85852e-41	5.37232e-43	
CGA310	0	0	0	0	0	0	0	0	0	0	0	0	0	0	1	0	0	0	0	0	0	0	0	0	0	0	0	0	0	
N52	3.69982e-57	5.34999e-52	6.77085e-47	6.65678e-42	4.98088e-37	2.76726e-32	1.10755e-27	3.07493e-23	5.6421e-19	6.41716e-15	4.13998e-11	1.32882e-07	0.000171142	0.0573524	0.683187	0.245921	0.0132901	7.8317e-05	1.24368e-07	8.15496e-11	2.73188e-14	5.31297e-18	6.53428e-22	5.40352e-26	3.14631e-30	1.3371e-34	4.26798e-39	1.04749e-43	2.09172e-48	
CGA365	0	0	0	0	0	0	0	0	0	0	0	0	0	0	1	0	0	0	0	0	0	0	0	0	0	0	0	0	0	
CGA494	0	0	0	0	0	0	0	0	0	0	0	0	0	1	0	0	0	0	0	0	0	0	0	0	0	0	0	0	0	
N53	2.2598e-59	4.9361e-56	1.00972e-52	1.50283e-49	1.02074e-46	7.82499e-45	3.15131e-43	2.9657e-38	5.39749e-33	6.54431e-28	5.08444e-23	2.39466e-18	6.30637e-14	8.19767e-10	4.25538e-06	0.00573701	0.316979	0.630617	0.046504	0.000158337	1.3128e-07	4.13594e-11	6.19139e-15	5.03727e-19	2.43406e-23	7.43228e-28	1.49975e-32	2.0879e-37	1.83669e-40	
N54	4.71162e-66	4.51534e-62	3.95487e-58	2.9499e-54	1.51821e-50	3.07037e-47	3.34367e-44	1.06184e-38	2.8664e-33	5.06626e-28	5.6087e-23	3.65147e-18	1.27428e-13	2.06298e-09	1.20555e-05	0.0148393	0.364865	0.599769	0.0204773	3.72945e-05	1.70117e-08	3.00394e-12	2.56227e-16	1.20793e-20	3.44247e-25	6.31626e-30	7.81214e-35	6.77362e-40	2.40908e-43	
C12265	0	0	0	0	0	0	0	0	0	0	0	0	0	0	0	0	0	1	0	0	0	0	0	0	0	0	0	0	0	
N55	2.2836e-61	1.50888e-57	8.87719e-54	4.44299e-50	1.87291e-46	6.56975e-43	1.88955e-39	4.38038e-36	1.53704e-32	5.21287e-27	1.90935e-21	3.55044e-16	3.0562e-11	1.02424e-06	0.00868556	0.899629	0.0904592	0.00122406	1.05423e-06	1.40815e-10	6.38967e-15	1.27856e-19	1.28447e-24	7.00566e-30	7.82232e-35	2.9313e-38	1.17996e-41	3.85472e-45	1.05726e-48	
C404	0	0	0	0	0	0	0	0	0	0	0	0	0	0	1	0	0	0	0	0	0	0	0	0	0	0	0	0	0	
N56	3.4069e-70	7.86841e-66	1.60854e-61	2.79334e-57	4.07964e-53	4.95169e-49	5.46576e-45	1.62741e-39	2.35091e-33	1.79512e-27	7.27253e-22	1.47853e-16	1.36484e-11	4.75902e-07	0.00383456	0.93594	0.0598836	0.000340802	1.2939e-07	1.07701e-11	3.36275e-16	5.02598e-21	4.05864e-26	1.89812e-31	8.76773e-37	2.59059e-40	1.58321e-43	8.06787e-47	3.50567e-50	
Cl11778	0	0	0	0	0	0	0	0	0	0	0	0	0	0	0	1	0	0	0	0	0	0	0	0	0	0	0	0	0	
CGA48	0	0	0	0	0	0	0	0	0	0	0	0	0	0	0	1	0	0	0	0	0	0	0	0	0	0	0	0	0	
C3126	0	0	0	0	0	0	0	0	0	0	0	0	0	0	0	0	0	0	1	0	0	0	0	0	0	0	0	0	0	
N57	5.79668e-51	3.49842e-48	2.10071e-45	1.10255e-42	4.94991e-40	1.09007e-37	3.91542e-36	4.31869e-35	1.5556e-33	8.04168e-29	3.11705e-24	7.57574e-20	1.08587e-15	8.40979e-12	3.08745e-08	4.35584e-05	0.0162835	0.744069	0.235941	0.0036512	1.23496e-05	1.47283e-08	7.93928e-12	2.25213e-15	3.72095e-19	3.84578e-23	2.61985e-27	1.2237e-31	4.30728e-36	
CGA311	0	0	0	0	0	0	0	0	0	0	0	0	0	0	0	0	0	1	0	0	0	0	0	0	0	0	0	0	0	
N58	6.34328e-72	6.65168e-68	6.47733e-64	5.32964e-60	2.90479e-56	4.40748e-53	1.48867e-48	5.71484e-43	1.57552e-37	2.98241e-32	3.72017e-27	2.89623e-22	1.30753e-17	3.08757e-13	3.2752e-09	1.22477e-05	0.010421	0.743156	0.243393	0.00301135	6.82553e-06	4.81035e-09	1.39323e-12	1.97169e-16	1.53349e-20	7.13417e-25	2.11551e-29	4.2126e-34	5.51964e-38	
N59	3.98361e-64	1.8769e-60	8.09859e-57	3.02094e-53	9.39941e-50	5.65384e-47	8.78055e-45	5.69244e-43	1.98856e-38	5.57311e-33	1.01304e-27	1.13955e-22	7.43008e-18	2.55256e-13	3.98838e-09	2.20799e-05	0.0260733	0.888793	0.0847785	0.000332736	2.63456e-07	7.06792e-11	8.36657e-15	5.12205e-19	1.80042e-23	3.90843e-28	5.52472e-33	5.28965e-38	3.64455e-43	
CGA45	0	0	0	0	0	0	0	0	0	0	0	0	0	0	0	0	1	0	0	0	0	0	0	0	0	0	0	0	0	
N60	3.4122e-69	2.39832e-65	1.57944e-61	9.04517e-58	3.36096e-54	3.22067e-51	2.18697e-48	7.06578e-43	1.88134e-37	3.3883e-32	4.01159e-27	2.99591e-22	1.32988e-17	3.21611e-13	3.70232e-09	1.61178e-05	0.01671	0.911159	0.0718259	0.00028844	2.58414e-07	8.36721e-11	1.25255e-14	1.0047e-18	4.75509e-23	1.41949e-27	2.80409e-32	3.88954e-37	2.24435e-39	
C3043	0	0	0	0	0	0	0	0	0	0	0	0	0	0	0	0	0	1	0	0	0	0	0	0	0	0	0	0	0	
CGA364	0	0	0	0	0	0	0	0	0	0	0	0	0	0	0	0	0	1	0	0	0	0	0	0	0	0	0	0	0	
C2208	0	0	0	0	0	0	0	0	0	0	0	0	0	0	0	0	0	0	1	0	0	0	0	0	0	0	0	0	0	
N61	6.15789e-66	5.65224e-61	4.92908e-56	3.48153e-51	1.96494e-46	8.72633e-42	2.99485e-37	7.77442e-33	1.48765e-28	2.03323e-24	1.90846e-20	1.17027e-16	4.3907e-13	9.21939e-10	9.53733e-07	0.000399896	0.0488076	0.879056	0.0707257	0.001005	4.69552e-06	9.63384e-09	1.02857e-11	6.39023e-15	2.50024e-18	6.53328e-22	1.19294e-25	1.57821e-29	1.67511e-33	
N62	6.2196e-84	1.08236e-77	1.6049e-71	1.83221e-65	1.59747e-59	1.05212e-53	5.1604e-48	1.85085e-42	4.74293e-37	8.42985e-32	1.00002e-26	7.52668e-22	3.35492e-17	8.03219e-13	8.91339e-09	3.58588e-05	0.0319253	0.948528	0.0194628	4.78959e-05	3.21712e-08	8.47745e-12	1.07463e-15	7.46102e-20	3.10153e-24	8.23298e-29	1.46451e-33	1.81177e-38	1.65573e-43	
CGA453	0	0	0	0	0	0	0	0	0	0	0	0	0	0	0	0	0	1	0	0	0	0	0	0	0	0	0	0	0	
N63	8.62564e-90	3.70248e-83	1.2827e-76	3.44509e-70	7.11297e-64	1.11653e-57	1.31371e-51	1.13797e-45	7.09347e-40	3.09045e-34	9.06208e-29	1.70132e-23	1.91028e-18	1.16398e-13	3.31924e-09	3.44621e-05	0.0769079	0.918245	0.00480934	3.23628e-06	6.29887e-10	5.03207e-14	2.00577e-18	4.5147e-23	6.24639e-28	5.64746e-33	3.49289e-38	1.53076e-43	4.98651e-49	
CGA501	0	0	0	0	0	0	0	0	0	0	0	0	0	0	0	0	0	1	0	0	0	0	0	0	0	0	0	0	0	
C3121	0	0	0	0	0	0	0	0	0	0	0	0	0	0	0	0	1	0	0	0	0	0	0	0	0	0	0	0	0	
N64	1.26374e-48	2.93549e-47	6.63763e-46	1.39938e-44	2.73774e-43	1.36317e-65	3.42319e-58	2.34873e-51	6.92051e-45	1.02447e-38	8.19016e-33	3.60351e-27	8.61603e-22	1.0704e-16	6.31018e-12	1.50739e-07	0.00106616	0.995642	0.00328992	1.42414e-06	1.81299e-10	9.29967e-15	2.25271e-19	2.82363e-24	1.91643e-29	7.13584e-35	1.43091e-40	1.43801e-46	6.34442e-53	
Calparcri	0	0	0	0	0	0	0	0	0	0	0	0	0	0	0	0	0	1	0	0	0	0	0	0	0	0	0	0	0	
C3118	0	0	0	0	0	0	0	0	0	0	0	0	0	0	0	0	0	1	0	0	0	0	0	0	0	0	0	0	0	
N65	2.2831e-56	1.62108e-54	8.74516e-53	3.24201e-51	3.28327e-48	2.59924e-44	3.65323e-40	1.52333e-34	5.65917e-29	1.03832e-23	8.52054e-19	2.64958e-14	2.36825e-10	5.5504e-07	0.000310397	0.0334686	0.475456	0.472897	0.0178059	6.12312e-05	4.17972e-08	8.83589e-12	7.50112e-16	2.99007e-20	6.1636e-25	1.0389e-29	7.65927e-33	1.28579e-35	2.44938e-38	
N66	1.39662e-65	2.06692e-60	2.72006e-55	2.83576e-50	2.30391e-45	1.43106e-40	6.64446e-36	2.24491e-31	5.34268e-27	8.60546e-23	8.92165e-19	5.58073e-15	1.93257e-11	3.28736e-08	2.30307e-05	0.00501123	0.2038	0.66191	0.125532	0.00369453	2.94672e-05	8.79475e-08	1.20301e-10	8.64868e-14	3.60374e-17	9.36185e-21	1.60402e-24	1.89532e-28	1.69844e-32	
N67	1.49793e-61	1.51389e-56	1.37322e-51	9.79179e-47	5.38453e-42	2.23217e-37	6.78686e-33	1.46325e-28	2.14468e-24	2.02544e-20	1.15014e-16	3.59319e-13	5.55048e-10	3.82501e-07	0.00010476	0.00960707	0.218302	0.67267	0.0970893	0.00221177	1.44654e-05	3.74325e-08	4.65656e-11	3.16899e-14	1.29278e-17	3.38311e-21	5.98276e-25	7.45064e-29	7.19682e-33	
N68	4.29576e-58	5.06245e-53	5.33636e-48	4.37518e-43	2.7313e-38	1.26516e-33	4.20996e-29	9.65265e-25	1.44148e-20	1.29297e-16	6.11925e-13	1.18625e-09	4.09597e-07	5.0894e-05	0.00260574	0.0533983	0.368484	0.542964	0.0321954	0.000300308	8.55307e-07	1.028e-09	6.28352e-13	2.20317e-16	4.8188e-20	6.99255e-24	7.05661e-28	5.14e-32	2.93056e-36	
N69	9.43179e-62	8.02333e-61	1.1934e-57	2.00022e-52	2.56645e-47	2.46165e-42	1.72384e-37	8.56199e-33	2.91e-28	6.47147e-24	8.90015e-20	7.05011e-16	2.9449e-12	5.83067e-09	4.78064e-06	0.0013373	0.0924454	0.82294	0.0822133	0.00105596	3.66296e-06	4.8935e-09	3.09605e-12	1.06132e-15	2.16565e-19	2.81864e-23	2.46636e-27	1.51209e-31	7.081e-36	
Triowe	0	0	0	0	0	0	0	0	0	0	0	0	0	0	0	0	0	1	0	0	0	0	0	0	0	0	0	0	0	
N70	6.30564e-70	1.36323e-64	2.62894e-59	4.02629e-54	4.83281e-49	4.47545e-44	3.1377e-39	1.62774e-34	6.07547e-30	1.57571e-25	2.71738e-21	2.94367e-17	1.85715e-13	6.14862e-10	9.18768e-07	0.000490479	0.0626083	0.845782	0.0899016	0.00121176	4.45805e-06	6.40949e-09	4.42697e-12	1.67829e-15	3.8311e-19	5.63504e-23	5.62244e-27	3.96184e-31	2.15327e-35	
Trijoh	0	0	0	0	0	0	0	0	0	0	0	0	0	0	0	0	0	1	0	0	0	0	0	0	0	0	0	0	0	
Trimel	0	0	0	0	0	0	0	0	0	0	0	0	0	0	0	0	0	1	0	0	0	0	0	0	0	0	0	0	0	
N71	1.55443e-47	1.861e-42	1.90236e-37	1.44154e-32	7.87749e-28	2.99703e-23	7.57938e-19	1.19621e-14	1.07618e-10	4.79667e-07	0.000827711	0.315991	0.51065	0.156073	0.0157981	0.000647888	1.13315e-05	7.77039e-08	1.46264e-10	9.87047e-14	3.17743e-17	5.72092e-21	6.3553e-25	4.65448e-29	2.35701e-33	8.55336e-38	2.28669e-42	4.6035e-47	7.43582e-52	
N72	3.23255e-48	6.52658e-43	1.071e-37	1.2623e-32	1.03316e-27	5.62306e-23	1.92171e-18	3.81207e-14	3.91829e-10	1.74913e-06	0.00248853	0.569579	0.389537	0.0374393	0.000946175	8.12112e-06	2.62765e-08	3.21513e-11	1.39092e-14	2.70253e-18	2.81191e-22	1.75622e-26	7.11628e-31	1.97804e-35	3.93229e-40	5.77406e-45	6.4244e-50	5.52916e-55	3.84484e-60	
Trihoe	0	0	0	0	0	0	0	0	0	0	0	1	0	0	0	0	0	0	0	0	0	0	0	0	0	0	0	0	0	
Tribit	0	0	0	0	0	0	0	0	0	0	0	1	0	0	0	0	0	0	0	0	0	0	0	0	0	0	0	0	0	
Trijac	0	0	0	0	0	0	0	0	0	0	0	1	0	0	0	0	0	0	0	0	0	0	0	0	0	0	0	0	0	
N73	1.26858e-66	1.38227e-61	1.39878e-56	1.14358e-51	7.44741e-47	3.80117e-42	1.49192e-37	4.40266e-33	9.50846e-29	1.45429e-24	1.51222e-20	1.01504e-16	4.1094e-13	9.15085e-10	9.8242e-07	0.000415477	0.0490902	0.80971	0.1375	0.00326053	2.19577e-05	5.89637e-08	7.69617e-11	5.5558e-14	2.4285e-17	6.87189e-21	1.32499e-24	1.81285e-28	1.94427e-32	
Tricri	0	0	0	0	0	0	0	0	0	0	0	0	0	0	0	0	0	1	0	0	0	0	0	0	0	0	0	0	0	
N74	2.84091e-71	5.82591e-66	1.07691e-60	1.61196e-55	1.92766e-50	1.81305e-45	1.31677e-40	7.22542e-36	2.91793e-31	8.39905e-27	1.65579e-22	2.1248e-18	1.66013e-14	7.20788e-11	1.52426e-07	0.000127815	0.0295755	0.851793	0.116577	0.00191794	8.43759e-06	1.43552e-08	1.1661e-11	5.17934e-15	1.38204e-18	2.37378e-22	2.7661e-26	2.27912e-30	1.44816e-34	
Triwie	0	0	0	0	0	0	0	0	0	0	0	0	0	0	0	0	0	1	0	0	0	0	0	0	0	0	0	0	0	
Triqua	0	0	0	0	0	0	0	0	0	0	0	0	0	0	0	0	0	1	0	0	0	0	0	0	0	0	0	0	0	
N75	2.66892e-57	7.33169e-53	2.02671e-48	4.54173e-44	8.13211e-40	1.14493e-35	1.24397e-31	1.0201e-27	6.14762e-24	2.63575e-20	7.72172e-17	1.46843e-13	1.69481e-10	1.08328e-07	3.36194e-05	0.00413258	0.141125	0.628408	0.211907	0.0140907	0.000300603	2.70822e-06	1.22442e-08	3.12288e-11	4.88711e-14	4.99759e-17	3.50637e-20	1.75591e-23	7.18397e-27	
N76	1.30573e-58	3.71761e-54	1.04462e-49	2.40721e-45	4.48644e-41	6.65758e-37	7.72439e-33	6.85926e-29	4.54502e-25	2.17933e-21	7.28189e-18	1.61673e-14	2.24242e-11	1.7883e-08	7.29321e-06	0.0012745	0.0710902	0.709458	0.206995	0.0109867	0.000187779	1.37981e-06	5.18753e-09	1.12031e-11	1.50901e-14	1.34795e-17	8.37322e-21	3.75731e-24	1.37621e-27	
Kinboe	0	0	0	0	0	0	0	0	0	0	0	0	0	0	0	0	0	1	0	0	0	0	0	0	0	0	0	0	0	
Kinfis	0	0	0	0	0	0	0	0	0	0	0	0	0	0	0	0	0	1	0	0	0	0	0	0	0	0	0	0	0	
Kinxen	0	0	0	0	0	0	0	0	0	0	0	0	0	0	0	0	0	1	0	0	0	0	0	0	0	0	0	0	0	
N77	8.59723e-43	4.36514e-40	2.30858e-37	1.00865e-34	2.83618e-32	1.3363e-30	1.69923e-29	2.49223e-25	4.01952e-21	3.6141e-17	1.63332e-13	3.12122e-10	1.89878e-07	3.9846e-05	0.00303621	0.0776992	0.508684	0.396221	0.01425	6.95909e-05	1.08385e-07	7.54019e-11	2.79522e-14	6.14119e-18	8.56853e-22	7.96129e-26	5.0945e-30	4.17184e-34	2.12711e-34	
N78	6.78479e-37	4.59488e-33	3.25055e-29	1.74667e-25	6.91689e-22	1.94978e-18	3.74428e-15	4.62538e-12	3.39922e-09	1.32776e-06	0.000231123	0.0131229	0.1212	0.330516	0.34669	0.15591	0.0301072	0.00218335	3.76379e-05	2.55336e-07	8.83175e-10	1.79546e-12	2.34645e-15	2.09739e-18	1.34226e-21	6.37094e-25	2.30675e-28	6.52127e-32	1.5949e-35	
N79	3.662e-45	3.46334e-40	2.76566e-35	1.589e-30	6.35598e-26	1.69789e-21	2.86906e-17	2.84995e-13	1.49974e-09	3.56606e-06	0.00290894	0.442621	0.47676	0.0745009	0.00315827	4.65771e-05	2.6613e-07	6.12274e-10	5.87999e-13	2.74679e-16	7.07397e-20	1.09948e-23	1.10185e-27	7.4837e-32	3.58033e-36	1.24402e-40	3.21782e-45	6.32358e-50	1.00579e-54	
N80	5.04167e-51	2.2148e-45	7.58623e-40	1.83298e-34	3.0163e-29	3.22996e-24	2.11836e-19	7.82702e-15	1.44365e-10	1.10113e-06	0.00249769	0.810939	0.183088	0.00346077	1.26611e-05	1.36279e-08	5.5852e-12	1.04137e-15	1.00567e-19	5.54076e-24	1.87381e-28	4.11518e-33	6.13317e-38	6.4238e-43	4.86288e-48	2.72186e-53	1.14753e-58	3.69989e-64	9.4398e-70	
N81	1.23024e-47	2.43568e-42	3.91225e-37	4.48947e-32	3.55678e-27	1.86115e-22	6.0639e-18	1.13386e-13	1.08028e-09	4.34555e-06	0.00525997	0.868983	0.124476	0.0012744	2.68895e-06	1.91126e-09	5.97947e-13	9.70871e-17	9.13592e-21	5.38841e-25	2.11091e-29	5.74135e-34	1.1224e-38	1.62137e-43	1.76982e-48	1.48675e-53	9.75788e-59	5.06628e-64	2.15453e-69	
Chaafr	0	0	0	0	0	0	0	0	0	0	0	1	0	0	0	0	0	0	0	0	0	0	0	0	0	0	0	0	0	
Chacha	0	0	0	0	0	0	0	0	0	0	0	1	0	0	0	0	0	0	0	0	0	0	0	0	0	0	0	0	0	
N82	1.91676e-47	3.47595e-42	5.17469e-37	5.58298e-32	4.20952e-27	2.11783e-22	6.69047e-18	1.22137e-13	1.14257e-09	4.5357e-06	0.00544536	0.89591	0.097846	0.000793116	1.41096e-06	8.83682e-10	2.51084e-13	3.78419e-17	3.36138e-21	1.89776e-25	7.20632e-30	1.92292e-34	3.7335e-39	5.42575e-44	6.0413e-49	5.25552e-54	3.63165e-59	2.02182e-64	9.40113e-70	
Chacaly	0	0	0	0	0	0	0	0	0	0	0	1	0	0	0	0	0	0	0	0	0	0	0	0	0	0	0	0	0	
Chazey	0	0	0	0	0	0	0	0	0	0	0	1	0	0	0	0	0	0	0	0	0	0	0	0	0	0	0	0	0	
N83	3.72016e-42	1.97891e-37	9.20583e-33	3.07715e-28	7.13728e-24	1.09896e-19	1.05957e-15	5.90584e-12	1.69615e-08	2.09983e-05	0.00821092	0.519023	0.427054	0.0445588	0.00112262	9.21617e-06	2.94382e-08	4.17385e-11	2.95976e-14	1.16969e-17	2.80852e-21	4.37874e-25	4.66643e-29	3.53883e-33	1.97194e-37	8.28623e-42	2.6822e-46	6.80752e-51	1.43399e-55	
Chadil	0	0	0	0	0	0	0	0	0	0	0	1	0	0	0	0	0	0	0	0	0	0	0	0	0	0	0	0	0	
Chasen	0	0	0	0	0	0	0	0	0	0	0	1	0	0	0	0	0	0	0	0	0	0	0	0	0	0	0	0	0	
Chanam	0	0	0	0	0	0	0	0	0	0	0	1	0	0	0	0	0	0	0	0	0	0	0	0	0	0	0	0	0	
N84	8.16188e-72	3.03112e-66	1.02446e-60	2.66904e-55	5.30933e-50	7.97099e-45	8.89666e-40	7.24138e-35	4.19441e-30	1.67577e-25	4.43531e-21	7.37314e-17	7.1592e-13	3.66069e-09	8.41052e-06	0.0065987	0.955328	0.0378222	0.000242085	4.74127e-07	3.8456e-10	1.54741e-13	3.47999e-17	4.75583e-21	4.19941e-25	2.50963e-29	1.05217e-33	3.18555e-38	7.6257e-43	
N85	8.79488e-69	1.14806e-64	1.30443e-60	1.24636e-56	9.93429e-53	6.53975e-49	3.5119e-45	1.5149e-41	5.14915e-38	1.52458e-34	2.43731e-29	1.59733e-23	5.14778e-18	7.43275e-13	4.08754e-08	0.000603062	0.988575	0.0108132	8.53713e-06	1.41003e-09	7.68852e-14	1.75576e-18	1.92182e-23	1.09683e-28	3.58339e-34	7.98355e-39	2.64421e-42	7.47389e-46	1.72988e-49	
N86	3.73293e-57	3.25446e-55	2.73296e-53	2.12164e-51	1.07898e-50	1.3313e-50	1.11633e-50	8.41949e-47	2.53259e-42	4.25327e-36	6.56115e-30	5.20099e-24	2.03848e-18	3.63827e-13	2.52473e-08	0.00047642	0.990868	0.00865084	4.58033e-06	4.93869e-10	1.77644e-14	2.75261e-19	2.1191e-24	8.85753e-30	8.4301e-35	4.2149e-38	2.0927e-41	7.88411e-45	2.21996e-46	
Braset	0	0	0	0	0	0	0	0	0	0	0	0	0	0	0	0	1	0	0	0	0	0	0	0	0	0	0	0	0	
N87	2.7526e-76	1.06241e-71	3.49788e-67	9.42862e-63	1.04327e-59	2.56656e-57	3.44236e-51	5.88059e-45	6.34134e-39	4.29659e-33	1.78919e-27	4.39696e-22	5.96913e-17	4.02654e-12	1.13056e-07	0.000941184	0.99272	0.00633464	3.79192e-06	5.88929e-10	3.5565e-14	1.02985e-18	1.61807e-23	1.49286e-28	8.5207e-34	3.11192e-39	7.42214e-45	1.01639e-48	1.82689e-49	
N88	2.19826e-53	1.15622e-51	5.75011e-50	2.64778e-48	6.51471e-72	5.36597e-64	1.20524e-56	1.16422e-49	5.67e-43	1.49921e-36	2.19762e-30	1.767e-24	7.46683e-19	1.51741e-13	1.26707e-08	0.000315806	0.998692	0.000991667	1.23129e-07	4.50982e-12	6.72258e-17	4.78168e-22	1.77594e-27	3.59859e-33	4.02432e-39	2.43414e-45	7.39956e-52	9.64822e-59	3.45399e-66	
Bramel	0	0	0	0	0	0	0	0	0	0	0	0	0	0	0	0	1	0	0	0	0	0	0	0	0	0	0	0	0	
Bratha	0	0	0	0	0	0	0	0	0	0	0	0	0	0	0	0	1	0	0	0	0	0	0	0	0	0	0	0	0	
N89	2.54525e-90	2.58719e-83	1.86751e-76	9.45035e-70	3.3701e-63	8.46948e-57	1.49232e-50	1.824e-44	1.52027e-38	8.42664e-33	2.99714e-27	6.50102e-22	7.986e-17	4.96416e-12	1.2979e-07	0.00100945	0.995468	0.00352082	1.51485e-06	1.88345e-10	9.65015e-15	2.4658e-19	3.53124e-24	3.06124e-29	1.69415e-34	6.21443e-40	1.55171e-45	2.68654e-51	3.31191e-57	
Bradra	0	0	0	0	0	0	0	0	0	0	0	0	0	0	0	0	1	0	0	0	0	0	0	0	0	0	0	0	0	
Bratra	0	0	0	0	0	0	0	0	0	0	0	0	0	0	0	0	1	0	0	0	0	0	0	0	0	0	0	0	0	
N90	2.93138e-86	1.3821e-79	4.8722e-73	1.24815e-66	2.32459e-60	3.13445e-54	3.03306e-48	2.07697e-42	9.86438e-37	3.1599e-31	6.57e-26	8.40533e-21	6.13006e-16	2.27239e-11	3.55384e-07	0.00165896	0.992731	0.0056057	3.93841e-06	8.07799e-10	6.87292e-14	2.93324e-18	7.06157e-23	1.03717e-27	9.81887e-33	6.23356e-38	2.73164e-43	8.43749e-49	1.89961e-54	
Bragut	0	0	0	0	0	0	0	0	0	0	0	0	0	0	0	0	1	0	0	0	0	0	0	0	0	0	0	0	0	
Braven	0	0	0	0	0	0	0	0	0	0	0	0	0	0	0	0	1	0	0	0	0	0	0	0	0	0	0	0	0	
N91	1.1495e-76	8.90225e-71	5.85966e-65	3.05895e-59	1.2503e-53	3.94014e-48	9.39713e-43	1.65813e-37	2.10483e-32	1.85561e-27	1.08577e-22	3.97107e-18	8.35725e-14	8.97196e-10	4.06089e-06	0.00548568	0.97039	0.0240481	7.26133e-05	6.21319e-08	2.15635e-11	3.70518e-15	3.57763e-19	2.11823e-23	8.19421e-28	2.17293e-32	4.10029e-37	5.67201e-42	6.07171e-47	
Brapum	0	0	0	0	0	0	0	0	0	0	0	0	0	0	0	0	1	0	0	0	0	0	0	0	0	0	0	0	0	
Bradam	0	0	0	0	0	0	0	0	0	0	0	0	0	0	0	0	1	0	0	0	0	0	0	0	0	0	0	0	0	
