NODE	1	2	3	4	5	6	7	8	9	10	11	12	13	14	15	16	17	18	19	20	21	22	23	24	25	26	27	28	29	30	31	32	33	34	35	36	37	38	39	40	41	
N1	2.5215e-55	3.01233e-31	6.24456e-27	2.45829e-23	3.15038e-20	1.58595e-17	4.28413e-10	3.23705e-06	0.00339721	0.292839	0.669683	0.0339633	0.000113396	4.08461e-08	1.60516e-12	3.74815e-19	2.03759e-22	4.63687e-26	5.41227e-30	3.67032e-34	1.56848e-38	4.46646e-43	8.82092e-48	1.24424e-52	1.28141e-57	9.79568e-63	5.62717e-68	2.45086e-73	8.1422e-79	2.07052e-84	4.03491e-90	6.0189e-96	6.84887e-102	5.90928e-108	3.83187e-114	1.84465e-120	6.48432e-127	1.62804e-133	2.83407e-140	3.28381e-147	2.73972e-154	
N2	1.7138e-57	3.5358e-32	1.31102e-26	9.1501e-22	2.0576e-17	1.79404e-13	6.42701e-10	9.19799e-07	0.00045687	0.0509006	0.318186	0.414136	0.183911	0.0305906	0.00178736	2.96126e-05	1.14387e-07	1.42968e-10	6.67483e-14	1.4041e-17	1.53608e-21	9.66209e-26	3.75114e-30	9.46283e-35	1.61138e-39	1.90614e-44	1.60074e-49	9.70038e-55	4.29321e-60	1.39942e-65	3.37719e-71	6.04773e-77	8.03167e-83	7.8838e-89	5.82149e-95	1.60889e-100	1.01382e-104	6.50953e-109	3.4347e-113	1.45858e-117	6.1211e-122	
N3	1.06439e-67	1.12903e-41	2.04484e-35	6.7944e-30	7.09103e-25	2.80405e-20	4.48513e-16	2.87926e-12	6.83922e-09	4.88445e-06	0.000574661	0.0172572	0.158739	0.444909	0.330333	0.047504	0.000677277	7.11004e-07	1.39843e-10	9.4904e-15	2.92605e-19	4.77831e-24	4.55368e-29	2.70543e-34	1.05055e-39	2.76075e-45	5.03961e-51	6.51687e-57	6.05713e-63	4.08882e-69	2.01838e-75	7.31239e-82	1.94538e-88	3.79073e-95	5.37841e-102	5.50279e-109	4.00229e-116	2.02816e-123	6.9634e-131	1.55753e-138	3.0088e-146	
N4	1.79619e-69	2.10199e-43	4.22645e-37	1.57083e-31	1.85332e-26	8.41077e-22	1.57806e-17	1.22809e-13	3.73171e-10	3.7901e-07	8.98009e-05	0.00522658	0.0834278	0.369686	0.424999	0.111002	0.00552768	4.08323e-05	3.09154e-08	5.80051e-12	4.01246e-16	1.27195e-20	2.11491e-25	2.01974e-30	1.18133e-35	4.43547e-41	1.10729e-46	1.8873e-52	2.24042e-58	1.8797e-64	1.12611e-70	4.84827e-77	1.50432e-83	3.36167e-90	5.38711e-97	6.13915e-104	4.91024e-111	2.70412e-118	9.97908e-126	2.37517e-133	6.01304e-141	
B3088	0	0	0	0	0	0	0	0	0	0	0	0	0	0	0	0	0	1	0	0	0	0	0	0	0	0	0	0	0	0	0	0	0	0	0	0	0	0	0	0	0	
N5	7.35274e-67	2.64703e-41	1.75123e-35	2.27796e-30	1.00878e-25	1.8623e-21	1.56255e-17	6.10533e-14	1.08375e-10	8.06219e-08	2.14662e-05	0.00172524	0.0396378	0.255386	0.453395	0.220417	0.0285974	0.00081695	2.79609e-06	2.54906e-09	8.97305e-13	1.49543e-16	1.33956e-20	7.025e-25	2.29167e-29	4.86172e-34	6.93439e-39	6.81873e-44	4.71036e-49	2.31772e-54	8.20154e-60	2.09949e-65	3.89768e-71	5.34269e-77	2.87964e-82	4.62274e-86	7.46424e-90	9.91715e-94	1.06941e-97	9.18802e-102	9.5831e-106	
N6	5.32891e-47	1.44336e-45	3.76693e-44	9.0812e-43	2.00236e-41	3.98981e-40	7.0779e-39	1.09715e-37	1.45088e-36	1.58647e-35	1.37659e-34	8.98474e-34	4.13979e-33	1.2815e-32	2.70552e-32	5.01567e-11	1.65811e-05	0.999983	4.23125e-08	3.68582e-16	2.11153e-32	1.29495e-32	7.35311e-33	3.90578e-33	1.9569e-33	9.31143e-34	4.23171e-34	1.84561e-34	7.75621e-35	3.15176e-35	1.2421e-35	4.7598e-36	1.77765e-36	6.48336e-37	2.31327e-37	8.08747e-38	2.77444e-38	9.35117e-39	3.10015e-39	1.01217e-39	4.75492e-40	
BGA709	0	0	0	0	0	0	0	0	0	0	0	0	0	0	0	0	0	1	0	0	0	0	0	0	0	0	0	0	0	0	0	0	0	0	0	0	0	0	0	0	0	
BGA710	0	0	0	0	0	0	0	0	0	0	0	0	0	0	0	0	0	1	0	0	0	0	0	0	0	0	0	0	0	0	0	0	0	0	0	0	0	0	0	0	0	
BGA309	0	0	0	0	0	0	0	0	0	0	0	0	0	0	0	0	0	1	0	0	0	0	0	0	0	0	0	0	0	0	0	0	0	0	0	0	0	0	0	0	0	
N7	1.64715e-75	3.24265e-49	1.12198e-42	7.42537e-37	1.62194e-31	1.42577e-26	5.46994e-22	9.3201e-18	6.81925e-14	1.95401e-10	1.85442e-07	5.09664e-05	0.00392745	0.0818523	0.424608	0.440778	0.048573	0.00020963	7.93634e-08	8.08867e-12	3.28661e-16	6.51082e-21	7.10332e-26	4.62814e-31	1.90651e-36	5.17656e-42	9.55616e-48	1.22768e-53	1.11686e-59	7.28634e-66	3.43847e-72	1.17969e-78	2.94763e-85	5.35535e-92	7.03894e-99	6.63308e-106	4.42044e-113	2.04289e-120	6.36969e-128	1.29087e-135	2.38536e-143	
N8	1.22056e-76	9.48371e-51	1.37025e-44	4.016e-39	4.16487e-34	1.8912e-29	4.1633e-25	4.66272e-21	2.69504e-17	7.93623e-14	1.14353e-10	7.49004e-08	1.98284e-05	0.00179548	0.046696	0.312518	0.501622	0.136917	0.00043103	2.84431e-07	6.79592e-11	7.5257e-15	4.45014e-19	1.53968e-23	3.32034e-28	4.67138e-33	4.43497e-38	2.9141e-43	1.35047e-48	4.47536e-54	1.07075e-59	1.86247e-65	3.31214e-71	3.68341e-75	1.17489e-78	3.15789e-82	7.06943e-86	1.30648e-89	1.96759e-93	2.3702e-97	3.0733e-101	
N9	1.56332e-53	1.01603e-51	6.28741e-50	3.62703e-48	1.93494e-46	9.45454e-45	4.18197e-43	1.65036e-41	5.70503e-40	1.6869e-38	4.13357e-37	8.03677e-36	1.1656e-34	1.15333e-33	1.94084e-17	3.79927e-11	1.6538e-05	0.999983	4.90514e-08	4.26323e-16	1.25107e-24	5.87881e-33	2.25377e-33	7.74638e-34	2.42867e-34	7.03947e-35	1.90642e-35	4.86538e-36	1.17833e-36	2.72384e-37	6.03917e-38	1.28955e-38	2.66133e-39	5.32445e-40	1.03542e-40	1.96166e-41	3.62814e-42	6.56257e-43	1.16276e-43	2.02098e-44	4.14297e-45	
B11696	0	0	0	0	0	0	0	0	0	0	0	0	0	0	0	0	0	1	0	0	0	0	0	0	0	0	0	0	0	0	0	0	0	0	0	0	0	0	0	0	0	
B11697	0	0	0	0	0	0	0	0	0	0	0	0	0	0	0	0	0	1	0	0	0	0	0	0	0	0	0	0	0	0	0	0	0	0	0	0	0	0	0	0	0	
N10	5.8979e-111	4.88015e-83	7.2695e-75	2.1711e-67	2.2763e-60	1.04118e-53	2.31203e-47	2.63176e-41	1.57021e-35	4.8999e-30	7.798e-25	6.0116e-20	2.05967e-15	2.73903e-11	1.1601e-07	0.000126532	0.0298566	0.969944	7.24974e-05	9.58216e-10	4.22427e-15	8.18346e-21	8.14363e-27	4.59972e-33	1.57881e-39	3.4574e-46	5.00511e-53	4.91663e-60	3.34045e-67	1.59114e-74	5.36131e-82	1.28425e-89	2.18976e-97	2.65163e-105	2.26657e-113	1.35377e-121	5.56543e-130	1.54189e-138	2.79581e-147	3.1854e-156	2.61607e-165	
B11609	0	0	0	0	0	0	0	0	0	0	0	0	0	0	0	0	0	1	0	0	0	0	0	0	0	0	0	0	0	0	0	0	0	0	0	0	0	0	0	0	0	
BGA392	0	0	0	0	0	0	0	0	0	0	0	0	0	0	0	0	0	1	0	0	0	0	0	0	0	0	0	0	0	0	0	0	0	0	0	0	0	0	0	0	0	
N11	9.12882e-87	1.40749e-59	3.65534e-52	1.76103e-45	2.71761e-39	1.63942e-33	4.19961e-28	4.6661e-23	2.19321e-18	4.05762e-14	2.59254e-10	4.70917e-07	0.000201644	0.0175618	0.270273	0.592974	0.118222	0.000766902	8.8518e-08	2.00812e-12	1.5448e-17	5.21676e-23	8.99035e-29	8.7155e-35	5.08137e-41	1.86853e-47	4.48557e-54	7.20795e-61	7.89317e-68	1.29815e-74	2.03378e-75	2.56008e-76	1.49436e-77	4.18465e-79	5.68744e-81	3.7245e-83	1.145e-85	1.57634e-88	9.03617e-92	1.94832e-95	1.71636e-99	
N12	3.55131e-88	5.40543e-61	1.41228e-53	7.00357e-47	1.14207e-40	7.50537e-35	2.17126e-29	2.84579e-24	1.66593e-19	4.11618e-15	3.84413e-11	1.12491e-07	7.93842e-05	0.0105819	0.222281	0.609125	0.156154	0.00177837	3.28213e-07	1.07274e-11	1.1266e-16	5.03712e-22	1.12757e-27	1.40172e-33	1.03832e-39	4.81706e-46	1.45075e-52	2.91096e-59	3.96407e-66	3.70981e-73	2.40407e-80	1.08216e-87	3.38059e-95	6.32093e-102	2.74545e-105	4.83916e-109	2.56888e-113	3.54057e-118	1.18312e-123	9.83108e-130	2.80211e-136	
N13	7.21152e-81	1.17981e-54	3.57079e-48	2.19731e-42	4.79865e-37	4.60598e-32	2.15379e-27	5.15568e-23	6.42003e-19	4.11351e-15	1.30469e-11	1.90099e-08	1.11542e-05	0.00207894	0.0817378	0.475647	0.396442	0.0439972	8.57544e-05	3.37783e-08	4.65165e-12	2.89151e-16	9.40859e-21	1.76397e-25	2.0365e-30	1.5189e-35	7.58305e-41	2.60239e-46	6.26253e-52	1.07228e-57	1.31969e-63	1.17498e-69	7.77391e-76	3.26752e-81	3.8102e-85	4.16215e-89	3.77853e-93	2.82517e-97	1.71763e-101	8.33532e-106	3.90765e-110	
N14	2.10528e-53	1.21878e-51	6.77737e-50	3.54075e-48	1.72586e-46	7.78349e-45	3.2152e-43	1.20137e-41	3.99691e-40	1.1601e-38	2.85867e-37	5.75896e-36	8.97816e-35	9.95154e-34	2.83462e-17	5.13215e-11	1.90438e-05	0.999981	5.77318e-08	6.13822e-16	2.26978e-24	8.17159e-33	3.59595e-33	1.43566e-33	5.2766e-34	1.80586e-34	5.80793e-35	1.76849e-35	5.12979e-36	1.4248e-36	3.80585e-37	9.81318e-38	2.45028e-38	5.94124e-39	1.40231e-39	3.22879e-40	7.26583e-41	1.60067e-41	3.45733e-42	7.33158e-43	1.92014e-43	
B985	0	0	0	0	0	0	0	0	0	0	0	0	0	0	0	0	0	1	0	0	0	0	0	0	0	0	0	0	0	0	0	0	0	0	0	0	0	0	0	0	0	
B983	0	0	0	0	0	0	0	0	0	0	0	0	0	0	0	0	0	1	0	0	0	0	0	0	0	0	0	0	0	0	0	0	0	0	0	0	0	0	0	0	0	
N15	6.59771e-86	5.51852e-65	5.49289e-58	1.12419e-51	8.27415e-46	2.71918e-40	4.43747e-35	3.79581e-30	1.74046e-25	4.27085e-21	5.47455e-17	3.48561e-13	1.01054e-09	1.15229e-06	0.000400268	0.028252	0.357055	0.613733	0.000558789	9.36601e-08	5.35436e-12	1.36617e-16	1.8122e-21	1.37838e-26	6.43194e-32	1.93316e-37	3.87955e-43	5.34064e-49	5.14594e-55	3.52294e-61	1.93137e-67	1.02859e-70	1.68208e-71	2.80424e-72	4.54809e-73	7.19151e-74	1.11079e-74	1.67885e-75	2.48673e-76	3.6148e-77	6.00404e-78	
N16	6.32159e-61	1.0823e-58	1.75919e-56	2.68404e-54	3.81767e-52	5.02094e-50	6.04568e-48	6.58397e-46	6.38668e-44	5.41098e-42	3.90113e-40	2.30926e-38	1.06571e-36	3.5398e-35	7.39815e-34	8.13111e-12	9.68092e-06	0.99999	2.83022e-08	1.14965e-16	3.01224e-33	6.5822e-34	1.21957e-34	1.98336e-35	2.9e-36	3.87987e-37	4.8132e-38	5.5943e-39	6.14236e-40	6.41372e-41	6.40426e-42	6.14349e-43	5.68382e-44	5.08848e-45	4.42081e-46	3.73644e-47	3.07892e-48	2.47826e-49	1.9518e-50	1.50629e-51	1.23215e-52	
B199	0	0	0	0	0	0	0	0	0	0	0	0	0	0	0	0	0	1	0	0	0	0	0	0	0	0	0	0	0	0	0	0	0	0	0	0	0	0	0	0	0	
BGAA3	0	0	0	0	0	0	0	0	0	0	0	0	0	0	0	0	0	1	0	0	0	0	0	0	0	0	0	0	0	0	0	0	0	0	0	0	0	0	0	0	0	
N17	6.29218e-61	1.07814e-58	1.75382e-56	2.67795e-54	3.81192e-52	5.01712e-50	6.04545e-48	6.58831e-46	6.39515e-44	5.42154e-42	3.911e-40	2.31628e-38	1.0694e-36	3.55304e-35	2.95295e-18	1.6193e-11	1.372e-05	0.999986	4.00326e-08	2.27871e-16	3.95828e-25	6.568e-34	1.21577e-34	1.97527e-35	2.88538e-36	3.85658e-37	4.77969e-38	5.54998e-39	6.08779e-40	6.35058e-41	6.33507e-42	6.07121e-43	5.61149e-44	5.01884e-45	4.35606e-46	3.67814e-47	3.02792e-48	2.43484e-49	1.91573e-50	1.47701e-51	1.20692e-52	
B11604	0	0	0	0	0	0	0	0	0	0	0	0	0	0	0	0	0	1	0	0	0	0	0	0	0	0	0	0	0	0	0	0	0	0	0	0	0	0	0	0	0	
BGA583	0	0	0	0	0	0	0	0	0	0	0	0	0	0	0	0	0	1	0	0	0	0	0	0	0	0	0	0	0	0	0	0	0	0	0	0	0	0	0	0	0	
N18	5.19491e-86	1.90857e-59	1.28036e-52	1.73012e-46	8.21528e-41	1.69664e-35	1.68816e-30	8.49916e-26	2.19925e-21	2.89339e-17	1.86431e-13	5.48206e-10	6.5221e-07	0.000254972	0.0225541	0.302276	0.569581	0.105244	8.95724e-05	1.47702e-08	8.43827e-13	2.16778e-17	2.90748e-22	2.2417e-27	1.06193e-32	3.24277e-38	6.61384e-44	9.2524e-50	9.05616e-56	6.2928e-62	3.13589e-68	1.12906e-74	4.13981e-81	9.45215e-86	6.12717e-90	3.32907e-94	1.49867e-98	5.54079e-103	1.66078e-107	3.96107e-112	8.52297e-117	
N19	2.08349e-55	1.57992e-53	1.14793e-51	7.84787e-50	5.01459e-48	2.97088e-46	1.61616e-44	7.97705e-43	3.51906e-41	1.3609e-39	4.4964e-38	1.22496e-36	2.6135e-35	4.03208e-34	2.25008e-14	5.06189e-09	0.000204305	0.999795	6.11173e-07	6.54401e-14	2.42778e-21	5.45835e-33	2.03719e-33	6.82709e-34	2.08997e-34	5.92242e-35	1.5698e-35	3.92487e-36	9.32004e-37	2.11394e-37	4.60172e-38	9.65289e-39	1.95797e-39	3.85179e-40	7.36811e-41	1.37363e-41	2.50079e-42	4.4539e-43	7.77228e-44	1.33082e-44	2.68051e-45	
BGA89	0	0	0	0	0	0	0	0	0	0	0	0	0	0	0	0	0	1	0	0	0	0	0	0	0	0	0	0	0	0	0	0	0	0	0	0	0	0	0	0	0	
BGA40	0	0	0	0	0	0	0	0	0	0	0	0	0	0	0	0	0	1	0	0	0	0	0	0	0	0	0	0	0	0	0	0	0	0	0	0	0	0	0	0	0	
N20	2.66246e-89	1.29706e-62	1.20968e-55	2.29402e-49	1.54503e-43	4.58066e-38	6.63426e-33	4.94091e-28	1.9279e-23	3.91486e-19	4.00864e-15	1.9459e-11	4.0275e-08	2.95949e-05	0.00551343	0.158869	0.604809	0.230493	0.000285801	5.74766e-08	3.63809e-12	9.77057e-17	1.319e-21	9.97192e-27	4.54584e-32	1.31732e-37	2.52267e-43	3.28615e-49	2.97537e-55	1.90235e-61	8.6854e-68	2.91599e-74	7.70141e-80	6.35638e-84	4.79527e-88	3.00952e-92	1.56246e-96	6.6528e-101	2.29379e-105	6.28645e-110	1.58278e-114	
N21	1.83651e-57	1.84051e-55	1.76366e-53	1.59194e-51	1.34474e-49	1.05481e-47	7.61137e-46	4.99441e-44	2.93732e-42	1.51978e-40	6.74956e-39	2.48712e-37	7.23946e-36	1.54244e-34	9.89193e-18	3.44644e-11	1.83979e-05	0.999982	5.35173e-08	4.74262e-16	1.37149e-24	3.15579e-33	9.73347e-34	2.66991e-34	6.64361e-35	1.5223e-35	3.24972e-36	6.52313e-37	1.24046e-37	2.24853e-38	3.90509e-39	6.52612e-40	1.05334e-40	1.6472e-41	2.50251e-42	3.70247e-43	5.34569e-44	7.54601e-45	1.04314e-45	1.41424e-46	2.1655e-47	
BGAA2	0	0	0	0	0	0	0	0	0	0	0	0	0	0	0	0	0	1	0	0	0	0	0	0	0	0	0	0	0	0	0	0	0	0	0	0	0	0	0	0	0	
BGAA1	0	0	0	0	0	0	0	0	0	0	0	0	0	0	0	0	0	1	0	0	0	0	0	0	0	0	0	0	0	0	0	0	0	0	0	0	0	0	0	0	0	
N22	8.5448e-128	1.01572e-98	1.9282e-89	6.68593e-81	7.54583e-73	3.49739e-65	7.50995e-58	7.99118e-51	4.36448e-44	1.23755e-37	1.80381e-31	1.3072e-25	4.4179e-20	6.22966e-15	3.01154e-10	3.45081e-06	0.00583413	0.994147	1.51072e-05	3.797e-11	3.07724e-17	1.07175e-23	1.8798e-30	1.83177e-37	1.05802e-44	3.78529e-52	8.64431e-60	1.28542e-67	1.25979e-75	8.18314e-84	3.52226e-92	9.98845e-101	1.84477e-109	2.17948e-118	1.60547e-127	7.1174e-137	1.80862e-146	2.4607e-156	1.62314e-166	4.44674e-177	4.39826e-188	
BGA584	0	0	0	0	0	0	0	0	0	0	0	0	0	0	0	0	0	1	0	0	0	0	0	0	0	0	0	0	0	0	0	0	0	0	0	0	0	0	0	0	0	
BGA706	0	0	0	0	0	0	0	0	0	0	0	0	0	0	0	0	0	1	0	0	0	0	0	0	0	0	0	0	0	0	0	0	0	0	0	0	0	0	0	0	0	
N23	2.92059e-80	3.43785e-54	7.61293e-48	3.45449e-42	5.61282e-37	4.0497e-32	1.4408e-27	2.66271e-23	2.6065e-19	1.3437e-15	3.53834e-12	4.47955e-09	2.45618e-06	0.00048823	0.0260102	0.271057	0.538418	0.163572	0.000451699	2.5183e-07	4.9794e-11	4.50214e-15	2.15316e-19	5.98323e-24	1.0308e-28	1.15376e-33	8.68527e-39	4.51267e-44	1.64994e-49	4.30564e-55	8.09895e-61	1.1138e-66	7.43146e-72	4.18967e-73	6.16885e-74	8.89987e-75	1.25676e-75	1.73974e-76	2.36418e-77	3.15778e-78	4.76552e-79	
N24	4.78091e-55	3.73041e-53	2.77605e-51	1.93466e-49	1.25348e-47	1.05624e-71	5.57433e-63	5.4201e-55	1.6179e-47	1.79345e-40	8.07116e-34	1.50738e-27	1.13596e-21	3.16492e-16	2.72681e-11	5.42601e-07	0.00205622	0.997938	5.64352e-06	5.53785e-12	1.79802e-18	2.47779e-25	1.6411e-32	5.59778e-40	1.01265e-47	9.71656e-56	4.79704e-64	1.12192e-72	1.0503e-81	2.46407e-91	1.85518e-38	3.54876e-39	6.55905e-40	1.17495e-40	2.04537e-41	3.46827e-42	5.74034e-43	9.29039e-44	1.47266e-44	2.28969e-45	4.11153e-46	
BGA304	0	0	0	0	0	0	0	0	0	0	0	0	0	0	0	0	0	1	0	0	0	0	0	0	0	0	0	0	0	0	0	0	0	0	0	0	0	0	0	0	0	
BGA303	0	0	0	0	0	0	0	0	0	0	0	0	0	0	0	0	0	1	0	0	0	0	0	0	0	0	0	0	0	0	0	0	0	0	0	0	0	0	0	0	0	
N25	5.21624e-55	3.97167e-53	2.88608e-51	1.96487e-49	1.24424e-47	7.26533e-46	3.87095e-44	1.85757e-42	7.89812e-41	2.9131e-39	9.06116e-38	2.28584e-36	4.4189e-35	6.00011e-34	4.97191e-33	1.88174e-11	1.20564e-05	0.999988	3.50032e-08	2.14625e-16	1.16073e-32	4.73939e-33	1.68881e-33	5.38057e-34	1.56077e-34	4.17986e-35	1.04485e-35	2.45938e-36	5.49021e-37	1.16926e-37	2.3875e-38	4.69356e-39	8.91546e-40	1.64136e-40	2.93661e-41	5.11781e-42	8.70584e-43	1.44815e-43	2.35936e-44	3.7704e-45	6.99297e-46	
BGAB1	0	0	0	0	0	0	0	0	0	0	0	0	0	0	0	0	0	1	0	0	0	0	0	0	0	0	0	0	0	0	0	0	0	0	0	0	0	0	0	0	0	
BGA7	0	0	0	0	0	0	0	0	0	0	0	0	0	0	0	0	0	1	0	0	0	0	0	0	0	0	0	0	0	0	0	0	0	0	0	0	0	0	0	0	0	
N26	9.22845e-41	1.12926e-39	1.36026e-38	1.4818e-37	1.43755e-36	1.21795e-35	8.78609e-35	5.2191e-34	2.44319e-33	8.54331e-33	2.13796e-32	3.97895e-32	5.86808e-32	7.22647e-32	1.09058e-12	3.51943e-08	0.00041614	0.999583	7.61721e-07	1.26983e-13	8.65613e-21	1.19917e-32	7.47074e-33	4.49802e-33	2.62649e-33	1.49183e-33	8.26354e-34	4.47378e-34	2.37183e-34	1.23346e-34	6.3015e-35	3.16677e-35	1.56729e-35	7.64721e-36	3.68201e-36	1.75091e-36	8.22959e-37	3.82586e-37	1.76033e-37	8.02597e-38	6.51692e-38	
PGA445	0	0	0	0	0	0	0	0	0	0	0	0	0	0	0	0	0	1	0	0	0	0	0	0	0	0	0	0	0	0	0	0	0	0	0	0	0	0	0	0	0	
PGA363	0	0	0	0	0	0	0	0	0	0	0	0	0	0	0	0	0	1	0	0	0	0	0	0	0	0	0	0	0	0	0	0	0	0	0	0	0	0	0	0	0	
N27	1.98066e-63	9.60368e-37	6.80084e-30	7.37621e-24	1.98606e-18	1.47468e-13	2.83461e-09	1.14415e-05	0.00668665	0.326373	0.637418	0.029481	3.00819e-05	1.86983e-09	2.89823e-14	1.74956e-19	5.12288e-25	8.2932e-31	8.0925e-37	5.05799e-43	2.11701e-49	6.13539e-56	1.26313e-62	1.88411e-69	2.06733e-76	1.68803e-83	1.03448e-90	4.78656e-98	1.67826e-105	4.46554e-113	9.01185e-121	1.37566e-128	1.58063e-136	1.35946e-144	1.52529e-152	4.32296e-159	6.59164e-166	3.75596e-173	1.00126e-180	1.37172e-188	1.27572e-196	
N28	2.502e-52	8.54571e-27	3.98134e-21	2.4965e-16	3.46731e-12	1.23645e-08	1.14814e-05	0.0025513	0.110865	0.638707	0.245436	0.00242789	1.65304e-06	2.93038e-10	2.00698e-14	6.53584e-19	1.15182e-23	1.19956e-28	7.86463e-34	3.40274e-39	1.00722e-44	2.09762e-50	3.1419e-56	3.44381e-62	2.80003e-68	1.70653e-74	7.85772e-81	2.74861e-87	7.32905e-94	1.49183e-100	2.31683e-107	2.73827e-114	2.45151e-121	1.65086e-128	8.28034e-136	3.05315e-143	8.13367e-151	1.53021e-158	1.97207e-166	1.67073e-174	1.46792e-182	
Rhaspe	0	0	0	0	0	0	0	0	0	1	0	0	0	0	0	0	0	0	0	0	0	0	0	0	0	0	0	0	0	0	0	0	0	0	0	0	0	0	0	0	0	
N29	4.58031e-49	3.1149e-24	3.57106e-19	6.68308e-15	3.39234e-11	5.40386e-08	2.71608e-05	0.00390754	0.129088	0.642143	0.222453	0.00237783	3.82975e-06	1.98474e-09	4.51216e-13	5.34196e-17	3.6711e-21	1.57733e-25	4.46977e-30	8.69274e-35	1.19592e-39	1.19155e-44	8.75625e-50	4.81406e-55	2.00201e-60	6.35015e-66	1.54546e-71	2.89722e-77	4.19206e-83	4.68244e-89	4.03092e-95	2.66498e-101	1.34563e-107	5.14857e-114	1.47704e-120	3.1336e-127	4.82869e-134	5.27915e-141	3.96981e-148	1.96975e-155	1.49672e-162	
Rhamar	0	0	0	0	0	0	0	0	0	1	0	0	0	0	0	0	0	0	0	0	0	0	0	0	0	0	0	0	0	0	0	0	0	0	0	0	0	0	0	0	0	
Rhatem	0	0	0	0	0	0	0	0	0	0	1	0	0	0	0	0	0	0	0	0	0	0	0	0	0	0	0	0	0	0	0	0	0	0	0	0	0	0	0	0	0	
N30	6.68265e-71	1.63475e-43	5.95974e-36	3.45652e-29	5.25122e-23	2.3698e-17	3.05411e-12	9.15318e-08	0.000386281	0.0982558	0.710342	0.189242	0.0017734	7.8676e-07	2.8765e-11	2.01273e-16	4.69222e-22	4.81119e-28	2.549e-34	7.73447e-41	1.44147e-47	1.7337e-54	1.39477e-61	7.70578e-69	2.98051e-76	8.18352e-84	1.61025e-91	1.33669e-95	1.06088e-95	2.36889e-96	1.80659e-97	5.05819e-99	5.21216e-101	1.86654e-103	2.04351e-106	5.46105e-110	2.71643e-114	3.63837e-119	2.91547e-124	1.81344e-129	9.72387e-135	
N31	1.7162e-67	6.22692e-41	3.59185e-34	3.54207e-28	1.00757e-22	9.77518e-18	3.35584e-13	3.87465e-09	1.29271e-05	0.00884025	0.436869	0.489206	0.0638257	0.00124453	2.08607e-06	5.46543e-10	3.26586e-14	6.30674e-19	5.27179e-24	2.25716e-29	5.50508e-35	8.22309e-41	7.92452e-47	5.12097e-53	2.28494e-59	7.19855e-66	1.62879e-72	2.68095e-79	3.23991e-86	2.89252e-93	1.91418e-100	9.39641e-108	3.41481e-115	9.14396e-123	1.79002e-130	2.53256e-138	2.5488e-146	1.78567e-154	8.4566e-163	2.59947e-171	5.85073e-180	
N32	8.19722e-61	3.76447e-35	2.9733e-29	4.28966e-24	1.92755e-19	3.23456e-15	2.14442e-11	5.49746e-08	4.92603e-05	0.0122887	0.504059	0.436047	0.0465978	0.000952654	5.19864e-06	9.59741e-09	6.20807e-12	1.22333e-15	1.0258e-19	4.42482e-24	1.10063e-28	1.70203e-33	1.72492e-38	1.19057e-43	5.76022e-49	1.99667e-54	5.04154e-60	9.38875e-66	1.30121e-71	1.35018e-77	1.05242e-83	6.16692e-90	2.71558e-96	1.14044e-102	1.38133e-107	6.31413e-112	2.48179e-116	8.17161e-121	2.22172e-125	4.88943e-130	9.68315e-135	
N33	2.6987e-42	5.49424e-41	1.07302e-39	1.9003e-38	3.00646e-37	4.16821e-36	4.93618e-35	4.81975e-34	3.68592e-33	2.03915e-32	7.15884e-32	1.31035e-31	1.61186e-31	1.59987e-15	4.8731e-10	4.99854e-05	0.99995	6.34512e-08	8.68979e-16	4.67049e-24	3.27273e-33	1.44734e-33	6.15006e-34	2.52281e-34	1.00296e-34	3.87706e-35	1.46134e-35	5.3835e-36	1.94239e-36	6.87608e-37	2.39198e-37	8.18812e-38	2.76152e-38	9.18589e-39	3.01662e-39	9.7887e-40	3.14103e-40	9.974e-41	3.13613e-41	9.77167e-42	4.34162e-42	
FGA379	0	0	0	0	0	0	0	0	0	0	0	0	0	0	0	0	1	0	0	0	0	0	0	0	0	0	0	0	0	0	0	0	0	0	0	0	0	0	0	0	0	
F647	0	0	0	0	0	0	0	0	0	0	0	0	0	0	0	0	1	0	0	0	0	0	0	0	0	0	0	0	0	0	0	0	0	0	0	0	0	0	0	0	0	
N34	1.07353e-59	4.47967e-34	3.16423e-28	3.99812e-23	1.53593e-18	2.14274e-14	1.14325e-10	2.27173e-07	0.000151294	0.0269087	0.767675	0.202298	0.00296037	6.46485e-06	3.76163e-09	8.24508e-13	8.37594e-17	4.50983e-21	1.41171e-25	2.74654e-30	3.49069e-35	3.0106e-40	1.81486e-45	7.82613e-51	2.45854e-56	5.70724e-62	9.89832e-68	1.29311e-73	1.27976e-79	9.62772e-86	5.51273e-92	2.40024e-98	7.92135e-105	1.9703e-111	3.66227e-118	5.02664e-125	5.01296e-132	3.55439e-139	1.74001e-146	6.05147e-154	4.85801e-159	
N35	3.82056e-66	9.33919e-40	3.73222e-33	2.60771e-27	5.38769e-22	3.90226e-17	1.03124e-12	9.4898e-09	2.63211e-05	0.0159905	0.911512	0.0720692	0.000401472	3.70958e-07	3.89354e-11	1.27969e-15	1.8355e-20	1.3669e-25	5.88496e-31	1.57526e-36	2.76134e-42	3.29411e-48	2.75321e-54	1.64855e-60	7.19389e-67	2.31795e-73	5.56872e-80	1.00448e-86	3.47825e-93	1.63888e-95	4.6066e-97	3.65585e-97	2.64337e-97	1.33458e-97	4.24117e-98	7.07297e-99	4.89558e-100	3.32375e-101	2.22572e-102	1.4712e-103	1.02678e-104	
N36	3.7222e-70	3.72153e-43	5.7307e-36	1.44722e-29	1.00293e-23	2.22676e-18	1.6121e-13	3.51278e-09	1.89392e-05	0.0169128	0.972874	0.0101904	4.10109e-06	2.14082e-10	2.3098e-15	9.06018e-21	1.66428e-26	1.65139e-32	9.69275e-39	3.58015e-45	8.69593e-52	1.43414e-58	1.64412e-65	1.33284e-72	7.73389e-80	3.23809e-87	3.73778e-86	2.22089e-85	1.18758e-83	5.4621e-82	9.86346e-81	7.45415e-80	2.35222e-79	2.87921e-79	1.14e-79	9.79725e-81	1.5378e-82	2.3353e-84	3.44539e-86	4.93837e-88	6.9699e-90	
N37	3.67787e-45	1.44681e-43	5.3587e-42	1.80422e-40	5.43976e-39	1.44009e-37	3.25908e-36	3.2568e-21	1.19038e-13	1.03965e-06	0.999999	1.16861e-07	1.90857e-15	9.72204e-24	1.37181e-32	5.5919e-33	2.03786e-33	6.7931e-34	2.10522e-34	6.13888e-35	1.69993e-35	4.50246e-36	1.1472e-36	2.8251e-37	6.75001e-38	1.56983e-38	3.56336e-39	7.91284e-40	1.72242e-40	3.68153e-41	7.7385e-42	1.60177e-42	3.26863e-43	6.5827e-44	1.30954e-44	2.57552e-45	5.01152e-46	9.65436e-47	1.84243e-47	3.48518e-48	8.02812e-49	
F3016	0	0	0	0	0	0	0	0	0	0	1	0	0	0	0	0	0	0	0	0	0	0	0	0	0	0	0	0	0	0	0	0	0	0	0	0	0	0	0	0	0	
F3015	0	0	0	0	0	0	0	0	0	0	1	0	0	0	0	0	0	0	0	0	0	0	0	0	0	0	0	0	0	0	0	0	0	0	0	0	0	0	0	0	0	
N38	3.00917e-71	3.69295e-44	7.08078e-37	2.26545e-30	2.02687e-24	5.92678e-19	5.76363e-14	1.71442e-09	1.26578e-05	0.0149191	0.980738	0.00432945	5.72303e-07	1.26237e-11	8.61618e-17	2.47194e-22	3.5614e-28	2.88645e-34	1.42138e-40	4.49058e-47	9.46917e-54	1.37217e-60	1.39628e-67	1.01363e-74	5.30909e-82	2.02136e-89	5.61799e-97	1.14125e-104	1.69191e-112	5.87188e-120	6.73649e-123	4.56185e-126	1.18005e-129	1.02629e-133	2.37861e-138	9.37222e-144	2.8076e-150	3.47118e-157	2.87459e-164	1.57489e-171	6.58996e-179	
N39	1.11876e-71	1.08646e-44	1.71145e-37	4.71475e-31	3.83827e-25	1.09228e-19	1.12528e-14	3.9619e-10	4.02163e-06	0.00795483	0.986503	0.0055347	3.05238e-06	1.19745e-10	1.33796e-15	6.25525e-21	1.48553e-26	2.01505e-32	1.68777e-38	9.22134e-45	3.42091e-51	8.87948e-58	1.64975e-64	2.23232e-71	2.22895e-78	1.65828e-85	9.25563e-93	3.89382e-100	1.32216e-107	5.64369e-114	2.83655e-119	1.27839e-124	4.87937e-130	1.56896e-135	4.22223e-141	9.42981e-147	1.72925e-152	2.5686e-158	3.03645e-164	2.79071e-170	1.98113e-176	
N40	1.61282e-79	1.42006e-51	1.91596e-43	4.30818e-36	2.70734e-29	5.56031e-23	3.79821e-17	7.92429e-12	4.0656e-07	0.00317722	0.996488	0.000334296	5.09912e-09	1.49254e-14	1.43815e-20	6.01299e-27	1.28498e-33	1.56046e-40	1.15797e-47	5.52956e-55	1.76442e-62	3.86832e-70	5.94824e-78	6.51187e-86	5.12901e-94	2.92621e-102	1.45395e-102	1.6771e-102	3.18848e-103	1.72161e-104	3.19942e-106	2.1897e-108	5.47135e-111	4.58202e-114	1.04603e-117	4.04053e-122	1.79847e-127	6.51086e-133	1.91026e-138	4.44492e-144	8.303e-150	
N41	9.75975e-77	3.66616e-49	2.15423e-41	2.14201e-34	6.09038e-28	5.84735e-22	1.95478e-16	2.13035e-11	6.29409e-07	0.00333379	0.995709	0.000956548	4.40163e-08	3.8136e-13	1.02827e-18	1.16822e-24	6.6832e-31	2.15302e-37	4.20619e-44	5.24398e-51	4.32467e-58	2.41987e-65	9.35083e-73	2.52465e-80	4.79509e-88	6.4267e-96	1.31947e-102	6.40929e-101	4.78491e-99	1.54839e-95	3.4038e-88	1.78303e-81	2.08734e-75	4.47138e-70	1.11019e-65	9.5623e-63	1.08171e-62	1.0835e-62	1.08351e-62	1.08351e-62	1.08351e-62	
N42	1.33835e-46	7.38597e-45	3.81718e-43	1.79561e-41	7.5736e-40	2.80827e-38	8.91023e-37	5.59828e-21	1.73477e-13	1.27685e-06	0.999999	1.50329e-07	3.05479e-15	1.92378e-23	4.51878e-33	1.3736e-33	3.73284e-34	9.28195e-35	2.14683e-35	4.67497e-36	9.67354e-37	1.91579e-37	3.65227e-38	6.73369e-39	1.20527e-39	2.10112e-40	3.577e-41	5.96062e-42	9.74143e-43	1.56407e-43	2.47078e-44	3.84527e-45	5.90244e-46	8.94523e-47	1.33968e-47	1.98432e-48	2.90897e-49	4.22347e-50	6.0766e-51	8.66864e-52	1.42675e-52	
F1476	0	0	0	0	0	0	0	0	0	0	1	0	0	0	0	0	0	0	0	0	0	0	0	0	0	0	0	0	0	0	0	0	0	0	0	0	0	0	0	0	0	
FGA81	0	0	0	0	0	0	0	0	0	0	1	0	0	0	0	0	0	0	0	0	0	0	0	0	0	0	0	0	0	0	0	0	0	0	0	0	0	0	0	0	0	
N43	8.25426e-76	2.09621e-48	8.42795e-41	5.83868e-34	1.18203e-27	8.3028e-22	2.10458e-16	1.82878e-11	4.65446e-07	0.00243284	0.986863	0.0106957	8.32061e-06	1.18095e-09	1.07309e-14	3.07243e-20	3.91284e-26	2.61821e-32	1.0157e-38	2.43504e-45	3.76803e-52	3.8789e-59	2.71247e-66	1.30654e-73	4.37124e-81	1.01949e-88	4.84644e-89	4.40809e-89	6.39873e-90	3.96551e-91	1.96072e-87	5.70573e-84	3.33616e-81	3.22381e-79	3.30546e-78	1.14722e-78	1.51049e-81	1.62913e-84	1.46929e-87	1.08566e-90	7.45885e-94	
Furcep	0	0	0	0	0	0	0	0	0	0	0	0	0	1	0	0	0	0	0	0	0	0	0	0	0	0	0	0	0	0	0	0	0	0	0	0	0	0	0	0	0	
N44	1.57407e-71	1.29062e-44	1.70762e-37	3.95086e-31	2.71312e-25	6.58113e-20	5.89345e-15	1.8688e-10	1.82957e-06	0.00408766	0.984437	0.0114704	2.64342e-06	1.16662e-10	1.6769e-15	1.03713e-20	3.26648e-26	5.84572e-32	6.40731e-38	4.53645e-44	2.15677e-50	7.08567e-57	1.64314e-63	2.73179e-70	3.29224e-77	2.89706e-84	1.86879e-91	8.84488e-99	3.06525e-106	7.73902e-114	7.31929e-121	3.61098e-123	9.6534e-126	1.02471e-128	3.50267e-132	2.14786e-136	9.54692e-143	2.51738e-149	4.58836e-156	5.62599e-163	5.19393e-170	
Furpol	0	0	0	0	0	0	0	0	0	0	0	1	0	0	0	0	0	0	0	0	0	0	0	0	0	0	0	0	0	0	0	0	0	0	0	0	0	0	0	0	0	
N45	2.74543e-68	1.06355e-41	6.7296e-35	7.52101e-29	2.51282e-23	2.97809e-18	1.30417e-13	2.0151e-09	9.50305e-06	0.00990562	0.988731	0.00135406	1.84813e-07	6.83991e-12	1.0177e-16	7.49579e-22	3.10382e-27	7.86552e-33	1.2953e-38	1.44868e-44	1.13767e-50	6.43613e-57	2.67586e-63	8.30387e-70	1.94674e-76	3.47961e-83	4.77384e-90	5.05016e-97	4.13022e-104	2.6133e-111	1.27782e-118	4.81395e-126	1.39021e-133	3.05494e-141	5.05707e-149	6.22271e-157	5.59317e-165	3.58904e-173	1.59478e-181	4.70764e-190	1.02322e-198	
N46	1.03643e-69	5.6292e-43	4.98626e-36	7.81158e-30	3.66265e-24	6.09603e-19	3.74827e-14	8.11484e-10	5.32903e-06	0.00761047	0.991813	0.000571426	4.28154e-08	9.69112e-13	9.34263e-18	4.61978e-23	1.31531e-28	2.33129e-34	2.71962e-40	2.176e-46	1.23209e-52	5.05769e-59	1.53381e-65	3.50186e-72	1.95219e-78	1.07108e-82	7.34356e-87	4.37846e-91	2.27354e-95	1.02932e-99	4.06369e-104	1.39771e-108	4.17996e-113	1.08339e-117	2.42245e-122	4.64353e-127	7.56691e-132	1.03662e-136	1.1761e-141	1.08266e-146	8.57287e-152	
N47	2.14145e-50	3.12307e-48	4.18199e-46	5.04237e-44	2.95409e-42	1.31681e-33	1.07931e-25	2.10436e-18	9.70975e-12	1.00587e-05	0.999989	8.98498e-07	1.05311e-13	3.77174e-21	4.44235e-29	1.80359e-37	2.10126e-46	9.04924e-38	7.63832e-39	6.06379e-40	4.5693e-41	3.2917e-42	2.27988e-43	1.52513e-44	9.89055e-46	6.23711e-47	3.8345e-48	2.30317e-49	1.35403e-50	7.80342e-52	4.41437e-53	2.45398e-54	1.34188e-55	7.22377e-57	3.83118e-58	2.00304e-59	1.03293e-60	5.25622e-62	2.6404e-63	1.3098e-64	6.74432e-66	
F2241	0	0	0	0	0	0	0	0	0	0	1	0	0	0	0	0	0	0	0	0	0	0	0	0	0	0	0	0	0	0	0	0	0	0	0	0	0	0	0	0	0	
F12266	0	0	0	0	0	0	0	0	0	0	1	0	0	0	0	0	0	0	0	0	0	0	0	0	0	0	0	0	0	0	0	0	0	0	0	0	0	0	0	0	0	
Furang	0	0	0	0	0	0	0	0	0	0	1	0	0	0	0	0	0	0	0	0	0	0	0	0	0	0	0	0	0	0	0	0	0	0	0	0	0	0	0	0	0	
Fga490	0	0	0	0	0	0	0	0	0	0	1	0	0	0	0	0	0	0	0	0	0	0	0	0	0	0	0	0	0	0	0	0	0	0	0	0	0	0	0	0	0	
N48	9.23823e-75	1.85313e-47	5.92257e-40	3.28011e-33	5.31161e-27	2.9707e-21	5.9377e-16	4.00883e-11	7.77905e-07	0.00305293	0.993889	0.00305707	1.09218e-07	8.82226e-13	2.67569e-18	3.87252e-24	3.07716e-30	1.47088e-36	4.50678e-43	9.26941e-50	1.32468e-56	1.35035e-63	1.00191e-70	5.49554e-78	2.25502e-85	6.98383e-93	1.64277e-100	2.94688e-108	4.03946e-116	4.23144e-124	3.38111e-132	2.05295e-140	9.41615e-149	3.23551e-157	8.23738e-166	1.53167e-174	2.04173e-183	1.90459e-192	1.20439e-201	4.94608e-211	1.34618e-220	
N49	4.73225e-74	6.76438e-47	1.5694e-39	6.41353e-33	7.82437e-27	3.38663e-21	5.42871e-16	3.08801e-11	5.43065e-07	0.00218144	0.94644	0.0513748	2.93449e-06	3.78084e-11	1.83484e-16	4.26113e-22	5.44368e-28	4.188e-34	2.06599e-40	6.8389e-47	1.57134e-53	2.57107e-60	3.05506e-67	2.67601e-74	1.7475e-81	8.57828e-89	3.18362e-96	8.96355e-104	1.91729e-111	3.11385e-119	3.83027e-127	3.55247e-135	2.46782e-143	1.27246e-151	4.81259e-160	1.31492e-168	2.54705e-177	3.45429e-186	3.65243e-195	5.41609e-204	1.48851e-212	
N50	9.91351e-80	5.24503e-52	4.38221e-44	6.33411e-37	2.68673e-30	3.97741e-24	2.14688e-18	4.05417e-13	2.34235e-08	0.000309574	0.464046	0.535547	9.75376e-05	1.86722e-09	6.59997e-15	8.15124e-21	4.63053e-27	1.40793e-33	2.51906e-40	2.82679e-47	2.08069e-54	1.03751e-61	3.58781e-69	8.75091e-77	1.52326e-84	1.90671e-92	1.69009e-99	1.7155e-99	3.31443e-100	1.89815e-101	3.94463e-103	3.23588e-105	1.06847e-107	1.37329e-110	6.23007e-114	8.10305e-118	1.94089e-122	8.01686e-128	2.67343e-133	7.05311e-139	1.50342e-144	
N51	2.9585e-76	5.2631e-49	1.52327e-41	7.85117e-35	1.22978e-28	7.0209e-23	1.54496e-17	1.28127e-12	3.61627e-08	0.0002769	0.339121	0.660479	0.000123748	3.22482e-09	2.56881e-14	8.7072e-20	1.50394e-25	1.48012e-31	8.94373e-38	3.4967e-44	9.18701e-51	1.66784e-57	2.13549e-64	1.95727e-71	1.2975e-78	6.31172e-86	9.26683e-93	8.13251e-98	7.66735e-103	5.8913e-108	1.30901e-112	3.76889e-112	7.07546e-112	5.61132e-112	1.51043e-112	8.07598e-114	3.1524e-117	7.48366e-121	1.47801e-124	2.38842e-128	3.16586e-132	
N52	1.92077e-74	1.73344e-47	2.62001e-40	7.25735e-34	6.29271e-28	2.05295e-22	2.67617e-17	1.37312e-12	2.5365e-08	0.000137583	0.1352	0.864326	0.000336416	1.84683e-08	3.13319e-13	2.2847e-18	8.57962e-24	1.85781e-29	2.50425e-35	2.21934e-41	1.34642e-47	5.76543e-54	1.78397e-60	4.06218e-67	6.97489e-74	6.22452e-80	3.39739e-84	1.8639e-88	8.84889e-93	3.64023e-97	1.29822e-101	4.01119e-106	1.0718e-110	2.46912e-115	4.88198e-120	8.23323e-125	1.17444e-129	1.4013e-134	1.37772e-139	1.09344e-144	7.38032e-150	
FGA456	0	0	0	0	0	0	0	0	0	0	0	1	0	0	0	0	0	0	0	0	0	0	0	0	0	0	0	0	0	0	0	0	0	0	0	0	0	0	0	0	0	
N53	1.47062e-51	2.38682e-49	3.578e-47	4.86772e-45	5.91955e-43	6.30751e-41	5.73006e-39	4.26585e-37	1.30223e-17	5.77742e-11	4.91193e-05	0.99995	5.53123e-07	4.12731e-14	9.68884e-22	9.53251e-35	1.08712e-35	1.10351e-36	1.02078e-37	8.75014e-39	7.03698e-40	5.35955e-41	3.89427e-42	2.71525e-43	1.82527e-44	1.18755e-45	7.50189e-47	4.61364e-48	2.76851e-49	1.62407e-50	9.32884e-52	5.25434e-53	2.90533e-54	1.57873e-55	8.4381e-57	4.43954e-58	2.3008e-59	1.17522e-60	5.91931e-62	2.9412e-63	1.51553e-64	
FGA516	0	0	0	0	0	0	0	0	0	0	0	1	0	0	0	0	0	0	0	0	0	0	0	0	0	0	0	0	0	0	0	0	0	0	0	0	0	0	0	0	0	
FGA513	0	0	0	0	0	0	0	0	0	0	0	1	0	0	0	0	0	0	0	0	0	0	0	0	0	0	0	0	0	0	0	0	0	0	0	0	0	0	0	0	0	
N54	1.88174e-49	1.92464e-47	1.82899e-45	1.58163e-43	1.22604e-41	8.35266e-40	4.86751e-38	2.33295e-36	2.61984e-20	9.26962e-13	6.20967e-06	0.999994	6.49098e-08	6.13114e-16	1.8252e-24	4.98185e-34	9.02081e-35	1.45894e-35	2.15541e-36	2.95623e-37	3.80969e-38	4.65581e-39	5.43513e-40	6.09625e-41	6.60108e-42	6.92737e-43	7.0688e-44	7.03314e-45	6.83917e-46	6.51311e-47	6.08509e-48	5.58601e-49	5.04514e-50	4.48841e-51	3.93743e-52	3.40906e-53	2.91553e-54	2.46478e-55	2.06114e-56	1.70593e-57	1.52165e-58	
F12278	0	0	0	0	0	0	0	0	0	0	0	1	0	0	0	0	0	0	0	0	0	0	0	0	0	0	0	0	0	0	0	0	0	0	0	0	0	0	0	0	0	
F12279	0	0	0	0	0	0	0	0	0	0	0	1	0	0	0	0	0	0	0	0	0	0	0	0	0	0	0	0	0	0	0	0	0	0	0	0	0	0	0	0	0	
N55	3.33914e-74	2.32482e-47	2.76702e-40	6.15766e-34	4.39341e-28	1.21469e-22	1.39318e-17	6.61024e-13	1.21075e-08	7.23722e-05	0.0938474	0.867096	0.0387378	0.00024623	1.82116e-08	3.92689e-13	3.65987e-18	1.77752e-23	5.03017e-29	8.93341e-35	1.0494e-40	8.47561e-47	4.84628e-53	2.00632e-59	6.11867e-66	1.393e-72	2.40136e-79	1.03545e-85	4.463e-90	2.38588e-94	1.10866e-98	4.47256e-103	1.56385e-107	4.72549e-112	1.22862e-116	2.7319e-121	5.15258e-126	8.15307e-131	1.06638e-135	1.12966e-140	1.03583e-145	
Furant	0	0	0	0	0	0	0	0	0	0	0	1	0	0	0	0	0	0	0	0	0	0	0	0	0	0	0	0	0	0	0	0	0	0	0	0	0	0	0	0	0	
N56	1.15894e-49	1.58002e-47	1.99185e-45	2.27863e-43	2.32943e-41	2.0856e-39	1.59091e-37	9.93491e-36	4.77033e-34	1.57346e-32	1.59525e-15	1.30807e-09	0.000102111	0.999898	3.51675e-08	2.36207e-16	5.74988e-25	2.29513e-35	2.4823e-36	2.49012e-37	2.34545e-38	2.09386e-39	1.78476e-40	1.46111e-41	1.15436e-42	8.83627e-44	6.57516e-45	4.7694e-46	3.38046e-47	2.346e-48	1.59694e-49	1.06789e-50	7.02463e-52	4.55092e-53	2.90674e-54	1.8321e-55	1.14049e-56	7.01696e-58	4.26989e-59	2.5713e-60	1.62934e-61	
FGA331	0	0	0	0	0	0	0	0	0	0	0	0	0	1	0	0	0	0	0	0	0	0	0	0	0	0	0	0	0	0	0	0	0	0	0	0	0	0	0	0	0	
FGA332	0	0	0	0	0	0	0	0	0	0	0	0	0	1	0	0	0	0	0	0	0	0	0	0	0	0	0	0	0	0	0	0	0	0	0	0	0	0	0	0	0	
FGA465	0	0	0	0	0	0	0	0	0	0	1	0	0	0	0	0	0	0	0	0	0	0	0	0	0	0	0	0	0	0	0	0	0	0	0	0	0	0	0	0	0	
N57	8.02919e-70	4.47657e-43	4.05741e-36	6.47557e-30	3.08102e-24	5.18686e-19	3.21935e-14	7.03784e-10	4.69232e-06	0.00692767	0.989844	0.0032229	4.23147e-07	1.31485e-11	1.55427e-16	8.81902e-22	2.7566e-27	5.1952e-33	6.28776e-39	5.11682e-45	2.89776e-51	1.17243e-57	3.4584e-64	7.55471e-71	1.23913e-77	2.52634e-84	3.72774e-89	1.1891e-93	3.27341e-98	7.75263e-103	1.57906e-107	2.76188e-112	4.2611e-117	5.49069e-120	2.34676e-121	9.97361e-123	4.17676e-124	1.72447e-125	7.02258e-127	2.82181e-128	1.16473e-129	
N58	1.4006e-48	1.26163e-46	1.05394e-44	7.98405e-43	5.40024e-41	3.19533e-39	1.60837e-37	2.27252e-19	2.0826e-12	4.50457e-06	0.999995	5.21065e-07	3.56996e-14	7.5953e-22	7.94788e-34	1.53118e-34	2.6296e-35	4.12214e-36	5.99793e-37	8.20131e-38	1.06378e-38	1.31854e-39	1.57092e-40	1.80757e-41	2.0166e-42	2.18847e-43	2.31662e-44	2.39762e-45	2.431e-46	2.41893e-47	2.36566e-48	2.27691e-49	2.15927e-50	2.01967e-51	1.86493e-52	1.7014e-53	1.53472e-54	1.36964e-55	1.21004e-56	1.05886e-57	1.00442e-58	
FGA99	0	0	0	0	0	0	0	0	0	0	1	0	0	0	0	0	0	0	0	0	0	0	0	0	0	0	0	0	0	0	0	0	0	0	0	0	0	0	0	0	0	
F12269	0	0	0	0	0	0	0	0	0	0	1	0	0	0	0	0	0	0	0	0	0	0	0	0	0	0	0	0	0	0	0	0	0	0	0	0	0	0	0	0	0	
N59	3.67148e-70	2.00132e-43	1.78984e-36	2.85103e-30	1.37229e-24	2.37591e-19	1.54845e-14	3.65432e-10	2.7378e-06	0.00485714	0.974277	0.0208601	3.17046e-06	1.10305e-10	1.45799e-15	9.28362e-21	3.27033e-26	6.97404e-32	9.58515e-38	8.88597e-44	5.74914e-50	2.66433e-56	9.02342e-63	2.26868e-69	4.64063e-76	2.82696e-81	1.04534e-83	2.84662e-85	7.6213e-87	1.98155e-88	5.00647e-90	1.2297e-91	2.937e-93	6.82138e-95	1.54045e-96	3.38154e-98	7.21245e-100	1.49384e-101	3.00237e-103	5.85035e-105	1.12463e-106	
N60	8.6886e-50	1.04095e-47	1.1527e-45	1.15645e-43	1.0348e-41	8.09036e-40	5.37302e-38	2.59184e-22	2.29568e-14	4.73929e-07	0.999999	8.90591e-08	8.56954e-16	2.30684e-24	8.2382e-34	1.35748e-34	1.94806e-35	2.50889e-36	2.961e-37	3.25137e-38	3.35989e-39	3.29648e-40	3.09227e-41	2.78898e-42	2.4297e-43	2.05236e-44	1.6863e-45	1.35135e-46	1.05867e-47	8.12397e-49	6.11707e-50	4.52622e-51	3.29546e-52	2.36368e-53	1.67185e-54	1.16718e-55	8.04946e-57	5.48776e-58	3.70091e-59	2.47037e-60	1.74734e-61	
FGA15	0	0	0	0	0	0	0	0	0	0	1	0	0	0	0	0	0	0	0	0	0	0	0	0	0	0	0	0	0	0	0	0	0	0	0	0	0	0	0	0	0	
FGA440	0	0	0	0	0	0	0	0	0	0	1	0	0	0	0	0	0	0	0	0	0	0	0	0	0	0	0	0	0	0	0	0	0	0	0	0	0	0	0	0	0	
N61	3.58095e-49	4.14804e-47	4.42675e-45	4.26198e-43	3.64068e-41	2.69932e-39	1.68549e-37	8.4838e-36	1.36078e-19	4.22344e-12	2.3006e-05	0.999977	3.61323e-08	2.23735e-16	4.74073e-25	6.18711e-35	7.73664e-36	8.84508e-37	9.40059e-38	9.40207e-39	8.93186e-40	8.11813e-41	7.10017e-42	6.00357e-43	4.92656e-44	3.93605e-45	3.06991e-46	2.34278e-47	1.75278e-48	1.2878e-49	9.30518e-51	6.62091e-52	4.64423e-53	3.21473e-54	2.19781e-55	1.48523e-56	9.92782e-58	6.56819e-59	4.3034e-60	2.79366e-61	1.92018e-62	
FGA581	0	0	0	0	0	0	0	0	0	0	0	1	0	0	0	0	0	0	0	0	0	0	0	0	0	0	0	0	0	0	0	0	0	0	0	0	0	0	0	0	0	
FGA582	0	0	0	0	0	0	0	0	0	0	0	1	0	0	0	0	0	0	0	0	0	0	0	0	0	0	0	0	0	0	0	0	0	0	0	0	0	0	0	0	0	
N62	1.77165e-45	7.83808e-44	3.25138e-42	1.22376e-40	4.11536e-39	1.21185e-37	3.04017e-36	6.24616e-35	9.88517e-34	4.43067e-17	1.49033e-10	3.50904e-05	0.999965	1.06257e-07	2.16599e-15	1.60861e-23	1.11826e-33	3.22215e-34	8.63864e-35	2.18105e-35	5.23349e-36	1.20208e-36	2.65813e-37	5.68511e-38	1.18054e-38	2.38773e-39	4.71654e-40	9.11994e-41	1.72959e-41	3.22269e-42	5.90828e-43	1.06718e-43	1.90127e-44	3.34446e-45	5.81397e-46	9.99629e-47	1.70113e-47	2.86719e-48	4.78907e-49	7.93165e-50	1.55641e-50	
FGA104	0	0	0	0	0	0	0	0	0	0	0	0	1	0	0	0	0	0	0	0	0	0	0	0	0	0	0	0	0	0	0	0	0	0	0	0	0	0	0	0	0	
FGA105	0	0	0	0	0	0	0	0	0	0	0	0	1	0	0	0	0	0	0	0	0	0	0	0	0	0	0	0	0	0	0	0	0	0	0	0	0	0	0	0	0	
FGA489	0	0	0	0	0	0	0	0	0	0	1	0	0	0	0	0	0	0	0	0	0	0	0	0	0	0	0	0	0	0	0	0	0	0	0	0	0	0	0	0	0	
N63	2.50823e-44	8.85688e-43	2.94032e-41	8.83166e-40	2.36213e-38	5.50964e-37	1.08946e-35	9.44077e-30	5.90604e-23	6.72419e-17	1.43172e-11	2.96481e-07	0.00137436	0.998623	2.79402e-06	1.58387e-12	3.368e-19	2.64016e-26	7.66937e-34	6.77974e-42	3.82846e-35	1.04998e-35	2.77183e-36	7.076e-37	1.75349e-37	4.2315e-38	9.97082e-39	2.29938e-39	5.19981e-40	1.15506e-40	2.52412e-41	5.43341e-42	1.15344e-42	2.41723e-43	5.00545e-44	1.025e-44	2.07722e-45	4.16876e-46	8.29005e-47	1.63451e-47	3.96399e-48	
FGA174	0	0	0	0	0	0	0	0	0	0	0	0	0	1	0	0	0	0	0	0	0	0	0	0	0	0	0	0	0	0	0	0	0	0	0	0	0	0	0	0	0	
FGA175	0	0	0	0	0	0	0	0	0	0	0	0	0	1	0	0	0	0	0	0	0	0	0	0	0	0	0	0	0	0	0	0	0	0	0	0	0	0	0	0	0	
FurbGB	0	0	0	0	0	0	0	0	0	0	0	1	0	0	0	0	0	0	0	0	0	0	0	0	0	0	0	0	0	0	0	0	0	0	0	0	0	0	0	0	0	
N64	3.5636e-68	9.5886e-42	4.32653e-35	3.52144e-29	8.80532e-24	8.09343e-19	2.88109e-14	3.85207e-10	1.70598e-06	0.00182882	0.167155	0.502491	0.291673	0.0363598	0.000489284	1.27038e-06	7.42737e-10	9.27965e-14	3.69082e-18	6.18318e-23	5.18128e-28	2.42738e-33	6.86143e-39	1.23566e-44	1.47559e-50	1.20393e-56	6.86409e-63	2.78117e-69	8.10733e-76	1.71485e-82	2.64558e-89	2.98319e-96	2.4566e-103	1.47161e-110	6.36689e-118	1.96779e-125	4.27758e-133	6.40189e-141	6.40632e-149	4.11673e-157	2.44279e-165	
N65	4.13191e-66	3.60607e-40	5.5333e-34	1.61256e-28	1.53482e-23	5.78619e-19	9.28641e-15	6.35181e-11	1.72919e-07	0.000155745	0.0269338	0.24821	0.49136	0.223579	0.00966439	9.74531e-05	2.63169e-07	1.33888e-10	2.29843e-14	1.76434e-18	7.08577e-23	1.64433e-27	2.36007e-32	2.20018e-37	1.38166e-42	6.00795e-48	1.84745e-53	4.082e-59	6.55801e-65	7.72514e-71	6.70759e-77	4.30323e-83	2.03894e-89	7.11121e-96	1.81371e-102	3.34839e-109	4.40918e-116	4.05736e-123	2.53641e-130	1.03552e-137	4.1054e-145	
N66	5.64375e-74	1.13334e-47	4.04194e-41	2.77651e-35	6.34853e-30	5.90151e-25	2.42342e-20	4.48332e-16	3.61902e-12	1.15818e-08	1.1856e-05	0.00222193	0.0950131	0.845906	0.0561933	0.000651283	2.10518e-06	1.95471e-09	2.91559e-13	1.58262e-17	4.09011e-22	5.78902e-27	4.89494e-32	2.62321e-37	9.29471e-43	2.24646e-48	3.79085e-54	4.5446e-60	3.92001e-66	2.45439e-72	1.12158e-78	3.74957e-85	9.19596e-92	3.21872e-98	6.72488e-103	2.37316e-107	3.6172e-111	2.27605e-113	2.32012e-116	8.26717e-120	2.2011e-123	
N67	5.95656e-48	2.43541e-46	9.4814e-45	3.4066e-43	1.11786e-41	3.30739e-40	8.68168e-39	1.98034e-37	3.81954e-36	6.00111e-35	7.28601e-34	1.31919e-26	1.65911e-20	3.27967e-15	1.11803e-10	9.24425e-07	0.00226203	0.997735	1.91836e-06	7.5962e-13	1.13535e-19	6.24167e-27	1.26296e-34	7.72272e-43	5.72539e-35	1.69094e-35	4.80521e-36	1.3194e-36	3.51273e-37	9.09533e-38	2.29622e-38	5.66491e-39	1.36836e-39	3.24167e-40	7.54313e-41	1.72633e-41	3.89048e-42	8.6426e-43	1.89437e-43	4.10066e-44	1.11157e-44	
CGA312	0	0	0	0	0	0	0	0	0	0	0	0	0	0	0	0	0	1	0	0	0	0	0	0	0	0	0	0	0	0	0	0	0	0	0	0	0	0	0	0	0	
CGA963	0	0	0	0	0	0	0	0	0	0	0	0	0	0	0	0	0	1	0	0	0	0	0	0	0	0	0	0	0	0	0	0	0	0	0	0	0	0	0	0	0	
N68	2.64386e-87	9.94265e-60	6.11915e-52	6.81393e-45	2.36587e-38	3.11483e-32	1.67904e-26	3.7467e-21	3.3136e-16	1.04053e-11	9.2703e-08	0.000144088	0.035577	0.918154	0.0459338	0.000191146	5.90927e-08	2.77888e-12	3.15158e-17	1.24822e-22	2.16911e-28	1.91044e-34	9.38571e-41	2.74836e-47	5.02794e-54	5.94388e-61	4.65102e-68	2.47331e-75	9.7407e-80	2.70505e-82	5.34745e-85	2.1299e-86	1.13685e-86	2.45425e-87	1.98738e-88	5.45099e-90	4.14348e-92	5.82655e-95	6.29423e-99	8.30965e-104	9.42632e-109	
N69	2.22462e-77	3.61774e-62	4.82757e-58	2.33421e-54	1.13894e-46	2.11207e-39	1.49971e-32	4.12465e-26	4.1903e-20	1.39752e-14	1.21743e-09	1.79283e-05	0.0236778	0.949416	0.0268842	4.1783e-06	1.83338e-11	1.456e-17	3.70856e-24	3.9876e-31	2.10633e-38	5.98585e-46	1.06423e-53	4.79631e-57	8.34741e-60	4.32023e-63	4.77417e-67	6.63089e-72	1.37147e-70	1.29446e-68	4.89061e-67	8.13702e-66	6.1951e-65	1.51269e-62	1.14701e-57	1.65033e-53	2.61399e-50	4.06998e-48	6.01049e-47	1.86875e-46	2.60312e-46	
N70	1.76365e-78	7.92891e-55	7.17966e-52	2.18573e-50	3.82034e-45	2.40372e-38	6.28715e-32	7.07086e-26	3.37168e-20	6.38167e-15	4.15628e-10	6.99266e-06	0.0154295	0.920426	0.0640469	9.01391e-05	5.33947e-09	3.38695e-14	5.75943e-20	3.76851e-26	1.14335e-32	1.78925e-39	1.53662e-46	7.48043e-54	8.31383e-61	1.33023e-64	1.81652e-69	2.65129e-75	2.18906e-79	3.19786e-78	1.85807e-77	4.71162e-77	5.48412e-77	2.97508e-77	7.41799e-78	8.12656e-79	3.58722e-80	5.47219e-82	2.19888e-84	1.77259e-87	9.98104e-91	
N71	2.45499e-93	5.3222e-66	2.03642e-58	1.52739e-51	3.91757e-45	4.24914e-39	2.15446e-33	5.34255e-28	6.53899e-23	3.86522e-18	1.04292e-13	1.15531e-09	4.31771e-06	0.003573	0.140812	0.808194	0.0473945	2.18346e-05	7.76559e-10	8.10545e-15	3.60438e-20	8.20326e-26	1.0652e-31	8.47076e-38	4.33141e-44	1.47427e-50	3.42402e-57	5.52264e-64	6.2606e-71	5.03361e-78	7.98579e-81	3.41426e-81	7.11159e-82	7.47495e-83	4.0181e-84	1.09859e-85	1.49002e-87	9.5412e-90	2.64675e-92	2.73197e-95	9.43092e-99	
CGA642	0	0	0	0	0	0	0	0	0	0	0	0	0	0	0	0	1	0	0	0	0	0	0	0	0	0	0	0	0	0	0	0	0	0	0	0	0	0	0	0	0	
N72	8.22983e-95	4.63655e-70	3.42585e-62	4.98797e-55	2.49487e-48	5.29723e-42	5.27348e-36	2.5728e-30	6.20171e-25	7.22017e-20	3.835e-15	8.36313e-11	6.17753e-07	0.00103142	0.0865426	0.857139	0.0551146	0.000171415	5.75911e-09	4.88276e-14	1.6272e-19	2.62859e-25	2.32752e-31	1.22358e-37	4.03457e-44	8.67669e-51	1.25177e-57	1.23616e-64	8.55359e-72	2.68621e-78	5.42679e-83	2.45165e-86	2.76362e-88	5.04538e-90	1.63185e-87	8.12905e-85	2.3138e-82	3.2193e-80	1.55056e-78	7.59534e-78	1.59589e-77	
N73	9.56887e-60	1.7273e-57	2.96129e-55	4.76711e-53	7.15334e-51	9.91716e-49	1.25643e-46	1.43478e-44	1.45081e-42	1.26865e-40	9.28337e-39	5.4172e-37	2.33601e-35	1.76678e-13	1.43385e-06	0.999998	6.70277e-08	3.92481e-16	2.64319e-32	7.91272e-33	1.87855e-33	3.74167e-34	6.48728e-35	1.0046e-35	1.41591e-36	1.8424e-37	2.23799e-38	2.56036e-39	2.77859e-40	2.87736e-41	2.85723e-42	2.73202e-43	2.52434e-44	2.26077e-45	1.96767e-46	1.66814e-47	1.38029e-48	1.1167e-49	8.84739e-51	6.87405e-52	5.66852e-53	
CGA763	0	0	0	0	0	0	0	0	0	0	0	0	0	0	0	1	0	0	0	0	0	0	0	0	0	0	0	0	0	0	0	0	0	0	0	0	0	0	0	0	0	
CGA764	0	0	0	0	0	0	0	0	0	0	0	0	0	0	0	1	0	0	0	0	0	0	0	0	0	0	0	0	0	0	0	0	0	0	0	0	0	0	0	0	0	
N74	3.30709e-58	5.82828e-56	9.74236e-54	1.52661e-51	2.22547e-49	2.99042e-47	3.66169e-45	4.02693e-43	3.90315e-41	3.25052e-39	2.24362e-37	1.21553e-35	4.72023e-34	1.09979e-32	9.61037e-32	1.6046e-10	3.523e-05	0.999965	9.80026e-09	1.79944e-17	4.6476e-34	7.16954e-35	9.96728e-36	1.2711e-36	1.50689e-37	1.67782e-38	1.76893e-39	1.77762e-40	1.71188e-41	1.58696e-42	1.42155e-43	1.23441e-44	1.04196e-45	8.57005e-47	6.88259e-48	5.40691e-49	4.1617e-50	3.14293e-51	2.33179e-52	1.70147e-53	1.31528e-54	
C601	0	0	0	0	0	0	0	0	0	0	0	0	0	0	0	0	0	1	0	0	0	0	0	0	0	0	0	0	0	0	0	0	0	0	0	0	0	0	0	0	0	
C602	0	0	0	0	0	0	0	0	0	0	0	0	0	0	0	0	0	1	0	0	0	0	0	0	0	0	0	0	0	0	0	0	0	0	0	0	0	0	0	0	0	
N75	1.64783e-90	4.22464e-63	2.62886e-55	3.25564e-48	1.32155e-41	2.159e-35	1.55388e-29	5.08345e-24	7.47424e-19	4.68209e-14	1.12044e-09	8.34807e-06	0.0126554	0.896096	0.0909881	0.000252489	9.11329e-08	2.41671e-12	1.77332e-17	5.22933e-23	7.50182e-29	5.88152e-35	2.72256e-41	7.85286e-48	1.46689e-54	1.8247e-61	1.54198e-68	8.97492e-76	3.62922e-83	1.02392e-90	2.01584e-98	2.75875e-106	2.6245e-114	1.22102e-118	3.06195e-121	2.95835e-124	8.79831e-128	4.65234e-132	1.27732e-137	1.47279e-144	1.11889e-151	
CGA236	0	0	0	0	0	0	0	0	0	0	0	0	0	0	0	0	1	0	0	0	0	0	0	0	0	0	0	0	0	0	0	0	0	0	0	0	0	0	0	0	0	
N76	2.47214e-83	1.84933e-56	2.44887e-49	6.32022e-43	5.51623e-37	2.00047e-31	3.30562e-26	2.57673e-21	9.42437e-17	1.54889e-12	1.04435e-08	2.4403e-05	0.0141656	0.871014	0.114481	0.000315761	1.27709e-07	1.30234e-11	4.5388e-16	6.77402e-21	5.05152e-26	2.0932e-31	5.19696e-37	8.16812e-43	8.46704e-49	5.97066e-55	2.93221e-61	1.0208e-67	2.55243e-74	4.69398e-81	3.43943e-87	9.71041e-92	2.77756e-96	6.6286e-101	1.31594e-105	2.16353e-110	2.92543e-115	3.22074e-120	2.84661e-125	1.97995e-130	1.15497e-135	
N77	6.6315e-81	2.31541e-54	1.46515e-47	1.85442e-41	8.16932e-36	1.54499e-30	1.38274e-25	6.10691e-21	1.3375e-16	1.41258e-12	6.72934e-09	1.27456e-05	0.0075173	0.770606	0.212575	0.00918425	0.000105274	3.18418e-07	3.66055e-11	1.42927e-15	2.63102e-20	2.66277e-25	1.62386e-30	6.34302e-36	1.65711e-41	2.98862e-47	3.80993e-53	3.49418e-59	2.33553e-65	1.14814e-71	4.17521e-78	1.12624e-84	2.253e-91	3.33183e-98	3.61907e-105	2.85817e-112	1.61727e-119	6.42397e-127	1.74132e-134	3.09641e-142	4.50818e-150	
Calboe	0	0	0	0	0	0	0	0	0	0	0	0	0	1	0	0	0	0	0	0	0	0	0	0	0	0	0	0	0	0	0	0	0	0	0	0	0	0	0	0	0	
C3125	0	0	0	0	0	0	0	0	0	0	0	0	0	0	0	0	0	1	0	0	0	0	0	0	0	0	0	0	0	0	0	0	0	0	0	0	0	0	0	0	0	
N78	3.21877e-52	2.23008e-50	1.47462e-48	9.11899e-47	5.23117e-45	2.7564e-43	1.31775e-41	5.627e-40	2.10259e-38	6.68514e-37	1.73728e-35	3.46666e-34	3.32158e-31	2.88018e-15	1	1.81679e-17	5.559e-35	1.0285e-32	4.00224e-33	1.3706e-33	4.2348e-34	1.20179e-34	3.17472e-35	7.88752e-36	1.85811e-36	4.17783e-37	9.01393e-38	1.87458e-38	3.77182e-39	7.36621e-40	1.40015e-40	2.59638e-41	4.70677e-42	8.35652e-43	1.45535e-43	2.48979e-44	4.18945e-45	6.94131e-46	1.13359e-46	1.82642e-47	3.44574e-48	
CGA429	0	0	0	0	0	0	0	0	0	0	0	0	0	0	1	0	0	0	0	0	0	0	0	0	0	0	0	0	0	0	0	0	0	0	0	0	0	0	0	0	0	
CGA430	0	0	0	0	0	0	0	0	0	0	0	0	0	0	1	0	0	0	0	0	0	0	0	0	0	0	0	0	0	0	0	0	0	0	0	0	0	0	0	0	0	
N79	3.3936e-88	1.19377e-60	6.92712e-53	7.30848e-46	2.42554e-39	3.09487e-33	1.65096e-27	3.76407e-22	3.58008e-17	1.3224e-12	1.65767e-08	5.54417e-05	0.0311689	0.954315	0.014459	1.24113e-06	1.82215e-11	8.65434e-17	1.77454e-22	1.849e-28	1.0848e-34	3.83869e-41	8.59417e-48	1.25924e-54	1.23676e-61	8.27764e-69	3.81583e-76	1.42088e-82	3.85239e-83	4.62738e-84	1.18534e-83	5.24055e-83	1.13471e-82	1.69403e-82	3.28911e-77	4.86071e-72	1.08471e-67	2.24283e-64	2.48777e-62	6.50468e-62	6.59191e-62	
N80	1.89388e-51	1.16478e-49	6.85157e-48	3.77093e-46	1.9263e-44	9.04393e-43	3.85525e-41	1.46918e-39	4.90454e-38	1.39511e-36	3.2499e-35	2.9127e-32	5.0271e-16	1	3.63459e-17	1.78476e-34	3.92024e-32	1.96163e-32	8.34867e-33	3.13279e-33	1.0622e-33	3.31202e-34	9.62319e-35	2.63208e-35	6.83159e-36	1.69355e-36	4.03118e-37	9.25418e-38	2.05649e-38	4.43775e-39	9.32445e-40	1.91214e-40	3.83477e-41	7.53447e-42	1.45259e-42	2.75182e-43	5.12881e-44	9.41498e-45	1.70396e-45	3.04327e-46	6.49701e-47	
C985	0	0	0	0	0	0	0	0	0	0	0	0	0	1	0	0	0	0	0	0	0	0	0	0	0	0	0	0	0	0	0	0	0	0	0	0	0	0	0	0	0	
C984	0	0	0	0	0	0	0	0	0	0	0	0	0	1	0	0	0	0	0	0	0	0	0	0	0	0	0	0	0	0	0	0	0	0	0	0	0	0	0	0	0	
N81	4.83725e-83	4.46549e-56	7.12081e-49	2.15794e-42	2.15482e-36	8.69747e-31	1.55189e-25	1.2618e-20	4.61851e-16	7.21073e-12	4.30908e-08	8.07931e-05	0.0320464	0.947269	0.0205964	7.1335e-06	4.30908e-10	8.43548e-15	7.14988e-20	3.09499e-25	7.59773e-31	1.13551e-36	1.08631e-42	6.89822e-49	2.98586e-55	8.98136e-62	1.90324e-68	2.8672e-75	3.08632e-82	2.37745e-89	1.40004e-96	3.43307e-102	1.3924e-106	2.6079e-106	5.86966e-106	5.41341e-106	1.75872e-106	1.52218e-107	1.80075e-108	1.93487e-108	1.93762e-108	
N82	1.68517e-106	5.3136e-78	2.74597e-69	2.60751e-61	7.99858e-54	9.86321e-47	5.43153e-40	1.4024e-33	1.7164e-27	9.73645e-22	2.40817e-16	2.30848e-11	6.87207e-07	0.0039726	0.996006	2.11301e-05	7.61473e-11	9.16031e-17	4.89709e-23	1.36012e-29	2.16069e-36	2.09144e-43	1.28781e-50	5.19616e-58	1.40161e-65	2.55967e-73	3.18588e-81	2.70618e-89	1.56312e-97	6.08649e-106	1.57508e-114	2.65328e-123	2.82613e-132	1.82823e-141	6.7863e-151	1.32977e-160	1.20558e-170	3.98382e-181	2.69256e-192	9.63193e-48	1.79103e-48	
CGA310	0	0	0	0	0	0	0	0	0	0	0	0	0	0	1	0	0	0	0	0	0	0	0	0	0	0	0	0	0	0	0	0	0	0	0	0	0	0	0	0	0	
CGA314	0	0	0	0	0	0	0	0	0	0	0	0	0	0	1	0	0	0	0	0	0	0	0	0	0	0	0	0	0	0	0	0	0	0	0	0	0	0	0	0	0	
N83	8.006e-78	2.03514e-51	9.26761e-45	8.30794e-39	2.5444e-33	3.27237e-28	1.93956e-23	5.49177e-19	7.40368e-15	4.56698e-11	1.18435e-07	0.000110538	0.0275841	0.917664	0.0545966	4.45313e-05	8.05473e-09	5.3536e-13	1.66392e-17	2.78687e-22	2.76008e-27	1.72467e-32	7.12824e-38	2.01892e-43	4.02552e-49	5.76873e-55	6.03644e-61	4.70792e-67	1.24823e-72	2.96197e-75	2.41464e-76	2.04797e-77	1.69647e-78	1.37492e-79	1.09204e-80	8.5125e-82	6.52079e-83	4.91434e-84	3.64753e-85	2.66871e-86	2.07396e-87	
N84	1.23608e-53	1.29439e-51	1.5423e-78	6.79092e-69	3.59824e-60	4.59913e-52	1.88645e-44	2.88346e-37	1.75913e-30	4.35635e-24	4.23543e-18	1.45894e-12	1.43275e-07	0.00239656	0.997598	5.24444e-06	4.63706e-12	1.3642e-18	1.73265e-25	1.07993e-32	3.54417e-40	6.31005e-48	6.09724e-56	3.1031e-64	7.66337e-73	7.76685e-82	2.0251e-91	2.21648e-41	2.66365e-42	3.10958e-43	3.53577e-44	3.9247e-45	4.26116e-46	4.53308e-47	4.73219e-48	4.85416e-49	4.89851e-50	4.86824e-51	4.76922e-52	4.60958e-53	4.85605e-54	
CGA382	0	0	0	0	0	0	0	0	0	0	0	0	0	0	1	0	0	0	0	0	0	0	0	0	0	0	0	0	0	0	0	0	0	0	0	0	0	0	0	0	0	
CGA365	0	0	0	0	0	0	0	0	0	0	0	0	0	0	1	0	0	0	0	0	0	0	0	0	0	0	0	0	0	0	0	0	0	0	0	0	0	0	0	0	0	
N85	4.36305e-54	4.53393e-52	4.4599e-50	4.08615e-48	3.45709e-46	2.67274e-44	1.8637e-42	1.15275e-40	6.18767e-39	2.79753e-37	1.07613e-20	2.58145e-13	1.53917e-06	0.999998	1.64753e-07	2.82181e-15	1.31244e-23	8.303e-33	2.31298e-33	5.53661e-34	1.17571e-34	2.26482e-35	4.02284e-36	6.67072e-37	1.04264e-37	1.5479e-38	2.19631e-39	2.99365e-40	3.93653e-41	5.01172e-42	6.19647e-43	7.4597e-44	8.76398e-45	1.00679e-45	1.13288e-46	1.25053e-47	1.35598e-48	1.44605e-49	1.51825e-50	1.57092e-51	1.78242e-52	
CGA494	0	0	0	0	0	0	0	0	0	0	0	0	0	1	0	0	0	0	0	0	0	0	0	0	0	0	0	0	0	0	0	0	0	0	0	0	0	0	0	0	0	
CGA495	0	0	0	0	0	0	0	0	0	0	0	0	0	1	0	0	0	0	0	0	0	0	0	0	0	0	0	0	0	0	0	0	0	0	0	0	0	0	0	0	0	
N86	3.63121e-88	3.45024e-61	6.92186e-54	2.74646e-47	3.74918e-41	2.17076e-35	5.87269e-30	7.73466e-25	4.9786e-20	1.52109e-15	2.06067e-11	1.08993e-07	0.000176498	0.0499877	0.599449	0.337353	0.0129517	8.12596e-05	7.87455e-08	3.74203e-12	5.39188e-17	3.39303e-22	1.11172e-27	2.10585e-33	2.47089e-39	1.88458e-45	9.67436e-52	3.42883e-58	8.54819e-65	1.51904e-71	1.94129e-78	1.79328e-85	1.22633e-92	6.69974e-99	1.15037e-103	1.80181e-108	2.33617e-113	2.48144e-118	2.12867e-123	1.44554e-128	8.34627e-134	
N87	1.74927e-91	3.3336e-64	1.12856e-56	7.53717e-50	1.72727e-43	1.67433e-37	7.56235e-32	1.65829e-26	1.77275e-21	8.98046e-17	2.0181e-12	1.78097e-08	4.91661e-05	0.0258021	0.593236	0.367159	0.0136824	7.17721e-05	1.06956e-08	3.19524e-13	3.2197e-18	1.42883e-23	3.26652e-29	4.25637e-35	3.38806e-41	1.73107e-47	5.88639e-54	1.3683e-60	2.21756e-67	2.54151e-74	2.07974e-81	1.22205e-88	5.16662e-96	1.56929e-103	3.40655e-111	5.23612e-119	5.61914e-127	4.12635e-135	2.01597e-143	6.29878e-152	1.45789e-160	
C12265	0	0	0	0	0	0	0	0	0	0	0	0	0	0	0	0	0	1	0	0	0	0	0	0	0	0	0	0	0	0	0	0	0	0	0	0	0	0	0	0	0	
N88	5.3507e-100	4.08749e-72	5.42509e-64	1.39688e-56	1.21643e-49	4.42584e-43	7.42733e-37	6.00379e-31	2.35337e-25	4.36288e-20	3.60095e-15	1.18511e-10	1.27871e-06	0.00309049	0.642246	0.354608	5.40689e-05	1.18701e-09	6.904e-15	1.53812e-20	1.61785e-26	9.13931e-33	3.01912e-39	6.18636e-46	8.2004e-53	7.24908e-60	4.36819e-67	1.82218e-74	5.31581e-82	3.48565e-89	2.11388e-89	8.29031e-90	1.53933e-90	1.39669e-91	6.24252e-93	1.35599e-94	1.37883e-96	6.11934e-99	1.04807e-101	5.51024e-105	6.09874e-109	
C404	0	0	0	0	0	0	0	0	0	0	0	0	0	0	1	0	0	0	0	0	0	0	0	0	0	0	0	0	0	0	0	0	0	0	0	0	0	0	0	0	0	
N89	1.06512e-102	2.28175e-76	6.01223e-68	3.0946e-60	5.42395e-53	3.99903e-46	1.36919e-39	2.27339e-33	1.843e-27	7.11601e-22	1.23236e-16	8.58215e-12	1.97962e-07	0.00103439	0.450076	0.548859	3.00508e-05	2.36084e-10	5.56909e-16	5.43975e-22	2.6317e-28	7.05686e-35	1.13138e-41	1.14385e-48	7.57896e-56	3.38471e-63	1.03985e-70	2.23087e-78	4.69323e-86	1.14634e-91	8.01755e-97	4.56739e-102	2.10552e-107	9.60896e-111	7.05031e-111	2.73628e-111	5.07768e-112	3.84143e-113	8.70471e-115	2.72434e-117	4.33149e-121	
N90	2.54136e-61	6.47618e-59	1.56643e-56	3.56255e-54	7.56705e-52	1.48882e-49	2.68612e-47	4.38821e-45	6.38682e-43	8.10598e-41	8.71044e-39	7.59215e-37	1.3427e-17	7.86594e-11	8.96766e-05	0.99991	1.61849e-07	3.81001e-15	2.82067e-23	1.25782e-34	1.5729e-35	1.73669e-36	1.73284e-37	1.58906e-38	1.35642e-39	1.08843e-40	8.27458e-42	5.99744e-43	4.16574e-44	2.78466e-45	1.79786e-46	1.12446e-47	6.83044e-49	4.03849e-50	2.32848e-51	1.31134e-52	7.22366e-54	3.89703e-55	2.06115e-56	1.06977e-57	5.74019e-59	
Cl11778	0	0	0	0	0	0	0	0	0	0	0	0	0	0	0	1	0	0	0	0	0	0	0	0	0	0	0	0	0	0	0	0	0	0	0	0	0	0	0	0	0	
Cl11779	0	0	0	0	0	0	0	0	0	0	0	0	0	0	0	1	0	0	0	0	0	0	0	0	0	0	0	0	0	0	0	0	0	0	0	0	0	0	0	0	0	
N91	2.22953e-111	6.1719e-83	3.02855e-74	2.95938e-66	1.00638e-58	1.47639e-51	1.03634e-44	3.65837e-38	6.59799e-32	6.00796e-26	2.65256e-20	5.25487e-15	4.07655e-10	9.6425e-06	0.0400722	0.959884	3.39501e-05	1.73324e-10	2.7089e-16	1.78692e-22	5.94013e-29	1.11197e-35	1.26336e-42	9.18509e-50	4.4412e-57	1.46943e-64	3.39788e-72	5.57696e-80	6.56869e-88	5.59198e-96	3.45404e-104	1.54916e-112	5.034e-121	1.17892e-129	1.97273e-138	2.32952e-147	1.90842e-156	1.06004e-165	3.87071e-175	8.90641e-185	1.29742e-194	
CGA594	0	0	0	0	0	0	0	0	0	0	0	0	0	0	0	1	0	0	0	0	0	0	0	0	0	0	0	0	0	0	0	0	0	0	0	0	0	0	0	0	0	
CGA48	0	0	0	0	0	0	0	0	0	0	0	0	0	0	0	1	0	0	0	0	0	0	0	0	0	0	0	0	0	0	0	0	0	0	0	0	0	0	0	0	0	
N92	4.34593e-53	3.87043e-51	3.27969e-49	2.59896e-47	1.91057e-45	1.29023e-43	7.90738e-42	4.33069e-40	2.07724e-38	8.49095e-37	2.84485e-35	7.36085e-34	1.32871e-32	1.35656e-31	3.99892e-31	3.3852e-14	4.23603e-09	0.000154253	0.999846	4.76399e-08	4.60629e-16	1.67181e-24	2.79309e-34	6.098e-35	1.24945e-35	2.42255e-36	4.47462e-37	7.91706e-38	1.34801e-38	2.21729e-39	3.535e-40	5.47805e-41	8.27178e-42	1.21966e-42	1.75941e-43	2.48714e-44	3.45049e-45	4.70415e-46	6.30975e-47	8.33562e-48	1.24524e-48	
C3134	0	0	0	0	0	0	0	0	0	0	0	0	0	0	0	0	0	0	1	0	0	0	0	0	0	0	0	0	0	0	0	0	0	0	0	0	0	0	0	0	0	
C3126	0	0	0	0	0	0	0	0	0	0	0	0	0	0	0	0	0	0	1	0	0	0	0	0	0	0	0	0	0	0	0	0	0	0	0	0	0	0	0	0	0	
N93	6.98778e-81	2.5775e-54	1.67962e-47	2.09905e-41	8.72649e-36	1.48075e-30	1.12088e-25	3.8916e-21	6.07623e-17	3.95889e-13	9.08574e-10	4.97244e-07	8.02957e-05	0.00436802	0.0803344	0.436114	0.467067	0.0120286	7.15205e-06	6.43067e-10	1.92483e-14	2.59885e-19	1.8568e-24	7.73558e-30	2.00335e-35	3.37114e-41	3.80347e-47	2.94216e-53	1.58494e-59	6.00742e-66	1.54667e-70	1.64479e-70	8.64295e-71	2.30601e-71	3.17659e-72	2.25799e-73	8.1395e-75	1.43457e-76	1.16222e-78	3.91984e-81	7.04989e-84	
CGA311	0	0	0	0	0	0	0	0	0	0	0	0	0	0	0	0	0	1	0	0	0	0	0	0	0	0	0	0	0	0	0	0	0	0	0	0	0	0	0	0	0	
N94	2.96803e-88	4.72995e-61	1.28344e-53	6.53403e-47	1.07664e-40	7.00069e-35	1.94985e-29	2.37432e-24	1.23052e-19	2.50451e-15	1.69259e-11	2.67931e-08	1.10227e-05	0.00130715	0.0445314	0.380963	0.55595	0.0172112	2.58707e-05	1.79222e-09	3.03311e-14	1.93794e-19	5.80491e-25	9.27659e-31	8.6075e-37	4.9167e-43	1.80261e-49	4.37184e-56	7.16797e-63	8.06686e-70	6.29355e-77	3.42218e-84	1.41626e-91	3.74563e-96	4.94948e-100	2.30173e-104	2.61874e-109	9.23937e-115	1.20245e-120	6.30201e-127	1.76512e-133	
N95	2.23919e-95	5.05587e-68	2.03167e-60	1.6036e-53	4.32146e-47	4.89687e-41	2.56687e-35	6.47335e-30	7.86625e-25	4.46197e-20	1.10266e-15	1.05654e-11	3.31412e-08	2.84991e-05	0.00562537	0.19836	0.76412	0.0318627	3.84558e-06	9.7516e-11	8.64016e-16	3.42274e-21	7.01869e-27	8.20227e-33	5.84113e-39	2.66056e-45	8.03337e-52	1.65142e-58	2.35749e-65	2.37095e-72	1.72329e-79	6.94866e-86	1.12797e-90	1.72724e-95	2.18236e-100	2.26663e-105	1.92332e-110	1.32097e-115	7.24503e-121	3.11236e-126	1.08641e-131	
N96	3.09493e-58	3.31462e-56	3.39508e-54	3.27898e-52	2.96742e-50	2.49766e-48	1.93779e-46	1.37071e-44	8.72024e-43	4.90384e-41	2.38313e-39	9.70747e-38	3.17497e-36	2.32033e-19	2.30099e-12	5.01988e-06	0.999995	1.08232e-07	1.4979e-15	5.93438e-24	1.34464e-32	4.6933e-33	1.40911e-33	3.74745e-34	9.01606e-35	1.99361e-35	4.10096e-36	7.92352e-37	1.44907e-37	2.52433e-38	4.21077e-39	6.75533e-40	1.04622e-40	1.56921e-41	2.28569e-42	3.24096e-43	4.48294e-44	6.06019e-45	8.01961e-46	1.04039e-46	1.51379e-47	
CGA45	0	0	0	0	0	0	0	0	0	0	0	0	0	0	0	0	1	0	0	0	0	0	0	0	0	0	0	0	0	0	0	0	0	0	0	0	0	0	0	0	0	
CGA46	0	0	0	0	0	0	0	0	0	0	0	0	0	0	0	0	1	0	0	0	0	0	0	0	0	0	0	0	0	0	0	0	0	0	0	0	0	0	0	0	0	
N97	3.18256e-99	9.56809e-72	5.16423e-64	5.57754e-57	2.10155e-50	3.41527e-44	2.64692e-38	1.02454e-32	2.0029e-27	1.94281e-22	8.90835e-18	1.76779e-13	1.31047e-09	2.88188e-06	0.00139267	0.103953	0.724464	0.17016	2.77016e-05	7.58196e-10	6.74762e-15	2.60592e-20	5.13715e-26	5.73117e-32	3.88241e-38	1.67918e-44	4.81048e-51	9.37974e-58	1.27007e-64	1.21171e-71	8.22631e-79	3.99765e-86	1.39369e-93	3.48103e-101	6.19769e-109	7.79392e-117	6.8268e-125	4.08246e-133	1.62065e-141	4.10555e-150	7.53595e-159	
N98	2.93465e-105	1.11814e-77	7.80791e-70	1.11922e-62	5.76445e-56	1.32557e-49	1.51499e-43	9.09412e-38	2.93612e-32	5.09974e-27	4.66337e-22	2.14313e-17	4.56697e-13	3.94074e-09	1.08209e-05	0.00584478	0.281856	0.712146	0.000142278	4.6004e-09	4.75059e-14	2.10612e-19	4.73425e-25	5.99765e-31	4.60305e-37	2.25344e-43	7.30832e-50	1.61501e-56	2.48306e-63	2.69688e-70	2.09113e-77	1.16512e-84	4.67798e-92	1.35239e-99	2.80255e-107	4.12747e-115	4.2626e-123	3.02754e-131	1.43886e-139	4.40136e-148	9.48255e-157	
N99	8.68682e-131	1.49099e-101	4.07592e-92	2.04236e-83	3.34547e-75	2.26247e-67	7.13519e-60	1.12416e-52	9.18356e-46	3.94581e-39	8.86402e-33	1.01305e-26	5.57854e-21	1.34633e-15	1.20672e-10	2.92047e-06	0.00862421	0.991356	1.72441e-05	4.07403e-11	2.86336e-17	8.30329e-24	1.18455e-30	9.25222e-38	4.24192e-45	1.19641e-52	2.14304e-60	2.48993e-68	1.90083e-76	9.59308e-85	3.20113e-93	7.02392e-102	1.00196e-110	9.12788e-120	5.17656e-129	1.76408e-138	3.44087e-148	3.58838e-158	1.81199e-168	3.79601e-179	2.6457e-190	
C3043	0	0	0	0	0	0	0	0	0	0	0	0	0	0	0	0	0	1	0	0	0	0	0	0	0	0	0	0	0	0	0	0	0	0	0	0	0	0	0	0	0	
CGA87	0	0	0	0	0	0	0	0	0	0	0	0	0	0	0	0	0	1	0	0	0	0	0	0	0	0	0	0	0	0	0	0	0	0	0	0	0	0	0	0	0	
N100	1.28772e-128	1.66668e-99	3.43479e-90	1.29709e-81	1.60069e-73	8.15217e-66	1.93526e-58	2.29389e-51	1.40893e-44	4.54779e-38	7.66725e-32	6.5675e-26	2.70536e-20	4.87026e-15	3.24056e-10	5.76676e-06	0.0121857	0.987786	2.26542e-05	7.05059e-11	6.52652e-17	2.49266e-23	4.68399e-30	4.8197e-37	2.91155e-44	1.08221e-51	2.55523e-59	3.91428e-67	3.94079e-75	2.62357e-83	1.1552e-91	3.34576e-100	6.30199e-109	7.58358e-118	5.68341e-127	2.5607e-136	6.60718e-146	9.12079e-156	6.10111e-166	1.69477e-176	1.56589e-187	
CGA368	0	0	0	0	0	0	0	0	0	0	0	0	0	0	0	0	0	1	0	0	0	0	0	0	0	0	0	0	0	0	0	0	0	0	0	0	0	0	0	0	0	
CGA557	0	0	0	0	0	0	0	0	0	0	0	0	0	0	0	0	0	1	0	0	0	0	0	0	0	0	0	0	0	0	0	0	0	0	0	0	0	0	0	0	0	
CGA364	0	0	0	0	0	0	0	0	0	0	0	0	0	0	0	0	0	1	0	0	0	0	0	0	0	0	0	0	0	0	0	0	0	0	0	0	0	0	0	0	0	
C2208	0	0	0	0	0	0	0	0	0	0	0	0	0	0	0	0	0	0	1	0	0	0	0	0	0	0	0	0	0	0	0	0	0	0	0	0	0	0	0	0	0	
N101	1.07378e-74	1.03666e-48	1.83878e-42	6.44429e-37	7.74008e-32	3.91076e-27	9.09503e-23	1.00297e-18	5.15958e-15	1.15592e-11	9.66179e-09	2.17866e-06	0.000177726	0.00589104	0.0794541	0.39045	0.500788	0.0232178	1.96813e-05	4.10648e-09	3.43217e-13	1.43077e-17	3.3701e-22	4.85842e-27	4.52872e-32	2.83909e-37	1.23215e-42	3.78208e-48	8.34105e-54	1.33659e-59	1.56774e-65	1.35139e-71	8.56762e-78	3.98539e-84	1.35235e-90	3.31529e-97	5.78865e-104	7.05542e-111	5.83723e-118	3.15219e-125	1.70282e-132	
N102	2.09728e-90	1.07403e-65	2.921e-58	1.55077e-51	2.78958e-45	2.08921e-39	7.14109e-34	1.15176e-28	8.68932e-24	2.91578e-19	3.92521e-15	1.80383e-11	2.78939e-08	1.44968e-05	0.00238678	0.105737	0.839127	0.052722	1.2926e-05	5.65759e-10	8.08028e-15	4.98289e-20	1.55953e-25	2.7486e-31	2.92968e-37	1.98734e-43	8.9062e-50	2.71086e-56	5.71999e-63	8.49151e-70	9.22008e-77	1.39128e-82	5.50542e-87	1.89671e-91	5.4053e-96	1.26917e-100	2.4394e-105	3.84811e-110	3.31353e-113	2.21809e-114	1.57792e-115	
N103	3.95403e-59	6.13072e-57	8.9776e-55	1.22582e-52	1.54825e-50	9.56243e-76	1.27937e-66	3.12649e-58	2.32292e-50	6.33751e-43	6.92897e-36	3.099e-29	5.51491e-23	3.59979e-17	7.36421e-12	3.61479e-07	0.00262767	0.99737	2.19004e-06	8.02818e-13	9.65262e-20	4.92835e-27	1.21352e-34	1.54526e-42	1.04781e-50	3.7824e-59	7.04763e-68	6.23763e-77	2.21436e-86	1.97168e-96	1.97046e-42	1.8958e-43	1.76527e-44	1.5954e-45	1.40298e-46	1.20307e-47	1.00791e-48	8.26364e-50	6.64024e-51	5.23645e-52	4.39153e-53	
CGA453	0	0	0	0	0	0	0	0	0	0	0	0	0	0	0	0	0	1	0	0	0	0	0	0	0	0	0	0	0	0	0	0	0	0	0	0	0	0	0	0	0	
CGA383	0	0	0	0	0	0	0	0	0	0	0	0	0	0	0	0	0	1	0	0	0	0	0	0	0	0	0	0	0	0	0	0	0	0	0	0	0	0	0	0	0	
N104	3.40435e-93	4.64719e-75	3.60904e-67	5.60438e-60	3.03409e-53	7.07971e-47	7.87216e-41	4.36767e-35	1.22281e-29	1.69832e-24	1.11819e-19	3.22925e-15	3.64766e-11	1.38728e-07	0.000146862	0.0328293	0.912614	0.0544042	5.60911e-06	1.04662e-10	6.52551e-16	1.79407e-21	2.5466e-27	2.06379e-33	1.0228e-39	3.25532e-46	6.89595e-53	9.98283e-60	1.0097e-66	2.36268e-73	4.29356e-77	1.40428e-78	5.3769e-80	1.97629e-81	6.98563e-83	2.37851e-84	7.81098e-86	2.4765e-87	7.58602e-89	2.24619e-90	6.61352e-92	
N105	1.2616e-63	3.34467e-61	8.41202e-59	1.98895e-56	4.39241e-54	8.99008e-52	1.68935e-49	2.88103e-47	4.39494e-45	5.88674e-43	6.75599e-41	6.42519e-39	4.82718e-37	2.66321e-35	1.41271e-17	8.93544e-11	6.8189e-05	0.999932	2.79547e-08	1.28461e-16	1.94829e-25	5.11331e-35	5.74124e-36	5.78173e-37	5.3192e-38	4.53255e-39	3.61531e-40	2.72198e-41	1.94751e-42	1.33142e-43	8.73708e-45	5.5244e-46	3.37651e-47	2.00034e-48	1.15136e-49	6.45165e-51	3.52566e-52	1.88184e-53	9.82374e-55	5.02143e-56	2.64571e-57	
CGA501	0	0	0	0	0	0	0	0	0	0	0	0	0	0	0	0	0	1	0	0	0	0	0	0	0	0	0	0	0	0	0	0	0	0	0	0	0	0	0	0	0	
C11776	0	0	0	0	0	0	0	0	0	0	0	0	0	0	0	0	0	1	0	0	0	0	0	0	0	0	0	0	0	0	0	0	0	0	0	0	0	0	0	0	0	
N106	1.32875e-64	3.58701e-62	9.19942e-60	2.2219e-57	5.02278e-55	1.05493e-52	2.04041e-50	3.59515e-48	5.69335e-46	7.96595e-44	9.63041e-42	9.76265e-40	7.9571e-38	2.4721e-20	5.16442e-13	2.40237e-06	0.999997	2.08813e-07	2.04544e-15	4.74658e-24	2.88512e-33	4.43483e-34	5.74857e-35	6.51918e-36	6.63292e-37	6.16563e-38	5.30788e-39	4.27662e-40	3.25181e-41	2.3491e-42	1.6211e-43	1.07354e-44	6.84828e-46	4.22174e-47	2.52196e-48	1.46333e-49	8.26386e-51	4.55011e-52	2.44637e-53	1.28607e-54	6.96945e-56	
C3121	0	0	0	0	0	0	0	0	0	0	0	0	0	0	0	0	1	0	0	0	0	0	0	0	0	0	0	0	0	0	0	0	0	0	0	0	0	0	0	0	0	
C3123	0	0	0	0	0	0	0	0	0	0	0	0	0	0	0	0	1	0	0	0	0	0	0	0	0	0	0	0	0	0	0	0	0	0	0	0	0	0	0	0	0	
N107	2.29547e-107	1.58857e-79	1.94841e-71	4.70694e-64	3.9059e-57	1.37618e-50	2.27427e-44	1.84238e-38	7.37211e-33	1.42371e-27	1.2577e-22	4.69442e-18	6.91554e-14	3.79733e-10	7.18094e-07	0.000407485	0.0538263	0.945701	6.4004e-05	7.79439e-10	3.22142e-15	5.93929e-21	5.6958e-27	3.13263e-33	1.05607e-39	2.28791e-46	3.29673e-53	3.24028e-60	2.21265e-67	1.06339e-74	3.62744e-82	8.82279e-90	1.53148e-97	1.89226e-105	1.65375e-113	1.01171e-121	4.2669e-130	1.21445e-138	2.26511e-147	2.65753e-156	2.18176e-165	
Calparcri	0	0	0	0	0	0	0	0	0	0	0	0	0	0	0	0	0	1	0	0	0	0	0	0	0	0	0	0	0	0	0	0	0	0	0	0	0	0	0	0	0	
C3118	0	0	0	0	0	0	0	0	0	0	0	0	0	0	0	0	0	1	0	0	0	0	0	0	0	0	0	0	0	0	0	0	0	0	0	0	0	0	0	0	0	
N108	1.26025e-73	4.70571e-46	2.66703e-38	2.44607e-31	6.03441e-25	4.61408e-19	1.08166e-13	6.70333e-09	7.38462e-05	0.0479888	0.63598	0.306204	0.00972131	3.21951e-05	1.31957e-08	8.68329e-13	1.24144e-17	4.99315e-23	7.56207e-29	5.23303e-35	1.87887e-41	3.81662e-48	4.66161e-55	3.57597e-62	1.77772e-69	5.85608e-77	1.3005e-84	3.412e-90	1.14311e-91	1.74556e-87	7.7476e-84	5.41432e-81	5.03232e-79	3.89335e-78	1.18856e-78	1.52619e-80	3.52334e-83	3.32091e-86	2.09711e-89	1.04096e-92	4.51217e-96	
N109	3.10574e-64	2.91891e-38	4.60134e-32	1.31084e-26	1.15207e-21	3.75332e-17	4.81137e-13	2.3863e-09	4.15194e-06	0.00197199	0.101713	0.458809	0.373696	0.0615857	0.00220191	1.80869e-05	3.46994e-08	1.4982e-11	1.7528e-15	8.22248e-20	1.89853e-24	2.43886e-29	1.88977e-34	9.34814e-40	3.07701e-45	6.95153e-51	1.10348e-56	1.25279e-62	1.0307e-68	6.20305e-75	2.74739e-81	8.98239e-88	2.16797e-94	3.85149e-101	5.00528e-108	4.71126e-115	3.16575e-122	1.48818e-129	4.75871e-137	9.95268e-145	1.72949e-152	
N110	1.32967e-65	1.07375e-39	1.49271e-33	3.85134e-28	3.16085e-23	9.96876e-19	1.29295e-14	6.8781e-11	1.40316e-07	9.38191e-05	0.0147672	0.285222	0.512873	0.172653	0.014084	0.000305726	1.73269e-06	2.12109e-09	5.50194e-13	5.28964e-17	2.39862e-21	5.8781e-26	8.50007e-31	7.71043e-36	4.58708e-41	1.85032e-46	5.18992e-52	1.03177e-57	1.4748e-63	1.5314e-69	1.16314e-75	6.48588e-82	2.65699e-88	7.977e-95	1.74511e-101	2.75547e-108	3.09621e-115	2.42702e-122	1.2908e-129	4.47954e-137	1.3928e-144	
N111	5.90601e-67	5.89688e-41	1.01214e-34	3.22438e-29	3.27019e-24	1.27746e-19	2.06257e-15	1.38008e-11	3.61839e-08	3.26197e-05	0.0077876	0.28454	0.518303	0.174581	0.0144349	0.000319002	1.74904e-06	1.59806e-09	2.37314e-13	1.29859e-17	3.4143e-22	4.95649e-27	4.33308e-32	2.42057e-37	9.01665e-43	2.31143e-48	4.1756e-54	5.41119e-60	5.09708e-66	3.52255e-72	1.79681e-78	6.78473e-85	1.89648e-91	3.91235e-98	5.91938e-105	6.50304e-112	5.11269e-119	2.81875e-126	1.05955e-133	2.61069e-141	5.4723e-149	
N112	4.03663e-76	1.02066e-49	4.53873e-43	3.87783e-37	1.10089e-31	1.27e-26	6.48314e-22	1.49917e-17	1.5313e-13	6.36253e-10	8.9698e-07	0.000278936	0.0101395	0.105644	0.366635	0.402993	0.110394	0.00391321	1.49031e-06	1.26717e-10	4.08335e-15	6.31228e-20	5.35109e-25	2.71007e-30	8.69627e-36	1.84411e-41	2.66536e-47	2.68635e-53	1.91996e-59	9.84759e-66	3.65348e-72	9.84684e-79	1.92985e-85	2.74391e-92	2.8138e-99	2.06085e-106	1.06255e-113	3.77881e-121	9.01073e-129	1.3847e-136	1.81996e-144	
Triowe	0	0	0	0	0	0	0	0	0	0	0	0	0	0	0	0	0	1	0	0	0	0	0	0	0	0	0	0	0	0	0	0	0	0	0	0	0	0	0	0	0	
N113	1.0014e-78	2.72748e-52	1.33333e-45	1.28428e-39	4.2285e-34	5.84338e-29	3.71022e-24	1.11629e-19	1.56933e-15	9.67582e-12	2.26878e-08	1.46492e-05	0.00130911	0.0307101	0.219428	0.469423	0.256352	0.0227367	2.60836e-05	5.82017e-09	4.4221e-13	1.48581e-17	2.57098e-22	2.52933e-27	1.51503e-32	5.80445e-38	1.47504e-43	2.55447e-49	3.07593e-55	2.61312e-61	1.582e-67	6.86659e-74	2.14196e-80	4.79635e-87	7.6724e-94	8.68933e-101	6.87225e-108	3.72113e-115	1.34162e-122	3.09693e-130	6.41589e-138	
Trijoh	0	0	0	0	0	0	0	0	0	0	0	0	0	0	0	0	0	1	0	0	0	0	0	0	0	0	0	0	0	0	0	0	0	0	0	0	0	0	0	0	0	
Trimel	0	0	0	0	0	0	0	0	0	0	0	0	0	0	0	0	0	1	0	0	0	0	0	0	0	0	0	0	0	0	0	0	0	0	0	0	0	0	0	0	0	
N114	6.04926e-67	7.88796e-41	1.74475e-34	7.05393e-29	8.91365e-24	4.24211e-19	8.11565e-15	6.21222e-11	1.78006e-07	0.000164698	0.03651	0.945185	0.0180924	4.7493e-05	2.81086e-08	4.99789e-12	3.42265e-16	1.09395e-20	1.86535e-25	1.86267e-30	1.16454e-35	4.78867e-41	1.34416e-46	2.64987e-52	3.75044e-58	3.87619e-64	2.96371e-70	1.69271e-76	7.27137e-83	2.35941e-89	5.79396e-96	1.07634e-102	1.50836e-109	1.586e-116	1.2409e-123	7.13999e-131	2.97313e-138	8.76768e-146	1.77819e-153	2.38202e-161	2.72515e-169	
N115	6.46338e-70	1.86454e-43	8.94593e-37	7.74595e-31	2.06354e-25	2.02956e-20	7.81858e-16	1.16346e-11	6.16383e-08	9.76473e-05	0.0325155	0.963852	0.00353334	1.27684e-06	1.13871e-10	3.77552e-15	5.83262e-20	4.83003e-25	2.3556e-30	7.232e-36	1.46794e-41	2.04424e-47	2.00954e-53	1.42566e-59	7.4265e-66	2.87874e-72	8.38845e-79	1.85119e-85	3.10946e-92	3.98654e-99	3.90366e-106	2.91522e-113	1.65419e-120	7.08819e-128	2.27312e-135	5.3887e-143	9.28796e-151	1.13849e-158	9.63377e-167	5.40261e-175	2.31198e-183	
Trihoe	0	0	0	0	0	0	0	0	0	0	0	1	0	0	0	0	0	0	0	0	0	0	0	0	0	0	0	0	0	0	0	0	0	0	0	0	0	0	0	0	0	
Tribit	0	0	0	0	0	0	0	0	0	0	0	1	0	0	0	0	0	0	0	0	0	0	0	0	0	0	0	0	0	0	0	0	0	0	0	0	0	0	0	0	0	
Trijac	0	0	0	0	0	0	0	0	0	0	0	1	0	0	0	0	0	0	0	0	0	0	0	0	0	0	0	0	0	0	0	0	0	0	0	0	0	0	0	0	0	
N116	1.41982e-73	1.57324e-47	3.14151e-41	1.22724e-35	1.62516e-30	8.94483e-26	2.23611e-21	2.61215e-17	1.40103e-13	3.21856e-10	2.71399e-07	5.98083e-05	0.00283615	0.0435967	0.241243	0.456957	0.237222	0.0180702	1.55671e-05	3.08101e-09	2.35982e-13	8.80679e-18	1.82436e-22	2.2802e-27	1.82094e-32	9.68175e-38	3.53273e-43	9.04801e-49	1.65393e-54	2.18374e-60	2.0994e-66	1.4763e-72	7.60318e-79	2.86217e-85	7.83273e-92	1.54384e-98	2.16124e-105	2.10668e-112	1.39074e-119	5.98007e-127	2.42233e-134	
Tricri	0	0	0	0	0	0	0	0	0	0	0	0	0	0	0	0	0	1	0	0	0	0	0	0	0	0	0	0	0	0	0	0	0	0	0	0	0	0	0	0	0	
N117	4.54467e-80	1.10728e-53	4.85766e-47	4.21766e-41	1.25806e-35	1.58456e-30	9.24144e-26	2.58142e-21	3.42382e-17	2.04633e-13	4.91496e-10	3.79435e-07	7.08785e-05	0.00389173	0.0674913	0.354605	0.474062	0.0997377	0.000140941	3.74923e-08	3.36237e-12	1.32771e-16	2.6945e-21	3.10685e-26	2.18162e-31	9.80858e-37	2.93016e-42	5.97969e-48	8.51096e-54	8.57834e-60	6.18854e-66	3.21698e-72	1.20869e-78	3.28077e-85	6.40654e-92	8.9264e-99	8.75939e-106	5.93949e-113	2.70868e-120	7.99494e-128	2.06309e-135	
Triwie	0	0	0	0	0	0	0	0	0	0	0	0	0	0	0	0	0	1	0	0	0	0	0	0	0	0	0	0	0	0	0	0	0	0	0	0	0	0	0	0	0	
Triqua	0	0	0	0	0	0	0	0	0	0	0	0	0	0	0	0	0	1	0	0	0	0	0	0	0	0	0	0	0	0	0	0	0	0	0	0	0	0	0	0	0	
N118	6.59963e-62	1.68423e-36	7.82076e-31	7.0421e-26	2.1225e-21	2.61006e-17	1.41715e-13	3.43433e-10	3.52173e-07	0.000130631	0.0112106	0.126431	0.361209	0.352045	0.130152	0.017993	0.000818243	9.12906e-06	1.63124e-08	9.00799e-12	2.11905e-15	2.53658e-19	1.72565e-23	7.18629e-28	1.93069e-32	3.4774e-37	4.32073e-42	3.78386e-47	2.37307e-52	1.07814e-57	3.57581e-63	8.6955e-69	1.55214e-74	2.0295e-80	1.93327e-86	1.32923e-92	6.50516e-99	2.22165e-105	5.15036e-112	7.79807e-119	1.59638e-125	
N119	1.78822e-68	6.01397e-43	3.74504e-37	4.63979e-32	1.98481e-27	3.6016e-23	3.03698e-19	1.22836e-15	2.35298e-12	2.00902e-09	6.70734e-07	6.92039e-05	0.00243035	0.0333261	0.187401	0.415785	0.310652	0.0501545	0.000180413	1.53808e-07	5.11949e-11	8.3304e-15	7.53256e-19	4.10974e-23	1.43199e-27	3.31957e-32	5.2766e-37	5.88227e-42	4.67644e-47	2.68356e-52	1.12069e-57	3.42202e-63	7.65132e-69	1.25045e-74	1.48595e-80	1.27229e-86	7.74187e-93	3.28293e-99	9.43806e-106	1.76966e-112	3.83589e-119	
Kinboe	0	0	0	0	0	0	0	0	0	0	0	0	0	0	0	0	0	1	0	0	0	0	0	0	0	0	0	0	0	0	0	0	0	0	0	0	0	0	0	0	0	
Kinfis	0	0	0	0	0	0	0	0	0	0	0	0	0	0	0	0	0	1	0	0	0	0	0	0	0	0	0	0	0	0	0	0	0	0	0	0	0	0	0	0	0	
Kinxen	0	0	0	0	0	0	0	0	0	0	0	0	0	0	0	0	0	1	0	0	0	0	0	0	0	0	0	0	0	0	0	0	0	0	0	0	0	0	0	0	0	
N120	5.97218e-54	1.46714e-39	3.79537e-35	1.34027e-29	1.17732e-23	3.18601e-18	2.70891e-13	6.78642e-09	4.07782e-05	0.0319041	0.571876	0.372872	0.02301	0.000296824	1.12211e-06	1.41888e-09	6.04365e-13	8.01472e-17	4.19516e-21	1.01222e-25	1.23962e-30	8.19818e-36	3.04913e-41	6.54453e-47	8.22656e-53	6.09039e-59	2.67706e-65	4.17633e-71	2.42334e-75	1.04035e-79	1.25263e-79	1.05271e-78	3.31296e-78	2.78484e-78	2.3303e-79	1.08215e-81	1.50511e-84	1.49006e-87	1.22172e-90	8.21867e-94	5.07447e-97	
N121	7.96481e-53	5.88069e-28	7.61257e-23	1.78256e-18	1.2857e-14	3.42075e-11	3.54965e-08	1.40813e-05	0.00194575	0.0768661	0.580819	0.332012	0.00830412	3.94833e-05	6.13819e-08	4.1219e-11	1.41215e-14	2.75304e-18	3.29588e-22	2.5613e-26	1.34706e-30	4.9506e-35	1.30348e-39	2.50743e-44	3.5785e-49	3.83453e-54	3.11324e-59	1.92788e-64	9.14596e-70	3.33177e-75	9.32308e-81	2.00051e-86	3.27896e-92	4.07972e-98	3.81859e-104	2.65577e-110	1.34993e-116	4.90556e-123	1.23724e-129	2.07974e-136	4.2987e-143	
N122	5.84565e-62	5.3929e-36	8.00101e-30	2.02115e-24	1.46528e-19	3.60249e-15	3.11896e-11	9.08792e-08	7.82326e-05	0.0154104	0.422994	0.560569	0.000947592	2.5127e-07	2.08168e-11	7.34002e-16	1.31321e-20	1.33415e-25	8.31686e-31	3.36438e-36	9.20883e-42	1.76093e-47	2.41157e-53	2.41158e-59	1.78789e-65	9.94312e-72	4.18514e-78	1.34181e-84	3.29071e-91	6.18632e-98	8.91598e-105	9.83256e-112	8.26328e-119	5.25793e-126	2.50983e-133	8.87527e-141	2.28639e-148	4.19643e-156	5.32603e-164	4.48707e-172	3.11831e-180	
N123	1.7235e-69	8.2617e-43	6.32413e-36	8.3453e-30	3.20395e-24	4.23321e-19	1.99915e-14	3.21815e-10	1.53635e-06	0.00163374	0.210097	0.787946	0.000321639	1.87926e-08	3.37196e-13	2.5751e-18	1.00265e-23	2.23014e-29	3.06173e-35	2.74258e-41	1.67038e-47	7.13768e-54	2.19233e-60	4.9323e-67	8.24819e-74	1.03689e-80	9.88176e-88	7.1825e-95	3.99676e-102	1.70566e-109	5.5812e-117	1.3971e-124	2.66367e-132	3.84178e-140	4.15182e-148	3.31902e-156	1.92947e-164	7.97496e-173	2.27399e-181	4.29264e-190	5.80094e-199	
N124	6.00099e-69	1.80696e-42	9.04287e-36	8.14511e-30	2.2452e-24	2.26262e-19	8.77595e-15	1.27363e-10	6.19165e-07	0.000791272	0.152704	0.845659	0.000845344	1.14829e-07	4.76074e-12	8.43152e-17	7.66145e-22	4.0043e-27	1.30059e-32	2.77409e-38	4.04777e-44	4.16766e-50	3.10121e-56	1.69903e-62	6.95292e-69	2.14902e-75	5.05845e-82	9.12115e-89	1.26458e-95	1.35031e-102	1.11016e-109	7.01145e-117	3.38667e-124	1.2426e-131	3.43041e-139	7.03453e-147	1.05344e-154	1.1264e-162	8.34488e-171	4.11082e-179	1.55406e-187	
Chaafr	0	0	0	0	0	0	0	0	0	0	0	1	0	0	0	0	0	0	0	0	0	0	0	0	0	0	0	0	0	0	0	0	0	0	0	0	0	0	0	0	0	
Chacha	0	0	0	0	0	0	0	0	0	0	0	1	0	0	0	0	0	0	0	0	0	0	0	0	0	0	0	0	0	0	0	0	0	0	0	0	0	0	0	0	0	
N125	2.99989e-69	8.97514e-43	4.48033e-36	4.04908e-30	1.12793e-24	1.15907e-19	4.63807e-15	7.05593e-11	3.68087e-07	0.000524706	0.122293	0.87627	0.000912192	1.29824e-07	5.65445e-12	1.05391e-16	1.00923e-21	5.56544e-27	1.90919e-32	4.30492e-38	6.64586e-44	7.24506e-50	5.71205e-56	3.31775e-62	1.44025e-68	4.72464e-75	1.1809e-81	2.26208e-88	3.33308e-95	3.78391e-102	3.30867e-109	2.22318e-116	1.1428e-123	4.46357e-131	1.31207e-138	2.86556e-146	4.57131e-154	5.20796e-162	4.11164e-170	2.15881e-178	8.59268e-187	
Chacaly	0	0	0	0	0	0	0	0	0	0	0	1	0	0	0	0	0	0	0	0	0	0	0	0	0	0	0	0	0	0	0	0	0	0	0	0	0	0	0	0	0	
Chazey	0	0	0	0	0	0	0	0	0	0	0	1	0	0	0	0	0	0	0	0	0	0	0	0	0	0	0	0	0	0	0	0	0	0	0	0	0	0	0	0	0	
N126	9.05967e-62	6.54659e-36	7.83714e-30	1.65339e-24	1.04075e-19	2.32198e-15	1.91843e-11	5.64767e-08	5.23182e-05	0.0118121	0.38639	0.599882	0.00186287	8.35688e-07	1.15526e-10	6.82072e-15	2.06024e-19	3.56683e-24	3.82381e-29	2.68298e-34	1.28384e-39	4.32292e-45	1.04936e-50	1.87129e-56	2.48776e-62	2.49369e-68	1.90084e-74	1.10855e-80	4.96562e-87	1.71163e-93	4.53957e-100	9.24415e-107	1.43918e-113	1.70168e-120	1.51384e-127	1.00048e-134	4.82986e-142	1.6655e-149	3.98137e-157	6.33292e-165	8.92158e-173	
Chadil	0	0	0	0	0	0	0	0	0	0	0	1	0	0	0	0	0	0	0	0	0	0	0	0	0	0	0	0	0	0	0	0	0	0	0	0	0	0	0	0	0	
Chasen	0	0	0	0	0	0	0	0	0	0	0	1	0	0	0	0	0	0	0	0	0	0	0	0	0	0	0	0	0	0	0	0	0	0	0	0	0	0	0	0	0	
Chanam	0	0	0	0	0	0	0	0	0	0	0	1	0	0	0	0	0	0	0	0	0	0	0	0	0	0	0	0	0	0	0	0	0	0	0	0	0	0	0	0	0	
N127	6.23999e-64	1.10622e-39	3.1826e-33	1.72308e-27	3.0298e-22	2.09344e-17	6.02177e-13	6.94002e-09	2.69784e-05	0.0203064	0.416063	0.437783	0.113498	0.0117518	0.000559052	1.24275e-05	1.20405e-07	4.43225e-10	7.62184e-13	6.93337e-16	3.5748e-19	8.01526e-21	1.09422e-20	5.76316e-22	9.05557e-24	9.55273e-26	6.99894e-28	3.48235e-30	1.13307e-32	2.27012e-35	2.5484e-38	1.42054e-41	4.31402e-45	7.74081e-49	8.63422e-53	6.15974e-57	2.84543e-61	8.50302e-66	1.62162e-70	1.97169e-75	1.75251e-79	
Riebrev	0	0	0	0	0	0	0	0	0	0	0	0	0	0	0	0	0	0	0	0	0	0	0	0	0	0	0	0	0	0	1	0	0	0	0	0	0	0	0	0	0	
N128	1.66242e-80	4.67233e-54	2.3765e-47	2.32909e-41	7.61091e-36	1.01473e-30	6.01473e-26	1.62437e-21	1.95519e-17	9.77589e-14	1.78999e-10	1.06095e-07	2.34261e-05	0.00198265	0.0589571	0.472643	0.466257	0.000137334	8.86114e-09	2.22053e-13	2.7445e-18	1.90863e-23	8.11435e-29	2.23117e-34	4.13009e-40	5.29962e-46	4.81689e-52	3.15075e-58	1.50007e-64	5.23791e-71	1.34723e-77	2.55596e-84	3.57125e-91	3.65829e-98	2.7262e-105	1.46108e-112	5.54235e-120	1.4561e-127	2.57298e-135	2.93915e-143	3.31418e-151	
N129	3.53379e-73	2.25635e-58	1.75586e-53	3.93391e-49	4.37149e-48	5.27916e-44	1.18142e-37	1.11688e-31	4.38402e-26	6.70074e-21	3.5408e-16	5.53785e-12	2.50912e-08	3.07562e-05	0.00844631	0.339611	0.651888	2.36178e-05	1.17777e-10	1.74952e-16	1.06649e-22	3.16104e-29	5.04239e-36	4.61278e-43	9.33174e-49	1.96348e-50	1.72728e-52	5.49709e-55	5.03521e-58	8.7019e-62	4.20351e-66	1.69295e-70	5.6966e-75	1.60112e-79	3.75083e-84	7.29212e-89	1.16858e-93	1.52844e-98	1.60903e-103	1.33671e-108	9.32071e-114	
N130	5.63617e-85	6.63307e-60	1.36049e-54	3.32439e-50	5.10038e-48	1.433e-46	1.23839e-40	1.94247e-34	1.39968e-28	4.42968e-23	5.60735e-18	2.43991e-13	3.06141e-09	9.14498e-06	0.0049786	0.305476	0.689506	3.03857e-05	1.70717e-10	2.79808e-16	1.86488e-22	6.01086e-29	1.03867e-35	1.02566e-42	6.01703e-50	2.14143e-57	8.79776e-65	1.42739e-69	1.28618e-74	2.79081e-80	2.48378e-86	1.6533e-92	8.24164e-99	3.06034e-105	8.39327e-112	1.67973e-118	2.41275e-125	2.43268e-132	1.67078e-139	7.50079e-147	2.33416e-154	
Braset	0	0	0	0	0	0	0	0	0	0	0	0	0	0	0	0	1	0	0	0	0	0	0	0	0	0	0	0	0	0	0	0	0	0	0	0	0	0	0	0	0	
N131	1.35251e-103	2.94372e-76	2.19494e-68	4.62775e-61	3.61583e-54	1.23083e-47	2.01642e-41	1.67036e-35	7.10829e-30	1.53701e-24	1.62576e-19	7.8308e-15	1.52061e-10	9.649e-07	0.00135467	0.20058	0.797946	0.000118691	2.3134e-09	1.33129e-14	3.17065e-20	3.7564e-26	2.48223e-32	9.88034e-39	2.50123e-45	4.18945e-52	4.78062e-59	3.79804e-66	2.13443e-73	8.58054e-81	2.48542e-88	5.20649e-96	7.89062e-104	8.62622e-112	6.75883e-120	3.75621e-128	1.45847e-136	3.8742e-145	6.83916e-154	7.70581e-163	5.88747e-172	
N132	1.29038e-116	3.21395e-88	1.43799e-79	1.29979e-71	4.15994e-64	5.86496e-57	4.0593e-50	1.45893e-43	2.79049e-37	2.84269e-31	1.50978e-25	3.99018e-20	4.83879e-15	2.3482e-10	3.57281e-06	0.0102302	0.989712	5.38674e-05	3.89511e-10	8.35397e-16	7.42992e-22	3.28958e-28	8.12198e-35	1.20674e-41	1.13827e-48	7.08591e-56	2.99522e-63	8.77866e-71	1.81113e-78	2.65769e-86	2.79178e-94	2.10532e-102	1.13921e-110	4.40625e-119	1.20924e-127	2.32807e-136	3.09403e-145	2.77647e-154	1.63233e-163	6.03116e-173	1.44434e-182	
Bramel	0	0	0	0	0	0	0	0	0	0	0	0	0	0	0	0	1	0	0	0	0	0	0	0	0	0	0	0	0	0	0	0	0	0	0	0	0	0	0	0	0	
Bratha	0	0	0	0	0	0	0	0	0	0	0	0	0	0	0	0	1	0	0	0	0	0	0	0	0	0	0	0	0	0	0	0	0	0	0	0	0	0	0	0	0	
N133	1.09929e-107	7.59922e-80	9.58224e-72	2.47138e-64	2.28064e-57	9.35084e-51	1.8945e-44	2.00196e-38	1.12821e-32	3.38451e-27	5.27391e-22	4.05766e-17	1.41279e-12	1.92135e-08	7.81684e-05	0.0532545	0.946504	0.000163749	3.72319e-09	2.50238e-14	6.96611e-20	9.65531e-26	7.47334e-32	3.49012e-38	1.03886e-44	2.05154e-51	2.7693e-58	2.6129e-65	1.75192e-72	8.44693e-80	2.95197e-87	7.5104e-95	1.39261e-102	1.87781e-110	1.83092e-118	1.27854e-126	6.30368e-135	2.15059e-143	4.93644e-152	7.32907e-161	7.4587e-170	
Bradra	0	0	0	0	0	0	0	0	0	0	0	0	0	0	0	0	1	0	0	0	0	0	0	0	0	0	0	0	0	0	0	0	0	0	0	0	0	0	0	0	0	
Bratra	0	0	0	0	0	0	0	0	0	0	0	0	0	0	0	0	1	0	0	0	0	0	0	0	0	0	0	0	0	0	0	0	0	0	0	0	0	0	0	0	0	
N134	3.83212e-103	1.4269e-75	9.68275e-68	1.33904e-60	6.59676e-54	1.43641e-47	1.53591e-41	8.50204e-36	2.48733e-30	3.83116e-25	3.02365e-20	1.15815e-15	1.96356e-11	1.26335e-07	0.000234597	0.0716257	0.927889	0.000250818	9.39446e-09	1.05692e-13	4.95961e-19	1.1631e-24	1.52674e-30	1.21113e-36	6.1314e-43	2.06164e-49	4.74332e-56	7.63597e-63	8.74496e-70	7.21017e-77	4.31424e-84	1.88188e-91	5.99153e-99	1.38944e-106	2.33397e-114	2.81319e-122	2.39897e-130	1.41868e-138	5.65791e-147	1.46317e-155	2.67615e-164	
Bragut	0	0	0	0	0	0	0	0	0	0	0	0	0	0	0	0	1	0	0	0	0	0	0	0	0	0	0	0	0	0	0	0	0	0	0	0	0	0	0	0	0	
Braven	0	0	0	0	0	0	0	0	0	0	0	0	0	0	0	0	1	0	0	0	0	0	0	0	0	0	0	0	0	0	0	0	0	0	0	0	0	0	0	0	0	
N135	2.6068e-90	2.24357e-63	3.45848e-56	1.05792e-49	1.11617e-43	5.00272e-38	1.04822e-32	1.06869e-27	5.31941e-23	1.25789e-18	1.33474e-14	5.84617e-11	9.666e-08	5.39657e-05	0.00849233	0.265902	0.725006	0.000545438	5.91987e-08	1.95281e-12	2.70038e-17	1.87108e-22	7.26836e-28	1.70827e-33	2.56462e-39	2.55945e-45	1.74931e-51	8.37342e-58	2.85424e-64	7.01234e-71	1.25185e-77	1.63148e-84	1.55431e-91	1.08043e-98	5.45026e-106	1.97686e-113	5.08415e-121	9.08942e-129	1.09871e-136	8.63573e-145	5.12011e-153	
Brapum	0	0	0	0	0	0	0	0	0	0	0	0	0	0	0	0	1	0	0	0	0	0	0	0	0	0	0	0	0	0	0	0	0	0	0	0	0	0	0	0	0	
Bradam	0	0	0	0	0	0	0	0	0	0	0	0	0	0	0	0	1	0	0	0	0	0	0	0	0	0	0	0	0	0	0	0	0	0	0	0	0	0	0	0	0	
