NODE	1	2	3	4	5	6	7	8	9	10	11	12	13	14	15	16	17	18	19	20	21	22	23	24	25	26	27	28	29	
N1	2.80579e-47	4.25669e-44	9.50175e-41	1.46172e-37	1.56702e-34	1.18114e-31	6.27998e-29	2.35406e-26	6.20148e-24	1.13976e-21	1.44218e-19	1.23356e-17	1.17982e-11	1.51158e-08	7.06294e-06	0.0010443	0.0401001	0.313859	0.470058	0.160015	0.0145201	0.000393618	3.4288e-06	9.96518e-09	9.7066e-12	1.12165e-17	1.09574e-19	5.50082e-22	1.75258e-24	
Leiolep	0	0	0	0	0	0	0	0	0	0	0	0	0	0	0	0	0	1	0	0	0	0	0	0	0	0	0	0	0	
N2	5.48151e-62	1.70158e-56	3.96878e-51	5.07766e-46	3.54966e-41	1.33513e-36	2.62911e-32	2.50342e-28	1.22669e-24	5.45534e-22	4.46258e-18	2.86431e-14	9.23923e-11	1.32767e-07	7.11419e-05	0.0107428	0.277948	0.59209	0.115654	0.00346987	2.45511e-05	5.36597e-08	4.31828e-11	1.43278e-14	2.09838e-18	1.40078e-22	4.25188e-27	5.61863e-32	3.42858e-37	
N3	1.25437e-61	1.55237e-56	1.98164e-51	1.54436e-46	7.32931e-42	2.0938e-37	3.53003e-33	3.40938e-29	1.73849e-25	7.21038e-22	5.00761e-18	2.08926e-14	4.78991e-11	5.49871e-08	2.74223e-05	0.00469456	0.177065	0.645348	0.166142	0.00665365	6.86027e-05	2.40477e-07	3.38036e-10	2.10594e-13	6.1582e-17	8.85972e-21	1.136e-24	2.23124e-28	2.44538e-30	
N4	1.8714e-68	1.68836e-62	1.02191e-56	3.38807e-51	6.12636e-46	5.88729e-41	2.84312e-36	6.12973e-32	3.33692e-28	1.73393e-27	8.68985e-24	2.35777e-19	3.55559e-15	2.68184e-11	8.81695e-08	0.000101462	0.0275886	0.771652	0.197	0.003645	1.20551e-05	1.10619e-08	3.58073e-12	4.70191e-16	2.71252e-20	7.13461e-25	8.56467e-30	4.5518e-35	3.32541e-40	
N5	1.32952e-73	1.30052e-67	1.04191e-61	4.97139e-56	1.49605e-50	2.92468e-45	3.60035e-40	2.47461e-35	5.64962e-31	5.12528e-28	1.60455e-23	4.03494e-19	5.49916e-15	3.71297e-11	1.08702e-07	0.000111581	0.0276308	0.751469	0.216012	0.00475725	1.89683e-05	2.0828e-08	7.95536e-12	1.21333e-15	8.0038e-20	2.40577e-24	1.99575e-28	1.38923e-32	2.16516e-35	
B3088	0	0	0	0	0	0	0	0	0	0	0	0	0	0	0	0	0	1	0	0	0	0	0	0	0	0	0	0	0	
N6	1.42271e-66	1.63425e-61	1.95926e-56	1.44229e-51	7.26017e-47	2.89496e-42	1.02841e-37	3.20932e-33	7.86441e-29	1.37102e-24	1.54273e-20	1.04929e-16	4.09714e-13	8.53284e-10	8.48617e-07	0.000338125	0.0397205	0.726405	0.226332	0.00715121	5.17896e-05	1.23441e-07	1.17423e-10	4.97415e-14	9.95925e-18	9.71249e-22	1.71009e-25	4.18766e-29	2.07661e-31	
BGA709	0	0	0	0	0	0	0	0	0	0	0	0	0	0	0	0	0	1	0	0	0	0	0	0	0	0	0	0	0	
BGA309	0	0	0	0	0	0	0	0	0	0	0	0	0	0	0	0	0	1	0	0	0	0	0	0	0	0	0	0	0	
N7	1.11245e-71	1.26594e-65	9.67796e-60	4.07336e-54	9.42069e-49	1.17221e-43	7.50076e-39	2.26788e-34	2.45263e-30	7.03691e-29	7.15013e-26	2.72624e-21	6.77895e-17	9.09821e-13	5.71542e-09	1.39741e-05	0.0095445	0.865568	0.123807	0.00106514	1.72119e-06	8.22217e-10	1.46277e-13	1.10239e-17	3.77589e-22	6.05441e-27	4.60328e-32	1.87315e-37	9.26795e-42	
N8	1.57678e-64	2.66567e-59	3.53519e-54	2.63408e-49	1.09841e-44	2.50534e-40	2.9911e-36	1.72022e-32	3.42388e-29	2.74496e-26	4.46447e-22	4.90133e-18	3.15785e-14	1.10982e-10	1.9083e-07	0.000134771	0.0284736	0.870442	0.0996216	0.00132357	4.41309e-06	5.15739e-09	2.51987e-12	5.68551e-16	6.24696e-20	3.40649e-24	9.21622e-29	1.28151e-33	1.1245e-37	
B11696	0	0	0	0	0	0	0	0	0	0	0	0	0	0	0	0	0	1	0	0	0	0	0	0	0	0	0	0	0	
B11609	0	0	0	0	0	0	0	0	0	0	0	0	0	0	0	0	0	1	0	0	0	0	0	0	0	0	0	0	0	
N9	3.99554e-85	6.28123e-78	1.51063e-70	2.87241e-63	1.12505e-56	1.82619e-50	1.23721e-44	3.34152e-39	2.59485e-34	4.00415e-33	3.51691e-30	3.1213e-25	4.09154e-20	3.33138e-15	1.14839e-10	1.36924e-06	0.00375443	0.89961	0.0963012	0.000332988	1.57585e-07	1.81886e-11	6.84174e-16	9.75515e-21	5.65612e-26	1.37253e-31	1.31766e-36	2.48907e-39	1.99431e-40	
N10	8.0613e-69	3.56411e-64	1.05754e-59	1.80874e-55	1.7797e-51	9.85283e-48	2.92588e-44	4.21257e-41	3.80276e-38	2.04006e-35	5.61167e-30	1.38429e-24	1.68765e-19	9.64979e-15	2.35644e-10	2.05371e-06	0.00435526	0.902213	0.093096	0.000333391	1.8004e-07	2.54448e-11	1.23192e-15	2.33291e-20	1.84595e-25	2.00315e-30	8.67406e-33	2.17157e-37	1.50017e-40	
N11	2.16112e-69	5.802e-64	1.25153e-58	1.51381e-53	1.02758e-48	3.87174e-44	8.01743e-40	9.3332e-36	6.87793e-32	8.86239e-28	2.38132e-23	4.0262e-19	3.98082e-15	2.14058e-11	5.61383e-08	6.02504e-05	0.0192516	0.881735	0.097964	0.000987093	2.32613e-06	1.86247e-09	6.12844e-13	9.21106e-17	6.69143e-21	2.43405e-25	3.39179e-29	2.96199e-33	4.70719e-36	
B983	0	0	0	0	0	0	0	0	0	0	0	0	0	0	0	0	0	1	0	0	0	0	0	0	0	0	0	0	0	
B11604	0	0	0	0	0	0	0	0	0	0	0	0	0	0	0	0	0	1	0	0	0	0	0	0	0	0	0	0	0	
N12	2.99312e-67	9.97359e-62	2.42417e-56	3.30263e-51	2.50859e-46	1.03472e-41	2.19847e-37	2.16687e-33	6.35813e-30	3.16156e-28	7.12539e-24	1.44267e-19	1.71745e-15	1.11467e-11	3.53237e-08	4.57582e-05	0.0175042	0.921318	0.0606961	0.000435341	7.7074e-07	4.75498e-10	1.22377e-13	1.45341e-17	8.40593e-22	2.41403e-26	3.52411e-31	3.08294e-36	3.67066e-40	
BGAA1	0	0	0	0	0	0	0	0	0	0	0	0	0	0	0	0	0	1	0	0	0	0	0	0	0	0	0	0	0	
BGA584	0	0	0	0	0	0	0	0	0	0	0	0	0	0	0	0	0	1	0	0	0	0	0	0	0	0	0	0	0	
N13	1.35832e-66	3.43215e-61	6.54975e-56	7.0166e-51	4.20057e-46	1.3712e-41	2.3253e-37	1.86167e-33	4.70039e-30	1.68579e-27	3.72948e-23	5.92036e-19	5.51845e-15	2.80511e-11	6.96811e-08	7.08738e-05	0.0213739	0.900622	0.0772125	0.000719157	1.64968e-06	1.31696e-09	4.38239e-13	6.726e-17	5.02513e-21	1.86401e-25	3.60325e-30	4.76664e-35	1.16369e-38	
BGA303	0	0	0	0	0	0	0	0	0	0	0	0	0	0	0	0	0	1	0	0	0	0	0	0	0	0	0	0	0	
BGAB1	0	0	0	0	0	0	0	0	0	0	0	0	0	0	0	0	0	1	0	0	0	0	0	0	0	0	0	0	0	
PGA445	0	0	0	0	0	0	0	0	0	0	0	0	0	0	0	0	0	1	0	0	0	0	0	0	0	0	0	0	0	
N14	2.57624e-67	2.708e-60	1.54164e-53	4.42854e-47	6.44655e-41	4.66591e-35	1.58241e-29	2.19289e-24	2.44875e-20	4.76572e-19	2.77754e-15	1.69615e-11	2.92201e-08	1.47104e-05	0.00226182	0.0948733	0.697098	0.204555	0.00119569	8.1862e-07	1.21479e-10	5.60584e-15	9.81205e-20	7.26285e-25	2.40099e-30	3.59673e-36	2.39049e-42	4.73055e-48	4.61216e-49	
N15	5.1678e-49	2.6084e-43	1.16518e-37	2.71259e-32	3.23415e-27	1.90451e-22	5.1948e-18	5.91902e-14	2.40099e-10	2.717e-07	6.28767e-05	0.00318747	0.0456841	0.22131	0.397502	0.267945	0.0611901	0.0031106	7.52249e-06	4.68974e-09	1.12194e-12	1.21471e-16	6.47448e-21	1.77611e-25	3.23432e-30	1.22896e-33	3.12674e-35	1.65103e-37	3.98663e-38	
Rhaspe	0	0	0	0	0	0	0	0	0	1	0	0	0	0	0	0	0	0	0	0	0	0	0	0	0	0	0	0	0	
N16	1.74431e-36	1.49643e-33	1.76925e-30	3.33708e-27	5.27738e-23	5.90225e-19	3.26088e-15	8.28728e-12	8.68194e-09	3.16747e-06	0.000322719	0.00906461	0.0838736	0.287672	0.384929	0.197938	0.0347907	0.00140225	4.34789e-06	4.46707e-09	2.05215e-12	4.79937e-16	6.09241e-20	4.38441e-24	4.44361e-28	7.93575e-31	1.59532e-33	1.87773e-37	3.31309e-39	
Rhamar	0	0	0	0	0	0	0	0	0	1	0	0	0	0	0	0	0	0	0	0	0	0	0	0	0	0	0	0	0	
Rhatem	0	0	0	0	0	0	0	0	0	0	1	0	0	0	0	0	0	0	0	0	0	0	0	0	0	0	0	0	0	
N17	7.98299e-75	9.63493e-69	5.58304e-63	2.77134e-56	1.3427e-49	2.61508e-43	1.96699e-37	4.47263e-32	1.11588e-28	5.90721e-26	1.55638e-20	1.60629e-15	4.82556e-11	3.29624e-07	0.000399364	0.0616799	0.71491	0.222297	0.000712792	1.80683e-07	8.86178e-12	1.27284e-16	6.56408e-22	1.45752e-27	4.59077e-33	7.74006e-37	3.11715e-39	1.42455e-40	6.14839e-42	
N18	9.0252e-71	5.12723e-64	1.67264e-57	2.90729e-51	2.82151e-45	1.58234e-39	4.99954e-34	8.58404e-29	4.94214e-24	3.21422e-22	5.08909e-19	1.56023e-14	1.97246e-10	5.91323e-07	0.000378845	0.0452029	0.638197	0.312948	0.00326915	3.72639e-06	9.73606e-10	8.25975e-14	2.7487e-18	3.99689e-23	2.7037e-28	1.02534e-33	6.7539e-39	5.84303e-44	5.44852e-47	
N19	5.86583e-60	2.72414e-54	1.14327e-48	3.08834e-43	5.38065e-38	5.96982e-33	4.12217e-28	1.72111e-23	4.12848e-19	5.31901e-15	3.2874e-11	7.89194e-08	4.29625e-05	0.00324177	0.0638019	0.363482	0.492699	0.0761416	0.000589533	1.10671e-06	7.49761e-10	2.20944e-13	3.13764e-17	2.27295e-21	8.63765e-26	1.87518e-30	2.64661e-34	1.20892e-38	1.70433e-41	
FGA379	0	0	0	0	0	0	0	0	0	0	0	0	0	0	0	0	1	0	0	0	0	0	0	0	0	0	0	0	0	
N20	1.33709e-52	4.68886e-47	1.38019e-41	2.53831e-36	2.974e-31	2.17959e-26	9.52838e-22	2.37204e-17	3.03225e-13	1.78141e-09	3.96735e-06	0.00226711	0.107443	0.429147	0.362283	0.0916025	0.00713034	0.000122633	2.35296e-07	1.44407e-10	3.77491e-14	4.80737e-18	3.20603e-22	1.16253e-26	2.3227e-31	2.56075e-36	2.85382e-41	4.18372e-46	1.98898e-49	
N21	6.17981e-57	1.121e-50	1.32483e-44	8.09899e-39	2.51606e-33	3.63896e-28	1.4921e-23	1.60927e-18	8.40625e-14	1.87689e-09	1.40599e-05	0.0192178	0.405103	0.516611	0.0577584	0.00128895	6.81062e-06	7.57764e-09	1.85999e-12	1.61289e-16	6.01965e-21	1.06668e-25	9.82956e-31	2.66789e-32	1.03647e-33	2.3184e-36	1.53353e-38	3.539e-40	4.03157e-41	
N22	1.90054e-55	3.2117e-50	1.55766e-45	1.90801e-40	2.47703e-34	1.37722e-28	4.53657e-24	1.68397e-18	2.46041e-13	1.21396e-08	0.000133359	0.0890503	0.703266	0.202395	0.00513481	2.03078e-05	1.52373e-08	2.16937e-12	7.55555e-17	9.04469e-22	4.58148e-27	2.29301e-31	1.08924e-34	1.5923e-37	5.70932e-40	1.92847e-41	5.3881e-44	1.74326e-44	7.30814e-46	
F3015	0	0	0	0	0	0	0	0	0	0	1	0	0	0	0	0	0	0	0	0	0	0	0	0	0	0	0	0	0	
N23	2.99455e-55	2.55591e-50	1.37226e-45	1.61722e-40	3.0715e-34	2.1934e-28	7.73031e-24	2.95998e-18	4.36192e-13	2.07859e-08	0.000211113	0.127571	0.75966	0.111456	0.00110077	1.35371e-06	2.94267e-10	1.56404e-14	2.92521e-19	2.35073e-24	9.00183e-30	2.46519e-35	1.6471e-39	2.03208e-42	7.36691e-43	2.74624e-42	1.41429e-45	1.86795e-45	1.18976e-47	
N24	4.21304e-58	1.86755e-53	6.10877e-47	1.15136e-40	9.85209e-35	3.66313e-29	3.42311e-24	9.69955e-19	1.21053e-13	5.75368e-09	7.80703e-05	0.158206	0.777071	0.0643757	0.000268965	1.4154e-07	1.81392e-11	8.14406e-16	1.54829e-20	1.38477e-25	1.05151e-30	2.22412e-35	2.76065e-39	3.49636e-40	1.7958e-40	3.25598e-40	1.63477e-43	7.83382e-44	1.4239e-46	
N25	1.80632e-66	2.37035e-60	9.53987e-53	1.49783e-45	9.14713e-39	2.21711e-32	2.50592e-27	6.22188e-21	5.98719e-15	1.89454e-09	0.00012669	0.398406	0.593396	0.00806935	2.43967e-06	9.78746e-11	1.064e-15	4.19526e-21	6.87971e-27	5.04793e-33	4.25054e-39	4.0975e-43	1.71435e-45	3.82462e-47	2.71918e-50	4.46318e-51	4.28805e-55	1.60369e-56	2.41441e-60	
N26	2.89729e-57	4.07708e-52	3.42299e-47	1.66632e-42	2.41625e-36	6.68279e-30	1.19635e-24	1.18679e-18	4.23784e-13	4.41474e-08	0.000851096	0.419626	0.572595	0.00692611	1.8714e-06	9.51202e-11	1.56623e-15	1.04953e-20	4.06523e-26	5.23599e-30	3.42599e-34	1.30747e-38	5.5671e-43	8.12229e-43	1.36399e-44	6.58091e-44	1.11571e-47	1.18146e-48	1.93742e-52	
F1476	0	0	0	0	0	0	0	0	0	0	1	0	0	0	0	0	0	0	0	0	0	0	0	0	0	0	0	0	0	
N27	3.32111e-62	1.8691e-56	1.77096e-49	8.69232e-43	2.34396e-36	3.08917e-30	3.15167e-24	2.04679e-18	5.73346e-13	5.63848e-08	0.00123999	0.424443	0.564579	0.00973334	5.05231e-06	5.1761e-10	1.72004e-14	2.34841e-19	1.98992e-24	3.83453e-28	1.48385e-32	1.14905e-35	2.27262e-39	1.01193e-36	2.05122e-39	1.60626e-39	4.03782e-43	1.15144e-44	2.53486e-48	
Furcep	0	0	0	0	0	0	0	0	0	0	0	0	0	1	0	0	0	0	0	0	0	0	0	0	0	0	0	0	0	
N28	7.0512e-55	1.2896e-51	4.52795e-45	1.40489e-38	2.23132e-32	1.80163e-26	7.24017e-21	1.35361e-15	1.05286e-10	2.76638e-06	0.0153775	0.602052	0.379097	0.00346857	1.72747e-06	2.29156e-10	1.17465e-14	2.78266e-19	3.4042e-24	7.0806e-29	1.80031e-32	5.12404e-37	6.8829e-41	5.73823e-43	5.78872e-48	3.81542e-50	3.25108e-56	1.08286e-59	4.97943e-66	
Furpol	0	0	0	0	0	0	0	0	0	0	0	1	0	0	0	0	0	0	0	0	0	0	0	0	0	0	0	0	0	
N29	1.11618e-52	3.5054e-46	6.84228e-40	7.28723e-34	4.21051e-28	1.28165e-22	1.98057e-17	1.41264e-12	4.03143e-08	0.000352236	0.501724	0.461864	0.0359815	7.83794e-05	3.27756e-08	4.70884e-12	2.97228e-16	9.41921e-21	1.6249e-25	1.69064e-30	1.95669e-35	1.2185e-39	8.79973e-44	2.00092e-46	2.14909e-51	1.83227e-54	2.90408e-60	8.25907e-65	5.10529e-71	
N30	1.17832e-52	4.36818e-46	9.81872e-40	1.19444e-33	7.80381e-28	2.65416e-22	4.47196e-17	3.37157e-12	9.653e-08	0.000770255	0.822966	0.173987	0.00227468	1.74768e-06	3.58559e-10	2.87093e-14	1.08134e-18	2.13735e-23	2.38295e-28	2.07788e-33	3.90001e-38	5.37014e-41	1.09668e-45	1.7412e-48	6.87992e-54	2.23109e-57	2.58299e-63	3.32425e-68	1.43044e-74	
F2241	0	0	0	0	0	0	0	0	0	0	1	0	0	0	0	0	0	0	0	0	0	0	0	0	0	0	0	0	0	
Furang	0	0	0	0	0	0	0	0	0	0	1	0	0	0	0	0	0	0	0	0	0	0	0	0	0	0	0	0	0	
FGA490	0	0	0	0	0	0	0	0	0	0	1	0	0	0	0	0	0	0	0	0	0	0	0	0	0	0	0	0	0	
N31	1.68631e-61	2.34058e-54	1.70035e-47	6.09634e-41	1.09577e-34	9.91151e-29	4.65489e-23	2.07773e-17	3.7549e-12	2.18887e-07	0.00247519	0.690642	0.306029	0.000853335	2.04099e-07	1.23966e-11	2.77217e-16	2.742e-21	1.33314e-26	4.48608e-32	5.42148e-37	8.68614e-42	1.79525e-46	6.44815e-47	1.52216e-48	3.50041e-49	5.41787e-53	5.19046e-55	6.12435e-59	
N32	2.76982e-58	2.81702e-51	1.50628e-44	3.48111e-38	3.44905e-32	1.34465e-26	4.11384e-22	1.21396e-16	1.45099e-11	5.61028e-07	0.0043429	0.740636	0.254437	0.000583925	1.55807e-07	1.13433e-11	3.17434e-16	4.03221e-21	2.68473e-26	8.07468e-31	2.0793e-35	1.11473e-38	2.6884e-43	5.61838e-45	3.14086e-45	2.03773e-45	6.23519e-49	6.62897e-51	1.49551e-54	
N33	1.41071e-64	4.21124e-57	5.53778e-50	3.09061e-43	7.56152e-37	8.06541e-31	5.54601e-26	6.76624e-20	3.53515e-14	6.33292e-09	0.000258522	0.739046	0.259453	0.00124243	2.08008e-07	7.65449e-12	9.63138e-17	5.13815e-22	1.52535e-27	5.66507e-32	7.16233e-37	1.00533e-39	4.03353e-45	3.978e-44	1.33347e-45	8.86766e-47	8.51687e-51	2.58559e-53	1.68655e-57	
N34	6.86435e-60	4.54795e-55	2.68446e-48	7.91626e-42	1.22518e-35	1.0817e-29	5.7748e-24	2.23424e-18	3.78819e-13	2.38937e-08	0.000405571	0.828681	0.170505	0.000408177	9.93728e-08	6.76334e-12	1.80656e-16	2.2391e-21	1.53497e-26	9.04952e-31	6.06947e-35	7.85936e-39	4.54836e-43	3.38982e-45	8.95854e-51	1.94313e-53	9.36016e-60	5.26251e-64	1.08972e-70	
N35	9.4638e-58	2.1536e-51	3.19324e-45	2.96394e-39	1.93388e-33	9.05666e-28	2.73165e-22	4.78525e-17	3.78615e-12	1.13821e-07	0.000935506	0.938678	0.0603015	8.52343e-05	2.48086e-08	2.45927e-12	1.05455e-16	2.24242e-21	2.59474e-26	3.00035e-31	6.96776e-36	3.60711e-39	2.32432e-43	5.98968e-46	2.53956e-51	1.24727e-54	1.39101e-60	1.83338e-65	7.24147e-72	
FGA456	0	0	0	0	0	0	0	0	0	0	0	1	0	0	0	0	0	0	0	0	0	0	0	0	0	0	0	0	0	
FGA513	0	0	0	0	0	0	0	0	0	0	0	1	0	0	0	0	0	0	0	0	0	0	0	0	0	0	0	0	0	
F12278	0	0	0	0	0	0	0	0	0	0	0	1	0	0	0	0	0	0	0	0	0	0	0	0	0	0	0	0	0	
N36	2.26255e-56	3.84404e-50	4.18059e-44	2.56052e-38	8.90137e-33	1.69325e-27	1.68313e-22	9.7836e-18	7.67428e-13	2.53898e-08	0.000272626	0.514129	0.448987	0.0365767	3.44978e-05	8.10228e-09	7.20084e-13	2.95868e-17	6.39228e-22	2.14785e-26	1.57533e-30	8.86939e-33	9.78996e-37	3.50321e-39	1.9381e-44	2.1929e-48	3.90696e-54	5.00092e-59	2.74127e-65	
Furant	0	0	0	0	0	0	0	0	0	0	0	1	0	0	0	0	0	0	0	0	0	0	0	0	0	0	0	0	0	
FGA331	0	0	0	0	0	0	0	0	0	0	0	0	0	1	0	0	0	0	0	0	0	0	0	0	0	0	0	0	0	
FGA465	0	0	0	0	0	0	0	0	0	0	1	0	0	0	0	0	0	0	0	0	0	0	0	0	0	0	0	0	0	
N37	1.55113e-54	5.43648e-48	1.17459e-41	1.41744e-35	9.75921e-30	3.71904e-24	7.79594e-19	7.98631e-14	3.27185e-09	4.1128e-05	0.0863353	0.855902	0.0576421	7.93913e-05	2.455e-08	2.69706e-12	1.31046e-16	3.19391e-21	4.23382e-26	3.8416e-31	4.84925e-36	9.63971e-40	5.84065e-44	1.04156e-46	6.53467e-52	3.20147e-55	4.04828e-61	4.22577e-66	1.77914e-72	
FGA99	0	0	0	0	0	0	0	0	0	0	1	0	0	0	0	0	0	0	0	0	0	0	0	0	0	0	0	0	0	
N38	6.31563e-54	1.75374e-47	3.25279e-41	3.56108e-35	2.28881e-29	8.25006e-24	1.5516e-18	1.38287e-13	4.95078e-09	5.46399e-05	0.102512	0.874615	0.0227929	2.57992e-05	7.07726e-09	7.19636e-13	3.3324e-17	7.93197e-22	1.07743e-26	4.23841e-31	3.00709e-35	1.67783e-37	3.7345e-42	1.49118e-44	5.89778e-50	3.41394e-53	4.28434e-59	8.80995e-64	4.08985e-70	
FGA15	0	0	0	0	0	0	0	0	0	0	1	0	0	0	0	0	0	0	0	0	0	0	0	0	0	0	0	0	0	
FGA581	0	0	0	0	0	0	0	0	0	0	0	1	0	0	0	0	0	0	0	0	0	0	0	0	0	0	0	0	0	
FGA104	0	0	0	0	0	0	0	0	0	0	0	0	1	0	0	0	0	0	0	0	0	0	0	0	0	0	0	0	0	
FGA489	0	0	0	0	0	0	0	0	0	0	1	0	0	0	0	0	0	0	0	0	0	0	0	0	0	0	0	0	0	
FGA174	0	0	0	0	0	0	0	0	0	0	0	0	0	1	0	0	0	0	0	0	0	0	0	0	0	0	0	0	0	
FurbGB	0	0	0	0	0	0	0	0	0	0	0	1	0	0	0	0	0	0	0	0	0	0	0	0	0	0	0	0	0	
N39	1.33467e-65	3.13252e-61	4.71512e-57	2.31595e-53	1.32162e-48	3.96707e-43	7.15003e-38	7.32904e-33	2.27865e-28	1.72786e-25	8.81735e-21	3.20967e-16	5.34932e-12	3.37184e-08	5.90099e-05	0.0185419	0.541109	0.4315	0.00876863	2.16349e-05	1.26185e-08	2.40712e-12	1.79734e-16	1.18839e-20	3.87971e-24	3.61905e-27	3.73573e-31	1.09138e-34	3.69979e-37	
N40	1.39434e-67	5.69346e-62	1.73632e-56	2.87473e-51	2.60381e-46	1.29542e-41	3.63091e-37	6.18521e-33	8.05145e-29	2.0401e-24	4.90335e-20	6.74912e-16	4.89709e-12	1.67383e-08	2.24754e-05	0.00855039	0.445296	0.524162	0.0218347	0.000134471	2.19754e-07	1.27362e-10	3.07706e-14	3.40657e-18	1.97679e-22	3.07703e-26	1.29415e-29	1.10584e-33	6.51186e-36	
N41	3.18179e-67	2.75794e-61	1.61322e-55	4.86944e-50	7.69532e-45	6.37763e-40	2.78182e-35	6.28566e-31	1.91128e-28	4.50091e-26	2.01778e-21	5.57361e-17	8.11608e-13	5.53982e-09	1.4739e-05	0.0105042	0.582104	0.400492	0.00686722	1.79403e-05	1.29045e-08	3.36277e-12	3.66815e-16	1.81037e-20	4.18656e-25	4.54425e-30	2.31413e-35	3.28073e-39	1.60701e-38	
CGA312	0	0	0	0	0	0	0	0	0	0	0	0	0	0	0	0	0	1	0	0	0	0	0	0	0	0	0	0	0	
N42	1.87645e-72	6.58327e-67	1.28794e-61	1.30615e-56	5.47758e-52	9.0272e-48	4.97587e-42	1.30798e-36	7.29979e-35	2.54773e-31	1.57523e-25	5.69015e-20	9.54152e-15	6.31485e-10	1.17181e-05	0.0183717	0.695158	0.285318	0.00114105	3.84873e-07	2.65307e-11	5.47952e-16	4.12971e-21	1.26032e-26	1.63305e-32	9.94125e-39	7.31453e-42	1.07379e-41	1.13746e-41	
N43	1.17476e-77	3.54536e-71	2.09327e-64	3.12284e-58	1.64289e-52	5.34389e-48	1.8534e-44	4.32752e-40	1.33135e-36	1.70658e-33	4.26382e-27	9.98152e-21	1.69829e-14	7.77645e-09	0.000262755	0.0830847	0.891896	0.0247531	3.36779e-06	3.64554e-11	8.81256e-17	6.74919e-23	1.88515e-29	2.03002e-36	2.75183e-43	2.31868e-45	4.13597e-42	3.84091e-42	5.86936e-41	
N44	2.16981e-74	1.36697e-68	1.05496e-62	1.70816e-57	1.18434e-52	3.76031e-48	5.36638e-44	1.12811e-39	1.69828e-36	2.80632e-32	6.74875e-26	7.19541e-20	2.93587e-14	4.04593e-09	0.000111963	0.0756557	0.902701	0.0215262	5.2093e-06	1.85012e-10	1.76943e-15	5.65978e-21	6.69475e-27	4.04466e-31	2.21484e-35	5.80566e-38	3.85163e-40	3.13138e-43	4.8156e-43	
N45	1.04495e-75	5.75666e-69	2.03524e-61	7.71313e-55	1.15319e-48	7.38853e-43	1.96392e-37	1.96854e-32	3.81337e-30	4.00694e-29	1.78459e-24	2.62637e-19	2.17672e-14	7.40224e-10	8.52075e-06	0.0196469	0.912205	0.0680756	6.38856e-05	1.16261e-08	6.7283e-13	1.51591e-17	1.45364e-22	6.16509e-28	1.19323e-33	2.41263e-38	3.1198e-41	1.31351e-43	1.08718e-44	
CGA642	0	0	0	0	0	0	0	0	0	0	0	0	0	0	0	0	1	0	0	0	0	0	0	0	0	0	0	0	0	
N46	2.32627e-67	1.61495e-62	7.0652e-58	1.74076e-53	2.39218e-49	1.76894e-45	6.64537e-42	4.70643e-38	2.95932e-34	7.04769e-31	6.97867e-26	2.24677e-20	3.50816e-15	2.35024e-10	5.41363e-06	0.0256854	0.890277	0.0839808	5.11397e-05	5.73407e-09	1.98054e-13	2.64796e-18	1.5297e-23	6.93614e-29	3.1585e-32	4.9095e-36	6.63387e-41	2.44404e-46	8.677e-49	
CGA763	0	0	0	0	0	0	0	0	0	0	0	0	0	0	0	1	0	0	0	0	0	0	0	0	0	0	0	0	0	
C601	0	0	0	0	0	0	0	0	0	0	0	0	0	0	0	0	0	1	0	0	0	0	0	0	0	0	0	0	0	
N47	2.38315e-68	2.30437e-63	1.38523e-58	4.5011e-54	8.06566e-50	8.09871e-46	4.55662e-42	9.1133e-39	7.02701e-35	9.14494e-29	5.49036e-23	1.37767e-17	1.33831e-12	4.27948e-08	0.000289712	0.0885984	0.892498	0.0186034	9.95033e-06	9.6778e-10	2.84584e-14	3.04601e-19	1.28399e-24	1.9297e-29	1.1917e-32	1.89352e-36	1.08872e-40	2.01286e-42	1.41363e-41	
CGA236	0	0	0	0	0	0	0	0	0	0	0	0	0	0	0	0	1	0	0	0	0	0	0	0	0	0	0	0	0	
N48	9.49394e-63	2.57109e-58	5.17589e-54	6.21955e-50	4.8486e-47	2.86818e-44	9.18822e-39	1.39925e-33	2.25439e-28	3.42394e-23	2.6605e-18	9.60004e-14	1.38921e-09	6.1992e-06	0.00503867	0.193002	0.78588	0.0160553	1.82335e-05	4.59008e-09	3.95197e-13	1.42068e-17	2.36426e-22	2.23651e-27	9.11628e-31	3.22342e-34	1.63567e-38	1.71094e-43	7.5721e-46	
N49	1.20504e-63	8.46433e-58	4.02043e-52	1.05563e-46	1.60262e-41	1.52994e-36	9.86661e-32	4.09481e-27	8.0907e-23	4.71552e-20	9.56284e-16	1.58188e-11	1.11418e-07	0.000235323	0.0168873	0.254902	0.67389	0.0539863	9.8281e-05	4.44933e-08	7.47935e-12	5.59951e-16	2.06018e-20	3.96671e-25	5.67427e-30	4.73747e-34	1.64555e-38	6.93891e-43	7.46779e-46	
Calboe	0	0	0	0	0	0	0	0	0	0	0	0	0	1	0	0	0	0	0	0	0	0	0	0	0	0	0	0	0	
C3125	0	0	0	0	0	0	0	0	0	0	0	0	0	0	0	0	0	1	0	0	0	0	0	0	0	0	0	0	0	
CGA429	0	0	0	0	0	0	0	0	0	0	0	0	0	0	1	0	0	0	0	0	0	0	0	0	0	0	0	0	0	
N50	1.47921e-65	7.37634e-59	1.46889e-53	1.28706e-48	2.46834e-44	3.25522e-42	2.45098e-38	5.17725e-34	2.40698e-29	1.89427e-23	6.68712e-18	9.57421e-13	4.53468e-08	0.000439604	0.146268	0.595636	0.255835	0.00182059	2.23011e-07	7.05724e-12	8.22631e-17	4.07713e-22	9.13101e-28	1.06962e-33	1.63013e-36	4.10172e-38	1.24327e-39	6.94547e-43	4.29821e-43	
C984	0	0	0	0	0	0	0	0	0	0	0	0	0	1	0	0	0	0	0	0	0	0	0	0	0	0	0	0	0	
N51	2.04239e-60	4.59428e-56	7.86097e-52	8.4901e-48	5.94732e-44	2.78523e-40	1.34414e-36	3.01228e-31	1.22169e-25	2.14517e-20	1.62393e-15	4.92243e-11	5.15184e-07	0.00127006	0.243876	0.606426	0.147786	0.000641594	1.92963e-07	1.70992e-11	6.13084e-16	9.66897e-21	6.94567e-26	1.58548e-30	1.45397e-33	4.82044e-37	2.85029e-41	1.92588e-46	1.23894e-48	
CGA310	0	0	0	0	0	0	0	0	0	0	0	0	0	0	1	0	0	0	0	0	0	0	0	0	0	0	0	0	0	
N52	6.99476e-62	3.62003e-56	1.29501e-50	2.59917e-45	3.16097e-40	2.69362e-35	1.86703e-30	1.06052e-25	6.17714e-21	2.03784e-16	3.44842e-12	2.64851e-08	7.48094e-05	0.0500145	0.744608	0.199086	0.00620349	1.27146e-05	7.1379e-09	1.55795e-12	1.56562e-16	7.97239e-21	2.17567e-25	3.30268e-30	3.33192e-35	1.28477e-39	3.81706e-44	1.9287e-48	1.35087e-51	
CGA365	0	0	0	0	0	0	0	0	0	0	0	0	0	0	1	0	0	0	0	0	0	0	0	0	0	0	0	0	0	
CGA494	0	0	0	0	0	0	0	0	0	0	0	0	0	1	0	0	0	0	0	0	0	0	0	0	0	0	0	0	0	
N53	5.38628e-74	2.72523e-67	8.04971e-61	1.22599e-54	9.69663e-49	3.92465e-43	7.68029e-38	6.22136e-33	3.26632e-30	3.08735e-29	1.20564e-24	1.37042e-19	8.31023e-15	2.31572e-10	2.40351e-06	0.00595419	0.398535	0.573022	0.0224633	2.39854e-05	5.40662e-09	3.98038e-13	1.16827e-17	1.51675e-22	9.38091e-28	5.17179e-33	6.49717e-38	1.91809e-40	4.43737e-39	
N54	5.0615e-66	2.56645e-61	8.45796e-57	1.5616e-52	1.26764e-48	2.47907e-45	1.32099e-42	1.09822e-37	4.79008e-34	5.40242e-30	1.281e-24	2.08895e-19	1.68853e-14	5.88866e-10	6.90137e-06	0.0154975	0.435327	0.541348	0.0078162	3.95719e-06	4.42345e-10	1.66398e-14	2.56189e-19	1.78852e-24	6.05114e-30	3.23212e-35	1.13065e-38	1.99314e-43	4.5307e-47	
C12265	0	0	0	0	0	0	0	0	0	0	0	0	0	0	0	0	0	1	0	0	0	0	0	0	0	0	0	0	0	
N55	7.94164e-80	1.65862e-72	9.62142e-65	1.18672e-57	5.85766e-51	1.22828e-44	9.92404e-39	8.38136e-34	4.94793e-32	1.17964e-28	5.85518e-23	2.60965e-17	5.26213e-12	3.85165e-07	0.00675167	0.932482	0.0602912	0.000474947	1.24442e-07	4.90673e-12	5.81555e-17	2.58907e-22	4.77826e-28	1.41951e-33	2.71453e-37	4.89487e-41	7.03104e-44	7.10838e-47	1.71633e-48	
C404	0	0	0	0	0	0	0	0	0	0	0	0	0	0	1	0	0	0	0	0	0	0	0	0	0	0	0	0	0	
N56	2.2656e-68	2.54712e-63	1.72925e-58	6.47613e-54	1.31456e-49	1.37718e-45	7.28572e-42	3.58296e-37	1.72708e-35	1.64612e-29	1.85285e-23	9.50842e-18	2.0369e-12	1.54552e-07	0.00254607	0.961145	0.0362091	9.92191e-05	1.10243e-08	2.6662e-13	2.20353e-18	7.57182e-24	1.17242e-29	8.78455e-35	3.98857e-39	2.69995e-43	5.62759e-48	1.07494e-53	1.12095e-56	
Cl11778	0	0	0	0	0	0	0	0	0	0	0	0	0	0	0	1	0	0	0	0	0	0	0	0	0	0	0	0	0	
CGA48	0	0	0	0	0	0	0	0	0	0	0	0	0	0	0	1	0	0	0	0	0	0	0	0	0	0	0	0	0	
C3126	0	0	0	0	0	0	0	0	0	0	0	0	0	0	0	0	0	0	1	0	0	0	0	0	0	0	0	0	0	
N57	1.11002e-71	2.08937e-65	3.41475e-59	1.3651e-52	8.02608e-47	1.97397e-41	2.05996e-36	8.9059e-32	1.37531e-27	8.5178e-27	6.76709e-25	6.55991e-21	9.61307e-17	1.6767e-12	1.23571e-08	3.17644e-05	0.0186377	0.876694	0.104228	0.000408229	3.14102e-07	7.51934e-11	6.91979e-15	2.69258e-19	4.58651e-24	3.43753e-29	6.95796e-34	6.85451e-37	6.02896e-39	
CGA311	0	0	0	0	0	0	0	0	0	0	0	0	0	0	0	0	0	1	0	0	0	0	0	0	0	0	0	0	0	
N58	1.88682e-70	1.18302e-65	4.92056e-61	1.18472e-56	1.65995e-52	1.33845e-48	7.19127e-45	3.03935e-40	1.82415e-35	8.86791e-34	3.1374e-29	6.79589e-24	7.94943e-19	4.47608e-14	1.04764e-09	7.90124e-06	0.0116288	0.877095	0.11096	0.000307819	1.32575e-07	1.51153e-11	5.91435e-16	9.1512e-21	6.09968e-26	4.576e-31	2.0312e-34	1.96003e-39	1.392e-42	
N59	5.43791e-83	8.82275e-76	7.68852e-69	3.31361e-62	7.17646e-56	7.85583e-50	4.17659e-44	9.50993e-39	3.78644e-34	3.19225e-32	3.90996e-29	4.02222e-24	4.73125e-19	3.55287e-14	1.13799e-09	1.21514e-05	0.0256654	0.949665	0.0246363	2.08656e-05	3.35927e-09	1.65284e-13	3.10933e-18	2.51647e-23	9.29488e-29	1.61228e-34	1.01003e-39	9.31562e-45	9.17645e-47	
CGA45	0	0	0	0	0	0	0	0	0	0	0	0	0	0	0	0	1	0	0	0	0	0	0	0	0	0	0	0	0	
N60	7.71311e-68	2.66896e-63	6.25537e-59	8.41238e-55	4.58444e-51	2.561e-48	1.46095e-45	1.65816e-40	5.41857e-36	3.14548e-34	3.99587e-29	7.38815e-24	7.57773e-19	3.96713e-14	9.33311e-10	7.87479e-06	0.0148135	0.964692	0.0204653	2.17946e-05	4.7858e-09	3.37274e-13	9.40968e-18	1.15983e-22	8.35284e-28	7.69637e-32	6.35546e-35	7.95733e-40	7.19834e-43	
C3043	0	0	0	0	0	0	0	0	0	0	0	0	0	0	0	0	0	1	0	0	0	0	0	0	0	0	0	0	0	
CGA364	0	0	0	0	0	0	0	0	0	0	0	0	0	0	0	0	0	1	0	0	0	0	0	0	0	0	0	0	0	
C2208	0	0	0	0	0	0	0	0	0	0	0	0	0	0	0	0	0	0	1	0	0	0	0	0	0	0	0	0	0	
N61	4.69237e-63	1.40105e-57	3.13174e-52	3.89315e-47	2.67355e-42	9.85808e-38	1.84313e-33	1.56054e-29	3.68723e-26	6.68469e-26	3.79058e-22	5.50462e-18	4.55287e-14	1.94693e-10	3.77438e-07	0.000268664	0.0478609	0.9225	0.0292281	0.000141696	1.97344e-07	1.03926e-10	2.39862e-14	2.63785e-18	1.44377e-22	3.98279e-27	5.44538e-32	3.53093e-37	2.23302e-42	
N62	7.31011e-78	3.84571e-71	1.22024e-64	2.10549e-58	1.96674e-52	9.69649e-47	2.38015e-41	2.58176e-36	5.15284e-32	2.67139e-32	1.51088e-28	2.34905e-23	2.38183e-18	1.21507e-13	2.68331e-09	1.99965e-05	0.029914	0.963601	0.0064602	4.53325e-06	7.65007e-10	4.38614e-14	1.02273e-18	1.07209e-23	5.32642e-29	1.29192e-34	4.55058e-40	1.59136e-45	1.50571e-49	
CGA453	0	0	0	0	0	0	0	0	0	0	0	0	0	0	0	0	0	1	0	0	0	0	0	0	0	0	0	0	0	
N63	3.69696e-84	5.80562e-77	5.05771e-70	2.30194e-63	5.49446e-57	6.7496e-51	4.05496e-45	1.03922e-39	5.03982e-36	8.87018e-35	1.21122e-30	4.84211e-25	1.21428e-19	1.56967e-14	8.92969e-10	1.75724e-05	0.0707806	0.927765	0.00143607	2.76011e-07	1.39746e-11	2.54248e-16	1.94771e-21	6.83856e-27	1.16082e-32	2.3945e-38	7.07015e-42	1.19352e-47	1.34518e-51	
CGA501	0	0	0	0	0	0	0	0	0	0	0	0	0	0	0	0	0	1	0	0	0	0	0	0	0	0	0	0	0	
C3121	0	0	0	0	0	0	0	0	0	0	0	0	0	0	0	0	1	0	0	0	0	0	0	0	0	0	0	0	0	
N64	6.33396e-82	2.11781e-74	3.33162e-67	2.43813e-60	8.58591e-54	1.48041e-47	1.20184e-41	4.24237e-36	5.10955e-31	1.91264e-32	3.10049e-32	1.00293e-27	4.76342e-23	1.21437e-17	1.37755e-12	5.9404e-08	0.000706688	0.998045	0.00124786	1.78517e-07	6.57363e-12	8.3923e-17	4.25471e-22	9.12018e-28	8.34618e-34	3.15936e-40	5.2446e-47	5.03474e-54	6.81068e-60	
Calparcri	0	0	0	0	0	0	0	0	0	0	0	0	0	0	0	0	0	1	0	0	0	0	0	0	0	0	0	0	0	
C3118	0	0	0	0	0	0	0	0	0	0	0	0	0	0	0	0	0	1	0	0	0	0	0	0	0	0	0	0	0	
N65	2.37299e-70	1.19191e-64	2.42459e-59	2.19273e-54	9.18949e-50	1.81174e-45	2.03681e-41	5.20078e-36	2.05716e-30	7.62393e-26	2.32177e-20	2.67404e-15	7.26431e-11	4.09171e-07	0.000429613	0.0623345	0.712423	0.224035	0.000777318	2.42117e-07	1.53647e-11	2.86406e-16	1.86325e-21	7.09193e-27	8.04383e-31	1.21124e-34	1.53406e-37	1.02233e-40	8.44866e-41	
N66	1.08607e-67	8.72101e-62	4.66321e-56	1.36158e-50	2.15917e-45	1.81532e-40	7.73512e-36	1.48271e-31	7.97121e-28	1.0788e-24	2.76077e-20	4.52883e-16	3.76734e-12	1.40716e-08	1.94953e-05	0.00715688	0.334303	0.625909	0.0324009	0.000209989	3.21685e-07	1.60714e-10	3.14237e-14	2.68218e-18	1.09522e-22	4.46914e-27	3.42188e-31	3.92554e-35	5.55592e-38	
N67	2.40821e-65	1.07105e-59	3.37585e-54	5.91596e-49	5.85778e-44	3.34479e-39	1.12036e-34	2.27832e-30	2.82802e-26	2.80453e-22	4.23797e-18	3.26764e-14	1.12991e-10	1.56329e-07	7.59337e-05	0.0106394	0.297171	0.664979	0.0269845	0.000149858	2.15654e-07	1.0879e-10	2.2725e-14	2.1644e-18	9.90562e-23	2.22903e-27	2.84939e-32	3.44507e-37	1.43138e-40	
N68	4.03397e-61	3.30308e-55	1.90207e-49	6.23275e-44	1.16253e-38	1.21216e-33	6.7897e-29	1.88926e-24	1.97534e-20	6.93295e-18	6.28706e-14	2.98384e-10	1.68889e-07	3.10245e-05	0.00216053	0.0551054	0.418403	0.517284	0.00700127	1.43631e-05	8.50164e-09	1.92283e-12	1.92719e-16	9.29536e-21	2.25037e-25	2.78585e-30	3.84177e-35	7.13704e-40	3.58141e-43	
N69	1.6654e-66	1.6259e-60	1.07682e-54	3.81993e-49	7.2159e-44	7.08541e-39	3.44878e-34	7.71385e-30	6.00758e-26	1.08487e-24	1.69837e-21	3.18463e-17	3.06326e-13	1.27919e-09	1.98573e-06	0.000926901	0.0907464	0.880013	0.0282141	9.7079e-05	7.88172e-08	2.1339e-11	2.3179e-15	1.12308e-19	2.58551e-24	3.6311e-29	9.00315e-34	1.48447e-37	3.77373e-41	
Triowe	0	0	0	0	0	0	0	0	0	0	0	0	0	0	0	0	0	1	0	0	0	0	0	0	0	0	0	0	0	
N70	4.5643e-71	3.24081e-65	1.64911e-59	4.55011e-54	6.78088e-49	5.33229e-44	2.11595e-39	3.89788e-35	2.41272e-31	6.33211e-28	2.84114e-23	7.99559e-19	1.21119e-14	8.93145e-11	2.75121e-07	0.000275485	0.0567739	0.909346	0.0334723	0.000132334	1.25294e-07	4.01545e-11	5.23183e-15	3.07479e-19	8.85773e-24	3.80919e-28	2.88114e-31	9.58981e-36	2.7253e-38	
Trijoh	0	0	0	0	0	0	0	0	0	0	0	0	0	0	0	0	0	1	0	0	0	0	0	0	0	0	0	0	0	
Trimel	0	0	0	0	0	0	0	0	0	0	0	0	0	0	0	0	0	1	0	0	0	0	0	0	0	0	0	0	0	
N71	6.62549e-54	5.74202e-48	3.40125e-42	1.14103e-36	2.25236e-31	2.77991e-26	2.22965e-21	1.38819e-16	4.37184e-12	6.1495e-08	0.000306152	0.309492	0.524331	0.151954	0.0134656	0.000445082	5.67727e-06	2.41531e-08	1.4173e-11	2.76167e-15	2.33876e-19	9.76407e-24	2.14724e-28	2.57002e-33	1.68898e-38	6.01888e-44	1.13587e-49	1.148e-55	6.98618e-61	
N72	2.11642e-55	3.65565e-49	4.66713e-43	3.66919e-37	1.73872e-31	4.75912e-26	7.1225e-21	5.44856e-16	1.90424e-11	2.58416e-07	0.00100801	0.565663	0.398109	0.0345239	0.000692133	4.09855e-06	7.78919e-09	4.54725e-12	6.70313e-16	3.84398e-20	1.03551e-24	1.44335e-29	1.09796e-34	5.33888e-40	3.22041e-45	1.15681e-48	7.44834e-54	3.72266e-57	1.08005e-61	
Trihoe	0	0	0	0	0	0	0	0	0	0	0	1	0	0	0	0	0	0	0	0	0	0	0	0	0	0	0	0	0	
Tribit	0	0	0	0	0	0	0	0	0	0	0	1	0	0	0	0	0	0	0	0	0	0	0	0	0	0	0	0	0	
Trijac	0	0	0	0	0	0	0	0	0	0	0	1	0	0	0	0	0	0	0	0	0	0	0	0	0	0	0	0	0	
N73	2.0683e-65	8.27669e-60	2.42698e-54	3.95022e-49	3.55002e-44	1.71882e-39	4.27974e-35	5.05819e-31	2.11896e-27	5.18468e-26	2.2549e-22	3.6924e-18	3.42331e-14	1.62069e-10	3.42255e-07	0.000260119	0.0480814	0.899396	0.0519015	0.000360252	6.26535e-07	3.77668e-10	9.39091e-14	1.06394e-17	5.79575e-22	1.55018e-26	2.07489e-31	1.67926e-36	2.3912e-40	
Tricri	0	0	0	0	0	0	0	0	0	0	0	0	0	0	0	0	0	1	0	0	0	0	0	0	0	0	0	0	0	
N74	5.54801e-71	3.63976e-65	1.68607e-59	4.32252e-54	6.09803e-49	4.60981e-44	1.77209e-39	3.12363e-35	1.63095e-31	3.9128e-29	1.65265e-24	5.32841e-20	9.69381e-16	9.12708e-12	3.9102e-08	6.17667e-05	0.0243157	0.93157	0.0438412	0.000210735	2.38119e-07	9.02174e-11	1.38216e-14	9.52229e-19	3.12708e-23	5.13528e-28	2.21275e-32	6.97765e-37	6.58027e-40	
Triwie	0	0	0	0	0	0	0	0	0	0	0	0	0	0	0	0	0	1	0	0	0	0	0	0	0	0	0	0	0	
Triqua	0	0	0	0	0	0	0	0	0	0	0	0	0	0	0	0	0	1	0	0	0	0	0	0	0	0	0	0	0	
N75	9.45421e-63	8.71536e-58	8.21458e-53	4.86793e-48	1.93095e-43	5.37964e-39	1.08471e-34	1.65594e-30	2.06515e-26	2.30288e-22	1.86557e-18	8.9818e-15	2.4099e-11	3.29663e-08	2.00551e-05	0.00431921	0.211381	0.692403	0.0899734	0.00189223	1.10499e-05	2.34836e-08	2.11629e-11	8.843e-15	1.8085e-18	2.26756e-22	1.0269e-25	2.41535e-29	2.29977e-31	
N76	5.70111e-60	4.82236e-55	3.42946e-50	1.36764e-45	3.04773e-41	3.71769e-37	2.39437e-33	7.69703e-30	1.03161e-26	1.36255e-23	1.16331e-19	6.34108e-16	1.98791e-12	3.31308e-09	2.61002e-06	0.000805107	0.0695217	0.821734	0.105916	0.0020105	1.05172e-05	2.01951e-08	1.6639e-11	6.43211e-15	1.22344e-18	1.163e-22	5.44885e-27	1.20614e-31	3.19811e-36	
Kinboe	0	0	0	0	0	0	0	0	0	0	0	0	0	0	0	0	0	1	0	0	0	0	0	0	0	0	0	0	0	
Kinfis	0	0	0	0	0	0	0	0	0	0	0	0	0	0	0	0	0	1	0	0	0	0	0	0	0	0	0	0	0	
Kinxen	0	0	0	0	0	0	0	0	0	0	0	0	0	0	0	0	0	1	0	0	0	0	0	0	0	0	0	0	0	
N77	3.17163e-52	2.58739e-48	1.97394e-44	9.79041e-41	3.18248e-37	6.76323e-34	9.28672e-31	8.84203e-28	1.5299e-23	8.30043e-19	1.53004e-14	8.96598e-11	1.14044e-07	3.85007e-05	0.0040165	0.11989	0.693156	0.182071	0.00082765	7.60031e-07	2.37694e-10	3.12284e-14	1.84017e-18	4.99708e-23	1.35977e-26	2.48491e-29	7.17261e-32	1.77193e-36	2.09844e-38	
N78	2.30664e-44	1.71185e-39	1.21173e-34	5.06438e-30	1.25805e-25	1.84492e-21	1.56286e-17	7.34779e-14	1.79541e-10	2.04983e-07	9.10472e-05	0.0109592	0.127903	0.364886	0.351466	0.127423	0.0166781	0.000590506	3.3531e-06	6.99675e-09	6.79328e-12	3.42511e-15	9.50164e-19	1.49197e-22	1.33524e-26	6.73604e-31	2.02686e-35	5.04278e-40	3.24101e-43	
N79	1.51471e-52	1.16535e-46	6.5977e-41	2.26129e-35	4.78372e-30	6.15105e-25	4.63988e-20	2.04291e-15	4.2318e-11	3.57135e-07	0.000944241	0.425685	0.500545	0.0704875	0.00231566	2.25161e-05	6.98413e-08	6.89442e-11	2.38707e-14	3.49025e-18	2.4383e-22	8.78129e-27	1.70497e-31	1.82479e-36	1.08025e-41	3.49063e-47	6.05593e-53	1.04666e-58	2.0447e-63	
N80	5.58749e-57	1.38076e-50	1.9819e-44	1.51699e-38	6.71368e-33	1.8887e-27	3.48946e-22	5.60638e-17	4.0169e-12	1.08407e-07	0.000807063	0.806705	0.189532	0.00294884	7.27229e-06	4.43954e-09	8.89974e-13	7.11793e-17	2.59555e-21	4.7211e-26	4.54677e-31	2.4129e-36	7.60197e-42	1.60217e-46	1.05969e-51	2.25747e-55	3.36512e-61	1.13418e-65	1.36976e-71	
N81	6.41949e-55	1.14585e-48	1.48967e-42	1.16912e-36	5.43498e-31	1.44076e-25	2.06811e-20	1.50101e-15	4.91618e-11	6.10983e-07	0.0020758	0.870592	0.126345	0.000985219	1.32182e-06	5.29674e-10	8.41517e-14	6.24794e-18	2.40442e-22	5.42289e-27	1.49277e-31	8.12041e-35	1.34795e-38	1.17739e-40	1.14743e-45	1.76681e-48	5.08436e-54	6.43314e-58	1.08968e-63	
Chaafr	0	0	0	0	0	0	0	0	0	0	0	1	0	0	0	0	0	0	0	0	0	0	0	0	0	0	0	0	0	
Chacha	0	0	0	0	0	0	0	0	0	0	0	1	0	0	0	0	0	0	0	0	0	0	0	0	0	0	0	0	0	
N82	1.69768e-54	2.43478e-48	2.61514e-42	1.77514e-36	7.46569e-31	1.84817e-25	2.52148e-20	1.76127e-15	5.56012e-11	6.67842e-07	0.00220092	0.899277	0.0979281	0.000592749	6.71386e-07	2.3971e-10	3.50913e-14	2.45274e-18	9.00388e-23	1.89002e-27	3.19608e-32	8.86109e-36	1.17742e-39	5.19492e-42	5.15636e-47	3.891e-50	1.11344e-55	6.636e-60	9.18557e-66	
Chacaly	0	0	0	0	0	0	0	0	0	0	0	1	0	0	0	0	0	0	0	0	0	0	0	0	0	0	0	0	0	
Chazey	0	0	0	0	0	0	0	0	0	0	0	1	0	0	0	0	0	0	0	0	0	0	0	0	0	0	0	0	0	
N83	7.04383e-50	4.62914e-44	2.22027e-38	5.97338e-33	9.0225e-28	7.52847e-23	3.35021e-18	7.48374e-14	7.59559e-10	2.96497e-06	0.003272	0.505508	0.449468	0.0409949	0.000750597	3.71145e-06	5.92831e-09	3.56854e-12	9.41675e-16	1.21983e-19	8.38486e-24	3.2801e-28	1.3891e-32	6.02629e-35	2.54817e-39	2.05598e-41	2.20378e-46	3.30631e-49	6.97806e-54	
Chadil	0	0	0	0	0	0	0	0	0	0	0	1	0	0	0	0	0	0	0	0	0	0	0	0	0	0	0	0	0	
Chasen	0	0	0	0	0	0	0	0	0	0	0	1	0	0	0	0	0	0	0	0	0	0	0	0	0	0	0	0	0	
Chanam	0	0	0	0	0	0	0	0	0	0	0	1	0	0	0	0	0	0	0	0	0	0	0	0	0	0	0	0	0	
N84	2.37876e-66	2.45921e-60	1.85021e-54	7.58958e-49	1.6868e-43	1.98033e-38	1.15575e-33	2.82491e-29	8.24983e-28	4.12514e-27	1.28667e-22	3.68767e-18	7.87171e-14	8.14041e-10	3.47231e-06	0.00458703	0.979435	0.0159376	3.68666e-05	2.32878e-08	5.37827e-12	5.33444e-16	2.49799e-20	5.8299e-25	6.9518e-30	4.23327e-35	1.28062e-40	1.8095e-46	1.32387e-52	
N85	2.03354e-88	9.67197e-81	5.9507e-73	1.69961e-65	2.12131e-58	1.28926e-51	3.3172e-45	3.29937e-39	1.78718e-36	3.36262e-35	2.04847e-29	3.45492e-25	2.72735e-19	9.05818e-14	1.07223e-08	0.000321462	0.996798	0.00288007	5.61848e-07	2.10883e-11	2.33956e-16	9.36358e-22	1.49019e-27	1.0417e-33	2.04846e-38	1.02442e-40	3.12452e-43	2.45733e-46	5.99141e-47	
N86	1.80366e-74	5.11066e-69	8.14261e-64	6.93105e-59	3.19271e-54	7.90987e-50	1.00794e-45	5.61193e-42	1.18302e-40	6.36939e-38	9.35805e-32	1.08148e-25	1.02975e-19	4.15728e-14	6.18529e-09	0.000240707	0.997598	0.00216085	2.82145e-07	7.23292e-12	5.69269e-17	1.69285e-22	2.08127e-28	9.09948e-34	1.13394e-36	6.21435e-41	1.94285e-46	3.45635e-51	4.60563e-48	
Braset	0	0	0	0	0	0	0	0	0	0	0	0	0	0	0	0	1	0	0	0	0	0	0	0	0	0	0	0	0	
N87	2.49158e-73	4.39152e-68	4.66584e-63	2.79464e-58	1.9067e-55	6.91369e-53	8.75065e-47	4.60582e-41	3.05874e-38	2.21892e-35	2.06972e-29	1.20699e-23	3.75354e-18	5.44298e-13	3.11389e-08	0.000505331	0.997573	0.00192149	3.71185e-07	1.75827e-11	2.91394e-16	2.01272e-21	6.35603e-27	1.78573e-32	1.07595e-35	8.15341e-40	3.05907e-45	1.15338e-50	1.32641e-53	
N88	1.72747e-87	1.79371e-79	8.45773e-72	1.85163e-64	1.93927e-57	9.94811e-51	2.39236e-44	2.42847e-38	3.25352e-36	2.85211e-36	6.18936e-31	5.48984e-26	5.17437e-20	2.20673e-14	3.66285e-09	0.000173338	0.9994	0.000426733	2.06105e-08	2.62149e-13	1.19042e-18	2.2176e-24	1.81087e-30	6.64839e-37	3.17297e-43	8.7111e-49	2.35473e-55	3.73377e-62	1.03164e-67	
Bramel	0	0	0	0	0	0	0	0	0	0	0	0	0	0	0	0	1	0	0	0	0	0	0	0	0	0	0	0	0	
Bratha	0	0	0	0	0	0	0	0	0	0	0	0	0	0	0	0	1	0	0	0	0	0	0	0	0	0	0	0	0	
N89	6.3061e-84	1.41963e-76	1.72614e-69	1.08669e-62	3.55854e-56	5.95821e-50	4.84444e-44	1.63733e-38	3.39588e-36	7.65531e-35	4.29041e-29	1.96192e-23	5.415e-18	7.10073e-13	3.71122e-08	0.000551502	0.998012	0.00143595	2.31675e-07	9.75554e-12	1.49553e-16	9.87084e-22	3.07331e-27	4.98396e-33	8.38829e-38	2.89311e-42	7.22052e-48	1.94527e-53	4.46608e-57	
Bradra	0	0	0	0	0	0	0	0	0	0	0	0	0	0	0	0	1	0	0	0	0	0	0	0	0	0	0	0	0	
Bratra	0	0	0	0	0	0	0	0	0	0	0	0	0	0	0	0	1	0	0	0	0	0	0	0	0	0	0	0	0	
N90	3.85317e-80	3.96936e-73	2.34629e-66	7.44909e-60	1.27002e-53	1.13798e-47	5.07186e-42	9.5695e-37	1.25199e-34	2.64087e-33	9.43586e-28	2.61297e-22	4.26628e-17	3.32307e-12	1.03417e-07	0.000916994	0.996735	0.00234746	6.27154e-07	4.39828e-11	1.12834e-15	1.25304e-20	6.60914e-26	1.75128e-31	5.27955e-37	1.20149e-41	4.75346e-47	1.70102e-52	2.65409e-56	
Bragut	0	0	0	0	0	0	0	0	0	0	0	0	0	0	0	0	1	0	0	0	0	0	0	0	0	0	0	0	0	
Braven	0	0	0	0	0	0	0	0	0	0	0	0	0	0	0	0	1	0	0	0	0	0	0	0	0	0	0	0	0	
N91	3.07274e-75	8.18335e-69	1.37011e-62	1.26564e-56	6.41464e-51	1.73568e-45	2.3659e-40	1.32752e-35	2.28854e-33	9.74583e-30	1.45814e-24	1.28497e-19	6.07598e-15	1.37218e-10	1.23328e-06	0.00314031	0.986789	0.0100578	1.11982e-05	3.15888e-09	3.17959e-13	1.36611e-17	2.77675e-22	2.83755e-27	1.988e-32	7.90518e-37	1.60691e-41	1.82799e-46	1.24448e-49	
Brapum	0	0	0	0	0	0	0	0	0	0	0	0	0	0	0	0	1	0	0	0	0	0	0	0	0	0	0	0	0	
Bradam	0	0	0	0	0	0	0	0	0	0	0	0	0	0	0	0	1	0	0	0	0	0	0	0	0	0	0	0	0	
