NODE	1	2	3	4	5	6	7	8	9	10	11	12	13	14	15	16	17	18	19	20	21	22	23	24	25	26	27	28	29	
N1	3.69931e-55	1.40814e-51	4.73283e-48	1.29987e-44	2.88781e-41	5.09913e-38	6.96025e-35	7.08626e-32	5.13884e-29	3.3453e-26	2.67302e-23	1.49741e-20	5.25856e-18	1.04914e-15	1.03431e-13	4.08214e-12	4.57335e-11	1	5.35521e-11	8.43907e-12	5.35287e-13	1.69536e-14	3.08874e-16	3.56641e-18	2.79748e-20	1.56983e-22	6.55757e-25	2.1041e-27	5.52174e-30	
N2	2.20682e-58	3.64221e-54	6.28201e-50	8.61131e-46	9.41812e-42	8.49684e-38	6.73362e-34	4.89608e-30	3.12904e-26	1.60629e-22	6.07398e-19	1.56135e-15	2.57971e-12	2.55242e-09	1.37187e-06	0.000347304	0.0329074	0.741502	0.213807	0.011245	0.000188058	1.33791e-06	4.82756e-09	9.93042e-12	1.26523e-14	1.06736e-17	3.74011e-20	1.11127e-20	2.51729e-21	
N3	4.01408e-63	2.73115e-58	1.5462e-53	6.21145e-49	1.70398e-44	3.0408e-40	3.3313e-36	2.11102e-32	6.46856e-29	3.9615e-26	4.36587e-22	4.39849e-18	2.67819e-14	9.0046e-11	1.47151e-07	9.62137e-05	0.0181435	0.518541	0.429743	0.0329473	0.000526624	2.711e-06	5.81863e-09	6.15532e-12	3.60381e-15	1.27055e-18	2.87755e-22	4.76801e-26	3.54503e-29	
N4	2.62622e-66	2.96988e-61	3.11623e-56	2.49896e-51	1.47912e-46	6.23024e-42	1.79645e-37	3.37574e-33	3.74199e-29	3.7532e-25	4.39792e-21	3.30846e-17	1.47197e-13	3.53666e-10	4.03765e-07	0.000180983	0.0234026	0.497203	0.438121	0.0402644	0.0008215	5.55352e-06	1.58256e-08	2.22766e-11	1.73126e-14	8.0616e-18	2.40805e-21	3.40048e-24	3.48233e-25	
B3088	0	0	0	0	0	0	0	0	0	0	0	0	0	0	0	0	0	1	0	0	0	0	0	0	0	0	0	0	0	
N5	1.94216e-58	3.37813e-54	7.26021e-50	1.42385e-45	2.43046e-41	3.45086e-37	3.9172e-33	3.43496e-29	2.25349e-25	1.06999e-21	3.53852e-18	7.7767e-15	1.06992e-11	8.50949e-09	3.5016e-06	0.000632769	0.0385984	0.492192	0.420459	0.0467263	0.00137261	1.53476e-05	8.08574e-08	2.3054e-10	3.91794e-13	4.26036e-16	3.13882e-19	5.6273e-22	1.03287e-22	
BGA709	0	0	0	0	0	0	0	0	0	0	0	0	0	0	0	0	0	1	0	0	0	0	0	0	0	0	0	0	0	
BGA309	0	0	0	0	0	0	0	0	0	0	0	0	0	0	0	0	0	1	0	0	0	0	0	0	0	0	0	0	0	
N6	4.65049e-65	3.818e-60	2.65121e-55	1.35173e-50	5.04778e-46	1.4001e-41	2.93876e-37	4.50753e-33	4.09983e-29	3.67817e-27	1.35938e-23	2.06549e-19	1.93577e-15	1.02639e-11	2.73839e-08	3.07114e-05	0.0106507	0.603839	0.370278	0.0150762	0.000124871	3.40605e-07	3.98691e-10	2.36231e-13	7.92166e-17	1.62815e-20	2.17732e-24	2.1371e-28	1.58257e-31	
N7	1.62404e-57	1.99791e-53	2.27467e-49	1.89989e-45	1.14517e-41	5.0705e-38	1.85783e-34	7.48033e-31	4.0925e-27	2.63011e-23	1.44579e-19	5.36362e-16	1.26075e-12	1.73301e-09	1.24312e-06	0.000390902	0.0399734	0.711103	0.237926	0.0104747	0.000129607	6.44908e-07	1.58193e-09	2.17924e-12	1.84521e-15	1.02589e-18	3.94072e-22	1.1504e-25	1.45382e-28	
B11696	0	0	0	0	0	0	0	0	0	0	0	0	0	0	0	0	0	1	0	0	0	0	0	0	0	0	0	0	0	
B11609	0	0	0	0	0	0	0	0	0	0	0	0	0	0	0	0	0	1	0	0	0	0	0	0	0	0	0	0	0	
N8	8.55897e-77	1.04649e-70	8.9533e-65	4.9552e-59	1.7654e-53	4.04224e-48	6.06298e-43	6.25417e-38	4.00766e-33	5.34743e-31	3.22556e-28	3.01175e-23	1.68948e-18	5.01603e-14	6.88753e-10	3.52507e-06	0.00458552	0.658094	0.330334	0.00696092	2.18776e-05	1.85746e-08	5.90067e-12	8.5754e-16	6.51765e-20	2.84493e-24	7.64944e-29	4.25155e-33	2.7582e-35	
N9	3.29965e-62	9.06598e-59	2.13756e-55	3.85978e-52	4.87996e-49	1.96249e-46	1.25127e-44	1.16885e-41	3.09325e-37	3.87509e-33	5.10861e-28	4.46165e-23	2.2795e-18	6.23085e-14	7.97641e-10	3.86373e-06	0.00483778	0.673212	0.315905	0.00602369	1.72476e-05	1.36344e-08	4.12457e-12	5.82603e-16	4.38348e-20	1.92595e-24	5.71729e-29	7.03189e-31	6.3298e-32	
N10	6.66558e-64	2.09881e-59	6.0332e-55	1.3059e-50	2.16492e-46	2.90889e-42	3.45395e-38	3.96944e-34	4.88971e-30	6.66734e-26	8.07925e-22	6.56889e-18	3.36163e-14	9.98276e-11	1.53142e-07	0.000101411	0.0212093	0.712654	0.25857	0.0074125	5.25602e-05	1.41335e-07	1.80948e-10	1.27051e-13	5.38663e-17	1.47843e-20	2.83638e-24	5.81912e-27	2.65075e-28	
B985	0	0	0	0	0	0	0	0	0	0	0	0	0	0	0	0	0	1	0	0	0	0	0	0	0	0	0	0	0	
N11	1.85712e-64	1.50178e-59	1.00164e-54	4.76827e-50	1.55137e-45	3.25374e-41	4.04892e-37	2.62726e-33	6.31928e-30	6.41832e-29	1.31137e-24	2.83742e-20	3.8574e-16	3.03446e-12	1.22853e-08	2.13233e-05	0.0114853	0.923932	0.0640528	0.000507904	1.09093e-06	9.27971e-10	3.85754e-13	8.94667e-17	1.26747e-20	1.17114e-24	7.42183e-29	3.72617e-33	1.5045e-36	
B199	0	0	0	0	0	0	0	0	0	0	0	0	0	0	0	0	0	1	0	0	0	0	0	0	0	0	0	0	0	
B11604	0	0	0	0	0	0	0	0	0	0	0	0	0	0	0	0	0	1	0	0	0	0	0	0	0	0	0	0	0	
N12	4.46437e-66	3.98435e-61	2.97094e-56	1.58465e-51	5.88968e-47	1.50139e-42	2.68747e-38	3.64634e-34	3.34804e-30	5.25285e-28	8.08911e-24	1.42626e-19	1.55302e-15	9.59003e-12	2.97198e-08	3.82058e-05	0.0145846	0.793864	0.188061	0.00343827	1.44734e-05	2.19353e-08	1.52304e-11	5.62735e-15	1.2246e-18	1.68826e-22	1.56317e-26	1.92029e-30	8.33688e-33	
BGA89	0	0	0	0	0	0	0	0	0	0	0	0	0	0	0	0	0	1	0	0	0	0	0	0	0	0	0	0	0	
N13	5.49505e-68	4.8655e-63	3.55813e-58	1.8171e-53	6.24409e-49	1.38268e-44	1.90254e-40	1.68489e-36	1.26765e-32	1.76881e-28	5.10913e-24	9.84296e-20	1.1701e-15	7.88205e-12	2.65935e-08	3.70407e-05	0.0151221	0.838715	0.144129	0.00199017	6.52208e-06	7.86335e-09	4.41517e-12	1.33666e-15	2.40961e-19	2.77779e-23	2.21297e-27	3.61098e-30	1.35703e-31	
BGAA2	0	0	0	0	0	0	0	0	0	0	0	0	0	0	0	0	0	1	0	0	0	0	0	0	0	0	0	0	0	
BGA584	0	0	0	0	0	0	0	0	0	0	0	0	0	0	0	0	0	1	0	0	0	0	0	0	0	0	0	0	0	
N14	1.4246e-59	2.59185e-55	4.24903e-51	5.05987e-47	4.25015e-43	2.47825e-39	1.0507e-35	4.06115e-32	2.10703e-28	1.64299e-24	1.30949e-20	7.05462e-17	2.40501e-13	4.78499e-10	4.94962e-07	0.000222739	0.0320027	0.753792	0.207435	0.00649224	5.51953e-05	1.86636e-07	3.09838e-10	2.8843e-13	1.64947e-16	6.1928e-20	1.60818e-23	3.82707e-27	1.55992e-29	
BGA304	0	0	0	0	0	0	0	0	0	0	0	0	0	0	0	0	0	1	0	0	0	0	0	0	0	0	0	0	0	
BGAB1	0	0	0	0	0	0	0	0	0	0	0	0	0	0	0	0	0	1	0	0	0	0	0	0	0	0	0	0	0	
PGA445	0	0	0	0	0	0	0	0	0	0	0	0	0	0	0	0	0	1	0	0	0	0	0	0	0	0	0	0	0	
N15	2.73977e-60	1.97642e-54	9.85533e-49	3.13261e-43	6.14771e-38	7.06112e-33	4.37081e-28	1.25064e-23	5.49942e-20	2.96826e-18	2.08933e-14	5.59893e-11	5.16118e-08	1.73689e-05	0.00209658	0.0782686	0.592688	0.325886	0.00104243	5.48663e-07	9.55254e-11	7.43657e-15	3.05295e-19	7.31231e-24	1.09333e-28	1.08035e-33	1.78895e-38	2.60075e-41	6.87602e-44	
N16	1.48091e-38	2.86613e-34	5.58251e-30	7.39411e-26	6.2933e-22	3.24396e-18	9.38731e-15	1.38111e-11	9.07188e-09	2.26243e-06	0.000183842	0.00492369	0.0488831	0.200138	0.359554	0.285136	0.0921146	0.00902565	3.9298e-05	6.27781e-08	5.01954e-11	2.32138e-14	6.77682e-18	1.326e-21	1.81796e-25	1.82214e-29	5.44711e-33	1.4135e-33	1.53125e-33	
Rhaspe	0	0	0	0	0	0	0	0	0	1	0	0	0	0	0	0	0	0	0	0	0	0	0	0	0	0	0	0	0	
N17	1.50458e-27	7.61401e-26	4.84466e-24	5.0513e-22	7.70778e-19	1.2032e-15	1.1245e-12	5.80523e-10	1.49831e-07	1.70591e-05	0.000755331	0.0126745	0.0868117	0.260757	0.356904	0.220768	0.056693	0.00458891	3.03318e-05	8.11631e-08	1.16934e-10	1.03506e-13	6.0858e-17	2.50336e-20	7.47633e-24	2.69955e-27	2.91507e-29	1.96663e-29	7.67983e-30	
Rhamar	0	0	0	0	0	0	0	0	0	1	0	0	0	0	0	0	0	0	0	0	0	0	0	0	0	0	0	0	0	
Rhatem	0	0	0	0	0	0	0	0	0	0	1	0	0	0	0	0	0	0	0	0	0	0	0	0	0	0	0	0	0	
N18	2.09192e-68	8.66092e-63	2.54941e-58	3.68733e-53	2.68807e-47	1.16255e-41	2.87914e-36	3.21427e-31	1.82356e-27	2.92954e-23	1.89308e-18	4.93756e-14	4.33057e-10	1.0521e-06	0.000576188	0.0546742	0.593135	0.348922	0.00268973	2.22788e-06	4.36426e-10	2.99972e-14	9.04936e-19	1.37394e-23	1.34478e-28	4.59252e-31	7.72719e-35	2.41459e-36	6.37696e-37	
N19	6.99036e-63	3.60481e-57	1.35785e-51	3.45503e-46	5.83356e-41	6.32747e-36	4.18559e-31	1.54376e-26	2.16011e-22	2.9983e-20	1.1642e-16	1.03986e-12	3.42934e-09	3.24599e-06	0.000835588	0.0512178	0.527813	0.4039	0.0161388	9.14951e-05	1.3699e-07	7.64309e-11	1.95895e-14	2.64859e-18	2.08131e-22	1.02254e-26	5.18401e-31	1.16261e-33	3.80938e-36	
N20	3.36738e-50	1.42766e-45	5.70458e-41	1.76278e-36	4.11669e-32	7.07149e-28	8.63806e-24	7.18445e-20	3.83812e-16	1.21229e-12	1.98946e-09	1.33831e-06	0.00019931	0.00727454	0.0873833	0.359636	0.438064	0.104799	0.00262644	1.70493e-05	4.44496e-08	5.78378e-11	4.28086e-14	1.96782e-17	5.98461e-21	1.26311e-24	2.05926e-28	9.10565e-31	3.58062e-32	
FGA379	0	0	0	0	0	0	0	0	0	0	0	0	0	0	0	0	1	0	0	0	0	0	0	0	0	0	0	0	0	
N21	7.90554e-44	2.68492e-39	8.47102e-35	2.00264e-30	3.44375e-26	4.15677e-22	3.36555e-18	1.72167e-14	5.12114e-11	7.83943e-08	5.06418e-05	0.00941926	0.153243	0.41809	0.322369	0.0878333	0.00872502	0.000266996	1.63313e-06	3.55013e-09	3.67962e-12	2.13223e-15	7.63112e-19	1.80638e-22	2.97354e-26	3.53708e-30	3.15835e-34	7.42896e-38	7.26428e-40	
N22	2.05207e-49	3.78101e-44	5.84164e-39	6.52108e-34	5.11061e-29	2.70126e-24	9.17272e-20	1.88966e-15	2.11758e-11	1.11801e-07	0.000213803	0.0762669	0.488523	0.388947	0.0447578	0.00128068	1.08534e-05	2.70796e-08	1.97075e-11	5.86873e-15	8.65632e-19	7.08637e-23	3.53124e-27	3.11195e-29	1.43874e-30	4.77996e-33	2.29127e-35	9.09008e-36	3.19496e-36	
N23	2.56362e-47	1.2973e-43	3.74903e-40	6.41284e-36	1.55747e-30	2.56804e-25	2.5469e-20	1.46783e-15	3.95303e-11	4.01381e-07	0.00101775	0.228846	0.628773	0.13736	0.00397905	2.37887e-05	3.61828e-08	1.51685e-11	2.00925e-15	1.13234e-19	3.23881e-24	5.24318e-29	5.30788e-34	1.76673e-36	3.05863e-38	7.11117e-39	1.56875e-40	2.88716e-40	7.22732e-41	
F3016	0	0	0	0	0	0	0	0	0	0	1	0	0	0	0	0	0	0	0	0	0	0	0	0	0	0	0	0	0	
N24	9.45481e-48	1.61185e-44	2.71112e-41	6.70706e-36	1.73472e-30	2.99713e-25	3.18749e-20	1.99625e-15	5.68066e-11	5.87025e-07	0.00143684	0.304317	0.622605	0.0707813	0.000857613	1.82139e-06	9.23854e-10	1.42546e-13	8.66783e-18	2.53983e-22	4.07415e-27	3.88598e-32	2.44943e-37	9.56041e-40	5.0876e-40	2.30408e-39	1.15324e-41	2.41915e-41	1.08973e-42	
N25	4.55794e-50	6.81105e-47	1.8914e-41	6.13813e-36	1.3778e-30	2.03892e-25	1.85627e-20	9.62391e-16	2.47243e-11	2.61339e-07	0.00081211	0.363151	0.597966	0.0378646	0.000205751	1.9652e-07	5.4853e-11	6.15529e-15	3.37288e-19	1.02138e-23	1.85483e-28	4.67225e-33	1.04784e-36	2.62524e-38	2.56657e-42	3.89324e-44	1.04666e-48	8.24412e-51	6.98288e-55	
N26	1.31919e-61	1.07749e-54	5.10636e-48	1.53366e-41	3.02508e-35	3.79192e-29	2.82166e-23	1.14995e-17	2.04629e-12	1.26171e-07	0.00159629	0.650792	0.344408	0.00320171	1.43863e-06	1.11946e-10	2.70928e-15	2.68464e-20	1.26196e-25	3.07234e-31	4.21714e-37	4.40569e-42	1.47816e-44	3.72274e-45	1.45862e-47	2.62458e-48	1.68935e-51	1.61992e-52	1.93901e-55	
N27	9.93564e-50	7.20149e-46	4.5439e-42	2.97723e-38	1.22393e-32	9.31068e-27	3.42741e-21	6.07758e-16	4.37614e-11	1.03819e-06	0.00481274	0.667492	0.324968	0.00272483	1.19874e-06	1.18055e-10	4.22717e-15	6.86705e-20	5.61105e-25	2.53023e-30	9.79405e-35	4.80431e-36	1.68918e-39	3.92684e-40	8.13702e-42	3.65277e-41	2.22476e-44	1.02494e-44	1.27307e-47	
F1476	0	0	0	0	0	0	0	0	0	0	1	0	0	0	0	0	0	0	0	0	0	0	0	0	0	0	0	0	0	
N28	5.59046e-54	1.26444e-49	1.92521e-43	1.88257e-37	1.16077e-31	4.37296e-26	9.62933e-21	1.14394e-15	6.46434e-11	1.3896e-06	0.00702296	0.663536	0.324953	0.00448286	3.67844e-06	7.04762e-10	4.94047e-14	1.58839e-18	2.67306e-23	3.33542e-28	9.59493e-32	3.55518e-33	1.64181e-36	9.61676e-35	4.59189e-37	5.48014e-37	5.01353e-40	8.16199e-41	1.25505e-43	
Furcep	0	0	0	0	0	0	0	0	0	0	0	0	0	1	0	0	0	0	0	0	0	0	0	0	0	0	0	0	0	
N29	1.00531e-45	8.22162e-44	1.57987e-38	4.73381e-33	9.04012e-28	1.06111e-22	7.24188e-18	2.64019e-13	4.50008e-09	2.84953e-05	0.041162	0.744727	0.212367	0.00171455	1.42166e-06	3.57453e-10	3.85832e-14	2.14439e-18	6.85284e-23	1.35506e-27	1.94726e-32	1.63453e-34	1.9647e-37	8.24322e-39	9.5657e-43	2.47875e-44	4.34522e-49	3.02164e-51	8.96709e-56	
Furpol	0	0	0	0	0	0	0	0	0	0	0	1	0	0	0	0	0	0	0	0	0	0	0	0	0	0	0	0	0	
N30	2.31174e-44	4.44842e-39	6.82252e-34	7.36576e-29	5.36332e-24	2.49092e-19	6.84326e-15	9.98526e-11	6.55836e-07	0.00145373	0.571927	0.407024	0.0195428	5.18046e-05	3.45725e-08	9.07205e-12	1.1694e-15	8.47397e-20	3.77996e-24	1.10807e-28	2.27413e-33	4.87463e-37	3.58562e-40	2.42896e-42	3.32561e-46	1.28035e-48	3.79595e-53	3.28008e-56	1.18028e-60	
N31	1.22829e-44	2.95472e-39	5.54212e-34	7.23938e-29	6.29833e-24	3.44086e-19	1.08882e-14	1.77515e-10	1.24133e-06	0.00268668	0.852809	0.143139	0.00136261	1.52546e-06	5.24026e-10	7.77888e-14	5.99506e-18	2.69218e-22	7.62608e-27	1.47206e-31	4.26627e-36	1.90484e-38	3.13047e-42	1.4409e-44	5.50015e-49	1.03515e-51	1.75367e-56	7.84555e-60	1.58417e-64	
F2241	0	0	0	0	0	0	0	0	0	0	1	0	0	0	0	0	0	0	0	0	0	0	0	0	0	0	0	0	0	
Furang	0	0	0	0	0	0	0	0	0	0	1	0	0	0	0	0	0	0	0	0	0	0	0	0	0	0	0	0	0	
FGA490	0	0	0	0	0	0	0	0	0	0	1	0	0	0	0	0	0	0	0	0	0	0	0	0	0	0	0	0	0	
N32	6.31494e-54	7.65217e-48	6.9969e-42	4.46639e-36	1.91277e-30	5.20728e-25	8.38737e-20	7.24211e-15	2.85519e-10	3.96788e-06	0.011389	0.845407	0.142842	0.000357996	1.29034e-07	1.39999e-11	6.35187e-16	1.44993e-20	1.87208e-25	1.48158e-30	8.06003e-36	3.51864e-39	9.71925e-43	3.4253e-45	1.29554e-49	2.50409e-52	1.51804e-57	5.43453e-61	3.78633e-66	
N33	3.32335e-51	1.70287e-45	6.33512e-40	1.61946e-34	3.02382e-29	4.27959e-24	4.142e-19	2.49932e-14	6.81877e-10	6.59098e-06	0.0135098	0.873178	0.113019	0.00028627	1.16732e-07	1.51421e-11	8.51988e-16	2.45972e-20	4.03437e-25	4.33592e-30	2.84141e-34	3.46854e-36	6.12889e-40	5.90382e-42	1.17174e-42	8.75313e-43	9.39085e-46	6.27218e-47	9.52601e-50	
N34	9.87124e-59	2.83975e-52	5.6691e-46	7.54678e-40	6.82801e-34	4.15787e-28	1.57978e-22	3.64122e-17	3.89549e-12	1.55233e-07	0.00147277	0.870429	0.127476	0.000621973	1.78345e-07	1.27287e-11	3.44685e-16	4.36497e-21	2.92161e-26	3.13217e-31	5.86343e-35	3.67846e-37	1.17583e-41	7.73131e-42	2.72065e-43	3.76921e-44	1.44106e-47	3.8258e-49	2.07942e-52	
N35	3.69823e-52	1.41441e-48	1.24572e-42	7.29301e-37	2.75469e-31	6.4881e-26	9.054e-21	6.9541e-16	2.61438e-11	3.98539e-07	0.00172658	0.912736	0.0852949	0.000241719	9.99622e-08	1.30187e-11	7.34271e-16	2.12609e-20	3.50276e-25	3.60688e-30	1.46054e-34	4.41501e-36	2.08522e-39	4.02012e-41	1.01037e-45	8.73556e-48	6.59441e-53	9.82e-56	1.02312e-60	
N36	5.74021e-51	2.3084e-45	7.42164e-40	1.72282e-34	2.77712e-29	2.96465e-24	1.97286e-19	7.54513e-15	1.47096e-10	1.21063e-06	0.00298087	0.962529	0.0344185	7.06402e-05	3.44848e-08	6.35119e-12	5.57921e-16	2.6926e-20	7.84028e-25	1.48121e-29	3.01325e-34	1.55047e-36	9.60816e-40	6.28895e-42	2.39687e-46	5.53224e-49	8.90208e-54	4.12433e-57	7.61031e-62	
FGA456	0	0	0	0	0	0	0	0	0	0	0	1	0	0	0	0	0	0	0	0	0	0	0	0	0	0	0	0	0	
FGA516	0	0	0	0	0	0	0	0	0	0	0	1	0	0	0	0	0	0	0	0	0	0	0	0	0	0	0	0	0	
F12278	0	0	0	0	0	0	0	0	0	0	0	1	0	0	0	0	0	0	0	0	0	0	0	0	0	0	0	0	0	
N37	3.31345e-50	6.04954e-45	9.42488e-40	1.16846e-34	1.16549e-29	9.02662e-25	4.95908e-20	1.72257e-15	3.34109e-11	3.03028e-07	0.000979147	0.606531	0.365706	0.0267421	4.12541e-05	1.76849e-08	3.17751e-12	2.92483e-16	1.55828e-20	5.61841e-25	9.19559e-29	1.59577e-30	1.63941e-33	1.49735e-35	6.55283e-40	7.59257e-43	1.77996e-47	9.23695e-51	2.3203e-55	
Furant	0	0	0	0	0	0	0	0	0	0	0	1	0	0	0	0	0	0	0	0	0	0	0	0	0	0	0	0	0	
FGA331	0	0	0	0	0	0	0	0	0	0	0	0	0	1	0	0	0	0	0	0	0	0	0	0	0	0	0	0	0	
FGA465	0	0	0	0	0	0	0	0	0	0	1	0	0	0	0	0	0	0	0	0	0	0	0	0	0	0	0	0	0	
N38	1.63652e-46	4.68993e-41	1.05321e-35	1.65107e-30	1.73446e-25	1.15674e-20	4.5526e-16	9.51114e-12	8.95741e-08	0.000286477	0.167576	0.804094	0.0279886	5.50409e-05	2.79145e-08	5.58645e-12	5.47573e-16	2.99983e-20	1.00401e-24	2.19172e-29	3.66237e-34	4.06566e-37	2.4251e-40	1.12673e-42	6.74063e-47	1.39387e-49	2.62587e-54	9.38545e-58	1.84874e-62	
FGA99	0	0	0	0	0	0	0	0	0	0	1	0	0	0	0	0	0	0	0	0	0	0	0	0	0	0	0	0	0	
N39	4.90872e-46	1.26927e-40	2.56649e-35	3.62125e-30	3.42419e-25	2.05757e-20	7.30689e-16	1.38167e-11	1.18379e-07	0.00034742	0.190559	0.795986	0.013085	2.17965e-05	1.01716e-08	1.94439e-12	1.86306e-16	1.01389e-20	3.41059e-25	9.87111e-30	3.12771e-33	6.19204e-35	1.1249e-38	1.30513e-40	4.39157e-45	1.4467e-47	2.56308e-52	1.99316e-55	4.42785e-60	
FGA15	0	0	0	0	0	0	0	0	0	0	1	0	0	0	0	0	0	0	0	0	0	0	0	0	0	0	0	0	0	
FGA581	0	0	0	0	0	0	0	0	0	0	0	1	0	0	0	0	0	0	0	0	0	0	0	0	0	0	0	0	0	
FGA104	0	0	0	0	0	0	0	0	0	0	0	0	1	0	0	0	0	0	0	0	0	0	0	0	0	0	0	0	0	
FGA489	0	0	0	0	0	0	0	0	0	0	1	0	0	0	0	0	0	0	0	0	0	0	0	0	0	0	0	0	0	
FGA174	0	0	0	0	0	0	0	0	0	0	0	0	0	1	0	0	0	0	0	0	0	0	0	0	0	0	0	0	0	
FurbGB	0	0	0	0	0	0	0	0	0	0	0	1	0	0	0	0	0	0	0	0	0	0	0	0	0	0	0	0	0	
N40	1.61445e-57	2.46155e-54	3.10212e-51	2.19973e-48	4.10999e-44	2.88052e-39	1.28425e-34	3.33171e-30	3.68949e-26	2.56684e-22	4.35063e-18	4.14408e-14	1.90368e-10	3.47968e-07	0.000196275	0.0249011	0.444765	0.496494	0.0332928	0.000350304	1.02136e-06	1.13573e-09	5.85997e-13	1.59674e-16	2.52776e-20	4.96485e-23	3.9246e-25	7.99687e-26	5.903e-27	
N41	3.59342e-60	1.02167e-55	2.89629e-51	7.03991e-47	1.57186e-42	3.40874e-38	7.08515e-34	1.29123e-29	1.84919e-25	1.91269e-21	1.3173e-17	5.60546e-14	1.35302e-10	1.64261e-07	8.36202e-05	0.0131869	0.361394	0.560985	0.0630373	0.00130463	8.35791e-06	2.2176e-08	2.91879e-11	2.15114e-14	9.67764e-18	2.84558e-21	1.98946e-24	1.94945e-25	1.54046e-26	
N42	2.6787e-60	1.45205e-55	7.27592e-51	2.86634e-46	9.01092e-42	2.21327e-37	3.8887e-33	4.04602e-29	1.3936e-26	2.89478e-23	4.16022e-19	3.72516e-15	1.90498e-11	4.93116e-08	5.33242e-05	0.0168359	0.534352	0.429385	0.0192114	0.000162013	4.37822e-07	5.03452e-10	2.92816e-13	9.66223e-17	1.96149e-20	2.60049e-24	2.36261e-28	2.00152e-32	2.27645e-35	
CGA312	0	0	0	0	0	0	0	0	0	0	0	0	0	0	0	0	0	1	0	0	0	0	0	0	0	0	0	0	0	
N43	1.2817e-74	1.87527e-68	1.90279e-62	1.23846e-56	5.02425e-51	1.21342e-45	1.64048e-40	1.02677e-35	1.72248e-33	2.24295e-28	4.24097e-23	4.48812e-18	2.3888e-13	5.38527e-09	3.66622e-05	0.0265569	0.654974	0.314117	0.00430854	6.55897e-06	2.39778e-09	3.07183e-13	1.71009e-17	4.73013e-22	7.08903e-27	6.08693e-32	3.25848e-37	5.09654e-38	4.55767e-37	
N44	1.18736e-72	4.96506e-67	2.35041e-60	3.16621e-55	1.74699e-50	1.34532e-46	1.36634e-43	4.50478e-39	1.57712e-34	2.33525e-31	5.52847e-25	6.8463e-19	3.22468e-13	4.23243e-08	0.000450229	0.095858	0.845139	0.0584992	5.31685e-05	3.9782e-09	6.69955e-14	3.90193e-19	9.69287e-25	1.14884e-30	6.91264e-37	3.12934e-43	6.35383e-45	8.71231e-43	2.83033e-41	
N45	8.59926e-66	1.28713e-61	1.50422e-57	1.29306e-53	8.29665e-50	4.08689e-46	1.57503e-42	1.88735e-38	1.18798e-34	2.32886e-29	1.49076e-23	4.44668e-18	5.67215e-13	2.56567e-08	0.000246476	0.0885722	0.856266	0.0548544	6.11201e-05	1.01217e-08	4.84199e-13	9.0958e-18	7.67067e-23	3.13164e-28	6.34515e-34	3.97139e-37	2.1564e-39	3.40869e-40	9.48529e-39	
N46	2.60138e-68	1.41375e-62	5.54445e-57	1.42272e-51	2.32317e-46	2.31223e-41	1.33007e-36	4.03489e-32	5.54688e-29	4.3513e-27	3.16117e-22	1.64962e-17	4.58879e-13	5.89352e-09	2.73204e-05	0.0276016	0.852459	0.119568	0.000344434	2.15956e-07	4.87633e-11	5.07864e-15	2.82567e-19	9.24484e-24	1.90128e-28	2.59668e-33	5.66568e-38	5.07603e-41	5.48002e-41	
CGA642	0	0	0	0	0	0	0	0	0	0	0	0	0	0	0	0	1	0	0	0	0	0	0	0	0	0	0	0	0	
N47	5.31189e-60	1.61157e-56	4.07881e-53	6.88234e-50	9.76593e-48	4.17523e-46	1.34234e-41	7.31499e-37	2.72735e-32	1.32687e-28	1.7786e-23	1.70233e-18	8.76143e-14	2.09623e-09	1.81996e-05	0.0342814	0.827801	0.137625	0.000273892	1.12468e-07	1.61611e-11	1.05175e-15	3.61492e-20	7.25874e-25	9.13537e-30	9.63199e-35	1.16943e-36	6.96317e-38	2.34925e-39	
CGA763	0	0	0	0	0	0	0	0	0	0	0	0	0	0	0	1	0	0	0	0	0	0	0	0	0	0	0	0	0	
C601	0	0	0	0	0	0	0	0	0	0	0	0	0	0	0	0	0	1	0	0	0	0	0	0	0	0	0	0	0	
N48	8.37809e-61	3.99587e-57	1.77725e-53	5.66437e-50	3.21787e-47	9.28799e-46	2.39661e-41	3.00092e-36	4.11495e-31	9.09192e-26	1.1513e-20	7.61745e-16	2.2934e-11	2.48391e-07	0.000609071	0.104613	0.845636	0.0490516	9.08447e-05	3.41271e-08	4.36175e-12	2.46121e-16	7.14598e-21	1.17787e-25	1.17842e-30	4.54419e-35	3.11213e-36	2.34395e-37	9.97333e-39	
CGA236	0	0	0	0	0	0	0	0	0	0	0	0	0	0	0	0	1	0	0	0	0	0	0	0	0	0	0	0	0	
N49	6.23681e-67	2.08957e-61	6.07552e-56	1.39983e-50	2.59698e-45	3.88483e-40	4.53949e-35	3.89663e-30	2.31408e-25	8.73975e-21	1.92229e-16	2.21169e-12	1.1321e-08	1.97514e-05	0.00724205	0.208232	0.744657	0.0397178	0.000131493	1.09126e-07	3.53441e-11	5.59131e-15	4.94821e-19	2.68195e-23	9.49496e-28	3.19793e-32	1.00202e-33	7.8515e-35	3.61402e-36	
N50	2.57455e-57	1.96187e-52	1.35678e-47	7.26077e-43	2.8693e-38	7.928e-34	1.43834e-29	1.59708e-25	9.89088e-22	3.9749e-18	4.03157e-14	2.28513e-10	5.96024e-07	0.000506962	0.0246079	0.276955	0.620024	0.0775127	0.000391723	5.51725e-07	3.27318e-10	1.00197e-13	1.78994e-17	2.02781e-21	1.54712e-25	8.80312e-30	8.94141e-33	1.5744e-34	1.65259e-36	
Calboe	0	0	0	0	0	0	0	0	0	0	0	0	0	1	0	0	0	0	0	0	0	0	0	0	0	0	0	0	0	
C3125	0	0	0	0	0	0	0	0	0	0	0	0	0	0	0	0	0	1	0	0	0	0	0	0	0	0	0	0	0	
CGA429	0	0	0	0	0	0	0	0	0	0	0	0	0	0	1	0	0	0	0	0	0	0	0	0	0	0	0	0	0	
N51	1.2942e-55	1.25995e-51	9.86206e-48	5.62972e-44	1.28846e-40	8.46976e-39	2.08303e-36	8.15029e-32	2.19768e-26	3.93436e-21	3.55713e-16	1.4305e-11	2.03838e-07	0.000646055	0.111677	0.547816	0.332173	0.00768338	4.16653e-06	5.77701e-10	3.22204e-14	8.92526e-19	1.37993e-23	1.27942e-28	7.45528e-34	3.55402e-39	4.429e-40	8.76673e-39	2.20937e-38	
C985	0	0	0	0	0	0	0	0	0	0	0	0	0	1	0	0	0	0	0	0	0	0	0	0	0	0	0	0	0	
N52	4.08613e-52	8.23385e-49	1.62681e-45	2.4258e-42	8.43257e-40	9.21872e-38	1.25347e-32	1.26598e-27	7.98407e-23	2.95316e-18	5.89735e-14	5.60595e-10	2.06219e-06	0.0019944	0.195415	0.586541	0.212772	0.00327168	3.10578e-06	9.53047e-10	1.33227e-13	1.0025e-17	4.48292e-22	1.27114e-26	2.3917e-31	2.53225e-35	1.20045e-36	1.51263e-37	1.11061e-38	
CGA310	0	0	0	0	0	0	0	0	0	0	0	0	0	0	1	0	0	0	0	0	0	0	0	0	0	0	0	0	0	
N53	1.33538e-55	1.09353e-50	8.86827e-46	6.12223e-41	3.4461e-36	1.50691e-31	4.86943e-27	1.10476e-22	1.67085e-18	1.56665e-14	8.3287e-11	2.20185e-07	0.0002335	0.064531	0.68573	0.237236	0.0122026	6.73669e-05	1.08121e-07	7.37839e-11	2.60842e-14	5.39452e-18	7.0881e-22	6.28123e-26	3.92782e-30	1.88264e-34	1.02302e-37	1.29372e-39	9.93516e-42	
CGA382	0	0	0	0	0	0	0	0	0	0	0	0	0	0	1	0	0	0	0	0	0	0	0	0	0	0	0	0	0	
CGA494	0	0	0	0	0	0	0	0	0	0	0	0	0	1	0	0	0	0	0	0	0	0	0	0	0	0	0	0	0	
N54	1.99018e-67	6.79057e-62	1.71391e-56	2.87216e-51	3.11258e-46	2.08485e-41	8.06027e-37	1.55763e-32	6.4002e-30	5.25835e-27	2.79748e-22	1.04699e-17	2.18083e-13	2.22086e-09	8.88899e-06	0.00899264	0.367846	0.583214	0.0397992	0.000139331	1.20921e-07	4.0218e-11	6.38813e-15	5.53297e-19	2.85289e-23	9.36717e-28	6.2169e-32	2.30381e-34	8.17906e-35	
N55	1.06517e-58	2.38175e-55	4.55461e-52	6.49885e-49	5.32531e-46	1.43328e-43	3.01938e-41	1.11381e-36	4.54877e-32	3.02608e-27	2.63621e-22	1.36252e-17	3.76116e-13	4.78586e-09	2.17369e-05	0.0203531	0.412815	0.549314	0.0174638	3.30138e-05	1.58811e-08	2.9784e-12	2.70917e-16	1.36551e-20	4.16778e-25	8.20011e-30	1.63229e-34	3.19996e-36	1.09044e-37	
C12265	0	0	0	0	0	0	0	0	0	0	0	0	0	0	0	0	0	1	0	0	0	0	0	0	0	0	0	0	0	
N56	1.18659e-75	6.8996e-69	4.32829e-61	7.53664e-55	6.81662e-49	3.71749e-43	1.2741e-37	2.5998e-32	1.04366e-30	1.94567e-26	5.6654e-21	8.40074e-16	5.76875e-11	1.53784e-06	0.0102914	0.902595	0.0860214	0.00108974	9.04513e-07	1.26751e-10	6.11895e-15	1.30918e-19	1.4096e-24	8.25807e-30	1.07195e-34	4.49083e-38	2.16992e-41	5.18062e-43	8.32166e-44	
C404	0	0	0	0	0	0	0	0	0	0	0	0	0	0	1	0	0	0	0	0	0	0	0	0	0	0	0	0	0	
N57	3.44711e-61	1.68157e-57	6.65132e-54	1.9317e-50	3.90813e-47	5.11905e-44	4.48354e-41	7.22778e-37	1.09032e-32	6.44287e-27	2.10172e-21	3.45867e-16	2.59372e-11	7.33632e-07	0.00478629	0.938078	0.0568318	0.000303377	1.14476e-07	9.97786e-12	3.31137e-16	5.29042e-21	4.57786e-26	2.2928e-31	6.93489e-37	6.24675e-41	1.44171e-43	5.09308e-45	8.58821e-47	
Cl11778	0	0	0	0	0	0	0	0	0	0	0	0	0	0	0	1	0	0	0	0	0	0	0	0	0	0	0	0	0	
CGA594	0	0	0	0	0	0	0	0	0	0	0	0	0	0	0	1	0	0	0	0	0	0	0	0	0	0	0	0	0	
C3134	0	0	0	0	0	0	0	0	0	0	0	0	0	0	0	0	0	0	1	0	0	0	0	0	0	0	0	0	0	
N58	1.18722e-63	1.81785e-58	2.16881e-53	1.72219e-48	9.12332e-44	3.29144e-39	8.59443e-35	1.73324e-30	2.31494e-26	5.59318e-25	1.81957e-23	3.16325e-19	3.61393e-15	2.22538e-11	6.4741e-08	7.20929e-05	0.0212159	0.773264	0.202461	0.0029771	9.96241e-06	1.20061e-08	6.62599e-12	1.94128e-15	3.33302e-19	3.59574e-23	2.57171e-27	1.47156e-31	4.3096e-35	
CGA311	0	0	0	0	0	0	0	0	0	0	0	0	0	0	0	0	0	1	0	0	0	0	0	0	0	0	0	0	0	
N59	1.59407e-62	4.22647e-59	9.88042e-56	1.73754e-52	1.72518e-49	4.57338e-47	4.27925e-43	1.84279e-38	4.31188e-34	2.87304e-31	2.09487e-26	1.28273e-21	4.54317e-17	8.38114e-13	6.91169e-09	2.00041e-05	0.0132004	0.775626	0.208737	0.00241149	5.30351e-06	3.70623e-09	1.07959e-12	1.55198e-16	1.23522e-20	5.91381e-25	1.84651e-29	4.30987e-32	3.06287e-33	
N60	8.72715e-76	8.08159e-70	5.36059e-64	2.39387e-58	7.33782e-53	1.59952e-47	2.58074e-42	3.01406e-37	2.08759e-32	1.25208e-30	1.56404e-27	1.58111e-22	9.42752e-18	2.9655e-13	4.2675e-09	2.20397e-05	0.0249041	0.917128	0.0577669	0.000178506	1.17882e-07	2.72577e-11	2.8394e-15	1.54927e-19	4.8866e-24	9.5394e-29	1.23575e-33	2.31359e-37	1.05823e-39	
CGA45	0	0	0	0	0	0	0	0	0	0	0	0	0	0	0	0	1	0	0	0	0	0	0	0	0	0	0	0	0	
N61	6.54522e-63	2.24734e-59	6.57834e-56	1.46042e-52	1.74455e-49	4.22791e-47	8.05394e-45	3.81473e-40	8.18536e-36	2.12442e-33	1.98358e-28	2.35882e-23	1.66033e-18	6.32496e-14	1.13704e-09	7.63732e-06	0.0119943	0.944223	0.0436654	0.00010933	6.04734e-08	1.19404e-11	1.07755e-15	5.1567e-20	1.44236e-24	2.52392e-29	1.78528e-33	8.5581e-35	2.78123e-36	
N62	4.43665e-73	1.60572e-67	4.56421e-62	9.179e-57	1.25084e-51	1.08923e-46	5.57363e-42	1.46968e-37	1.4287e-33	5.34803e-33	2.04112e-28	1.74504e-23	9.25243e-19	2.78457e-14	4.19403e-10	2.58958e-06	0.00456629	0.976866	0.0185308	3.40888e-05	1.65248e-08	3.15534e-12	2.94477e-16	1.53574e-20	4.9007e-25	1.02187e-29	2.2729e-34	8.39853e-37	4.98195e-39	
C3043	0	0	0	0	0	0	0	0	0	0	0	0	0	0	0	0	0	1	0	0	0	0	0	0	0	0	0	0	0	
CGA368	0	0	0	0	0	0	0	0	0	0	0	0	0	0	0	0	0	1	0	0	0	0	0	0	0	0	0	0	0	
CGA364	0	0	0	0	0	0	0	0	0	0	0	0	0	0	0	0	0	1	0	0	0	0	0	0	0	0	0	0	0	
C2208	0	0	0	0	0	0	0	0	0	0	0	0	0	0	0	0	0	0	1	0	0	0	0	0	0	0	0	0	0	
N63	1.38276e-55	2.49317e-51	4.05184e-47	4.71764e-43	3.77987e-39	1.99024e-35	6.60922e-32	1.39124e-28	1.84028e-25	4.28352e-23	2.55773e-19	1.09128e-15	2.84069e-12	4.12206e-09	2.93163e-06	0.000839404	0.0694494	0.853139	0.0753291	0.00123306	6.78479e-06	1.66038e-08	2.13186e-11	1.60195e-14	7.61295e-18	2.42416e-21	5.41252e-25	9.05797e-29	2.27033e-32	
N64	2.10096e-70	7.01689e-65	1.81784e-59	3.28387e-54	3.96946e-49	3.03372e-44	1.35077e-39	3.06274e-35	1.85146e-31	1.38908e-30	7.26347e-26	4.21592e-21	1.44172e-16	2.62888e-12	2.20102e-08	6.59925e-05	0.0431282	0.936266	0.020484	5.54737e-05	4.13769e-08	1.21461e-11	1.71703e-15	1.32966e-19	6.16376e-24	1.82382e-28	3.64169e-33	2.21817e-37	6.18153e-40	
CGA453	0	0	0	0	0	0	0	0	0	0	0	0	0	0	0	0	0	1	0	0	0	0	0	0	0	0	0	0	0	
N65	5.01196e-77	4.57653e-71	3.1399e-65	1.48516e-59	4.65351e-54	9.14046e-49	1.03908e-43	5.87933e-39	2.19341e-35	5.5875e-33	4.23007e-28	6.37586e-23	5.74545e-18	2.79971e-13	6.35249e-09	5.20886e-05	0.0907613	0.904136	0.00504663	3.67559e-06	7.77296e-10	6.75606e-14	2.93138e-18	7.1838e-23	1.08223e-27	1.06592e-32	1.66368e-37	1.07377e-39	6.94937e-42	
CGA501	0	0	0	0	0	0	0	0	0	0	0	0	0	0	0	0	0	1	0	0	0	0	0	0	0	0	0	0	0	
C3121	0	0	0	0	0	0	0	0	0	0	0	0	0	0	0	0	1	0	0	0	0	0	0	0	0	0	0	0	0	
Calparcri	0	0	0	0	0	0	0	0	0	0	0	0	0	0	0	0	0	1	0	0	0	0	0	0	0	0	0	0	0	
N66	1.79058e-60	1.57307e-56	1.14526e-52	6.36787e-49	2.63142e-45	7.88827e-42	3.96313e-38	5.78456e-33	8.08256e-28	8.01169e-23	4.95568e-18	1.17385e-13	8.14385e-10	1.50888e-06	0.000671913	0.0568357	0.590854	0.347756	0.00387522	5.63595e-06	2.08761e-09	2.77045e-13	1.58649e-17	4.37584e-22	6.23444e-27	3.56167e-31	5.26829e-33	5.47191e-34	4.90743e-35	
N67	4.41772e-61	2.59695e-56	1.32719e-51	5.17081e-47	1.53988e-42	3.52748e-38	6.2395e-34	8.53666e-30	9.13709e-26	8.92025e-22	7.13504e-18	3.45139e-14	9.17127e-11	1.18467e-07	6.20883e-05	0.00986513	0.279157	0.612287	0.0960685	0.00254116	1.89807e-05	5.43624e-08	7.25366e-11	5.14783e-14	2.13697e-17	5.64217e-21	3.92534e-24	1.22015e-25	2.70413e-27	
N68	4.31752e-58	1.87037e-53	7.35006e-49	2.22983e-44	5.22999e-40	9.74174e-36	1.51392e-31	1.99677e-27	2.07649e-23	1.51217e-19	6.8166e-16	1.68375e-12	2.04267e-09	1.09706e-06	0.000232057	0.0162428	0.276902	0.624903	0.0799596	0.00174753	1.13736e-05	2.98857e-08	3.82283e-11	2.69797e-14	1.14839e-17	3.15014e-21	5.8955e-25	1.63542e-28	1.2684e-30	
N69	2.5093e-53	1.36607e-48	6.42736e-44	2.20745e-39	5.34147e-35	8.71404e-31	9.08342e-27	5.71032e-23	2.04439e-19	5.44949e-16	2.01368e-12	3.11632e-09	9.14231e-07	9.68042e-05	0.00420228	0.0722609	0.411095	0.485739	0.0263616	0.000242289	7.01707e-07	8.71834e-10	5.56349e-13	2.04988e-16	4.73323e-20	7.27571e-24	7.83088e-28	1.72671e-31	2.33613e-33	
N70	1.07992e-59	7.29599e-55	4.14514e-50	1.67427e-45	4.78668e-41	9.92865e-37	1.5624e-32	1.80776e-28	1.10899e-24	8.60071e-23	5.0689e-19	3.18821e-15	1.05103e-11	1.6289e-08	1.0359e-05	0.00222597	0.117257	0.802092	0.0774038	0.00100709	3.61181e-06	5.04501e-09	3.36087e-12	1.2189e-15	2.64086e-19	3.76609e-23	8.0166e-27	7.19753e-29	4.73506e-31	
Triowe	0	0	0	0	0	0	0	0	0	0	0	0	0	0	0	0	0	1	0	0	0	0	0	0	0	0	0	0	0	
N71	2.03046e-63	9.40688e-59	3.77405e-54	1.07406e-49	2.13601e-45	3.03194e-41	3.48129e-37	4.28189e-33	6.78242e-29	1.16992e-24	1.60359e-20	1.3791e-16	6.86506e-13	1.77881e-09	2.05818e-06	0.000839386	0.08075	0.830506	0.086698	0.00120033	4.6173e-06	7.00575e-09	5.13519e-12	2.07368e-15	5.05537e-19	7.95968e-23	1.23404e-26	5.38008e-28	4.37558e-29	
Trijoh	0	0	0	0	0	0	0	0	0	0	0	0	0	0	0	0	0	1	0	0	0	0	0	0	0	0	0	0	0	
Trimel	0	0	0	0	0	0	0	0	0	0	0	0	0	0	0	0	0	1	0	0	0	0	0	0	0	0	0	0	0	
N72	1.83705e-46	1.73326e-41	1.40732e-36	8.52397e-32	3.74091e-27	1.14649e-22	2.33888e-18	2.98115e-14	2.16163e-10	7.74518e-07	0.00107105	0.327155	0.506879	0.149652	0.0146509	0.000580844	9.81218e-06	6.50458e-08	1.20538e-10	8.34777e-14	2.80839e-17	5.33446e-21	6.28703e-25	4.90307e-29	2.65075e-33	1.02892e-37	2.94822e-42	6.71972e-47	6.05726e-51	
N73	3.06505e-47	5.01801e-42	6.69717e-37	6.43382e-32	4.29808e-27	1.91081e-22	5.3361e-18	8.65063e-14	7.26589e-10	2.65041e-06	0.00308293	0.5791	0.381494	0.0354465	0.000866538	7.20009e-06	2.2619e-08	2.71474e-11	1.19025e-14	2.39754e-18	2.61939e-22	1.73092e-26	7.45699e-31	2.22656e-35	5.36839e-40	9.01305e-43	1.72504e-46	1.63574e-48	2.10149e-51	
Trihoe	0	0	0	0	0	0	0	0	0	0	0	1	0	0	0	0	0	0	0	0	0	0	0	0	0	0	0	0	0	
Tribit	0	0	0	0	0	0	0	0	0	0	0	1	0	0	0	0	0	0	0	0	0	0	0	0	0	0	0	0	0	
Trijac	0	0	0	0	0	0	0	0	0	0	0	1	0	0	0	0	0	0	0	0	0	0	0	0	0	0	0	0	0	
N74	2.10035e-58	5.90247e-54	1.474e-49	2.68602e-45	3.5298e-41	3.39954e-37	2.53025e-33	1.47388e-29	5.17906e-26	1.25744e-23	8.75233e-20	4.66582e-16	1.49354e-12	2.61343e-09	2.18685e-06	0.000713032	0.0640807	0.801373	0.130684	0.00312545	2.16955e-05	6.07806e-08	8.33944e-11	6.36101e-14	2.94879e-17	8.8745e-21	1.83341e-24	4.08787e-28	1.25555e-30	
Tricri	0	0	0	0	0	0	0	0	0	0	0	0	0	0	0	0	0	1	0	0	0	0	0	0	0	0	0	0	0	
N75	1.60876e-63	7.01941e-59	2.63568e-54	7.05608e-50	1.29786e-45	1.58146e-41	1.26586e-37	7.50369e-34	4.8894e-30	5.702e-26	8.92798e-22	9.16688e-18	5.70984e-14	1.96688e-10	3.279e-07	0.000214865	0.0383933	0.846175	0.113299	0.00190809	8.75431e-06	1.56866e-08	1.35012e-11	6.37916e-15	1.81591e-18	3.33442e-22	4.21467e-26	3.56359e-29	1.11856e-30	
Triwie	0	0	0	0	0	0	0	0	0	0	0	0	0	0	0	0	0	1	0	0	0	0	0	0	0	0	0	0	0	
Triqua	0	0	0	0	0	0	0	0	0	0	0	0	0	0	0	0	0	1	0	0	0	0	0	0	0	0	0	0	0	
N76	6.56702e-55	8.94916e-51	1.37947e-46	1.87281e-42	2.21478e-38	2.22494e-34	1.8262e-30	1.17099e-26	5.6113e-23	1.92619e-19	4.52077e-16	6.86545e-13	6.29996e-10	3.18224e-07	7.73636e-05	0.00734545	0.188862	0.608092	0.183579	0.0117901	0.000251501	2.30919e-06	1.07662e-08	2.85433e-11	4.66971e-14	5.01547e-17	4.36277e-20	1.62623e-21	2.43422e-22	
N77	6.6913e-53	4.1593e-49	2.5114e-45	1.13158e-41	3.83878e-38	1.05369e-34	2.81473e-31	9.07116e-28	3.43047e-24	1.21847e-20	3.30247e-17	5.94857e-14	6.6776e-11	4.29664e-08	1.40825e-05	0.00196822	0.087438	0.702149	0.197655	0.0105878	0.000186615	1.43155e-06	5.6623e-09	1.29331e-11	1.84937e-14	1.75874e-17	1.16602e-20	5.69889e-24	4.10677e-27	
Kinboe	0	0	0	0	0	0	0	0	0	0	0	0	0	0	0	0	0	1	0	0	0	0	0	0	0	0	0	0	0	
Kinfis	0	0	0	0	0	0	0	0	0	0	0	0	0	0	0	0	0	1	0	0	0	0	0	0	0	0	0	0	0	
Kinxen	0	0	0	0	0	0	0	0	0	0	0	0	0	0	0	0	0	1	0	0	0	0	0	0	0	0	0	0	0	
N78	1.27883e-41	5.25416e-39	2.24869e-36	7.88278e-34	1.52382e-31	1.99337e-30	8.54926e-29	1.75499e-24	2.25392e-20	1.61525e-16	5.83135e-13	8.97799e-10	4.55522e-07	8.11534e-05	0.00525915	0.112903	0.589928	0.287893	0.00392426	1.2079e-05	1.4371e-08	8.3849e-12	2.74589e-15	5.49432e-19	7.11176e-23	6.38419e-27	1.93009e-28	1.30211e-28	5.49072e-29	
N79	7.48751e-36	4.16303e-32	2.40836e-28	1.0579e-24	3.42279e-21	7.87887e-18	1.23502e-14	1.24512e-11	7.47144e-09	2.38764e-06	0.000342079	0.0162878	0.136663	0.345534	0.336552	0.139076	0.0240448	0.00147657	2.07325e-05	1.2388e-07	3.96955e-10	7.72298e-13	9.87471e-16	8.77307e-19	5.64645e-22	2.71999e-25	1.01615e-28	6.52767e-32	9.28392e-34	
N80	5.24e-44	3.93314e-39	2.49544e-34	1.13925e-29	3.61868e-25	7.66571e-21	1.02515e-16	8.03852e-13	3.32596e-09	6.18703e-06	0.00392482	0.462585	0.462606	0.0681167	0.0027232	3.77336e-05	2.01631e-07	4.34977e-10	4.03427e-13	1.86069e-16	4.80325e-20	7.56445e-24	7.74403e-28	5.40719e-32	2.67309e-36	9.64375e-41	2.64763e-45	1.27959e-49	5.65448e-53	
N81	7.46107e-50	2.51542e-44	6.68759e-39	1.26497e-33	1.64036e-28	1.38994e-23	7.22538e-19	2.11864e-14	3.08859e-10	1.85161e-06	0.00327478	0.819502	0.174067	0.00314333	1.11352e-05	1.17691e-08	4.80504e-12	9.04629e-16	8.92302e-20	5.06763e-24	1.77938e-28	4.08256e-33	6.47948e-38	3.03526e-42	2.94506e-46	3.60355e-49	1.63262e-53	1.09136e-56	7.57725e-61	
N82	1.16355e-46	1.87572e-41	2.45742e-36	2.30309e-31	1.49108e-26	6.37629e-22	1.69711e-17	2.59039e-13	2.01228e-09	6.59067e-06	0.0064874	0.873229	0.119072	0.0012023	2.57108e-06	1.88302e-09	6.13408e-13	1.0444e-16	1.03571e-20	6.46339e-25	2.75413e-29	3.09381e-32	4.47062e-35	1.0228e-36	1.18755e-40	1.19545e-42	5.73625e-47	1.93416e-49	1.60306e-53	
Chaafr	0	0	0	0	0	0	0	0	0	0	0	1	0	0	0	0	0	0	0	0	0	0	0	0	0	0	0	0	0	
Chacha	0	0	0	0	0	0	0	0	0	0	0	1	0	0	0	0	0	0	0	0	0	0	0	0	0	0	0	0	0	
N83	1.74424e-46	2.57294e-41	3.12758e-36	2.76194e-31	1.70676e-26	7.0408e-22	1.82358e-17	2.72817e-13	2.08986e-09	6.78788e-06	0.00666447	0.898567	0.0939996	0.000760525	1.3854e-06	9.01053e-10	2.68189e-13	4.25892e-17	4.00274e-21	2.39914e-25	9.83216e-30	3.68566e-33	4.34052e-36	5.24164e-38	6.42994e-42	3.42554e-44	1.73786e-48	3.14795e-51	2.31135e-55	
Chacaly	0	0	0	0	0	0	0	0	0	0	0	1	0	0	0	0	0	0	0	0	0	0	0	0	0	0	0	0	0	
Chazey	0	0	0	0	0	0	0	0	0	0	0	1	0	0	0	0	0	0	0	0	0	0	0	0	0	0	0	0	0	
N84	3.74521e-41	1.62011e-36	6.12125e-32	1.66199e-27	3.13095e-23	3.91455e-19	3.06358e-15	1.38543e-11	3.2271e-08	3.24073e-05	0.0103016	0.535534	0.412286	0.0408551	0.000983224	7.75493e-06	2.4031e-08	3.35817e-11	2.39208e-14	9.64085e-18	2.38673e-21	3.87957e-25	4.8512e-29	4.01794e-31	2.56633e-34	1.07892e-35	2.88102e-39	6.93018e-41	6.93112e-44	
Chadil	0	0	0	0	0	0	0	0	0	0	0	1	0	0	0	0	0	0	0	0	0	0	0	0	0	0	0	0	0	
Chasen	0	0	0	0	0	0	0	0	0	0	0	1	0	0	0	0	0	0	0	0	0	0	0	0	0	0	0	0	0	
Chanam	0	0	0	0	0	0	0	0	0	0	0	1	0	0	0	0	0	0	0	0	0	0	0	0	0	0	0	0	0	
N85	6.59085e-60	4.85973e-55	3.0969e-50	1.38295e-45	4.14779e-41	7.90462e-37	8.86508e-33	5.02829e-29	5.00577e-27	8.58114e-25	1.75404e-20	2.34404e-16	1.82369e-12	7.44073e-09	1.35701e-05	0.00840085	0.955536	0.0358262	0.000223373	4.35896e-07	3.57784e-10	1.47243e-13	3.41224e-17	4.83186e-21	4.43951e-25	2.76993e-29	1.21615e-33	3.89701e-38	1.1291e-42	
N86	4.56327e-83	1.62961e-76	2.95864e-68	1.20511e-61	2.20551e-55	2.04903e-49	9.46437e-44	2.05127e-38	4.47345e-35	1.28317e-33	1.30276e-28	6.55234e-23	1.61982e-17	1.78928e-12	7.47249e-08	0.000824648	0.988863	0.0103039	8.03694e-06	1.34144e-09	7.49905e-14	1.77228e-18	2.02049e-23	1.20644e-28	4.15733e-34	1.09096e-38	2.04819e-41	1.24514e-41	5.76072e-42	
N87	6.39545e-67	7.83509e-63	7.26984e-59	4.82296e-55	2.26284e-51	7.41851e-48	1.71146e-44	2.84804e-41	8.0279e-39	2.84498e-35	3.09387e-29	1.90991e-23	5.85582e-18	8.18674e-13	4.42462e-08	0.000640327	0.991037	0.00831831	4.4428e-06	4.94308e-10	1.85713e-14	3.02609e-19	2.45781e-24	1.07719e-29	2.66764e-35	1.43339e-40	6.7601e-42	2.38094e-43	5.82427e-43	
Braset	0	0	0	0	0	0	0	0	0	0	0	0	0	0	0	0	1	0	0	0	0	0	0	0	0	0	0	0	0	
N88	8.80693e-66	6.3726e-62	3.81429e-58	1.72127e-54	2.77962e-52	9.46633e-51	1.34611e-45	1.59649e-40	3.52166e-37	1.90918e-32	6.31929e-27	1.25193e-21	1.37742e-16	7.54918e-12	1.72185e-07	0.00116187	0.992463	0.00637075	3.99602e-06	6.58062e-10	4.23877e-14	1.31556e-18	2.22782e-23	2.23126e-28	1.39554e-33	3.04372e-38	7.12043e-40	1.28071e-41	1.31356e-43	
N89	4.82876e-81	3.52867e-74	1.51004e-67	3.804e-61	5.67083e-55	4.90696e-49	2.33613e-43	5.42554e-38	9.17279e-36	7.98587e-36	6.83589e-30	4.54691e-24	1.58961e-18	2.67279e-13	1.84683e-08	0.000381018	0.998558	0.00106034	1.41292e-07	5.56535e-12	8.93459e-17	6.85162e-22	2.74591e-27	6.00806e-33	7.26005e-39	5.37948e-45	1.98382e-49	2.35983e-53	5.84155e-58	
Bramel	0	0	0	0	0	0	0	0	0	0	0	0	0	0	0	0	1	0	0	0	0	0	0	0	0	0	0	0	0	
Bratha	0	0	0	0	0	0	0	0	0	0	0	0	0	0	0	0	1	0	0	0	0	0	0	0	0	0	0	0	0	
N90	6.46035e-77	7.64647e-71	6.71062e-65	4.06052e-59	1.6327e-53	4.14034e-48	6.12654e-43	4.47404e-38	1.23919e-35	3.36168e-32	9.5785e-27	1.70086e-21	1.71916e-16	8.81617e-12	1.90288e-07	0.00122136	0.995045	0.00373203	1.71535e-06	2.28677e-10	1.25962e-14	3.47085e-19	5.3839e-24	5.08709e-29	3.09491e-34	1.86986e-39	3.43642e-42	1.20593e-44	2.30116e-47	
Bradra	0	0	0	0	0	0	0	0	0	0	0	0	0	0	0	0	1	0	0	0	0	0	0	0	0	0	0	0	0	
Bratra	0	0	0	0	0	0	0	0	0	0	0	0	0	0	0	0	1	0	0	0	0	0	0	0	0	0	0	0	0	
N91	1.25648e-73	8.74331e-68	4.54867e-62	1.63219e-56	3.89398e-51	5.86338e-46	5.15749e-41	2.23892e-36	4.28767e-34	1.20104e-30	2.04197e-25	2.16088e-20	1.30364e-15	3.99786e-11	5.17331e-07	0.00199905	0.992094	0.0059019	4.40454e-06	9.64037e-10	8.77909e-14	4.01879e-18	1.03936e-22	1.6419e-27	1.67352e-32	1.23996e-37	3.84794e-41	9.57586e-44	1.32859e-46	
Bragut	0	0	0	0	0	0	0	0	0	0	0	0	0	0	0	0	1	0	0	0	0	0	0	0	0	0	0	0	0	
Braven	0	0	0	0	0	0	0	0	0	0	0	0	0	0	0	0	1	0	0	0	0	0	0	0	0	0	0	0	0	
N92	1.36507e-68	2.45091e-63	3.52879e-58	3.60858e-53	2.5184e-48	1.14225e-43	3.18726e-39	5.00316e-35	1.61165e-31	7.79776e-27	3.72117e-22	1.1102e-17	1.9042e-13	1.66437e-09	6.12688e-06	0.00672652	0.968901	0.0242906	7.56104e-05	6.7408e-08	2.4547e-11	4.44771e-15	4.54547e-19	2.8566e-23	1.1756e-27	3.36635e-32	7.90391e-36	8.29923e-38	5.5405e-40	
Brapum	0	0	0	0	0	0	0	0	0	0	0	0	0	0	0	0	1	0	0	0	0	0	0	0	0	0	0	0	0	
Bradam	0	0	0	0	0	0	0	0	0	0	0	0	0	0	0	0	1	0	0	0	0	0	0	0	0	0	0	0	0	
