#Nodes with GAIN events with expectation above 0.5
N3: 0.62066
B3088: 0.828014
N6: 0.686389
BGA309: 0.687638
N26: 1.65484
N33: 1.37899
Furcep: 1.75351
N56: 1.6463
N62: 0.567575
N63: 0.912372
N67: 1.05583
N74: 0.991996
C3125: 1.41298
C12265: 0.678034
N92: 1.58053
N93: 0.9703
C2208: 1.041
N101: 1.18834
N109: 0.675242
N112: 0.685596
N116: 0.658626
N119: 0.649892
Kinxen: 1.09596
N127: 1.1121
Total number of gain events: 39.6223
#+++++++++++++++++++++++++++++

#Nodes with LOSS events with expectation above 0.5
B3088: 0.979835
N6: 0.851862
BGA309: 0.853111
N26: 1.38189
N27: 0.72181
N28: 1.81099
Rhaspe: 4.93749
Rhamar: 4.65401
Rhatem: 3.73514
N32: 0.737863
N33: 0.668679
N34: 2.11349
N35: 0.832772
N36: 0.508764
N37: 1.98025
N42: 1.36788
N45: 0.768269
FGA465: 1.11762
N58: 0.916644
N60: 0.877136
FGA489: 1.83928
FurbGB: 2.38934
N73: 1.05193
Calboe: 2.64785
N78: 1.76408
N79: 0.811879
N80: 2.09992
N82: 0.938004
N83: 0.725879
N85: 1.1489
N88: 1.38434
C404: 1.04728
N96: 1.05051
N106: 0.913401
N114: 3.75335
Trijac: 0.784684
Kinxen: 0.812301
N121: 2.58791
N122: 1.83763
Chadil: 0.519851
Chasen: 0.519851
Chanam: 2.5151
N127: 0.847017
Total number of loss events: 85.0338
#+++++++++++++++++++++++++++++

#Nodes with duplication events with expectation above 0.5
Total number of duplication events: 0
#+++++++++++++++++++++++++++++

#Nodes with demi-duplication events with expectation above 0.5
Total number of demi-dulications events: 0
#+++++++++++++++++++++++++++++

#+++++++++++++++++++++++++++++

#Nodes with transitions in base number with expectation above 0.5
Total number of transitions in base number: 0
#+++++++++++++++++++++++++++++

#EVENTS NOT ACCOUNTED FOR IN THE SIMULATIONS: 
NONE
#+++++++++++++++++++++++++++++

#ALL EVENTS EXPECTATIONS PER NODE
NODE	GAIN	LOSS	DUPLICATION	DEMI-DUPLICATION	BASE-NUMBER
N2	0.31548	0.0493909	0	0	0
N3	0.62066	0.233863	0	0	0
N4	0.0936401	0.0556767	0	0	0
B3088	0.828014	0.979835	0	0	0
N5	0.0962781	0.0826295	0	0	0
N6	0.686389	0.851862	0	0	0
BGA709	6.5174e-07	1.52809e-06	0	0	0
BGA710	6.5174e-07	1.52809e-06	0	0	0
BGA309	0.687638	0.853111	0	0	0
N7	0.194791	0.20519	0	0	0
N8	0.257094	0.287652	0	0	0
N9	0.232661	0.305554	0	0	0
B11696	5.47891e-07	1.35398e-06	0	0	0
B11697	5.47891e-07	1.35398e-06	0	0	0
N10	0.199605	0.27113	0	0	0
B11609	0.00320891	0.00457831	0	0	0
BGA392	0.00320891	0.00457831	0	0	0
N11	0.0442214	0.0619134	0	0	0
N12	0.0114439	0.0159618	0	0	0
N13	0.0760261	0.0845957	0	0	0
N14	0.30969	0.382364	0	0	0
B985	6.69157e-07	1.55662e-06	0	0	0
B983	6.69157e-07	1.55662e-06	0	0	0
N15	0.175701	0.230334	0	0	0
N16	0.0467635	0.0648046	0	0	0
B199	2.21299e-07	5.64873e-07	0	0	0
BGAA3	2.21299e-07	5.64873e-07	0	0	0
N17	0.0467494	0.0647903	0	0	0
B11604	3.13156e-07	7.99655e-07	0	0	0
BGA583	3.13156e-07	7.99655e-07	0	0	0
N18	0.11998	0.150852	0	0	0
N19	0.212002	0.262367	0	0	0
BGA89	0.000107155	0.000115603	0	0	0
BGA40	0.000107155	0.000115603	0	0	0
N20	0.0349465	0.04681	0	0	0
N21	0.132409	0.170918	0	0	0
BGAA2	4.9561e-07	1.19721e-06	0	0	0
BGAA1	4.9561e-07	1.19721e-06	0	0	0
N22	0.118888	0.157187	0	0	0
BGA584	0.000879062	0.00108947	0	0	0
BGA706	0.000879062	0.00108947	0	0	0
N23	0.189429	0.214357	0	0	0
N24	0.190115	0.250857	0	0	0
BGA304	0.000370704	0.000461805	0	0	0
BGA303	0.000370704	0.000461805	0	0	0
N25	0.195854	0.256687	0	0	0
BGAB1	3.74138e-07	9.21437e-07	0	0	0
BGA7	3.74138e-07	9.21437e-07	0	0	0
N26	1.65484	1.38189	0	0	0
PGA445	0.000118988	0.000129894	0	0	0
PGA363	0.000118988	0.000129894	0	0	0
N27	0.0324392	0.72181	0	0	0
N28	0.0120416	1.81099	0	0	0
Rhaspe	0.280807	4.93749	0	0	0
N29	0.00624173	0.289684	0	0	0
Rhamar	0.285957	4.65401	0	0	0
Rhatem	0.367085	3.73514	0	0	0
N30	0.0825188	0.0140797	0	0	0
N31	0.30082	0.14379	0	0	0
N32	0.029272	0.737863	0	0	0
N33	1.37899	0.668679	0	0	0
FGA379	2.20499e-06	2.20255e-06	0	0	0
F647	2.20499e-06	2.20255e-06	0	0	0
N34	0.0122601	2.11349	0	0	0
N35	0.0282984	0.832772	0	0	0
N36	0.00154039	0.508764	0	0	0
N37	0.120671	1.98025	0	0	0
F3016	9.08286e-08	6.29222e-06	0	0	0
F3015	9.08286e-08	6.29222e-06	0	0	0
N38	0.00265081	0.138658	0	0	0
N39	0.00878185	0.082172	0	0	0
N40	0.0047774	0.344332	0	0	0
N41	0.00428105	0.0239107	0	0	0
N42	0.0769631	1.36788	0	0	0
F1476	1.404e-07	9.572e-06	0	0	0
FGA81	1.404e-07	9.572e-06	0	0	0
N43	0.018585	0.0156681	0	0	0
Furcep	1.75351	0.047346	0	0	0
N44	0.00267222	0.147074	0	0	0
Furpol	0.144086	0.293507	0	0	0
N45	0.00968212	0.768269	0	0	0
N46	0.0122202	0.292312	0	0	0
N47	0.0221426	0.132844	0	0	0
F2241	1.65261e-06	4.1362e-05	0	0	0
F12266	1.65261e-06	4.1362e-05	0	0	0
Furang	0.0232496	0.133991	0	0	0
Fga490	0.0493601	0.440193	0	0	0
N48	0.00801625	0.215764	0	0	0
N49	0.0119832	0.0406225	0	0	0
N50	0.0283772	0.0108791	0	0	0
N51	0.00380564	0.0400611	0	0	0
N52	0.0123625	0.0494924	0	0	0
FGA456	0.0223202	0.040597	0	0	0
N53	0.0209363	0.0392058	0	0	0
FGA516	0.000102353	0.000109592	0	0	0
FGA513	0.000102353	0.000109592	0	0	0
N54	0.0497632	0.105169	0	0	0
F12278	1.73509e-07	1.19095e-06	0	0	0
F12279	1.73509e-07	1.19095e-06	0	0	0
N55	0.278104	0.012915	0	0	0
Furant	0.0241209	0.380979	0	0	0
N56	1.6463	0.0031731	0	0	0
FGA331	1.65112e-05	3.54979e-07	0	0	0
FGA332	1.65112e-05	3.54979e-07	0	0	0
FGA465	0.0434552	1.11762	0	0	0
N57	0.0150318	0.233035	0	0	0
N58	0.0318998	0.916644	0	0	0
FGA99	5.46419e-07	5.67915e-05	0	0	0
F12269	5.46419e-07	5.67915e-05	0	0	0
N59	0.0208001	0.0470447	0	0	0
N60	0.0185907	0.877136	0	0	0
FGA15	5.73174e-08	1.00044e-05	0	0	0
FGA440	5.73174e-08	1.00044e-05	0	0	0
N61	0.179635	0.0381903	0	0	0
FGA581	8.35246e-07	6.17859e-07	0	0	0
FGA582	8.35246e-07	6.17859e-07	0	0	0
N62	0.567575	0.217688	0	0	0
FGA104	1.85906e-06	2.19589e-06	0	0	0
FGA105	1.85906e-06	2.19589e-06	0	0	0
FGA489	0.115775	1.83928	0	0	0
N63	0.912372	0.284871	0	0	0
FGA174	0.000180391	0.000167931	0	0	0
FGA175	0.000180391	0.000167931	0	0	0
FurbGB	0.212266	2.38934	0	0	0
N64	0.192761	0.00693467	0	0	0
N65	0.209688	0.0424303	0	0	0
N66	0.252955	0.375182	0	0	0
N67	1.05583	0.285579	0	0	0
CGA312	0.000314169	0.000259879	0	0	0
CGA963	0.000314169	0.000259879	0	0	0
N68	0.0132707	0.141209	0	0	0
N69	0.00183359	0.280174	0	0	0
N70	0.0170368	0.00698551	0	0	0
N71	0.308758	0.119769	0	0	0
CGA642	0.0963118	0.118573	0	0	0
N72	0.0228313	0.0130913	0	0	0
N73	0.0198588	1.05193	0	0	0
CGA763	4.95932e-08	5.66682e-06	0	0	0
CGA764	4.95932e-08	5.66682e-06	0	0	0
N74	0.991996	0.0240725	0	0	0
C601	3.43808e-06	1.51615e-07	0	0	0
C602	3.43808e-06	1.51615e-07	0	0	0
N75	0.0080182	0.0261255	0	0	0
CGA236	0.432761	0.247944	0	0	0
N76	0.0103951	0.14105	0	0	0
N77	0.118265	0.172194	0	0	0
Calboe	0.0172781	2.64785	0	0	0
C3125	1.41298	0.0435541	0	0	0
N78	0.0795783	1.76408	0	0	0
CGA429	0	0	0	0	0
CGA430	0	0	0	0	0
N79	0.000585541	0.811879	0	0	0
N80	0.0928537	2.09992	0	0	0
C985	0	0	0	0	0
C984	0	0	0	0	0
N81	0.00264897	0.208136	0	0	0
N82	0.138001	0.938004	0	0	0
CGA310	0.000932325	0.00241171	0	0	0
CGA314	0.000932325	0.00241171	0	0	0
N83	0.031089	0.725879	0	0	0
N84	0.12895	0.235435	0	0	0
CGA382	0.000267863	0.000475651	0	0	0
CGA365	0.000267863	0.000475651	0	0	0
N85	0.0422154	1.1489	0	0	0
CGA494	1.40542e-07	1.08733e-05	0	0	0
CGA495	1.40542e-07	1.08733e-05	0	0	0
N86	0.45817	0.0763551	0	0	0
N87	0.0108602	0.0829975	0	0	0
C12265	0.678034	0.0894113	0	0	0
N88	0.00991152	1.38434	0	0	0
C404	0.0103533	1.04728	0	0	0
N89	0.00673308	0.0239677	0	0	0
N90	0.0252714	0.0449595	0	0	0
Cl11778	9.18633e-07	3.73572e-06	0	0	0
Cl11779	9.18633e-07	3.73572e-06	0	0	0
N91	0.0120953	0.0307195	0	0	0
CGA594	0.00280914	0.00387587	0	0	0
CGA48	0.00280914	0.00387587	0	0	0
N92	1.58053	0.0641174	0	0	0
C3134	1.29919e-05	9.45429e-07	0	0	0
C3126	1.29919e-05	9.45429e-07	0	0	0
N93	0.9703	0.253588	0	0	0
CGA311	0.258978	0.32761	0	0	0
N94	0.0280102	0.00989155	0	0	0
N95	0.0261389	0.124725	0	0	0
N96	0.0623026	1.05051	0	0	0
CGA45	2.0754e-07	7.30235e-06	0	0	0
CGA46	2.0754e-07	7.30235e-06	0	0	0
N97	0.0241127	0.0122958	0	0	0
N98	0.0336992	0.031323	0	0	0
N99	0.0185563	0.0208456	0	0	0
C3043	0.00129592	0.00142758	0	0	0
CGA87	0.00129592	0.00142758	0	0	0
N100	0.0176516	0.0198951	0	0	0
CGA368	0.00145737	0.00163491	0	0	0
CGA557	0.00145737	0.00163491	0	0	0
CGA364	0.0972154	0.0972603	0	0	0
C2208	1.041	0.127801	0	0	0
N101	1.18834	0.420037	0	0	0
N102	0.0817053	0.077299	0	0	0
N103	0.0919782	0.049073	0	0	0
CGA453	0.000251721	0.000253427	0	0	0
CGA383	0.000251721	0.000253427	0	0	0
N104	0.0123852	0.0682299	0	0	0
N105	0.117204	0.0184574	0	0	0
CGA501	1.67089e-06	5.45532e-07	0	0	0
C11776	1.67089e-06	5.45532e-07	0	0	0
N106	0.0121682	0.913401	0	0	0
C3121	1.07868e-07	1.90291e-05	0	0	0
C3123	1.07868e-07	1.90291e-05	0	0	0
N107	0.186916	0.139053	0	0	0
Calparcri	0.00437815	0.00492941	0	0	0
C3118	0.00437815	0.00492941	0	0	0
N108	0.0192302	0.0144268	0	0	0
N109	0.675242	0.0648911	0	0	0
N110	0.267601	0.214604	0	0	0
N111	0.0579463	0.322385	0	0	0
N112	0.685596	0.0656777	0	0	0
Triowe	0.418751	0.284087	0	0	0
N113	0.0908878	0.0246808	0	0	0
Trijoh	0.30441	0.235975	0	0	0
Trimel	0.30441	0.235975	0	0	0
N114	0.0243195	3.75335	0	0	0
N115	0.00976967	0.367158	0	0	0
Trihoe	0.0415246	0.402424	0	0	0
Tribit	0.0415246	0.402424	0	0	0
Trijac	0.0663185	0.784684	0	0	0
N116	0.658626	0.196788	0	0	0
Tricri	0.33393	0.30541	0	0	0
N117	0.0961198	0.0584742	0	0	0
Triwie	0.188313	0.19744	0	0	0
Triqua	0.188313	0.19744	0	0	0
N118	0.328767	0.0690858	0	0	0
N119	0.649892	0.360826	0	0	0
Kinboe	0.339421	0.34483	0	0	0
Kinfis	0.339421	0.34483	0	0	0
Kinxen	1.09596	0.812301	0	0	0
N120	0.00600982	0.108466	0	0	0
N121	0.0492051	2.58791	0	0	0
N122	0.0956041	1.83763	0	0	0
N123	0.035586	0.385365	0	0	0
N124	0.0141688	0.0552893	0	0	0
Chaafr	0.0575859	0.124611	0	0	0
Chacha	0.0575859	0.124611	0	0	0
N125	0.0203543	0.0777779	0	0	0
Chacaly	0.041754	0.0924756	0	0	0
Chazey	0.041754	0.0924756	0	0	0
N126	0.020946	0.112826	0	0	0
Chadil	0.153807	0.519851	0	0	0
Chasen	0.153807	0.519851	0	0	0
Chanam	0.314869	2.5151	0	0	0
N127	1.1121	0.847017	0	0	0
N128	0.0141197	0.0200113	0	0	0
N129	0.00107195	0.00162687	0	0	0
Braset	0.0737005	0.0759907	0	0	0
N130	0.00506809	0.00553566	0	0	0
N131	0.0274948	0.0289845	0	0	0
Bramel	0.00259737	0.00293025	0	0	0
Bratha	0.00259737	0.00293025	0	0	0
N132	0.0161719	0.0168353	0	0	0
Bradra	0.0129184	0.0140776	0	0	0
Bratra	0.0129184	0.0140776	0	0	0
N133	0.0337398	0.0347677	0	0	0
Bragut	0.0141225	0.0159399	0	0	0
Braven	0.0141225	0.0159399	0	0	0
N134	0.0399332	0.0411502	0	0	0
Brapum	0.0453778	0.0528977	0	0	0
Bradam	0.0453778	0.0528977	0	0	0
#+++++++++++++++++++++++++++++

#Expected number of events from root to leaf
LEAF	GAIN	LOSS	DUPLICATION	DEMI-DUPLICATION	BASE-NUMBER
B3088	1.85779	1.31876	0	0	0
BGA709	1.81245	1.27342	0	0	0
BGA710	1.81245	1.27342	0	0	0
BGA309	1.8137	1.27467	0	0	0
B11696	1.62069	1.08165	0	0	0
B11697	1.62069	1.08165	0	0	0
B11609	1.59084	1.0518	0	0	0
BGA392	1.59084	1.0518	0	0	0
B985	1.57231	1.03328	0	0	0
B983	1.57231	1.03328	0	0	0
B199	1.48509	0.946054	0	0	0
BGAA3	1.48509	0.946054	0	0	0
B11604	1.48507	0.94604	0	0	0
BGA583	1.48507	0.94604	0	0	0
BGA89	1.51869	0.979653	0	0	0
BGA40	1.51869	0.979653	0	0	0
BGAA2	1.47393	0.9349	0	0	0
BGAA1	1.47393	0.9349	0	0	0
BGA584	1.46129	0.922258	0	0	0
BGA706	1.46129	0.922258	0	0	0
BGA304	1.55507	1.01603	0	0	0
BGA303	1.55507	1.01603	0	0	0
BGAB1	1.56043	1.0214	0	0	0
BGA7	1.56043	1.0214	0	0	0
PGA445	1.97044	1.43141	0	0	0
PGA363	1.97044	1.43141	0	0	0
Rhaspe	0.325288	7.47029	0	0	0
Rhamar	0.336679	7.4765	0	0	0
Rhatem	0.417808	6.55763	0	0	0
FGA379	1.82404	2.28622	0	0	0
F647	1.82404	2.28622	0	0	0
F3016	0.607821	7.05282	0	0	0
F3015	0.607821	7.05282	0	0	0
F1476	0.584604	7.02952	0	0	0
FGA81	0.584604	7.02952	0	0	0
Furcep	2.27973	5.72465	0	0	0
Furpol	0.672983	6.11789	0	0	0
F2241	0.572944	7.01785	0	0	0
F12266	0.572944	7.01785	0	0	0
Furang	0.574049	7.01895	0	0	0
Fga490	0.58794	7.03284	0	0	0
FGA456	0.590224	6.03514	0	0	0
FGA516	0.588943	6.03386	0	0	0
FGA513	0.588943	6.03386	0	0	0
F12278	0.605305	6.05022	0	0	0
F12279	0.605305	6.05022	0	0	0
Furant	0.853961	6.29889	0	0	0
FGA331	2.47616	5.92108	0	0	0
FGA332	2.47616	5.92108	0	0	0
FGA465	0.566814	7.01173	0	0	0
FGA99	0.558308	7.00323	0	0	0
F12269	0.558308	7.00323	0	0	0
FGA15	0.565798	7.01072	0	0	0
FGA440	0.565798	7.01072	0	0	0
FGA581	0.726843	6.17176	0	0	0
FGA582	0.726843	6.17176	0	0	0
FGA104	1.06616	5.51108	0	0	0
FGA105	1.06616	5.51108	0	0	0
FGA489	0.605575	7.05051	0	0	0
FGA174	1.39816	4.84884	0	0	0
FGA175	1.39816	4.84884	0	0	0
FurbGB	0.669577	6.12037	0	0	0
CGA312	2.12733	1.59007	0	0	0
CGA963	2.12733	1.59007	0	0	0
CGA642	1.50839	1.97094	0	0	0
CGA763	1.45477	2.91739	0	0	0
CGA764	1.45477	2.91739	0	0	0
C601	2.42691	1.88953	0	0	0
C602	2.42691	1.88953	0	0	0
CGA236	1.5441	2.00667	0	0	0
Calboe	1.25728	4.71982	0	0	0
C3125	2.65298	2.11552	0	0	0
CGA429	1.20131	3.66385	0	0	0
CGA430	1.20131	3.66385	0	0	0
C985	1.17973	4.63741	0	0	0
C984	1.17973	4.63741	0	0	0
CGA310	1.22845	3.68604	0	0	0
CGA314	1.22845	3.68604	0	0	0
CGA382	1.24983	3.70742	0	0	0
CGA365	1.24983	3.70742	0	0	0
CGA494	1.16283	4.62041	0	0	0
CGA495	1.16283	4.62041	0	0	0
C12265	2.23152	1.6942	0	0	0
C404	1.57375	4.03641	0	0	0
Cl11778	1.5954	3.05806	0	0	0
Cl11779	1.5954	3.05806	0	0	0
CGA594	1.58503	3.0477	0	0	0
CGA48	1.58503	3.0477	0	0	0
C3134	3.12317	1.58591	0	0	0
C3126	3.12317	1.58591	0	0	0
CGA311	2.04751	1.51024	0	0	0
CGA45	1.90498	2.36776	0	0	0
CGA46	1.90498	2.36776	0	0	0
C3043	1.92034	1.38314	0	0	0
CGA87	1.92034	1.38314	0	0	0
CGA368	1.9196	1.3824	0	0	0
CGA557	1.9196	1.3824	0	0	0
CGA364	1.964	1.42681	0	0	0
C2208	2.85754	1.32033	0	0	0
CGA453	1.97081	1.43328	0	0	0
CGA383	1.97081	1.43328	0	0	0
CGA501	2.00817	1.47064	0	0	0
C11776	2.00817	1.47064	0	0	0
C3121	1.90314	2.3656	0	0	0
C3123	1.90314	2.3656	0	0	0
Calparcri	1.98817	1.45063	0	0	0
C3118	1.98817	1.45063	0	0	0
Triowe	2.23932	1.70196	0	0	0
Trijoh	2.21587	1.67853	0	0	0
Trimel	2.21587	1.67853	0	0	0
Trihoe	1.21059	5.87513	0	0	0
Tribit	1.21059	5.87513	0	0	0
Trijac	1.22562	5.89023	0	0	0
Tricri	2.06959	1.53201	0	0	0
Triwie	2.02009	1.48251	0	0	0
Triqua	2.02009	1.48251	0	0	0
Kinboe	2.12751	1.58995	0	0	0
Kinfis	2.12751	1.58995	0	0	0
Kinxen	2.23415	1.69659	0	0	0
Chaafr	0.392348	5.84958	0	0	0
Chacha	0.392348	5.84958	0	0	0
Chacaly	0.382701	5.83993	0	0	0
Chazey	0.382701	5.83993	0	0	0
Chadil	0.45976	5.91699	0	0	0
Chasen	0.45976	5.91699	0	0	0
Chanam	0.504272	5.96179	0	0	0
Braset	1.34119	1.80343	0	0	0
Bramel	1.30265	1.76489	0	0	0
Bratha	1.30265	1.76489	0	0	0
Bradra	1.30165	1.76389	0	0	0
Bratra	1.30165	1.76389	0	0	0
Bragut	1.31428	1.77652	0	0	0
Braven	1.31428	1.77652	0	0	0
Brapum	1.33761	1.79985	0	0	0
Bradam	1.33761	1.79985	0	0	0
