NODE	1	2	3	4	5	6	7	8	9	10	11	12	13	14	15	16	17	18	19	20	21	22	23	24	25	26	27	28	29	
N1	1.59034e-58	1.22955e-54	8.69099e-51	5.19035e-47	2.57183e-43	1.03969e-39	3.36545e-36	8.52972e-33	1.64673e-29	2.33957e-26	2.341e-23	1.55808e-20	6.3918e-18	7.43729e-11	8.86887e-07	0.00155487	0.188551	0.691771	0.116593	0.00152624	3.18974e-06	1.67382e-09	2.93983e-13	7.73467e-19	4.46203e-21	1.85003e-23	5.73302e-26	1.36944e-28	2.67013e-31	
N2	1.2637e-59	4.55076e-55	1.66095e-50	4.92527e-46	1.16944e-41	2.18978e-37	3.17661e-33	3.4954e-29	2.84438e-25	1.65961e-21	6.68157e-18	1.76767e-14	2.88275e-11	2.65623e-08	1.21977e-05	0.00229205	0.122461	0.635015	0.22683	0.013163	0.000225148	1.55803e-06	5.2784e-09	9.93213e-12	1.13473e-14	8.40825e-18	4.25085e-21	1.52845e-24	4.51991e-28	
N3	7.36165e-65	1.24262e-63	7.16388e-61	1.23716e-55	1.70536e-50	1.80943e-45	1.45203e-40	8.62726e-36	3.69753e-31	1.10677e-26	2.22138e-22	2.83669e-18	2.15e-14	8.79106e-11	1.6898e-07	0.000123475	0.0238919	0.601684	0.354964	0.019121	0.00021406	7.71766e-07	1.16081e-09	8.61131e-13	3.5376e-16	8.75473e-20	1.39076e-23	1.49005e-27	1.19466e-31	
N4	2.87311e-70	6.25095e-65	1.22362e-59	1.87846e-54	2.23317e-49	2.02581e-44	1.3775e-39	6.8707e-35	2.44808e-30	6.03021e-26	9.85434e-22	1.01336e-17	6.117e-14	1.97164e-10	2.96536e-07	0.000169656	0.0263148	0.579341	0.370287	0.0235588	0.000326898	1.49289e-06	2.86785e-09	2.72108e-12	1.4266e-15	4.48663e-19	9.00889e-23	1.21307e-26	1.23322e-30	
B3088	0	0	0	0	0	0	0	0	0	0	0	0	0	0	0	0	0	1	0	0	0	0	0	0	0	0	0	0	0	
N5	5.10762e-61	2.03199e-56	8.03424e-52	2.58834e-47	6.70188e-43	1.37362e-38	2.18939e-34	2.65746e-30	2.3957e-26	1.55613e-22	7.01535e-19	2.09378e-15	3.89127e-12	4.14781e-09	2.25883e-06	0.000528458	0.0399456	0.567132	0.363189	0.0286092	0.000588786	4.6e-06	1.69346e-08	3.37719e-11	4.0194e-14	3.06471e-17	1.58013e-20	5.7515e-24	1.69936e-27	
N6	3.25279e-43	3.027e-42	2.90636e-41	2.6158e-40	2.19668e-39	1.7128e-38	1.23304e-37	8.14192e-37	4.89343e-36	2.65246e-35	1.28235e-34	5.45447e-34	2.00636e-33	6.24219e-33	1.59483e-32	4.69968e-14	5.22257e-07	0.999997	2.05841e-06	6.7908e-13	3.68579e-33	7.87099e-34	1.32992e-34	1.84732e-35	2.17011e-36	2.20305e-37	1.96569e-38	1.5635e-39	1.18502e-40	
BGA709	0	0	0	0	0	0	0	0	0	0	0	0	0	0	0	0	0	1	0	0	0	0	0	0	0	0	0	0	0	
BGA710	0	0	0	0	0	0	0	0	0	0	0	0	0	0	0	0	0	1	0	0	0	0	0	0	0	0	0	0	0	
BGA309	0	0	0	0	0	0	0	0	0	0	0	0	0	0	0	0	0	1	0	0	0	0	0	0	0	0	0	0	0	
N7	4.05959e-73	4.54159e-70	1.63064e-64	4.57859e-59	9.95497e-54	1.65753e-48	2.08375e-43	1.943e-38	1.31426e-33	6.27109e-29	2.03729e-24	4.30449e-20	5.56692e-16	4.05537e-12	1.47643e-08	2.23309e-05	0.0101978	0.71332	0.269574	0.00684929	3.60316e-05	6.33704e-08	4.83914e-11	1.88745e-14	4.1956e-18	5.74766e-22	5.14306e-26	3.14331e-30	1.44012e-34	
N8	1.93512e-65	1.4326e-60	9.89566e-56	5.60611e-51	2.57159e-46	9.41159e-42	2.70139e-37	5.95908e-33	9.86136e-29	1.18883e-24	1.00689e-20	5.72239e-17	2.05546e-13	4.30236e-10	4.67224e-07	0.000220012	0.0328631	0.789054	0.173005	0.00481955	3.76545e-05	1.18519e-07	1.84304e-10	1.61266e-13	8.68632e-17	3.07544e-20	7.52398e-24	1.32294e-27	1.8559e-31	
N9	5.53477e-48	1.10203e-46	2.15344e-45	3.93183e-44	6.67781e-43	1.04961e-41	1.51774e-40	2.00492e-39	2.3995e-38	2.5757e-37	2.44936e-36	2.03157e-35	1.44044e-34	8.49801e-34	4.01608e-33	2.96097e-14	4.54228e-07	0.999998	1.88176e-06	4.51795e-13	9.74097e-34	1.11663e-34	9.89432e-36	7.10443e-37	4.27254e-38	2.205e-39	9.9486e-41	3.9822e-42	1.47505e-43	
B11696	0	0	0	0	0	0	0	0	0	0	0	0	0	0	0	0	0	1	0	0	0	0	0	0	0	0	0	0	0	
B11697	0	0	0	0	0	0	0	0	0	0	0	0	0	0	0	0	0	1	0	0	0	0	0	0	0	0	0	0	0	
N10	1.53639e-48	3.38393e-47	7.28074e-46	1.46298e-44	2.73304e-43	5.05587e-67	1.61886e-59	1.41374e-52	5.3085e-46	1.00398e-39	1.02894e-33	5.83074e-28	1.80666e-22	2.93275e-17	2.28556e-12	7.3442e-08	0.00071982	0.996082	0.00319704	1.2554e-06	1.37624e-10	5.8749e-15	1.15711e-19	1.15962e-24	6.21369e-30	1.80864e-35	2.81194e-41	2.17594e-47	7.38292e-54	
B11609	0	0	0	0	0	0	0	0	0	0	0	0	0	0	0	0	0	1	0	0	0	0	0	0	0	0	0	0	0	
BGA392	0	0	0	0	0	0	0	0	0	0	0	0	0	0	0	0	0	1	0	0	0	0	0	0	0	0	0	0	0	
N11	3.02502e-65	1.61464e-61	7.69648e-58	3.10704e-54	1.03128e-50	1.08002e-47	2.61486e-45	2.0843e-43	3.36498e-40	1.17275e-34	2.6881e-29	3.79921e-24	3.11141e-19	1.35016e-14	2.71334e-10	2.03269e-06	0.00384346	0.767413	0.226075	0.00266165	4.81188e-06	2.41699e-09	4.64366e-13	4.15053e-17	1.9648e-21	5.39191e-26	9.15627e-31	1.00991e-35	7.79922e-41	
N12	1.12582e-70	1.10087e-66	9.84179e-63	7.61324e-59	4.80177e-55	9.6771e-52	3.3936e-49	1.47033e-45	6.7143e-40	2.10665e-34	4.30331e-29	5.47588e-24	4.08069e-19	1.63029e-14	3.0582e-10	2.1749e-06	0.00398301	0.779788	0.213957	0.00226601	3.74589e-06	1.76671e-09	3.26651e-13	2.87057e-17	1.36143e-21	3.80673e-26	6.68922e-31	7.7496e-36	8.23009e-40	
N13	1.50614e-70	2.37735e-65	3.42517e-60	4.02091e-55	3.7986e-50	2.84673e-45	1.66412e-40	7.43837e-36	2.48221e-31	6.00638e-27	1.01647e-22	1.14902e-18	8.16959e-15	3.36631e-11	7.14675e-08	6.51174e-05	0.01846	0.796303	0.181739	0.00341569	1.6193e-05	2.94846e-08	2.57887e-11	1.24513e-14	3.64804e-18	6.9457e-22	9.05012e-26	8.40344e-30	6.11785e-34	
N14	7.63456e-47	1.25297e-45	2.04219e-44	3.11827e-43	4.44068e-42	5.86829e-41	7.15417e-40	7.99134e-39	8.11271e-38	7.41227e-37	6.02231e-36	4.28607e-35	2.62055e-34	1.34107e-33	5.53793e-33	4.66715e-14	5.62597e-07	0.999997	2.16719e-06	6.24533e-13	1.11964e-33	1.40302e-34	1.37385e-35	1.0996e-36	7.42404e-38	4.32756e-39	2.21697e-40	1.01234e-41	4.31367e-43	
B985	0	0	0	0	0	0	0	0	0	0	0	0	0	0	0	0	0	1	0	0	0	0	0	0	0	0	0	0	0	
B983	0	0	0	0	0	0	0	0	0	0	0	0	0	0	0	0	0	1	0	0	0	0	0	0	0	0	0	0	0	
N15	8.92865e-78	3.81762e-72	1.56071e-66	5.14845e-61	1.35408e-55	2.80169e-50	4.48856e-45	5.4631e-40	4.9363e-35	3.21872e-30	1.46179e-25	4.41879e-21	8.37472e-17	9.16874e-13	5.15064e-09	1.23313e-05	0.00903634	0.946463	0.0442505	0.0002379	3.49769e-07	2.05003e-10	5.89941e-14	9.50467e-18	9.37882e-22	6.04886e-26	2.67792e-30	8.45453e-35	2.05368e-39	
N16	4.0072e-54	1.982e-52	9.30443e-51	4.05607e-49	1.63552e-47	6.07214e-46	2.06433e-44	6.38425e-43	1.78181e-41	4.44386e-40	9.78273e-39	1.87117e-37	3.04578e-36	4.10076e-35	4.38297e-34	4.51739e-15	1.87891e-07	0.999999	8.01246e-07	7.06569e-14	1.07948e-34	5.41769e-36	2.08439e-37	6.46682e-39	1.67484e-40	3.7126e-42	7.17754e-44	1.22802e-45	1.90657e-47	
B199	0	0	0	0	0	0	0	0	0	0	0	0	0	0	0	0	0	1	0	0	0	0	0	0	0	0	0	0	0	
BGAA3	0	0	0	0	0	0	0	0	0	0	0	0	0	0	0	0	0	1	0	0	0	0	0	0	0	0	0	0	0	
N17	3.9552e-54	1.95806e-52	9.20022e-51	4.01419e-49	1.62007e-47	6.02005e-46	2.04841e-44	6.34051e-43	1.77112e-41	4.42098e-40	9.74056e-39	1.86465e-37	3.03763e-36	4.09304e-35	4.37809e-34	9.0523e-15	2.6586e-07	0.999999	1.13454e-06	1.41747e-13	1.07981e-34	5.41641e-36	2.08265e-37	6.45729e-39	1.67124e-40	3.70203e-42	7.15194e-44	1.22274e-45	1.89692e-47	
B11604	0	0	0	0	0	0	0	0	0	0	0	0	0	0	0	0	0	1	0	0	0	0	0	0	0	0	0	0	0	
BGA583	0	0	0	0	0	0	0	0	0	0	0	0	0	0	0	0	0	1	0	0	0	0	0	0	0	0	0	0	0	
N18	4.07421e-73	5.78719e-71	2.13189e-65	6.55411e-60	1.58137e-54	2.95809e-49	4.22594e-44	4.52658e-39	3.55368e-34	1.98771e-29	7.64261e-25	1.92874e-20	3.00475e-16	2.65548e-12	1.17758e-08	2.16184e-05	0.0116823	0.862786	0.124081	0.00142534	3.84997e-06	3.79805e-09	1.73447e-12	4.24787e-16	6.16345e-20	5.69052e-24	3.52661e-28	1.52884e-32	5.03614e-37	
N19	1.56745e-48	3.31973e-47	6.89154e-46	1.33869e-44	2.42282e-43	4.06528e-42	6.28769e-41	8.9039e-40	1.14511e-38	1.32449e-37	1.36123e-36	1.22428e-35	9.44659e-35	6.08809e-34	3.15459e-33	4.10112e-12	5.37105e-06	0.999974	2.06515e-05	5.44853e-11	6.3073e-34	6.2827e-35	4.87704e-36	3.08982e-37	1.64973e-38	7.59971e-40	3.07507e-41	1.10844e-42	3.70107e-44	
BGA89	0	0	0	0	0	0	0	0	0	0	0	0	0	0	0	0	0	1	0	0	0	0	0	0	0	0	0	0	0	
BGA40	0	0	0	0	0	0	0	0	0	0	0	0	0	0	0	0	0	1	0	0	0	0	0	0	0	0	0	0	0	
N20	1.51346e-77	7.76052e-72	3.41772e-66	1.19482e-60	3.28236e-55	6.99837e-50	1.14061e-44	1.39486e-39	1.25091e-34	7.99534e-30	3.5131e-25	1.01289e-20	1.80128e-16	1.81422e-12	9.14035e-09	1.89484e-05	0.0114012	0.894641	0.0931426	0.000794683	1.63571e-06	1.25213e-09	4.49782e-13	8.75971e-17	1.02005e-20	7.61958e-25	3.84824e-29	1.36858e-33	3.70304e-38	
N21	3.11706e-50	8.48257e-49	2.24083e-47	5.53595e-46	1.27346e-44	2.71399e-43	5.3276e-42	9.56682e-41	1.55867e-39	2.28128e-38	2.96283e-37	3.36203e-36	3.26645e-35	2.64379e-34	1.71408e-33	2.42562e-14	4.23221e-07	0.999998	1.69201e-06	3.4e-13	3.63857e-34	2.90443e-35	1.79697e-36	9.04184e-38	3.82468e-39	1.39325e-40	4.45143e-42	1.26544e-43	3.31034e-45	
BGAA2	0	0	0	0	0	0	0	0	0	0	0	0	0	0	0	0	0	1	0	0	0	0	0	0	0	0	0	0	0	
BGAA1	0	0	0	0	0	0	0	0	0	0	0	0	0	0	0	0	0	1	0	0	0	0	0	0	0	0	0	0	0	
N22	1.35447e-50	3.91165e-49	1.09438e-47	2.86288e-46	6.97217e-45	1.57281e-43	3.26725e-42	6.20709e-41	1.06959e-39	1.65516e-38	2.27195e-37	1.45752e-33	8.96255e-27	1.61006e-20	9.92576e-15	1.99207e-09	0.000121914	0.99937	0.000508334	2.97922e-08	4.89869e-13	2.49011e-18	4.19379e-24	2.01154e-30	3.28816e-39	1.14004e-40	3.46355e-42	9.35532e-44	2.32135e-45	
BGA584	0	0	0	0	0	0	0	0	0	0	0	0	0	0	0	0	0	1	0	0	0	0	0	0	0	0	0	0	0	
BGA706	0	0	0	0	0	0	0	0	0	0	0	0	0	0	0	0	0	1	0	0	0	0	0	0	0	0	0	0	0	
N23	1.39909e-67	1.40823e-62	1.30816e-57	9.96845e-53	6.15197e-48	3.0299e-43	1.17061e-38	3.47676e-34	7.7483e-30	1.2582e-25	1.43555e-21	1.09901e-17	5.31586e-14	1.49696e-10	2.18245e-07	0.000137297	0.0270552	0.820336	0.149339	0.00311423	1.77849e-05	4.06283e-08	4.5762e-11	2.89988e-14	1.13187e-17	2.90657e-21	5.16253e-25	6.59643e-29	6.68249e-33	
N24	7.83514e-49	1.77248e-47	3.91452e-46	8.07752e-45	1.55037e-43	2.75375e-42	4.49939e-41	6.71545e-40	9.07942e-39	1.10081e-37	1.18205e-36	1.10665e-35	8.85119e-35	5.88472e-34	8.38133e-16	3.64196e-10	5.11343e-05	0.999733	0.000216227	5.67748e-09	4.43548e-14	7.80369e-35	6.08796e-36	3.84442e-37	2.0323e-38	9.2179e-40	3.65509e-41	1.28586e-42	4.17222e-44	
BGA304	0	0	0	0	0	0	0	0	0	0	0	0	0	0	0	0	0	1	0	0	0	0	0	0	0	0	0	0	0	
BGA303	0	0	0	0	0	0	0	0	0	0	0	0	0	0	0	0	0	1	0	0	0	0	0	0	0	0	0	0	0	
N25	1.11561e-48	2.45589e-47	5.28421e-46	1.06244e-44	1.98721e-43	3.44016e-42	5.47929e-41	7.97343e-40	1.05129e-38	1.24331e-37	1.30266e-36	1.19039e-35	9.29709e-35	6.03903e-34	3.13908e-33	1.37583e-14	3.1295e-07	0.999998	1.29811e-06	2.0797e-13	7.44314e-34	7.65269e-35	6.07801e-36	3.9123e-37	2.1101e-38	9.77182e-40	3.95845e-41	1.42337e-42	4.72518e-44	
BGAB1	0	0	0	0	0	0	0	0	0	0	0	0	0	0	0	0	0	1	0	0	0	0	0	0	0	0	0	0	0	
BGA7	0	0	0	0	0	0	0	0	0	0	0	0	0	0	0	0	0	1	0	0	0	0	0	0	0	0	0	0	0	
N26	1.73837e-39	8.84196e-39	4.95365e-38	2.60638e-37	1.28029e-36	5.84331e-36	2.46448e-35	9.54513e-35	3.3703e-34	1.07567e-33	3.07192e-33	7.75524e-33	1.70545e-32	3.20856e-32	5.05064e-32	3.91289e-11	1.41585e-05	0.999948	3.76845e-05	2.76064e-10	4.37623e-33	1.21742e-33	2.82001e-34	5.56518e-35	9.5328e-36	1.4391e-36	1.93894e-37	2.36088e-38	2.82881e-39	
PGA445	0	0	0	0	0	0	0	0	0	0	0	0	0	0	0	0	0	1	0	0	0	0	0	0	0	0	0	0	0	
PGA363	0	0	0	0	0	0	0	0	0	0	0	0	0	0	0	0	0	1	0	0	0	0	0	0	0	0	0	0	0	
N27	2.06585e-47	5.96022e-44	1.46499e-40	2.78341e-37	2.70405e-34	3.06763e-32	5.57467e-31	2.8391e-27	1.93791e-22	5.42217e-18	4.84648e-14	1.26096e-10	1.06174e-07	3.16297e-05	0.00330792	0.104484	0.638995	0.250676	0.00250328	2.32063e-06	5.52712e-10	5.12978e-14	2.30026e-18	5.65861e-23	8.2886e-28	7.64172e-33	4.60632e-38	1.86404e-43	4.81675e-48	
N28	1.17942e-39	3.45969e-35	9.74148e-31	1.85448e-26	2.25802e-22	1.65267e-18	6.70547e-15	1.35299e-11	1.1705e-08	3.5622e-06	0.000309635	0.00790542	0.0699726	0.245788	0.36948	0.240077	0.0618719	0.00456887	2.3781e-05	3.51217e-08	2.34442e-11	8.58328e-15	1.92113e-18	2.82173e-22	2.86617e-26	2.24922e-30	4.56133e-34	5.57119e-37	7.84024e-40	
Rhaspe	0	0	0	0	0	0	0	0	0	1	0	0	0	0	0	0	0	0	0	0	0	0	0	0	0	0	0	0	0	
N29	5.20025e-28	3.36656e-26	2.58081e-24	2.24392e-22	3.34771e-19	6.99474e-16	8.64932e-13	5.77838e-10	1.86217e-07	2.49054e-05	0.0011716	0.0188732	0.116388	0.302217	0.34735	0.175906	0.0358742	0.00218094	1.38842e-05	3.22563e-08	3.80826e-11	2.66874e-14	1.21506e-17	3.81197e-21	8.58612e-25	1.43097e-28	2.04284e-32	2.64087e-34	1.79441e-35	
Rhamar	0	0	0	0	0	0	0	0	0	1	0	0	0	0	0	0	0	0	0	0	0	0	0	0	0	0	0	0	0	
Rhatem	0	0	0	0	0	0	0	0	0	0	1	0	0	0	0	0	0	0	0	0	0	0	0	0	0	0	0	0	0	
N30	5.99444e-54	3.46859e-52	1.71003e-50	1.51272e-47	6.82448e-44	2.3923e-40	6.24627e-37	1.6355e-33	1.73873e-28	3.13257e-23	2.50794e-18	7.57691e-14	7.09992e-10	1.71524e-06	0.000879892	0.0736621	0.649889	0.273188	0.00237786	1.81719e-06	3.01155e-10	1.67925e-14	4.01517e-19	4.73415e-24	2.98899e-29	1.1474e-34	1.92232e-38	3.16627e-40	2.595e-41	
N31	2.25205e-50	5.02921e-47	1.00514e-43	1.66761e-40	2.13055e-37	1.23338e-34	2.17164e-32	1.76136e-30	4.14163e-26	2.09515e-21	5.5508e-17	6.59551e-13	2.72752e-09	3.04267e-06	0.000885465	0.0581809	0.578723	0.352885	0.00928878	3.34058e-05	3.18435e-08	1.14181e-11	1.89789e-15	1.67686e-19	8.66306e-24	2.80432e-28	5.98947e-33	8.77955e-38	9.42583e-43	
N32	8.60035e-52	5.19544e-47	2.89289e-42	1.24301e-37	4.02997e-33	9.59665e-29	1.62262e-24	1.86441e-20	1.37209e-16	5.9409e-13	1.32291e-09	1.17263e-06	0.000190173	0.0072795	0.0904465	0.376431	0.439015	0.0852024	0.00142738	6.24745e-06	1.10634e-08	9.8321e-12	4.99163e-15	1.57929e-18	3.31502e-22	4.83958e-26	5.09814e-30	3.9927e-34	2.56043e-38	
N33	5.2579e-39	3.19212e-38	2.05349e-37	1.21922e-36	6.63209e-36	3.2812e-35	1.46405e-34	5.83342e-34	2.05143e-33	6.27929e-33	1.64525e-32	3.61645e-32	6.50929e-32	9.32086e-32	6.71525e-13	1.92282e-06	0.999995	2.86915e-06	1.52379e-12	1.54609e-33	2.9329e-34	4.58554e-35	6.06495e-36	6.92788e-37	6.9491e-38	6.20417e-39	4.9855e-40	3.64143e-41	2.56964e-42	
FGA379	0	0	0	0	0	0	0	0	0	0	0	0	0	0	0	0	1	0	0	0	0	0	0	0	0	0	0	0	0	
F647	0	0	0	0	0	0	0	0	0	0	0	0	0	0	0	0	1	0	0	0	0	0	0	0	0	0	0	0	0	
N34	2.98869e-45	1.4479e-40	6.36789e-36	2.09267e-31	4.99132e-27	8.33924e-23	9.32455e-19	6.56728e-15	2.67752e-11	5.57316e-08	4.81321e-05	0.0114202	0.174991	0.436196	0.299808	0.0713844	0.00600883	0.000143418	5.8609e-07	8.54002e-10	5.98316e-13	2.35935e-16	5.77572e-20	9.38884e-24	1.06468e-27	8.74583e-32	5.36162e-36	2.51307e-40	9.71439e-45	
N35	1.72662e-46	2.73765e-45	2.89442e-40	5.08394e-35	6.02939e-30	4.69205e-25	2.29761e-20	6.66353e-16	1.0453e-11	7.65193e-08	0.000198496	0.087079	0.50509	0.372558	0.0343142	0.000755805	4.751e-06	8.21931e-09	3.91758e-12	7.59005e-16	7.2883e-20	3.88751e-24	1.36936e-28	5.49326e-30	1.93576e-31	4.57726e-34	7.55161e-37	1.02812e-39	1.22619e-42	
N36	4.46345e-40	7.35527e-39	7.34813e-38	2.20294e-36	1.13795e-31	3.70341e-26	6.42466e-21	5.5175e-16	2.13251e-11	3.07155e-07	0.00107008	0.27202	0.61541	0.109209	0.00228171	9.41316e-06	9.43561e-09	2.40602e-12	1.81149e-16	5.43033e-21	7.88066e-26	5.57708e-30	5.11014e-33	3.86453e-36	2.25921e-39	1.33297e-42	1.88072e-43	3.33352e-44	2.96255e-45	
N37	9.26496e-40	8.92563e-39	8.57751e-38	7.47243e-37	5.83975e-36	4.04343e-35	2.44222e-34	1.26145e-33	1.00262e-14	2.28578e-07	0.999993	6.73724e-06	7.10309e-12	6.41027e-32	2.09349e-32	4.42704e-33	6.76381e-34	8.00212e-35	7.67909e-36	6.17677e-37	4.26682e-38	2.5788e-39	1.3838e-40	6.67133e-42	2.9179e-43	1.16731e-44	4.30092e-46	1.46824e-47	4.80009e-49	
F3016	0	0	0	0	0	0	0	0	0	0	1	0	0	0	0	0	0	0	0	0	0	0	0	0	0	0	0	0	0	
F3015	0	0	0	0	0	0	0	0	0	0	1	0	0	0	0	0	0	0	0	0	0	0	0	0	0	0	0	0	0	
N38	7.84719e-43	3.9029e-43	1.26057e-41	2.20171e-37	1.14557e-31	4.35117e-26	8.40837e-21	7.81875e-16	3.15525e-11	4.53959e-07	0.00149499	0.355286	0.592082	0.0507277	0.000408525	5.51724e-07	1.74496e-10	1.67599e-14	6.45821e-19	1.21461e-23	1.2502e-28	7.46238e-34	2.86497e-39	1.16867e-42	6.03074e-42	6.60712e-43	4.34682e-44	2.6256e-45	1.52869e-46	
N39	1.94585e-51	2.75748e-48	9.82955e-43	5.2768e-37	1.83375e-31	3.99059e-26	5.17302e-21	3.70615e-16	1.30742e-11	1.87543e-07	0.000768871	0.414411	0.559636	0.0250982	8.58989e-05	5.14273e-08	9.21459e-12	6.7735e-16	2.46574e-20	5.00548e-25	6.12514e-30	4.76347e-35	2.44766e-40	3.13608e-44	2.20903e-46	4.0158e-49	2.71822e-52	1.09645e-55	3.65442e-59	
N40	8.07192e-54	1.32658e-49	1.74906e-45	1.84318e-41	2.87054e-36	6.33084e-30	7.53121e-24	4.34467e-18	1.08816e-12	9.38386e-08	0.00162357	0.719052	0.277744	0.00157967	4.09854e-07	1.93087e-11	2.91525e-16	1.82946e-21	5.4813e-27	8.51591e-33	8.32499e-39	1.58024e-43	1.50369e-47	1.13901e-51	6.82582e-56	3.27463e-60	1.31713e-64	7.65356e-69	1.98332e-72	
N41	1.04005e-43	8.34023e-44	4.19426e-43	3.88428e-39	1.38904e-33	1.71445e-27	9.56668e-22	2.38662e-16	2.4022e-11	7.90222e-07	0.00495411	0.733174	0.260511	0.00135924	3.70028e-07	2.3199e-11	5.38947e-16	5.70629e-21	3.03281e-26	1.00119e-31	1.31977e-35	8.42085e-39	4.18647e-42	6.79111e-44	5.2661e-44	5.53301e-45	3.11911e-46	1.47591e-47	6.67314e-49	
N42	1.19622e-40	1.52373e-39	1.88879e-38	2.11034e-37	2.10047e-36	1.83545e-35	1.38184e-34	8.7411e-34	2.25298e-14	3.55485e-07	0.99999	1.01248e-05	1.11565e-11	1.68966e-32	2.68496e-33	2.97063e-34	2.50814e-35	1.70782e-36	9.72894e-38	4.75942e-39	2.03868e-40	7.76209e-42	2.65841e-43	8.26975e-45	2.35544e-46	6.18421e-48	1.50528e-49	3.41363e-51	7.38322e-53	
F1476	0	0	0	0	0	0	0	0	0	0	1	0	0	0	0	0	0	0	0	0	0	0	0	0	0	0	0	0	0	
FGA81	0	0	0	0	0	0	0	0	0	0	1	0	0	0	0	0	0	0	0	0	0	0	0	0	0	0	0	0	0	
N43	5.97026e-52	5.42288e-51	1.11098e-44	1.58744e-38	1.41415e-32	7.64935e-27	2.39941e-21	4.04957e-16	3.24964e-11	9.90779e-07	0.00703583	0.72734	0.263009	0.00261224	1.38344e-06	1.73366e-10	8.03572e-15	1.7194e-19	1.93206e-24	1.2371e-29	4.75974e-35	1.14858e-40	1.16339e-42	7.05365e-40	1.6905e-39	1.46396e-40	8.50376e-42	4.55535e-43	2.31696e-44	
Furcep	0	0	0	0	0	0	0	0	0	0	0	0	0	1	0	0	0	0	0	0	0	0	0	0	0	0	0	0	0	
N44	9.82683e-47	6.21222e-45	1.11128e-39	4.6841e-34	1.25592e-28	2.06715e-23	1.97645e-18	1.00881e-13	2.40531e-09	2.12624e-05	0.0425407	0.792832	0.163705	0.000900612	4.9892e-07	8.4693e-11	6.22422e-15	2.36876e-19	5.20175e-24	7.07753e-29	6.26796e-34	3.74067e-39	1.96613e-44	1.29666e-45	9.91189e-47	2.68021e-49	2.07217e-52	1.27053e-55	6.96331e-59	
Furpol	0	0	0	0	0	0	0	0	0	0	0	1	0	0	0	0	0	0	0	0	0	0	0	0	0	0	0	0	0	
N45	8.01202e-46	2.27628e-40	5.02879e-35	7.73336e-30	7.95215e-25	5.18383e-20	1.99082e-15	4.05185e-11	3.70675e-07	0.00114092	0.615006	0.371285	0.0125451	2.23033e-05	1.01894e-08	1.84704e-12	1.65009e-16	8.28182e-21	2.54884e-25	5.11923e-30	7.02721e-35	6.82981e-40	4.83096e-45	2.5415e-50	1.01173e-55	3.0895e-61	7.31494e-67	1.35399e-72	2.01011e-78	
N46	3.2056e-46	1.17239e-40	3.26105e-35	6.24148e-30	7.88084e-25	6.20357e-20	2.81371e-15	6.55141e-11	6.52229e-07	0.00199849	0.880685	0.116584	0.000731137	5.50072e-07	1.27923e-10	1.29167e-14	6.79094e-19	2.08234e-23	4.02295e-28	5.1762e-33	4.62316e-38	2.95878e-43	1.39089e-48	4.8975e-54	1.3119e-59	2.70653e-65	4.34214e-71	5.45738e-77	5.49086e-83	
N47	6.31559e-44	2.11167e-42	6.49813e-41	1.77167e-39	4.21604e-38	8.58554e-37	1.45609e-35	4.09266e-19	2.37531e-12	4.24996e-06	0.999947	4.88927e-05	1.54679e-10	1.17458e-16	1.25641e-35	4.4066e-37	1.21775e-38	2.76684e-40	5.32445e-42	8.86897e-44	1.30001e-45	1.69858e-47	1.99871e-49	2.13576e-51	2.08674e-53	1.87485e-55	1.55639e-57	1.19859e-59	8.64922e-62	
F2241	0	0	0	0	0	0	0	0	0	0	1	0	0	0	0	0	0	0	0	0	0	0	0	0	0	0	0	0	0	
F12266	0	0	0	0	0	0	0	0	0	0	1	0	0	0	0	0	0	0	0	0	0	0	0	0	0	0	0	0	0	
Furang	0	0	0	0	0	0	0	0	0	0	1	0	0	0	0	0	0	0	0	0	0	0	0	0	0	0	0	0	0	
Fga490	0	0	0	0	0	0	0	0	0	0	1	0	0	0	0	0	0	0	0	0	0	0	0	0	0	0	0	0	0	
N48	1.83392e-55	3.43774e-49	4.71177e-43	4.40868e-37	2.71641e-31	1.04951e-25	2.37501e-20	2.85129e-15	1.55813e-10	2.97958e-06	0.0115023	0.889016	0.099329	0.000149364	3.47582e-08	2.49972e-12	7.62242e-17	1.17947e-21	1.03828e-26	5.62154e-32	1.97941e-37	4.72315e-43	7.87771e-49	9.40289e-55	8.17658e-61	5.24952e-67	2.51225e-73	9.01859e-80	2.4619e-86	
N49	3.1168e-47	1.02852e-45	6.62987e-42	5.19888e-36	2.50303e-30	7.16914e-25	1.15888e-19	9.70594e-15	3.65955e-10	4.84963e-06	0.0133191	0.910705	0.075845	0.000125777	3.44757e-08	3.04757e-12	1.17821e-16	2.34867e-21	2.66708e-26	1.84116e-31	8.06129e-37	2.29866e-42	4.32844e-48	1.56804e-53	5.50044e-55	1.22127e-58	1.41546e-62	1.34084e-66	1.09648e-70	
N50	8.84246e-56	1.89984e-53	7.50771e-48	2.39362e-41	4.58493e-35	5.15496e-29	3.2565e-23	1.07432e-17	1.63907e-12	9.29504e-08	0.00124324	0.909875	0.0885728	0.000308945	5.80856e-08	2.73678e-12	4.92452e-17	4.15714e-22	1.85334e-27	4.69474e-33	7.07238e-39	6.98368e-45	1.40508e-47	1.01547e-46	4.82741e-46	9.64329e-48	1.458e-49	1.97936e-51	2.43401e-53	
N51	1.74457e-53	4.51797e-50	5.92072e-44	5.06094e-38	2.74281e-32	9.16467e-27	1.80247e-21	1.94068e-16	1.02155e-11	2.17593e-07	0.00130973	0.942168	0.0564146	0.000107557	3.0384e-08	2.72086e-12	1.05959e-16	2.12319e-21	2.4229e-26	1.68255e-31	7.43117e-37	2.1483e-42	9.67461e-47	1.41175e-47	2.11577e-49	1.31092e-52	4.47097e-56	1.2647e-59	3.06982e-63	
N52	1.06159e-52	6.5684e-47	3.13023e-41	1.05742e-35	2.45175e-30	3.73971e-25	3.54371e-20	1.92547e-15	5.33009e-11	6.22182e-07	0.00216612	0.976153	0.02165	2.9934e-05	9.9852e-09	1.26486e-12	7.67129e-17	2.56221e-21	5.1713e-26	6.7334e-31	5.93452e-36	3.6714e-41	1.63961e-46	5.40273e-52	1.33628e-57	2.51426e-63	3.63603e-69	4.07289e-75	3.60779e-81	
FGA456	0	0	0	0	0	0	0	0	0	0	0	1	0	0	0	0	0	0	0	0	0	0	0	0	0	0	0	0	0	
N53	1.30808e-45	4.99967e-44	1.76914e-42	5.60926e-41	1.57492e-39	3.857e-38	8.07575e-37	1.40631e-35	1.95662e-34	1.08187e-12	2.88641e-06	0.999986	1.14951e-05	1.48506e-11	3.99619e-35	1.46192e-36	4.1399e-38	9.53156e-40	1.8446e-41	3.07314e-43	4.48722e-45	5.82215e-47	6.78645e-49	7.16933e-51	6.91383e-53	6.12283e-55	5.0043e-57	3.79065e-59	2.68797e-61	
FGA516	0	0	0	0	0	0	0	0	0	0	0	1	0	0	0	0	0	0	0	0	0	0	0	0	0	0	0	0	0	
FGA513	0	0	0	0	0	0	0	0	0	0	0	1	0	0	0	0	0	0	0	0	0	0	0	0	0	0	0	0	0	
N54	1.90648e-43	4.46625e-42	9.87124e-41	1.96286e-39	3.46891e-38	5.36498e-37	7.11586e-36	7.87397e-35	6.98564e-34	1.69962e-14	3.5945e-07	0.999998	1.50816e-06	2.52984e-13	1.57565e-34	9.15525e-36	4.1178e-37	1.50666e-38	4.6387e-40	1.23141e-41	2.87089e-43	5.96289e-45	1.11608e-46	1.90018e-48	2.96563e-50	4.27075e-52	5.70658e-54	7.10913e-56	8.38099e-58	
F12278	0	0	0	0	0	0	0	0	0	0	0	1	0	0	0	0	0	0	0	0	0	0	0	0	0	0	0	0	0	
F12279	0	0	0	0	0	0	0	0	0	0	0	1	0	0	0	0	0	0	0	0	0	0	0	0	0	0	0	0	0	
N55	1.03319e-52	4.97063e-47	1.87375e-41	5.08458e-36	9.65854e-31	1.23818e-25	1.01997e-20	5.04557e-16	1.35859e-11	1.70794e-07	0.000763844	0.650823	0.327932	0.0204598	2.18897e-05	6.54091e-09	8.2174e-13	5.28777e-17	1.96241e-21	4.54639e-26	6.95488e-31	7.32216e-36	5.47406e-41	2.97661e-46	1.1992e-51	3.63028e-57	8.35561e-63	1.93049e-68	1.53872e-72	
Furant	0	0	0	0	0	0	0	0	0	0	0	1	0	0	0	0	0	0	0	0	0	0	0	0	0	0	0	0	0	
N56	6.75594e-43	2.17248e-41	6.49446e-40	1.73937e-38	4.12448e-37	8.52879e-36	1.50739e-34	2.21506e-33	2.59954e-32	2.28641e-31	1.34319e-30	4.66113e-11	1.92492e-05	0.99998	4.70482e-07	4.13957e-14	3.02325e-36	7.60785e-38	1.62742e-39	3.02225e-41	4.95085e-43	7.24351e-45	9.55981e-47	1.1473e-48	1.26041e-50	1.27452e-52	1.19177e-54	1.03453e-56	8.42693e-59	
FGA331	0	0	0	0	0	0	0	0	0	0	0	0	0	1	0	0	0	0	0	0	0	0	0	0	0	0	0	0	0	
FGA332	0	0	0	0	0	0	0	0	0	0	0	0	0	1	0	0	0	0	0	0	0	0	0	0	0	0	0	0	0	
FGA465	0	0	0	0	0	0	0	0	0	0	1	0	0	0	0	0	0	0	0	0	0	0	0	0	0	0	0	0	0	
N57	5.44921e-48	2.23976e-42	7.1289e-37	1.58088e-31	2.34576e-26	2.20769e-21	1.22463e-16	3.60235e-12	4.77035e-08	0.000213647	0.172186	0.80999	0.0175867	2.30062e-05	7.8552e-09	1.06632e-12	7.12818e-17	2.67417e-21	6.14803e-26	9.22507e-31	9.46883e-36	6.89297e-41	3.6612e-46	1.45137e-51	4.37317e-57	1.01646e-62	1.84444e-68	2.63818e-74	3.05189e-80	
N58	2.27491e-42	4.65321e-41	8.98904e-40	1.55503e-38	2.3779e-37	3.16191e-36	3.57851e-35	3.34817e-34	3.408e-13	1.42234e-06	0.99994	5.84852e-05	1.22667e-10	3.20153e-33	2.63605e-34	1.58044e-35	7.41271e-37	2.8474e-38	9.24573e-40	2.59711e-41	6.4228e-43	1.41782e-44	2.82477e-46	5.12564e-48	8.53482e-50	1.31247e-51	1.87415e-53	2.49676e-55	3.15184e-57	
FGA99	0	0	0	0	0	0	0	0	0	0	1	0	0	0	0	0	0	0	0	0	0	0	0	0	0	0	0	0	0	
F12269	0	0	0	0	0	0	0	0	0	0	1	0	0	0	0	0	0	0	0	0	0	0	0	0	0	0	0	0	0	
N59	1.63024e-47	6.05444e-42	1.73404e-36	3.45527e-31	4.60523e-26	3.89587e-21	1.94616e-16	5.17203e-12	6.21895e-08	0.000255112	0.192563	0.799043	0.00812959	9.10302e-06	2.90513e-09	3.82692e-13	2.53807e-17	9.58797e-22	2.24284e-26	3.44894e-31	3.6451e-36	2.73938e-41	1.50331e-46	6.15214e-52	1.90921e-57	4.55341e-63	8.4351e-69	1.22386e-74	3.63239e-80	
N60	1.3849e-43	3.82997e-42	9.8602e-41	2.2664e-39	4.59316e-38	8.07672e-37	1.20638e-35	1.4866e-34	3.75093e-15	1.50595e-07	0.99999	1.01564e-05	2.12412e-12	2.16875e-33	1.33045e-34	5.97932e-36	2.11004e-37	6.11107e-39	1.49748e-40	3.17424e-42	5.91855e-44	9.83415e-46	1.47127e-47	1.99857e-49	2.48198e-51	2.83403e-53	2.98959e-55	2.92526e-57	2.68642e-59	
FGA15	0	0	0	0	0	0	0	0	0	0	1	0	0	0	0	0	0	0	0	0	0	0	0	0	0	0	0	0	0	
FGA440	0	0	0	0	0	0	0	0	0	0	1	0	0	0	0	0	0	0	0	0	0	0	0	0	0	0	0	0	0	
N61	9.36555e-43	2.46989e-41	6.03932e-40	1.30927e-38	2.47953e-37	4.02277e-36	5.4435e-35	5.91103e-34	4.85045e-33	1.23144e-13	1.55353e-06	0.999998	8.54751e-07	9.97054e-14	3.37516e-35	1.39801e-36	4.61526e-38	1.26332e-39	2.94749e-41	5.98183e-43	1.07243e-44	1.71917e-46	2.48817e-48	3.27695e-50	3.95277e-52	4.39051e-54	4.51101e-56	4.30364e-58	3.85613e-60	
FGA581	0	0	0	0	0	0	0	0	0	0	0	1	0	0	0	0	0	0	0	0	0	0	0	0	0	0	0	0	0	
FGA582	0	0	0	0	0	0	0	0	0	0	0	1	0	0	0	0	0	0	0	0	0	0	0	0	0	0	0	0	0	
N62	8.40523e-40	8.92347e-39	9.33713e-38	8.80758e-37	7.39999e-36	5.45621e-35	3.46355e-34	1.84509e-33	7.95848e-33	2.63502e-32	8.29061e-13	2.80657e-06	0.999994	2.86146e-06	1.30442e-12	3.56775e-34	3.64528e-35	3.01674e-36	2.09175e-37	1.24569e-38	6.49279e-40	3.00609e-41	1.25111e-42	4.72667e-44	1.63428e-45	5.20725e-47	1.53805e-48	4.23301e-50	1.1158e-51	
FGA104	0	0	0	0	0	0	0	0	0	0	0	0	1	0	0	0	0	0	0	0	0	0	0	0	0	0	0	0	0	
FGA105	0	0	0	0	0	0	0	0	0	0	0	0	1	0	0	0	0	0	0	0	0	0	0	0	0	0	0	0	0	
FGA489	0	0	0	0	0	0	0	0	0	0	1	0	0	0	0	0	0	0	0	0	0	0	0	0	0	0	0	0	0	
N63	5.06005e-39	4.48178e-38	3.97539e-37	3.18557e-36	2.27967e-35	1.43693e-34	7.83924e-34	3.61806e-33	1.36979e-32	4.07343e-32	5.25712e-15	1.398e-09	0.000100004	0.999816	8.4194e-05	1.2448e-09	6.48081e-15	6.43672e-35	6.65085e-36	5.8077e-37	4.37637e-38	2.89326e-39	1.70071e-40	8.98717e-42	4.30887e-43	1.88903e-44	7.62341e-46	2.84867e-47	1.02111e-48	
FGA174	0	0	0	0	0	0	0	0	0	0	0	0	0	1	0	0	0	0	0	0	0	0	0	0	0	0	0	0	0	
FGA175	0	0	0	0	0	0	0	0	0	0	0	0	0	1	0	0	0	0	0	0	0	0	0	0	0	0	0	0	0	
FurbGB	0	0	0	0	0	0	0	0	0	0	0	1	0	0	0	0	0	0	0	0	0	0	0	0	0	0	0	0	0	
N64	2.27064e-62	8.1583e-59	2.22758e-55	2.88869e-52	7.77955e-48	1.53408e-42	2.14078e-37	2.04991e-32	1.30476e-27	5.28064e-23	1.27619e-18	1.67985e-14	1.0491e-10	2.52774e-07	0.000179217	0.0266369	0.491343	0.460688	0.0210082	0.00014387	2.71612e-07	1.96156e-10	6.60232e-14	1.17824e-17	1.21875e-21	7.86271e-26	9.48406e-29	3.50061e-30	4.73091e-32	
N65	2.55986e-64	2.99612e-59	3.19173e-54	2.72266e-49	1.83118e-44	9.53693e-40	3.76488e-35	1.09807e-30	2.29347e-26	3.30001e-22	3.11422e-18	1.8076e-14	5.91476e-11	9.63551e-08	6.45997e-05	0.0128889	0.400412	0.542069	0.0439327	0.000629987	2.77297e-06	5.05162e-09	4.57187e-12	2.32168e-15	7.21223e-19	1.4614e-22	2.02935e-26	2.00863e-30	1.57098e-34	
N66	2.73251e-69	7.68165e-64	1.89979e-58	3.66831e-53	5.46822e-48	6.20484e-43	5.26588e-38	3.26974e-33	1.44495e-28	4.38749e-24	8.74557e-20	1.07679e-15	7.52587e-12	2.63758e-08	3.79963e-05	0.015461	0.552525	0.418328	0.013568	7.95509e-05	1.48113e-07	1.17171e-10	4.69134e-14	1.06693e-17	1.49465e-21	1.36891e-25	8.57605e-30	3.80755e-34	1.31484e-38	
N67	5.1154e-44	6.49557e-43	8.27406e-42	9.82364e-41	1.08141e-39	1.09722e-38	1.019e-37	8.5913e-37	6.51122e-36	4.38268e-35	2.58067e-34	1.30385e-33	5.50875e-33	1.8781e-32	2.07508e-15	7.77915e-10	8.24408e-05	0.999845	7.28847e-05	8.86682e-10	3.70785e-15	4.57252e-35	4.20578e-36	3.27335e-37	2.2046e-38	1.30723e-39	6.91813e-41	3.30454e-42	1.49131e-43	
CGA312	0	0	0	0	0	0	0	0	0	0	0	0	0	0	0	0	0	1	0	0	0	0	0	0	0	0	0	0	0	
CGA963	0	0	0	0	0	0	0	0	0	0	0	0	0	0	0	0	0	1	0	0	0	0	0	0	0	0	0	0	0	
N68	5.75278e-67	5.5679e-63	4.46695e-59	1.27922e-55	8.46382e-54	1.26977e-52	8.77143e-47	1.00085e-40	7.29924e-35	3.31343e-29	8.95953e-24	1.34863e-18	1.01864e-13	3.24088e-09	3.05468e-05	0.0255182	0.668572	0.303051	0.00282589	2.75308e-06	6.40901e-10	5.24938e-14	1.87802e-18	3.35244e-23	3.25144e-28	1.80835e-33	7.2354e-39	2.73803e-40	1.10792e-42	
N69	7.88014e-45	6.70858e-45	8.81184e-46	3.01191e-47	1.00265e-48	4.18479e-47	5.14273e-46	2.86224e-42	7.19073e-38	3.08683e-32	1.26486e-25	2.33132e-19	1.63469e-13	3.20359e-08	0.000466976	0.0992921	0.857732	0.0424881	2.10357e-05	8.70825e-10	8.47418e-15	2.9276e-20	4.36779e-26	3.12018e-32	1.13186e-38	8.42978e-45	7.39643e-46	1.8578e-47	2.37159e-47	
N70	1.04002e-54	6.87318e-53	4.38944e-51	2.60775e-49	1.43381e-47	7.25242e-46	3.35573e-44	4.46498e-42	1.65481e-36	3.64868e-30	3.61963e-24	1.57399e-18	2.8466e-13	1.82068e-08	0.000242356	0.0915518	0.869146	0.0390339	2.6084e-05	2.70687e-09	8.31908e-14	1.00438e-18	5.313e-24	1.36665e-29	5.74375e-34	2.96247e-37	1.2526e-39	6.43657e-41	3.30984e-42	
N71	1.17808e-58	3.27167e-55	8.31823e-52	1.81628e-48	3.37279e-45	5.26546e-42	6.81581e-39	7.19555e-36	7.2037e-33	3.42982e-28	5.24411e-23	4.25662e-18	1.7017e-13	2.99951e-09	1.89547e-05	0.0254877	0.876408	0.0978924	0.000192748	8.28811e-08	1.29207e-11	9.1961e-16	3.37529e-20	6.87941e-25	8.1247e-30	5.85671e-35	2.11632e-39	1.39469e-42	8.84242e-46	
CGA642	0	0	0	0	0	0	0	0	0	0	0	0	0	0	0	0	1	0	0	0	0	0	0	0	0	0	0	0	0	
N72	9.37853e-70	1.39387e-65	1.89774e-61	2.21238e-57	2.18945e-53	1.82079e-49	1.28047e-45	3.8114e-41	2.36965e-35	1.05642e-29	2.72672e-24	3.91141e-19	2.90073e-14	9.83892e-10	1.20759e-05	0.0319014	0.85248	0.115453	0.00015324	4.22823e-08	4.11104e-12	1.81218e-16	4.17393e-21	5.4807e-26	4.86218e-31	7.23087e-35	7.44857e-38	6.46177e-41	4.7457e-44	
N73	1.53711e-52	7.50611e-51	3.47094e-49	1.48638e-47	5.86996e-46	2.12705e-44	7.02946e-43	2.10306e-41	5.64419e-40	1.34336e-38	2.79408e-37	4.981e-36	7.41138e-35	5.08126e-16	5.44635e-08	0.999993	6.77821e-06	2.60628e-12	1.68039e-32	1.18451e-33	5.64771e-35	2.02862e-36	5.83462e-38	1.39729e-39	2.86275e-41	5.11783e-43	8.1041e-45	1.15006e-46	1.49332e-48	
CGA763	0	0	0	0	0	0	0	0	0	0	0	0	0	0	0	1	0	0	0	0	0	0	0	0	0	0	0	0	0	
CGA764	0	0	0	0	0	0	0	0	0	0	0	0	0	0	0	1	0	0	0	0	0	0	0	0	0	0	0	0	0	
N74	9.32883e-51	4.26848e-49	1.84552e-47	7.36055e-46	2.69458e-44	9.00038e-43	2.72308e-41	7.39589e-40	1.78309e-38	3.76155e-37	6.81368e-36	1.03295e-34	1.26353e-33	1.17942e-32	7.64467e-32	2.41307e-13	2.86673e-06	0.999997	1.80812e-07	5.49789e-15	6.69643e-36	1.97854e-37	4.85371e-39	1.01638e-40	1.8538e-42	2.99047e-44	4.31789e-46	5.63371e-48	6.76539e-50	
C601	0	0	0	0	0	0	0	0	0	0	0	0	0	0	0	0	0	1	0	0	0	0	0	0	0	0	0	0	0	
C602	0	0	0	0	0	0	0	0	0	0	0	0	0	0	0	0	0	1	0	0	0	0	0	0	0	0	0	0	0	
N75	6.66876e-52	2.79571e-50	9.23294e-49	1.52868e-47	9.56476e-47	1.82204e-45	9.32218e-42	5.50871e-38	2.29798e-32	1.14844e-26	2.60589e-21	2.69724e-16	1.15924e-11	1.72919e-07	0.000564906	0.106605	0.85826	0.0345281	4.20545e-05	1.04684e-08	8.95714e-13	3.3e-17	5.83343e-22	5.28441e-27	9.22305e-32	1.05237e-34	1.24894e-37	3.45342e-40	5.28936e-41	
CGA236	0	0	0	0	0	0	0	0	0	0	0	0	0	0	0	0	1	0	0	0	0	0	0	0	0	0	0	0	0	
N76	1.04468e-56	4.24028e-53	1.57983e-49	4.63348e-46	1.66447e-43	1.23918e-41	2.10779e-36	3.2829e-31	3.16547e-26	1.81576e-21	5.81701e-17	9.43629e-13	6.62734e-09	1.54059e-05	0.00709476	0.21169	0.752653	0.0284813	6.58386e-05	3.80111e-08	8.57611e-12	9.42504e-16	5.73386e-20	2.09604e-24	4.86606e-29	7.45028e-34	7.74114e-39	1.45094e-41	2.3387e-42	
N77	2.53196e-63	6.2655e-58	1.34552e-52	2.2789e-47	2.99005e-42	2.97468e-37	2.18625e-32	1.14936e-27	4.14906e-23	9.74908e-19	1.38605e-14	1.07199e-10	3.79484e-07	0.000432716	0.0229828	0.275768	0.633605	0.0669723	0.000238481	2.37118e-07	9.96786e-11	2.16846e-14	2.75892e-18	2.22963e-22	1.21486e-26	4.66879e-31	1.3109e-35	2.76635e-40	4.6645e-45	
Calboe	0	0	0	0	0	0	0	0	0	0	0	0	0	1	0	0	0	0	0	0	0	0	0	0	0	0	0	0	0	
C3125	0	0	0	0	0	0	0	0	0	0	0	0	0	0	0	0	0	1	0	0	0	0	0	0	0	0	0	0	0	
N78	5.19726e-46	9.44674e-45	1.686e-43	2.80058e-42	4.30757e-41	6.09897e-40	7.89428e-39	9.26435e-38	9.75949e-37	9.11595e-36	7.43354e-35	5.18625e-34	6.05039e-34	5.66002e-17	1	2.86363e-15	1.13991e-30	6.14291e-32	1.24039e-32	1.63955e-33	1.59129e-34	1.2133e-35	7.59462e-37	4.02462e-38	1.84692e-39	7.46758e-41	2.6966e-42	8.79291e-44	2.68051e-45	
CGA429	0	0	0	0	0	0	0	0	0	0	0	0	0	0	1	0	0	0	0	0	0	0	0	0	0	0	0	0	0	
CGA430	0	0	0	0	0	0	0	0	0	0	0	0	0	0	1	0	0	0	0	0	0	0	0	0	0	0	0	0	0	
N79	3.17246e-45	9.60734e-44	7.6289e-43	1.82758e-42	1.15802e-42	1.98062e-41	8.9681e-39	7.50622e-33	3.60659e-27	9.40843e-22	1.24071e-16	7.28983e-12	1.51769e-07	0.000693262	0.142614	0.572879	0.279647	0.0041653	1.30605e-06	1.11514e-10	3.93851e-15	7.00962e-20	7.01793e-25	4.23026e-30	1.60448e-35	4.01652e-41	7.6627e-45	8.03566e-47	5.57488e-45	
N80	2.96764e-44	4.49977e-43	6.74231e-42	9.37092e-41	1.20101e-39	1.40981e-38	1.50369e-37	1.44344e-36	1.23272e-35	9.233e-35	5.95643e-34	6.49214e-34	5.7723e-17	1	2.99398e-15	1.46418e-30	1.79158e-31	6.01153e-32	1.15869e-32	1.53295e-33	1.52983e-34	1.21994e-35	8.07912e-37	4.56748e-38	2.25016e-39	9.81508e-41	3.83909e-42	1.3606e-43	4.53182e-45	
C985	0	0	0	0	0	0	0	0	0	0	0	0	0	1	0	0	0	0	0	0	0	0	0	0	0	0	0	0	0	
C984	0	0	0	0	0	0	0	0	0	0	0	0	0	1	0	0	0	0	0	0	0	0	0	0	0	0	0	0	0	
N81	7.08131e-54	2.39855e-50	7.38512e-47	1.61591e-43	6.6034e-41	4.86722e-39	9.33123e-34	1.39615e-28	1.29166e-23	6.9875e-19	2.03328e-14	2.79996e-10	1.47505e-06	0.00198512	0.240096	0.590116	0.166236	0.00156361	9.39853e-07	1.84756e-10	1.66826e-14	8.1505e-19	2.37323e-23	4.38765e-28	5.38051e-33	4.51402e-38	8.67588e-42	5.29245e-43	1.10183e-44	
N82	9.87061e-45	1.61544e-43	2.59276e-42	3.84581e-41	5.23896e-40	6.5067e-39	7.30378e-38	7.33193e-37	6.28014e-33	2.61804e-26	3.26168e-20	1.44077e-14	2.18815e-09	0.000112577	0.997881	0.00200603	4.93273e-07	2.2718e-11	2.68685e-16	9.52486e-22	9.05575e-28	1.40881e-36	8.15362e-38	4.04605e-39	1.75541e-40	6.76039e-42	2.33912e-43	7.34353e-45	2.1624e-46	
CGA310	0	0	0	0	0	0	0	0	0	0	0	0	0	0	1	0	0	0	0	0	0	0	0	0	0	0	0	0	0	
CGA314	0	0	0	0	0	0	0	0	0	0	0	0	0	0	1	0	0	0	0	0	0	0	0	0	0	0	0	0	0	
N83	4.23628e-58	7.45358e-53	1.13233e-47	1.33551e-42	1.19792e-37	7.97127e-33	3.81693e-28	1.26602e-23	2.76998e-19	3.74694e-15	2.86416e-11	1.083e-07	0.000162739	0.0624101	0.730527	0.199399	0.0074747	2.65048e-05	2.79572e-08	1.26997e-11	3.0098e-15	4.1907e-19	3.71727e-23	2.22794e-27	9.43411e-32	2.92277e-36	6.81348e-41	1.22292e-45	1.78594e-50	
N84	2.9694e-46	7.63349e-45	1.87499e-43	4.22182e-42	8.64623e-41	1.59552e-39	2.62251e-38	3.78456e-37	4.70704e-36	4.92314e-35	4.18526e-34	1.4911e-15	5.95818e-10	7.07366e-05	0.999565	0.000364013	1.4567e-08	1.43307e-13	1.10136e-34	7.11496e-36	3.57121e-37	1.45987e-38	5.02205e-40	1.489e-41	3.87479e-43	8.97676e-45	1.87272e-46	3.5512e-48	6.26543e-50	
CGA382	0	0	0	0	0	0	0	0	0	0	0	0	0	0	1	0	0	0	0	0	0	0	0	0	0	0	0	0	0	
CGA365	0	0	0	0	0	0	0	0	0	0	0	0	0	0	1	0	0	0	0	0	0	0	0	0	0	0	0	0	0	
N85	1.03643e-46	2.70436e-45	6.77285e-44	1.56383e-42	3.30675e-41	6.35239e-40	1.09801e-38	1.68755e-37	2.27197e-36	2.62816e-35	2.5454e-34	7.41416e-15	2.05448e-07	0.999987	1.25476e-05	1.49533e-11	3.8719e-32	6.20961e-33	6.14935e-34	4.33105e-35	2.34963e-36	1.03258e-37	3.80463e-39	1.20498e-40	3.34266e-42	8.24157e-44	1.82737e-45	3.67881e-47	6.89029e-49	
CGA494	0	0	0	0	0	0	0	0	0	0	0	0	0	1	0	0	0	0	0	0	0	0	0	0	0	0	0	0	0	
CGA495	0	0	0	0	0	0	0	0	0	0	0	0	0	1	0	0	0	0	0	0	0	0	0	0	0	0	0	0	0	
N86	5.86679e-60	1.45546e-56	3.35421e-53	5.43193e-50	3.81347e-47	2.59662e-45	1.22464e-43	1.90133e-38	3.91288e-33	5.35029e-28	4.67182e-23	2.4615e-18	7.20317e-14	1.02956e-09	5.76949e-06	0.00807975	0.376762	0.5815	0.0335704	8.17175e-05	4.88414e-08	1.11776e-11	1.22213e-15	7.28888e-20	2.5876e-24	5.8108e-29	8.62309e-34	9.27208e-39	4.15105e-41	
N87	4.248e-66	4.16647e-62	3.71256e-58	2.8121e-54	1.4253e-50	2.77649e-47	1.7943e-44	5.67049e-39	1.72361e-33	3.42616e-28	4.25868e-23	3.10571e-18	1.21004e-13	2.1764e-09	1.40225e-05	0.0187967	0.418588	0.548852	0.0137313	1.74902e-05	5.65995e-09	7.1703e-13	4.42411e-17	1.51761e-21	3.15974e-26	4.24623e-31	3.85169e-36	2.46697e-41	1.70879e-44	
C12265	0	0	0	0	0	0	0	0	0	0	0	0	0	0	0	0	0	1	0	0	0	0	0	0	0	0	0	0	0	
N88	4.62681e-62	3.46168e-58	2.29605e-54	1.29513e-50	6.15062e-47	2.42952e-43	7.86441e-40	2.04887e-36	5.8086e-33	1.53959e-27	7.22043e-22	1.68598e-16	1.79833e-11	7.43222e-07	0.00788598	0.932104	0.0594694	0.000540049	2.76287e-07	2.3504e-11	6.84226e-16	8.6998e-21	5.42545e-26	1.99856e-31	1.62223e-35	6.9957e-39	2.43891e-42	6.90007e-46	1.63997e-49	
C404	0	0	0	0	0	0	0	0	0	0	0	0	0	0	1	0	0	0	0	0	0	0	0	0	0	0	0	0	0	
N89	1.82363e-73	7.28814e-69	2.78618e-64	8.74815e-60	2.24319e-55	4.66063e-51	8.12438e-47	2.05928e-41	5.25445e-35	7.19846e-29	5.18554e-23	1.86238e-17	3.02368e-12	1.84743e-07	0.0025897	0.965622	0.0316985	8.93788e-05	1.5349e-08	6.11302e-13	9.28139e-18	6.75871e-23	2.6373e-28	5.88104e-34	1.73205e-39	3.57047e-43	1.05668e-46	2.54208e-50	5.05828e-54	
N90	5.09883e-53	3.08674e-51	1.75423e-49	9.17839e-48	4.39807e-46	1.91788e-44	7.55254e-43	2.6603e-41	8.28181e-40	2.2438e-38	5.18385e-37	9.93018e-36	1.51431e-34	1.31568e-13	1.01322e-06	0.999994	5.29067e-06	2.8311e-12	5.49964e-35	2.01553e-36	5.57556e-38	1.23146e-39	2.25545e-41	3.51927e-43	4.77301e-45	5.71394e-47	6.11127e-49	5.89633e-51	5.21363e-53	
Cl11778	0	0	0	0	0	0	0	0	0	0	0	0	0	0	0	1	0	0	0	0	0	0	0	0	0	0	0	0	0	
Cl11779	0	0	0	0	0	0	0	0	0	0	0	0	0	0	0	1	0	0	0	0	0	0	0	0	0	0	0	0	0	
N91	1.18411e-55	1.28631e-53	1.25643e-51	8.08463e-74	1.07221e-65	3.78141e-58	5.60715e-51	4.10773e-44	1.60413e-37	3.41504e-31	3.92554e-25	2.335e-19	6.57083e-14	7.45343e-09	0.000246159	0.99783	0.00192369	2.98987e-07	1.07342e-11	1.37022e-16	7.67766e-22	2.12182e-27	3.06552e-33	2.3609e-39	9.5406e-46	1.88392e-52	1.55258e-59	3.3874e-67	1.20193e-54	
CGA594	0	0	0	0	0	0	0	0	0	0	0	0	0	0	0	1	0	0	0	0	0	0	0	0	0	0	0	0	0	
CGA48	0	0	0	0	0	0	0	0	0	0	0	0	0	0	0	1	0	0	0	0	0	0	0	0	0	0	0	0	0	
N92	1.14152e-46	2.67397e-45	6.07522e-44	1.28217e-42	2.50009e-41	4.47547e-40	7.30042e-39	1.07543e-37	1.41511e-36	1.64084e-35	1.64775e-34	1.40091e-33	9.7768e-33	5.358e-32	2.15376e-31	5.65104e-31	1.12895e-11	9.68691e-06	0.999989	1.13418e-06	2.33657e-13	2.73902e-35	1.38568e-36	5.90573e-38	2.17198e-39	7.01935e-41	2.02187e-42	5.25014e-44	1.26643e-45	
C3134	0	0	0	0	0	0	0	0	0	0	0	0	0	0	0	0	0	0	1	0	0	0	0	0	0	0	0	0	0	
C3126	0	0	0	0	0	0	0	0	0	0	0	0	0	0	0	0	0	0	1	0	0	0	0	0	0	0	0	0	0	
N93	1.4571e-51	1.00467e-48	6.78528e-46	3.99628e-43	2.00751e-40	4.29632e-38	1.25558e-36	1.12016e-35	8.27875e-34	5.22985e-29	2.27011e-24	6.15241e-20	9.78114e-16	8.34083e-12	3.33461e-08	5.02634e-05	0.0192847	0.815055	0.163995	0.00161183	3.60248e-06	2.91531e-09	1.08615e-12	2.15731e-16	2.51834e-20	1.85027e-24	8.99443e-29	3.00357e-33	7.566e-38	
CGA311	0	0	0	0	0	0	0	0	0	0	0	0	0	0	0	0	0	1	0	0	0	0	0	0	0	0	0	0	0	
N94	1.31938e-72	1.81687e-68	2.20935e-64	2.17956e-60	1.3198e-56	1.85956e-53	4.48367e-49	2.07253e-43	6.7899e-38	1.5049e-32	2.17067e-27	1.9339e-22	9.90254e-18	2.63011e-13	3.10778e-09	1.27495e-05	0.0115331	0.81665	0.170526	0.00127629	1.80254e-06	8.11626e-10	1.52965e-13	1.4261e-17	7.35892e-22	2.27675e-26	4.48076e-31	5.93809e-36	2.08673e-39	
N95	2.56163e-65	1.69865e-61	9.85962e-58	4.79118e-54	1.90914e-50	7.08091e-48	5.92264e-46	2.09208e-44	1.70172e-39	6.52748e-34	1.59067e-28	2.36593e-23	2.02367e-18	9.10078e-14	1.86959e-09	1.37678e-05	0.0220108	0.938781	0.0391201	7.42997e-05	3.09729e-08	4.60905e-12	3.13e-16	1.1223e-20	2.33527e-25	3.00804e-30	2.50998e-35	1.40114e-40	5.56265e-46	
N96	1.37902e-50	4.06477e-49	1.16117e-47	3.10503e-46	7.73904e-45	1.78907e-43	3.81413e-42	7.44831e-41	1.32161e-39	2.10996e-38	2.99431e-37	3.71953e-36	3.96384e-35	3.52618e-34	7.0935e-15	2.03977e-07	0.999991	8.68912e-06	3.31422e-12	5.17599e-33	5.12736e-34	3.65644e-35	2.02596e-36	9.1529e-38	3.48489e-39	1.14532e-40	3.30857e-42	8.52073e-44	2.01907e-45	
CGA45	0	0	0	0	0	0	0	0	0	0	0	0	0	0	0	0	1	0	0	0	0	0	0	0	0	0	0	0	0	
CGA46	0	0	0	0	0	0	0	0	0	0	0	0	0	0	0	0	1	0	0	0	0	0	0	0	0	0	0	0	0	
N97	1.246e-74	1.96087e-70	2.80828e-66	3.47031e-62	2.66464e-58	4.43021e-55	3.35339e-52	2.3075e-46	1.43975e-40	6.04916e-35	1.66374e-29	2.87448e-24	2.93935e-19	1.62961e-14	4.27345e-10	4.19454e-06	0.00957472	0.962627	0.0277516	4.23229e-05	1.45934e-08	1.82945e-12	1.06226e-16	3.30176e-21	6.0374e-26	6.93199e-31	5.23641e-36	2.85111e-41	1.67546e-43	
N98	1.53647e-87	9.53677e-85	1.12246e-78	3.07355e-72	6.42785e-66	1.01267e-59	1.1891e-53	1.02562e-47	6.37326e-42	2.78198e-36	8.25227e-31	1.59202e-25	1.882e-20	1.25393e-15	4.16079e-11	5.63827e-07	0.00216888	0.989674	0.00814993	6.649e-06	1.44125e-09	1.23448e-13	5.16481e-18	1.20262e-22	1.70097e-27	1.55486e-32	9.61442e-38	4.16231e-43	1.3237e-48	
N99	1.45286e-57	1.15281e-55	8.62197e-54	5.98891e-52	3.84918e-50	5.31974e-78	1.4532e-69	1.07277e-61	3.38895e-54	5.37589e-47	4.61069e-40	2.1833e-33	5.64566e-27	7.6344e-21	4.93763e-15	1.30352e-09	0.000101899	0.999574	0.000323888	1.24643e-08	1.37119e-13	6.01006e-19	1.23804e-24	1.31622e-30	7.56417e-37	2.38088e-43	4.02575e-50	3.40031e-57	1.23476e-64	
C3043	0	0	0	0	0	0	0	0	0	0	0	0	0	0	0	0	0	1	0	0	0	0	0	0	0	0	0	0	0	
CGA87	0	0	0	0	0	0	0	0	0	0	0	0	0	0	0	0	0	1	0	0	0	0	0	0	0	0	0	0	0	
N100	2.45068e-58	2.60757e-56	2.49704e-54	2.13987e-52	1.64302e-50	1.19149e-76	2.66992e-68	1.58683e-60	3.969e-53	4.91483e-46	3.25283e-39	1.17788e-32	2.31366e-26	2.36614e-20	1.15454e-14	2.29759e-09	0.000135363	0.999427	0.00043741	2.25644e-08	3.31605e-13	1.93754e-18	5.30785e-24	7.47828e-30	5.66594e-36	2.33447e-42	5.11973e-49	5.54495e-56	2.54549e-63	
CGA368	0	0	0	0	0	0	0	0	0	0	0	0	0	0	0	0	0	1	0	0	0	0	0	0	0	0	0	0	0	
CGA557	0	0	0	0	0	0	0	0	0	0	0	0	0	0	0	0	0	1	0	0	0	0	0	0	0	0	0	0	0	
CGA364	0	0	0	0	0	0	0	0	0	0	0	0	0	0	0	0	0	1	0	0	0	0	0	0	0	0	0	0	0	
C2208	0	0	0	0	0	0	0	0	0	0	0	0	0	0	0	0	0	0	1	0	0	0	0	0	0	0	0	0	0	
N101	1.65556e-66	1.73778e-61	1.70434e-56	1.35202e-51	8.55744e-47	4.25469e-42	1.63151e-37	4.72099e-33	1.00411e-28	1.52004e-24	1.57333e-20	1.05778e-16	4.31776e-13	9.75631e-10	1.06831e-06	0.00046148	0.055263	0.892756	0.0509962	0.000520189	1.7658e-06	2.65727e-09	2.09618e-12	9.67784e-16	2.82695e-19	5.5359e-23	7.59902e-27	7.57711e-31	6.07066e-35	
N102	4.69515e-85	1.00814e-78	1.78972e-72	2.44426e-66	2.54683e-60	2.00233e-54	1.17086e-48	4.99915e-43	1.52235e-37	3.20851e-32	4.50153e-27	3.99343e-22	2.08862e-17	5.83066e-13	7.47477e-09	3.42186e-05	0.0336698	0.953428	0.0128464	2.1006e-05	9.50636e-09	1.70619e-12	1.48537e-16	7.12807e-21	2.05839e-25	3.81075e-30	4.74262e-35	4.11511e-40	2.63917e-45	
N103	2.55534e-53	1.21239e-51	5.45361e-50	2.27351e-48	8.74774e-47	3.0914e-45	9.97521e-44	2.91811e-42	7.67186e-41	1.79307e-39	3.67447e-38	6.48496e-37	9.62228e-36	1.16059e-34	1.27875e-16	1.2213e-10	3.36515e-05	0.999906	6.0278e-05	4.56769e-10	1.06983e-15	1.7535e-36	5.76112e-38	1.56061e-39	3.58863e-41	7.15566e-43	1.25738e-44	1.97176e-46	2.82238e-48	
CGA453	0	0	0	0	0	0	0	0	0	0	0	0	0	0	0	0	0	1	0	0	0	0	0	0	0	0	0	0	0	
CGA383	0	0	0	0	0	0	0	0	0	0	0	0	0	0	0	0	0	1	0	0	0	0	0	0	0	0	0	0	0	
N104	1.74678e-89	4.34696e-84	1.60433e-77	5.02993e-71	1.21239e-64	2.22077e-58	3.04782e-52	3.07805e-46	2.23581e-40	1.13444e-34	3.87144e-29	8.45178e-24	1.10229e-18	7.78978e-14	2.57046e-09	3.07676e-05	0.0785828	0.918276	0.00310939	1.42614e-06	1.9404e-10	1.10022e-14	3.14421e-19	5.11044e-24	5.13221e-29	3.38084e-34	1.52778e-39	4.90183e-45	1.16999e-50	
N105	9.18027e-56	6.70038e-54	4.60273e-52	2.92808e-50	1.71778e-48	9.24645e-47	4.53894e-45	2.01688e-43	8.03843e-42	2.84069e-40	8.77046e-39	2.32002e-37	5.11929e-36	9.06543e-35	1.21293e-33	6.8729e-14	1.20059e-06	0.999998	6.61602e-07	5.67036e-14	8.68387e-36	2.22162e-37	4.52594e-39	7.64496e-41	1.10103e-42	1.37987e-44	1.5283e-46	1.51407e-48	1.3656e-50	
CGA501	0	0	0	0	0	0	0	0	0	0	0	0	0	0	0	0	0	1	0	0	0	0	0	0	0	0	0	0	0	
C11776	0	0	0	0	0	0	0	0	0	0	0	0	0	0	0	0	0	1	0	0	0	0	0	0	0	0	0	0	0	
N106	9.27244e-57	7.08392e-55	5.1042e-53	3.41642e-51	2.11651e-49	1.20835e-47	6.32463e-46	3.016e-44	1.30039e-42	5.02195e-41	1.71671e-39	5.11614e-38	1.30278e-36	2.75699e-35	1.86926e-15	1.05582e-07	0.999977	2.25857e-05	3.60826e-12	1.45087e-33	5.45596e-35	1.50818e-36	3.28168e-38	5.8707e-40	8.89698e-42	1.1674e-43	1.34828e-45	1.38833e-47	1.29836e-49	
C3121	0	0	0	0	0	0	0	0	0	0	0	0	0	0	0	0	1	0	0	0	0	0	0	0	0	0	0	0	0	
C3123	0	0	0	0	0	0	0	0	0	0	0	0	0	0	0	0	1	0	0	0	0	0	0	0	0	0	0	0	0	
N107	2.58554e-49	6.71935e-48	1.69201e-46	3.97005e-45	8.63804e-44	3.97708e-66	1.13262e-58	8.78586e-52	2.92036e-45	4.86626e-39	4.36819e-33	2.15168e-27	5.73875e-22	7.91491e-17	5.14641e-12	1.34301e-07	0.00102173	0.996548	0.00242981	7.78049e-07	7.37161e-11	2.8291e-15	5.14958e-20	4.86675e-25	2.49735e-30	7.04594e-36	1.07238e-41	8.19052e-48	2.74673e-54	
Calparcri	0	0	0	0	0	0	0	0	0	0	0	0	0	0	0	0	0	1	0	0	0	0	0	0	0	0	0	0	0	
C3118	0	0	0	0	0	0	0	0	0	0	0	0	0	0	0	0	0	1	0	0	0	0	0	0	0	0	0	0	0	
N108	3.97205e-56	2.69765e-54	1.32095e-52	4.90363e-51	1.13868e-47	9.15958e-44	1.3929e-39	6.54786e-34	2.59567e-28	5.03232e-23	4.2865e-18	1.33137e-13	1.07906e-09	2.15246e-06	0.000960289	0.0749469	0.647117	0.274216	0.00275492	3.00418e-06	7.81801e-10	7.10838e-14	2.77174e-18	5.20805e-23	5.58584e-28	1.09205e-31	1.61549e-34	2.03408e-37	1.66686e-39	
N109	1.33898e-65	2.22155e-60	3.23627e-55	3.72537e-50	3.3321e-45	2.27073e-40	1.15197e-35	4.23158e-31	1.08827e-26	1.87978e-22	2.06936e-18	1.35643e-14	4.83188e-11	8.22474e-08	5.5126e-05	0.0105511	0.310905	0.609839	0.0674506	0.00119335	5.90742e-06	1.12299e-08	9.9864e-12	4.74461e-15	1.32411e-18	2.3296e-22	2.72862e-26	2.22174e-30	1.37832e-34	
N110	9.64963e-62	1.1147e-56	1.13775e-51	9.10072e-47	5.59515e-42	2.58332e-37	8.70814e-33	2.06974e-28	3.31952e-24	3.39526e-20	2.05681e-16	6.69931e-13	1.0435e-09	7.01571e-07	0.000181499	0.0151018	0.290429	0.636968	0.0564949	0.000820594	3.53735e-06	6.1802e-09	5.28339e-12	2.50437e-15	7.191e-19	1.33568e-22	1.68793e-26	1.51049e-30	1.05158e-34	
N111	1.9939e-58	2.69042e-53	3.20124e-48	2.95996e-43	2.08173e-38	1.08497e-33	4.05597e-29	1.04267e-24	1.74116e-20	1.73973e-16	9.11205e-13	1.92397e-09	6.39157e-07	7.53351e-05	0.00361815	0.0682713	0.41745	0.493252	0.0172318	0.000100791	1.88248e-07	1.52754e-10	6.43163e-14	1.57634e-17	2.43712e-21	2.52187e-25	1.82772e-29	9.6167e-34	3.97466e-38	
N112	6.09766e-63	4.85758e-62	5.51672e-58	1.05034e-52	1.5222e-47	1.64526e-42	1.29434e-37	7.1924e-33	2.71941e-28	6.67373e-24	1.00116e-19	8.50745e-16	3.72711e-12	7.5447e-09	6.15993e-06	0.00166644	0.107159	0.834187	0.0564851	0.00049578	1.19338e-06	1.12077e-09	5.03683e-13	1.23665e-16	1.81943e-20	1.71667e-24	1.09377e-28	4.90053e-33	1.68067e-37	
Triowe	0	0	0	0	0	0	0	0	0	0	0	0	0	0	0	0	0	1	0	0	0	0	0	0	0	0	0	0	0	
N113	1.62422e-70	4.06889e-65	8.94581e-60	1.55621e-54	2.1141e-49	2.20792e-44	1.73944e-39	1.01015e-34	4.2033e-30	1.2096e-25	2.30157e-21	2.73147e-17	1.87047e-13	6.63625e-10	1.04317e-06	0.000569443	0.070949	0.863497	0.0643682	0.000613778	1.61953e-06	1.68837e-09	8.52645e-13	2.37842e-16	4.01396e-20	4.38016e-24	3.25028e-28	1.70591e-32	6.90743e-37	
Trijoh	0	0	0	0	0	0	0	0	0	0	0	0	0	0	0	0	0	1	0	0	0	0	0	0	0	0	0	0	0	
Trimel	0	0	0	0	0	0	0	0	0	0	0	0	0	0	0	0	0	1	0	0	0	0	0	0	0	0	0	0	0	
N114	4.71718e-48	6.49328e-43	7.52803e-38	6.46573e-33	4.00207e-28	1.72327e-23	4.92787e-19	8.7842e-15	8.91264e-11	4.47072e-07	0.00086509	0.36679	0.494579	0.126643	0.010749	0.000368306	5.32162e-06	2.91416e-08	3.68576e-11	1.72261e-14	3.93019e-18	5.09043e-22	4.10915e-26	2.20249e-30	8.20539e-35	2.19912e-39	4.35449e-44	6.50626e-49	7.80393e-54	
N115	9.04674e-49	2.1034e-43	3.93112e-38	5.27514e-33	4.91355e-28	3.04168e-23	1.18138e-18	2.6601e-14	3.09749e-10	1.56077e-06	0.00248682	0.622957	0.347554	0.0264742	0.000523165	3.47365e-06	8.5781e-09	7.82065e-12	2.39337e-15	3.31375e-19	2.48729e-23	1.13213e-27	3.36929e-32	6.91906e-37	1.02076e-41	1.1161e-46	9.27083e-52	5.96816e-57	3.1071e-62	
Trihoe	0	0	0	0	0	0	0	0	0	0	0	1	0	0	0	0	0	0	0	0	0	0	0	0	0	0	0	0	0	
Tribit	0	0	0	0	0	0	0	0	0	0	0	1	0	0	0	0	0	0	0	0	0	0	0	0	0	0	0	0	0	
Trijac	0	0	0	0	0	0	0	0	0	0	0	1	0	0	0	0	0	0	0	0	0	0	0	0	0	0	0	0	0	
N116	3.59539e-67	4.48153e-62	5.1071e-57	4.69263e-52	3.42764e-47	1.95795e-42	8.5802e-38	2.81957e-33	6.7602e-29	1.14364e-24	1.30941e-20	9.62136e-17	4.23104e-13	1.01223e-09	1.14841e-06	0.000499553	0.0577596	0.841938	0.0981709	0.00162302	7.7471e-06	1.49343e-08	1.41299e-11	7.44994e-15	2.39264e-18	4.99842e-22	7.14288e-26	7.26597e-30	5.80298e-34	
Tricri	0	0	0	0	0	0	0	0	0	0	0	0	0	0	0	0	0	1	0	0	0	0	0	0	0	0	0	0	0	
N117	5.6885e-72	1.33364e-66	2.78714e-61	4.71335e-56	6.36276e-51	6.74915e-46	5.52182e-41	3.40856e-36	1.54594e-31	4.98715e-27	1.09894e-22	1.57078e-18	1.3605e-14	6.50367e-11	1.4986e-07	0.000134549	0.0322204	0.88214	0.0845188	0.000982871	3.10158e-06	3.82876e-09	2.27637e-12	7.45007e-16	1.47266e-19	1.88187e-23	1.63728e-27	1.0102e-31	4.8155e-36	
Triwie	0	0	0	0	0	0	0	0	0	0	0	0	0	0	0	0	0	1	0	0	0	0	0	0	0	0	0	0	0	
Triqua	0	0	0	0	0	0	0	0	0	0	0	0	0	0	0	0	0	1	0	0	0	0	0	0	0	0	0	0	0	
N118	1.17718e-57	3.71255e-53	1.15037e-48	2.88547e-44	5.77402e-40	9.0685e-36	1.09667e-31	9.98226e-28	6.65476e-24	3.14248e-20	1.00819e-16	2.08345e-13	2.58467e-10	1.74694e-07	5.58352e-05	0.0067389	0.204148	0.636463	0.145794	0.00669848	0.000100424	6.44357e-07	2.09637e-09	3.87902e-12	4.43275e-15	3.32763e-18	1.7214e-21	6.37851e-25	1.93679e-28	
N119	3.15906e-59	1.03377e-54	3.27372e-50	8.49314e-46	1.78006e-41	2.96657e-37	3.85945e-33	3.83572e-29	2.83804e-25	1.51524e-21	5.61693e-18	1.37695e-14	2.09504e-11	1.81577e-08	7.93452e-06	0.00145134	0.0812147	0.748097	0.162773	0.00637466	8.075e-05	4.42345e-07	1.24625e-09	2.02572e-12	2.06107e-15	1.3949e-18	6.58159e-22	2.24804e-25	6.27482e-29	
Kinboe	0	0	0	0	0	0	0	0	0	0	0	0	0	0	0	0	0	1	0	0	0	0	0	0	0	0	0	0	0	
Kinfis	0	0	0	0	0	0	0	0	0	0	0	0	0	0	0	0	0	1	0	0	0	0	0	0	0	0	0	0	0	
Kinxen	0	0	0	0	0	0	0	0	0	0	0	0	0	0	0	0	0	1	0	0	0	0	0	0	0	0	0	0	0	
N120	1.63067e-42	8.5789e-40	4.58863e-37	1.99951e-34	4.5555e-32	8.05653e-31	2.2266e-29	5.99427e-25	1.04573e-20	1.0088e-16	4.81473e-13	9.38033e-10	5.26632e-07	9.82893e-05	0.00646222	0.135163	0.631458	0.224261	0.00255137	5.84028e-06	5.00712e-09	2.07801e-12	4.80963e-16	6.77709e-20	6.16268e-24	3.76642e-28	1.59329e-32	2.26058e-35	1.67813e-35	
N121	3.61464e-37	2.84522e-33	2.26005e-29	1.3608e-25	6.02646e-22	1.89514e-18	4.04715e-15	5.53576e-12	4.47659e-09	1.90511e-06	0.000354801	0.0206551	0.163887	0.370762	0.315618	0.111832	0.0161087	0.000772576	7.98658e-06	3.47119e-08	8.04751e-11	1.12938e-13	1.03966e-16	6.64195e-20	3.07134e-23	1.0623e-26	2.82181e-30	5.88464e-34	1.0654e-37	
N122	1.44904e-45	1.56887e-40	1.41151e-35	9.11811e-31	4.09053e-26	1.22176e-21	2.29935e-17	2.53102e-13	1.46602e-09	3.80094e-06	0.00333217	0.529065	0.418619	0.0475186	0.00144665	1.50177e-05	5.86293e-08	8.9195e-11	5.70084e-14	1.79702e-17	3.16244e-21	3.39391e-25	2.36854e-29	1.12806e-33	3.80601e-38	9.3701e-43	1.72392e-47	2.41719e-52	2.74594e-57	
N123	1.29082e-51	6.86041e-46	2.77453e-40	7.8152e-35	1.4836e-29	1.81726e-24	1.35417e-19	5.65408e-15	1.17254e-10	9.99002e-07	0.00249931	0.864465	0.131405	0.00162545	3.89322e-06	2.77025e-09	7.6064e-13	9.62983e-17	6.38315e-21	2.43069e-25	5.6979e-30	8.66458e-35	8.8994e-40	6.37112e-45	3.25864e-50	1.21409e-55	3.34544e-61	6.89814e-67	1.09553e-72	
N124	3.30435e-48	7.52483e-43	1.37438e-37	1.79268e-32	1.61356e-27	9.58655e-23	3.54351e-18	7.50844e-14	8.09298e-10	3.67262e-06	0.00498647	0.907358	0.0870571	0.00059341	8.62363e-07	4.33079e-10	9.74334e-14	1.15192e-17	7.96464e-22	3.47486e-26	1.01202e-30	2.05407e-35	3.00511e-40	3.25543e-45	2.66878e-50	1.68539e-55	8.31996e-61	3.24945e-66	1.03892e-71	
Chaafr	0	0	0	0	0	0	0	0	0	0	0	1	0	0	0	0	0	0	0	0	0	0	0	0	0	0	0	0	0	
Chacha	0	0	0	0	0	0	0	0	0	0	0	1	0	0	0	0	0	0	0	0	0	0	0	0	0	0	0	0	0	
N125	3.85587e-48	8.84506e-43	1.60302e-37	2.06189e-32	1.82225e-27	1.06043e-22	3.83702e-18	7.96891e-14	8.4446e-10	3.78548e-06	0.00510652	0.926642	0.0678739	0.000373427	4.66767e-07	2.10039e-10	4.34936e-14	4.81819e-18	3.1577e-22	1.31456e-26	3.66313e-31	7.10942e-36	9.91018e-41	1.01649e-45	7.82072e-51	4.58317e-56	2.07088e-61	7.2842e-67	2.05339e-72	
Chacaly	0	0	0	0	0	0	0	0	0	0	0	1	0	0	0	0	0	0	0	0	0	0	0	0	0	0	0	0	0	
Chazey	0	0	0	0	0	0	0	0	0	0	0	1	0	0	0	0	0	0	0	0	0	0	0	0	0	0	0	0	0	
N126	1.21338e-42	7.45143e-38	3.92498e-33	1.48455e-28	3.89339e-24	6.77165e-20	7.36506e-16	4.62188e-12	1.49001e-08	2.05981e-05	0.00889396	0.599167	0.364436	0.027005	0.000474569	2.68417e-06	5.87308e-09	5.73354e-12	2.84272e-15	7.97275e-19	1.37489e-22	1.55377e-26	1.20872e-30	6.72735e-35	2.7626e-39	8.58211e-44	2.05863e-48	3.87869e-53	6.07013e-58	
Chadil	0	0	0	0	0	0	0	0	0	0	0	1	0	0	0	0	0	0	0	0	0	0	0	0	0	0	0	0	0	
Chasen	0	0	0	0	0	0	0	0	0	0	0	1	0	0	0	0	0	0	0	0	0	0	0	0	0	0	0	0	0	
Chanam	0	0	0	0	0	0	0	0	0	0	0	1	0	0	0	0	0	0	0	0	0	0	0	0	0	0	0	0	0	
N127	2.3992e-72	1.0119e-66	3.81657e-61	1.10744e-55	2.44849e-50	4.07622e-45	5.03141e-40	4.51474e-35	2.87212e-30	1.25457e-25	3.61008e-21	6.47839e-17	6.72767e-13	3.63318e-09	8.66125e-06	0.00687048	0.967198	0.0258099	0.000112916	1.54179e-07	8.86149e-11	2.55797e-14	4.16506e-18	4.15022e-22	2.68654e-26	1.18202e-30	3.66074e-35	8.208e-40	1.45732e-44	
N128	1.89913e-69	2.77908e-65	3.52747e-61	3.76308e-57	3.34641e-53	2.45562e-49	1.46834e-45	7.04318e-42	2.65758e-38	8.67003e-35	1.48931e-29	1.08552e-23	3.86998e-18	6.1391e-13	3.67353e-08	0.000581025	0.993077	0.00633924	3.09231e-06	3.28176e-10	1.18061e-14	1.80638e-19	1.33577e-24	5.17012e-30	1.30527e-35	8.3049e-40	2.40165e-43	5.58997e-47	1.06752e-50	
N129	3.16176e-57	2.78671e-55	2.35826e-53	1.84483e-51	7.46411e-51	7.25649e-51	6.6035e-51	7.14857e-47	1.57445e-42	1.9811e-36	3.42396e-30	3.05264e-24	1.34566e-18	2.69906e-13	2.09792e-08	0.000439671	0.994558	0.00500091	1.65794e-06	1.17845e-10	2.88145e-15	3.0875e-20	1.65399e-25	4.87332e-31	8.27512e-36	3.81824e-39	1.4565e-42	4.22265e-46	5.24568e-47	
Braset	0	0	0	0	0	0	0	0	0	0	0	0	0	0	0	0	1	0	0	0	0	0	0	0	0	0	0	0	0	
N130	2.0821e-76	8.19686e-72	2.74493e-67	7.52909e-63	5.86891e-60	8.55833e-58	9.53568e-52	1.85448e-45	2.2772e-39	1.75706e-33	8.33177e-28	2.33117e-22	3.60198e-17	2.76429e-12	8.82373e-08	0.000833973	0.995149	0.00401548	1.67855e-06	1.88188e-10	8.33402e-15	1.78418e-19	2.08116e-24	1.42809e-29	6.06179e-35	1.64343e-40	2.89957e-46	5.64889e-50	8.79759e-51	
N131	3.35406e-54	1.98646e-52	1.11023e-50	5.7451e-49	1.32178e-72	1.24858e-64	3.2108e-57	3.54827e-50	1.976e-43	5.97152e-37	1.00007e-30	9.1834e-25	4.43017e-19	1.02737e-13	9.78389e-09	0.000277861	0.998974	0.000748367	7.04414e-08	1.96465e-12	2.23798e-17	1.21985e-22	3.47933e-28	5.4233e-34	4.67139e-40	2.17826e-46	5.10806e-53	5.13878e-60	1.41787e-67	
Bramel	0	0	0	0	0	0	0	0	0	0	0	0	0	0	0	0	1	0	0	0	0	0	0	0	0	0	0	0	0	
Bratha	0	0	0	0	0	0	0	0	0	0	0	0	0	0	0	0	1	0	0	0	0	0	0	0	0	0	0	0	0	
N132	3.0414e-91	3.54734e-84	2.92951e-77	1.69557e-70	6.91402e-64	1.98634e-57	3.99998e-51	5.58613e-45	5.31853e-39	3.36666e-33	1.36714e-27	3.38479e-22	4.74459e-17	3.36428e-12	1.00297e-07	0.000888857	0.996527	0.00258286	8.27672e-07	7.74803e-11	3.01037e-15	5.86102e-20	6.41657e-25	4.26211e-30	1.81017e-35	5.10116e-41	9.79182e-47	1.3037e-52	1.23571e-58	
Bradra	0	0	0	0	0	0	0	0	0	0	0	0	0	0	0	0	1	0	0	0	0	0	0	0	0	0	0	0	0	
Bratra	0	0	0	0	0	0	0	0	0	0	0	0	0	0	0	0	1	0	0	0	0	0	0	0	0	0	0	0	0	
N133	3.5991e-87	1.94574e-80	7.83389e-74	2.29156e-67	4.87221e-61	7.49832e-55	8.2797e-49	6.4685e-43	3.50417e-37	1.28006e-31	3.0343e-26	4.42452e-21	3.67672e-16	1.55238e-11	2.76369e-07	0.001467	0.994393	0.004138	2.16665e-06	3.34232e-10	2.15304e-14	6.99109e-19	1.2852e-23	1.44545e-28	1.0501e-33	5.1245e-39	1.72847e-44	4.11368e-50	7.14001e-56	
Bragut	0	0	0	0	0	0	0	0	0	0	0	0	0	0	0	0	1	0	0	0	0	0	0	0	0	0	0	0	0	
Braven	0	0	0	0	0	0	0	0	0	0	0	0	0	0	0	0	1	0	0	0	0	0	0	0	0	0	0	0	0	
N134	1.80342e-77	1.58996e-71	1.18338e-65	6.98208e-60	3.22374e-54	1.14693e-48	3.08608e-43	6.13891e-38	8.77749e-33	8.70728e-28	5.72625e-23	2.35052e-18	5.54255e-14	6.65267e-10	3.35698e-06	0.00503309	0.977641	0.0172845	3.76972e-05	2.35756e-08	6.03496e-12	7.70203e-16	5.55393e-20	2.46646e-24	7.1817e-29	1.43757e-33	2.05255e-38	2.15262e-43	1.74904e-48	
Brapum	0	0	0	0	0	0	0	0	0	0	0	0	0	0	0	0	1	0	0	0	0	0	0	0	0	0	0	0	0	
Bradam	0	0	0	0	0	0	0	0	0	0	0	0	0	0	0	0	1	0	0	0	0	0	0	0	0	0	0	0	0	
