NODE	1	2	3	4	5	6	7	8	9	10	11	12	13	14	15	16	17	18	19	20	21	22	23	24	25	26	27	28	29	30	31	32	33	34	35	36	37	38	39	40	41	
N1	1.62337e-30	1.79264e-27	1.07813e-24	2.12636e-22	3.61635e-20	3.03292e-19	7.60336e-19	1.38932e-13	4.80174e-10	8.33583e-09	3.17619e-08	3.86152e-07	5.46722e-07	4.42029e-08	2.41972e-07	0.000258975	0.0672178	0.595436	0.322572	0.0144153	9.88189e-05	1.62331e-07	8.58165e-11	2.33616e-17	2.27417e-19	1.57629e-21	8.10909e-24	3.19949e-26	9.94213e-29	2.48683e-31	5.09918e-34	8.70462e-37	1.25354e-39	1.54039e-42	1.63141e-45	1.50222e-48	1.21203e-51	8.62776e-55	5.45208e-58	3.07553e-61	1.58179e-64	
N2	4.37372e-31	6.81313e-28	1.06243e-24	1.02218e-21	4.03178e-19	2.69396e-17	3.23953e-15	7.47986e-13	9.65991e-11	1.68623e-09	5.02432e-09	2.04453e-08	5.76939e-08	3.94412e-07	8.4961e-06	0.000903708	0.0497684	0.477249	0.417492	0.0527291	0.00181911	2.68282e-05	1.52347e-06	1.11266e-06	2.23088e-07	1.79106e-08	1.75202e-09	1.37364e-11	3.04644e-13	2.59342e-15	2.33087e-17	3.64941e-18	5.09654e-20	4.8597e-21	1.69458e-23	9.94689e-25	9.58967e-28	2.3398e-29	1.27271e-32	1.28191e-34	3.2273e-37	
N3	1.11768e-35	1.42288e-31	9.16594e-28	3.1776e-24	3.16485e-21	9.24006e-20	3.34954e-18	6.4443e-15	8.37306e-12	7.05799e-11	4.87097e-11	2.57372e-09	2.50392e-08	1.58211e-08	1.40296e-07	6.67794e-05	0.011934	0.358179	0.553657	0.0742061	0.00194037	1.64552e-05	1.17671e-07	3.14555e-09	4.39287e-11	4.29901e-13	3.21377e-15	5.86904e-18	1.27641e-20	2.41044e-23	2.61195e-26	1.25567e-28	1.50409e-31	4.84985e-34	3.01234e-37	5.62057e-40	1.39993e-43	1.44226e-46	1.92142e-50	1.21266e-53	2.74014e-57	
N4	1.93556e-37	1.78372e-33	1.14283e-29	4.37611e-26	4.44291e-23	5.00883e-21	7.31884e-19	6.66414e-16	2.20362e-13	1.79907e-12	4.03706e-12	8.5267e-11	6.24588e-10	2.83218e-09	2.99855e-07	0.000113786	0.0151966	0.360759	0.542656	0.0788812	0.00237021	2.28468e-05	1.07495e-07	3.60549e-09	3.59897e-10	1.45907e-11	1.20714e-12	8.3244e-15	9.08728e-17	3.8396e-19	3.0041e-22	5.44722e-24	1.87448e-26	9.33499e-28	1.54853e-30	5.15734e-32	1.9828e-35	3.80035e-37	5.69753e-41	4.71691e-43	1.6338e-46	
B3088	0	0	0	0	0	0	0	0	0	0	0	0	0	0	0	0	0	1	0	0	0	0	0	0	0	0	0	0	0	0	0	0	0	0	0	0	0	0	0	0	0	
N5	2.30421e-34	3.32436e-31	4.84112e-28	4.07462e-25	1.06134e-22	1.53453e-20	2.64352e-18	5.58698e-16	4.9265e-14	5.23966e-13	4.47695e-12	1.16862e-10	1.96885e-09	2.87809e-08	2.66789e-06	0.000420489	0.026807	0.383427	0.505613	0.0805267	0.00315738	4.5345e-05	3.20196e-07	1.47315e-08	2.78474e-09	2.42267e-10	4.17859e-11	7.63098e-13	1.96543e-14	2.21346e-16	4.64799e-19	1.65678e-20	1.5997e-22	1.93958e-23	1.09263e-25	9.26044e-27	1.37216e-29	7.23891e-31	4.03435e-34	9.69714e-36	1.17294e-38	
BGA709	0	0	0	0	0	0	0	0	0	0	0	0	0	0	0	0	0	1	0	0	0	0	0	0	0	0	0	0	0	0	0	0	0	0	0	0	0	0	0	0	0	
BGA309	0	0	0	0	0	0	0	0	0	0	0	0	0	0	0	0	0	1	0	0	0	0	0	0	0	0	0	0	0	0	0	0	0	0	0	0	0	0	0	0	0	
N6	1.58084e-37	2.2934e-33	1.7824e-29	5.93755e-26	3.06675e-23	4.70101e-21	1.62425e-19	3.46961e-16	3.71639e-13	8.45162e-13	1.14636e-12	2.14112e-10	1.26176e-09	7.09867e-10	1.97004e-08	2.00605e-05	0.00718585	0.446491	0.511102	0.034763	0.000436457	1.70852e-06	3.1119e-09	1.9597e-11	2.68568e-13	2.58328e-15	2.54046e-17	4.96215e-20	1.09667e-22	1.3838e-25	5.23837e-29	1.49351e-31	1.55488e-34	7.20727e-37	4.80404e-40	1.36377e-42	3.32172e-46	5.60387e-49	5.69888e-53	5.04894e-56	7.28398e-60	
N7	2.59339e-34	6.90484e-31	1.46103e-27	1.86428e-24	3.76332e-22	7.61401e-20	1.15899e-17	1.04911e-14	4.06465e-12	1.24343e-11	5.3963e-11	3.37695e-09	9.76997e-09	1.20734e-08	9.99777e-07	0.000303823	0.0328499	0.650738	0.299017	0.0168326	0.000256409	1.54989e-06	5.65976e-09	1.04526e-10	2.90113e-12	6.11701e-14	1.14936e-15	5.35653e-18	2.63722e-20	7.36062e-23	8.57085e-26	7.0498e-28	2.25945e-30	2.45996e-32	5.63193e-35	3.55586e-37	3.18921e-40	1.1984e-42	4.41843e-46	8.48463e-49	4.50034e-52	
B11696	0	0	0	0	0	0	0	0	0	0	0	0	0	0	0	0	0	1	0	0	0	0	0	0	0	0	0	0	0	0	0	0	0	0	0	0	0	0	0	0	0	
B11609	0	0	0	0	0	0	0	0	0	0	0	0	0	0	0	0	0	1	0	0	0	0	0	0	0	0	0	0	0	0	0	0	0	0	0	0	0	0	0	0	0	
N8	1.03561e-44	1.26163e-39	6.34217e-35	8.67499e-31	2.38612e-27	1.02019e-24	2.74265e-23	2.95495e-19	1.33708e-15	2.27627e-15	2.60004e-15	1.33493e-12	9.7264e-12	5.42279e-12	7.26908e-10	3.16482e-06	0.00373931	0.495918	0.480504	0.0197242	0.000111065	1.58425e-07	8.49453e-11	2.23461e-13	2.66844e-15	1.19674e-17	1.08579e-19	8.39274e-23	9.01505e-26	4.22438e-29	2.61117e-31	6.55858e-32	2.49362e-33	1.40988e-33	3.02279e-35	1.34563e-35	7.83795e-38	2.36882e-38	5.90009e-41	9.08709e-42	5.62074e-44	
N9	1.696e-37	1.24649e-34	5.46858e-32	1.3762e-29	4.96546e-28	1.69596e-26	3.77192e-24	2.03387e-20	2.88487e-17	6.57957e-17	2.26457e-16	4.99278e-14	5.79949e-13	2.82244e-12	1.58519e-09	5.06224e-06	0.00461421	0.511466	0.465687	0.0181271	0.000101112	1.5062e-07	8.61759e-11	7.55663e-13	7.45646e-14	1.04273e-15	8.00893e-17	2.06426e-19	8.89227e-22	9.94816e-25	1.13662e-28	5.26914e-31	4.74959e-34	2.79291e-35	1.26535e-38	5.36454e-40	2.77883e-44	6.79434e-46	1.15235e-50	9.37556e-53	5.73061e-57	
N10	5.33985e-40	2.47536e-36	1.03148e-32	2.78742e-29	1.56455e-26	6.99974e-24	3.27739e-21	4.99348e-18	3.17721e-15	3.89509e-14	4.60177e-13	4.05879e-11	4.0384e-10	2.04427e-09	3.19317e-07	0.000138649	0.0213756	0.578355	0.381121	0.0187881	0.000220659	9.6665e-07	2.34869e-09	1.06155e-10	8.79427e-12	3.55049e-13	2.17294e-14	1.32838e-16	1.14708e-18	3.0415e-21	2.09811e-24	3.05841e-26	1.47305e-28	5.84447e-30	1.9868e-32	4.58519e-34	2.94443e-37	3.93312e-39	8.67395e-43	3.95071e-45	1.67874e-48	
B983	0	0	0	0	0	0	0	0	0	0	0	0	0	0	0	0	0	1	0	0	0	0	0	0	0	0	0	0	0	0	0	0	0	0	0	0	0	0	0	0	0	
B11604	0	0	0	0	0	0	0	0	0	0	0	0	0	0	0	0	0	1	0	0	0	0	0	0	0	0	0	0	0	0	0	0	0	0	0	0	0	0	0	0	0	
N11	3.13933e-37	2.67123e-33	1.50743e-29	4.58682e-26	1.50162e-23	5.93418e-21	8.9601e-19	1.57722e-15	1.15553e-12	2.30262e-12	1.0144e-11	1.30556e-09	2.68183e-09	1.97143e-09	2.21236e-07	0.00012338	0.0234304	0.747844	0.221702	0.00684451	5.52779e-05	1.7552e-07	3.53458e-10	5.05645e-12	9.35313e-14	1.24089e-15	1.51051e-17	4.04527e-20	1.18717e-22	1.75096e-25	1.08706e-28	5.95996e-31	1.17476e-33	8.55439e-36	1.20294e-38	4.93763e-41	2.42487e-44	5.82792e-47	1.11601e-50	1.2415e-53	3.63647e-57	
BGAA1	0	0	0	0	0	0	0	0	0	0	0	0	0	0	0	0	0	1	0	0	0	0	0	0	0	0	0	0	0	0	0	0	0	0	0	0	0	0	0	0	0	
BGA584	0	0	0	0	0	0	0	0	0	0	0	0	0	0	0	0	0	1	0	0	0	0	0	0	0	0	0	0	0	0	0	0	0	0	0	0	0	0	0	0	0	
N12	5.83621e-37	3.59328e-33	1.62245e-29	4.15569e-26	1.39856e-23	4.71455e-21	9.12595e-19	1.26991e-15	7.31991e-13	2.26654e-12	1.15155e-11	1.07967e-09	3.22577e-09	3.84632e-09	4.10926e-07	0.000177889	0.0266653	0.689498	0.272516	0.0110257	0.000116113	4.78669e-07	1.22398e-09	2.41564e-11	6.53685e-13	1.23682e-14	2.2251e-16	8.23157e-19	3.39424e-21	6.66456e-24	5.19648e-27	3.91555e-29	1.06574e-31	1.1598e-33	2.27924e-36	1.39217e-38	9.04026e-42	3.23271e-44	7.981e-48	1.275e-50	4.90241e-54	
BGA303	0	0	0	0	0	0	0	0	0	0	0	0	0	0	0	0	0	1	0	0	0	0	0	0	0	0	0	0	0	0	0	0	0	0	0	0	0	0	0	0	0	
BGAB1	0	0	0	0	0	0	0	0	0	0	0	0	0	0	0	0	0	1	0	0	0	0	0	0	0	0	0	0	0	0	0	0	0	0	0	0	0	0	0	0	0	
PGA445	0	0	0	0	0	0	0	0	0	0	0	0	0	0	0	0	0	1	0	0	0	0	0	0	0	0	0	0	0	0	0	0	0	0	0	0	0	0	0	0	0	
N13	5.54985e-36	5.63587e-31	1.91858e-26	2.15636e-22	1.24925e-19	1.28162e-16	1.95808e-15	3.35612e-12	2.62742e-09	3.36531e-09	8.85235e-08	3.75428e-06	5.88178e-06	9.2017e-06	0.00108256	0.0508614	0.520276	0.412704	0.0150082	4.90326e-05	3.36431e-08	8.01176e-12	8.82561e-16	2.64887e-19	5.87405e-22	8.38011e-25	1.66941e-27	5.98661e-31	1.91524e-34	3.18945e-38	9.53228e-43	1.8378e-46	1.5125e-49	5.85441e-49	9.31957e-51	1.16938e-51	2.01114e-53	8.42144e-54	2.86847e-55	4.67746e-54	1.68879e-53	
N14	4.98398e-30	1.02699e-26	2.78848e-23	3.55668e-20	2.88423e-17	3.78378e-15	2.48558e-13	3.42292e-11	6.25529e-09	1.16735e-06	0.000100548	0.00300853	0.0341198	0.16153	0.339136	0.319104	0.12613	0.0166027	0.000267164	9.12662e-07	1.28963e-09	9.70092e-13	1.06794e-15	6.29252e-17	1.8424e-18	2.38171e-20	5.63622e-22	8.42993e-25	3.15151e-27	2.92896e-30	6.23434e-33	2.10599e-32	1.51246e-32	1.07049e-31	3.2962e-32	7.80115e-32	1.67296e-33	9.19788e-34	6.08126e-36	9.01209e-37	1.81613e-38	
Rhaspe	0	0	0	0	0	0	0	0	0	1	0	0	0	0	0	0	0	0	0	0	0	0	0	0	0	0	0	0	0	0	0	0	0	0	0	0	0	0	0	0	0	
N15	1.08085e-27	7.18676e-25	6.18041e-22	3.32351e-19	1.08876e-16	1.73943e-14	2.42818e-12	4.70669e-10	8.79985e-08	9.64073e-06	0.000453168	0.00838965	0.0647757	0.222732	0.354101	0.25919	0.0814	0.0088033	0.000144251	6.93435e-07	1.63857e-09	1.3032e-11	6.84336e-13	1.54764e-13	5.64086e-15	1.87615e-16	8.38047e-18	2.63842e-20	3.9523e-22	1.75426e-23	5.48384e-26	1.80258e-26	3.02307e-29	7.68361e-30	5.77014e-33	1.02814e-33	2.76502e-37	1.74144e-38	3.30243e-42	7.28562e-44	2.28665e-46	
Rhamar	0	0	0	0	0	0	0	0	0	1	0	0	0	0	0	0	0	0	0	0	0	0	0	0	0	0	0	0	0	0	0	0	0	0	0	0	0	0	0	0	0	
Rhatem	0	0	0	0	0	0	0	0	0	0	1	0	0	0	0	0	0	0	0	0	0	0	0	0	0	0	0	0	0	0	0	0	0	0	0	0	0	0	0	0	0	
N16	1.54154e-41	3.85679e-36	1.87049e-31	1.17317e-26	1.10184e-24	1.59818e-21	1.04271e-18	2.00471e-14	1.02574e-11	4.00488e-12	2.53502e-10	1.23309e-08	4.6081e-08	6.75561e-07	0.000166468	0.0309759	0.518586	0.436913	0.0133203	3.70315e-05	6.25316e-08	4.85091e-10	2.47476e-12	1.7661e-14	1.2938e-17	1.78626e-20	1.03483e-23	7.05889e-27	1.49068e-30	3.74092e-30	3.13039e-32	2.87014e-32	6.66492e-35	3.95199e-35	5.13715e-38	1.98199e-38	1.55725e-41	2.90165e-42	1.82509e-45	1.11651e-46	3.92459e-48	
N17	2.43064e-38	1.4291e-33	3.60071e-29	1.74254e-25	5.00225e-22	2.63351e-19	1.44492e-17	1.43332e-14	7.48808e-12	1.66013e-10	1.92988e-09	6.08231e-07	1.14022e-05	2.06146e-05	0.000430555	0.0319405	0.443805	0.49328	0.0302599	0.00025153	5.76197e-07	2.02821e-09	2.59917e-11	3.83523e-13	1.26509e-15	2.68938e-18	3.44437e-21	8.59296e-25	4.62042e-28	8.47168e-31	4.61358e-34	1.03776e-36	2.62208e-40	4.85733e-43	1.51162e-45	9.48094e-47	4.64879e-49	1.58756e-50	3.72769e-53	2.16283e-54	2.78138e-54	
N18	7.21477e-32	2.63991e-28	7.98886e-25	4.68737e-22	3.26472e-19	1.99243e-16	1.44941e-14	5.97342e-13	2.2335e-11	9.5683e-10	1.10535e-07	9.0579e-06	0.000272484	0.00550505	0.0679242	0.318914	0.459712	0.14262	0.0050014	4.17376e-05	1.3553e-07	2.30051e-10	7.82727e-13	6.17601e-14	1.99804e-15	3.2119e-17	7.53801e-19	1.3844e-21	6.45846e-24	1.06566e-26	1.30333e-29	3.76632e-31	1.21302e-33	2.67589e-35	3.41287e-38	4.89784e-40	1.36971e-43	8.82611e-46	1.33096e-49	3.59541e-52	1.77171e-55	
FGA379	0	0	0	0	0	0	0	0	0	0	0	0	0	0	0	0	1	0	0	0	0	0	0	0	0	0	0	0	0	0	0	0	0	0	0	0	0	0	0	0	0	
N19	1.87405e-30	6.05762e-27	1.6692e-23	7.02917e-21	8.20521e-18	7.02177e-15	1.69673e-13	4.72799e-12	2.53509e-10	5.25699e-08	3.0577e-05	0.00590307	0.121846	0.394119	0.352732	0.111718	0.0131445	0.000501928	4.05408e-06	1.10425e-08	1.39701e-11	1.0283e-14	1.42343e-17	2.81625e-19	2.41828e-21	1.38987e-23	1.00959e-25	9.0906e-29	1.80574e-31	2.08626e-34	1.6954e-37	1.73168e-39	2.15985e-42	1.72777e-44	9.85214e-48	5.301e-50	9.4581e-54	2.77383e-56	4.81399e-60	3.40729e-62	6.77307e-65	
N20	4.26006e-32	1.28728e-27	2.76757e-23	1.06603e-20	3.8502e-17	2.40232e-13	2.0833e-12	2.11733e-10	1.12877e-09	2.62752e-07	0.000153651	0.0519325	0.449516	0.435096	0.0611265	0.00215199	2.28677e-05	7.40236e-08	6.99746e-11	2.73947e-14	1.02942e-17	1.42746e-20	2.84095e-23	7.817e-26	4.33281e-29	3.84277e-32	2.00842e-35	1.22469e-38	1.53343e-39	1.18391e-37	6.72245e-37	2.89976e-37	1.96873e-38	1.54531e-38	4.71528e-39	9.96856e-38	8.28588e-39	1.07773e-39	4.61374e-42	3.27686e-43	3.06193e-44	
N21	3.10759e-35	3.43243e-30	2.28977e-25	1.83801e-22	1.31222e-18	7.39849e-15	2.61684e-14	7.73163e-12	2.87853e-10	2.90305e-07	0.000667387	0.167058	0.645671	0.179791	0.00675938	5.30714e-05	1.07416e-07	6.05803e-11	1.04969e-14	8.73494e-19	1.56374e-21	1.83688e-24	1.62905e-27	1.79866e-28	7.56961e-29	1.29317e-29	3.12196e-31	1.65096e-31	1.25306e-33	1.70987e-33	5.54119e-36	5.71468e-36	1.00247e-38	6.66124e-39	7.53956e-42	2.66869e-42	2.28956e-45	3.68124e-46	5.20852e-49	3.97729e-50	1.92526e-50	
F3015	0	0	0	0	0	0	0	0	0	0	1	0	0	0	0	0	0	0	0	0	0	0	0	0	0	0	0	0	0	0	0	0	0	0	0	0	0	0	0	0	0	
N22	1.98218e-33	1.22625e-30	5.85944e-27	6.63293e-24	6.39122e-20	5.11328e-16	8.90385e-15	5.41638e-12	6.95354e-10	3.89157e-07	0.000962313	0.229187	0.667181	0.100996	0.00166789	4.861e-06	3.36514e-09	7.20959e-13	3.31752e-16	8.12479e-19	6.4793e-21	3.56448e-24	4.36984e-27	3.12476e-30	2.58119e-34	4.07748e-36	1.89626e-40	2.96381e-42	7.01465e-46	1.73485e-43	5.24023e-44	5.16462e-44	1.02929e-46	4.60758e-47	2.50052e-49	6.06434e-48	3.00602e-49	1.69741e-49	1.20065e-50	4.16276e-52	2.79541e-52	
N23	2.37646e-36	2.15879e-31	1.29855e-26	1.95431e-23	2.61393e-19	4.50769e-15	6.99749e-14	2.04042e-11	3.22785e-10	2.09496e-07	0.000550688	0.280892	0.660317	0.0578019	0.000438436	5.65369e-07	2.09473e-10	4.23428e-13	2.31857e-15	7.70399e-18	2.87402e-20	9.65508e-24	1.00044e-26	4.64864e-29	5.84813e-33	9.83541e-35	3.44681e-39	3.16832e-41	4.28713e-46	2.73243e-44	9.25219e-44	2.03298e-44	4.16328e-47	4.32133e-48	8.11061e-49	2.74243e-46	3.75409e-47	2.84902e-47	2.25971e-48	6.38597e-50	1.75234e-50	
N24	8.27626e-40	7.70706e-34	3.73862e-28	1.78586e-25	7.86961e-21	9.43536e-16	1.19425e-15	1.14264e-12	9.4673e-12	9.47148e-08	0.00111179	0.550515	0.441909	0.00645969	4.23569e-06	4.42271e-10	1.44807e-14	4.49552e-18	3.7104e-21	9.91441e-25	2.52144e-28	3.95438e-33	3.63799e-37	2.59111e-37	1.18147e-38	3.7707e-39	3.57557e-42	4.48155e-43	1.56284e-46	6.79326e-48	1.68781e-51	2.74551e-53	5.82589e-57	5.03406e-59	4.32992e-62	2.39027e-63	2.14415e-66	1.51845e-67	1.58517e-69	6.43524e-72	1.83629e-73	
N25	4.06773e-36	5.23424e-34	5.86648e-29	1.19467e-25	2.19192e-21	2.4624e-17	1.78305e-15	6.93144e-13	3.66338e-10	1.2202e-06	0.00385985	0.570461	0.420213	0.00546194	3.21303e-06	4.315e-10	4.02182e-13	3.57028e-14	5.28854e-17	8.98293e-20	2.48985e-23	6.99621e-27	3.13821e-30	2.75891e-31	5.63701e-33	2.98338e-32	2.08934e-35	1.27171e-35	5.49037e-39	6.72048e-40	2.96817e-43	1.71634e-44	7.94656e-47	3.88536e-48	1.47712e-49	3.22471e-49	1.78527e-52	1.37257e-52	8.91693e-54	1.59004e-55	2.10493e-56	
F1476	0	0	0	0	0	0	0	0	0	0	1	0	0	0	0	0	0	0	0	0	0	0	0	0	0	0	0	0	0	0	0	0	0	0	0	0	0	0	0	0	0	
N26	1.6245e-36	6.82945e-33	1.42831e-27	4.57871e-24	1.71292e-19	3.86002e-15	6.25865e-13	5.74199e-11	5.34792e-09	6.98902e-06	0.00606691	0.570381	0.415739	0.00779794	8.09374e-06	4.735e-09	4.03331e-11	2.49302e-12	2.50527e-15	5.79024e-18	1.18584e-21	5.08794e-24	1.96257e-27	4.77247e-29	1.06279e-33	1.08815e-35	7.70279e-41	4.56877e-43	1.91782e-44	3.05089e-43	6.63724e-45	1.47498e-45	1.38053e-46	4.22953e-47	1.33207e-46	1.14605e-44	1.94633e-47	7.14688e-48	4.58737e-49	9.25967e-51	1.69666e-51	
Furcep	0	0	0	0	0	0	0	0	0	0	0	0	0	1	0	0	0	0	0	0	0	0	0	0	0	0	0	0	0	0	0	0	0	0	0	0	0	0	0	0	0	
N27	6.14739e-35	3.09746e-30	9.05255e-26	4.10582e-22	4.67438e-18	5.93841e-15	2.87007e-13	1.74843e-11	7.91289e-09	2.58743e-05	0.0343157	0.681889	0.28066	0.00310589	3.13332e-06	1.10957e-09	1.28728e-12	4.48647e-14	2.46304e-16	8.87709e-19	1.10983e-21	2.70979e-25	3.47641e-28	1.24217e-29	2.16984e-33	6.358e-35	1.37691e-39	1.2457e-41	1.40196e-46	2.10989e-49	1.91061e-54	1.62746e-57	2.69936e-62	5.28043e-65	4.9086e-69	5.09295e-71	6.80808e-76	3.20928e-78	1.56529e-81	2.21031e-85	1.81699e-88	
Furpol	0	0	0	0	0	0	0	0	0	0	0	1	0	0	0	0	0	0	0	0	0	0	0	0	0	0	0	0	0	0	0	0	0	0	0	0	0	0	0	0	0	
N28	1.0073e-32	4.84849e-28	1.28096e-23	6.5683e-20	7.52124e-16	2.1673e-13	1.96024e-11	4.33871e-10	5.87099e-07	0.00130682	0.533767	0.436284	0.0285459	9.59004e-05	7.62364e-08	2.54326e-11	2.6983e-14	4.47055e-16	1.01156e-18	1.84733e-21	8.70903e-25	6.52063e-28	5.62925e-31	4.01982e-33	7.79931e-37	3.44292e-39	1.20874e-43	1.32966e-46	2.7322e-51	1.18686e-54	1.64174e-59	5.13541e-63	2.45432e-67	8.80961e-71	2.02283e-74	4.00184e-77	8.85741e-82	7.4966e-85	1.76244e-88	1.7372e-92	6.73534e-96	
N29	1.34275e-32	7.93094e-28	2.44599e-23	1.62198e-19	2.23055e-15	4.79578e-13	6.89354e-11	7.91524e-10	1.16649e-06	0.00253657	0.831931	0.163443	0.00208557	2.77572e-06	1.1461e-09	7.6933e-13	2.49049e-15	1.66347e-17	8.28391e-21	1.2384e-23	4.66188e-27	2.46884e-29	5.20567e-33	2.75064e-35	1.42787e-39	3.58014e-42	7.7521e-47	4.57876e-50	6.23744e-55	2.23974e-58	3.08526e-63	2.42024e-66	7.36418e-70	1.18606e-73	1.21744e-77	2.12988e-80	1.81709e-85	8.09775e-89	1.58525e-92	1.96211e-96	1.18178e-99	
F2241	0	0	0	0	0	0	0	0	0	0	1	0	0	0	0	0	0	0	0	0	0	0	0	0	0	0	0	0	0	0	0	0	0	0	0	0	0	0	0	0	0	
Furang	0	0	0	0	0	0	0	0	0	0	1	0	0	0	0	0	0	0	0	0	0	0	0	0	0	0	0	0	0	0	0	0	0	0	0	0	0	0	0	0	0	
FGA490	0	0	0	0	0	0	0	0	0	0	1	0	0	0	0	0	0	0	0	0	0	0	0	0	0	0	0	0	0	0	0	0	0	0	0	0	0	0	0	0	0	
N30	1.48199e-36	3.15271e-31	3.60772e-26	3.54017e-23	8.9597e-19	1.64848e-14	5.25154e-14	1.83314e-11	6.13799e-10	2.85173e-06	0.00865048	0.781875	0.208691	0.000780232	3.59168e-07	5.04264e-11	1.99224e-14	2.34337e-16	2.95385e-19	2.33228e-22	4.3683e-26	6.87978e-30	2.11605e-33	7.7869e-36	4.27867e-40	9.51492e-43	7.11146e-48	3.59053e-51	1.4115e-55	6.65818e-55	3.95319e-56	7.73976e-58	3.71321e-60	2.71883e-61	5.73324e-62	1.66822e-60	2.72909e-62	2.71038e-63	4.23407e-65	2.35171e-67	6.07678e-69	
N31	1.31097e-35	1.73139e-30	1.36677e-25	2.53223e-22	4.03592e-18	2.71981e-14	4.60197e-13	1.12452e-10	1.34716e-08	5.2141e-06	0.0109946	0.818851	0.169574	0.000575106	2.9078e-07	1.26959e-10	5.94951e-13	1.22435e-14	7.86133e-18	1.11261e-20	1.79727e-24	6.59242e-27	1.86688e-30	1.77655e-32	4.90475e-37	2.06037e-39	1.7865e-44	1.00585e-47	6.99646e-53	3.63172e-52	4.67155e-52	5.27465e-53	4.31649e-54	1.58441e-55	1.45159e-56	4.30477e-54	1.04539e-54	3.10354e-55	1.40165e-56	2.26524e-58	2.74341e-59	
N32	1.21346e-37	5.68854e-32	1.45014e-26	1.16457e-23	3.53163e-19	2.69924e-14	4.84744e-13	5.9975e-11	7.51636e-10	1.83883e-07	0.00118465	0.814871	0.182805	0.00113936	4.20871e-07	6.71111e-10	1.97675e-12	1.24736e-14	1.62958e-18	1.17401e-21	1.26403e-25	6.64645e-28	3.2365e-32	1.34829e-34	8.09499e-40	9.43481e-43	2.72566e-48	1.20478e-51	4.87073e-54	2.18637e-53	2.94835e-54	3.76845e-55	1.68968e-56	1.56007e-58	9.91853e-60	5.10461e-58	6.47596e-60	2.49445e-61	3.57103e-63	2.69194e-65	2.00154e-66	
N33	2.58842e-35	1.9208e-30	7.83921e-26	8.78226e-23	9.17994e-19	8.82279e-15	2.60836e-14	1.22533e-11	1.17869e-10	3.46521e-07	0.00153015	0.873259	0.12476	0.000450452	2.20999e-07	5.66259e-11	1.27339e-13	5.99063e-15	8.27589e-18	1.68264e-20	4.95638e-24	5.6223e-27	3.43326e-30	7.50055e-32	2.95573e-36	3.45039e-38	3.43881e-43	7.574e-46	4.80547e-51	2.46489e-54	1.3138e-59	7.15097e-63	4.4449e-67	1.37645e-70	2.3193e-74	1.30259e-76	5.65682e-82	9.25985e-85	2.33884e-88	1.73108e-92	8.56606e-96	
N34	3.69892e-33	1.77683e-28	4.9606e-24	4.3209e-21	3.80243e-17	3.04884e-13	6.16382e-13	1.99155e-10	7.06804e-10	1.14639e-06	0.00284425	0.947412	0.0496209	0.000121176	6.87156e-08	2.79901e-11	1.38278e-13	2.62334e-15	1.72675e-18	2.56032e-21	6.15849e-25	1.82658e-27	1.34271e-30	9.80022e-33	5.31192e-37	1.68087e-39	3.38887e-44	2.04279e-47	2.55052e-52	8.91462e-56	8.55108e-61	3.54764e-64	7.18006e-68	2.43329e-71	5.23511e-75	1.09682e-77	8.84402e-83	4.60457e-86	9.46408e-90	9.24826e-94	5.23524e-97	
FGA456	0	0	0	0	0	0	0	0	0	0	0	1	0	0	0	0	0	0	0	0	0	0	0	0	0	0	0	0	0	0	0	0	0	0	0	0	0	0	0	0	0	
FGA513	0	0	0	0	0	0	0	0	0	0	0	1	0	0	0	0	0	0	0	0	0	0	0	0	0	0	0	0	0	0	0	0	0	0	0	0	0	0	0	0	0	
F12278	0	0	0	0	0	0	0	0	0	0	0	1	0	0	0	0	0	0	0	0	0	0	0	0	0	0	0	0	0	0	0	0	0	0	0	0	0	0	0	0	0	
N35	9.17503e-32	3.66203e-27	8.95931e-23	9.95893e-20	5.62702e-16	3.95854e-12	4.15831e-10	6.90142e-09	1.34895e-07	8.67353e-06	0.00104207	0.557427	0.407217	0.0342394	6.45897e-05	3.26139e-07	6.47629e-09	2.12976e-10	8.41687e-14	1.67738e-16	1.0767e-19	1.61421e-21	1.97691e-24	1.99527e-26	1.05035e-30	1.684e-33	5.51893e-38	3.16788e-41	6.01e-46	3.08062e-49	7.63668e-54	1.47976e-56	8.23108e-60	4.19815e-63	1.33493e-66	3.5407e-69	3.38335e-74	9.01647e-78	1.73747e-81	5.22039e-85	8.03104e-88	
Furant	0	0	0	0	0	0	0	0	0	0	0	1	0	0	0	0	0	0	0	0	0	0	0	0	0	0	0	0	0	0	0	0	0	0	0	0	0	0	0	0	0	
FGA331	0	0	0	0	0	0	0	0	0	0	0	0	0	1	0	0	0	0	0	0	0	0	0	0	0	0	0	0	0	0	0	0	0	0	0	0	0	0	0	0	0	
FGA465	0	0	0	0	0	0	0	0	0	0	1	0	0	0	0	0	0	0	0	0	0	0	0	0	0	0	0	0	0	0	0	0	0	0	0	0	0	0	0	0	0	
N36	6.95781e-33	4.42806e-28	1.60404e-23	2.47928e-20	2.69454e-16	4.66315e-13	5.79271e-12	5.397e-10	8.65885e-08	0.000243215	0.147562	0.809593	0.0424989	0.000102139	6.18254e-08	2.11175e-11	6.36623e-14	9.08461e-16	9.48044e-19	1.34059e-21	3.41907e-25	5.73861e-28	4.12398e-31	2.19451e-33	2.03903e-37	5.68175e-40	1.38188e-44	6.89389e-48	9.89967e-53	2.99281e-56	3.06888e-61	8.8494e-65	1.06342e-68	3.25663e-72	6.11186e-76	8.61504e-79	9.97118e-84	4.81288e-87	8.19058e-91	6.50022e-95	2.22302e-98	
FGA99	0	0	0	0	0	0	0	0	0	0	1	0	0	0	0	0	0	0	0	0	0	0	0	0	0	0	0	0	0	0	0	0	0	0	0	0	0	0	0	0	0	
N37	3.66796e-32	1.42103e-27	3.26133e-23	9.54662e-20	8.86718e-16	1.09472e-12	2.51737e-11	1.89974e-09	2.05896e-07	0.000305165	0.17091	0.809571	0.0191755	3.82227e-05	2.21218e-08	5.73748e-11	3.868e-13	5.01539e-15	2.63783e-18	7.3121e-21	4.31961e-24	7.04885e-26	1.62971e-29	2.15821e-31	9.70635e-36	4.63026e-38	1.05585e-42	1.05084e-45	1.55728e-50	1.0028e-53	2.19822e-58	5.69537e-61	3.47344e-64	7.95662e-68	9.69204e-72	4.14406e-74	3.22028e-79	2.29294e-82	7.46982e-86	1.55083e-89	2.18963e-92	
FGA15	0	0	0	0	0	0	0	0	0	0	1	0	0	0	0	0	0	0	0	0	0	0	0	0	0	0	0	0	0	0	0	0	0	0	0	0	0	0	0	0	0	
FGA581	0	0	0	0	0	0	0	0	0	0	0	1	0	0	0	0	0	0	0	0	0	0	0	0	0	0	0	0	0	0	0	0	0	0	0	0	0	0	0	0	0	
FGA104	0	0	0	0	0	0	0	0	0	0	0	0	1	0	0	0	0	0	0	0	0	0	0	0	0	0	0	0	0	0	0	0	0	0	0	0	0	0	0	0	0	
FGA489	0	0	0	0	0	0	0	0	0	0	1	0	0	0	0	0	0	0	0	0	0	0	0	0	0	0	0	0	0	0	0	0	0	0	0	0	0	0	0	0	0	
FGA174	0	0	0	0	0	0	0	0	0	0	0	0	0	1	0	0	0	0	0	0	0	0	0	0	0	0	0	0	0	0	0	0	0	0	0	0	0	0	0	0	0	
FurbGB	0	0	0	0	0	0	0	0	0	0	0	1	0	0	0	0	0	0	0	0	0	0	0	0	0	0	0	0	0	0	0	0	0	0	0	0	0	0	0	0	0	
N38	4.37784e-39	9.74192e-35	1.27756e-30	8.69659e-27	9.44525e-24	3.03749e-21	6.99363e-19	2.54987e-15	3.97923e-12	6.57626e-11	5.39672e-10	4.72337e-08	4.56609e-07	1.13645e-06	0.000101103	0.0146497	0.356582	0.573092	0.0547656	0.00078834	1.67407e-05	2.6274e-06	1.45663e-07	1.66193e-08	1.47385e-10	2.21893e-12	9.56908e-15	5.55146e-17	1.18429e-19	1.15831e-20	7.63165e-24	5.49918e-25	1.13795e-28	4.70319e-30	3.46259e-34	5.3024e-36	2.30586e-40	1.15063e-42	5.55602e-47	1.07201e-49	8.28483e-52	
N39	4.17274e-36	2.74797e-32	1.32641e-28	3.75486e-25	1.41658e-22	3.72976e-20	1.31211e-17	1.35971e-14	4.02805e-12	3.16553e-11	2.86301e-10	7.98578e-09	5.25664e-08	4.63207e-07	4.99354e-05	0.00798325	0.280961	0.615093	0.0934027	0.00248361	2.58754e-05	7.94402e-07	4.3758e-08	6.17553e-09	1.72151e-10	3.38934e-12	4.48829e-14	7.48571e-17	4.6768e-19	9.59054e-21	4.14745e-23	2.07492e-24	3.43516e-27	1.10051e-28	4.6957e-32	7.67585e-34	1.48932e-37	9.03305e-40	1.25443e-43	3.95674e-46	1.01777e-48	
N40	2.0452e-35	2.30957e-31	1.20533e-27	6.64427e-24	2.35589e-22	6.42249e-20	3.31933e-17	8.35364e-14	7.76406e-12	6.0162e-12	4.6966e-10	4.00485e-09	2.44398e-09	6.25754e-08	3.00838e-05	0.0102896	0.463055	0.497845	0.0284823	0.000296239	9.81406e-07	1.66437e-09	5.98922e-12	7.95234e-14	4.13871e-16	1.55496e-18	4.73535e-21	3.07033e-24	2.92499e-27	3.12753e-30	2.18312e-33	6.63593e-36	2.74673e-36	1.29671e-36	5.92122e-38	2.03388e-38	4.08016e-40	4.32914e-41	1.8069e-42	2.32029e-41	8.21926e-41	
CGA312	0	0	0	0	0	0	0	0	0	0	0	0	0	0	0	0	0	1	0	0	0	0	0	0	0	0	0	0	0	0	0	0	0	0	0	0	0	0	0	0	0	
N41	2.74156e-42	4.52955e-37	1.93085e-32	1.12099e-27	1.03991e-25	2.24737e-23	1.17735e-19	1.75487e-15	1.8561e-14	5.47041e-14	2.6448e-12	7.52718e-12	3.03382e-11	6.26967e-09	1.75038e-05	0.0160352	0.591442	0.385206	0.00728483	1.45192e-05	6.83599e-09	1.22404e-12	2.18529e-16	5.32666e-19	1.13537e-21	9.4642e-25	1.73592e-27	1.79651e-31	5.47047e-35	5.23159e-39	1.36711e-43	1.92803e-43	5.04762e-43	6.99891e-43	4.18268e-45	3.84927e-45	1.02099e-47	5.57239e-48	4.99684e-49	2.38198e-47	1.08169e-48	
N42	1.80188e-50	6.56796e-44	2.41673e-38	1.87051e-32	3.27819e-30	2.12222e-26	5.54579e-22	2.59198e-18	5.45252e-17	7.01739e-17	5.11568e-15	1.0103e-13	3.35644e-12	1.96467e-08	0.000243166	0.0666846	0.839587	0.0933507	0.000134638	1.43695e-08	3.26991e-13	2.56827e-18	1.36334e-23	1.49758e-26	1.06832e-29	1.15033e-33	5.10386e-37	1.17422e-41	4.16308e-42	5.56633e-44	2.00354e-45	7.79375e-42	1.49638e-41	4.79181e-40	2.75753e-40	9.42334e-39	1.25066e-39	2.97994e-36	3.61857e-36	1.03806e-34	9.88381e-36	
N43	4.29612e-40	1.81212e-36	1.70943e-33	2.12623e-30	8.94789e-31	8.04973e-29	6.94867e-25	1.18056e-20	5.85507e-19	2.40687e-18	6.09682e-15	3.87755e-13	5.35634e-12	1.65207e-08	0.000130016	0.0607039	0.85065	0.088375	0.000141407	3.04115e-08	3.52425e-12	1.0798e-13	3.55769e-16	6.24187e-18	5.40924e-21	5.09159e-24	2.0795e-27	5.98764e-32	1.39761e-32	5.79888e-32	4.49498e-34	1.02895e-33	1.55186e-36	2.53563e-36	1.30396e-39	1.05897e-39	2.92398e-43	2.98145e-44	1.27377e-47	3.33102e-49	7.58985e-50	
N44	1.82455e-41	2.38171e-36	7.27627e-32	3.63389e-27	9.59636e-26	1.39594e-22	1.25675e-19	2.49521e-15	4.95428e-13	8.70796e-14	5.17749e-11	5.72773e-10	7.76562e-11	4.92366e-09	1.9979e-05	0.0220326	0.830351	0.14708	0.000515294	3.86109e-07	1.49942e-10	2.69373e-13	7.59047e-16	2.08034e-18	1.35091e-21	6.09409e-25	1.07702e-28	9.09868e-33	6.68535e-34	5.63594e-34	3.60333e-35	4.1115e-36	6.46549e-38	4.71171e-39	1.91712e-41	5.77191e-43	1.45519e-45	2.75351e-47	7.19099e-50	1.79014e-51	9.76493e-53	
CGA642	0	0	0	0	0	0	0	0	0	0	0	0	0	0	0	0	1	0	0	0	0	0	0	0	0	0	0	0	0	0	0	0	0	0	0	0	0	0	0	0	0	
N45	2.97543e-36	3.1583e-33	1.72877e-30	6.57348e-28	2.56498e-26	5.19138e-23	8.32477e-20	5.67823e-16	2.69192e-14	4.44451e-14	1.8381e-12	1.54661e-11	7.90409e-11	7.92143e-09	1.42906e-05	0.0285481	0.805853	0.165185	0.000399047	1.95037e-07	3.65773e-11	9.21205e-14	7.52084e-16	4.57547e-17	3.28642e-19	6.24921e-22	2.73127e-25	1.14575e-29	8.12135e-33	2.20375e-35	8.57653e-39	2.07266e-40	2.37798e-44	4.02194e-46	2.77304e-51	1.07873e-53	4.80589e-59	5.65313e-62	3.81225e-67	1.16127e-70	1.17204e-73	
CGA763	0	0	0	0	0	0	0	0	0	0	0	0	0	0	0	1	0	0	0	0	0	0	0	0	0	0	0	0	0	0	0	0	0	0	0	0	0	0	0	0	0	
C601	0	0	0	0	0	0	0	0	0	0	0	0	0	0	0	0	0	1	0	0	0	0	0	0	0	0	0	0	0	0	0	0	0	0	0	0	0	0	0	0	0	
N46	1.20499e-37	1.74409e-34	1.00368e-31	6.18229e-29	4.0884e-29	3.34785e-29	3.74446e-25	3.33901e-21	2.24292e-19	1.49847e-17	5.0283e-15	3.92199e-13	1.68735e-10	2.49166e-07	0.000382307	0.0754553	0.845106	0.0788677	0.000188731	8.73451e-08	1.43183e-11	9.52966e-14	1.16335e-15	1.02097e-16	7.55737e-19	1.82986e-21	2.1719e-24	7.72492e-29	5.3728e-32	1.38582e-34	6.90261e-38	5.87408e-39	5.98921e-40	3.0133e-39	5.95152e-42	1.04022e-41	3.28863e-44	7.32532e-44	6.87702e-46	2.46786e-46	1.87276e-46	
CGA236	0	0	0	0	0	0	0	0	0	0	0	0	0	0	0	0	1	0	0	0	0	0	0	0	0	0	0	0	0	0	0	0	0	0	0	0	0	0	0	0	0	
N47	5.76278e-43	2.55577e-39	7.43223e-36	2.18348e-32	1.93982e-29	8.47551e-26	3.3803e-22	3.71708e-19	3.86545e-17	2.99076e-15	3.25016e-13	1.31674e-10	1.0828e-07	3.20563e-05	0.00563653	0.173119	0.758604	0.0623582	0.000249739	2.43342e-07	9.36395e-11	3.19847e-13	8.19592e-15	8.91631e-16	1.70866e-17	7.63503e-20	1.64061e-22	1.88751e-26	2.3401e-29	6.73527e-32	1.06164e-34	3.7089e-36	2.33203e-39	5.31825e-41	2.17876e-45	1.86787e-47	3.68694e-52	5.14199e-55	1.12988e-59	7.07746e-63	1.91487e-65	
N48	2.65568e-36	5.38845e-32	7.00658e-28	2.08882e-24	2.66704e-21	5.17168e-18	3.20516e-15	3.62093e-13	1.02868e-10	4.25386e-10	5.67113e-09	3.91109e-06	0.000156201	0.00152062	0.0203268	0.246581	0.633824	0.0970024	0.000583901	9.59925e-07	1.15435e-09	1.52755e-11	2.14724e-13	4.44398e-15	1.73584e-17	5.20076e-20	4.94625e-23	2.1314e-26	2.85152e-29	2.67976e-31	2.74585e-34	2.00595e-36	8.14914e-40	3.74603e-42	2.99425e-46	4.15644e-49	1.97183e-53	1.28793e-56	7.00627e-61	4.27359e-64	9.7739e-67	
Calboe	0	0	0	0	0	0	0	0	0	0	0	0	0	1	0	0	0	0	0	0	0	0	0	0	0	0	0	0	0	0	0	0	0	0	0	0	0	0	0	0	0	
C3125	0	0	0	0	0	0	0	0	0	0	0	0	0	0	0	0	0	1	0	0	0	0	0	0	0	0	0	0	0	0	0	0	0	0	0	0	0	0	0	0	0	
CGA429	0	0	0	0	0	0	0	0	0	0	0	0	0	0	1	0	0	0	0	0	0	0	0	0	0	0	0	0	0	0	0	0	0	0	0	0	0	0	0	0	0	
N49	4.97075e-47	1.0388e-41	6.64818e-37	2.67637e-32	3.23456e-29	9.75487e-26	1.32568e-21	7.13027e-20	4.10771e-19	2.12879e-16	1.16991e-14	9.89382e-12	1.34167e-07	0.00045056	0.0891052	0.518729	0.377444	0.0142607	1.0893e-05	1.91035e-09	1.30032e-13	7.29741e-18	2.5354e-20	1.2486e-21	1.41052e-23	1.75739e-26	1.91171e-28	3.44555e-30	2.11683e-31	1.09859e-33	3.00434e-35	6.21421e-35	2.83304e-36	3.91095e-36	1.56457e-38	1.60397e-38	1.18469e-41	1.59702e-42	9.82488e-46	4.90991e-47	2.2826e-48	
C984	0	0	0	0	0	0	0	0	0	0	0	0	0	1	0	0	0	0	0	0	0	0	0	0	0	0	0	0	0	0	0	0	0	0	0	0	0	0	0	0	0	
N50	4.60848e-34	2.03899e-31	6.22119e-29	5.86089e-27	4.60416e-26	2.76154e-25	3.19055e-21	8.87679e-19	5.9004e-17	3.1561e-14	8.81679e-13	4.64115e-10	1.48083e-06	0.0015032	0.164205	0.576209	0.251799	0.00627592	7.36847e-06	2.71145e-09	5.25033e-13	6.54788e-15	8.21905e-17	6.48869e-18	6.13763e-20	2.57645e-22	7.42606e-25	6.06876e-29	7.99998e-32	8.15745e-34	4.78482e-37	2.53089e-38	5.09698e-42	1.95039e-43	5.99036e-48	1.08779e-49	1.35227e-54	2.4035e-57	3.4425e-62	2.50925e-65	8.13832e-68	
CGA310	0	0	0	0	0	0	0	0	0	0	0	0	0	0	1	0	0	0	0	0	0	0	0	0	0	0	0	0	0	0	0	0	0	0	0	0	0	0	0	0	0	
N51	3.16687e-36	5.50825e-32	6.17435e-28	1.66054e-24	2.13126e-21	2.9674e-18	7.51899e-15	1.449e-13	2.76131e-12	1.38369e-10	1.23431e-09	2.15333e-07	0.000202642	0.0578767	0.663877	0.261848	0.0160791	0.000116431	2.24849e-07	1.79878e-10	1.45801e-13	1.18108e-15	1.01563e-17	1.24452e-19	2.86954e-22	6.61012e-25	6.18128e-28	3.10878e-31	3.73449e-34	2.77797e-36	2.28725e-39	1.28413e-41	4.0844e-45	1.46931e-47	1.30925e-51	1.82178e-54	9.41825e-59	5.73292e-62	2.99509e-66	1.96672e-69	4.00606e-72	
CGA365	0	0	0	0	0	0	0	0	0	0	0	0	0	0	1	0	0	0	0	0	0	0	0	0	0	0	0	0	0	0	0	0	0	0	0	0	0	0	0	0	0	
CGA494	0	0	0	0	0	0	0	0	0	0	0	0	0	1	0	0	0	0	0	0	0	0	0	0	0	0	0	0	0	0	0	0	0	0	0	0	0	0	0	0	0	
N52	8.95088e-41	5.34523e-36	1.10836e-31	3.33643e-27	6.16293e-25	1.14328e-22	1.1377e-19	1.16528e-15	4.36683e-13	1.33591e-12	5.75207e-11	1.23995e-09	5.67196e-09	1.45499e-07	1.24076e-05	0.00638054	0.316265	0.626601	0.050531	0.000209804	2.47202e-07	9.47946e-10	9.90591e-12	1.20358e-13	3.1972e-16	4.82869e-19	3.15602e-22	5.02383e-26	2.17762e-29	4.77202e-32	2.34328e-35	2.4513e-37	1.08505e-36	5.05298e-37	4.06231e-39	4.70125e-40	2.24613e-42	1.28747e-43	1.29033e-45	1.94757e-45	1.08237e-44	
N53	1.75858e-41	8.98385e-37	2.7817e-32	6.01611e-28	1.28449e-25	1.37217e-22	4.01322e-19	2.18712e-15	6.72972e-14	3.57055e-13	7.8462e-12	1.00081e-10	2.18197e-09	4.61261e-08	1.80699e-05	0.0159386	0.365769	0.595193	0.0230294	5.20242e-05	3.12611e-08	1.86806e-11	3.51014e-14	1.47337e-16	1.12193e-18	3.3695e-21	2.85473e-23	1.58931e-26	2.22578e-29	4.66367e-33	2.96867e-37	4.04773e-39	1.5453e-42	2.70069e-44	1.98845e-48	2.42016e-50	5.02883e-55	3.50022e-57	2.76567e-62	4.32842e-65	1.3881e-69	
C12265	0	0	0	0	0	0	0	0	0	0	0	0	0	0	0	0	0	1	0	0	0	0	0	0	0	0	0	0	0	0	0	0	0	0	0	0	0	0	0	0	0	
N54	1.094e-43	3.0269e-38	1.30163e-33	1.18333e-28	8.4414e-27	4.16062e-25	2.33282e-20	1.00604e-16	2.54633e-17	3.38427e-15	3.6656e-13	1.70064e-13	5.04426e-11	1.35133e-06	0.00938911	0.890678	0.0984691	0.00146086	1.52249e-06	2.52249e-10	1.45541e-14	3.95921e-19	1.45435e-23	2.27079e-26	1.67241e-29	5.56468e-33	4.67691e-36	4.05849e-36	6.53583e-36	3.3494e-38	9.17875e-41	1.12694e-41	1.94031e-43	2.71015e-44	2.80567e-46	2.7036e-47	4.57554e-50	2.23686e-51	1.95946e-54	3.26891e-56	9.74554e-59	
C404	0	0	0	0	0	0	0	0	0	0	0	0	0	0	1	0	0	0	0	0	0	0	0	0	0	0	0	0	0	0	0	0	0	0	0	0	0	0	0	0	0	
N55	4.91387e-37	7.93136e-34	4.50596e-31	1.7471e-28	3.31976e-29	1.01947e-26	2.71628e-22	2.58016e-18	2.30024e-18	3.59946e-17	7.46607e-14	1.58354e-13	2.51357e-11	6.46382e-07	0.00431311	0.928648	0.0666082	0.000429532	2.01086e-07	2.06316e-11	1.7777e-15	2.79225e-17	5.37977e-20	3.29955e-22	1.55626e-25	1.31766e-28	5.54148e-32	2.62555e-36	9.14476e-40	1.12643e-41	2.6829e-46	3.56281e-48	2.80729e-53	2.33945e-55	7.91637e-61	3.38601e-63	5.71894e-69	4.60556e-72	8.41234e-78	1.65312e-81	9.46807e-85	
Cl11778	0	0	0	0	0	0	0	0	0	0	0	0	0	0	0	1	0	0	0	0	0	0	0	0	0	0	0	0	0	0	0	0	0	0	0	0	0	0	0	0	0	
CGA48	0	0	0	0	0	0	0	0	0	0	0	0	0	0	0	1	0	0	0	0	0	0	0	0	0	0	0	0	0	0	0	0	0	0	0	0	0	0	0	0	0	
C3126	0	0	0	0	0	0	0	0	0	0	0	0	0	0	0	0	0	0	1	0	0	0	0	0	0	0	0	0	0	0	0	0	0	0	0	0	0	0	0	0	0	
N56	5.48799e-37	1.91934e-32	3.33607e-28	1.39637e-24	1.27812e-21	4.07073e-19	5.51913e-18	3.49798e-14	1.09228e-10	9.40092e-11	6.4654e-11	1.90985e-08	3.85947e-08	3.18077e-09	5.44007e-08	5.69538e-05	0.017882	0.719667	0.257436	0.00493565	2.20021e-05	5.97853e-08	3.77846e-10	3.05508e-12	8.57329e-15	1.75747e-17	2.30329e-20	1.09856e-23	6.23855e-27	1.80473e-29	2.33163e-29	8.66395e-30	4.69327e-31	5.31151e-32	1.36558e-33	1.01464e-34	1.40161e-36	6.56916e-38	6.52734e-40	2.90305e-41	1.13675e-42	
CGA311	0	0	0	0	0	0	0	0	0	0	0	0	0	0	0	0	0	1	0	0	0	0	0	0	0	0	0	0	0	0	0	0	0	0	0	0	0	0	0	0	0	
N57	3.34346e-38	3.65983e-35	7.99936e-32	7.58891e-28	1.1891e-24	6.6629e-22	9.36104e-20	5.53304e-16	1.30033e-12	1.82024e-12	3.58525e-12	3.08107e-10	5.46279e-10	1.37706e-10	1.17344e-08	1.69565e-05	0.0116382	0.719227	0.264982	0.00412402	1.23482e-05	1.62052e-08	3.3765e-11	4.66885e-13	7.24294e-15	3.74286e-17	4.8674e-19	2.31189e-22	4.97677e-25	2.60968e-28	3.90597e-32	1.17191e-33	2.68551e-37	8.48989e-39	5.50663e-43	1.18344e-44	1.66761e-49	1.49125e-51	1.19289e-56	4.41234e-59	2.0271e-63	
N58	1.33997e-43	1.4233e-38	6.37992e-34	8.77627e-30	2.67913e-27	5.24409e-24	3.28023e-22	3.30813e-18	3.46213e-15	7.40421e-16	9.60559e-15	1.432e-12	1.46682e-12	4.97074e-12	6.47951e-09	2.89978e-05	0.0280494	0.872718	0.0987068	0.000496457	5.03766e-07	1.75441e-10	3.15589e-14	1.00864e-16	7.68145e-19	2.25721e-21	1.30804e-23	6.76845e-27	4.5447e-30	8.11293e-34	3.06922e-38	2.9319e-41	3.63617e-44	9.15476e-43	2.32657e-44	7.00433e-45	6.829e-47	1.4661e-47	2.52429e-50	1.93788e-51	1.92203e-52	
CGA45	0	0	0	0	0	0	0	0	0	0	0	0	0	0	0	0	1	0	0	0	0	0	0	0	0	0	0	0	0	0	0	0	0	0	0	0	0	0	0	0	0	
N59	2.04593e-44	8.0338e-40	1.78167e-35	1.88202e-31	1.57079e-28	1.71791e-25	3.46342e-23	1.03494e-19	8.13127e-17	7.3145e-17	6.3163e-16	4.81815e-13	3.85083e-12	9.89105e-12	6.25969e-09	2.1534e-05	0.0185317	0.896578	0.0844432	0.000424698	4.74852e-07	1.95801e-10	2.13394e-13	3.31811e-14	1.2357e-15	7.26313e-18	1.02976e-19	5.95481e-23	1.44442e-25	4.06354e-29	6.95202e-33	2.47351e-34	2.09618e-37	6.15341e-39	7.25155e-43	1.41843e-44	3.70535e-49	3.13637e-51	4.06749e-56	7.54915e-59	5.46732e-63	
C3043	0	0	0	0	0	0	0	0	0	0	0	0	0	0	0	0	0	1	0	0	0	0	0	0	0	0	0	0	0	0	0	0	0	0	0	0	0	0	0	0	0	
CGA364	0	0	0	0	0	0	0	0	0	0	0	0	0	0	0	0	0	1	0	0	0	0	0	0	0	0	0	0	0	0	0	0	0	0	0	0	0	0	0	0	0	
C2208	0	0	0	0	0	0	0	0	0	0	0	0	0	0	0	0	0	0	1	0	0	0	0	0	0	0	0	0	0	0	0	0	0	0	0	0	0	0	0	0	0	
N60	4.53406e-32	3.17345e-28	1.35325e-24	2.77783e-21	3.98685e-19	1.20394e-16	4.30614e-15	6.58091e-12	4.05537e-09	1.4757e-09	2.7814e-09	2.78964e-07	1.21561e-07	1.79655e-08	1.48435e-06	0.000511804	0.0537897	0.863695	0.0806238	0.00136964	8.47302e-06	4.08024e-08	3.83044e-10	4.12041e-12	1.90565e-14	7.21239e-17	1.7955e-19	2.49804e-22	3.59005e-25	9.89745e-28	1.28337e-30	3.07589e-33	2.6441e-36	3.68137e-39	1.62135e-42	1.34184e-45	3.03851e-49	1.54442e-52	2.38124e-56	1.17454e-59	5.30014e-63	
N61	8.47677e-39	4.94225e-34	1.22149e-29	1.15378e-25	2.78898e-23	4.24761e-20	1.07716e-18	5.89297e-15	7.89134e-12	5.93931e-13	4.00032e-12	4.2153e-10	4.81438e-11	1.09176e-11	1.45613e-08	4.7627e-05	0.0353661	0.941221	0.0232949	7.04905e-05	5.94418e-08	2.18646e-11	1.14583e-14	8.7697e-17	2.73993e-19	4.55912e-22	1.04753e-24	1.73152e-28	7.58429e-32	1.51015e-35	2.03424e-39	4.90119e-42	1.0433e-45	1.89145e-48	1.70664e-52	1.97088e-55	3.86833e-60	1.84285e-63	2.07711e-68	4.94754e-72	1.70658e-76	
CGA453	0	0	0	0	0	0	0	0	0	0	0	0	0	0	0	0	0	1	0	0	0	0	0	0	0	0	0	0	0	0	0	0	0	0	0	0	0	0	0	0	0	
N62	3.03681e-43	3.46392e-38	1.50698e-33	4.05936e-29	7.42365e-27	1.15875e-23	3.05976e-21	2.87354e-17	9.36786e-15	6.30157e-16	2.97991e-14	8.49153e-13	1.41802e-13	1.555e-12	5.25739e-09	4.46291e-05	0.082216	0.911807	0.00592708	4.93658e-06	1.18644e-09	1.19328e-13	2.28046e-17	4.06553e-19	2.46697e-21	4.15108e-24	1.93792e-26	1.37923e-30	5.1554e-34	3.07064e-38	1.0814e-42	4.22637e-45	9.33994e-49	3.18847e-51	3.01097e-55	6.39488e-58	3.97723e-63	2.13205e-66	7.81106e-72	1.47517e-75	3.41148e-80	
CGA501	0	0	0	0	0	0	0	0	0	0	0	0	0	0	0	0	0	1	0	0	0	0	0	0	0	0	0	0	0	0	0	0	0	0	0	0	0	0	0	0	0	
C3121	0	0	0	0	0	0	0	0	0	0	0	0	0	0	0	0	1	0	0	0	0	0	0	0	0	0	0	0	0	0	0	0	0	0	0	0	0	0	0	0	0	
N63	4.50604e-41	8.09991e-36	5.11404e-31	4.62133e-27	8.82244e-25	4.67626e-21	9.49998e-21	2.01517e-16	1.8685e-12	2.35345e-14	3.14926e-14	1.38903e-10	5.34891e-12	4.88614e-14	1.06664e-11	2.11772e-07	0.00125482	0.994823	0.00392009	2.04926e-06	3.16739e-10	2.26636e-14	3.47069e-18	3.43978e-21	1.2935e-24	3.19422e-28	7.16641e-32	1.89159e-36	8.50067e-41	2.82642e-45	7.1959e-50	1.19099e-53	3.06262e-58	2.67809e-62	2.75851e-67	1.05055e-71	1.8195e-77	1.81532e-82	1.03586e-88	3.00519e-94	1.77155e-100	
Calparcri	0	0	0	0	0	0	0	0	0	0	0	0	0	0	0	0	0	1	0	0	0	0	0	0	0	0	0	0	0	0	0	0	0	0	0	0	0	0	0	0	0	
C3118	0	0	0	0	0	0	0	0	0	0	0	0	0	0	0	0	0	1	0	0	0	0	0	0	0	0	0	0	0	0	0	0	0	0	0	0	0	0	0	0	0	
N64	1.80061e-39	8.53201e-36	1.1504e-32	3.54433e-29	2.14414e-26	3.99894e-23	1.51011e-19	9.41953e-16	5.45264e-14	7.88895e-13	1.64972e-11	1.48974e-09	4.20704e-08	9.90972e-07	0.000170251	0.0326407	0.524016	0.42997	0.0131531	4.89407e-05	6.93144e-08	2.65412e-10	2.33264e-12	1.76471e-13	1.13384e-15	3.34311e-18	1.06558e-20	1.87228e-24	4.87382e-27	3.3695e-29	2.55243e-31	5.20005e-31	2.09835e-33	3.37671e-33	3.70753e-36	3.80479e-36	1.62178e-39	5.14527e-40	1.68705e-43	1.41149e-44	1.59024e-46	
N65	1.74269e-37	2.95699e-33	2.97737e-29	1.55291e-25	1.96828e-22	3.75857e-20	4.88989e-18	1.10487e-14	1.05518e-11	1.15316e-10	7.3007e-10	4.2118e-08	4.82408e-07	1.17018e-06	3.52356e-05	0.0057247	0.217786	0.638307	0.133451	0.00462974	6.08147e-05	3.39012e-06	2.80742e-07	2.34637e-08	3.51663e-10	4.01603e-12	1.99701e-14	3.30386e-17	1.26091e-19	2.39102e-21	7.49826e-24	1.03347e-25	1.14398e-28	8.879e-31	2.54257e-34	8.00406e-37	1.1679e-40	1.56176e-43	1.81018e-47	2.27384e-50	6.1726e-53	
N66	6.59098e-33	4.3799e-29	1.92656e-25	1.77312e-22	1.26506e-19	4.69466e-17	1.13018e-15	3.40917e-13	5.98622e-11	1.2919e-09	3.18087e-08	2.8169e-06	1.78159e-05	2.43065e-05	0.000213091	0.011355	0.226797	0.649795	0.108749	0.00302079	2.51515e-05	1.12501e-07	1.07311e-09	3.81353e-11	5.43463e-13	5.19135e-15	4.37818e-17	6.41832e-20	1.66245e-22	4.0999e-25	7.01262e-28	7.12387e-30	1.11298e-32	6.97797e-35	4.15311e-38	1.56547e-40	3.5827e-44	6.88201e-47	9.08547e-51	1.00806e-53	3.90517e-57	
N67	4.40571e-32	3.15623e-28	1.47325e-24	2.39313e-21	1.71021e-18	5.7161e-16	1.41527e-14	3.00962e-12	4.3632e-10	1.11701e-08	2.9087e-07	3.66703e-05	0.000256146	0.000391081	0.00316689	0.0577169	0.373172	0.526606	0.0382027	0.000449828	1.63129e-06	2.60576e-09	3.74058e-12	8.07644e-14	1.28223e-15	1.12576e-17	1.42121e-19	1.85687e-22	5.03912e-25	6.07793e-28	3.19807e-31	3.49254e-33	4.85519e-36	5.27161e-38	3.24708e-41	2.33508e-43	3.94845e-47	1.50933e-49	1.32038e-53	2.47427e-56	4.98436e-60	
N68	5.59086e-35	1.10935e-30	1.22538e-26	5.85049e-23	3.18097e-20	1.29216e-17	6.88873e-16	2.237e-12	2.85255e-09	3.50243e-09	6.59168e-09	6.62995e-07	8.61267e-07	1.74763e-07	7.24722e-06	0.00164796	0.0994727	0.800996	0.0962304	0.00162009	2.31615e-05	5.24128e-07	1.0273e-08	1.84777e-10	6.53102e-13	3.767e-15	9.84398e-18	4.27968e-20	5.68027e-23	4.45707e-25	2.86888e-28	1.47659e-30	4.65952e-34	1.46356e-36	2.28811e-40	4.04915e-43	3.37272e-47	2.86457e-50	1.8625e-54	1.41902e-57	1.90905e-60	
Triowe	0	0	0	0	0	0	0	0	0	0	0	0	0	0	0	0	0	1	0	0	0	0	0	0	0	0	0	0	0	0	0	0	0	0	0	0	0	0	0	0	0	
N69	4.70951e-35	4.50977e-31	2.99257e-27	1.05277e-23	4.94887e-21	1.85592e-18	4.16112e-16	4.04813e-13	1.17442e-10	1.91779e-10	5.20443e-10	2.02934e-08	2.17575e-08	1.42676e-08	1.55338e-06	0.000635131	0.068715	0.824101	0.104749	0.0017855	1.26651e-05	9.72662e-08	1.06374e-09	6.80484e-11	1.55445e-12	2.08874e-14	3.62573e-16	3.85529e-19	1.85689e-21	7.11699e-24	1.24705e-26	6.26936e-28	5.86326e-31	2.08935e-32	6.41441e-36	1.46882e-37	1.40472e-41	1.18914e-43	7.40626e-48	2.81915e-50	1.46697e-53	
Trijoh	0	0	0	0	0	0	0	0	0	0	0	0	0	0	0	0	0	1	0	0	0	0	0	0	0	0	0	0	0	0	0	0	0	0	0	0	0	0	0	0	0	
Trimel	0	0	0	0	0	0	0	0	0	0	0	0	0	0	0	0	0	1	0	0	0	0	0	0	0	0	0	0	0	0	0	0	0	0	0	0	0	0	0	0	0	
N70	6.50615e-30	6.53455e-26	4.7009e-22	1.29421e-19	3.35798e-16	8.70879e-13	1.27516e-12	1.3909e-10	7.89812e-10	6.76248e-07	0.000938454	0.295955	0.5142	0.169545	0.0185242	0.000821448	1.56326e-05	1.19057e-07	2.72794e-10	2.29018e-13	9.2479e-17	2.15272e-20	4.99279e-24	8.88387e-27	1.50283e-29	2.08853e-32	2.69568e-35	8.15959e-39	3.23782e-42	8.78814e-46	1.36558e-49	1.52254e-52	5.08524e-56	5.32208e-59	1.17783e-62	7.33142e-66	5.70415e-70	2.02832e-73	8.01291e-78	1.63812e-81	1.07661e-85	
N71	4.29623e-31	4.90986e-27	3.59846e-23	2.65741e-20	9.02143e-17	2.40273e-13	1.19722e-12	1.67893e-10	2.17812e-09	2.40911e-06	0.0028089	0.545456	0.406997	0.0434917	0.00123211	1.19335e-05	4.39855e-08	6.27662e-11	3.52741e-14	2.00369e-17	1.10463e-19	1.63782e-22	3.5646e-25	8.92729e-28	3.30722e-31	1.79411e-33	4.43411e-37	3.28429e-39	3.61796e-43	2.40748e-45	1.47457e-49	6.66445e-52	2.45617e-56	7.07248e-59	1.65734e-63	2.74471e-66	4.31403e-71	3.49768e-74	1.63257e-78	7.17469e-82	1.64946e-84	
Trihoe	0	0	0	0	0	0	0	0	0	0	0	1	0	0	0	0	0	0	0	0	0	0	0	0	0	0	0	0	0	0	0	0	0	0	0	0	0	0	0	0	0	
Tribit	0	0	0	0	0	0	0	0	0	0	0	1	0	0	0	0	0	0	0	0	0	0	0	0	0	0	0	0	0	0	0	0	0	0	0	0	0	0	0	0	0	
Trijac	0	0	0	0	0	0	0	0	0	0	0	1	0	0	0	0	0	0	0	0	0	0	0	0	0	0	0	0	0	0	0	0	0	0	0	0	0	0	0	0	0	
N72	7.24647e-33	5.66915e-29	2.70241e-25	6.09893e-22	1.45016e-19	3.3694e-17	1.52688e-15	2.04246e-12	1.07994e-09	8.81364e-10	1.3151e-09	8.71046e-08	1.00501e-07	3.04868e-08	1.67209e-06	0.000544911	0.0541088	0.784096	0.156696	0.00451321	3.89844e-05	2.27161e-07	3.83974e-09	1.05352e-10	9.46633e-13	6.83356e-15	3.51469e-17	5.43791e-20	1.12267e-22	4.77694e-25	8.53225e-28	4.85188e-30	5.61317e-33	1.91765e-35	1.00454e-38	2.02321e-41	4.61213e-45	4.79379e-48	6.67374e-52	5.01406e-55	2.61652e-58	
Tricri	0	0	0	0	0	0	0	0	0	0	0	0	0	0	0	0	0	1	0	0	0	0	0	0	0	0	0	0	0	0	0	0	0	0	0	0	0	0	0	0	0	
N73	7.61698e-35	6.32324e-31	3.40238e-27	9.39836e-24	2.79652e-21	8.1097e-19	9.33655e-17	7.9268e-14	2.08374e-11	1.61188e-11	3.11255e-11	1.57109e-09	1.89519e-09	1.77434e-09	2.67511e-07	0.000173787	0.0334678	0.829362	0.134286	0.00269541	1.47366e-05	3.49217e-08	1.21247e-10	6.2462e-12	1.36033e-13	1.50021e-15	2.47068e-17	3.06287e-20	1.05714e-22	1.54907e-25	1.36568e-28	2.79471e-30	3.82344e-33	6.22237e-35	3.27253e-38	3.53401e-40	4.80724e-44	2.38806e-46	1.85682e-50	4.45008e-53	1.08036e-56	
Triwie	0	0	0	0	0	0	0	0	0	0	0	0	0	0	0	0	0	1	0	0	0	0	0	0	0	0	0	0	0	0	0	0	0	0	0	0	0	0	0	0	0	
Triqua	0	0	0	0	0	0	0	0	0	0	0	0	0	0	0	0	0	1	0	0	0	0	0	0	0	0	0	0	0	0	0	0	0	0	0	0	0	0	0	0	0	
N74	1.79515e-32	2.95397e-29	4.65421e-26	4.38129e-23	1.22698e-20	1.58905e-18	2.98343e-16	1.0189e-13	1.57018e-11	2.04464e-10	1.20677e-09	1.97593e-08	1.85611e-07	1.24635e-06	5.74306e-05	0.00504482	0.149377	0.603271	0.224378	0.0174027	0.000455925	9.77998e-06	1.24373e-06	4.76195e-07	4.36876e-08	2.32144e-09	1.04525e-10	5.72393e-13	8.91294e-15	2.01713e-16	2.60503e-18	2.55195e-19	1.92504e-21	1.16789e-22	2.38083e-25	8.21857e-27	6.56513e-30	9.28806e-32	4.80179e-35	3.75352e-37	1.47506e-39	
N75	1.64079e-30	3.0296e-27	4.66293e-24	4.2147e-21	6.33588e-19	8.0728e-17	8.72547e-15	4.15799e-12	8.26614e-10	1.90608e-09	5.2106e-09	1.53149e-07	3.06203e-07	2.77596e-07	1.18598e-05	0.00161318	0.076867	0.68354	0.22377	0.0139077	0.000287096	3.00705e-06	4.72965e-08	2.04348e-09	4.29597e-11	7.35108e-13	9.41916e-15	4.09374e-17	2.10094e-19	1.46434e-21	5.92533e-24	7.17314e-26	2.49601e-28	1.94191e-30	3.65352e-33	1.74239e-35	1.55061e-38	4.38353e-41	2.37316e-44	4.87614e-47	5.40359e-50	
Kinboe	0	0	0	0	0	0	0	0	0	0	0	0	0	0	0	0	0	1	0	0	0	0	0	0	0	0	0	0	0	0	0	0	0	0	0	0	0	0	0	0	0	
Kinfis	0	0	0	0	0	0	0	0	0	0	0	0	0	0	0	0	0	1	0	0	0	0	0	0	0	0	0	0	0	0	0	0	0	0	0	0	0	0	0	0	0	
Kinxen	0	0	0	0	0	0	0	0	0	0	0	0	0	0	0	0	0	1	0	0	0	0	0	0	0	0	0	0	0	0	0	0	0	0	0	0	0	0	0	0	0	
N76	4.28487e-36	4.39977e-33	3.13637e-30	2.3088e-27	1.01931e-25	1.04235e-22	1.46014e-19	1.63185e-16	1.34697e-14	4.19839e-13	3.80382e-11	2.0621e-09	6.17555e-08	8.67489e-06	0.00165382	0.0815725	0.569132	0.33786	0.00970444	6.81546e-05	2.10871e-07	3.43759e-10	2.10658e-12	6.81992e-13	6.03945e-14	1.51549e-15	4.12477e-16	2.97732e-18	1.22984e-19	3.4712e-22	7.67325e-25	3.05377e-25	1.19568e-27	2.23166e-28	1.02253e-31	9.32664e-33	4.60229e-37	1.02653e-38	2.36575e-43	1.07587e-45	1.27707e-48	
N77	8.26995e-27	8.11258e-24	8.39911e-21	3.70742e-18	1.72207e-15	4.15761e-13	8.84557e-12	2.28945e-10	1.10129e-08	1.77585e-06	0.00024459	0.0121874	0.113885	0.322526	0.352437	0.164047	0.0322974	0.00233076	4.22911e-05	3.23774e-07	1.32192e-09	3.87575e-12	3.83129e-14	1.83986e-15	3.87524e-17	6.4101e-19	9.67522e-21	2.74744e-23	1.29485e-25	7.1023e-28	3.18921e-30	7.22675e-32	3.52078e-34	5.23041e-36	1.30908e-38	1.21706e-40	9.94481e-44	4.36888e-46	2.20654e-49	6.89125e-52	1.18844e-54	
N78	3.88425e-28	5.60139e-24	5.02816e-20	9.4397e-18	2.37061e-14	5.60793e-11	6.09327e-11	2.5306e-09	1.13438e-08	4.92901e-06	0.00322684	0.409904	0.494998	0.0875949	0.00420103	6.996e-05	4.51399e-07	1.18361e-09	1.34139e-12	7.9722e-16	4.81335e-19	5.04073e-22	7.64134e-25	1.15872e-27	6.19236e-31	4.97444e-34	2.34461e-37	1.55854e-40	5.09057e-44	4.60936e-47	9.51609e-51	6.18035e-54	7.6244e-58	3.30154e-61	2.34264e-65	6.5798e-69	2.71659e-73	4.7841e-77	1.57794e-81	3.02921e-85	6.93816e-89	
N79	3.70898e-31	1.5156e-26	3.77634e-22	8.91854e-20	5.83152e-16	5.27299e-12	3.28358e-12	7.53754e-10	1.57508e-09	1.58036e-06	0.00290468	0.782713	0.209558	0.00480164	2.14184e-05	2.82446e-08	1.50495e-11	1.24211e-14	1.55195e-17	2.10299e-20	2.17599e-23	7.59028e-27	3.61213e-30	5.49456e-33	8.65714e-37	1.2802e-39	7.66771e-44	6.35294e-47	1.86175e-51	8.40965e-55	1.44962e-59	3.61058e-63	4.21563e-68	6.11187e-72	8.66487e-77	2.55221e-80	3.70018e-85	9.17613e-89	8.66362e-93	6.21379e-97	1.25552e-100	
N80	2.15208e-30	2.32212e-26	1.53802e-22	1.06424e-19	2.78483e-16	5.60509e-13	2.96613e-12	3.82769e-10	5.90534e-09	6.15354e-06	0.00607858	0.846886	0.145194	0.00182996	4.75686e-06	4.66639e-09	1.50616e-11	8.0578e-13	1.78456e-15	7.76442e-18	9.60141e-21	3.41476e-23	5.86332e-26	1.39601e-27	2.03555e-31	2.38732e-33	1.36052e-37	5.62577e-40	1.96454e-44	3.37612e-47	8.58752e-52	8.40522e-55	1.02192e-58	7.95443e-62	4.08487e-65	2.86123e-67	5.8418e-72	1.1231e-74	6.86712e-78	1.75538e-81	2.77364e-84	
Chaafr	0	0	0	0	0	0	0	0	0	0	0	1	0	0	0	0	0	0	0	0	0	0	0	0	0	0	0	0	0	0	0	0	0	0	0	0	0	0	0	0	0	
Chacha	0	0	0	0	0	0	0	0	0	0	0	1	0	0	0	0	0	0	0	0	0	0	0	0	0	0	0	0	0	0	0	0	0	0	0	0	0	0	0	0	0	
N81	3.37127e-30	3.91319e-26	2.98873e-22	1.97011e-19	7.01944e-16	1.95001e-12	6.72279e-12	8.69615e-10	6.97494e-09	6.40073e-06	0.00630605	0.87748	0.115059	0.0011464	2.50708e-06	2.2529e-09	7.4006e-12	2.27625e-13	3.95518e-16	1.26307e-18	1.22492e-21	3.90446e-24	5.65837e-27	7.1953e-29	1.10834e-32	6.88974e-35	4.14426e-39	9.12169e-42	3.32231e-46	3.31274e-49	8.53587e-54	5.62791e-57	7.22729e-61	4.61945e-64	1.90608e-67	7.06555e-70	1.56192e-74	1.71186e-77	7.29682e-81	1.58297e-84	1.71461e-87	
Chacaly	0	0	0	0	0	0	0	0	0	0	0	1	0	0	0	0	0	0	0	0	0	0	0	0	0	0	0	0	0	0	0	0	0	0	0	0	0	0	0	0	0	
Chazey	0	0	0	0	0	0	0	0	0	0	0	1	0	0	0	0	0	0	0	0	0	0	0	0	0	0	0	0	0	0	0	0	0	0	0	0	0	0	0	0	0	
N82	3.60311e-27	1.13752e-23	2.63333e-20	1.57874e-17	1.12947e-14	3.54352e-12	2.79964e-11	1.2369e-09	6.11809e-08	2.83432e-05	0.00893867	0.486541	0.44893	0.0539681	0.00157896	1.51381e-05	5.8223e-08	4.02471e-10	4.43839e-12	6.52878e-14	7.86469e-16	2.54709e-18	1.46542e-20	5.18773e-22	4.11785e-25	1.89787e-26	6.155e-30	1.67102e-31	2.93111e-35	4.55267e-37	5.12003e-41	4.42098e-43	3.64122e-47	1.69758e-49	1.69148e-53	1.58458e-55	1.45151e-59	1.23006e-61	2.60728e-64	2.47924e-67	1.50384e-69	
Chadil	0	0	0	0	0	0	0	0	0	0	0	1	0	0	0	0	0	0	0	0	0	0	0	0	0	0	0	0	0	0	0	0	0	0	0	0	0	0	0	0	0	
Chasen	0	0	0	0	0	0	0	0	0	0	0	1	0	0	0	0	0	0	0	0	0	0	0	0	0	0	0	0	0	0	0	0	0	0	0	0	0	0	0	0	0	
Chanam	0	0	0	0	0	0	0	0	0	0	0	1	0	0	0	0	0	0	0	0	0	0	0	0	0	0	0	0	0	0	0	0	0	0	0	0	0	0	0	0	0	
N83	2.08541e-30	7.22256e-29	3.25115e-27	1.02366e-25	1.43817e-24	2.68469e-22	2.09238e-19	1.09101e-16	1.15295e-14	7.16235e-13	4.60829e-11	1.71521e-09	7.93951e-08	1.21784e-05	0.00199321	0.087973	0.568374	0.329637	0.011822	0.000185026	1.70581e-06	4.65848e-07	1.72753e-07	4.18692e-07	9.90036e-08	2.59268e-08	2.54087e-08	7.64004e-10	3.58482e-10	4.31181e-10	1.8496e-11	2.23315e-10	1.95112e-12	1.09884e-11	1.55199e-14	3.73479e-14	1.39249e-17	4.16099e-18	1.14104e-21	6.68462e-23	2.37759e-24	
Riebrev	0	0	0	0	0	0	0	0	0	0	0	0	0	0	0	0	0	0	0	0	0	0	0	0	0	0	0	0	0	0	1	0	0	0	0	0	0	0	0	0	0	
N84	3.24396e-34	8.34777e-30	7.16137e-26	8.14151e-22	8.99617e-21	2.68629e-18	8.34732e-16	3.92302e-12	1.97839e-10	2.79679e-11	1.61927e-08	8.09434e-09	2.85289e-10	6.25572e-09	1.17619e-05	0.00778526	0.949337	0.0425509	0.000313927	7.37546e-07	8.90474e-10	1.04098e-12	1.72666e-15	2.61277e-18	1.90999e-21	1.26861e-24	5.86464e-28	2.65188e-31	1.12624e-34	5.4533e-38	1.6014e-41	4.2264e-45	1.43422e-47	5.42725e-48	6.14999e-50	8.62801e-51	6.57914e-53	6.42027e-55	4.80636e-57	2.07537e-57	6.10655e-56	
N85	9.04283e-45	4.89351e-39	3.27785e-34	5.86966e-29	2.04835e-27	5.46281e-24	4.9959e-21	1.75405e-16	2.00427e-14	7.88542e-16	4.07634e-12	8.52624e-13	1.19479e-14	1.49004e-12	6.4076e-08	0.000756253	0.98581	0.0134204	1.3222e-05	2.75772e-09	2.02592e-13	2.19135e-17	1.89108e-20	7.09827e-23	3.97207e-26	4.16323e-29	6.90745e-31	1.86325e-33	3.89759e-35	1.81994e-36	2.74332e-38	1.07331e-38	7.96986e-41	2.37406e-41	2.03371e-44	2.46148e-45	1.36751e-48	7.74841e-50	4.0396e-53	1.15707e-54	1.76799e-56	
N86	2.10451e-41	7.33215e-38	8.07194e-35	1.31766e-31	1.05278e-30	3.54851e-27	1.37068e-23	4.05522e-19	4.86475e-17	5.14248e-18	1.64136e-14	3.47063e-15	6.87691e-16	7.27334e-13	3.9417e-08	0.000597501	0.988451	0.0109438	7.36649e-06	1.00664e-09	4.64472e-14	2.33067e-17	1.14797e-19	7.04846e-21	6.32403e-23	5.28902e-26	8.20017e-30	8.55612e-35	2.57104e-38	7.08855e-42	1.48467e-45	2.55036e-47	3.72401e-48	5.9461e-47	1.46188e-50	5.47029e-50	1.08834e-53	1.07589e-54	4.77569e-58	4.08002e-58	2.02912e-56	
Braset	0	0	0	0	0	0	0	0	0	0	0	0	0	0	0	0	1	0	0	0	0	0	0	0	0	0	0	0	0	0	0	0	0	0	0	0	0	0	0	0	0	
N87	2.12309e-49	4.03604e-44	2.56521e-39	1.71663e-34	1.50577e-32	2.05796e-29	4.75924e-26	6.13838e-22	6.84412e-20	1.39268e-19	1.14635e-15	1.10648e-14	1.05634e-14	7.34943e-12	1.656e-07	0.0011369	0.990828	0.00802945	5.97178e-06	1.14298e-09	8.88566e-14	1.75425e-16	1.33374e-18	4.47437e-20	3.33165e-22	3.24631e-25	4.46611e-29	8.33979e-34	1.87195e-37	2.1631e-40	8.32497e-44	7.58113e-46	1.78362e-49	8.93516e-52	4.57443e-57	3.24847e-60	1.10242e-65	2.28248e-69	2.45785e-74	1.42419e-78	2.13293e-81	
N88	1.30651e-51	1.44453e-45	2.06279e-40	1.00109e-34	5.11933e-33	8.10232e-30	5.05485e-26	7.32531e-21	1.41419e-18	1.61736e-18	8.31196e-14	2.79855e-14	7.8431e-16	2.62742e-13	1.81849e-08	0.000377815	0.998416	0.00120615	1.82018e-07	8.06601e-12	1.8336e-16	5.91393e-20	4.04664e-23	4.6021e-26	1.28791e-29	1.11347e-33	1.71975e-38	7.5428e-44	1.49901e-48	2.80549e-52	7.82168e-57	1.5256e-60	2.30483e-65	1.77593e-69	1.19967e-75	1.05294e-80	2.69734e-87	8.34992e-93	2.04616e-99	1.5968e-105	2.42602e-111	
Bramel	0	0	0	0	0	0	0	0	0	0	0	0	0	0	0	0	1	0	0	0	0	0	0	0	0	0	0	0	0	0	0	0	0	0	0	0	0	0	0	0	0	
Bratha	0	0	0	0	0	0	0	0	0	0	0	0	0	0	0	0	1	0	0	0	0	0	0	0	0	0	0	0	0	0	0	0	0	0	0	0	0	0	0	0	0	
N89	1.46827e-50	5.23639e-45	5.28343e-40	8.1407e-35	8.06189e-33	1.65864e-29	1.02324e-25	5.92768e-21	1.60918e-18	3.8125e-18	4.41818e-14	9.60251e-14	2.00896e-14	8.73744e-12	1.86782e-07	0.00120895	0.994463	0.00432545	2.27526e-06	3.44144e-10	2.50017e-14	3.85543e-17	1.3338e-19	1.05943e-21	2.014e-24	9.18613e-28	6.24753e-32	1.03385e-36	1.1061e-40	1.28153e-43	2.40332e-47	5.04175e-50	6.06175e-54	6.52259e-57	3.18226e-62	4.59918e-66	1.36573e-71	9.94082e-76	7.54471e-81	2.80169e-85	1.19981e-88	
Bradra	0	0	0	0	0	0	0	0	0	0	0	0	0	0	0	0	1	0	0	0	0	0	0	0	0	0	0	0	0	0	0	0	0	0	0	0	0	0	0	0	0	
Bratra	0	0	0	0	0	0	0	0	0	0	0	0	0	0	0	0	1	0	0	0	0	0	0	0	0	0	0	0	0	0	0	0	0	0	0	0	0	0	0	0	0	
N90	4.6469e-45	4.79528e-40	1.39858e-35	5.60147e-31	1.56286e-29	8.83273e-27	1.69953e-23	3.81809e-19	5.68354e-17	8.66632e-17	5.7235e-13	9.01534e-13	1.39253e-13	3.96737e-11	5.07768e-07	0.00197777	0.991215	0.00680114	5.8001e-06	1.44062e-09	1.76321e-13	2.41266e-16	8.57438e-19	5.01104e-21	7.48533e-24	3.67812e-27	3.80277e-31	1.11377e-35	1.43891e-39	1.66914e-42	3.51042e-46	5.39513e-49	7.57395e-53	5.71498e-56	5.03727e-61	6.8508e-65	3.46311e-70	2.63285e-74	2.17422e-79	1.23846e-83	3.79742e-87	
Bragut	0	0	0	0	0	0	0	0	0	0	0	0	0	0	0	0	1	0	0	0	0	0	0	0	0	0	0	0	0	0	0	0	0	0	0	0	0	0	0	0	0	
Braven	0	0	0	0	0	0	0	0	0	0	0	0	0	0	0	0	1	0	0	0	0	0	0	0	0	0	0	0	0	0	0	0	0	0	0	0	0	0	0	0	0	
N91	2.75206e-38	8.8236e-34	1.21321e-29	1.46336e-25	5.62918e-24	2.20955e-21	1.86565e-18	5.26687e-15	1.88038e-13	9.99332e-14	2.49287e-11	1.62124e-11	6.87862e-12	1.6041e-09	5.81213e-06	0.00652441	0.965144	0.0282242	0.000101665	1.04328e-07	4.74187e-11	1.10178e-13	1.13422e-15	2.19702e-17	1.00859e-19	1.73208e-22	8.708e-26	1.00335e-29	5.14636e-33	1.49973e-35	1.03429e-38	5.76547e-41	2.30145e-44	7.30363e-47	2.48517e-51	2.08029e-54	4.33631e-59	1.79346e-62	4.08749e-67	1.09394e-70	9.66726e-74	
Brapum	0	0	0	0	0	0	0	0	0	0	0	0	0	0	0	0	1	0	0	0	0	0	0	0	0	0	0	0	0	0	0	0	0	0	0	0	0	0	0	0	0	
Bradam	0	0	0	0	0	0	0	0	0	0	0	0	0	0	0	0	1	0	0	0	0	0	0	0	0	0	0	0	0	0	0	0	0	0	0	0	0	0	0	0	0	
