NODE	1	2	3	4	5	6	7	8	9	10	11	12	13	14	15	16	17	18	19	20	21	22	23	24	25	26	27	28	29	30	31	32	33	34	35	36	37	38	39	40	41	
N1	3.93393e-76	7.53853e-52	1.61349e-46	7.19803e-42	1.17242e-37	8.67356e-34	3.24944e-30	6.52948e-27	7.23119e-24	4.438e-21	1.48982e-18	2.65005e-16	2.36812e-14	9.8103e-13	1.67763e-11	1.00837e-10	1.7863e-10	1	2.15589e-11	2.13551e-12	1.12687e-13	3.54844e-15	7.26117e-17	1.03005e-18	1.06485e-20	8.34476e-23	5.1167e-25	2.51924e-27	1.01763e-29	3.43411e-32	9.83159e-35	2.41974e-37	5.1789e-40	9.73616e-43	1.62204e-45	2.41357e-48	3.23011e-51	3.91247e-54	4.31328e-57	4.35077e-60	4.44167e-63	
N2	4.00403e-79	2.88059e-54	2.98592e-48	6.58822e-43	5.31296e-38	1.92931e-33	3.50909e-29	3.39438e-25	1.80525e-21	5.3583e-18	8.88005e-15	8.11206e-12	3.97715e-09	1.00224e-06	0.000121605	0.00643327	0.126356	0.671445	0.180384	0.0147264	0.000522449	9.74653e-06	1.08103e-07	7.7699e-10	3.85715e-12	1.3888e-14	3.76982e-17	7.95898e-20	1.34087e-22	1.84166e-25	2.09979e-28	2.01837e-31	1.65759e-34	1.17662e-37	7.29286e-41	3.98245e-44	1.9313e-47	8.37712e-51	3.27249e-54	1.17242e-57	5.52435e-61	
N3	1.35215e-86	6.21369e-61	3.17308e-54	3.19371e-48	1.10863e-42	1.64936e-37	1.17137e-32	4.20244e-28	7.82083e-24	7.58955e-20	3.79201e-16	9.46208e-13	1.12093e-09	5.84198e-07	0.000119859	0.00824045	0.150628	0.535289	0.273693	0.030891	0.00112195	1.69835e-05	1.27918e-07	5.43354e-10	1.42669e-12	2.48197e-15	3.01919e-18	2.68056e-21	1.79843e-24	9.38293e-28	3.89914e-31	1.31703e-34	3.67929e-38	8.62951e-42	1.72162e-45	2.9553e-49	4.40935e-53	5.76988e-57	6.67529e-61	6.88286e-65	7.739e-69	
N4	7.26112e-85	2.73951e-59	1.18727e-52	1.00237e-46	2.88249e-41	3.50562e-36	2.00659e-31	5.71554e-27	8.31275e-23	6.20222e-19	2.34365e-15	4.35392e-12	3.78923e-09	1.43934e-06	0.000215873	0.0111089	0.161306	0.509299	0.278949	0.0373787	0.00170743	3.35098e-05	3.32071e-07	1.86667e-09	6.49141e-12	1.49256e-14	2.39087e-17	2.78254e-20	2.43493e-23	1.64837e-26	8.84186e-30	3.83522e-33	1.36895e-36	4.08242e-40	1.03068e-43	2.22876e-47	4.17067e-51	6.816e-55	9.80904e-59	1.25715e-62	1.85214e-66	
B3088	0	0	0	0	0	0	0	0	0	0	0	0	0	0	0	0	0	1	0	0	0	0	0	0	0	0	0	0	0	0	0	0	0	0	0	0	0	0	0	0	0	
N5	2.21008e-77	1.83222e-52	1.91673e-46	4.02823e-41	2.98226e-36	9.68974e-32	1.54368e-27	1.28083e-23	5.7106e-20	1.38356e-16	1.81263e-13	1.25866e-10	4.46687e-08	7.66018e-06	0.000584794	0.0176576	0.177964	0.475117	0.278096	0.0473236	0.00314657	0.000100468	1.77615e-06	1.92466e-08	1.37831e-10	6.90917e-13	2.53606e-15	7.06699e-18	1.53975e-20	2.68798e-23	3.83782e-26	4.56052e-29	4.57862e-32	3.93458e-35	2.92713e-38	1.90419e-41	1.09283e-44	5.57685e-48	2.54875e-51	1.05557e-54	5.60611e-58	
BGA709	0	0	0	0	0	0	0	0	0	0	0	0	0	0	0	0	0	1	0	0	0	0	0	0	0	0	0	0	0	0	0	0	0	0	0	0	0	0	0	0	0	
BGA309	0	0	0	0	0	0	0	0	0	0	0	0	0	0	0	0	0	1	0	0	0	0	0	0	0	0	0	0	0	0	0	0	0	0	0	0	0	0	0	0	0	
N6	1.68892e-89	1.06895e-63	7.51984e-57	1.05083e-50	5.10845e-45	1.07467e-39	1.09095e-34	5.66296e-30	1.54595e-25	2.23532e-21	1.69398e-17	6.54284e-14	1.22767e-10	1.0393e-07	3.55103e-05	0.00412793	0.124101	0.601898	0.251274	0.0181658	0.000394769	3.52633e-06	1.57411e-08	4.00464e-11	6.37581e-14	6.80949e-17	5.14593e-20	2.86978e-23	1.22177e-26	4.0829e-30	1.09611e-33	2.41068e-37	4.41658e-41	6.83821e-45	9.06036e-49	1.03862e-52	1.04009e-56	9.17735e-61	7.18972e-65	5.03881e-69	3.81143e-73	
N7	1.41324e-81	2.14633e-56	3.83078e-50	1.38533e-44	1.78086e-39	1.01446e-34	2.86285e-30	4.25447e-26	3.43765e-22	1.52839e-18	3.72277e-15	4.86966e-12	3.29554e-09	1.08735e-06	0.000159744	0.00908354	0.159466	0.584483	0.225253	0.0208268	0.00071484	1.16998e-05	1.06937e-07	6.07559e-10	2.31691e-12	6.28076e-15	1.26516e-17	1.96144e-20	2.40807e-23	2.3968e-26	1.97244e-29	1.3647e-32	8.05269e-36	4.10302e-39	1.82484e-42	7.15227e-46	2.49129e-49	7.77026e-53	2.18477e-56	5.57731e-60	1.65753e-63	
B11696	0	0	0	0	0	0	0	0	0	0	0	0	0	0	0	0	0	1	0	0	0	0	0	0	0	0	0	0	0	0	0	0	0	0	0	0	0	0	0	0	0	
B11609	0	0	0	0	0	0	0	0	0	0	0	0	0	0	0	0	0	1	0	0	0	0	0	0	0	0	0	0	0	0	0	0	0	0	0	0	0	0	0	0	0	
N8	3.86859e-81	1.80779e-69	2.44624e-66	2.23669e-59	7.5077e-53	1.04825e-46	6.77677e-41	2.14354e-35	3.39759e-30	2.70144e-25	1.05704e-20	1.95516e-16	1.60086e-12	5.25028e-09	5.93103e-06	0.00182856	0.106148	0.648292	0.233258	0.0103607	0.000105782	3.65638e-07	5.47077e-10	4.17838e-13	1.82998e-16	5.00604e-20	9.12704e-24	1.16657e-27	1.08817e-31	7.65276e-36	4.16751e-40	1.79682e-44	6.2486e-49	1.78053e-53	4.21345e-58	2.5634e-62	1.19313e-62	4.37278e-63	8.16479e-64	7.28183e-65	3.12334e-66	
N9	4.67682e-97	4.30954e-73	1.8175e-65	1.49376e-58	4.11801e-52	4.73566e-46	2.5308e-40	6.64787e-35	8.80139e-30	5.8878e-25	1.95605e-20	3.10727e-16	2.217e-12	6.45415e-09	6.62632e-06	0.00191218	0.10738	0.649469	0.230898	0.0102277	0.000106341	3.83006e-07	6.09612e-10	5.04125e-13	2.4264e-16	7.3863e-20	1.51446e-23	2.19634e-27	2.34215e-31	1.8951e-35	1.19374e-39	5.98002e-44	2.42528e-48	8.08403e-53	2.2432e-57	1.03487e-61	2.03701e-62	4.55667e-63	5.43796e-64	3.21001e-65	9.3546e-67	
N10	2.68597e-84	6.32467e-59	1.73738e-52	9.63833e-47	1.89419e-41	1.64353e-36	7.03635e-32	1.57926e-27	1.91736e-23	1.27315e-19	4.59771e-16	8.83525e-13	8.68001e-10	4.09088e-07	8.38827e-05	0.00642487	0.143141	0.597595	0.233811	0.0184415	0.000495831	6.06105e-06	4.01518e-08	1.61972e-10	4.32046e-13	8.09904e-16	1.11798e-18	1.179e-21	9.7849e-25	6.54849e-28	3.60653e-31	1.66286e-34	6.51339e-38	2.19503e-41	6.43485e-45	1.65689e-48	3.77925e-52	7.69416e-56	1.40765e-59	2.33127e-63	4.42912e-67	
B985	0	0	0	0	0	0	0	0	0	0	0	0	0	0	0	0	0	1	0	0	0	0	0	0	0	0	0	0	0	0	0	0	0	0	0	0	0	0	0	0	0	
B199	0	0	0	0	0	0	0	0	0	0	0	0	0	0	0	0	0	1	0	0	0	0	0	0	0	0	0	0	0	0	0	0	0	0	0	0	0	0	0	0	0	
N11	2.86858e-84	6.65445e-59	1.78369e-52	9.67839e-47	1.86482e-41	1.59022e-36	6.70787e-32	1.4873e-27	1.78889e-23	1.18043e-19	4.25076e-16	8.17698e-13	8.07743e-10	3.84759e-07	8.02139e-05	0.00628776	0.144164	0.615913	0.217116	0.0160216	0.000411881	4.88382e-06	3.17145e-08	1.26436e-10	3.35491e-13	6.29013e-16	8.72436e-19	9.2816e-22	7.79858e-25	5.3008e-28	2.97381e-31	1.40057e-34	5.61856e-38	1.94416e-41	5.86654e-45	1.55868e-48	3.67753e-52	7.76376e-56	1.47656e-59	2.5473e-63	4.97583e-67	
BGA89	0	0	0	0	0	0	0	0	0	0	0	0	0	0	0	0	0	1	0	0	0	0	0	0	0	0	0	0	0	0	0	0	0	0	0	0	0	0	0	0	0	
BGAA2	0	0	0	0	0	0	0	0	0	0	0	0	0	0	0	0	0	1	0	0	0	0	0	0	0	0	0	0	0	0	0	0	0	0	0	0	0	0	0	0	0	
N12	3.3599e-84	7.62646e-59	1.99986e-52	1.06237e-46	2.00568e-41	1.67742e-36	6.94688e-32	1.51411e-27	1.79272e-23	1.16645e-19	4.15015e-16	7.9073e-13	7.76053e-10	3.68748e-07	7.7099e-05	0.0061063	0.142882	0.627486	0.208257	0.014814	0.00037311	4.37846e-06	2.83313e-08	1.13096e-10	3.01595e-13	5.69946e-16	7.98658e-19	8.60105e-22	7.32759e-25	5.05732e-28	2.88443e-31	1.38257e-34	5.65018e-38	1.9934e-41	6.13773e-45	1.66513e-48	4.01412e-52	8.66367e-56	1.68543e-59	2.97548e-63	5.94638e-67	
BGA304	0	0	0	0	0	0	0	0	0	0	0	0	0	0	0	0	0	1	0	0	0	0	0	0	0	0	0	0	0	0	0	0	0	0	0	0	0	0	0	0	0	
BGAB1	0	0	0	0	0	0	0	0	0	0	0	0	0	0	0	0	0	1	0	0	0	0	0	0	0	0	0	0	0	0	0	0	0	0	0	0	0	0	0	0	0	
PGA445	0	0	0	0	0	0	0	0	0	0	0	0	0	0	0	0	0	1	0	0	0	0	0	0	0	0	0	0	0	0	0	0	0	0	0	0	0	0	0	0	0	
N13	1.3191e-87	4.33593e-61	1.39837e-53	8.09062e-47	1.43938e-40	9.50965e-35	2.49579e-29	2.59726e-24	1.01165e-19	1.32886e-15	5.34446e-12	6.64237e-09	2.74119e-06	0.000391016	0.0185088	0.244314	0.587024	0.148385	0.00137087	2.76835e-06	2.07594e-09	7.54827e-13	1.55903e-16	2.02961e-20	1.79204e-24	1.13298e-28	5.34722e-33	1.94698e-37	5.61656e-42	1.31211e-46	2.5285e-51	4.08377e-56	5.60896e-61	6.64983e-66	6.93395e-71	6.54651e-76	5.87396e-81	5.36027e-86	5.25235e-91	5.49512e-96	6.60551e-101	
N14	7.47059e-63	7.86873e-38	9.53572e-32	1.80511e-26	8.98007e-22	1.39612e-17	7.19187e-14	1.22997e-10	6.77949e-08	1.16211e-05	0.000623252	0.0115401	0.0834495	0.258772	0.360942	0.224384	0.0561642	0.00406583	4.79318e-05	2.41639e-07	6.77006e-10	1.20105e-12	1.46219e-15	1.29128e-18	8.61854e-22	4.48786e-25	1.87018e-28	6.3684e-32	1.80327e-35	4.30938e-39	8.80295e-43	1.55422e-46	2.39491e-50	3.24847e-54	3.90837e-58	4.19955e-62	4.05471e-66	3.53727e-70	2.80247e-74	2.03353e-78	1.70807e-82	
Rhaspe	0	0	0	0	0	0	0	0	0	1	0	0	0	0	0	0	0	0	0	0	0	0	0	0	0	0	0	0	0	0	0	0	0	0	0	0	0	0	0	0	0	
N15	1.386e-56	1.74851e-32	3.47695e-27	1.20152e-22	1.2357e-18	4.57639e-15	6.5783e-12	3.7344e-09	8.23464e-07	6.84113e-05	0.00211804	0.0256906	0.132216	0.307408	0.332355	0.164173	0.0337133	0.0022195	3.70271e-05	2.96187e-07	1.41687e-09	4.54516e-12	1.05001e-14	1.83509e-17	2.51601e-20	2.78319e-23	2.54012e-26	1.94796e-29	1.27446e-32	7.20569e-36	3.55969e-39	1.55121e-42	6.01254e-46	2.08808e-49	6.5395e-53	1.85757e-56	4.81042e-60	1.14093e-63	2.48913e-67	5.05117e-71	1.35976e-74	
Rhamar	0	0	0	0	0	0	0	0	0	1	0	0	0	0	0	0	0	0	0	0	0	0	0	0	0	0	0	0	0	0	0	0	0	0	0	0	0	0	0	0	0	
Rhatem	0	0	0	0	0	0	0	0	0	0	1	0	0	0	0	0	0	0	0	0	0	0	0	0	0	0	0	0	0	0	0	0	0	0	0	0	0	0	0	0	0	
N16	6.49422e-78	3.82825e-66	1.66028e-62	3.57391e-55	2.47456e-48	6.55496e-42	7.26404e-36	3.47351e-30	7.10049e-25	5.93193e-20	1.86629e-15	1.96558e-11	6.04682e-08	4.70428e-05	0.00768052	0.201523	0.615834	0.171353	0.00354855	1.35503e-05	1.49869e-08	6.40009e-12	1.2842e-15	1.39164e-19	9.017e-24	3.7707e-28	1.07917e-32	2.21321e-37	3.37358e-42	3.93639e-47	3.60148e-52	2.63529e-57	1.56769e-62	7.68616e-68	3.14953e-73	4.83654e-76	1.28744e-76	1.4025e-77	5.7783e-79	8.54781e-81	4.68454e-83	
N17	3.1066e-86	4.99694e-60	8.22424e-53	2.52309e-46	2.50266e-40	9.86088e-35	1.69316e-29	1.31329e-24	4.59002e-20	6.96476e-16	4.24552e-12	9.09388e-09	5.57763e-06	0.000887807	0.0356238	0.323084	0.521849	0.114101	0.00440168	4.65964e-05	1.85787e-07	3.44942e-10	3.45039e-13	2.06378e-16	7.97524e-20	2.11277e-23	4.02006e-27	5.70353e-31	6.22135e-35	5.35177e-39	3.70908e-43	2.10905e-47	9.9939e-52	4.00012e-56	1.36839e-60	4.04229e-65	1.04059e-69	2.35322e-74	4.70869e-79	8.39144e-84	1.49746e-88	
N18	4.98775e-71	6.37285e-46	9.51706e-40	2.7058e-34	2.5432e-29	9.72006e-25	1.65896e-20	1.31128e-16	4.78232e-13	7.70955e-10	4.98887e-07	0.00010651	0.00485172	0.062988	0.278329	0.426412	0.203031	0.0234875	0.000782742	1.0772e-05	7.60529e-08	3.15847e-10	8.46893e-13	1.56813e-15	2.10941e-18	2.14448e-21	1.70053e-24	1.07928e-27	5.60096e-31	2.41983e-34	8.8381e-38	2.76514e-41	7.49613e-45	1.77858e-48	3.72618e-52	6.94724e-56	1.16079e-59	1.74906e-63	2.39024e-67	2.9887e-71	4.39193e-75	
FGA379	0	0	0	0	0	0	0	0	0	0	0	0	0	0	0	0	1	0	0	0	0	0	0	0	0	0	0	0	0	0	0	0	0	0	0	0	0	0	0	0	0	
N19	4.87119e-66	4.99333e-41	5.90784e-35	1.28907e-29	8.95204e-25	2.41427e-20	2.74722e-16	1.34784e-12	2.7811e-09	2.2391e-06	0.000606108	0.0408825	0.277867	0.426093	0.212172	0.0395165	0.00279007	7.03412e-05	7.21114e-07	3.72642e-09	1.12602e-11	2.19908e-14	2.979e-17	2.94935e-20	2.22134e-23	1.3137e-26	6.25892e-30	2.45365e-33	8.0563e-37	2.24909e-40	5.40814e-44	1.13276e-47	2.08709e-51	3.41212e-55	4.98803e-59	6.56557e-63	7.84756e-67	8.86324e-71	1.25083e-74	4.00212e-78	2.87786e-81	
N20	6.50159e-72	3.87098e-46	2.39846e-39	2.64662e-33	8.95824e-28	1.13063e-22	5.7435e-18	1.18675e-13	9.53855e-10	2.66154e-06	0.00202028	0.21201	0.544645	0.222043	0.0188206	0.000455417	3.75155e-06	1.20504e-08	1.80682e-11	1.47146e-14	7.26555e-18	2.35478e-21	5.31196e-25	8.71937e-29	1.07797e-32	1.03142e-36	7.80582e-41	4.75548e-45	2.3657e-49	9.74189e-54	7.97281e-55	1.26772e-53	8.18292e-53	2.03618e-52	1.70158e-52	3.5394e-53	9.5622e-55	3.82956e-57	1.26188e-59	3.92548e-62	1.34377e-64	
N21	7.05861e-76	1.76781e-49	4.34617e-42	1.7977e-35	2.13629e-29	8.75634e-24	1.31206e-18	7.06551e-14	1.25233e-09	6.06811e-06	0.00555464	0.41546	0.508109	0.0692311	0.00162978	9.29591e-06	1.62873e-08	1.07954e-11	3.33061e-15	5.58657e-19	5.68516e-23	3.79791e-27	1.76552e-31	5.96988e-36	1.51975e-40	2.99296e-45	4.66015e-50	5.83847e-55	5.97031e-60	5.22223e-65	1.46218e-65	4.79512e-65	9.79396e-65	1.3074e-61	1.15613e-58	1.6819e-56	2.21749e-55	1.74354e-55	4.90722e-56	6.0708e-57	4.9122e-58	
F3016	0	0	0	0	0	0	0	0	0	0	1	0	0	0	0	0	0	0	0	0	0	0	0	0	0	0	0	0	0	0	0	0	0	0	0	0	0	0	0	0	0	
N22	3.45212e-76	9.93435e-50	2.78387e-42	1.30977e-35	1.76581e-29	8.17953e-24	1.37624e-18	8.22873e-14	1.58676e-09	8.05956e-06	0.00724875	0.506223	0.45258	0.0335821	0.000357152	8.39998e-07	6.1966e-10	1.89968e-13	2.9613e-17	2.68764e-21	1.55923e-25	6.18252e-30	1.76054e-34	3.73835e-39	6.09404e-44	7.80265e-49	7.99014e-54	6.63906e-59	4.52786e-64	2.55785e-69	6.15779e-74	9.24323e-71	3.27098e-66	2.76315e-62	4.63673e-59	1.06367e-56	1.45286e-55	5.27099e-56	6.23229e-57	4.18809e-58	2.51491e-59	
N23	1.26064e-75	2.53681e-49	5.04345e-42	1.74366e-35	1.79594e-29	6.6453e-24	9.41795e-19	5.06559e-14	9.56726e-10	5.33473e-06	0.0061159	0.576345	0.400185	0.0172518	9.70328e-05	1.36898e-07	7.38268e-11	1.94518e-14	2.91897e-18	2.76466e-22	1.77703e-26	8.17561e-31	2.80293e-35	7.38775e-40	1.53422e-44	2.56005e-49	3.48695e-54	3.92663e-59	3.69361e-64	2.92648e-69	3.31012e-74	7.85183e-75	2.20937e-75	2.78805e-76	1.3747e-77	2.05672e-79	6.18878e-82	5.72918e-85	2.49383e-88	7.95652e-92	2.50479e-95	
N24	2.5888e-65	1.22143e-52	1.85431e-48	6.1504e-41	5.91711e-34	1.90636e-27	2.18063e-21	8.65132e-16	1.06681e-10	3.19319e-06	0.0131538	0.806513	0.179222	0.00110717	6.68054e-07	1.00338e-10	5.79256e-15	1.6292e-19	2.58037e-24	2.53148e-29	1.64316e-34	7.39648e-40	3.94555e-45	4.2718e-47	7.75732e-50	3.1259e-53	8.81726e-57	2.18589e-60	4.87437e-64	9.84086e-68	1.80805e-71	3.03614e-75	4.67658e-79	6.6272e-83	8.66429e-87	1.0936e-90	3.73675e-94	6.55862e-97	9.71792e-100	1.01752e-102	8.9604e-106	
N25	1.23439e-75	8.38581e-53	3.38155e-45	4.87106e-38	1.91779e-31	2.5036e-25	1.15546e-19	1.85171e-14	9.29655e-10	1.15048e-05	0.0201427	0.811524	0.167291	0.00103043	7.60172e-07	1.63182e-10	1.49371e-14	7.15939e-19	2.03349e-23	3.70846e-28	4.58479e-33	3.98847e-38	4.03325e-43	1.9049e-44	2.39851e-46	2.34715e-49	1.31787e-52	6.31226e-56	2.64613e-59	9.75958e-63	1.97118e-65	4.68501e-63	6.013e-61	3.37842e-59	7.42608e-58	4.75472e-57	1.66554e-57	1.27498e-58	6.17028e-60	2.71355e-61	1.24126e-62	
F1476	0	0	0	0	0	0	0	0	0	0	1	0	0	0	0	0	0	0	0	0	0	0	0	0	0	0	0	0	0	0	0	0	0	0	0	0	0	0	0	0	0	
N26	1.27081e-78	6.71953e-52	3.35981e-44	2.87719e-37	7.2298e-31	6.4222e-25	2.14445e-19	2.65119e-14	1.10781e-09	1.27073e-05	0.0246453	0.795926	0.177215	0.00219822	3.31196e-06	1.45177e-09	2.69334e-13	2.5989e-17	1.48406e-21	5.47312e-26	1.3874e-30	2.53141e-35	3.44265e-40	3.58521e-45	2.92011e-50	1.8925e-55	9.97893e-61	4.7777e-66	3.78302e-71	1.20681e-75	4.24704e-72	7.97469e-67	3.4497e-62	3.05665e-58	4.17147e-55	4.51614e-53	3.82586e-53	2.42842e-54	1.14788e-55	5.22563e-57	2.47687e-58	
Furcep	0	0	0	0	0	0	0	0	0	0	0	0	0	1	0	0	0	0	0	0	0	0	0	0	0	0	0	0	0	0	0	0	0	0	0	0	0	0	0	0	0	
N27	5.42428e-73	8.45339e-47	1.28282e-39	3.35634e-33	2.58804e-27	7.07144e-22	7.26908e-17	2.76698e-12	3.56427e-08	0.000126915	0.0786367	0.80167	0.118542	0.00102295	1.6663e-06	9.91737e-10	2.876e-13	4.78312e-17	5.06579e-21	3.67369e-25	1.92313e-29	7.5625e-34	2.30392e-38	5.57182e-43	1.09077e-47	1.75609e-52	2.35516e-57	2.65902e-62	2.54891e-67	2.0889e-72	1.87188e-76	3.15241e-76	3.0617e-76	1.51522e-76	3.47692e-77	3.02798e-78	5.84726e-80	7.09288e-83	4.14534e-86	2.14022e-89	1.12934e-92	
Furpol	0	0	0	0	0	0	0	0	0	0	0	1	0	0	0	0	0	0	0	0	0	0	0	0	0	0	0	0	0	0	0	0	0	0	0	0	0	0	0	0	0	
N28	2.93224e-68	1.98942e-42	1.32477e-35	1.53258e-29	5.23876e-24	6.32357e-19	2.83907e-14	4.6116e-10	2.42612e-06	0.00322876	0.596637	0.386842	0.0132357	5.48431e-05	7.34577e-08	4.52577e-11	1.54887e-14	3.31362e-18	4.8047e-22	5.0072e-26	3.92087e-30	2.38833e-34	1.16358e-38	4.63804e-43	1.54129e-47	4.33834e-52	1.04834e-56	2.20012e-61	4.05056e-66	6.59957e-71	9.58934e-76	1.2511e-80	1.47451e-85	1.57835e-90	1.54189e-95	1.38065e-100	1.13763e-105	8.65639e-111	6.10229e-116	3.99743e-121	2.64073e-126	
N29	1.00589e-68	8.68831e-43	7.23868e-36	1.04104e-29	4.38671e-24	6.45223e-19	3.4715e-14	6.58749e-10	3.88169e-06	0.00534987	0.85323	0.1401	0.00131371	2.53617e-06	1.8321e-09	6.55313e-13	1.36343e-16	1.83119e-20	1.70716e-24	1.16518e-28	6.06362e-33	2.48394e-37	8.21767e-42	2.24215e-46	5.13402e-51	1.00115e-55	1.68351e-60	2.46752e-65	3.18176e-70	3.63873e-75	3.71697e-80	3.41272e-85	2.83198e-90	2.1345e-95	1.46764e-100	9.24206e-106	5.34896e-111	2.85426e-116	1.40823e-121	6.44066e-127	2.92255e-132	
F2241	0	0	0	0	0	0	0	0	0	0	1	0	0	0	0	0	0	0	0	0	0	0	0	0	0	0	0	0	0	0	0	0	0	0	0	0	0	0	0	0	0	
Furang	0	0	0	0	0	0	0	0	0	0	1	0	0	0	0	0	0	0	0	0	0	0	0	0	0	0	0	0	0	0	0	0	0	0	0	0	0	0	0	0	0	
Fga490	0	0	0	0	0	0	0	0	0	0	1	0	0	0	0	0	0	0	0	0	0	0	0	0	0	0	0	0	0	0	0	0	0	0	0	0	0	0	0	0	0	
N30	2.65832e-76	1.00323e-49	3.52098e-42	2.11428e-35	3.69339e-29	2.24167e-23	4.97427e-18	3.92135e-13	9.83547e-09	6.18464e-05	0.0569599	0.879649	0.0631452	0.000183595	1.20877e-07	3.01434e-11	3.68429e-15	2.57628e-19	1.14193e-23	3.44969e-28	7.49395e-33	1.2197e-37	1.53601e-42	1.53579e-47	1.24505e-52	8.32675e-58	4.66078e-63	2.21003e-68	8.96904e-74	3.14255e-79	9.57699e-85	2.5547e-90	5.99736e-96	1.24477e-101	2.29308e-107	3.76157e-113	5.50955e-119	7.2213e-125	8.48433e-131	8.94721e-137	8.84406e-143	
N31	2.92922e-75	7.59249e-49	1.90647e-41	8.30116e-35	1.06796e-28	4.86164e-23	8.27042e-18	5.134e-13	1.04847e-08	5.59982e-05	0.0462274	0.898018	0.0555091	0.000189384	1.45851e-07	4.29439e-11	6.28585e-15	5.34241e-19	2.91895e-23	1.10113e-27	3.02258e-32	6.28384e-37	1.0209e-41	1.329e-46	1.41481e-51	1.25253e-56	9.35118e-62	5.95721e-67	3.2707e-72	1.56078e-77	6.52063e-83	2.39982e-88	7.82194e-94	2.26815e-99	5.87398e-105	1.36308e-110	2.84205e-116	5.33696e-122	9.05402e-128	1.40602e-133	2.33714e-139	
N32	5.17944e-82	5.66518e-55	5.65424e-47	9.64757e-40	4.8055e-33	8.38918e-27	5.43804e-21	1.28446e-15	1.00611e-10	2.1251e-06	0.00766721	0.912043	0.0798581	0.000429236	2.56265e-07	4.55332e-11	3.49792e-15	1.42116e-19	3.46364e-24	5.51659e-29	6.10621e-34	4.91785e-39	2.9853e-44	1.40413e-49	5.23102e-55	1.57111e-60	3.85914e-66	7.84327e-72	1.33145e-77	1.90252e-83	3.43347e-87	2.25202e-87	6.58377e-88	8.3345e-89	4.2028e-90	6.96812e-92	2.35231e-94	3.37712e-98	3.99832e-102	4.43306e-106	4.76148e-110	
N33	2.04754e-77	6.48068e-51	1.95315e-43	1.02341e-36	1.59739e-30	8.95817e-25	1.92517e-19	1.5719e-14	4.51443e-10	3.83414e-06	0.00668253	0.934428	0.0586533	0.000232158	1.97774e-07	6.28128e-11	9.75899e-15	8.69814e-19	4.93234e-23	1.91201e-27	5.3387e-32	1.11681e-36	1.80425e-41	2.30539e-46	2.37437e-51	2.0012e-56	1.39716e-61	8.15832e-67	4.01453e-72	1.67462e-77	1.175e-80	1.90322e-80	1.54441e-80	5.8244e-81	8.82328e-82	3.88133e-83	1.42903e-85	5.98516e-89	1.77521e-92	4.88689e-96	1.34185e-99	
N34	1.73502e-74	2.44412e-48	3.37816e-41	8.33782e-35	6.2941e-29	1.75409e-23	1.92971e-18	8.35353e-14	1.33177e-09	6.72226e-06	0.00784362	0.960242	0.0317957	0.000112105	1.14644e-07	5.06655e-11	1.19672e-14	1.7225e-18	1.65073e-22	1.12233e-26	5.67734e-31	2.21687e-35	6.88018e-40	1.73786e-44	3.64309e-49	6.44248e-54	9.74459e-59	1.27563e-63	1.45999e-68	1.47391e-73	1.32262e-78	1.06215e-83	7.67928e-89	5.02499e-94	2.99006e-99	1.62473e-104	8.09232e-110	3.70698e-115	1.56654e-120	6.12385e-126	2.36385e-131	
FGA456	0	0	0	0	0	0	0	0	0	0	0	1	0	0	0	0	0	0	0	0	0	0	0	0	0	0	0	0	0	0	0	0	0	0	0	0	0	0	0	0	0	
FGA516	0	0	0	0	0	0	0	0	0	0	0	1	0	0	0	0	0	0	0	0	0	0	0	0	0	0	0	0	0	0	0	0	0	0	0	0	0	0	0	0	0	
F12278	0	0	0	0	0	0	0	0	0	0	0	1	0	0	0	0	0	0	0	0	0	0	0	0	0	0	0	0	0	0	0	0	0	0	0	0	0	0	0	0	0	
N35	1.66571e-74	1.82339e-48	2.00113e-41	3.99396e-35	2.49155e-29	5.89297e-24	5.69107e-19	2.26168e-14	3.52445e-10	1.91266e-06	0.00282727	0.629274	0.34289	0.0249257	8.14728e-05	8.43944e-08	4.08469e-11	1.11802e-14	1.94354e-18	2.32097e-22	2.01502e-26	1.32737e-30	6.85978e-35	2.85655e-39	9.79666e-44	2.81774e-48	6.90169e-53	1.45849e-57	2.68919e-62	4.36863e-67	6.30636e-72	8.15057e-77	9.49435e-82	1.00274e-86	9.65288e-92	8.51038e-97	6.90128e-102	5.1676e-107	3.58561e-112	2.31291e-117	1.50004e-122	
Furant	0	0	0	0	0	0	0	0	0	0	0	1	0	0	0	0	0	0	0	0	0	0	0	0	0	0	0	0	0	0	0	0	0	0	0	0	0	0	0	0	0	
FGA331	0	0	0	0	0	0	0	0	0	0	0	0	0	1	0	0	0	0	0	0	0	0	0	0	0	0	0	0	0	0	0	0	0	0	0	0	0	0	0	0	0	
FGA465	0	0	0	0	0	0	0	0	0	0	1	0	0	0	0	0	0	0	0	0	0	0	0	0	0	0	0	0	0	0	0	0	0	0	0	0	0	0	0	0	0	
N36	6.85853e-65	1.95288e-39	5.64634e-33	2.85624e-27	4.30343e-22	2.31076e-17	4.66533e-13	3.45309e-09	8.42012e-06	0.00532499	0.493452	0.48489	0.0162305	9.32988e-05	1.94603e-07	1.99675e-10	1.1918e-13	4.60246e-17	1.23759e-20	2.44487e-24	3.69606e-28	4.41494e-32	4.27541e-36	3.42804e-40	2.31605e-44	1.33817e-48	6.69607e-53	2.93365e-57	1.13602e-61	3.92057e-66	1.21473e-70	3.40083e-75	8.65323e-80	2.01142e-84	4.29119e-89	8.4377e-94	1.53494e-98	2.59226e-103	4.07705e-108	5.9893e-113	9.11832e-118	
FGA99	0	0	0	0	0	0	0	0	0	0	1	0	0	0	0	0	0	0	0	0	0	0	0	0	0	0	0	0	0	0	0	0	0	0	0	0	0	0	0	0	0	
FGA15	0	0	0	0	0	0	0	0	0	0	1	0	0	0	0	0	0	0	0	0	0	0	0	0	0	0	0	0	0	0	0	0	0	0	0	0	0	0	0	0	0	
FGA104	0	0	0	0	0	0	0	0	0	0	0	0	1	0	0	0	0	0	0	0	0	0	0	0	0	0	0	0	0	0	0	0	0	0	0	0	0	0	0	0	0	
FGA489	0	0	0	0	0	0	0	0	0	0	1	0	0	0	0	0	0	0	0	0	0	0	0	0	0	0	0	0	0	0	0	0	0	0	0	0	0	0	0	0	0	
FGA174	0	0	0	0	0	0	0	0	0	0	0	0	0	1	0	0	0	0	0	0	0	0	0	0	0	0	0	0	0	0	0	0	0	0	0	0	0	0	0	0	0	
FurbGB	0	0	0	0	0	0	0	0	0	0	0	1	0	0	0	0	0	0	0	0	0	0	0	0	0	0	0	0	0	0	0	0	0	0	0	0	0	0	0	0	0	
N37	3.80417e-85	3.32411e-59	3.18675e-52	5.82301e-46	3.531e-40	8.77226e-35	9.8581e-30	5.24027e-25	1.33083e-20	1.58533e-16	8.44764e-13	1.85326e-09	1.47001e-06	0.000352116	0.0211664	0.263785	0.542606	0.162136	0.00977613	0.000175446	1.24174e-06	4.20536e-09	7.80631e-12	8.76638e-15	6.41349e-18	3.23661e-21	1.17874e-24	3.21275e-28	6.75181e-32	1.12152e-35	1.50347e-39	1.6557e-43	1.52079e-47	1.18052e-51	7.83366e-56	4.48854e-60	2.24044e-64	9.81849e-69	3.8043e-73	1.31452e-77	4.96405e-82	
N38	5.18683e-80	1.24938e-54	3.42454e-48	1.84332e-42	3.40445e-37	2.67582e-32	9.94262e-28	1.84157e-23	1.73715e-19	8.32826e-16	1.9822e-12	2.23478e-09	1.10521e-06	0.000212715	0.0132374	0.201202	0.53186	0.229602	0.0230953	0.000778258	1.13593e-05	8.5511e-08	3.7503e-10	1.04677e-12	1.98682e-15	2.69904e-18	2.73274e-21	2.13076e-24	1.31432e-27	6.55911e-31	2.69898e-34	9.30679e-38	2.72717e-41	6.87408e-45	1.50637e-48	2.89694e-52	4.93017e-56	7.48044e-60	1.01867e-63	1.25415e-67	1.74747e-71	
N39	4.05993e-85	2.0733e-59	1.20139e-52	1.3703e-46	5.38354e-41	9.05084e-36	7.24722e-31	2.92058e-26	6.06724e-22	6.50328e-18	3.52535e-14	9.25767e-11	1.09443e-07	5.16496e-05	0.00791053	0.258928	0.588343	0.138065	0.00659978	0.000101878	6.76561e-07	2.32365e-09	4.67614e-12	6.02653e-15	5.31289e-18	3.36961e-21	1.59962e-24	5.8673e-28	1.70653e-31	4.02141e-35	7.81742e-39	1.27294e-42	1.75913e-46	2.08652e-50	2.14506e-54	1.92775e-58	1.52585e-62	1.07072e-66	6.70182e-71	3.88542e-75	5.42018e-79	
CGA312	0	0	0	0	0	0	0	0	0	0	0	0	0	0	0	0	0	1	0	0	0	0	0	0	0	0	0	0	0	0	0	0	0	0	0	0	0	0	0	0	0	
N40	3.46386e-99	5.33494e-73	5.65086e-65	1.11223e-57	7.11417e-51	1.8338e-44	2.11312e-38	1.14424e-32	2.95896e-27	3.61558e-22	2.01134e-17	4.75219e-13	4.24512e-09	1.17717e-05	0.00697492	0.328837	0.593559	0.069636	0.000977861	3.10336e-06	3.34924e-09	1.58387e-12	3.87402e-16	5.49473e-20	4.90735e-24	2.93439e-28	1.23122e-32	3.76001e-37	8.60275e-42	1.50899e-46	2.06693e-51	2.24339e-56	1.95156e-61	1.38534e-66	1.90986e-67	1.22324e-66	2.99714e-66	2.38488e-66	4.54107e-67	1.17256e-68	3.56267e-71	
N41	7.49275e-74	2.91812e-64	7.11934e-59	4.1874e-54	3.25818e-50	4.51697e-47	9.09389e-43	4.2076e-36	8.31649e-30	6.70849e-24	2.06451e-18	2.14675e-13	6.12207e-09	3.30844e-05	0.0171253	0.470374	0.496636	0.0157961	3.52006e-05	1.39337e-08	1.68143e-12	8.38248e-17	2.08078e-21	2.90841e-26	2.49238e-31	1.39179e-36	5.33248e-42	6.62609e-46	1.81672e-48	1.0064e-51	2.50324e-55	4.95792e-59	1.6922e-62	2.46422e-62	3.76407e-62	1.05954e-60	1.21596e-56	3.79447e-53	2.46193e-50	2.57737e-48	5.96044e-47	
N42	1.69586e-78	1.09199e-64	7.18505e-59	5.59392e-54	4.35667e-50	1.80086e-46	4.25639e-40	5.43022e-34	3.15544e-28	8.2889e-23	9.45317e-18	4.30614e-13	6.72555e-09	2.71552e-05	0.0160689	0.470153	0.498219	0.0154884	4.35356e-05	2.88192e-08	6.9942e-12	7.95891e-16	4.93749e-20	1.84284e-24	4.42698e-29	7.1759e-34	1.0224e-38	6.33486e-41	3.32072e-43	5.05064e-46	4.10077e-49	2.70752e-52	1.55443e-55	1.25975e-58	4.06288e-57	1.80832e-55	4.01287e-54	4.06851e-53	1.61237e-52	1.88764e-52	5.2494e-53	
CGA642	0	0	0	0	0	0	0	0	0	0	0	0	0	0	0	0	1	0	0	0	0	0	0	0	0	0	0	0	0	0	0	0	0	0	0	0	0	0	0	0	0	
N43	7.23131e-98	6.1705e-71	5.33685e-63	8.61937e-56	4.54065e-49	9.66087e-43	9.19111e-37	4.09884e-31	8.67293e-26	8.5624e-21	3.76301e-16	6.75562e-12	4.28344e-08	7.45568e-05	0.022239	0.485653	0.476689	0.015281	6.32325e-05	7.37612e-08	3.49141e-11	8.27602e-15	1.12503e-18	9.63104e-23	5.55643e-27	2.27313e-31	6.85788e-36	1.57358e-40	2.81517e-45	4.02422e-50	5.00105e-55	9.54502e-60	5.63645e-64	4.48049e-68	6.36796e-72	2.68555e-72	1.20556e-72	2.64642e-73	2.43026e-74	6.82288e-76	3.91792e-78	
CGA236	0	0	0	0	0	0	0	0	0	0	0	0	0	0	0	0	1	0	0	0	0	0	0	0	0	0	0	0	0	0	0	0	0	0	0	0	0	0	0	0	0	
N44	1.12501e-87	1.632e-61	2.52462e-54	7.49212e-48	7.431e-42	3.04324e-36	5.68599e-31	5.07245e-26	2.18406e-21	4.45947e-17	4.11883e-13	1.58085e-09	2.18933e-06	0.000863732	0.0650064	0.537236	0.382981	0.0138129	9.70293e-05	2.35271e-07	2.6394e-10	1.63055e-13	6.21695e-17	1.58463e-20	2.86349e-24	3.83659e-28	3.94776e-32	3.20905e-36	2.10886e-40	1.14206e-44	5.1796e-49	1.99441e-53	6.59693e-58	1.89356e-62	4.75836e-67	1.05493e-71	2.07737e-76	3.65537e-81	5.81387e-86	1.93611e-90	1.35772e-93	
N45	1.07903e-82	6.48765e-57	4.23208e-50	5.40119e-44	2.35266e-38	4.32837e-33	3.72484e-28	1.5738e-23	3.31267e-19	3.42888e-15	1.67355e-11	3.55171e-08	2.82547e-05	0.00619209	0.121796	0.496613	0.339449	0.0354783	0.000440605	1.86766e-06	3.79652e-09	4.41768e-12	3.2845e-15	1.68219e-18	6.26884e-22	1.77209e-25	3.9262e-29	6.99976e-33	1.02616e-36	1.25955e-40	1.31442e-44	1.18158e-48	9.254e-53	6.37725e-57	3.90081e-61	2.13424e-65	1.05166e-69	4.69595e-74	1.91067e-78	7.12042e-83	2.78477e-87	
Calboe	0	0	0	0	0	0	0	0	0	0	0	0	0	1	0	0	0	0	0	0	0	0	0	0	0	0	0	0	0	0	0	0	0	0	0	0	0	0	0	0	0	
C3125	0	0	0	0	0	0	0	0	0	0	0	0	0	0	0	0	0	1	0	0	0	0	0	0	0	0	0	0	0	0	0	0	0	0	0	0	0	0	0	0	0	
CGA429	0	0	0	0	0	0	0	0	0	0	0	0	0	0	1	0	0	0	0	0	0	0	0	0	0	0	0	0	0	0	0	0	0	0	0	0	0	0	0	0	0	
N46	1.7962e-83	1.47009e-57	1.30868e-50	2.17816e-44	1.18594e-38	2.61964e-33	2.60315e-28	1.22179e-23	2.74586e-19	2.90988e-15	1.38864e-11	2.73704e-08	1.91731e-05	0.00364918	0.114715	0.542099	0.329999	0.00947074	4.81576e-05	9.66187e-08	1.0096e-10	6.37099e-14	2.66406e-17	7.86586e-21	1.71697e-24	2.86791e-28	3.76444e-32	3.96479e-36	3.40646e-40	2.41913e-44	1.43486e-48	7.16602e-53	3.03189e-57	1.09137e-61	3.35135e-66	1.72224e-68	3.15666e-67	2.78647e-66	1.01221e-65	1.1367e-65	2.41952e-66	
C985	0	0	0	0	0	0	0	0	0	0	0	0	0	1	0	0	0	0	0	0	0	0	0	0	0	0	0	0	0	0	0	0	0	0	0	0	0	0	0	0	0	
CGA382	0	0	0	0	0	0	0	0	0	0	0	0	0	0	1	0	0	0	0	0	0	0	0	0	0	0	0	0	0	0	0	0	0	0	0	0	0	0	0	0	0	
N47	1.82724e-83	2.56131e-68	7.12644e-61	3.83652e-54	7.00271e-48	5.39002e-42	1.94853e-36	3.49656e-31	3.18805e-26	1.47554e-21	3.38496e-17	3.65949e-13	1.70829e-09	2.9675e-06	0.00146245	0.113343	0.569623	0.297294	0.0181125	0.00016188	4.5746e-07	5.72758e-10	3.83786e-13	1.55252e-16	4.12038e-20	7.62216e-24	1.0288e-27	1.0499e-31	8.33322e-36	5.26321e-40	2.69522e-44	1.13651e-48	3.99765e-53	1.18583e-57	3.57913e-61	6.41256e-61	6.65204e-61	3.47448e-61	8.24465e-62	7.16155e-63	1.38142e-64	
N48	2.61101e-96	8.32144e-70	3.42752e-62	2.71386e-55	7.23157e-49	8.05646e-43	4.17359e-37	1.0607e-31	1.35075e-26	8.58575e-22	2.64922e-17	3.75123e-13	2.21264e-09	4.60214e-06	0.00245254	0.142066	0.585816	0.260448	0.00916151	5.12298e-05	9.19131e-08	7.34392e-11	3.14918e-14	8.17023e-18	1.3936e-21	1.66066e-25	1.44764e-29	9.56914e-34	4.93569e-38	2.03312e-42	6.81721e-47	1.89045e-51	4.39357e-56	8.65458e-61	1.45976e-65	2.78367e-69	4.1927e-70	3.97314e-71	2.05732e-72	5.25237e-74	6.00795e-76	
C12265	0	0	0	0	0	0	0	0	0	0	0	0	0	0	0	0	0	1	0	0	0	0	0	0	0	0	0	0	0	0	0	0	0	0	0	0	0	0	0	0	0	
N49	1.15926e-91	2.6005e-65	6.13418e-58	2.83652e-51	4.49205e-45	3.02041e-39	9.57079e-34	1.50464e-28	1.19585e-23	4.77282e-19	9.26723e-15	8.2241e-11	2.9923e-07	0.000367339	0.100411	0.742609	0.151557	0.00502847	2.65712e-05	4.46786e-08	3.42206e-11	1.44871e-14	3.8212e-18	6.81136e-22	8.70068e-26	8.32466e-30	6.1751e-34	3.65049e-38	1.75893e-42	7.03762e-47	2.37512e-51	6.85181e-56	1.70902e-60	3.7222e-65	7.14013e-70	1.21547e-74	1.84844e-79	2.52608e-84	3.1185e-89	3.49423e-94	3.89398e-99	
C404	0	0	0	0	0	0	0	0	0	0	0	0	0	0	1	0	0	0	0	0	0	0	0	0	0	0	0	0	0	0	0	0	0	0	0	0	0	0	0	0	0	
Cl11778	0	0	0	0	0	0	0	0	0	0	0	0	0	0	0	1	0	0	0	0	0	0	0	0	0	0	0	0	0	0	0	0	0	0	0	0	0	0	0	0	0	
C3134	0	0	0	0	0	0	0	0	0	0	0	0	0	0	0	0	0	0	1	0	0	0	0	0	0	0	0	0	0	0	0	0	0	0	0	0	0	0	0	0	0	
N50	2.13824e-71	1.01222e-60	1.92167e-58	3.85499e-52	2.83557e-46	8.85833e-41	1.31209e-35	9.77119e-31	3.76331e-26	7.54494e-22	7.77923e-18	3.99895e-14	9.71911e-11	1.0288e-07	4.19112e-05	0.00544215	0.166682	0.675717	0.147319	0.00475066	4.6282e-05	1.91858e-07	4.12134e-10	5.2104e-13	4.23577e-16	2.36243e-19	9.4953e-23	2.85785e-26	6.64101e-30	1.22141e-33	1.81462e-37	2.21499e-41	2.25325e-45	1.93345e-49	1.41383e-53	2.29705e-57	6.80243e-57	1.85786e-56	2.76798e-56	2.11428e-56	9.02699e-57	
CGA311	0	0	0	0	0	0	0	0	0	0	0	0	0	0	0	0	0	1	0	0	0	0	0	0	0	0	0	0	0	0	0	0	0	0	0	0	0	0	0	0	0	
N51	6.46201e-99	1.28689e-72	5.39941e-65	4.35921e-58	1.18419e-51	1.34355e-45	7.07747e-40	1.8265e-34	2.3617e-29	1.52942e-24	4.86038e-20	7.27534e-16	4.80429e-12	1.26886e-08	1.15882e-05	0.002935	0.14466	0.695602	0.152627	0.00413536	2.90434e-05	7.72624e-08	9.73026e-11	6.70913e-14	2.8039e-17	7.65397e-21	1.44483e-24	1.97243e-28	2.01864e-32	1.59501e-36	9.97037e-41	5.03284e-45	2.08754e-49	7.22204e-54	2.13363e-58	2.26974e-61	1.31203e-62	4.57148e-64	9.02188e-66	9.56853e-68	5.71279e-70	
N52	1.5472e-84	6.2535e-73	1.34301e-67	1.46811e-60	5.44718e-54	8.53852e-48	6.309e-42	2.32823e-36	4.40896e-31	4.30472e-26	2.13502e-21	5.19191e-17	5.8262e-13	2.74062e-09	4.63991e-06	0.00219041	0.178077	0.752428	0.0665895	0.000708171	2.02475e-06	2.29262e-09	1.28245e-12	4.08141e-16	8.14344e-20	1.09289e-23	1.04016e-27	7.31432e-32	3.92549e-36	1.65056e-40	5.55507e-45	1.52324e-49	3.45382e-54	6.55695e-59	1.05331e-63	2.08231e-68	3.99189e-69	1.41801e-69	2.76761e-70	2.80176e-71	1.45094e-72	
CGA45	0	0	0	0	0	0	0	0	0	0	0	0	0	0	0	0	1	0	0	0	0	0	0	0	0	0	0	0	0	0	0	0	0	0	0	0	0	0	0	0	0	
N53	2.31751e-100	7.84452e-74	2.89522e-66	2.09129e-59	5.19362e-53	5.53217e-47	2.82583e-41	7.3519e-36	1.0039e-30	7.25528e-26	2.74665e-21	5.28788e-17	4.90961e-13	2.01745e-09	3.19507e-06	0.00154101	0.143327	0.786558	0.0678017	0.00076661	2.49776e-06	3.39203e-09	2.36711e-12	9.69834e-16	2.55616e-19	4.6298e-23	6.05525e-27	5.94166e-31	4.50823e-35	2.70998e-39	1.31637e-43	5.25183e-48	1.74437e-52	4.87821e-57	1.15979e-61	2.45865e-65	1.05152e-65	2.84644e-66	4.15266e-67	2.96898e-68	9.86409e-70	
C3043	0	0	0	0	0	0	0	0	0	0	0	0	0	0	0	0	0	1	0	0	0	0	0	0	0	0	0	0	0	0	0	0	0	0	0	0	0	0	0	0	0	
CGA364	0	0	0	0	0	0	0	0	0	0	0	0	0	0	0	0	0	1	0	0	0	0	0	0	0	0	0	0	0	0	0	0	0	0	0	0	0	0	0	0	0	
C2208	0	0	0	0	0	0	0	0	0	0	0	0	0	0	0	0	0	0	1	0	0	0	0	0	0	0	0	0	0	0	0	0	0	0	0	0	0	0	0	0	0	
N54	3.66074e-82	7.12555e-57	1.65293e-50	7.68138e-45	1.25326e-39	8.93712e-35	3.10907e-30	5.59739e-26	5.37097e-22	2.77102e-18	7.62281e-15	1.09046e-11	7.76479e-09	2.57287e-06	0.000358815	0.0180951	0.257627	0.630288	0.0902213	0.003356	5.10423e-05	3.98598e-07	1.83529e-09	5.469e-12	1.12785e-14	1.69302e-17	1.92399e-20	1.70813e-23	1.21547e-26	7.08133e-30	3.4388e-33	1.41333e-36	4.98113e-40	1.52268e-43	4.0777e-47	9.65094e-51	2.03448e-54	3.84667e-58	6.56417e-62	1.019e-65	1.84464e-69	
N55	9.19856e-100	3.13688e-73	1.12437e-65	7.93372e-59	1.93035e-52	2.01457e-46	1.00537e-40	2.54089e-35	3.34143e-30	2.29887e-25	8.16556e-21	1.44977e-16	1.21748e-12	4.434e-09	6.11242e-06	0.0025448	0.207017	0.757702	0.0324884	0.000241652	5.92841e-07	6.51576e-10	3.83867e-13	1.36326e-16	3.16944e-20	5.12647e-24	6.04389e-28	5.38755e-32	3.73978e-36	2.07093e-40	9.33389e-45	3.48229e-49	1.09094e-53	2.90538e-58	6.64788e-63	1.31898e-67	2.28751e-72	3.49231e-77	4.72254e-82	5.688e-87	6.7614e-92	
CGA453	0	0	0	0	0	0	0	0	0	0	0	0	0	0	0	0	0	1	0	0	0	0	0	0	0	0	0	0	0	0	0	0	0	0	0	0	0	0	0	0	0	
N56	1.04691e-106	9.37402e-80	8.72804e-72	1.61247e-64	1.03622e-57	2.88401e-51	3.87936e-45	2.67383e-39	9.71335e-34	1.87204e-28	1.89094e-23	9.69891e-19	2.38985e-14	2.58728e-10	1.06486e-06	0.00129479	0.274591	0.714238	0.00985155	2.29036e-05	1.77429e-08	6.26451e-12	1.20684e-15	1.42516e-19	1.1188e-23	6.19658e-28	2.53361e-32	7.92382e-37	1.95026e-41	3.86632e-46	6.29365e-51	8.54884e-56	9.82292e-61	9.65983e-66	8.21206e-71	6.08782e-76	3.96536e-81	2.28446e-86	1.17078e-91	5.36514e-97	2.3554e-102	
CGA501	0	0	0	0	0	0	0	0	0	0	0	0	0	0	0	0	0	1	0	0	0	0	0	0	0	0	0	0	0	0	0	0	0	0	0	0	0	0	0	0	0	
C3121	0	0	0	0	0	0	0	0	0	0	0	0	0	0	0	0	1	0	0	0	0	0	0	0	0	0	0	0	0	0	0	0	0	0	0	0	0	0	0	0	0	
Calparcri	0	0	0	0	0	0	0	0	0	0	0	0	0	0	0	0	0	1	0	0	0	0	0	0	0	0	0	0	0	0	0	0	0	0	0	0	0	0	0	0	0	
N57	1.80868e-81	2.66403e-68	9.28409e-62	2.08685e-55	1.60237e-49	1.04396e-43	1.19137e-37	8.72282e-32	2.86747e-26	3.95513e-21	2.116e-16	3.88315e-12	2.04995e-08	2.51327e-05	0.00564075	0.178288	0.609676	0.198945	0.00736236	6.26821e-05	1.74296e-07	1.96724e-10	1.04587e-13	2.91893e-17	4.64504e-21	4.49905e-25	2.79662e-29	1.16576e-33	3.38143e-38	7.04288e-43	1.08193e-47	1.25429e-52	1.13341e-57	1.21577e-59	4.85377e-60	9.35186e-61	3.43123e-59	2.87223e-57	4.27473e-56	1.20696e-55	7.4583e-56	
N58	7.10602e-82	2.53405e-56	9.83207e-50	7.36777e-44	1.86077e-38	1.96182e-33	9.57918e-29	2.28123e-24	2.70434e-20	1.59193e-16	4.5486e-13	6.03797e-10	3.47531e-07	7.8296e-05	0.00594289	0.121861	0.492978	0.327817	0.0489863	0.00229228	4.31819e-05	3.92303e-07	1.95861e-09	5.91878e-12	1.16494e-14	1.58093e-17	1.54784e-20	1.13414e-23	6.40975e-27	2.86542e-30	1.03504e-33	3.07641e-37	7.6431e-41	1.60902e-44	2.9048e-48	4.54485e-52	6.22076e-56	7.51143e-60	8.06153e-64	7.74535e-68	7.99755e-72	
N59	1.46993e-78	3.62258e-53	9.86621e-47	5.18272e-41	9.14697e-36	6.70091e-31	2.25214e-26	3.63704e-22	2.85738e-18	1.07651e-14	1.86906e-11	1.40015e-08	4.15005e-06	0.000449917	0.0163857	0.177962	0.486475	0.281011	0.0362229	0.00146427	2.43449e-05	2.00819e-07	9.37e-10	2.71857e-12	5.26433e-15	7.1845e-18	7.21365e-21	5.5163e-24	3.30518e-27	1.58875e-30	6.24988e-34	2.04655e-37	5.6605e-41	1.33932e-44	2.74121e-48	4.9009e-52	7.72072e-56	1.08006e-59	1.351e-63	1.52163e-67	1.88948e-71	
N60	1.9488e-76	5.33193e-51	1.60565e-44	9.21772e-39	1.75286e-33	1.3593e-28	4.72658e-24	7.65666e-20	5.77252e-16	1.94868e-12	2.69402e-09	1.27053e-06	0.00013665	0.00493199	0.0656783	0.310842	0.451709	0.156075	0.0104151	0.000210154	1.77106e-06	7.63356e-09	1.92266e-11	3.10504e-14	3.4407e-17	2.75392e-20	1.65732e-23	7.74397e-27	2.88416e-30	8.75059e-34	2.20285e-37	4.67361e-41	8.47012e-45	1.32671e-48	1.81454e-52	2.18665e-56	2.34043e-60	2.24091e-64	1.93175e-68	1.50846e-72	1.26798e-76	
N61	5.82597e-85	3.35467e-59	2.10238e-52	2.54083e-46	1.03274e-40	1.74671e-35	1.36129e-30	5.13316e-26	9.51722e-22	8.5999e-18	3.67056e-14	7.01295e-11	5.5656e-08	1.67829e-05	0.00172789	0.052698	0.387514	0.492922	0.0632499	0.00185204	1.93776e-05	9.34852e-08	2.44331e-10	3.86179e-13	3.99616e-16	2.87378e-19	1.50426e-22	5.94624e-26	1.82893e-29	4.48642e-33	8.96034e-37	1.48275e-40	2.06365e-44	2.44703e-48	2.50015e-52	2.22275e-56	1.73454e-60	1.19725e-64	7.35973e-69	4.05647e-73	2.3876e-77	
Triowe	0	0	0	0	0	0	0	0	0	0	0	0	0	0	0	0	0	1	0	0	0	0	0	0	0	0	0	0	0	0	0	0	0	0	0	0	0	0	0	0	0	
N62	1.78242e-86	9.68483e-61	5.81742e-54	6.8736e-48	2.79374e-42	4.84919e-37	3.99747e-32	1.65243e-27	3.50547e-23	3.81768e-19	2.09243e-15	5.53982e-12	6.6314e-09	3.25161e-06	0.0005665	0.0287471	0.32444	0.559933	0.0835286	0.00274935	3.20053e-05	1.71631e-07	5.00177e-10	8.85851e-13	1.03294e-15	8.4187e-19	5.02259e-22	2.27517e-25	8.06051e-29	2.28852e-32	5.31409e-36	1.02672e-39	1.67499e-43	2.33669e-47	2.81839e-51	2.96747e-55	2.75066e-59	2.26153e-63	1.66025e-67	1.09552e-71	7.82622e-76	
Trijoh	0	0	0	0	0	0	0	0	0	0	0	0	0	0	0	0	0	1	0	0	0	0	0	0	0	0	0	0	0	0	0	0	0	0	0	0	0	0	0	0	0	
Trimel	0	0	0	0	0	0	0	0	0	0	0	0	0	0	0	0	0	1	0	0	0	0	0	0	0	0	0	0	0	0	0	0	0	0	0	0	0	0	0	0	0	
N63	2.17854e-69	6.56813e-44	2.10769e-37	1.24427e-31	2.32869e-26	1.68185e-21	5.07244e-17	6.48228e-13	3.37846e-09	6.47993e-06	0.0036839	0.371396	0.485732	0.127454	0.0113066	0.000414177	6.75528e-06	4.96404e-08	1.67633e-10	2.98649e-13	3.17858e-16	2.21497e-19	1.08058e-22	3.88072e-26	1.06654e-29	2.31311e-33	4.05858e-37	5.88057e-41	7.15804e-45	7.4273e-49	6.65213e-53	5.19863e-57	3.57871e-61	2.1882e-65	1.19723e-69	5.89989e-74	2.63418e-78	1.07121e-82	3.98665e-87	1.36447e-91	5.04172e-96	
N64	1.24139e-70	6.80575e-45	3.77542e-38	3.74722e-32	1.14051e-26	1.2865e-21	5.76334e-17	1.02622e-12	6.84968e-09	1.49789e-05	0.00818433	0.600918	0.358025	0.0320584	0.000792979	7.11396e-06	2.6948e-08	4.80745e-11	4.50795e-14	2.48395e-17	8.80231e-21	2.14932e-24	3.81231e-28	5.11821e-32	5.3739e-36	4.53109e-40	3.13568e-44	1.81383e-48	8.90641e-53	3.76176e-57	1.38236e-61	4.46395e-66	1.27785e-70	3.26781e-75	7.51679e-80	1.56485e-84	2.9646e-89	5.13655e-94	8.17597e-99	1.20053e-103	1.80146e-108	
Trihoe	0	0	0	0	0	0	0	0	0	0	0	1	0	0	0	0	0	0	0	0	0	0	0	0	0	0	0	0	0	0	0	0	0	0	0	0	0	0	0	0	0	
Tribit	0	0	0	0	0	0	0	0	0	0	0	1	0	0	0	0	0	0	0	0	0	0	0	0	0	0	0	0	0	0	0	0	0	0	0	0	0	0	0	0	0	
Trijac	0	0	0	0	0	0	0	0	0	0	0	1	0	0	0	0	0	0	0	0	0	0	0	0	0	0	0	0	0	0	0	0	0	0	0	0	0	0	0	0	0	
N65	5.36099e-83	1.41516e-57	4.27129e-51	2.55538e-45	5.30443e-40	4.7494e-35	2.04381e-30	4.47514e-26	5.12197e-22	3.08156e-18	9.62563e-15	1.51445e-11	1.14076e-08	3.80958e-06	0.00050396	0.0224245	0.264902	0.581463	0.124186	0.00639287	0.000123049	1.13046e-06	5.77962e-09	1.82588e-11	3.84409e-14	5.70907e-17	6.25155e-20	5.22838e-23	3.43683e-26	1.81833e-29	7.89897e-33	2.86555e-36	8.80865e-40	2.32356e-43	5.31781e-47	1.06625e-50	1.88916e-54	2.98049e-58	4.21593e-62	5.38498e-66	7.72085e-70	
Tricri	0	0	0	0	0	0	0	0	0	0	0	0	0	0	0	0	0	1	0	0	0	0	0	0	0	0	0	0	0	0	0	0	0	0	0	0	0	0	0	0	0	
N66	7.31073e-88	3.81959e-62	2.21157e-55	2.54959e-49	1.02476e-43	1.78589e-38	1.50433e-33	6.48717e-29	1.47203e-24	1.76845e-20	1.11146e-16	3.54599e-13	5.45542e-10	3.73875e-07	0.000101237	0.00901279	0.197411	0.659328	0.128913	0.0051619	7.12858e-05	4.48461e-07	1.52434e-09	3.13844e-12	4.24597e-15	4.01054e-18	2.77136e-21	1.45387e-24	5.96647e-28	1.96334e-31	5.28857e-35	1.18673e-38	2.25193e-42	3.6609e-46	5.15668e-50	6.35663e-54	6.91801e-58	6.69943e-62	5.81353e-66	4.55096e-70	3.83319e-74	
Triwie	0	0	0	0	0	0	0	0	0	0	0	0	0	0	0	0	0	1	0	0	0	0	0	0	0	0	0	0	0	0	0	0	0	0	0	0	0	0	0	0	0	
Triqua	0	0	0	0	0	0	0	0	0	0	0	0	0	0	0	0	0	1	0	0	0	0	0	0	0	0	0	0	0	0	0	0	0	0	0	0	0	0	0	0	0	
N67	2.79147e-74	1.79991e-49	1.45116e-43	2.33453e-38	1.31266e-33	3.20987e-29	3.80782e-25	2.32328e-21	7.50331e-18	1.29299e-14	1.17781e-11	5.52431e-09	1.27463e-06	0.000134828	0.00588123	0.090204	0.386163	0.390835	0.113807	0.0123451	0.000611932	1.6098e-05	2.50778e-07	2.51082e-09	1.7202e-11	8.47032e-14	3.11765e-16	8.85595e-19	1.99341e-21	3.63521e-24	5.47253e-27	6.91139e-30	7.42521e-33	6.86902e-36	5.53045e-39	3.91206e-42	2.45178e-45	1.37167e-48	6.89748e-52	3.15284e-55	1.84057e-58	
N68	2.05304e-76	1.53958e-51	1.40384e-45	2.58048e-40	1.67677e-35	4.79844e-31	6.75662e-27	4.97239e-23	1.97302e-19	4.26787e-16	5.00621e-13	3.11896e-10	9.94001e-08	1.52893e-05	0.00104207	0.0277988	0.242056	0.522951	0.185382	0.0198368	0.000897408	2.09534e-05	2.87557e-07	2.5399e-09	1.54337e-11	6.78782e-14	2.24855e-16	5.79276e-19	1.19143e-21	1.99951e-24	2.78901e-27	3.28454e-30	3.31044e-33	2.8894e-36	2.20666e-39	1.48813e-42	8.93405e-46	4.80968e-49	2.33714e-52	1.03323e-55	5.60099e-59	
Kinboe	0	0	0	0	0	0	0	0	0	0	0	0	0	0	0	0	0	1	0	0	0	0	0	0	0	0	0	0	0	0	0	0	0	0	0	0	0	0	0	0	0	
Kinfis	0	0	0	0	0	0	0	0	0	0	0	0	0	0	0	0	0	1	0	0	0	0	0	0	0	0	0	0	0	0	0	0	0	0	0	0	0	0	0	0	0	
Kinxen	0	0	0	0	0	0	0	0	0	0	0	0	0	0	0	0	0	1	0	0	0	0	0	0	0	0	0	0	0	0	0	0	0	0	0	0	0	0	0	0	0	
N69	8.35278e-64	8.63437e-50	2.73835e-45	3.41155e-41	2.18505e-37	7.87142e-34	1.63157e-30	2.80162e-27	8.13281e-23	2.76484e-18	3.51584e-14	1.48537e-10	1.8699e-07	7.03847e-05	0.00745367	0.175235	0.580487	0.220872	0.015504	0.000373663	4.01566e-06	2.22836e-08	7.01684e-11	1.33841e-13	1.62134e-16	1.29233e-19	6.96518e-23	2.59415e-26	6.79894e-30	1.27422e-33	1.73374e-37	1.7383e-41	1.30346e-45	7.42238e-50	5.70358e-52	2.41424e-51	4.69707e-51	3.79867e-51	1.10791e-51	9.96804e-53	3.9496e-54	
N70	3.67057e-59	6.66207e-35	1.57498e-29	6.96983e-25	9.98952e-21	5.67775e-17	1.39732e-13	1.53312e-10	7.40568e-08	1.49447e-05	0.0011387	0.0276462	0.167878	0.352285	0.307005	0.120665	0.0216087	0.00169674	6.10202e-05	1.18499e-06	1.40949e-08	1.12142e-10	6.35773e-13	2.6926e-15	8.83521e-18	2.31215e-20	4.94077e-23	8.79052e-26	1.32372e-28	1.71082e-31	1.92072e-34	1.89289e-37	1.65263e-40	1.28867e-43	9.03983e-47	5.7417e-50	3.3213e-53	1.75892e-56	8.56922e-60	3.86806e-63	2.20311e-66	
N71	4.13758e-67	1.0411e-41	2.73084e-35	1.26713e-29	1.78336e-24	9.20901e-20	1.87318e-15	1.50737e-11	4.55689e-08	4.58456e-05	0.0120509	0.483202	0.434781	0.0667996	0.00306591	5.44023e-05	4.34302e-07	1.74561e-09	3.90383e-12	5.30029e-15	4.69459e-18	2.8741e-21	1.27399e-24	4.24508e-28	1.09644e-31	2.25162e-35	3.75527e-39	5.17888e-43	5.99724e-47	5.90926e-51	5.01154e-55	3.6951e-59	2.38964e-63	1.3661e-67	6.95154e-72	3.16825e-76	1.30047e-80	4.83156e-85	1.63203e-89	5.0367e-94	1.67029e-98	
N72	6.12851e-73	7.00567e-47	7.75855e-40	1.50046e-33	8.65671e-28	1.79265e-22	1.41906e-17	4.25974e-13	4.51373e-09	1.44549e-05	0.0102885	0.80618	0.179333	0.00416129	2.27035e-05	4.39535e-08	3.86533e-11	1.81545e-14	5.09688e-18	9.28407e-22	1.16709e-25	1.06213e-29	7.26846e-34	3.85667e-38	1.62714e-42	5.57419e-47	1.57816e-51	3.74841e-56	7.56596e-61	1.31229e-65	1.9749e-70	2.60063e-75	3.01897e-80	3.10975e-85	2.85886e-90	2.35773e-95	1.75231e-100	1.17843e-105	7.1969e-111	4.00457e-116	2.19843e-121	
N73	4.00858e-70	2.19344e-44	1.21145e-37	1.19032e-31	3.56356e-26	3.92337e-21	1.69844e-16	2.88223e-12	1.79576e-08	3.54144e-05	0.016325	0.850971	0.130658	0.00200292	8.01369e-06	1.2832e-08	1.03865e-11	4.91281e-15	1.49757e-18	3.15538e-22	4.84209e-26	5.63443e-30	5.1329e-34	3.75636e-38	2.25559e-42	1.1311e-46	4.80779e-51	1.75425e-55	5.5546e-60	1.54068e-64	3.77416e-69	8.22394e-74	1.60406e-78	2.81607e-83	4.47176e-88	6.45071e-93	8.48597e-98	1.02151e-102	1.12862e-107	1.14766e-112	1.1829e-117	
Chaafr	0	0	0	0	0	0	0	0	0	0	0	1	0	0	0	0	0	0	0	0	0	0	0	0	0	0	0	0	0	0	0	0	0	0	0	0	0	0	0	0	0	
Chacha	0	0	0	0	0	0	0	0	0	0	0	1	0	0	0	0	0	0	0	0	0	0	0	0	0	0	0	0	0	0	0	0	0	0	0	0	0	0	0	0	0	
N74	4.48783e-70	2.38082e-44	1.27402e-37	1.21868e-31	3.56888e-26	3.86254e-21	1.6525e-16	2.78816e-12	1.73964e-08	3.46635e-05	0.0163194	0.875454	0.106813	0.00137359	4.83847e-06	7.04168e-09	5.29574e-12	2.36523e-15	6.89299e-19	1.40244e-22	2.09559e-26	2.39173e-30	2.15103e-34	1.56352e-38	9.37925e-43	4.72549e-47	2.02953e-51	7.52571e-56	2.43607e-60	6.9502e-65	1.76253e-69	4.00264e-74	8.19424e-79	1.52122e-83	2.57458e-88	3.99139e-93	5.6928e-98	7.49916e-103	9.15659e-108	1.03974e-112	1.20608e-117	
Chacaly	0	0	0	0	0	0	0	0	0	0	0	1	0	0	0	0	0	0	0	0	0	0	0	0	0	0	0	0	0	0	0	0	0	0	0	0	0	0	0	0	0	
Chazey	0	0	0	0	0	0	0	0	0	0	0	1	0	0	0	0	0	0	0	0	0	0	0	0	0	0	0	0	0	0	0	0	0	0	0	0	0	0	0	0	0	
N75	1.55498e-64	2.23816e-39	3.48663e-33	9.66495e-28	8.16991e-23	2.54482e-18	3.12962e-14	1.52088e-10	2.7569e-07	0.000163531	0.0245652	0.542823	0.388081	0.0430141	0.00133664	1.59213e-05	8.88684e-08	2.68232e-10	4.8696e-13	5.76334e-16	4.73097e-19	2.82727e-22	1.27845e-25	4.51293e-29	1.27594e-32	2.95161e-36	5.68782e-40	9.27084e-44	1.29498e-47	1.56782e-51	1.6615e-55	1.55461e-59	1.29409e-63	9.64838e-68	6.4817e-72	3.94446e-76	2.18488e-80	1.1063e-84	5.14044e-89	2.20047e-93	1.02053e-97	
Chadil	0	0	0	0	0	0	0	0	0	0	0	1	0	0	0	0	0	0	0	0	0	0	0	0	0	0	0	0	0	0	0	0	0	0	0	0	0	0	0	0	0	
Chasen	0	0	0	0	0	0	0	0	0	0	0	1	0	0	0	0	0	0	0	0	0	0	0	0	0	0	0	0	0	0	0	0	0	0	0	0	0	0	0	0	0	
Chanam	0	0	0	0	0	0	0	0	0	0	0	1	0	0	0	0	0	0	0	0	0	0	0	0	0	0	0	0	0	0	0	0	0	0	0	0	0	0	0	0	0	
N76	2.61021e-72	3.14637e-49	4.30308e-45	5.78388e-42	1.03405e-39	5.21936e-35	3.71738e-30	1.31529e-25	2.37288e-21	2.17901e-17	9.87977e-14	2.07472e-10	1.82261e-07	5.9047e-05	0.00601448	0.14559	0.529237	0.275731	0.040673	0.00260574	8.82898e-05	1.76932e-06	2.24882e-08	1.89795e-10	1.09711e-12	4.46277e-15	2.0139e-16	4.56107e-16	3.47764e-16	9.55513e-17	1.66889e-17	2.35568e-18	2.76214e-19	2.72106e-20	2.27788e-21	1.6387e-22	1.0241e-23	5.62187e-25	2.75856e-26	1.29377e-27	9.12537e-29	
Riebrev	0	0	0	0	0	0	0	0	0	0	0	0	0	0	0	0	0	0	0	0	0	0	0	0	0	0	0	0	0	0	1	0	0	0	0	0	0	0	0	0	0	
N77	4.95928e-90	3.86412e-64	3.54854e-57	6.44351e-51	4.05488e-45	1.10085e-39	1.4387e-34	9.59633e-30	3.36125e-25	6.22703e-21	6.03549e-17	2.97233e-13	7.06653e-10	7.4731e-07	0.000307981	0.0390927	0.893766	0.0658153	0.00101183	5.77702e-06	1.59297e-08	2.47603e-11	2.40415e-14	1.56918e-17	7.27286e-21	2.4974e-24	6.57118e-28	1.36148e-31	2.2716e-35	3.10979e-39	3.54862e-43	3.42109e-47	2.81909e-51	2.00645e-55	1.24616e-59	6.83913e-64	3.38792e-68	1.58402e-72	7.66204e-77	4.51745e-81	4.59502e-85	
N78	2.36858e-76	4.3143e-62	2.42e-57	5.4195e-53	6.51075e-50	1.27232e-47	7.51343e-46	1.12521e-40	1.26842e-34	6.86002e-29	1.75115e-23	2.02402e-18	9.83368e-14	1.77394e-09	9.62297e-06	0.0106225	0.965739	0.0235737	5.55084e-05	3.26539e-08	7.25789e-12	7.67209e-16	4.45426e-20	1.56457e-24	3.5595e-29	5.51198e-34	6.02924e-39	7.7119e-43	7.95038e-44	1.71997e-45	1.9112e-48	1.72853e-51	1.39879e-54	1.02289e-57	6.80538e-61	4.14371e-64	2.32104e-67	1.20145e-70	5.77029e-74	2.58055e-77	1.13505e-80	
N79	4.20102e-96	4.22402e-71	4.7471e-65	1.03742e-59	1.51774e-55	3.03206e-52	3.98026e-48	1.08706e-41	1.50177e-35	1.01905e-29	3.34194e-24	5.07934e-19	3.31518e-14	8.16571e-10	6.07689e-06	0.0089818	0.970844	0.0201329	3.50002e-05	1.4522e-08	2.25022e-12	1.66377e-16	6.83331e-21	1.72523e-25	2.87413e-30	3.32567e-35	2.77678e-40	5.72606e-45	9.31254e-47	4.60933e-49	2.73437e-52	1.23697e-55	4.92637e-59	1.751e-62	5.5913e-66	1.61312e-69	4.22579e-73	1.00956e-76	2.2081e-80	4.43673e-84	8.681e-88	
Braset	0	0	0	0	0	0	0	0	0	0	0	0	0	0	0	0	1	0	0	0	0	0	0	0	0	0	0	0	0	0	0	0	0	0	0	0	0	0	0	0	0	
N80	2.32119e-107	2.96281e-80	3.90675e-72	1.01604e-64	9.12949e-58	3.525e-51	6.51771e-45	6.1073e-39	2.97572e-33	7.56203e-28	9.85075e-23	6.32338e-18	1.86856e-13	2.27401e-09	9.44766e-06	0.00943013	0.973201	0.0173236	3.5962e-05	2.1741e-08	5.60425e-12	7.58459e-16	6.13968e-20	3.24911e-24	1.19857e-28	3.23453e-33	6.62961e-38	1.06325e-42	1.36694e-47	1.43701e-52	1.25597e-57	9.25503e-63	5.81858e-68	3.15299e-73	1.48563e-78	6.13364e-84	2.23444e-89	7.23494e-95	2.10658e-100	5.69229e-106	1.68583e-111	
N81	5.09719e-116	2.17857e-88	9.48931e-80	8.12186e-72	2.39666e-64	3.03798e-57	1.84701e-50	5.71176e-44	9.24059e-38	7.86663e-32	3.47517e-26	7.69031e-21	8.00733e-16	3.53594e-11	5.54995e-07	0.00221696	0.994601	0.00317999	1.42571e-06	2.0531e-10	1.34025e-14	4.79031e-19	1.05556e-23	1.55498e-28	1.62359e-33	1.25545e-38	7.43767e-44	3.46775e-49	1.30023e-54	3.99038e-60	1.01707e-65	2.17912e-71	3.96457e-77	6.17698e-83	8.30053e-89	9.67753e-95	9.83773e-101	8.75499e-107	6.84329e-113	4.71017e-119	2.98803e-125	
Bramel	0	0	0	0	0	0	0	0	0	0	0	0	0	0	0	0	1	0	0	0	0	0	0	0	0	0	0	0	0	0	0	0	0	0	0	0	0	0	0	0	0	
Bratha	0	0	0	0	0	0	0	0	0	0	0	0	0	0	0	0	1	0	0	0	0	0	0	0	0	0	0	0	0	0	0	0	0	0	0	0	0	0	0	0	0	
N82	1.37854e-107	1.65073e-80	2.05712e-72	5.10458e-65	4.41786e-58	1.65876e-51	3.01176e-45	2.79965e-39	1.36807e-33	3.52872e-28	4.72949e-23	3.174e-18	9.99996e-14	1.33068e-09	6.25597e-06	0.00742592	0.981546	0.0110046	1.69481e-05	8.25858e-09	1.80523e-12	2.14535e-16	1.56512e-20	7.61902e-25	2.62949e-29	6.73578e-34	1.3274e-38	2.0709e-43	2.61821e-48	2.73498e-53	2.39923e-58	1.79208e-63	1.15333e-68	6.46118e-74	3.1791e-79	1.38459e-84	5.3747e-90	1.87088e-95	5.87145e-101	1.66937e-106	4.56419e-112	
Bradra	0	0	0	0	0	0	0	0	0	0	0	0	0	0	0	0	1	0	0	0	0	0	0	0	0	0	0	0	0	0	0	0	0	0	0	0	0	0	0	0	0	
Bratra	0	0	0	0	0	0	0	0	0	0	0	0	0	0	0	0	1	0	0	0	0	0	0	0	0	0	0	0	0	0	0	0	0	0	0	0	0	0	0	0	0	
N83	4.31e-104	3.03199e-77	2.23905e-69	3.29631e-62	1.69482e-55	3.78614e-49	4.09721e-43	2.27455e-37	6.6532e-32	1.03005e-26	8.31356e-22	3.37311e-17	6.45688e-13	5.25412e-09	1.52422e-05	0.0113302	0.972209	0.0164056	3.96379e-05	3.08515e-08	1.08885e-11	2.10475e-15	2.51111e-19	2.00743e-23	1.1415e-27	4.8309e-32	1.57638e-36	4.08008e-41	8.57197e-46	1.4901e-50	2.17804e-55	2.7137e-60	2.91607e-65	2.73009e-70	2.24663e-75	1.63765e-80	1.06464e-85	6.21003e-91	3.26752e-96	1.55834e-101	7.23998e-107	
Bragut	0	0	0	0	0	0	0	0	0	0	0	0	0	0	0	0	1	0	0	0	0	0	0	0	0	0	0	0	0	0	0	0	0	0	0	0	0	0	0	0	0	
Braven	0	0	0	0	0	0	0	0	0	0	0	0	0	0	0	0	1	0	0	0	0	0	0	0	0	0	0	0	0	0	0	0	0	0	0	0	0	0	0	0	0	
N84	3.12948e-95	6.11527e-69	1.27833e-61	5.3226e-55	7.72844e-49	4.86537e-43	1.47962e-37	2.30036e-32	1.87661e-27	8.06396e-23	1.79659e-18	2.00011e-14	1.04395e-10	2.30291e-07	0.000180538	0.0365313	0.908303	0.0544882	0.000495015	1.45638e-06	1.93501e-09	1.39919e-12	6.20319e-16	1.83116e-19	3.82306e-23	5.91046e-27	7.01484e-31	6.57954e-35	4.99438e-39	3.12955e-43	1.64613e-47	7.37291e-52	2.84682e-56	9.57833e-61	2.83474e-65	7.4411e-70	1.74526e-74	3.68164e-79	7.02646e-84	1.21978e-88	2.14047e-93	
Brapum	0	0	0	0	0	0	0	0	0	0	0	0	0	0	0	0	1	0	0	0	0	0	0	0	0	0	0	0	0	0	0	0	0	0	0	0	0	0	0	0	0	
Bradam	0	0	0	0	0	0	0	0	0	0	0	0	0	0	0	0	1	0	0	0	0	0	0	0	0	0	0	0	0	0	0	0	0	0	0	0	0	0	0	0	0	
