NODE	1	2	3	4	5	6	7	8	9	10	11	12	13	14	15	16	17	18	19	20	21	22	23	24	25	26	27	28	29	
N1	1.88326e-82	2.23812e-59	1.37836e-53	1.60678e-48	6.17983e-44	9.85288e-40	7.34296e-36	2.70265e-32	3.64431e-29	1.57137e-26	3.46345e-23	4.31045e-20	2.63596e-17	1.86425e-09	1.93045e-05	0.0169804	0.519033	0.449999	0.0139303	3.76532e-05	1.75193e-08	2.10599e-12	1.51802e-18	6.06945e-21	1.62911e-23	3.0745e-26	4.22695e-29	4.35341e-32	3.64455e-35	
N2	5.48841e-85	2.51038e-61	8.19091e-55	5.26861e-49	1.15085e-43	1.04723e-38	4.40457e-34	9.21304e-30	1.10093e-25	1.24743e-21	1.13446e-17	5.52823e-14	1.36421e-10	1.57174e-07	7.40419e-05	0.0112816	0.33595	0.569389	0.0808467	0.00243383	2.50397e-05	1.14322e-07	2.7224e-10	3.77006e-13	3.32051e-16	2.84336e-19	1.06701e-21	7.6131e-24	8.70993e-25	
N3	1.70015e-90	4.15499e-66	5.28083e-59	1.19322e-52	8.16537e-47	2.02764e-41	1.912e-36	6.2402e-32	3.29048e-28	1.15058e-26	2.46271e-22	5.9558e-18	7.05219e-14	3.73552e-10	7.71532e-07	0.000495468	0.0656184	0.757816	0.171701	0.00434168	2.61994e-05	5.60077e-08	5.35008e-11	2.65303e-14	7.57419e-18	1.34183e-21	1.56186e-25	1.2658e-29	1.46921e-33	
N4	5.87771e-95	1.669e-70	2.89796e-63	1.00333e-56	1.2327e-50	6.55791e-45	1.57989e-39	1.55542e-34	3.334e-30	1.62538e-26	6.22507e-22	1.29397e-17	1.29622e-13	5.74798e-10	9.88659e-07	0.000533057	0.0620892	0.729189	0.201451	0.00668235	5.40407e-05	1.54642e-07	1.95883e-10	1.27223e-13	4.69486e-17	1.06579e-20	2.68256e-24	1.7507e-27	4.13115e-29	
B3088	0	0	0	0	0	0	0	0	0	0	0	0	0	0	0	0	0	1	0	0	0	0	0	0	0	0	0	0	0	
N5	4.72955e-87	1.86135e-64	4.85422e-58	2.72468e-52	6.41807e-47	8.68604e-42	7.61347e-37	4.2544e-32	1.43994e-27	2.82928e-23	3.09239e-19	1.81947e-15	5.52589e-12	8.09603e-09	5.14319e-06	0.00119251	0.0747755	0.692315	0.220926	0.0106357	0.00014959	8.5536e-07	2.41439e-09	3.81579e-12	3.68477e-15	2.32037e-18	1.26428e-21	1.5677e-24	8.48479e-26	
N6	4.82013e-43	3.93962e-42	3.42201e-41	2.81929e-40	2.19373e-39	1.2551e-60	1.09658e-37	9.20228e-40	1.61304e-31	6.64435e-37	9.13879e-37	1.77512e-29	9.94289e-35	5.36063e-33	1.41896e-32	6.38693e-14	6.5174e-07	0.999998	1.52809e-06	3.86802e-13	4.88996e-33	1.32168e-33	3.00902e-34	5.96277e-35	1.05341e-35	1.68928e-36	2.49361e-37	3.4312e-38	4.97504e-39	
BGA709	0	0	0	0	0	0	0	0	0	0	0	0	0	0	0	0	0	1	0	0	0	0	0	0	0	0	0	0	0	
BGA710	0	0	0	0	0	0	0	0	0	0	0	0	0	0	0	0	0	1	0	0	0	0	0	0	0	0	0	0	0	
BGA309	0	0	0	0	0	0	0	0	0	0	0	0	0	0	0	0	0	1	0	0	0	0	0	0	0	0	0	0	0	
N7	1.3448e-93	4.14948e-69	6.68844e-62	1.93133e-55	1.70928e-49	5.61456e-44	7.33643e-39	3.81764e-34	7.02191e-30	3.83467e-28	1.45256e-24	5.47229e-20	1.10023e-15	1.05219e-11	4.23039e-08	5.9261e-05	0.0206241	0.856737	0.12097	0.00160487	5.14244e-06	6.04127e-09	3.2786e-12	9.49863e-16	1.61995e-19	1.7438e-23	1.25123e-27	6.45585e-32	1.06727e-35	
N8	1.60425e-83	2.49844e-63	7.78189e-57	4.42486e-51	7.83908e-46	5.20036e-41	1.37505e-36	1.41017e-32	4.42044e-29	1.1701e-25	2.31857e-21	2.63105e-17	1.57949e-13	4.69818e-10	6.24496e-07	0.000313083	0.0435211	0.841369	0.112563	0.00222002	1.33338e-05	3.39554e-08	4.42432e-11	3.32673e-14	1.56861e-17	4.92761e-21	1.08144e-24	1.74971e-28	4.9121e-32	
N9	5.72202e-48	1.02558e-46	1.8382e-45	3.11697e-44	4.97854e-43	8.21991e-64	1.03952e-40	2.50121e-42	7.47697e-34	7.37678e-39	2.0341e-38	6.61906e-31	8.67662e-36	6.4438e-34	3.23966e-33	3.75922e-14	5.47891e-07	0.999998	1.35398e-06	2.49609e-13	1.26642e-33	1.86007e-34	2.24788e-35	2.32905e-36	2.12886e-37	1.7527e-38	1.32111e-39	9.29041e-41	8.65996e-42	
B11696	0	0	0	0	0	0	0	0	0	0	0	0	0	0	0	0	0	1	0	0	0	0	0	0	0	0	0	0	0	
B11697	0	0	0	0	0	0	0	0	0	0	0	0	0	0	0	0	0	1	0	0	0	0	0	0	0	0	0	0	0	
N10	2.18739e-104	1.85448e-78	6.52987e-70	3.60416e-62	5.33805e-55	2.76906e-48	5.15481e-42	3.38134e-36	6.23158e-31	1.18993e-32	4.36036e-32	1.75742e-27	1.19869e-22	2.81264e-17	2.72794e-12	9.47648e-08	0.000877126	0.996877	0.00224538	6.67437e-07	5.85045e-11	2.07575e-15	3.49643e-20	3.06184e-25	1.45703e-30	3.81156e-36	5.37559e-42	3.83593e-48	1.98439e-54	
B11609	0	0	0	0	0	0	0	0	0	0	0	0	0	0	0	0	0	1	0	0	0	0	0	0	0	0	0	0	0	
BGA392	0	0	0	0	0	0	0	0	0	0	0	0	0	0	0	0	0	1	0	0	0	0	0	0	0	0	0	0	0	
N11	2.50391e-106	9.92063e-81	2.55032e-72	1.87689e-64	2.45822e-57	1.02152e-50	1.36016e-44	5.86809e-39	6.2243e-34	2.50407e-32	4.05243e-29	4.72061e-24	5.82923e-19	3.48772e-14	7.91985e-10	5.57191e-06	0.00802303	0.898681	0.0927872	0.000503194	4.94333e-07	1.4953e-10	1.84856e-14	1.09998e-18	3.47736e-23	6.22682e-28	8.57164e-33	1.31492e-36	2.45045e-37	
N12	1.31252e-90	1.3924e-67	7.84532e-62	8.46375e-57	2.98946e-52	4.15537e-48	2.3959e-44	5.35283e-41	6.76522e-38	3.50491e-35	1.66077e-29	4.82858e-24	6.31329e-19	3.52823e-14	7.64549e-10	5.2747e-06	0.00771197	0.903761	0.0880768	0.000444526	4.17036e-07	1.2375e-10	1.53774e-14	9.40316e-19	3.11841e-23	7.37327e-28	2.59289e-30	6.37168e-34	5.19532e-36	
N13	2.17436e-90	5.14297e-69	3.53402e-62	4.41738e-56	1.72224e-50	2.54728e-45	1.57303e-40	4.33949e-36	5.44695e-32	6.04999e-28	2.42031e-23	5.45806e-19	6.47605e-15	3.78427e-11	9.80928e-08	9.49325e-05	0.0250422	0.878181	0.0954603	0.00121696	4.34614e-06	6.3075e-09	4.5639e-12	1.87194e-15	4.75084e-19	7.97801e-23	1.66358e-26	9.60654e-30	1.17776e-31	
N14	7.37322e-47	1.08596e-45	1.62181e-44	2.29809e-43	3.07652e-42	5.53328e-63	4.55543e-40	1.20204e-41	2.6811e-33	2.56954e-38	6.07283e-38	1.49542e-30	1.93539e-35	9.6911e-34	4.29593e-33	5.7631e-14	6.69157e-07	0.999998	1.55662e-06	3.44926e-13	1.46311e-33	2.36791e-34	3.19199e-35	3.72368e-36	3.8608e-37	3.62777e-38	3.13627e-39	2.53281e-40	2.33178e-41	
B985	0	0	0	0	0	0	0	0	0	0	0	0	0	0	0	0	0	1	0	0	0	0	0	0	0	0	0	0	0	
B983	0	0	0	0	0	0	0	0	0	0	0	0	0	0	0	0	0	1	0	0	0	0	0	0	0	0	0	0	0	
N15	1.76054e-80	2.23587e-69	3.78691e-62	1.15989e-55	1.09388e-49	3.79824e-44	5.08604e-39	2.48558e-34	2.8954e-30	2.35401e-30	2.83384e-26	1.70513e-21	5.48612e-17	8.70258e-13	6.10501e-09	1.58903e-05	0.0110834	0.959859	0.0289266	0.000114811	1.34184e-07	6.54553e-11	1.61786e-14	2.29026e-18	2.01892e-22	1.17724e-26	4.76391e-31	1.42675e-35	1.01711e-39	
N16	3.60803e-54	1.62119e-52	7.01584e-51	2.85489e-49	1.08824e-47	2.68009e-68	1.27546e-44	4.53853e-46	4.01734e-37	7.33869e-42	4.71431e-41	4.49611e-33	1.07952e-37	2.93573e-35	3.36786e-34	5.52145e-15	2.21299e-07	0.999999	5.64873e-07	3.85499e-14	1.40231e-34	9.12414e-36	4.84066e-37	2.18928e-38	8.69956e-40	3.11147e-41	1.38915e-42	1.71293e-43	6.4766e-43	
B199	0	0	0	0	0	0	0	0	0	0	0	0	0	0	0	0	0	1	0	0	0	0	0	0	0	0	0	0	0	
BGAA3	0	0	0	0	0	0	0	0	0	0	0	0	0	0	0	0	0	1	0	0	0	0	0	0	0	0	0	0	0	
N17	3.5615e-54	1.60175e-52	6.93795e-51	2.82572e-49	1.07808e-47	5.32718e-68	1.26579e-44	9.03699e-46	5.64979e-37	1.46377e-41	9.41105e-41	6.339e-33	2.15855e-37	2.93056e-35	3.36445e-34	1.10652e-14	3.13156e-07	0.999999	7.99655e-07	7.73066e-14	1.40209e-34	9.11726e-36	4.83387e-37	2.18471e-38	8.67518e-40	3.10048e-41	1.38476e-42	1.71021e-43	6.47495e-43	
B11604	0	0	0	0	0	0	0	0	0	0	0	0	0	0	0	0	0	1	0	0	0	0	0	0	0	0	0	0	0	
BGA583	0	0	0	0	0	0	0	0	0	0	0	0	0	0	0	0	0	1	0	0	0	0	0	0	0	0	0	0	0	
N18	8.78251e-92	8.8624e-71	1.63388e-63	5.41252e-57	5.50302e-51	2.06959e-45	3.04706e-40	1.69339e-35	2.52866e-31	1.20436e-29	1.89972e-25	9.3981e-21	2.44615e-16	3.07256e-12	1.66227e-08	3.22212e-05	0.0159423	0.918142	0.0653873	0.000494899	9.79905e-07	7.51566e-10	2.77344e-13	5.64071e-17	6.93264e-21	5.50118e-25	3.05119e-29	1.60876e-33	1.34814e-36	
N19	1.44813e-48	2.76106e-47	5.25719e-46	9.48666e-45	1.61568e-43	4.57301e-62	3.86178e-41	1.60119e-40	4.01942e-33	5.50188e-37	1.64693e-36	4.55352e-30	8.39683e-34	4.28545e-34	2.3902e-33	4.96615e-12	6.30959e-06	0.999979	1.4758e-05	3.00276e-11	8.25795e-34	1.06626e-34	1.14311e-35	1.05857e-36	8.70211e-38	6.4778e-39	4.44054e-40	2.89144e-41	3.83262e-42	
BGA89	0	0	0	0	0	0	0	0	0	0	0	0	0	0	0	0	0	1	0	0	0	0	0	0	0	0	0	0	0	
BGA40	0	0	0	0	0	0	0	0	0	0	0	0	0	0	0	0	0	1	0	0	0	0	0	0	0	0	0	0	0	
N20	2.97561e-93	3.96068e-73	8.01979e-66	2.85897e-59	3.06598e-53	1.18691e-47	1.7495e-42	9.27088e-38	1.09256e-33	7.79259e-31	7.35878e-26	4.31566e-21	1.3061e-16	1.90012e-12	1.18763e-08	2.64511e-05	0.0148466	0.93203	0.0527851	0.000311455	4.86078e-07	2.97333e-10	8.83852e-14	1.46024e-17	1.4686e-21	9.66495e-26	1.34653e-29	4.32965e-33	3.49392e-35	
N21	2.82574e-50	6.94493e-49	1.68546e-47	3.87427e-46	8.39946e-45	2.64636e-65	3.24564e-42	1.49526e-43	5.15323e-35	8.25424e-40	3.12503e-39	1.18104e-31	2.53382e-36	1.85614e-34	1.29525e-33	2.9288e-14	4.9561e-07	0.999998	1.19721e-06	1.86405e-13	4.76867e-34	4.96319e-35	4.26263e-36	3.149e-37	2.05876e-38	1.21612e-39	6.65701e-41	3.75209e-42	1.58042e-42	
BGAA2	0	0	0	0	0	0	0	0	0	0	0	0	0	0	0	0	0	1	0	0	0	0	0	0	0	0	0	0	0	
BGAA1	0	0	0	0	0	0	0	0	0	0	0	0	0	0	0	0	0	1	0	0	0	0	0	0	0	0	0	0	0	
N22	6.93597e-113	3.54906e-86	3.84553e-77	2.41296e-68	2.52112e-60	1.421e-52	2.05532e-45	8.28538e-39	9.81026e-33	5.0939e-35	2.09044e-34	2.67175e-29	5.42611e-27	1.40915e-20	1.0959e-14	2.42019e-09	0.000143261	0.999503	0.000353633	1.59529e-08	2.14358e-13	9.26374e-19	1.36427e-24	5.84157e-31	1.70702e-38	9.5865e-40	5.00368e-41	2.78538e-42	1.54756e-42	
BGA584	0	0	0	0	0	0	0	0	0	0	0	0	0	0	0	0	0	1	0	0	0	0	0	0	0	0	0	0	0	
BGA706	0	0	0	0	0	0	0	0	0	0	0	0	0	0	0	0	0	1	0	0	0	0	0	0	0	0	0	0	0	
N23	4.58354e-81	4.64268e-65	1.94494e-58	1.48731e-52	3.54134e-47	3.1507e-42	1.10991e-37	1.48405e-33	5.37266e-30	1.09416e-26	2.91681e-22	4.50787e-18	3.68921e-14	1.49683e-10	2.71329e-07	0.00018507	0.0346915	0.870629	0.0930981	0.00138931	6.20835e-06	1.16826e-08	1.12138e-11	6.20294e-15	2.15047e-18	4.96704e-22	8.06888e-26	1.03716e-29	7.49464e-33	
N24	7.60148e-49	1.55238e-47	1.65084e-89	5.35889e-69	4.03808e-66	2.90155e-60	1.29013e-45	1.14956e-38	3.14961e-32	4.34115e-35	1.37684e-34	4.05015e-29	7.34089e-32	2.39986e-35	9.59979e-16	4.56577e-10	6.12687e-05	0.999786	0.000152364	3.05837e-09	1.92921e-14	1.271e-34	1.35777e-35	1.24257e-36	1.00278e-37	7.2879e-39	4.85361e-40	3.04882e-41	3.79855e-42	
BGA304	0	0	0	0	0	0	0	0	0	0	0	0	0	0	0	0	0	1	0	0	0	0	0	0	0	0	0	0	0	
BGA303	0	0	0	0	0	0	0	0	0	0	0	0	0	0	0	0	0	1	0	0	0	0	0	0	0	0	0	0	0	
N25	1.08191e-48	2.14911e-47	4.24881e-46	7.94832e-45	1.4009e-43	1.38308e-64	3.5642e-41	5.1308e-43	2.30344e-34	1.84699e-39	5.62936e-39	2.7537e-31	2.93631e-36	4.45207e-34	2.47502e-33	1.71812e-14	3.74138e-07	0.999999	9.21437e-07	1.13259e-13	9.57031e-34	1.2668e-34	1.37951e-35	1.28829e-36	1.0618e-37	7.88602e-39	5.36885e-40	3.44167e-41	4.05241e-42	
BGAB1	0	0	0	0	0	0	0	0	0	0	0	0	0	0	0	0	0	1	0	0	0	0	0	0	0	0	0	0	0	
BGA7	0	0	0	0	0	0	0	0	0	0	0	0	0	0	0	0	0	1	0	0	0	0	0	0	0	0	0	0	0	
N26	4.3121e-39	1.84921e-38	1.32145e-83	1.05536e-63	1.96099e-61	2.57798e-55	3.83819e-42	6.23522e-35	3.07526e-28	1.47505e-32	1.16908e-32	6.37183e-27	4.16417e-31	4.8583e-36	5.32671e-17	5.52775e-11	1.80035e-05	0.999953	2.89086e-05	1.62551e-10	3.34899e-16	2.18439e-33	6.78889e-34	1.89763e-34	4.8453e-35	1.14424e-35	2.52479e-36	5.27612e-37	1.23442e-37	
PGA445	0	0	0	0	0	0	0	0	0	0	0	0	0	0	0	0	0	1	0	0	0	0	0	0	0	0	0	0	0	
PGA363	0	0	0	0	0	0	0	0	0	0	0	0	0	0	0	0	0	1	0	0	0	0	0	0	0	0	0	0	0	
N27	9.67124e-89	2.91377e-63	3.88704e-55	8.50942e-48	5.20632e-41	1.0752e-34	7.6916e-29	1.65397e-23	5.49555e-20	6.30775e-18	1.20943e-13	4.96376e-10	5.00986e-07	0.000146495	0.0125438	0.259134	0.672053	0.056012	0.000110121	3.74709e-08	4.27907e-12	2.19976e-16	5.97016e-21	9.4244e-26	9.21788e-31	5.83789e-36	2.93251e-41	3.79943e-46	2.95691e-46	
N28	3.73192e-70	6.18509e-46	6.11232e-39	9.98674e-33	4.54693e-27	6.79954e-22	3.44983e-17	5.62729e-13	2.56981e-09	2.56596e-06	0.000401216	0.0122494	0.105298	0.316753	0.369985	0.168808	0.0259249	0.000577197	1.19984e-06	9.54785e-10	3.87757e-13	9.22013e-17	1.39506e-20	1.42253e-24	1.08225e-28	3.18036e-32	1.00671e-33	2.78379e-35	2.05437e-35	
Rhaspe	0	0	0	0	0	0	0	0	0	1	0	0	0	0	0	0	0	0	0	0	0	0	0	0	0	0	0	0	0	
N29	1.29073e-56	2.24397e-35	3.11841e-31	1.37498e-27	5.78103e-23	1.48282e-18	1.41038e-14	4.90023e-11	5.73486e-08	1.92358e-05	0.00146776	0.0273248	0.162356	0.360579	0.321103	0.113278	0.0136034	0.000267667	8.9305e-07	1.29444e-09	1.04579e-12	5.31188e-16	1.82135e-19	4.50684e-23	1.71793e-26	1.16458e-28	6.75822e-31	2.87413e-33	4.71713e-34	
Rhamar	0	0	0	0	0	0	0	0	0	1	0	0	0	0	0	0	0	0	0	0	0	0	0	0	0	0	0	0	0	
Rhatem	0	0	0	0	0	0	0	0	0	0	1	0	0	0	0	0	0	0	0	0	0	0	0	0	0	0	0	0	0	
N30	3.08282e-94	5.93506e-70	2.04891e-63	2.28645e-56	3.51737e-49	1.52947e-42	1.98852e-36	4.72246e-31	1.03091e-27	1.82425e-23	3.95928e-18	2.51887e-13	3.70571e-09	1.03396e-05	0.00441943	0.214845	0.715885	0.064706	0.000134758	3.78574e-08	2.90379e-12	8.59349e-17	1.18596e-21	1.2667e-26	4.38913e-31	1.94408e-34	1.21832e-37	3.65587e-38	4.64714e-39	
N31	2.18092e-91	2.98507e-66	1.93532e-58	2.22491e-51	8.05095e-45	1.14928e-38	6.81838e-33	1.64223e-27	7.03686e-23	5.79843e-21	5.21541e-17	1.21896e-12	8.24584e-09	1.12747e-05	0.00311073	0.147339	0.699317	0.148559	0.00165914	3.08306e-06	1.71524e-09	3.88943e-13	4.32631e-17	2.66618e-21	9.92748e-26	2.50829e-30	7.14802e-35	1.70472e-38	2.2784e-41	
N32	1.30635e-80	1.18258e-56	1.0154e-49	1.80959e-43	1.14945e-37	3.15806e-32	4.08372e-27	2.56218e-22	7.68276e-18	1.05087e-13	5.89129e-10	1.06197e-06	0.000252944	0.0107882	0.128955	0.452228	0.374876	0.0325861	0.00031128	9.26418e-07	1.21538e-09	8.43256e-13	3.46472e-16	9.10551e-20	1.61944e-23	2.08445e-27	4.73303e-31	3.17913e-34	4.7063e-36	
N33	1.07822e-38	5.71621e-38	3.34286e-37	1.82316e-36	9.21293e-36	4.28109e-35	9.90631e-58	1.87979e-35	2.52379e-34	1.71809e-35	3.78582e-28	1.00615e-32	6.95261e-32	9.80112e-32	7.77455e-13	2.20499e-06	0.999996	2.20255e-06	9.20204e-13	1.99682e-33	4.67548e-34	9.58087e-35	1.75711e-35	2.93426e-36	4.52242e-37	6.50283e-38	8.802e-39	1.13629e-39	1.65705e-40	
FGA379	0	0	0	0	0	0	0	0	0	0	0	0	0	0	0	0	1	0	0	0	0	0	0	0	0	0	0	0	0	
F647	0	0	0	0	0	0	0	0	0	0	0	0	0	0	0	0	1	0	0	0	0	0	0	0	0	0	0	0	0	
N34	7.13523e-74	6.67365e-50	3.83665e-43	4.45186e-37	1.84112e-31	3.29206e-26	2.70679e-21	1.02955e-16	1.68032e-12	1.07755e-08	2.25743e-05	0.0101856	0.192928	0.46511	0.276268	0.052323	0.00312352	3.89936e-05	1.00471e-07	1.03601e-10	5.49505e-14	1.71596e-17	3.4356e-21	4.67804e-25	4.52359e-29	3.21729e-33	1.86953e-37	1.63049e-41	5.02602e-44	
N35	2.0321e-78	9.91023e-54	2.47338e-46	1.04068e-39	1.23753e-33	4.38862e-28	3.6863e-23	6.30565e-18	4.34006e-13	1.07926e-08	7.55301e-05	0.069994	0.516267	0.385142	0.0280765	0.000443007	1.79567e-06	1.74004e-09	5.51789e-13	7.73897e-17	5.65853e-21	2.3772e-25	7.08733e-30	1.14948e-30	6.97007e-32	2.23614e-34	1.39049e-36	1.51911e-37	3.92701e-38	
N36	1.09545e-75	2.94417e-52	1.66823e-46	2.75605e-41	1.1463e-34	1.5653e-28	9.3991e-24	5.413e-18	1.02069e-12	5.50302e-08	0.000554274	0.245968	0.648374	0.103546	0.00155376	4.09678e-06	2.36941e-09	3.25037e-13	1.5181e-17	3.04636e-22	3.48415e-27	7.71266e-31	7.8019e-34	1.23033e-36	5.1601e-39	4.37281e-40	4.32758e-42	4.38427e-42	5.57261e-43	
N37	1.28345e-39	1.11265e-38	9.88697e-38	8.06854e-37	1.65274e-38	1.6856e-36	2.62087e-30	1.02535e-34	1.26483e-15	9.08286e-08	0.999994	6.29222e-06	5.96117e-12	6.57482e-32	2.04357e-32	4.29414e-33	6.90149e-34	9.11383e-35	1.03475e-35	1.04152e-36	9.49944e-38	7.9797e-39	6.25529e-40	4.76455e-41	4.32354e-42	2.62832e-42	1.14752e-42	1.50692e-42	9.48978e-43	
F3016	0	0	0	0	0	0	0	0	0	0	1	0	0	0	0	0	0	0	0	0	0	0	0	0	0	0	0	0	0	
F3015	0	0	0	0	0	0	0	0	0	0	1	0	0	0	0	0	0	0	0	0	0	0	0	0	0	0	0	0	0	
N38	1.38889e-75	2.06735e-52	1.53643e-46	3.47942e-41	1.37321e-34	2.46322e-28	1.35974e-23	8.19382e-18	1.57285e-12	8.2892e-08	0.000778157	0.321403	0.631597	0.0459747	0.000247042	1.9942e-07	3.64835e-11	2.15993e-15	5.61291e-20	7.58125e-25	5.85948e-30	3.51185e-35	3.92192e-39	2.13011e-41	1.9128e-41	6.89933e-41	1.79009e-43	2.98338e-43	6.04562e-45	
N39	1.20225e-78	2.29674e-56	8.25556e-49	1.08869e-41	3.63182e-35	3.51693e-29	6.64703e-24	2.91123e-18	4.64926e-13	2.36997e-08	0.000283197	0.371693	0.6057	0.0222731	4.98921e-05	1.94268e-08	2.38759e-12	1.25033e-16	3.2937e-21	4.82546e-26	6.73696e-31	2.89409e-35	5.78952e-39	9.35007e-39	5.58049e-39	8.96813e-39	1.88045e-41	1.24296e-41	7.67154e-44	
N40	7.54354e-87	2.65662e-63	1.62812e-54	1.7304e-46	4.02341e-39	2.16164e-32	6.05431e-27	2.34733e-20	2.89735e-14	9.71932e-09	0.000544996	0.689697	0.30842	0.00133764	2.22398e-07	7.13639e-12	7.75484e-17	3.64661e-22	8.39434e-28	1.02014e-33	1.72835e-39	3.37885e-43	1.76925e-45	1.26151e-46	2.91212e-49	4.81058e-50	1.83282e-53	8.99021e-55	5.28288e-58	
N41	8.98574e-78	2.18106e-54	2.5724e-48	5.41635e-43	7.98244e-37	4.57274e-30	1.57133e-24	2.45196e-18	1.14418e-12	1.34231e-07	0.00242638	0.705394	0.291011	0.00116827	2.20019e-07	9.93756e-12	1.73665e-16	1.42989e-21	8.82313e-27	2.14313e-30	1.27686e-34	2.59289e-38	4.23634e-42	1.05875e-41	2.6065e-43	8.74143e-43	4.85331e-46	6.23457e-47	4.84154e-50	
N42	1.60805e-40	1.85507e-39	2.13044e-38	2.2343e-37	1.58787e-38	2.04754e-36	2.40814e-30	1.90853e-34	2.81461e-15	1.404e-07	0.99999	9.572e-06	9.67991e-12	1.68193e-32	2.51954e-33	2.79355e-34	2.51796e-35	1.94645e-36	1.33517e-37	8.31899e-39	4.79024e-40	2.63116e-41	1.73961e-42	1.4178e-42	6.03754e-43	1.18816e-42	3.33961e-43	2.23754e-43	7.02305e-44	
F1476	0	0	0	0	0	0	0	0	0	0	1	0	0	0	0	0	0	0	0	0	0	0	0	0	0	0	0	0	0	
FGA81	0	0	0	0	0	0	0	0	0	0	1	0	0	0	0	0	0	0	0	0	0	0	0	0	0	0	0	0	0	
N43	5.27023e-83	1.12776e-59	2.1744e-51	6.93273e-44	6.50497e-37	1.62136e-30	3.35661e-24	3.57735e-18	1.37302e-12	1.57502e-07	0.00342812	0.701742	0.292392	0.00243632	9.27312e-07	8.63412e-11	3.08281e-15	5.30429e-20	6.57506e-25	1.73335e-28	8.81304e-33	3.14776e-35	3.02415e-38	1.19339e-35	4.36027e-38	2.76737e-38	2.49635e-41	1.06574e-42	1.19637e-45	
Furcep	0	0	0	0	0	0	0	0	0	0	0	0	0	1	0	0	0	0	0	0	0	0	0	0	0	0	0	0	0	
N44	7.19865e-76	9.87145e-55	2.46981e-47	5.13403e-40	3.09287e-33	6.53626e-27	5.29746e-21	1.61388e-15	1.71433e-10	5.2676e-06	0.0294685	0.792394	0.177364	0.00076725	3.10654e-07	3.99249e-11	2.30062e-15	7.06668e-20	1.2946e-24	3.90025e-29	9.57161e-33	1.06608e-36	4.91775e-40	1.09051e-41	4.50594e-46	5.97961e-48	4.90251e-53	7.40058e-56	7.43993e-61	
Furpol	0	0	0	0	0	0	0	0	0	0	0	1	0	0	0	0	0	0	0	0	0	0	0	0	0	0	0	0	0	
N45	7.07953e-75	5.54886e-50	2.20825e-42	1.59208e-35	3.52688e-29	2.8381e-23	8.98206e-18	1.05826e-12	4.1744e-08	0.000430682	0.620418	0.367055	0.012081	1.56994e-05	5.38724e-09	7.6092e-13	5.48365e-17	2.28763e-21	5.99963e-26	1.07985e-30	1.80024e-35	2.29338e-39	6.69526e-43	2.67902e-45	1.29496e-49	2.27442e-52	3.35292e-57	5.32063e-61	7.34362e-66	
N46	4.57803e-75	3.7371e-50	1.82907e-42	1.6009e-35	4.23973e-29	4.02266e-23	1.45503e-17	1.90254e-12	7.91947e-08	0.000785888	0.888291	0.110319	0.000603822	3.35638e-07	5.9092e-11	4.6805e-15	1.9976e-19	5.12941e-24	8.54674e-29	1.14165e-33	3.44396e-38	9.36357e-41	6.25646e-45	1.68962e-47	3.11351e-52	2.05556e-55	2.15084e-60	2.00268e-64	1.91993e-69	
N47	6.81717e-44	2.12255e-42	1.36038e-65	2.2688e-46	6.60267e-38	2.02596e-35	3.56115e-30	1.18201e-20	2.86268e-13	1.65261e-06	0.999957	4.1362e-05	9.73841e-11	5.55498e-17	8.37395e-36	2.95649e-37	8.76345e-39	2.27178e-40	5.30115e-42	1.68251e-43	4.05704e-44	3.21782e-43	4.24612e-44	1.56997e-43	1.49599e-44	1.35405e-44	1.10931e-45	6.07156e-46	6.09784e-47	
F2241	0	0	0	0	0	0	0	0	0	0	1	0	0	0	0	0	0	0	0	0	0	0	0	0	0	0	0	0	0	
F12266	0	0	0	0	0	0	0	0	0	0	1	0	0	0	0	0	0	0	0	0	0	0	0	0	0	0	0	0	0	
Furang	0	0	0	0	0	0	0	0	0	0	1	0	0	0	0	0	0	0	0	0	0	0	0	0	0	0	0	0	0	
Fga490	0	0	0	0	0	0	0	0	0	0	1	0	0	0	0	0	0	0	0	0	0	0	0	0	0	0	0	0	0	
N48	3.27651e-83	1.10604e-57	1.62499e-49	3.8726e-42	2.57197e-35	5.51899e-29	4.72925e-23	3.43527e-17	8.41595e-12	5.62188e-07	0.00605908	0.885194	0.108629	0.000117379	2.01377e-08	1.10856e-12	2.66989e-17	3.32875e-22	2.38739e-27	1.34915e-32	1.64913e-37	1.08386e-41	9.66698e-46	6.05838e-46	2.74195e-47	5.66576e-48	3.60019e-51	5.20772e-53	3.91566e-56	
N49	5.27479e-80	9.59901e-55	1.1144e-46	1.81722e-39	7.05137e-33	7.20245e-27	3.07806e-22	1.49172e-16	2.42109e-11	1.07503e-06	0.00796861	0.909996	0.0819333	0.000100659	2.06532e-08	1.41483e-12	4.3693e-17	7.10167e-22	6.93007e-27	2.51131e-31	1.0651e-35	2.24666e-38	1.76341e-42	4.60474e-44	4.60265e-44	1.96578e-44	2.07367e-47	4.09939e-49	4.74035e-52	
N50	2.30717e-86	1.72097e-60	4.8697e-52	1.86634e-44	1.68838e-37	4.2734e-31	3.98728e-26	8.11316e-20	5.84607e-14	1.22862e-08	0.000495694	0.907609	0.091633	0.000262416	3.60438e-08	1.2797e-12	1.79514e-17	1.23462e-22	5.12992e-28	1.9333e-32	7.56691e-37	2.29032e-39	2.83105e-44	2.30511e-43	1.55541e-44	8.05995e-46	2.75644e-49	1.92874e-51	6.73586e-55	
N51	6.50746e-81	1.23618e-58	1.43953e-50	2.77578e-43	1.53707e-36	3.15685e-30	2.95285e-24	1.87014e-18	4.34055e-13	3.20074e-08	0.00054561	0.943583	0.0557906	8.08993e-05	1.71514e-08	1.19107e-12	3.7231e-17	6.18334e-22	6.34078e-27	3.62378e-31	3.21051e-35	2.14061e-38	4.77399e-42	6.08498e-44	6.52627e-49	2.46031e-51	1.12702e-56	3.70245e-60	1.80385e-65	
N52	3.02817e-79	3.90348e-55	1.1423e-47	6.36094e-41	1.34192e-34	1.4544e-28	8.56584e-23	2.5993e-17	2.9971e-12	1.13265e-07	0.00102363	0.979695	0.0192609	1.98443e-05	5.05566e-09	5.06641e-13	2.51466e-17	7.08993e-22	1.24712e-26	1.93325e-31	5.68533e-36	8.81158e-39	2.41706e-42	1.0516e-44	1.89949e-49	1.48483e-52	1.5015e-57	1.45948e-61	1.31044e-66	
FGA456	0	0	0	0	0	0	0	0	0	0	0	1	0	0	0	0	0	0	0	0	0	0	0	0	0	0	0	0	0	
N53	1.36285e-45	1.96305e-72	1.12164e-62	3.93758e-49	2.0427e-40	2.37104e-32	1.36135e-35	8.69077e-30	6.6808e-21	1.93739e-13	1.36438e-06	0.99999	8.60305e-06	8.13003e-12	2.22524e-18	1.03115e-36	3.11745e-38	8.15592e-40	1.90534e-41	4.29958e-43	1.48577e-44	4.84758e-44	3.61396e-44	3.23819e-43	3.20191e-44	4.06638e-44	3.50753e-45	2.02869e-45	2.11314e-46	
FGA516	0	0	0	0	0	0	0	0	0	0	0	1	0	0	0	0	0	0	0	0	0	0	0	0	0	0	0	0	0	
FGA513	0	0	0	0	0	0	0	0	0	0	0	1	0	0	0	0	0	0	0	0	0	0	0	0	0	0	0	0	0	
N54	2.32133e-43	4.97815e-42	4.98867e-63	3.74554e-61	3.49515e-41	3.04824e-32	9.08934e-37	4.38196e-30	1.06699e-34	3.23042e-15	1.73509e-07	0.999999	1.19095e-06	1.52284e-13	1.20931e-34	7.08235e-36	3.4192e-37	1.42736e-38	5.31621e-40	1.81237e-41	5.96294e-43	1.36816e-43	9.59211e-44	5.11221e-43	8.82038e-44	1.13841e-43	1.62579e-44	9.40528e-45	1.56382e-45	
F12278	0	0	0	0	0	0	0	0	0	0	0	1	0	0	0	0	0	0	0	0	0	0	0	0	0	0	0	0	0	
F12279	0	0	0	0	0	0	0	0	0	0	0	1	0	0	0	0	0	0	0	0	0	0	0	0	0	0	0	0	0	
N55	3.32384e-76	6.30373e-54	1.39758e-46	5.60594e-40	7.19152e-34	3.54244e-28	6.9455e-23	6.88505e-18	7.69255e-13	3.12996e-08	0.000363832	0.660992	0.320081	0.0185473	1.5209e-05	3.61105e-09	3.72953e-13	2.0447e-17	6.74215e-22	2.56898e-26	3.34498e-30	3.15902e-32	1.47207e-35	9.13557e-38	2.45297e-42	6.43791e-46	9.53263e-51	1.06243e-54	1.32301e-59	
Furant	0	0	0	0	0	0	0	0	0	0	0	1	0	0	0	0	0	0	0	0	0	0	0	0	0	0	0	0	0	
N56	1.05283e-42	3.14232e-41	8.8596e-40	2.26817e-38	2.02765e-59	5.68568e-38	2.08087e-29	8.66524e-34	9.32069e-28	1.51959e-31	1.89948e-30	3.12364e-11	1.65112e-05	0.999983	3.54979e-07	2.45752e-14	2.89018e-36	8.20785e-38	2.10857e-39	5.24854e-41	2.12744e-42	8.23972e-42	6.09638e-42	4.58794e-41	5.06632e-42	3.75918e-42	3.29195e-43	1.74011e-43	1.87786e-44	
FGA331	0	0	0	0	0	0	0	0	0	0	0	0	0	1	0	0	0	0	0	0	0	0	0	0	0	0	0	0	0	
FGA332	0	0	0	0	0	0	0	0	0	0	0	0	0	1	0	0	0	0	0	0	0	0	0	0	0	0	0	0	0	
FGA465	0	0	0	0	0	0	0	0	0	0	1	0	0	0	0	0	0	0	0	0	0	0	0	0	0	0	0	0	0	
N57	1.60702e-76	1.3446e-51	5.60279e-44	4.26529e-37	1.04566e-30	9.75449e-25	4.15757e-19	7.1045e-14	4.0791e-09	6.15266e-05	0.13253	0.849973	0.0174197	1.65263e-05	4.20989e-09	4.42653e-13	2.37457e-17	7.3788e-22	1.44729e-26	2.09778e-31	3.63436e-36	1.96199e-39	4.91921e-43	1.47058e-45	3.69118e-50	3.07781e-53	3.52656e-58	2.59256e-62	2.38842e-67	
N58	2.55911e-42	4.81503e-41	8.71857e-40	1.43367e-38	4.33523e-38	8.63523e-36	2.94958e-30	1.85399e-33	4.03734e-14	5.46419e-07	0.999943	5.67915e-05	9.01833e-11	2.66427e-33	2.07598e-34	1.2549e-35	6.31968e-37	2.76995e-38	1.08789e-39	3.92284e-41	1.37853e-42	3.9233e-43	2.35896e-43	1.11952e-42	1.97363e-43	2.00749e-43	2.89561e-44	1.63457e-44	2.80128e-45	
FGA99	0	0	0	0	0	0	0	0	0	0	1	0	0	0	0	0	0	0	0	0	0	0	0	0	0	0	0	0	0	
F12269	0	0	0	0	0	0	0	0	0	0	1	0	0	0	0	0	0	0	0	0	0	0	0	0	0	0	0	0	0	
N59	6.64642e-76	2.90706e-51	1.09101e-43	7.91525e-37	1.92502e-30	1.84773e-24	7.21024e-19	1.09136e-13	5.57154e-09	7.5276e-05	0.148512	0.8442	0.00720635	5.9919e-06	1.44989e-09	1.49752e-13	8.05008e-18	2.54808e-22	5.22891e-27	2.34663e-31	4.66209e-35	5.30376e-37	3.96286e-41	2.73514e-43	4.98399e-48	4.63819e-51	5.30575e-56	8.32104e-60	8.92611e-65	
N60	1.45868e-43	3.73966e-42	9.07797e-41	1.99515e-39	1.51763e-40	4.02112e-38	1.33781e-31	1.51907e-35	4.37461e-16	5.73174e-08	0.99999	1.00044e-05	1.50447e-12	1.70005e-33	9.75278e-35	4.38752e-36	1.65458e-37	5.45054e-39	1.61251e-40	4.45979e-42	1.49698e-43	2.62079e-43	1.66677e-43	1.0834e-42	1.37713e-43	1.25632e-43	1.3189e-44	7.29139e-45	9.32176e-46	
FGA15	0	0	0	0	0	0	0	0	0	0	1	0	0	0	0	0	0	0	0	0	0	0	0	0	0	0	0	0	0	
FGA440	0	0	0	0	0	0	0	0	0	0	1	0	0	0	0	0	0	0	0	0	0	0	0	0	0	0	0	0	0	
N61	1.15491e-42	2.81973e-41	3.9484e-62	3.26563e-60	3.29976e-40	2.72775e-31	9.38007e-36	4.01008e-29	1.02053e-33	2.60191e-14	8.35246e-07	0.999999	6.17859e-07	5.35635e-14	2.2915e-35	9.53764e-37	3.37739e-38	1.05546e-39	2.98571e-41	9.21417e-43	1.22899e-43	6.85544e-43	1.21595e-43	3.94491e-43	4.7251e-44	3.40764e-44	3.27266e-45	1.71476e-45	2.02783e-46	
FGA581	0	0	0	0	0	0	0	0	0	0	0	1	0	0	0	0	0	0	0	0	0	0	0	0	0	0	0	0	0	
FGA582	0	0	0	0	0	0	0	0	0	0	0	1	0	0	0	0	0	0	0	0	0	0	0	0	0	0	0	0	0	
N62	1.28237e-39	1.22855e-38	1.18949e-37	1.05151e-36	8.38785e-36	1.7937e-36	9.23656e-35	1.01368e-34	2.51046e-28	1.96953e-33	2.74596e-13	1.85906e-06	0.999996	2.19589e-06	7.79035e-13	3.06262e-34	3.34226e-35	3.13811e-36	2.61618e-37	1.98015e-38	1.38338e-39	9.11356e-41	6.26231e-42	2.12985e-42	7.45578e-43	9.54162e-43	2.92824e-43	2.09002e-43	7.90063e-44	
FGA104	0	0	0	0	0	0	0	0	0	0	0	0	1	0	0	0	0	0	0	0	0	0	0	0	0	0	0	0	0	
FGA105	0	0	0	0	0	0	0	0	0	0	0	0	1	0	0	0	0	0	0	0	0	0	0	0	0	0	0	0	0	
FGA489	0	0	0	0	0	0	0	0	0	0	1	0	0	0	0	0	0	0	0	0	0	0	0	0	0	0	0	0	0	
N63	8.20282e-39	6.52206e-38	5.3096e-62	3.17217e-59	5.953e-41	8.2421e-34	2.91373e-27	1.155e-30	1.25215e-26	2.0447e-29	1.29506e-15	6.88619e-10	7.82399e-05	0.999856	6.57793e-05	7.71994e-10	3.25662e-15	7.10045e-35	8.64917e-36	9.40716e-37	9.30936e-38	8.505e-39	7.26358e-40	6.11479e-41	6.07016e-42	3.00338e-42	1.15088e-42	1.16598e-42	6.91382e-43	
FGA174	0	0	0	0	0	0	0	0	0	0	0	0	0	1	0	0	0	0	0	0	0	0	0	0	0	0	0	0	0	
FGA175	0	0	0	0	0	0	0	0	0	0	0	0	0	1	0	0	0	0	0	0	0	0	0	0	0	0	0	0	0	
FurbGB	0	0	0	0	0	0	0	0	0	0	0	1	0	0	0	0	0	0	0	0	0	0	0	0	0	0	0	0	0	
N64	1.20799e-85	4.87616e-63	8.47432e-58	1.30781e-53	3.50365e-48	2.95341e-42	1.11009e-36	1.69844e-31	4.32655e-27	1.80894e-23	1.05881e-18	2.87145e-14	3.00821e-10	9.71915e-07	0.000701653	0.076237	0.666573	0.250965	0.00550066	2.1385e-05	2.53929e-08	1.23399e-11	2.93752e-15	6.61127e-19	4.22363e-22	1.81447e-24	1.26683e-27	2.08733e-29	5.04511e-31	
N65	1.34038e-88	1.4541e-64	8.73605e-58	9.28667e-52	3.04988e-46	3.93976e-41	2.45089e-36	9.51688e-32	3.38262e-27	1.25782e-22	2.80172e-18	3.10581e-14	1.5889e-10	3.32646e-07	0.000232534	0.0371588	0.589415	0.356992	0.0160515	0.000149065	4.65755e-07	6.39286e-10	4.54158e-13	1.8647e-16	4.89905e-20	1.71651e-23	2.48825e-26	8.48406e-29	3.55199e-30	
N66	1.23796e-86	2.32694e-64	2.84917e-57	5.88581e-51	3.58163e-45	8.06768e-40	7.71704e-35	3.21355e-30	5.91878e-28	1.33471e-24	6.38025e-20	1.5225e-15	1.67883e-11	7.66789e-08	0.000118866	0.0414422	0.69241	0.260708	0.00529944	2.17936e-05	3.04873e-08	1.88767e-11	6.02821e-15	1.09431e-18	1.2043e-22	8.3855e-27	3.81006e-31	3.20099e-35	3.00302e-35	
N67	9.78896e-44	1.1004e-42	1.0515e-85	1.93476e-65	8.22872e-63	6.23236e-57	8.23379e-43	7.59167e-36	2.11588e-29	8.50169e-33	1.42965e-32	4.08655e-27	2.02935e-30	1.72503e-34	3.18474e-15	1.20607e-09	0.000110226	0.999834	5.59353e-05	5.49674e-10	1.9282e-15	9.16235e-35	1.18107e-35	1.35867e-36	1.42131e-37	1.37164e-38	1.23611e-39	1.07116e-40	1.63136e-41	
CGA312	0	0	0	0	0	0	0	0	0	0	0	0	0	0	0	0	0	1	0	0	0	0	0	0	0	0	0	0	0	
CGA963	0	0	0	0	0	0	0	0	0	0	0	0	0	0	0	0	0	1	0	0	0	0	0	0	0	0	0	0	0	
N68	9.17383e-93	5.06575e-69	1.32295e-62	5.89346e-57	5.67324e-52	1.41566e-47	1.19196e-41	3.74225e-36	1.86422e-34	9.57974e-30	6.23634e-24	1.91114e-18	2.40223e-13	1.0491e-08	0.000110771	0.0649169	0.768926	0.165249	0.00079686	4.74497e-07	7.35711e-11	4.23508e-15	1.10457e-19	1.47271e-24	1.08175e-29	4.62699e-35	3.344e-39	7.42814e-39	1.42569e-38	
N69	1.78783e-97	9.03683e-73	3.07238e-65	1.63754e-58	1.83478e-52	1.22832e-47	7.18562e-44	9.71926e-40	4.92743e-36	1.47914e-32	7.1994e-26	2.35528e-19	2.8786e-13	8.21234e-08	0.00125828	0.187002	0.79908	0.0126568	2.40519e-06	5.21676e-11	3.07825e-16	6.95821e-22	7.06691e-28	3.49888e-34	1.00587e-40	1.47652e-44	5.81968e-42	5.09719e-42	6.003e-41	
N70	3.61482e-94	3.38123e-70	1.81317e-63	1.16645e-57	1.94018e-52	1.08586e-47	2.16839e-43	3.63194e-39	5.45172e-36	6.60646e-31	1.61385e-24	1.47011e-18	4.63145e-13	4.32977e-08	0.00069609	0.176733	0.811177	0.0113896	4.1073e-06	2.72651e-10	5.87947e-15	5.13329e-20	2.04884e-25	2.65201e-29	3.98268e-33	2.53573e-36	1.82707e-38	2.41437e-40	5.81315e-40	
N71	4.76472e-97	7.03514e-72	1.63877e-63	3.85201e-56	2.13831e-49	3.6614e-43	1.9645e-37	3.03938e-32	5.67199e-30	1.39903e-28	1.72015e-23	2.58144e-18	1.73216e-13	4.30146e-09	3.21923e-05	0.0419862	0.893761	0.0641289	9.16182e-05	3.01849e-08	3.75645e-12	2.19307e-16	6.71122e-21	1.15007e-25	1.14391e-30	1.01249e-35	6.07978e-39	1.18941e-40	1.38176e-41	
CGA642	0	0	0	0	0	0	0	0	0	0	0	0	0	0	0	0	1	0	0	0	0	0	0	0	0	0	0	0	0	
N72	3.33341e-77	4.18965e-65	2.61563e-59	3.05988e-54	1.13907e-49	1.6026e-45	8.8852e-42	6.98116e-38	8.22172e-34	2.64391e-30	6.60659e-25	1.94833e-19	2.4805e-14	1.21628e-09	1.81716e-05	0.048155	0.87164	0.0801096	7.74867e-05	1.64422e-08	1.27721e-12	4.61456e-17	8.83842e-22	1.14801e-26	4.39832e-30	3.21592e-33	3.47636e-37	4.28048e-41	8.17734e-43	
N73	1.6825e-52	7.43487e-51	3.15824e-49	9.65157e-71	8.98203e-70	1.62117e-44	1.97536e-46	3.7812e-37	5.01301e-42	3.52551e-41	1.28643e-33	1.08038e-38	5.96069e-35	3.66482e-16	4.95932e-08	0.999994	5.66682e-06	1.45179e-12	1.85416e-32	1.61271e-33	1.00754e-34	5.0075e-36	2.09676e-37	7.67025e-39	2.51986e-40	8.32867e-42	1.18219e-42	4.42933e-43	2.83529e-42	
CGA763	0	0	0	0	0	0	0	0	0	0	0	0	0	0	0	1	0	0	0	0	0	0	0	0	0	0	0	0	0	
CGA764	0	0	0	0	0	0	0	0	0	0	0	0	0	0	0	1	0	0	0	0	0	0	0	0	0	0	0	0	0	
N74	1.06771e-50	4.44895e-49	1.77843e-47	6.64295e-46	2.30749e-44	3.36203e-65	2.18438e-41	4.49286e-43	4.2707e-34	5.36961e-39	2.8562e-38	2.68616e-30	3.9427e-35	1.13882e-32	7.88732e-32	3.83105e-13	3.43808e-06	0.999996	1.51615e-07	3.97988e-15	1.24856e-35	5.0853e-37	1.80956e-38	5.79063e-40	1.83323e-41	1.82569e-42	4.15965e-43	6.48946e-43	5.64038e-42	
C601	0	0	0	0	0	0	0	0	0	0	0	0	0	0	0	0	0	1	0	0	0	0	0	0	0	0	0	0	0	
C602	0	0	0	0	0	0	0	0	0	0	0	0	0	0	0	0	0	1	0	0	0	0	0	0	0	0	0	0	0	
N75	1.7014e-88	2.80615e-65	2.31933e-59	3.455e-54	1.63332e-49	3.09921e-45	2.58094e-41	3.95657e-38	1.09783e-33	1.70215e-27	9.9534e-22	2.16114e-16	1.61081e-11	3.48041e-07	0.00132397	0.192839	0.795175	0.0106534	8.34996e-06	1.49361e-09	9.7229e-14	2.78615e-18	3.87109e-23	1.49517e-27	1.9854e-30	1.58647e-33	2.05787e-37	2.43943e-39	1.91387e-38	
CGA236	0	0	0	0	0	0	0	0	0	0	0	0	0	0	0	0	1	0	0	0	0	0	0	0	0	0	0	0	0	
N76	8.16597e-82	2.70346e-60	7.4257e-55	3.83849e-50	5.52945e-47	3.54546e-44	1.9647e-38	5.05327e-33	1.42623e-27	2.51576e-22	1.98361e-17	6.45852e-13	7.53267e-09	2.41129e-05	0.0122929	0.301198	0.676145	0.010324	1.65063e-05	7.36634e-09	1.35451e-12	1.25297e-16	6.55614e-21	2.26505e-25	1.1681e-28	1.90977e-31	5.4377e-35	2.40342e-38	6.28295e-40	
N77	7.18126e-86	1.41064e-61	1.44576e-54	2.66316e-48	1.57982e-42	4.03019e-37	5.26386e-32	3.61373e-27	9.26878e-23	1.36528e-19	4.06431e-15	6.35934e-11	3.79044e-07	0.000609609	0.0327636	0.346408	0.576	0.0440981	0.000119899	9.57462e-08	3.35902e-11	6.28214e-15	7.03227e-19	5.10544e-23	2.72419e-27	3.35321e-31	7.95429e-35	9.53203e-38	6.03169e-40	
Calboe	0	0	0	0	0	0	0	0	0	0	0	0	0	1	0	0	0	0	0	0	0	0	0	0	0	0	0	0	0	
C3125	0	0	0	0	0	0	0	0	0	0	0	0	0	0	0	0	0	1	0	0	0	0	0	0	0	0	0	0	0	
N78	7.6274e-46	1.24069e-44	2.02058e-43	3.09997e-42	1.19703e-82	5.97356e-40	4.63839e-60	2.95664e-58	6.7889e-58	1.193e-40	5.78814e-55	4.68998e-34	3.47728e-34	4.63289e-17	1	2.38623e-15	7.60647e-31	6.36126e-32	1.35806e-32	2.07193e-33	2.50111e-34	2.53248e-35	2.23298e-36	1.75948e-37	1.26254e-38	8.38405e-40	5.31171e-41	4.80935e-42	7.07503e-42	
CGA429	0	0	0	0	0	0	0	0	0	0	0	0	0	0	1	0	0	0	0	0	0	0	0	0	0	0	0	0	0	
CGA430	0	0	0	0	0	0	0	0	0	0	0	0	0	0	1	0	0	0	0	0	0	0	0	0	0	0	0	0	0	
N79	1.39705e-85	5.03638e-61	1.37944e-54	5.52512e-49	1.93068e-44	5.92428e-42	3.36885e-38	6.11073e-34	9.75709e-29	8.67425e-23	3.02825e-17	3.80801e-12	1.40794e-07	0.000944816	0.197627	0.595754	0.204767	0.000905968	1.71305e-07	1.00021e-11	2.56276e-16	3.3692e-21	2.46642e-26	1.09307e-31	3.25451e-35	1.26731e-36	5.61191e-38	2.87463e-40	3.80683e-40	
N80	4.36573e-44	5.94147e-43	8.16046e-42	1.05245e-40	8.50643e-82	1.31042e-60	2.14404e-42	7.3265e-57	4.22142e-41	7.32183e-55	5.55429e-34	2.73158e-34	4.07619e-17	1	2.53151e-15	1.00235e-30	1.84342e-31	6.2884e-32	1.32423e-32	2.05346e-33	2.5637e-34	2.71658e-35	2.52863e-36	2.11769e-37	1.62404e-38	1.15765e-39	7.88234e-41	8.13685e-42	1.15335e-41	
C985	0	0	0	0	0	0	0	0	0	0	0	0	0	1	0	0	0	0	0	0	0	0	0	0	0	0	0	0	0	
C984	0	0	0	0	0	0	0	0	0	0	0	0	0	1	0	0	0	0	0	0	0	0	0	0	0	0	0	0	0	
N81	5.84688e-81	2.3459e-58	5.59723e-53	2.80526e-48	5.26053e-44	4.70895e-40	2.79254e-36	4.96997e-31	2.75522e-25	5.87289e-20	4.7852e-15	1.39611e-10	1.2621e-06	0.00239434	0.30705	0.577576	0.112632	0.000346097	1.47946e-07	2.25858e-11	1.6544e-15	6.4119e-20	1.3885e-24	5.72815e-29	1.25968e-31	1.87414e-34	4.81825e-38	1.39523e-41	5.43368e-43	
N82	1.23235e-104	3.20225e-78	8.36271e-65	3.12333e-56	1.69125e-48	2.04366e-41	6.14596e-35	3.38674e-33	9.02709e-33	4.93362e-27	5.66071e-21	5.06901e-15	1.29727e-09	9.4447e-05	0.998332	0.00157327	2.83578e-07	1.01235e-11	9.67575e-17	2.86501e-22	2.33543e-28	3.08316e-36	2.52906e-37	1.87066e-38	1.2694e-39	8.04661e-41	5.09417e-42	1.19829e-42	3.24338e-42	
CGA310	0	0	0	0	0	0	0	0	0	0	0	0	0	0	1	0	0	0	0	0	0	0	0	0	0	0	0	0	0	
CGA314	0	0	0	0	0	0	0	0	0	0	0	0	0	0	1	0	0	0	0	0	0	0	0	0	0	0	0	0	0	
N83	4.09734e-80	5.55385e-60	4.47663e-53	6.53057e-47	3.16934e-41	7.19665e-36	9.73538e-31	9.04123e-26	7.7851e-21	3.26897e-16	6.19726e-12	4.75135e-08	0.00012031	0.0650458	0.767109	0.163482	0.0042336	1.00746e-05	7.83251e-09	2.79827e-12	5.46368e-16	6.48764e-20	5.03824e-24	2.70383e-28	1.08571e-32	7.14373e-37	1.17647e-40	1.37051e-43	5.91674e-46	
N84	3.45565e-46	8.12978e-45	1.23128e-87	1.64522e-64	4.84903e-59	2.93941e-43	3.23903e-36	2.60479e-34	7.46261e-34	2.93137e-28	7.58329e-31	5.25386e-16	3.62799e-10	6.17029e-05	0.999669	0.000269476	7.82155e-09	5.96454e-14	1.12123e-34	8.75328e-36	5.64437e-37	3.13546e-38	1.54479e-39	6.92179e-41	2.9104e-42	2.17543e-43	8.3289e-44	4.66585e-43	1.05776e-42	
CGA382	0	0	0	0	0	0	0	0	0	0	0	0	0	0	1	0	0	0	0	0	0	0	0	0	0	0	0	0	0	
CGA365	0	0	0	0	0	0	0	0	0	0	0	0	0	0	1	0	0	0	0	0	0	0	0	0	0	0	0	0	0	
N85	1.18595e-46	2.82322e-45	6.56131e-44	1.42408e-42	3.57108e-64	9.13413e-43	5.67887e-34	1.36855e-38	2.92529e-32	3.46159e-36	2.17435e-34	2.93284e-15	1.40542e-07	0.999989	1.08733e-05	9.75e-12	3.56892e-32	5.9445e-33	6.63584e-34	5.64116e-35	3.92627e-36	2.34141e-37	1.23373e-38	5.8824e-40	2.59935e-41	1.28736e-42	1.90373e-43	7.8236e-43	3.24337e-42	
CGA494	0	0	0	0	0	0	0	0	0	0	0	0	0	1	0	0	0	0	0	0	0	0	0	0	0	0	0	0	0	
CGA495	0	0	0	0	0	0	0	0	0	0	0	0	0	1	0	0	0	0	0	0	0	0	0	0	0	0	0	0	0	
N86	3.75045e-90	9.02671e-71	5.6066e-63	5.89744e-56	1.79502e-49	1.93276e-43	7.61778e-38	9.66229e-33	4.17189e-30	1.99264e-28	1.97842e-23	2.07692e-18	1.0151e-13	2.02903e-09	1.32941e-05	0.0176533	0.499725	0.464049	0.0185247	3.43297e-05	1.63985e-08	3.10047e-12	2.86683e-16	1.46974e-20	4.55805e-25	1.03876e-29	3.89691e-34	2.91654e-37	4.37526e-36	
N87	9.09717e-87	7.97461e-64	3.69429e-58	3.1567e-53	6.35477e-49	2.17638e-45	1.577e-42	1.71093e-37	1.56459e-33	5.03904e-29	1.43217e-23	2.10159e-18	1.36469e-13	3.41981e-09	2.56217e-05	0.0323313	0.530782	0.429969	0.00688597	6.54321e-06	1.6629e-09	1.71258e-13	8.80925e-18	2.56555e-22	4.60835e-27	7.22463e-32	4.75331e-35	9.42088e-39	3.86531e-41	
C12265	0	0	0	0	0	0	0	0	0	0	0	0	0	0	0	0	0	1	0	0	0	0	0	0	0	0	0	0	0	
N88	1.80154e-101	9.84877e-76	4.56445e-67	3.14126e-59	5.45106e-52	3.08644e-45	4.99066e-39	7.01616e-34	4.54009e-32	2.14403e-28	1.32618e-22	6.04929e-17	1.09825e-11	6.53091e-07	0.00851208	0.946334	0.0448705	0.000282599	8.98908e-08	5.87576e-12	1.38783e-16	1.46896e-21	7.72305e-27	4.34032e-32	1.57911e-35	8.5989e-39	8.0639e-42	2.62245e-44	1.70861e-45	
C404	0	0	0	0	0	0	0	0	0	0	0	0	0	0	1	0	0	0	0	0	0	0	0	0	0	0	0	0	0	
N89	2.74535e-85	3.06289e-67	4.74331e-61	1.33578e-55	1.15488e-50	3.60463e-46	4.19067e-42	1.73416e-37	3.48089e-36	4.20182e-30	7.75784e-24	5.86466e-18	1.67488e-12	1.53024e-07	0.00275217	0.974845	0.0223629	4.01914e-05	4.56329e-09	1.37795e-13	1.68995e-18	1.02711e-23	3.40714e-29	2.23611e-34	1.70231e-38	3.42618e-42	2.61701e-46	8.31566e-51	4.32066e-53	
N90	5.06904e-53	2.7981e-51	1.47103e-49	7.35852e-69	8.36717e-68	1.37553e-44	2.67545e-44	5.21789e-36	9.39913e-40	7.57428e-39	2.66312e-32	2.80536e-36	1.19927e-34	9.39482e-14	9.18633e-07	0.999995	3.73572e-06	1.52324e-12	5.70635e-35	2.51516e-36	8.9405e-38	2.69334e-39	7.11147e-41	1.97343e-42	8.42283e-44	2.72076e-44	6.7379e-45	3.57836e-44	4.10193e-43	
Cl11778	0	0	0	0	0	0	0	0	0	0	0	0	0	0	0	1	0	0	0	0	0	0	0	0	0	0	0	0	0	
Cl11779	0	0	0	0	0	0	0	0	0	0	0	0	0	0	0	1	0	0	0	0	0	0	0	0	0	0	0	0	0	
N91	3.02155e-105	7.39884e-79	6.81908e-70	9.26915e-62	3.20418e-54	3.43911e-47	1.16204e-40	1.01539e-34	9.7091e-36	2.2241e-32	5.59612e-26	6.79385e-20	3.29941e-14	5.48181e-09	0.000227515	0.998478	0.00129397	1.46052e-07	4.14921e-12	4.42097e-17	2.14429e-22	5.26734e-28	6.91132e-34	9.1276e-40	1.84046e-45	1.55132e-50	1.81606e-56	1.44481e-61	3.3045e-43	
CGA594	0	0	0	0	0	0	0	0	0	0	0	0	0	0	0	1	0	0	0	0	0	0	0	0	0	0	0	0	0	
CGA48	0	0	0	0	0	0	0	0	0	0	0	0	0	0	0	1	0	0	0	0	0	0	0	0	0	0	0	0	0	
N92	1.58254e-46	3.34695e-45	6.98811e-44	1.37239e-42	2.52163e-41	4.30756e-40	6.7899e-39	9.78661e-38	1.00458e-37	3.35703e-36	1.50868e-34	1.81133e-34	2.97346e-28	3.67947e-33	2.22002e-31	5.85405e-31	2.05264e-11	1.29919e-05	0.999986	9.45429e-07	1.68554e-13	5.66731e-35	4.12048e-36	2.65602e-37	1.55015e-38	8.37379e-40	4.56535e-41	7.21176e-42	2.45397e-41	
C3134	0	0	0	0	0	0	0	0	0	0	0	0	0	0	0	0	0	0	1	0	0	0	0	0	0	0	0	0	0	
C3126	0	0	0	0	0	0	0	0	0	0	0	0	0	0	0	0	0	0	1	0	0	0	0	0	0	0	0	0	0	
N93	6.63326e-93	3.27555e-68	8.63539e-61	9.03793e-54	1.6794e-47	1.04061e-41	2.1152e-36	1.48666e-31	3.49495e-27	4.49946e-26	5.80839e-24	7.7968e-20	1.52219e-15	1.79963e-11	8.11893e-08	0.000114999	0.0339863	0.863724	0.101503	0.000671117	1.08428e-06	6.66194e-10	1.94235e-13	3.0326e-17	2.72131e-21	1.4668e-25	5.07934e-30	1.15938e-33	9.61142e-36	
CGA311	0	0	0	0	0	0	0	0	0	0	0	0	0	0	0	0	0	1	0	0	0	0	0	0	0	0	0	0	0	
N94	5.11054e-91	5.49883e-68	3.18322e-62	3.54616e-57	1.30979e-52	1.95369e-48	1.54878e-44	1.04144e-39	6.99194e-35	7.70512e-33	8.65065e-28	1.62863e-22	1.45018e-17	5.53445e-13	7.79202e-09	3.12651e-05	0.0219161	0.869803	0.107725	0.000523937	5.07553e-07	1.63027e-10	2.25675e-14	1.57736e-18	6.18187e-23	1.62601e-27	6.31869e-31	8.94566e-35	9.45149e-37	
N95	1.10812e-100	2.41238e-79	4.31587e-71	1.26465e-63	1.03653e-56	3.01311e-50	3.23479e-44	1.18846e-38	9.53461e-34	8.44977e-32	1.60342e-28	1.8608e-23	2.0954e-18	1.31242e-13	3.19647e-09	2.38028e-05	0.0324792	0.946787	0.0206839	2.64128e-05	8.07306e-09	9.28228e-13	5.04592e-17	1.48414e-21	2.57549e-26	2.80155e-31	3.2437e-36	1.67656e-40	1.94887e-43	
N96	1.28298e-50	3.41819e-49	8.9768e-48	2.23557e-46	5.25796e-45	1.16238e-43	5.65569e-66	5.39108e-43	3.76083e-41	1.38355e-41	2.62968e-33	2.73299e-37	2.77434e-35	2.6413e-34	6.47826e-15	2.0754e-07	0.999992	7.30235e-06	1.99867e-12	6.51066e-33	7.98576e-34	7.5775e-35	5.9404e-36	4.01119e-37	2.40028e-38	1.29965e-39	6.60559e-41	3.84405e-42	2.93591e-42	
CGA45	0	0	0	0	0	0	0	0	0	0	0	0	0	0	0	0	1	0	0	0	0	0	0	0	0	0	0	0	0	
CGA46	0	0	0	0	0	0	0	0	0	0	0	0	0	0	0	0	1	0	0	0	0	0	0	0	0	0	0	0	0	
N97	1.7065e-91	2.30463e-68	1.6436e-62	2.22275e-57	6.55912e-53	1.5245e-49	1.23102e-46	3.98586e-41	3.4085e-36	7.83396e-35	4.55693e-30	1.53579e-24	2.64264e-19	2.1042e-14	6.7985e-10	7.09717e-06	0.0148139	0.970322	0.0148407	1.61088e-05	4.2713e-09	4.30708e-13	2.07333e-17	5.45411e-22	8.93643e-27	5.15202e-31	1.00077e-33	9.66888e-38	6.02887e-40	
N98	1.81406e-104	4.77192e-79	5.89873e-71	1.27498e-63	8.24505e-57	1.92239e-50	1.69637e-44	5.40145e-39	4.36372e-34	1.89533e-34	2.11369e-31	7.15068e-26	1.41443e-20	1.36745e-15	5.62665e-11	8.14356e-07	0.00287114	0.991838	0.0052872	3.30758e-06	5.90292e-10	4.33228e-14	1.59091e-18	3.29556e-23	4.17128e-28	3.57781e-33	2.46652e-37	1.12177e-41	1.01372e-44	
N99	1.20824e-118	1.11997e-91	2.05382e-82	8.37864e-73	2.48863e-64	2.11395e-56	4.48151e-49	2.58792e-42	4.26241e-36	1.15425e-37	1.25934e-36	2.20232e-31	1.57567e-27	5.39918e-21	5.47253e-15	1.56434e-09	0.000118517	0.999631	0.00025016	7.859e-09	7.46175e-14	2.30252e-19	2.4399e-25	7.62869e-32	1.56304e-41	3.61506e-43	2.94546e-43	6.0332e-44	3.89184e-43	
C3043	0	0	0	0	0	0	0	0	0	0	0	0	0	0	0	0	0	1	0	0	0	0	0	0	0	0	0	0	0	
CGA87	0	0	0	0	0	0	0	0	0	0	0	0	0	0	0	0	0	1	0	0	0	0	0	0	0	0	0	0	0	
N100	2.7192e-116	1.66224e-89	4.15314e-80	1.63209e-71	1.65294e-63	6.08192e-56	7.81077e-49	3.45042e-42	4.26856e-36	1.65775e-37	1.9538e-36	3.01895e-31	1.38792e-26	2.06674e-20	1.26902e-14	2.77237e-09	0.000157879	0.999507	0.000335399	1.40816e-08	1.75452e-13	8.95368e-19	2.19047e-24	2.80245e-30	1.95468e-36	8.56092e-43	9.48671e-48	1.14907e-53	2.13812e-58	
CGA368	0	0	0	0	0	0	0	0	0	0	0	0	0	0	0	0	0	1	0	0	0	0	0	0	0	0	0	0	0	
CGA557	0	0	0	0	0	0	0	0	0	0	0	0	0	0	0	0	0	1	0	0	0	0	0	0	0	0	0	0	0	
CGA364	0	0	0	0	0	0	0	0	0	0	0	0	0	0	0	0	0	1	0	0	0	0	0	0	0	0	0	0	0	
C2208	0	0	0	0	0	0	0	0	0	0	0	0	0	0	0	0	0	0	1	0	0	0	0	0	0	0	0	0	0	
N101	6.68632e-85	5.46665e-61	2.51279e-54	2.08607e-48	5.32104e-43	4.98314e-38	1.79475e-33	2.31856e-29	6.02087e-26	4.77901e-25	6.82335e-21	8.76813e-17	5.69352e-13	1.71643e-09	2.11537e-06	0.000867239	0.0823938	0.880198	0.036255	0.000282752	7.67571e-07	9.55925e-10	6.40732e-13	2.56508e-16	6.59801e-20	1.15077e-23	1.41832e-27	1.28232e-31	1.1168e-35	
N102	1.85845e-93	8.66874e-75	6.10069e-67	7.58908e-60	2.83922e-53	3.84267e-47	1.96226e-41	3.50892e-36	7.41894e-32	4.59935e-32	1.52516e-27	2.50095e-22	2.17573e-17	8.53674e-13	1.30759e-08	6.09846e-05	0.0516874	0.939356	0.00888429	1.08294e-05	3.81729e-09	5.51674e-13	3.96779e-17	1.60456e-21	3.96414e-26	6.36178e-31	8.09178e-36	1.67128e-40	1.21995e-43	
N103	3.0063e-53	1.29272e-51	1.23603e-93	8.1159e-73	1.22765e-69	2.32589e-63	1.5461e-48	3.57263e-41	2.51003e-34	5.07829e-37	3.07328e-36	2.25025e-30	5.76071e-33	2.57875e-36	1.79922e-16	1.85084e-10	4.66971e-05	0.999905	4.8403e-05	3.06874e-10	6.19256e-16	3.99527e-36	1.8721e-37	7.60747e-39	2.75324e-40	9.19001e-42	6.96976e-43	1.64587e-43	8.02935e-43	
CGA453	0	0	0	0	0	0	0	0	0	0	0	0	0	0	0	0	0	1	0	0	0	0	0	0	0	0	0	0	0	
CGA383	0	0	0	0	0	0	0	0	0	0	0	0	0	0	0	0	0	1	0	0	0	0	0	0	0	0	0	0	0	
N104	1.82608e-90	9.44223e-81	1.81571e-72	5.9362e-65	5.66506e-58	1.90627e-51	2.37955e-45	9.96924e-40	5.42657e-36	1.89116e-34	8.74987e-30	3.71447e-24	8.23013e-19	8.37887e-14	3.39922e-09	4.31469e-05	0.10082	0.89698	0.00215649	7.67288e-07	8.50432e-11	4.04544e-15	9.84813e-20	1.36782e-24	1.16786e-29	8.1263e-35	3.5151e-38	1.10179e-42	1.38762e-45	
N105	2.99352e-56	2.53535e-54	1.95831e-52	1.36831e-50	8.6566e-49	1.65242e-68	2.56227e-45	6.71681e-46	4.05007e-37	2.38665e-41	2.20525e-40	1.34773e-32	9.78715e-37	7.37304e-35	1.07424e-33	9.83504e-14	1.67089e-06	0.999998	5.45532e-07	3.99278e-14	1.56215e-35	5.46897e-37	1.60229e-38	4.07048e-40	9.33076e-42	3.60541e-43	2.69477e-43	7.55287e-44	6.46194e-43	
CGA501	0	0	0	0	0	0	0	0	0	0	0	0	0	0	0	0	0	1	0	0	0	0	0	0	0	0	0	0	0	
C11776	0	0	0	0	0	0	0	0	0	0	0	0	0	0	0	0	0	1	0	0	0	0	0	0	0	0	0	0	0	
N106	2.59064e-57	2.34559e-55	1.93424e-53	1.44329e-51	9.76269e-50	5.98864e-48	1.11639e-69	2.78505e-46	4.96658e-44	4.57762e-44	1.79464e-35	5.40804e-39	9.24802e-37	2.09254e-35	1.72283e-15	1.07868e-07	0.999981	1.90291e-05	2.4472e-12	2.1756e-33	1.0465e-34	3.92437e-36	1.2211e-37	3.27442e-39	7.76473e-41	1.83023e-42	1.30767e-42	2.77143e-43	1.71928e-42	
C3121	0	0	0	0	0	0	0	0	0	0	0	0	0	0	0	0	1	0	0	0	0	0	0	0	0	0	0	0	0	
C3123	0	0	0	0	0	0	0	0	0	0	0	0	0	0	0	0	1	0	0	0	0	0	0	0	0	0	0	0	0	
N107	4.62014e-104	3.74562e-78	1.22209e-69	6.15528e-62	8.29662e-55	3.84136e-48	6.35915e-42	3.69387e-36	5.94328e-31	1.66201e-32	7.69513e-32	4.07961e-27	4.82515e-22	9.37654e-17	7.34361e-12	1.98482e-07	0.00134494	0.996759	0.00189561	4.93262e-07	3.92018e-11	1.29433e-15	2.06833e-20	1.74386e-25	8.08307e-31	2.07981e-36	2.9494e-42	2.46149e-48	1.07087e-53	
Calparcri	0	0	0	0	0	0	0	0	0	0	0	0	0	0	0	0	0	1	0	0	0	0	0	0	0	0	0	0	0	
C3118	0	0	0	0	0	0	0	0	0	0	0	0	0	0	0	0	0	1	0	0	0	0	0	0	0	0	0	0	0	
N108	1.65917e-89	7.17583e-66	1.44587e-59	5.01132e-54	5.03437e-49	1.62712e-44	3.27019e-40	2.84516e-34	1.13869e-28	1.9124e-23	5.04408e-18	3.76194e-13	4.96993e-09	1.17649e-05	0.00454771	0.213707	0.712893	0.0686333	0.00020747	9.47559e-08	1.21708e-11	5.96309e-16	1.30794e-20	3.70794e-25	1.83232e-28	1.57142e-31	3.41302e-35	5.29484e-38	1.30414e-37	
N109	9.30833e-89	1.90622e-64	2.01568e-57	3.76081e-51	2.11431e-45	4.33664e-40	3.5134e-35	1.09359e-30	1.11023e-26	1.02547e-22	2.59897e-18	3.24228e-14	1.78321e-10	3.80196e-07	0.000254245	0.0363029	0.495694	0.442301	0.025189	0.000258174	8.07048e-07	1.0314e-09	6.45951e-13	2.2412e-16	4.74785e-20	8.3597e-24	2.99842e-27	1.31401e-29	1.32978e-31	
N110	1.75162e-86	2.07115e-62	1.33135e-55	1.56584e-49	5.9486e-44	9.29379e-39	6.80392e-34	2.67857e-29	6.18836e-25	1.24963e-20	1.76677e-16	1.07927e-12	2.5305e-09	2.07581e-06	0.000534749	0.0359712	0.442229	0.496071	0.0249597	0.000231843	6.91959e-07	8.84881e-10	5.76795e-13	2.14999e-16	4.97029e-20	7.57301e-24	8.12368e-28	8.34804e-32	1.51717e-34	
N111	8.65824e-83	1.88341e-58	2.23368e-51	4.90539e-45	3.41538e-39	9.09509e-34	9.87849e-29	4.24851e-24	5.29963e-20	6.43085e-17	7.41182e-13	3.01329e-09	1.21611e-06	0.000153049	0.00702849	0.11314	0.513708	0.359104	0.00683947	2.53907e-05	3.2938e-08	1.96989e-11	6.37606e-15	1.23919e-18	1.55465e-22	1.32927e-26	8.81164e-31	8.3555e-35	3.04078e-37	
N112	3.16408e-88	8.34878e-64	1.14615e-56	2.73864e-50	1.93833e-44	4.90952e-39	4.75889e-34	1.78705e-29	2.10724e-25	8.03734e-24	5.30356e-20	8.66857e-16	6.04862e-12	1.60059e-08	1.41001e-05	0.00341351	0.16317	0.798244	0.0349435	0.000215205	3.83774e-07	2.77664e-10	9.89917e-14	1.9717e-17	2.39648e-21	1.99344e-25	1.90612e-29	3.08313e-32	8.82858e-35	
Triowe	0	0	0	0	0	0	0	0	0	0	0	0	0	0	0	0	0	1	0	0	0	0	0	0	0	0	0	0	0	
N113	1.39433e-92	2.71407e-68	2.84652e-61	5.25114e-55	2.90943e-49	5.82512e-44	4.50581e-39	1.33454e-34	1.36085e-30	1.82777e-26	8.51551e-22	2.06443e-17	2.38404e-13	1.18718e-09	2.17988e-06	0.00114345	0.11013	0.845044	0.0433728	0.000306964	6.3145e-07	5.31645e-10	2.22653e-13	5.25541e-17	7.65966e-21	9.39459e-25	1.19295e-27	8.68624e-31	2.63627e-32	
Trijoh	0	0	0	0	0	0	0	0	0	0	0	0	0	0	0	0	0	1	0	0	0	0	0	0	0	0	0	0	0	
Trimel	0	0	0	0	0	0	0	0	0	0	0	0	0	0	0	0	0	1	0	0	0	0	0	0	0	0	0	0	0	
N114	7.06681e-76	1.60431e-51	1.94501e-44	4.31139e-38	3.0618e-32	8.88953e-27	1.27639e-21	1.27369e-16	5.39747e-12	8.7978e-08	0.00044435	0.402537	0.483165	0.10612	0.00752297	0.000209414	2.37843e-06	9.78313e-09	8.43985e-12	2.92228e-15	5.22819e-19	5.5228e-23	3.74097e-27	1.71835e-31	5.57145e-36	1.31384e-40	2.30805e-45	3.11496e-50	6.06933e-55	
N115	1.55804e-77	6.45206e-53	1.58531e-45	8.06809e-39	1.42911e-32	1.02727e-26	3.1253e-21	3.96363e-16	1.93024e-11	3.14404e-07	0.00128511	0.657143	0.321269	0.0199932	0.000307947	1.52884e-06	2.71871e-09	1.74328e-12	3.89754e-16	4.12053e-20	2.44283e-24	8.9963e-29	2.20247e-33	3.89383e-38	6.45155e-43	4.75183e-46	3.27633e-50	1.10306e-52	5.1894e-56	
Trihoe	0	0	0	0	0	0	0	0	0	0	0	1	0	0	0	0	0	0	0	0	0	0	0	0	0	0	0	0	0	
Tribit	0	0	0	0	0	0	0	0	0	0	0	1	0	0	0	0	0	0	0	0	0	0	0	0	0	0	0	0	0	
Trijac	0	0	0	0	0	0	0	0	0	0	0	1	0	0	0	0	0	0	0	0	0	0	0	0	0	0	0	0	0	
N116	4.25627e-87	4.6111e-63	2.76364e-56	2.98557e-50	9.91308e-45	1.218e-39	5.92494e-35	1.14235e-30	7.21115e-27	4.97697e-25	6.35035e-21	8.96993e-17	6.30198e-13	2.0137e-09	2.56032e-06	0.00104221	0.0923902	0.841374	0.0644219	0.000765965	2.78473e-06	4.25714e-09	3.29147e-12	1.45078e-15	3.96274e-19	7.13252e-23	8.90104e-27	8.70463e-31	4.1558e-34	
Tricri	0	0	0	0	0	0	0	0	0	0	0	0	0	0	0	0	0	1	0	0	0	0	0	0	0	0	0	0	0	
N117	1.0651e-92	1.90352e-68	1.83391e-61	3.17416e-55	1.68091e-49	3.2599e-44	2.44068e-39	6.67908e-35	4.37609e-31	7.34887e-28	3.69146e-23	1.05742e-18	1.52422e-14	1.01908e-10	2.77917e-07	0.000249623	0.0496788	0.891268	0.058302	0.000500395	1.22677e-06	1.22043e-09	6.0103e-13	1.66376e-16	2.8264e-20	3.15348e-24	3.20484e-28	7.25774e-32	6.67362e-34	
Triwie	0	0	0	0	0	0	0	0	0	0	0	0	0	0	0	0	0	1	0	0	0	0	0	0	0	0	0	0	0	
Triqua	0	0	0	0	0	0	0	0	0	0	0	0	0	0	0	0	0	1	0	0	0	0	0	0	0	0	0	0	0	
N118	6.14919e-84	1.75826e-60	3.62331e-54	1.59118e-48	2.69933e-43	2.26389e-38	1.08977e-33	3.34942e-29	6.90011e-25	9.20556e-21	6.95107e-17	2.74897e-13	5.3838e-10	4.77817e-07	0.000166328	0.0176215	0.335742	0.561362	0.082418	0.0026602	2.97383e-05	1.48468e-07	3.87984e-10	5.90823e-13	5.67007e-16	3.81396e-19	3.63979e-22	1.6883e-24	1.29081e-25	
N119	1.05348e-81	2.51425e-58	3.62737e-52	9.5345e-47	7.80842e-42	2.41088e-37	3.0539e-33	1.66792e-29	4.54579e-26	2.25936e-22	1.96844e-18	9.39573e-15	2.31286e-11	2.73115e-08	1.38162e-05	0.00249357	0.11672	0.757302	0.11982	0.00361345	3.68096e-05	1.67548e-07	4.02175e-10	5.67725e-13	5.08919e-16	3.06606e-19	1.29681e-22	3.99984e-26	1.23945e-29	
Kinboe	0	0	0	0	0	0	0	0	0	0	0	0	0	0	0	0	0	1	0	0	0	0	0	0	0	0	0	0	0	
Kinfis	0	0	0	0	0	0	0	0	0	0	0	0	0	0	0	0	0	1	0	0	0	0	0	0	0	0	0	0	0	
Kinxen	0	0	0	0	0	0	0	0	0	0	0	0	0	0	0	0	0	1	0	0	0	0	0	0	0	0	0	0	0	
N120	4.62525e-72	6.9147e-50	7.09621e-45	1.43774e-40	3.84422e-37	3.76216e-35	1.34818e-31	2.17486e-26	1.54805e-21	4.69132e-17	5.52628e-13	2.07013e-09	1.50529e-06	0.000297856	0.0177113	0.276734	0.648816	0.0561686	0.000270731	3.69878e-07	2.15303e-10	6.50869e-14	1.14541e-17	1.29153e-21	1.1066e-24	8.57691e-27	5.40723e-29	3.16039e-32	5.30824e-33	
N121	5.39964e-66	1.13978e-42	1.60333e-36	4.32594e-31	3.8632e-26	1.39337e-21	2.20576e-17	1.56535e-13	4.84658e-10	6.03582e-07	0.00025568	0.0257623	0.203694	0.405046	0.281925	0.0758259	0.0073255	0.000164185	1.13691e-06	3.67465e-09	6.69972e-12	7.67587e-15	5.92804e-18	3.24277e-21	1.30372e-24	3.96679e-28	9.47221e-32	2.19555e-35	6.05795e-38	
N122	2.70924e-74	5.20324e-50	5.60527e-43	1.18515e-36	8.68366e-31	2.66061e-25	3.76937e-20	2.57481e-15	6.88165e-11	6.3701e-07	0.00158657	0.574931	0.388235	0.0344674	0.000773202	5.56644e-06	1.41252e-08	1.33467e-11	5.71602e-15	1.29318e-18	1.71845e-22	1.44561e-26	8.13133e-31	3.18683e-35	8.98365e-40	1.86893e-44	2.9473e-49	4.67535e-54	4.56262e-58	
N123	6.20907e-79	4.07309e-54	1.2148e-46	6.05966e-40	9.25773e-34	5.76397e-28	1.822e-22	4.74948e-17	4.61099e-12	1.43892e-07	0.00106461	0.89068	0.107303	0.00095125	1.57494e-06	7.75703e-10	1.51047e-13	1.40244e-17	7.05541e-22	2.1041e-26	3.97034e-31	4.98356e-36	4.4906e-41	2.05754e-45	7.23735e-50	3.8568e-53	6.05998e-58	1.12836e-61	2.4584e-66	
N124	3.96802e-77	1.72289e-52	4.39086e-45	2.26743e-38	3.98086e-32	2.78505e-26	8.13632e-21	9.78517e-16	4.46659e-11	6.67482e-07	0.00239025	0.928524	0.0687543	0.000330467	3.44899e-07	1.29132e-10	2.2495e-14	2.13153e-18	1.21833e-22	4.73323e-27	2.0483e-31	2.40554e-34	1.67575e-37	2.58662e-39	1.28446e-43	4.72302e-46	1.29983e-50	9.41422e-54	3.3402e-58	
Chaafr	0	0	0	0	0	0	0	0	0	0	0	1	0	0	0	0	0	0	0	0	0	0	0	0	0	0	0	0	0	
Chacha	0	0	0	0	0	0	0	0	0	0	0	1	0	0	0	0	0	0	0	0	0	0	0	0	0	0	0	0	0	
N125	1.14234e-76	3.91798e-52	7.94657e-45	3.41013e-38	5.27005e-32	3.40047e-26	9.43739e-21	1.09923e-15	4.86934e-11	7.08535e-07	0.0024807	0.944521	0.052791	0.000206085	1.87814e-07	6.40296e-11	1.04251e-14	9.38854e-19	5.15146e-23	1.87485e-27	5.63906e-32	2.67919e-35	1.48102e-38	1.15956e-40	5.82105e-45	1.05551e-47	2.86457e-52	1.03846e-55	3.11016e-60	
Chacaly	0	0	0	0	0	0	0	0	0	0	0	1	0	0	0	0	0	0	0	0	0	0	0	0	0	0	0	0	0	
Chazey	0	0	0	0	0	0	0	0	0	0	0	1	0	0	0	0	0	0	0	0	0	0	0	0	0	0	0	0	0	
N126	5.16164e-72	9.29078e-48	9.31681e-41	1.71045e-34	9.84243e-29	2.14419e-23	1.89546e-18	6.80008e-14	9.31013e-10	4.22095e-06	0.00472403	0.643707	0.332591	0.0187379	0.000235439	9.1738e-07	1.3727e-09	9.39697e-13	3.40597e-16	7.27581e-20	9.91161e-24	9.28926e-28	1.05153e-31	1.27358e-33	2.9777e-37	5.93399e-39	6.73795e-43	5.3216e-45	1.86445e-48	
Chadil	0	0	0	0	0	0	0	0	0	0	0	1	0	0	0	0	0	0	0	0	0	0	0	0	0	0	0	0	0	
Chasen	0	0	0	0	0	0	0	0	0	0	0	1	0	0	0	0	0	0	0	0	0	0	0	0	0	0	0	0	0	
Chanam	0	0	0	0	0	0	0	0	0	0	0	1	0	0	0	0	0	0	0	0	0	0	0	0	0	0	0	0	0	
N127	6.25522e-88	1.71092e-63	2.57526e-56	6.85711e-50	5.48061e-44	1.58353e-38	1.71305e-33	5.94174e-29	1.57677e-27	2.93113e-26	1.25205e-21	3.64885e-17	5.94941e-13	4.23096e-09	1.12405e-05	0.00846625	0.974349	0.0171216	5.18871e-05	5.18159e-08	2.28183e-11	5.24052e-15	6.99546e-19	5.85048e-23	3.23666e-27	1.23357e-31	3.34098e-36	6.60397e-41	1.13255e-45	
N128	2.06573e-109	2.46525e-83	1.63112e-74	2.05502e-66	7.05266e-59	1.07951e-51	5.2836e-45	7.74697e-39	3.73233e-36	1.58576e-34	1.05173e-28	4.74234e-24	2.83165e-18	6.32952e-13	4.49831e-08	0.000709265	0.995737	0.00355241	1.07522e-06	7.61952e-11	1.92933e-15	2.15056e-20	1.18391e-25	3.46969e-31	1.88508e-36	4.18361e-39	3.16042e-41	2.30014e-43	8.53983e-44	
N129	6.71193e-95	3.09928e-71	6.80102e-65	2.66829e-59	3.22407e-54	1.48014e-49	2.70694e-45	1.70411e-41	3.77403e-40	3.74118e-37	8.11921e-31	1.12597e-24	8.42429e-19	2.42952e-13	2.32013e-08	0.000508672	0.996693	0.0027977	6.00642e-07	3.01492e-11	5.50788e-16	4.56013e-21	1.91578e-26	1.16559e-31	2.75522e-34	7.54092e-38	1.91513e-42	5.98894e-47	9.46694e-45	
Braset	0	0	0	0	0	0	0	0	0	0	0	0	0	0	0	0	1	0	0	0	0	0	0	0	0	0	0	0	0	
N130	7.7804e-94	2.30405e-70	3.43913e-64	9.58258e-59	2.06988e-55	4.93942e-53	5.727e-47	4.52627e-41	2.93355e-38	1.12589e-34	1.22973e-28	6.91556e-23	1.83181e-17	2.05367e-12	8.27003e-08	0.000860733	0.996457	0.00268183	8.44671e-07	7.59165e-11	2.80215e-15	5.13441e-20	5.22285e-25	3.77479e-30	2.40423e-33	8.81605e-37	2.90949e-41	3.69112e-45	2.06727e-47	
N131	9.64382e-110	2.345e-83	2.29499e-74	3.50608e-66	1.4268e-58	2.02833e-51	1.0269e-44	1.74155e-38	2.24504e-36	2.71545e-36	9.50599e-31	2.46701e-25	2.07146e-19	7.1387e-14	8.73809e-09	0.000279234	0.999109	0.000612039	4.85809e-08	1.17363e-12	1.18464e-17	5.83161e-23	1.52582e-28	2.21386e-34	2.2775e-40	1.03795e-45	2.49023e-51	1.15848e-56	1.68811e-61	
Bramel	0	0	0	0	0	0	0	0	0	0	0	0	0	0	0	0	1	0	0	0	0	0	0	0	0	0	0	0	0	
Bratha	0	0	0	0	0	0	0	0	0	0	0	0	0	0	0	0	1	0	0	0	0	0	0	0	0	0	0	0	0	
N132	3.12146e-106	1.87555e-80	5.01411e-72	2.25989e-64	2.94841e-57	1.35049e-50	2.27844e-44	1.24271e-38	2.47e-36	2.39933e-34	1.91731e-28	9.21624e-23	2.24502e-17	2.35926e-12	9.01535e-08	0.000896421	0.997048	0.00205472	5.44123e-07	4.34578e-11	1.47843e-15	2.57374e-20	2.56198e-25	1.58511e-30	2.37677e-35	3.05582e-39	7.02906e-44	5.82548e-48	6.68418e-51	
Bradra	0	0	0	0	0	0	0	0	0	0	0	0	0	0	0	0	1	0	0	0	0	0	0	0	0	0	0	0	0	
Bratra	0	0	0	0	0	0	0	0	0	0	0	0	0	0	0	0	1	0	0	0	0	0	0	0	0	0	0	0	0	
N133	1.85774e-102	5.16072e-77	6.72189e-69	1.52997e-61	1.04031e-54	2.55029e-48	2.35766e-42	7.16135e-37	8.99786e-35	8.66061e-33	4.23054e-27	1.21306e-21	1.74911e-16	1.09298e-11	2.49106e-07	0.00148194	0.995219	0.00329698	1.42356e-06	1.86701e-10	1.04894e-14	3.03395e-19	5.05429e-24	5.23034e-29	4.16468e-34	1.38644e-38	4.5845e-43	4.7214e-47	3.8772e-50	
Bragut	0	0	0	0	0	0	0	0	0	0	0	0	0	0	0	0	1	0	0	0	0	0	0	0	0	0	0	0	0	
Braven	0	0	0	0	0	0	0	0	0	0	0	0	0	0	0	0	1	0	0	0	0	0	0	0	0	0	0	0	0	
N134	2.91222e-97	2.06607e-72	7.36909e-65	4.71553e-58	9.20933e-52	6.55904e-46	1.77489e-40	1.49115e-35	3.13974e-33	5.89064e-29	9.42908e-24	7.80585e-19	3.11052e-14	5.35871e-10	3.33953e-06	0.00537624	0.981739	0.0128593	2.17454e-05	1.09537e-08	2.32948e-12	2.53284e-16	1.58797e-20	6.23534e-25	1.72336e-29	1.0024e-33	1.27375e-37	4.24647e-41	1.63121e-43	
Brapum	0	0	0	0	0	0	0	0	0	0	0	0	0	0	0	0	1	0	0	0	0	0	0	0	0	0	0	0	0	
Bradam	0	0	0	0	0	0	0	0	0	0	0	0	0	0	0	0	1	0	0	0	0	0	0	0	0	0	0	0	0	
