NODE	1	2	3	4	5	6	7	8	9	10	11	12	13	14	15	16	17	18	19	20	21	22	23	24	25	26	27	28	29	
N1	7.00544e-81	1.36391e-57	6.44177e-52	6.14772e-47	2.09134e-42	3.13861e-38	2.23991e-34	7.34727e-31	9.88752e-28	1.43105e-24	1.96483e-21	1.39425e-18	4.71139e-16	6.78017e-14	3.52501e-12	0.170771	0.493912	0.335317	1.7127e-11	1.03211e-12	2.90178e-14	4.54609e-16	4.46013e-18	2.97118e-20	1.42518e-22	5.14467e-25	1.44631e-27	3.25422e-30	6.44721e-33	
N2	4.53307e-84	5.65579e-60	1.89843e-53	1.2176e-47	2.62817e-42	2.44112e-37	1.16589e-32	3.3571e-28	6.41373e-24	7.97378e-20	5.57396e-16	2.01098e-12	3.54776e-09	2.80098e-06	0.000848414	0.0716433	0.401904	0.460401	0.0630117	0.00216047	2.82725e-05	1.79561e-07	6.44036e-10	1.44737e-12	2.21383e-15	3.13049e-18	1.67788e-20	5.37741e-22	1.03852e-22	
N3	6.26776e-90	3.35198e-65	3.95985e-58	8.04154e-52	4.78333e-46	9.97924e-41	7.67256e-36	1.97962e-31	8.8144e-28	7.62379e-25	2.1369e-20	3.28391e-16	2.32563e-12	6.87563e-09	7.26013e-06	0.00211871	0.111474	0.705783	0.174419	0.00613848	5.87663e-05	2.18655e-07	3.92763e-10	3.92922e-13	2.41954e-16	9.86784e-20	2.81837e-23	5.92586e-27	1.33104e-30	
N4	5.0361e-94	3.95902e-69	7.92218e-62	3.03093e-55	3.77674e-49	1.83784e-43	3.69548e-38	2.80953e-33	5.762e-29	1.36361e-24	3.63173e-20	4.74398e-16	2.85015e-12	7.20238e-09	6.67035e-06	0.00182192	0.102652	0.679514	0.206316	0.00956438	0.000123776	6.25829e-07	1.52239e-09	2.04792e-12	1.68099e-15	9.06218e-19	3.72486e-22	2.32132e-25	7.50222e-27	
B3088	0	0	0	0	0	0	0	0	0	0	0	0	0	0	0	0	0	1	0	0	0	0	0	0	0	0	0	0	0	
N5	6.98994e-87	2.62119e-63	9.70049e-57	8.42255e-51	3.01246e-45	5.31959e-40	4.92666e-35	2.44418e-30	6.55577e-26	9.50401e-22	7.3548e-18	2.96465e-14	5.96513e-11	5.59405e-08	2.19701e-05	0.0030486	0.11221	0.64213	0.227327	0.014939	0.000320442	3.03435e-06	1.52344e-08	4.57778e-11	8.96437e-14	1.21815e-16	1.24692e-19	1.42008e-22	6.4772e-24	
N6	5.38866e-44	6.48442e-43	7.76682e-42	8.56882e-41	8.67121e-40	2.41886e-61	6.71593e-38	5.99326e-40	8.46305e-32	2.82901e-37	8.45774e-37	1.21365e-29	6.74672e-35	6.12001e-33	1.58859e-32	1.41926e-13	9.61761e-07	0.999997	1.94094e-06	6.93236e-13	6.33953e-33	1.95666e-33	5.13149e-34	1.17802e-34	2.42022e-35	4.52582e-36	7.80621e-37	1.25869e-37	2.16548e-38	
BGA709	0	0	0	0	0	0	0	0	0	0	0	0	0	0	0	0	0	1	0	0	0	0	0	0	0	0	0	0	0	
BGA710	0	0	0	0	0	0	0	0	0	0	0	0	0	0	0	0	0	1	0	0	0	0	0	0	0	0	0	0	0	
BGA309	0	0	0	0	0	0	0	0	0	0	0	0	0	0	0	0	0	1	0	0	0	0	0	0	0	0	0	0	0	
N7	2.2966e-93	1.56826e-68	2.39227e-61	6.40622e-55	5.22718e-49	1.62174e-43	2.19211e-38	1.42177e-33	3.84656e-29	3.60821e-27	5.45464e-23	1.44183e-18	1.87168e-14	1.09752e-10	2.57952e-07	0.000200701	0.0369771	0.81659	0.143393	0.00282405	1.47984e-05	3.06204e-08	3.12739e-11	1.81635e-14	6.60699e-18	1.61334e-21	2.78656e-25	3.57138e-29	5.78262e-33	
N8	4.72918e-84	4.41945e-63	1.3119e-56	6.92262e-51	1.11383e-45	6.66715e-41	1.65906e-36	1.96644e-32	1.56848e-28	2.12201e-24	3.26845e-20	2.709e-16	1.15314e-12	2.36296e-09	2.10497e-06	0.0006903	0.0619059	0.797179	0.136306	0.00387953	3.63646e-05	1.54604e-07	3.58411e-10	5.10203e-13	4.84337e-16	3.25704e-19	1.62494e-22	6.25958e-26	2.55472e-29	
N9	5.75482e-49	1.51187e-47	3.79146e-46	8.73564e-45	1.84122e-43	1.5039e-64	6.13197e-41	1.59164e-42	3.88746e-34	3.15567e-39	1.91656e-38	4.66429e-31	6.13435e-36	7.72944e-34	3.82643e-33	8.78235e-14	8.35845e-07	0.999997	1.8441e-06	5.10166e-13	1.96784e-33	3.44019e-34	4.96408e-35	6.15255e-36	6.73483e-37	6.64516e-38	6.00264e-39	5.03213e-40	4.40158e-41	
B11696	0	0	0	0	0	0	0	0	0	0	0	0	0	0	0	0	0	1	0	0	0	0	0	0	0	0	0	0	0	
B11697	0	0	0	0	0	0	0	0	0	0	0	0	0	0	0	0	0	1	0	0	0	0	0	0	0	0	0	0	0	
N10	9.75916e-105	2.05389e-78	7.4679e-70	4.02416e-62	5.64534e-55	2.60756e-48	4.19338e-42	2.30466e-36	3.40249e-31	5.49463e-33	5.86441e-32	5.1058e-27	8.96887e-22	1.47743e-16	9.76444e-12	2.24847e-07	0.00134928	0.995598	0.00305067	1.361e-06	1.92577e-10	1.17784e-14	3.64278e-19	6.23322e-24	6.16676e-29	3.56905e-34	1.18475e-39	2.10091e-45	1.94353e-51	
B11609	0	0	0	0	0	0	0	0	0	0	0	0	0	0	0	0	0	1	0	0	0	0	0	0	0	0	0	0	0	
BGA392	0	0	0	0	0	0	0	0	0	0	0	0	0	0	0	0	0	1	0	0	0	0	0	0	0	0	0	0	0	
N11	3.01762e-105	2.72467e-79	4.91981e-71	1.43319e-63	1.15668e-56	3.26899e-50	3.50098e-44	1.50569e-38	2.21916e-33	2.17187e-31	1.21778e-27	1.76941e-22	1.43282e-17	4.99035e-13	6.39173e-09	2.38475e-05	0.0168679	0.864307	0.117743	0.00105602	1.89519e-06	1.12504e-09	2.91812e-13	3.9322e-17	3.0898e-21	1.5352e-25	5.29064e-30	1.90965e-34	2.51908e-37	
N12	1.12839e-89	1.81703e-66	6.93016e-61	5.03622e-56	1.0664e-51	2.64309e-48	7.33913e-46	3.64497e-42	2.07104e-37	3.14708e-33	1.0256e-27	1.71043e-22	1.33183e-17	4.46432e-13	5.63715e-09	2.13686e-05	0.0159183	0.869775	0.113328	0.000956	1.63999e-06	9.50042e-10	2.45073e-13	3.33953e-17	2.69396e-21	1.43728e-25	1.2004e-28	7.38309e-32	1.25151e-33	
N13	6.94954e-91	1.02868e-68	6.81464e-62	8.08324e-56	3.00207e-50	4.45418e-45	3.20252e-40	1.34762e-35	3.919e-31	1.3237e-26	4.05049e-22	6.612e-18	5.50228e-14	2.18472e-10	3.7281e-07	0.000230404	0.0378889	0.837828	0.12171	0.00232886	1.34186e-05	3.34706e-08	4.42249e-11	3.5168e-14	1.83698e-17	6.72082e-21	1.99797e-24	9.93578e-28	1.49361e-29	
N14	6.66296e-48	1.44649e-46	3.0285e-45	5.84366e-44	1.03479e-42	9.23133e-64	2.45747e-40	7.01795e-42	1.28356e-33	1.01629e-38	5.31494e-38	9.84085e-31	1.28589e-35	1.10066e-33	4.84841e-33	1.30139e-13	1.00146e-06	0.999997	2.13388e-06	7.09882e-13	2.28317e-33	4.37864e-34	7.00868e-35	9.71891e-36	1.19854e-36	1.33994e-37	1.37813e-38	1.32058e-39	1.30789e-40	
B985	0	0	0	0	0	0	0	0	0	0	0	0	0	0	0	0	0	1	0	0	0	0	0	0	0	0	0	0	0	
B983	0	0	0	0	0	0	0	0	0	0	0	0	0	0	0	0	0	1	0	0	0	0	0	0	0	0	0	0	0	
N15	1.82508e-81	3.04088e-69	4.98534e-62	1.43475e-55	1.23442e-49	3.79418e-44	4.36418e-39	1.76985e-34	1.59773e-30	8.01531e-30	3.82372e-25	1.73852e-20	4.04632e-16	4.49778e-12	2.14808e-08	3.70395e-05	0.0167465	0.944057	0.0389268	0.000232204	4.36803e-07	3.65165e-10	1.64418e-13	4.50433e-17	8.1634e-21	1.03983e-24	9.74669e-29	7.00141e-33	5.39321e-37	
N16	3.56744e-55	2.34043e-53	1.42636e-51	7.93883e-50	4.02014e-48	4.93128e-69	7.61824e-45	2.94435e-46	2.14387e-37	3.24369e-42	4.61883e-41	3.31424e-33	8.02526e-38	3.71747e-35	4.20641e-34	1.36035e-14	3.51582e-07	0.999999	8.18536e-07	8.69064e-14	2.46599e-34	1.94928e-35	1.2566e-36	6.90519e-38	3.33336e-39	1.44509e-40	5.99994e-42	3.52254e-43	5.37207e-43	
B199	0	0	0	0	0	0	0	0	0	0	0	0	0	0	0	0	0	1	0	0	0	0	0	0	0	0	0	0	0	
BGAA3	0	0	0	0	0	0	0	0	0	0	0	0	0	0	0	0	0	1	0	0	0	0	0	0	0	0	0	0	0	
N17	3.52315e-55	2.31346e-53	1.41118e-51	7.86126e-50	3.98437e-48	9.80603e-69	7.5636e-45	5.86507e-46	3.01618e-37	6.47226e-42	9.22375e-41	4.67407e-33	1.60519e-37	3.71201e-35	4.20326e-34	2.72681e-14	4.97556e-07	0.999998	1.15877e-06	1.74308e-13	2.46611e-34	1.94828e-35	1.25518e-36	6.89295e-38	3.32518e-39	1.44053e-40	5.97778e-42	3.51191e-43	5.37117e-43	
B11604	0	0	0	0	0	0	0	0	0	0	0	0	0	0	0	0	0	1	0	0	0	0	0	0	0	0	0	0	0	
BGA583	0	0	0	0	0	0	0	0	0	0	0	0	0	0	0	0	0	1	0	0	0	0	0	0	0	0	0	0	0	
N18	2.54633e-92	1.51116e-70	2.66904e-63	8.23526e-57	7.6139e-51	2.56432e-45	3.4446e-40	1.96303e-35	4.28503e-31	8.56447e-29	3.63013e-24	1.30981e-19	2.36842e-15	1.99441e-11	6.99252e-08	8.48983e-05	0.0255054	0.886193	0.0871969	0.00101659	3.32948e-06	4.49981e-09	3.10982e-12	1.25814e-15	3.26724e-19	5.81933e-23	7.50345e-27	7.68661e-31	3.14358e-34	
N19	1.30787e-49	3.6703e-48	1.36869e-93	1.31848e-72	7.60763e-70	7.57782e-63	1.31938e-48	9.38849e-41	1.9599e-33	2.19665e-37	1.45653e-36	3.07039e-30	5.62625e-34	1.65828e-38	3.53538e-18	1.12519e-11	9.59517e-06	0.99997	2.06914e-05	6.28216e-11	6.27098e-17	2.08587e-34	2.67305e-35	2.95972e-36	2.90928e-37	2.58927e-38	2.11847e-39	1.6179e-40	1.39015e-41	
BGA89	0	0	0	0	0	0	0	0	0	0	0	0	0	0	0	0	0	1	0	0	0	0	0	0	0	0	0	0	0	
BGA40	0	0	0	0	0	0	0	0	0	0	0	0	0	0	0	0	0	1	0	0	0	0	0	0	0	0	0	0	0	
N20	1.14333e-93	8.52693e-73	1.63304e-65	5.35414e-59	5.13752e-53	1.73463e-47	2.19065e-42	1.00687e-37	1.3507e-33	1.5849e-29	1.26653e-24	5.41335e-20	1.1562e-15	1.14965e-11	4.75341e-08	6.77425e-05	0.0235662	0.90445	0.0712642	0.000650233	1.6816e-06	1.81395e-09	1.01008e-12	3.3195e-16	7.05261e-20	1.03552e-23	1.36257e-27	4.13186e-31	4.88732e-33	
N21	2.60915e-51	9.4229e-50	3.22216e-48	1.01354e-46	2.9204e-45	4.58479e-66	1.82618e-42	9.14257e-44	2.59342e-35	3.44323e-40	2.89248e-39	8.23541e-32	1.78541e-36	2.23411e-34	1.54433e-33	6.93644e-14	7.66269e-07	0.999998	1.70484e-06	4.08172e-13	8.0576e-34	1.00808e-34	1.04091e-35	9.24404e-37	7.26364e-38	5.15489e-39	3.36044e-40	2.07091e-41	2.35489e-42	
BGAA2	0	0	0	0	0	0	0	0	0	0	0	0	0	0	0	0	0	1	0	0	0	0	0	0	0	0	0	0	0	
BGAA1	0	0	0	0	0	0	0	0	0	0	0	0	0	0	0	0	0	1	0	0	0	0	0	0	0	0	0	0	0	
N22	4.96144e-114	5.6946e-87	6.06474e-78	1.35653e-68	2.38767e-60	1.21297e-52	1.53189e-45	5.23093e-39	5.05147e-33	2.2022e-35	1.94299e-34	1.94343e-29	3.95839e-26	7.33688e-20	3.92107e-14	5.77937e-09	0.00022263	0.999273	0.000504352	3.49942e-08	7.71101e-13	5.80642e-18	1.58289e-23	1.33969e-29	6.17225e-38	4.17072e-39	2.58786e-40	1.52672e-41	2.01761e-42	
BGA584	0	0	0	0	0	0	0	0	0	0	0	0	0	0	0	0	0	1	0	0	0	0	0	0	0	0	0	0	0	
BGA706	0	0	0	0	0	0	0	0	0	0	0	0	0	0	0	0	0	1	0	0	0	0	0	0	0	0	0	0	0	
N23	4.8074e-82	7.40206e-65	2.9715e-58	2.11786e-52	4.5856e-47	3.65441e-42	1.17313e-37	1.64127e-33	1.28663e-29	1.87367e-25	3.95104e-21	4.49747e-17	2.63213e-13	7.42115e-10	9.09429e-07	0.000409126	0.0497809	0.8301	0.117122	0.00256863	1.81312e-05	5.74709e-08	9.88398e-11	1.04109e-13	7.30266e-17	3.62613e-20	1.33672e-23	3.85233e-27	1.80047e-30	
N24	7.46446e-50	2.23544e-48	7.99739e-91	8.17659e-70	4.99718e-67	5.25016e-61	9.65477e-46	7.29265e-39	1.62822e-32	1.86628e-35	1.28292e-34	2.85577e-29	5.20894e-32	1.57321e-35	3.3957e-15	1.07303e-09	9.39876e-05	0.999695	0.000211063	6.4201e-09	6.63421e-14	2.46939e-34	3.16513e-35	3.47903e-36	3.37408e-37	2.94776e-38	2.3571e-39	1.75172e-40	1.44759e-41	
BGA304	0	0	0	0	0	0	0	0	0	0	0	0	0	0	0	0	0	1	0	0	0	0	0	0	0	0	0	0	0	
BGA303	0	0	0	0	0	0	0	0	0	0	0	0	0	0	0	0	0	1	0	0	0	0	0	0	0	0	0	0	0	
N25	1.04708e-49	3.05156e-48	8.46301e-47	2.15689e-45	5.02999e-44	2.4635e-65	2.05258e-41	3.19665e-43	1.176e-34	7.78166e-40	5.23977e-39	1.92292e-31	2.06348e-36	5.32432e-34	2.92278e-33	4.02232e-14	5.72489e-07	0.999998	1.27622e-06	2.37837e-13	1.53853e-33	2.43615e-34	3.17976e-35	3.563e-36	3.52554e-37	3.14454e-38	2.56837e-39	1.94987e-40	1.62355e-41	
BGAB1	0	0	0	0	0	0	0	0	0	0	0	0	0	0	0	0	0	1	0	0	0	0	0	0	0	0	0	0	0	
BGA7	0	0	0	0	0	0	0	0	0	0	0	0	0	0	0	0	0	1	0	0	0	0	0	0	0	0	0	0	0	
N26	8.93696e-40	5.59175e-39	1.27383e-84	3.03215e-64	4.31809e-62	7.82103e-56	4.54299e-42	5.86679e-35	2.22208e-28	8.27233e-33	1.34787e-32	5.18315e-27	3.20153e-31	3.25558e-36	1.83998e-16	1.24151e-10	2.65923e-05	0.999938	3.5376e-05	2.66325e-10	7.99786e-16	2.66868e-33	9.09735e-34	2.81268e-34	7.9936e-35	2.11124e-35	5.23105e-36	1.23571e-36	3.29029e-37	
PGA445	0	0	0	0	0	0	0	0	0	0	0	0	0	0	0	0	0	1	0	0	0	0	0	0	0	0	0	0	0	
PGA363	0	0	0	0	0	0	0	0	0	0	0	0	0	0	0	0	0	1	0	0	0	0	0	0	0	0	0	0	0	
N27	2.89828e-87	1.87487e-61	2.30475e-53	4.44523e-46	2.29761e-39	3.79981e-33	2.05944e-27	2.97214e-22	2.91839e-19	5.56634e-16	6.39273e-12	1.38278e-08	7.50751e-06	0.00117637	0.0510663	0.469286	0.455968	0.022469	2.64965e-05	7.66289e-09	9.07752e-13	5.58285e-17	2.03567e-21	4.77829e-26	7.62615e-31	8.68253e-36	1.33662e-40	7.80003e-45	3.34805e-45	
N28	1.20877e-68	4.31533e-44	3.61197e-37	4.79161e-31	1.69308e-25	1.87248e-20	6.68117e-16	7.2938e-12	2.13152e-08	1.32346e-05	0.00131215	0.0268524	0.16288	0.360983	0.320985	0.113415	0.0133416	0.000216046	5.27297e-07	5.5934e-10	3.34944e-13	1.28646e-16	3.42639e-20	6.67947e-24	1.01676e-27	2.54856e-31	2.9709e-33	1.5255e-34	1.3585e-34	
Rhaspe	0	0	0	0	0	0	0	0	0	1	0	0	0	0	0	0	0	0	0	0	0	0	0	0	0	0	0	0	0	
N29	4.6084e-55	1.34687e-33	1.14254e-29	2.76479e-26	9.28411e-22	1.89818e-17	1.39366e-13	3.61797e-10	3.06143e-07	7.22021e-05	0.00385904	0.0515436	0.225393	0.378399	0.261131	0.0726185	0.00687532	0.000108102	4.37478e-07	8.61577e-10	1.02665e-12	8.27251e-16	4.82172e-19	2.1504e-22	1.05481e-25	6.93057e-28	5.37983e-30	9.38928e-32	2.23817e-32	
Rhamar	0	0	0	0	0	0	0	0	0	1	0	0	0	0	0	0	0	0	0	0	0	0	0	0	0	0	0	0	0	
Rhatem	0	0	0	0	0	0	0	0	0	0	1	0	0	0	0	0	0	0	0	0	0	0	0	0	0	0	0	0	0	
N30	4.82715e-93	2.37648e-68	4.78424e-62	6.2206e-55	8.72476e-48	3.56873e-41	4.88562e-35	1.03947e-29	3.69999e-26	7.0193e-21	8.43413e-16	2.5719e-11	1.59808e-07	0.000170977	0.026111	0.434694	0.512602	0.0263663	5.59216e-05	1.99833e-08	2.21962e-12	1.04674e-16	2.50531e-21	5.08508e-26	2.73274e-30	4.23141e-33	7.71059e-37	3.30104e-37	3.84846e-38	
N31	2.59079e-90	9.24511e-65	6.79265e-57	8.49263e-50	3.12534e-43	4.10699e-37	2.03676e-31	3.53424e-26	7.62926e-22	1.50099e-19	4.11289e-15	5.51829e-11	1.7767e-07	0.000113981	0.0145625	0.301555	0.598081	0.0846392	0.00104488	2.69323e-06	2.36838e-09	9.34819e-13	1.96372e-16	2.46151e-20	1.9976e-24	1.13188e-28	5.67888e-33	2.35122e-36	5.2548e-39	
N32	2.24605e-79	7.62735e-55	6.86245e-48	1.18659e-41	6.823e-36	1.59992e-30	1.67747e-25	8.14052e-21	1.81482e-16	1.77155e-12	6.77324e-09	7.8398e-06	0.000979236	0.0261741	0.206457	0.482928	0.265454	0.0177971	0.000202127	8.18885e-07	1.60194e-09	1.78914e-12	1.26934e-15	6.15939e-19	2.15823e-22	5.73134e-26	1.49976e-29	1.22657e-32	2.81559e-34	
N33	1.63186e-39	1.28013e-38	1.01898e-37	7.33587e-37	4.74466e-36	2.73551e-35	2.93802e-58	1.50148e-35	1.8096e-34	1.69036e-35	2.74047e-28	7.58756e-33	8.22079e-32	1.11929e-31	1.73936e-12	3.25876e-06	0.999994	2.54642e-06	1.34871e-12	2.26281e-33	5.77092e-34	1.30394e-34	2.66095e-35	4.97891e-36	8.64485e-37	1.4064e-37	2.16113e-38	3.16908e-39	5.06977e-40	
FGA379	0	0	0	0	0	0	0	0	0	0	0	0	0	0	0	0	1	0	0	0	0	0	0	0	0	0	0	0	0	
F647	0	0	0	0	0	0	0	0	0	0	0	0	0	0	0	0	1	0	0	0	0	0	0	0	0	0	0	0	0	
N34	3.30441e-73	8.50932e-49	5.58817e-42	7.00172e-36	2.87112e-30	4.65256e-25	3.20947e-20	9.56166e-16	1.18131e-11	5.53829e-08	8.18477e-05	0.0250985	0.267403	0.457468	0.214604	0.0336237	0.0017009	1.93652e-05	6.2527e-08	9.10422e-11	7.41509e-14	3.82236e-17	1.35148e-20	3.46849e-24	6.73876e-28	1.02425e-31	1.26686e-35	1.57218e-39	3.17481e-42	
N35	3.23207e-78	3.86574e-53	9.78595e-46	4.12351e-39	5.07946e-33	2.17232e-27	4.41642e-22	5.95513e-17	3.10647e-12	5.59707e-08	0.000266988	0.140942	0.56045	0.281857	0.0162663	0.00021756	8.019e-07	8.2241e-10	3.27956e-13	6.44505e-17	7.18e-21	4.94615e-25	3.17137e-29	1.04657e-29	6.2694e-31	2.70755e-33	1.35504e-35	1.29426e-36	3.69378e-37	
N36	1.01062e-74	3.84568e-51	1.33992e-45	1.0293e-40	3.41279e-34	4.16029e-28	9.86955e-23	4.26647e-17	5.84642e-12	2.18945e-07	0.00144631	0.391706	0.545788	0.060356	0.000702139	1.57836e-06	8.68639e-10	1.35518e-13	8.3149e-18	2.42693e-22	4.66693e-27	1.96332e-30	2.98315e-33	4.65187e-36	1.33307e-38	1.45082e-39	2.38837e-41	2.95366e-41	4.53891e-42	
N37	1.42792e-40	1.84062e-39	2.27972e-38	2.51443e-37	6.0216e-39	4.59952e-37	1.03612e-30	3.60447e-35	2.25344e-15	1.23963e-07	0.999995	5.09433e-06	3.92025e-12	5.95e-32	1.91934e-32	4.35665e-33	7.72772e-34	1.14111e-34	1.46149e-35	1.66991e-36	1.73716e-37	1.6704e-38	1.50252e-39	1.28737e-40	1.12402e-41	2.47117e-42	9.07411e-43	9.57603e-43	6.01635e-43	
F3016	0	0	0	0	0	0	0	0	0	0	1	0	0	0	0	0	0	0	0	0	0	0	0	0	0	0	0	0	0	
F3015	0	0	0	0	0	0	0	0	0	0	1	0	0	0	0	0	0	0	0	0	0	0	0	0	0	0	0	0	0	
N38	1.13025e-74	2.61319e-51	1.33194e-45	1.6818e-40	3.77469e-34	5.97989e-28	1.28055e-22	5.87474e-17	8.28469e-12	3.06769e-07	0.00189874	0.484447	0.489915	0.0236416	9.65297e-05	6.83772e-08	1.29067e-11	9.19158e-16	3.19082e-20	6.25663e-25	7.5272e-30	6.48441e-35	5.29119e-39	8.57197e-41	7.14682e-41	2.29252e-40	9.60047e-43	1.57607e-42	4.0417e-44	
N39	9.77598e-78	1.69795e-55	2.68047e-48	3.46672e-41	1.21817e-34	1.48968e-28	7.88557e-23	2.65266e-17	3.14561e-12	1.1206e-07	0.00084193	0.540438	0.448323	0.0103789	1.82648e-05	6.86406e-09	9.40097e-13	6.17782e-17	2.28552e-21	5.27422e-26	1.04052e-30	6.77602e-35	2.26082e-38	2.14577e-40	1.37035e-44	1.46908e-46	3.39058e-51	1.33417e-53	6.40203e-58	
N40	1.03164e-89	5.07009e-63	3.74194e-54	3.80321e-46	9.55396e-39	5.42198e-32	8.58238e-26	2.51156e-19	2.27284e-13	5.26332e-08	0.00182144	0.830526	0.167261	0.000390987	5.42455e-08	1.75793e-12	2.16307e-17	1.25853e-22	3.8929e-28	6.89972e-34	1.59335e-39	3.26459e-43	1.69041e-45	1.93403e-46	6.0644e-49	9.6842e-50	5.84607e-53	2.67976e-54	2.39543e-57	
N41	6.84902e-77	2.55877e-53	2.07739e-47	3.00986e-42	2.20746e-36	1.07066e-29	1.24265e-23	1.49896e-17	5.21789e-12	4.42418e-07	0.00535884	0.839519	0.154761	0.000360344	6.36941e-08	3.09569e-12	6.35848e-17	6.58564e-22	4.75184e-27	9.93353e-31	6.22688e-35	3.77347e-38	1.03398e-41	3.84883e-41	7.89473e-43	1.89783e-42	1.6456e-45	1.89458e-46	2.40628e-49	
N42	1.50082e-41	2.58345e-40	4.18722e-39	6.01678e-38	5.0756e-39	4.98569e-37	8.66094e-31	6.23605e-35	4.7754e-15	1.87299e-07	0.999992	7.71798e-06	5.29264e-12	1.38965e-32	2.30345e-33	2.88343e-34	2.96395e-35	2.6288e-36	2.07733e-37	1.4954e-38	9.96704e-40	6.2663e-41	4.08947e-42	1.2734e-42	4.73711e-43	6.39003e-43	1.93792e-43	1.30214e-43	4.46145e-44	
F1476	0	0	0	0	0	0	0	0	0	0	1	0	0	0	0	0	0	0	0	0	0	0	0	0	0	0	0	0	0	
FGA81	0	0	0	0	0	0	0	0	0	0	1	0	0	0	0	0	0	0	0	0	0	0	0	0	0	0	0	0	0	
N43	1.51367e-82	2.18336e-59	5.25612e-51	2.10904e-43	2.52772e-36	1.02585e-29	2.25433e-23	1.93422e-17	5.71187e-12	4.8181e-07	0.00724126	0.831003	0.160757	0.000997939	3.66856e-07	3.684e-11	1.54434e-15	3.35174e-20	4.8372e-25	8.46671e-29	6.39321e-33	4.80552e-35	1.05231e-37	2.84058e-35	1.21467e-37	5.9287e-38	8.73843e-41	4.17914e-42	7.73138e-45	
Furcep	0	0	0	0	0	0	0	0	0	0	0	0	0	1	0	0	0	0	0	0	0	0	0	0	0	0	0	0	0	
N44	1.04272e-74	2.05891e-53	1.78089e-46	3.44394e-39	1.85935e-32	3.41518e-26	2.3076e-20	5.68782e-15	4.73361e-10	1.09907e-05	0.0445572	0.862528	0.0926004	0.000303264	1.25665e-07	1.81649e-11	1.27082e-15	5.09037e-20	1.29682e-24	3.62194e-29	6.79805e-33	1.96491e-36	1.8702e-39	6.08373e-41	4.09069e-45	7.18852e-47	1.56e-51	4.09289e-54	1.27569e-58	
Furpol	0	0	0	0	0	0	0	0	0	0	0	1	0	0	0	0	0	0	0	0	0	0	0	0	0	0	0	0	0	
N45	1.36501e-74	2.46731e-49	9.71063e-42	6.65175e-35	1.34751e-28	9.62983e-23	2.58164e-17	2.50817e-12	7.91735e-08	0.000631636	0.675632	0.318202	0.00552764	6.42926e-06	2.26602e-09	3.59953e-13	3.14539e-17	1.70572e-21	6.22147e-26	1.63187e-30	3.4904e-35	3.78383e-39	2.00524e-42	1.01449e-44	7.83541e-49	1.55555e-51	5.16798e-56	1.40558e-59	4.75355e-64	
N46	5.55918e-75	1.25677e-49	6.31254e-42	5.41149e-35	1.34598e-28	1.15814e-22	3.63779e-17	4.0065e-12	1.36159e-07	0.00106665	0.912193	0.0864573	0.000283137	1.4867e-07	2.77687e-11	2.52646e-15	1.3272e-19	4.47555e-24	1.04126e-28	1.86129e-33	5.41462e-38	1.59736e-40	1.90902e-44	6.5665e-47	2.27857e-51	1.63334e-54	3.80095e-59	6.81093e-63	1.62667e-67	
N47	5.69733e-45	2.61935e-43	8.3463e-67	7.03131e-47	1.91294e-38	4.508e-36	1.18138e-30	2.2886e-20	4.60286e-13	2.13429e-06	0.999967	3.06589e-05	6.15858e-11	3.3764e-17	8.86628e-36	3.50451e-37	1.17873e-38	3.49831e-40	9.394e-42	2.70969e-43	3.97883e-44	2.46259e-43	3.72104e-44	1.06311e-43	1.17162e-44	8.68641e-45	7.79467e-46	4.18302e-46	4.65657e-47	
F2241	0	0	0	0	0	0	0	0	0	0	1	0	0	0	0	0	0	0	0	0	0	0	0	0	0	0	0	0	0	
F12266	0	0	0	0	0	0	0	0	0	0	1	0	0	0	0	0	0	0	0	0	0	0	0	0	0	0	0	0	0	
Furang	0	0	0	0	0	0	0	0	0	0	1	0	0	0	0	0	0	0	0	0	0	0	0	0	0	0	0	0	0	
Fga490	0	0	0	0	0	0	0	0	0	0	1	0	0	0	0	0	0	0	0	0	0	0	0	0	0	0	0	0	0	
N48	2.94053e-83	2.43187e-57	3.87277e-49	1.01173e-41	7.84065e-35	2.25883e-28	2.89408e-22	1.69125e-16	3.2094e-11	1.58938e-06	0.0119535	0.941416	0.0465932	3.60088e-05	5.70203e-09	3.30539e-13	9.21042e-18	1.4374e-22	1.38327e-27	9.79053e-33	9.52232e-38	1.20099e-41	2.01665e-45	1.54283e-45	6.13811e-47	1.02421e-47	1.05393e-50	1.52093e-52	1.84978e-55	
N49	9.63589e-80	1.80673e-54	2.02579e-46	3.1171e-39	1.12193e-32	1.07657e-26	1.44691e-21	5.80608e-16	7.47865e-11	2.52368e-06	0.0132929	0.952947	0.0337238	3.40853e-05	6.9426e-09	5.23511e-13	1.92508e-17	3.99004e-22	5.14853e-27	1.20859e-31	7.4702e-36	3.24163e-38	3.96427e-42	1.38397e-43	1.2432e-43	3.38498e-44	5.72167e-47	1.43535e-48	2.77351e-51	
N50	7.62863e-87	1.08024e-60	3.23223e-52	1.38455e-44	1.53644e-37	5.19827e-31	2.44597e-25	4.07463e-19	2.27452e-13	3.54548e-08	0.000996993	0.954282	0.0446232	9.80717e-05	1.37155e-08	5.46399e-13	9.27982e-18	8.23351e-23	4.40869e-28	1.03819e-32	8.63301e-37	3.56521e-39	7.07283e-44	4.88069e-43	3.35121e-44	1.27836e-45	7.01221e-49	6.57232e-51	3.89542e-54	
N51	1.42877e-80	2.17906e-58	2.86668e-50	6.55945e-43	4.53522e-36	1.22725e-29	1.43334e-23	7.36636e-18	1.33539e-12	7.35317e-08	0.000880754	0.972225	0.026862	3.199e-05	7.05138e-09	5.60661e-13	2.15857e-17	4.71449e-22	6.55801e-27	2.36293e-31	2.31935e-35	4.57096e-38	1.72036e-41	2.76418e-43	5.0542e-48	1.89749e-50	1.98735e-55	1.01305e-58	1.24539e-63	
N52	4.99997e-80	2.79036e-55	1.17062e-47	1.02122e-40	3.293e-34	4.59041e-28	2.79432e-22	7.13702e-17	6.71997e-12	2.01125e-07	0.00139456	0.987969	0.0106259	1.01497e-05	2.71788e-09	3.11259e-13	1.89613e-17	7.00971e-22	1.71759e-26	3.26923e-31	8.60146e-36	1.76667e-38	9.50884e-42	5.29663e-44	1.77738e-48	1.38201e-51	3.09392e-56	5.69476e-60	1.26586e-64	
FGA456	0	0	0	0	0	0	0	0	0	0	0	1	0	0	0	0	0	0	0	0	0	0	0	0	0	0	0	0	0	
N53	1.02707e-46	1.21036e-73	6.8609e-64	1.10029e-49	5.34335e-41	5.61314e-33	3.15391e-36	3.19365e-30	1.39508e-20	3.26531e-13	1.79928e-06	0.999991	6.71058e-06	5.96474e-12	1.71368e-18	1.1906e-36	4.09749e-38	1.23202e-39	3.32695e-41	8.37577e-43	2.42256e-44	3.58854e-44	3.40621e-44	2.44926e-43	2.80006e-44	2.56704e-44	2.42411e-45	1.36082e-45	1.57342e-46	
FGA516	0	0	0	0	0	0	0	0	0	0	0	1	0	0	0	0	0	0	0	0	0	0	0	0	0	0	0	0	0	
FGA513	0	0	0	0	0	0	0	0	0	0	0	1	0	0	0	0	0	0	0	0	0	0	0	0	0	0	0	0	0	
N54	1.71914e-44	5.47477e-43	3.01145e-64	3.1234e-62	9.04403e-42	7.16374e-33	2.09258e-37	1.60539e-30	3.4366e-35	5.45216e-15	2.29539e-07	0.999999	8.7946e-07	1.03749e-13	1.14538e-34	7.4736e-36	4.08818e-37	1.95411e-38	8.39163e-40	3.30592e-41	1.22863e-42	1.30102e-43	8.8931e-44	3.81814e-43	7.33932e-44	6.65511e-44	1.01017e-44	5.74486e-45	1.04639e-45	
F12278	0	0	0	0	0	0	0	0	0	0	0	1	0	0	0	0	0	0	0	0	0	0	0	0	0	0	0	0	0	
F12279	0	0	0	0	0	0	0	0	0	0	0	1	0	0	0	0	0	0	0	0	0	0	0	0	0	0	0	0	0	
N55	4.47562e-77	3.92567e-54	1.06248e-46	5.15201e-40	7.72524e-34	4.52732e-28	1.26544e-22	2.08604e-17	1.89034e-12	6.03235e-08	0.000532493	0.711463	0.274404	0.0135884	1.17374e-05	3.16277e-09	3.97038e-13	2.81594e-17	1.26819e-21	4.85011e-26	5.19877e-30	5.33715e-32	4.73021e-35	3.76261e-37	2.04237e-41	8.08248e-45	2.55711e-49	5.79684e-53	1.77638e-57	
Furant	0	0	0	0	0	0	0	0	0	0	0	1	0	0	0	0	0	0	0	0	0	0	0	0	0	0	0	0	0	
N56	6.08947e-44	2.68179e-42	1.07247e-40	3.78248e-39	1.74655e-60	1.4716e-38	4.735e-30	1.69981e-34	3.09636e-28	5.09719e-32	1.31859e-30	4.88467e-11	2.05682e-05	0.999979	3.95587e-07	3.24675e-14	4.55362e-36	1.51256e-37	4.54864e-39	1.27561e-40	3.95321e-42	4.64411e-42	4.28773e-42	2.60337e-41	3.40711e-42	2.44254e-42	2.4612e-43	1.31172e-43	1.62869e-44	
FGA331	0	0	0	0	0	0	0	0	0	0	0	0	0	1	0	0	0	0	0	0	0	0	0	0	0	0	0	0	0	
FGA332	0	0	0	0	0	0	0	0	0	0	0	0	0	1	0	0	0	0	0	0	0	0	0	0	0	0	0	0	0	
FGA465	0	0	0	0	0	0	0	0	0	0	1	0	0	0	0	0	0	0	0	0	0	0	0	0	0	0	0	0	0	
N57	1.585e-76	3.46891e-51	1.68513e-43	1.47469e-36	3.96918e-30	3.8657e-24	1.48142e-18	2.08943e-13	9.58641e-09	0.000111674	0.178757	0.813323	0.00780055	6.88319e-06	1.83136e-09	2.17679e-13	1.41497e-17	5.68882e-22	1.53658e-26	3.04802e-31	5.71928e-36	3.27349e-39	1.58123e-42	6.00792e-45	2.54143e-49	2.01474e-52	5.0995e-57	7.31637e-61	1.66898e-65	
N58	2.38999e-43	6.64916e-42	1.70001e-40	3.83033e-39	1.37415e-38	2.08291e-36	1.05032e-30	5.98211e-34	6.75732e-14	7.2077e-07	0.999951	4.79074e-05	6.1273e-11	2.68947e-33	2.26189e-34	1.51521e-35	8.59674e-37	4.29203e-38	1.9349e-39	8.03261e-41	3.16666e-42	3.9651e-43	2.2676e-43	8.62885e-43	1.72066e-43	1.35133e-43	2.06325e-44	1.14659e-44	2.13895e-45	
FGA99	0	0	0	0	0	0	0	0	0	0	1	0	0	0	0	0	0	0	0	0	0	0	0	0	0	0	0	0	0	
F12269	0	0	0	0	0	0	0	0	0	0	1	0	0	0	0	0	0	0	0	0	0	0	0	0	0	0	0	0	0	
N59	5.0138e-76	7.93793e-51	3.58466e-43	2.94648e-36	7.43085e-30	6.78365e-24	2.34518e-18	2.97558e-13	1.23455e-08	0.000131232	0.196172	0.799705	0.00398872	3.00985e-06	7.57839e-10	8.89808e-14	5.85185e-18	2.42128e-22	6.84592e-27	2.5743e-31	7.10199e-35	1.04939e-36	1.42575e-40	1.25411e-42	4.43597e-47	4.12637e-50	1.03199e-54	3.07302e-58	8.17183e-63	
N60	1.35885e-44	5.13283e-43	1.76063e-41	5.30574e-40	4.79166e-41	9.6685e-39	4.74699e-32	4.89293e-36	7.31422e-16	7.55364e-08	0.999991	8.46035e-06	1.10991e-12	1.93438e-33	1.2215e-34	6.15814e-36	2.63389e-37	9.92336e-39	3.37733e-40	1.06374e-41	3.44927e-43	2.18532e-43	1.61726e-43	8.44871e-43	1.24932e-43	9.48087e-44	1.08944e-44	5.92457e-45	8.37574e-46	
FGA15	0	0	0	0	0	0	0	0	0	0	1	0	0	0	0	0	0	0	0	0	0	0	0	0	0	0	0	0	0	
FGA440	0	0	0	0	0	0	0	0	0	0	1	0	0	0	0	0	0	0	0	0	0	0	0	0	0	0	0	0	0	
N61	1.02516e-43	3.70803e-42	2.8482e-63	3.25142e-61	1.01837e-40	7.63572e-32	2.56769e-36	1.74287e-29	3.88652e-34	5.16383e-14	1.28174e-06	0.999998	5.63067e-07	4.8484e-14	2.96731e-35	1.39008e-36	5.58699e-38	1.99401e-39	6.46927e-41	2.04939e-42	1.53701e-43	5.59785e-43	1.13237e-43	2.89268e-43	4.00569e-44	2.60977e-44	2.76592e-45	1.44043e-45	1.89269e-46	
FGA581	0	0	0	0	0	0	0	0	0	0	0	1	0	0	0	0	0	0	0	0	0	0	0	0	0	0	0	0	0	
FGA582	0	0	0	0	0	0	0	0	0	0	0	1	0	0	0	0	0	0	0	0	0	0	0	0	0	0	0	0	0	
N62	1.20609e-40	1.72773e-39	2.35467e-38	2.84594e-37	3.0147e-36	7.42067e-37	3.02346e-35	6.38377e-35	1.29795e-28	8.39011e-34	5.92733e-13	2.92608e-06	0.999995	2.01696e-06	7.31201e-13	3.59617e-34	4.35436e-35	4.58657e-36	4.32384e-37	3.72269e-38	2.97162e-39	2.23136e-40	1.64308e-41	2.5353e-42	6.96394e-43	6.56545e-43	2.10566e-43	1.44385e-43	5.68318e-44	
FGA104	0	0	0	0	0	0	0	0	0	0	0	0	1	0	0	0	0	0	0	0	0	0	0	0	0	0	0	0	0	
FGA105	0	0	0	0	0	0	0	0	0	0	0	0	1	0	0	0	0	0	0	0	0	0	0	0	0	0	0	0	0	
FGA489	0	0	0	0	0	0	0	0	0	0	1	0	0	0	0	0	0	0	0	0	0	0	0	0	0	0	0	0	0	
N63	9.08388e-40	1.08063e-38	6.82776e-63	3.0638e-60	3.17129e-41	3.9347e-34	1.19743e-27	4.02759e-31	7.19207e-27	1.14761e-29	4.25618e-15	1.5917e-09	0.000115472	0.99982	6.4573e-05	8.13158e-10	3.99386e-15	9.01386e-35	1.21361e-35	1.47135e-36	1.63388e-37	1.68385e-38	1.62808e-39	1.51127e-40	1.4394e-41	3.01855e-42	9.53893e-43	8.10341e-43	4.71579e-43	
FGA174	0	0	0	0	0	0	0	0	0	0	0	0	0	1	0	0	0	0	0	0	0	0	0	0	0	0	0	0	0	
FGA175	0	0	0	0	0	0	0	0	0	0	0	0	0	1	0	0	0	0	0	0	0	0	0	0	0	0	0	0	0	
FurbGB	0	0	0	0	0	0	0	0	0	0	0	1	0	0	0	0	0	0	0	0	0	0	0	0	0	0	0	0	0	
N64	2.79629e-84	1.86345e-61	2.08739e-56	2.27535e-52	1.47256e-46	1.27274e-40	4.31933e-35	5.14273e-30	9.94034e-26	2.62863e-21	1.02038e-16	1.63751e-12	9.25617e-09	1.41843e-05	0.00433962	0.183925	0.644179	0.163594	0.0039274	2.06278e-05	3.75134e-08	3.06862e-11	1.33319e-14	4.68666e-18	2.82041e-21	2.21656e-23	4.02803e-26	2.86996e-27	8.45942e-29	
N65	1.03517e-87	2.27044e-63	1.21034e-56	1.21022e-50	4.23926e-45	7.34268e-40	8.10487e-35	6.26043e-30	3.20687e-25	9.57908e-21	1.45446e-16	1.04667e-12	3.28457e-09	3.92395e-06	0.00141486	0.0993708	0.621458	0.264728	0.0128676	0.000155864	7.13638e-07	1.57053e-09	1.9354e-12	1.4833e-15	7.67759e-19	3.53794e-22	4.52507e-25	5.33923e-27	3.36941e-28	
N66	1.15823e-86	1.15658e-63	1.2197e-56	2.31022e-50	1.40807e-44	3.58966e-39	4.31086e-34	2.0889e-29	3.3887e-27	5.80203e-23	1.93072e-18	3.10306e-14	2.22732e-10	6.29263e-07	0.000560815	0.100322	0.705633	0.189093	0.00436659	2.41232e-05	5.03007e-08	5.07271e-11	2.88259e-14	1.02222e-17	2.43154e-21	4.09174e-25	5.07639e-29	4.87479e-33	7.41603e-37	
N67	1.26961e-44	2.10072e-43	6.69715e-87	3.84725e-66	1.31476e-63	1.44059e-57	7.79001e-43	6.00741e-36	1.34782e-29	4.42395e-33	1.59091e-32	3.35727e-27	1.63162e-30	1.23583e-34	1.17477e-14	2.78493e-09	0.000156118	0.999771	7.27354e-05	1.0134e-09	5.4704e-15	1.39179e-34	2.05092e-35	2.7114e-36	3.2726e-37	3.65482e-38	3.81775e-39	3.78517e-40	4.38125e-41	
CGA312	0	0	0	0	0	0	0	0	0	0	0	0	0	0	0	0	0	1	0	0	0	0	0	0	0	0	0	0	0	
CGA963	0	0	0	0	0	0	0	0	0	0	0	0	0	0	0	0	0	1	0	0	0	0	0	0	0	0	0	0	0	
N68	1.08905e-102	1.19713e-76	2.84696e-68	1.06151e-60	1.06428e-53	3.45337e-47	3.73978e-41	7.59e-36	1.1279e-33	4.83464e-28	2.23009e-22	4.49471e-17	3.55786e-12	9.25376e-08	0.000541076	0.142037	0.747861	0.108946	0.000613949	5.30572e-07	1.34362e-10	1.37969e-14	6.92847e-19	1.91073e-23	3.11475e-28	3.14565e-33	1.54211e-37	1.03858e-37	1.42282e-37	
N69	3.27157e-97	2.76982e-72	1.16729e-64	5.29811e-58	4.22169e-52	2.08024e-47	1.11246e-43	2.03354e-39	2.42162e-35	3.13168e-31	1.81319e-24	4.33069e-18	3.18574e-12	5.07569e-07	0.00368633	0.306051	0.682059	0.00820052	2.09772e-06	7.39236e-11	7.72393e-16	3.31829e-21	6.87161e-27	7.46173e-33	4.56674e-39	7.28267e-44	4.35316e-42	3.42579e-42	3.60471e-41	
N70	1.00463e-93	4.69779e-69	1.85242e-62	8.17809e-57	9.32027e-52	3.63402e-47	5.65644e-43	8.85775e-39	2.61562e-35	2.18967e-29	3.78914e-23	2.30034e-17	4.69653e-12	2.66632e-07	0.00237845	0.294002	0.695799	0.00781672	3.81942e-06	3.87356e-10	1.38284e-14	2.15077e-19	1.629e-24	1.89762e-28	4.17613e-32	2.42077e-35	6.64588e-38	2.59376e-39	6.41882e-39	
N71	1.15746e-97	4.11831e-72	1.98742e-63	4.92156e-56	2.62112e-49	4.00291e-43	1.86576e-37	2.44321e-32	9.75737e-30	1.05545e-27	2.15936e-22	2.45608e-17	1.13351e-12	1.87583e-08	8.95754e-05	0.0705875	0.865949	0.0632483	0.000125416	6.21597e-08	1.24587e-11	1.25313e-15	7.07949e-20	2.40468e-24	5.09991e-29	7.39894e-34	1.13651e-37	1.41087e-39	1.63047e-40	
CGA642	0	0	0	0	0	0	0	0	0	0	0	0	0	0	0	0	1	0	0	0	0	0	0	0	0	0	0	0	0	
N72	3.02462e-77	2.87201e-64	1.23576e-58	9.96195e-54	2.55666e-49	2.48415e-45	9.626e-42	7.29232e-38	3.08507e-33	2.34576e-29	8.77616e-24	1.83731e-18	1.60504e-13	5.2005e-09	4.8854e-05	0.0760062	0.844581	0.0792544	0.000109776	3.60854e-08	4.64834e-12	2.97395e-16	1.07815e-20	2.52121e-25	3.92242e-29	4.79396e-32	1.14883e-35	3.97667e-39	1.14793e-40	
N73	1.34495e-53	8.6995e-52	5.21602e-50	8.43453e-72	1.04492e-70	6.3162e-45	8.6237e-47	1.4011e-37	1.49894e-42	2.5531e-41	7.23621e-34	5.32673e-39	6.14331e-35	7.94996e-16	7.41126e-08	0.999994	5.73312e-06	1.66828e-12	2.01512e-32	2.07827e-33	1.54716e-34	9.18166e-36	4.59557e-37	2.01072e-38	7.88628e-40	2.87801e-41	1.63406e-42	4.49559e-43	2.04608e-42	
CGA763	0	0	0	0	0	0	0	0	0	0	0	0	0	0	0	1	0	0	0	0	0	0	0	0	0	0	0	0	0	
CGA764	0	0	0	0	0	0	0	0	0	0	0	0	0	0	0	1	0	0	0	0	0	0	0	0	0	0	0	0	0	
N74	8.20836e-52	5.03331e-50	2.85454e-48	1.46951e-46	6.83416e-45	4.99955e-66	1.06328e-41	2.39604e-43	1.89052e-34	1.9874e-39	2.36656e-38	1.69185e-30	2.53075e-35	1.25777e-32	8.65828e-32	8.26672e-13	4.28368e-06	0.999995	2.16529e-07	8.66572e-15	2.07818e-35	1.00842e-36	4.27886e-38	1.62923e-39	5.75731e-41	2.72347e-42	3.9333e-43	6.73692e-43	4.13597e-42	
C601	0	0	0	0	0	0	0	0	0	0	0	0	0	0	0	0	0	1	0	0	0	0	0	0	0	0	0	0	0	
C602	0	0	0	0	0	0	0	0	0	0	0	0	0	0	0	0	0	1	0	0	0	0	0	0	0	0	0	0	0	
N75	1.48512e-87	3.91932e-64	2.36365e-58	2.71592e-53	1.07775e-48	1.87695e-44	1.45709e-40	1.91771e-37	3.70411e-32	4.23518e-26	1.75048e-20	2.60933e-15	1.28597e-10	1.74619e-06	0.00381862	0.309909	0.678305	0.00795755	8.25001e-06	2.20761e-09	2.33209e-13	1.16683e-17	3.04003e-22	1.33643e-26	1.79399e-29	2.66553e-32	5.83202e-36	3.30488e-38	2.19437e-37	
CGA236	0	0	0	0	0	0	0	0	0	0	0	0	0	0	0	0	1	0	0	0	0	0	0	0	0	0	0	0	0	
N76	2.52393e-81	4.93219e-59	1.14759e-53	4.71489e-49	5.16245e-46	2.74084e-43	1.79689e-37	7.78678e-32	2.2085e-26	2.97579e-21	1.73559e-16	4.05231e-12	3.27894e-08	7.02358e-05	0.0230953	0.40504	0.563437	0.00833999	1.73345e-05	1.12937e-08	3.2863e-12	5.15912e-16	4.89426e-20	3.12846e-24	9.39554e-28	2.47497e-30	1.35276e-33	1.87844e-36	7.58393e-38	
N77	2.67228e-86	1.27268e-61	1.41052e-54	2.9694e-48	2.17203e-42	6.9672e-37	1.03049e-31	6.65948e-27	1.44634e-22	8.60648e-19	2.25636e-14	2.62939e-10	1.12973e-06	0.00126879	0.0530158	0.422402	0.485579	0.0375927	0.000140055	1.65087e-07	9.12561e-11	2.86341e-14	5.7209e-18	7.86806e-22	7.99554e-26	8.92214e-30	2.56577e-33	7.18378e-36	7.04959e-38	
Calboe	0	0	0	0	0	0	0	0	0	0	0	0	0	1	0	0	0	0	0	0	0	0	0	0	0	0	0	0	0	
C3125	0	0	0	0	0	0	0	0	0	0	0	0	0	0	0	0	0	1	0	0	0	0	0	0	0	0	0	0	0	
N78	7.14987e-47	1.70899e-45	3.8959e-44	8.12128e-43	1.59651e-83	2.64168e-40	2.27383e-60	1.23799e-58	4.68632e-58	6.49485e-41	2.90839e-55	4.7945e-34	7.54096e-34	6.94591e-17	1	2.24688e-15	6.99611e-31	5.8331e-32	1.40779e-32	2.46046e-33	3.42834e-34	4.02702e-35	4.13399e-36	3.80261e-37	3.1917e-38	2.47925e-39	1.80934e-40	1.3884e-41	5.35357e-42	
CGA429	0	0	0	0	0	0	0	0	0	0	0	0	0	0	1	0	0	0	0	0	0	0	0	0	0	0	0	0	0	
CGA430	0	0	0	0	0	0	0	0	0	0	0	0	0	0	1	0	0	0	0	0	0	0	0	0	0	0	0	0	0	
N79	4.52258e-83	2.33228e-59	2.85615e-53	6.40076e-48	1.11662e-43	2.89666e-41	1.0416e-37	2.06048e-33	1.36209e-27	8.45192e-22	2.05057e-16	1.74323e-11	4.16585e-07	0.0017216	0.230996	0.592344	0.174287	0.000651908	1.75579e-07	1.59267e-11	6.87391e-16	1.66542e-20	2.48807e-25	2.4587e-30	1.86226e-34	1.32756e-37	2.40963e-38	1.80566e-39	3.21802e-39	
N80	3.26956e-45	6.61418e-44	1.28205e-42	2.26649e-41	9.41533e-83	4.33686e-61	6.20437e-43	1.81934e-57	1.76507e-41	3.07538e-55	4.79775e-34	5.27272e-34	5.7522e-17	1	2.4013e-15	9.29388e-31	1.67284e-31	6.2703e-32	1.49749e-32	2.66565e-33	3.84396e-34	4.72233e-35	5.10921e-36	4.98285e-37	4.45611e-38	3.70319e-39	2.9009e-40	2.4241e-41	9.25553e-42	
C985	0	0	0	0	0	0	0	0	0	0	0	0	0	1	0	0	0	0	0	0	0	0	0	0	0	0	0	0	0	
C984	0	0	0	0	0	0	0	0	0	0	0	0	0	1	0	0	0	0	0	0	0	0	0	0	0	0	0	0	0	
N81	4.43784e-80	3.4834e-57	7.16231e-52	2.49758e-47	2.88333e-44	1.79924e-41	1.84244e-35	1.10478e-29	3.32668e-24	4.40624e-19	2.42977e-14	5.01144e-10	3.16085e-06	0.00404576	0.341698	0.557888	0.096078	0.00028743	1.65857e-07	3.76861e-11	4.41712e-15	3.07717e-19	1.38883e-23	6.73563e-28	1.10857e-30	2.93483e-33	1.25831e-36	1.26465e-39	7.60215e-41	
N82	6.23436e-106	3.66473e-79	5.14954e-65	1.85241e-56	9.30491e-49	1.01044e-41	2.63786e-35	1.25211e-33	8.851e-33	1.28871e-26	2.12901e-20	1.43368e-14	2.67567e-09	0.000137757	0.998325	0.00153668	2.92544e-07	1.31247e-11	1.72938e-16	7.59392e-22	9.84318e-28	5.69004e-36	5.45391e-37	4.72198e-38	3.75441e-39	2.7789e-40	1.96183e-41	2.12798e-42	2.35958e-42	
CGA310	0	0	0	0	0	0	0	0	0	0	0	0	0	0	1	0	0	0	0	0	0	0	0	0	0	0	0	0	0	
CGA314	0	0	0	0	0	0	0	0	0	0	0	0	0	0	1	0	0	0	0	0	0	0	0	0	0	0	0	0	0	
N83	3.43871e-81	4.55297e-60	4.23887e-53	7.93051e-47	5.73027e-41	2.1583e-35	4.71171e-30	5.93859e-25	4.22547e-20	1.40395e-15	2.04454e-11	1.16887e-07	0.000214258	0.0816026	0.762798	0.15157	0.0038034	1.14278e-05	1.21678e-08	6.37334e-12	1.94597e-15	3.84826e-19	5.29696e-23	5.35115e-27	4.16685e-31	3.19553e-35	5.6284e-39	1.30708e-41	8.88578e-44	
N84	2.56114e-47	8.88984e-46	4.56696e-89	1.42014e-65	5.33555e-60	1.38495e-43	1.33998e-36	9.33137e-35	4.44196e-34	1.41455e-28	3.44869e-31	1.47315e-15	7.46048e-10	9.01805e-05	0.999639	0.000270966	8.90058e-09	8.6764e-14	1.48544e-34	1.34513e-35	1.01422e-36	6.62082e-38	3.84558e-39	2.02932e-40	9.91253e-42	5.34733e-43	1.05877e-43	3.96261e-43	7.86056e-43	
CGA382	0	0	0	0	0	0	0	0	0	0	0	0	0	0	1	0	0	0	0	0	0	0	0	0	0	0	0	0	0	
CGA365	0	0	0	0	0	0	0	0	0	0	0	0	0	0	1	0	0	0	0	0	0	0	0	0	0	0	0	0	0	
N85	8.85777e-48	3.10473e-46	1.01842e-44	3.03007e-43	3.90523e-65	2.98658e-43	1.62412e-34	3.35774e-39	1.20925e-32	1.43778e-36	1.85935e-34	5.61534e-15	1.97338e-07	0.999989	1.03967e-05	9.29899e-12	3.62575e-32	6.75044e-33	8.66008e-34	8.57264e-35	6.99793e-36	4.91588e-37	3.05982e-38	1.72415e-39	8.94907e-41	4.49267e-42	3.61355e-43	7.34231e-43	2.37351e-42	
CGA494	0	0	0	0	0	0	0	0	0	0	0	0	0	1	0	0	0	0	0	0	0	0	0	0	0	0	0	0	0	
CGA495	0	0	0	0	0	0	0	0	0	0	0	0	0	1	0	0	0	0	0	0	0	0	0	0	0	0	0	0	0	
N86	9.37682e-91	1.57737e-70	9.65393e-63	9.62158e-56	2.68875e-49	2.55446e-43	8.63263e-38	8.98749e-33	3.15215e-30	2.82964e-27	3.7605e-22	2.81741e-17	9.37978e-13	1.22305e-08	4.95405e-05	0.0375637	0.550194	0.395824	0.0163252	4.355e-05	3.28299e-08	1.05486e-11	1.77537e-15	1.77068e-19	1.13641e-23	5.13299e-28	2.33584e-32	1.15322e-35	4.17636e-35	
N87	4.1619e-86	5.63402e-63	1.79166e-57	1.0347e-52	1.36045e-48	3.09293e-45	2.15265e-42	2.14631e-37	8.43989e-33	9.93167e-28	2.20878e-22	2.30076e-17	1.02178e-12	1.67743e-08	7.79134e-05	0.0560248	0.576081	0.361377	0.00642946	9.25895e-06	3.88756e-09	7.08821e-13	6.88584e-17	4.03487e-21	1.54952e-25	4.43097e-30	1.36021e-33	5.60356e-37	4.93179e-39	
C12265	0	0	0	0	0	0	0	0	0	0	0	0	0	0	0	0	0	1	0	0	0	0	0	0	0	0	0	0	0	
N88	2.43267e-102	3.05712e-76	2.64864e-67	2.10487e-59	3.74327e-52	1.96021e-45	3.07932e-39	1.14682e-33	7.1327e-32	1.16839e-27	8.081e-22	2.7197e-16	3.42435e-11	1.36895e-06	0.0115157	0.94446	0.043752	0.000270546	1.11935e-07	1.10601e-11	4.28698e-16	7.99709e-21	7.93929e-26	5.61932e-31	1.45065e-34	1.2687e-37	1.12188e-40	2.5238e-43	1.64616e-44	
C404	0	0	0	0	0	0	0	0	0	0	0	0	0	0	1	0	0	0	0	0	0	0	0	0	0	0	0	0	0	
N89	5.40533e-85	1.84258e-66	1.97812e-60	3.85812e-55	2.30936e-50	4.98364e-46	3.97173e-42	8.96692e-38	1.49778e-35	3.55723e-29	4.91827e-23	2.71796e-17	5.5451e-12	3.503e-07	0.00421471	0.97348	0.0222626	4.18296e-05	6.6437e-09	3.08643e-13	6.25581e-18	6.71016e-23	4.19583e-28	2.73481e-33	1.97819e-37	7.09665e-41	9.68427e-45	9.85251e-49	8.32844e-51	
N90	3.61377e-54	2.94387e-52	2.20547e-50	5.89403e-70	9.00817e-69	5.00783e-45	1.10203e-44	1.84227e-36	2.70281e-40	5.32407e-39	1.46692e-32	1.36549e-36	1.22881e-34	2.03673e-13	1.37457e-06	0.999994	4.31782e-06	2.26272e-12	7.87746e-35	4.02447e-36	1.66988e-37	5.90025e-39	1.83275e-40	5.33896e-42	1.71558e-43	2.48474e-44	7.47795e-45	3.92748e-44	3.18273e-43	
Cl11778	0	0	0	0	0	0	0	0	0	0	0	0	0	0	0	1	0	0	0	0	0	0	0	0	0	0	0	0	0	
Cl11779	0	0	0	0	0	0	0	0	0	0	0	0	0	0	0	1	0	0	0	0	0	0	0	0	0	0	0	0	0	
N91	7.70651e-106	4.43386e-79	4.15543e-70	5.51208e-62	1.8006e-54	1.7527e-47	5.21009e-41	3.83171e-35	3.54845e-36	1.47712e-31	3.19553e-25	2.96179e-19	1.05468e-13	1.2408e-08	0.000350598	0.998218	0.00143082	2.03356e-07	7.9704e-12	1.26351e-16	9.76489e-22	4.08047e-27	9.69946e-33	1.63315e-38	3.25068e-44	3.66523e-49	1.04356e-54	1.97708e-59	2.61895e-43	
CGA594	0	0	0	0	0	0	0	0	0	0	0	0	0	0	0	1	0	0	0	0	0	0	0	0	0	0	0	0	0	
CGA48	0	0	0	0	0	0	0	0	0	0	0	0	0	0	0	1	0	0	0	0	0	0	0	0	0	0	0	0	0	
N92	1.41724e-47	4.42085e-46	1.3028e-44	3.50726e-43	8.57932e-42	1.89487e-40	3.7502e-39	6.58987e-38	7.14525e-38	2.45217e-36	1.53852e-34	1.78014e-34	2.12537e-28	2.40842e-33	2.49489e-31	6.02868e-31	3.64189e-11	1.67734e-05	0.999982	1.38586e-06	3.89638e-13	8.72578e-35	7.42769e-36	5.62376e-37	3.86313e-38	2.44714e-39	1.47096e-40	1.29362e-41	1.75632e-41	
C3134	0	0	0	0	0	0	0	0	0	0	0	0	0	0	0	0	0	0	1	0	0	0	0	0	0	0	0	0	0	
C3126	0	0	0	0	0	0	0	0	0	0	0	0	0	0	0	0	0	0	1	0	0	0	0	0	0	0	0	0	0	
N93	3.65653e-93	3.90019e-68	1.8056e-60	2.27253e-53	4.11243e-47	2.23683e-41	4.23691e-36	3.34063e-31	1.16917e-26	2.37451e-25	5.90529e-23	1.31945e-18	2.20177e-14	1.60467e-10	4.27338e-07	0.000338436	0.0535227	0.839773	0.105362	0.00100051	2.55896e-06	2.68608e-09	1.43601e-12	4.41564e-16	8.40105e-20	1.03652e-23	8.57088e-28	7.71981e-32	2.7396e-34	
CGA311	0	0	0	0	0	0	0	0	0	0	0	0	0	0	0	0	0	1	0	0	0	0	0	0	0	0	0	0	0	
N94	4.21071e-90	6.95834e-67	2.74597e-61	2.08545e-56	5.26081e-52	5.39141e-48	3.68303e-44	3.51448e-39	2.19557e-34	1.87411e-31	3.78381e-26	4.73671e-21	2.6634e-16	6.10948e-12	4.88473e-08	0.00010442	0.0369777	0.850383	0.111722	0.000811366	1.31538e-06	7.7141e-10	2.10674e-13	3.12609e-17	2.79181e-21	1.63802e-25	2.26845e-29	6.41315e-33	1.31211e-34	
N95	3.87701e-101	4.87236e-79	8.51656e-71	2.34699e-63	1.77796e-56	4.66877e-50	4.71348e-44	1.95105e-38	3.4251e-33	2.88467e-31	1.53434e-27	2.31736e-22	2.1182e-17	8.70041e-13	1.33685e-08	6.01512e-05	0.0473989	0.92782	0.0246717	4.96815e-05	2.58671e-08	5.39469e-12	5.65098e-16	3.40344e-20	1.28642e-24	3.24086e-29	6.25447e-34	2.50361e-38	3.2015e-41	
N96	9.92831e-52	3.89661e-50	1.44701e-48	4.94988e-47	1.55347e-45	4.452e-44	1.05313e-66	2.84001e-43	1.87435e-41	1.00083e-41	1.48615e-33	1.71481e-37	2.91505e-35	2.85726e-34	1.44723e-14	3.1407e-07	0.999992	7.81209e-06	2.96137e-12	8.13122e-33	1.17414e-33	1.31726e-34	1.22406e-35	9.81309e-37	6.9794e-38	4.49404e-39	2.66965e-40	1.54201e-41	2.87105e-42	
CGA45	0	0	0	0	0	0	0	0	0	0	0	0	0	0	0	0	1	0	0	0	0	0	0	0	0	0	0	0	0	
CGA46	0	0	0	0	0	0	0	0	0	0	0	0	0	0	0	0	1	0	0	0	0	0	0	0	0	0	0	0	0	
N97	1.15177e-90	2.39598e-67	1.17631e-61	1.08968e-56	2.11636e-52	3.5748e-49	1.77476e-46	4.1221e-41	2.83414e-36	4.2366e-34	8.68152e-29	2.16578e-23	2.60926e-18	1.40058e-13	2.94172e-09	1.9175e-05	0.0239337	0.957217	0.018798	3.17955e-05	1.41907e-08	2.56607e-12	2.35374e-16	1.25376e-20	4.27851e-25	1.85466e-29	3.48861e-32	8.60053e-36	1.01658e-37	
N98	1.0321e-104	6.10846e-79	7.42577e-71	1.53136e-63	9.17573e-57	1.92104e-50	1.47738e-44	3.96914e-39	2.54038e-34	1.37184e-34	2.81123e-30	8.09339e-25	1.19034e-19	8.12302e-15	2.28327e-10	2.17815e-06	0.00484671	0.987768	0.00737603	7.01424e-06	2.03332e-09	2.58019e-13	1.74175e-17	7.04924e-22	1.85198e-26	3.37624e-31	1.22641e-35	1.11319e-39	1.7325e-42	
N99	9.01349e-120	1.85873e-92	3.34812e-83	6.6775e-73	2.43471e-64	1.86609e-56	3.46098e-49	1.69644e-42	2.27707e-36	5.21824e-38	1.21312e-36	1.847e-31	1.21102e-26	2.94955e-20	2.05285e-14	3.90061e-09	0.000190248	0.999445	0.000364765	1.77453e-08	2.77372e-13	1.49595e-18	2.94387e-24	1.8304e-30	5.92378e-41	1.5129e-42	2.59411e-43	6.34219e-44	3.1791e-43	
C3043	0	0	0	0	0	0	0	0	0	0	0	0	0	0	0	0	0	1	0	0	0	0	0	0	0	0	0	0	0	
CGA87	0	0	0	0	0	0	0	0	0	0	0	0	0	0	0	0	0	1	0	0	0	0	0	0	0	0	0	0	0	
N100	8.98146e-117	1.48076e-89	4.0882e-80	1.64146e-71	1.6555e-63	5.47404e-56	6.13384e-49	2.29509e-42	2.30869e-36	7.60799e-38	2.08052e-36	3.9598e-31	1.07538e-25	1.13614e-19	4.78918e-14	6.9518e-09	0.000254262	0.999256	0.000489354	3.18381e-08	6.51935e-13	5.80023e-18	2.62558e-23	6.6007e-29	9.60335e-35	8.40635e-41	3.7849e-46	1.16402e-51	3.74148e-56	
CGA368	0	0	0	0	0	0	0	0	0	0	0	0	0	0	0	0	0	1	0	0	0	0	0	0	0	0	0	0	0	
CGA557	0	0	0	0	0	0	0	0	0	0	0	0	0	0	0	0	0	1	0	0	0	0	0	0	0	0	0	0	0	
CGA364	0	0	0	0	0	0	0	0	0	0	0	0	0	0	0	0	0	1	0	0	0	0	0	0	0	0	0	0	0	
C2208	0	0	0	0	0	0	0	0	0	0	0	0	0	0	0	0	0	0	1	0	0	0	0	0	0	0	0	0	0	
N101	8.09261e-85	1.48604e-60	6.40468e-54	4.83519e-48	1.0881e-42	8.72444e-38	2.61884e-33	2.76046e-29	6.16492e-26	8.89324e-24	1.43057e-19	1.29123e-15	5.65802e-12	1.10743e-08	8.51616e-06	0.00209905	0.118553	0.836412	0.0424703	0.000455321	1.84685e-06	3.69984e-09	4.27437e-12	3.15211e-15	1.59387e-18	5.82709e-22	1.60437e-25	3.44475e-29	7.13217e-33	
N102	9.65532e-94	2.37522e-74	1.58719e-66	1.81486e-59	6.05112e-53	7.04843e-47	2.99805e-41	4.28275e-36	6.43513e-32	2.27115e-31	2.95776e-26	3.64439e-21	2.16662e-16	5.58598e-12	5.41043e-08	0.000153581	0.076991	0.911211	0.0116235	2.12285e-05	1.21135e-08	3.03713e-12	4.04764e-16	3.23448e-20	1.68262e-24	6.04768e-29	1.60987e-33	4.16622e-38	2.22386e-41	
N103	2.97026e-54	1.87152e-52	6.06407e-95	1.26348e-73	1.56199e-70	4.35972e-64	1.20853e-48	2.38513e-41	1.37781e-34	2.33515e-37	3.09612e-36	1.72752e-30	4.48461e-33	1.86641e-36	7.05563e-16	4.81677e-10	7.78638e-05	0.999854	6.8631e-05	6.64031e-10	2.19563e-15	7.99598e-36	4.48681e-37	2.18463e-38	9.47434e-40	3.74266e-41	1.67838e-42	2.09762e-43	6.68246e-43	
CGA453	0	0	0	0	0	0	0	0	0	0	0	0	0	0	0	0	0	1	0	0	0	0	0	0	0	0	0	0	0	
CGA383	0	0	0	0	0	0	0	0	0	0	0	0	0	0	0	0	0	1	0	0	0	0	0	0	0	0	0	0	0	
N104	2.59818e-91	1.87433e-80	3.23511e-72	9.45384e-65	7.98605e-58	2.33678e-51	2.47814e-45	8.47704e-40	4.38665e-36	7.27151e-34	1.20637e-28	3.85176e-23	6.0323e-18	4.20753e-13	1.13384e-08	9.20554e-05	0.131769	0.86514	0.00299701	1.6537e-06	3.02909e-10	2.54117e-14	1.16966e-18	3.31243e-23	6.24577e-28	8.74022e-33	1.62317e-36	1.56066e-40	4.24635e-43	
N105	6.93824e-57	6.77535e-55	6.1074e-53	5.01792e-51	3.74272e-49	3.24597e-69	1.52618e-45	4.14213e-46	1.99225e-37	9.56495e-42	1.9494e-40	8.99873e-33	6.66112e-37	8.67591e-35	1.26877e-33	2.33555e-13	2.61123e-06	0.999997	7.80126e-07	8.78343e-14	2.65074e-35	1.11599e-36	3.94281e-38	1.2133e-39	3.34861e-41	9.85481e-43	2.25109e-43	8.13367e-44	5.26257e-43	
CGA501	0	0	0	0	0	0	0	0	0	0	0	0	0	0	0	0	0	1	0	0	0	0	0	0	0	0	0	0	0	
C11776	0	0	0	0	0	0	0	0	0	0	0	0	0	0	0	0	0	1	0	0	0	0	0	0	0	0	0	0	0	
N106	7.19908e-58	7.30631e-56	6.85786e-54	5.88266e-52	4.59551e-50	3.25567e-48	2.69478e-70	1.77405e-46	2.8418e-44	3.66252e-44	1.09331e-35	3.59583e-39	1.01808e-36	2.3516e-35	3.96439e-15	1.66207e-07	0.99998	1.96877e-05	3.71407e-12	2.88646e-33	1.67924e-34	7.61167e-36	2.86562e-37	9.32551e-39	2.69588e-40	7.21277e-42	1.06044e-42	2.60495e-43	1.24956e-42	
C3121	0	0	0	0	0	0	0	0	0	0	0	0	0	0	0	0	1	0	0	0	0	0	0	0	0	0	0	0	0	
C3123	0	0	0	0	0	0	0	0	0	0	0	0	0	0	0	0	1	0	0	0	0	0	0	0	0	0	0	0	0	
N107	2.98144e-104	5.78134e-78	1.90276e-69	9.20049e-62	1.15389e-54	4.71593e-48	6.67972e-42	3.21593e-36	4.08793e-31	9.58745e-33	1.598e-31	2.11194e-26	4.26397e-21	5.68501e-16	2.95334e-11	5.12261e-07	0.0021637	0.995264	0.00257126	9.93849e-07	1.25891e-10	7.07353e-15	2.05003e-19	3.33874e-24	3.18346e-29	1.79416e-34	5.8657e-40	1.06571e-45	2.65405e-51	
Calparcri	0	0	0	0	0	0	0	0	0	0	0	0	0	0	0	0	0	1	0	0	0	0	0	0	0	0	0	0	0	
C3118	0	0	0	0	0	0	0	0	0	0	0	0	0	0	0	0	0	1	0	0	0	0	0	0	0	0	0	0	0	
N108	3.8712e-88	2.48881e-64	3.41762e-58	8.28404e-53	6.10066e-48	1.68522e-43	2.56108e-38	3.2119e-32	1.58785e-26	5.51976e-21	8.01162e-16	2.97414e-11	1.76414e-07	0.000174383	0.0257297	0.428621	0.516053	0.0293224	9.91675e-05	6.38204e-08	1.32312e-11	1.157e-15	4.94537e-20	2.81293e-24	1.45102e-27	2.52313e-30	9.21775e-34	2.02475e-36	1.8931e-36	
N109	4.89721e-88	2.15899e-63	2.13553e-56	3.73949e-50	2.03869e-44	4.40427e-39	4.33658e-34	2.01668e-29	4.79544e-25	1.21535e-20	2.03445e-16	1.54688e-12	4.8679e-09	5.49294e-06	0.00174737	0.10033	0.556242	0.321535	0.0198641	0.000274337	1.31401e-06	2.83316e-09	3.24976e-12	2.22504e-15	9.91056e-19	3.29897e-22	1.70783e-25	1.8329e-27	2.91567e-29	
N110	6.00265e-86	1.74938e-61	1.2291e-54	1.64266e-48	7.43082e-43	1.44535e-37	1.40844e-32	7.96759e-28	2.80031e-23	5.75727e-19	5.62715e-15	2.24543e-11	3.23434e-08	1.55189e-05	0.00224381	0.0811215	0.513834	0.380368	0.0221304	0.000285324	1.31603e-06	2.82556e-09	3.32542e-12	2.39521e-15	1.14227e-18	3.82558e-22	9.45348e-26	1.94436e-29	2.30337e-32	
N111	3.00228e-82	1.44483e-57	1.60254e-50	3.18434e-44	1.94284e-38	4.39697e-33	3.94767e-28	1.37396e-23	1.49624e-19	8.27006e-16	7.28808e-12	2.02608e-08	5.80294e-06	0.00051479	0.0164111	0.179141	0.536993	0.260557	0.0063418	3.48032e-05	7.28607e-08	7.55563e-11	4.52956e-14	1.73755e-17	4.58104e-21	8.75452e-25	1.28032e-28	1.73622e-32	3.86469e-35	
N112	3.83874e-88	2.25591e-63	2.93155e-56	6.4936e-50	4.22671e-44	1.00477e-38	1.00609e-33	4.71945e-29	7.38553e-25	8.48223e-23	1.41686e-18	1.59525e-14	7.15061e-11	1.15582e-07	5.98958e-05	0.00832734	0.230052	0.721854	0.0393538	0.000352083	1.00434e-06	1.25686e-09	8.31772e-13	3.28873e-16	8.464e-20	1.53266e-23	2.45137e-27	3.99007e-30	1.96402e-32	
Triowe	0	0	0	0	0	0	0	0	0	0	0	0	0	0	0	0	0	1	0	0	0	0	0	0	0	0	0	0	0	
N113	3.05896e-92	1.32754e-67	1.3015e-60	2.1856e-54	1.08142e-48	1.93939e-43	1.44536e-38	5.50748e-34	1.67937e-29	7.19334e-25	2.44707e-20	4.07034e-16	3.08424e-12	9.59599e-09	1.04384e-05	0.00308164	0.163891	0.781863	0.0506299	0.000521799	1.70837e-06	2.46392e-09	1.89118e-12	8.72906e-16	2.64066e-19	5.88333e-23	3.71035e-26	6.57294e-29	3.41904e-30	
Trijoh	0	0	0	0	0	0	0	0	0	0	0	0	0	0	0	0	0	1	0	0	0	0	0	0	0	0	0	0	0	
Trimel	0	0	0	0	0	0	0	0	0	0	0	0	0	0	0	0	0	1	0	0	0	0	0	0	0	0	0	0	0	
N114	5.56953e-76	3.26689e-51	4.45824e-44	1.14273e-37	9.85412e-32	3.57711e-26	6.00975e-21	4.83383e-16	1.59694e-11	1.96034e-07	0.000718887	0.455144	0.452319	0.0861871	0.00548812	0.000141553	1.53934e-06	6.40394e-09	7.31503e-12	3.71138e-15	1.04801e-18	1.86761e-22	2.27456e-26	1.99981e-30	1.32075e-34	6.75108e-39	2.73358e-43	8.95248e-48	2.90597e-52	
N115	1.75465e-77	2.22703e-52	6.70254e-45	3.75628e-38	6.62357e-32	4.38487e-26	1.15956e-20	1.22049e-15	4.78898e-11	6.09353e-07	0.00188291	0.701746	0.281227	0.0149357	0.000206709	9.77625e-07	1.7768e-09	1.28977e-12	3.90842e-16	6.21558e-20	6.01508e-24	3.8962e-28	1.80326e-32	6.31669e-37	1.85837e-41	8.99368e-45	1.5232e-48	9.22116e-51	9.61349e-54	
Trihoe	0	0	0	0	0	0	0	0	0	0	0	1	0	0	0	0	0	0	0	0	0	0	0	0	0	0	0	0	0	
Tribit	0	0	0	0	0	0	0	0	0	0	0	1	0	0	0	0	0	0	0	0	0	0	0	0	0	0	0	0	0	
Trijac	0	0	0	0	0	0	0	0	0	0	0	1	0	0	0	0	0	0	0	0	0	0	0	0	0	0	0	0	0	
N116	6.67061e-87	1.61233e-62	9.05399e-56	8.93747e-50	2.66975e-44	2.97873e-39	1.41898e-34	3.24591e-30	2.9334e-26	1.06922e-23	1.79348e-19	1.73584e-15	7.98833e-12	1.59956e-08	1.21524e-05	0.00281227	0.137389	0.785262	0.0732906	0.00122736	6.9026e-06	1.76307e-08	2.44234e-11	2.06124e-14	1.15009e-17	4.50641e-21	1.30003e-24	2.94018e-28	1.21633e-31	
Tricri	0	0	0	0	0	0	0	0	0	0	0	0	0	0	0	0	0	1	0	0	0	0	0	0	0	0	0	0	0	
N117	1.79702e-92	7.1385e-68	6.45266e-61	1.01696e-54	4.76672e-49	7.99503e-44	5.15414e-39	1.30296e-34	1.36287e-30	2.34942e-26	9.1274e-22	1.83318e-17	1.78309e-13	7.72649e-10	1.30738e-06	0.000695152	0.0785547	0.849781	0.0700913	0.000873485	3.39876e-06	5.77822e-09	5.20453e-12	2.81223e-15	9.93811e-19	2.44881e-22	4.6225e-26	1.04684e-29	9.08742e-32	
Triwie	0	0	0	0	0	0	0	0	0	0	0	0	0	0	0	0	0	1	0	0	0	0	0	0	0	0	0	0	0	
Triqua	0	0	0	0	0	0	0	0	0	0	0	0	0	0	0	0	0	1	0	0	0	0	0	0	0	0	0	0	0	
N118	3.92601e-83	3.49955e-59	9.30308e-53	5.35632e-47	1.19388e-41	1.30294e-36	7.72324e-32	2.55438e-27	4.68409e-23	4.66339e-19	2.43052e-15	6.36994e-12	7.91382e-09	4.23839e-06	0.000837627	0.0463756	0.410289	0.465732	0.0736201	0.00309109	5.03881e-05	4.00331e-07	1.79596e-09	5.03572e-12	9.50397e-15	1.29317e-17	1.61049e-20	1.03645e-22	1.20152e-23	
N119	1.45191e-81	7.92994e-58	1.07199e-51	2.58498e-46	1.92979e-41	5.62644e-37	7.82138e-33	7.05523e-29	6.12555e-25	5.78879e-21	3.70498e-17	1.24002e-13	2.06684e-10	1.59451e-07	5.08404e-05	0.00560417	0.15925	0.701896	0.127965	0.00515647	7.73869e-05	5.62149e-07	2.31424e-09	5.99701e-12	1.05397e-14	1.32801e-17	1.25216e-20	9.16023e-24	6.72723e-27	
Kinboe	0	0	0	0	0	0	0	0	0	0	0	0	0	0	0	0	0	1	0	0	0	0	0	0	0	0	0	0	0	
Kinfis	0	0	0	0	0	0	0	0	0	0	0	0	0	0	0	0	0	1	0	0	0	0	0	0	0	0	0	0	0	
Kinxen	0	0	0	0	0	0	0	0	0	0	0	0	0	0	0	0	0	1	0	0	0	0	0	0	0	0	0	0	0	
N120	5.66622e-70	1.42723e-47	1.00011e-42	1.18894e-38	1.44053e-35	9.93509e-34	1.3212e-29	1.53668e-24	7.61897e-20	1.55257e-15	1.18264e-11	2.75008e-08	1.23932e-05	0.00152632	0.0544935	0.460581	0.458445	0.0248001	0.000141208	2.63116e-07	2.29089e-10	1.11821e-13	3.40864e-17	7.13582e-21	5.6273e-24	6.72713e-26	4.90916e-28	1.09354e-30	3.31352e-31	
N121	3.67024e-65	1.78354e-41	2.30513e-35	5.53156e-30	4.25538e-25	1.28113e-20	1.64046e-16	9.12672e-13	2.14801e-09	1.9734e-06	0.000600428	0.0428669	0.259021	0.409445	0.232186	0.0516257	0.00416703	8.57316e-05	7.02325e-07	3.04005e-09	8.10632e-12	1.46405e-14	1.91014e-17	1.8865e-20	1.46137e-23	9.13271e-27	4.72481e-30	2.199e-33	4.25244e-36	
N122	3.35982e-74	1.99209e-49	2.81499e-42	7.37883e-36	6.13033e-30	1.93089e-24	2.48456e-19	1.30692e-14	2.58344e-10	1.69236e-06	0.00283615	0.649864	0.324088	0.02278	0.000427657	2.74007e-06	6.75461e-09	7.11413e-12	3.81137e-15	1.18676e-18	2.36011e-22	3.20881e-26	3.13743e-30	2.29313e-34	1.29139e-38	5.74162e-43	2.06002e-47	6.56741e-52	5.09827e-56	
N123	1.76707e-79	3.15688e-54	1.2243e-46	8.75297e-40	2.09267e-33	2.07874e-27	9.31591e-22	1.92719e-16	1.42946e-11	3.26902e-07	0.00168717	0.919836	0.0779341	0.000541422	7.92515e-07	3.87441e-10	8.30816e-14	9.31148e-18	6.14165e-22	2.592e-26	7.43941e-31	1.52094e-35	2.3377e-40	9.43611e-45	5.58447e-49	3.9939e-52	1.43233e-56	4.23209e-60	2.04636e-64	
N124	4.78081e-77	6.19982e-52	1.87667e-44	1.04136e-37	1.79456e-31	1.14893e-25	2.91049e-20	2.90373e-15	1.06571e-10	1.24011e-06	0.00334542	0.946304	0.0501414	0.000207439	2.13487e-07	8.69471e-11	1.7878e-14	2.15183e-18	1.67289e-22	9.18817e-27	4.56868e-31	4.71627e-34	6.19818e-37	1.21944e-38	1.19612e-42	5.67948e-45	3.54837e-49	4.14494e-52	3.52648e-56	
Chaafr	0	0	0	0	0	0	0	0	0	0	0	1	0	0	0	0	0	0	0	0	0	0	0	0	0	0	0	0	0	
Chacha	0	0	0	0	0	0	0	0	0	0	0	1	0	0	0	0	0	0	0	0	0	0	0	0	0	0	0	0	0	
N125	8.19716e-77	9.25152e-52	2.51569e-44	1.29342e-37	2.11331e-31	1.30093e-25	3.19566e-20	3.11089e-15	1.11739e-10	1.27851e-06	0.00341112	0.957605	0.0388474	0.000134693	1.23326e-07	4.62703e-11	8.95956e-15	1.03001e-18	7.71353e-23	4.04355e-27	1.66125e-31	5.47075e-35	5.53159e-38	5.55032e-40	5.49058e-44	1.29912e-46	7.95891e-51	4.87759e-54	3.52835e-58	
Chacaly	0	0	0	0	0	0	0	0	0	0	0	1	0	0	0	0	0	0	0	0	0	0	0	0	0	0	0	0	0	
Chazey	0	0	0	0	0	0	0	0	0	0	0	1	0	0	0	0	0	0	0	0	0	0	0	0	0	0	0	0	0	
N126	1.72297e-71	7.15334e-47	6.86226e-40	1.16155e-33	5.9538e-28	1.11816e-22	8.25239e-18	2.39454e-13	2.56949e-09	8.84321e-06	0.00727669	0.708363	0.272004	0.012214	0.000132995	4.96084e-07	7.94162e-10	6.47926e-13	3.07044e-16	9.30209e-20	1.93472e-23	2.94254e-27	4.62269e-31	5.62953e-33	2.62721e-36	7.00114e-38	1.82164e-41	2.15926e-43	1.57998e-46	
Chadil	0	0	0	0	0	0	0	0	0	0	0	1	0	0	0	0	0	0	0	0	0	0	0	0	0	0	0	0	0	
Chasen	0	0	0	0	0	0	0	0	0	0	0	1	0	0	0	0	0	0	0	0	0	0	0	0	0	0	0	0	0	
Chanam	0	0	0	0	0	0	0	0	0	0	0	1	0	0	0	0	0	0	0	0	0	0	0	0	0	0	0	0	0	
N127	8.02382e-88	4.89666e-63	6.84707e-56	1.63684e-49	1.13732e-43	2.74838e-38	2.39839e-33	6.35379e-29	2.25597e-27	4.08889e-25	1.70152e-20	3.81017e-16	4.10511e-12	1.86066e-08	3.04614e-05	0.0138105	0.966789	0.0192962	7.40543e-05	1.02305e-07	6.73522e-11	2.48435e-14	5.70312e-18	8.76596e-22	9.51471e-26	7.59062e-30	4.59013e-34	2.16164e-38	9.42778e-43	
N128	1.12645e-109	3.0995e-83	3.16015e-74	5.05259e-66	1.97384e-58	2.56351e-51	1.01956e-44	1.15466e-38	7.65208e-36	9.58947e-34	5.29506e-28	7.58927e-23	2.88033e-17	3.92113e-12	1.61683e-07	0.00138978	0.994059	0.0045495	1.97046e-06	2.17496e-10	9.25009e-15	1.86403e-19	1.99689e-24	1.22174e-29	6.20008e-35	2.71815e-38	2.00843e-40	2.82089e-42	1.10262e-42	
N129	4.55227e-94	3.2647e-70	4.96144e-64	1.34053e-58	1.11685e-53	3.5166e-49	4.46316e-45	2.04817e-41	1.29676e-39	5.2364e-36	1.25242e-29	1.44387e-23	7.16409e-18	1.33076e-12	7.81653e-08	0.000986111	0.995303	0.0037092	1.17881e-06	9.41262e-11	2.91744e-15	4.36951e-20	3.55276e-25	2.39594e-30	3.53058e-33	1.8066e-36	1.06234e-40	8.16338e-45	1.69814e-43	
Braset	0	0	0	0	0	0	0	0	0	0	0	0	0	0	0	0	1	0	0	0	0	0	0	0	0	0	0	0	0	
N130	5.06729e-93	2.28374e-69	2.33923e-63	4.44107e-58	7.96062e-55	1.23927e-52	5.15451e-47	3.21544e-41	2.86503e-38	1.44936e-33	1.26458e-27	5.27532e-22	9.93532e-17	7.68001e-12	2.06362e-07	0.00138263	0.994954	0.00366174	1.68197e-06	2.34087e-10	1.41981e-14	4.5383e-19	8.55481e-24	1.07051e-28	2.88863e-32	1.88848e-35	1.4671e-39	4.7556e-43	4.02806e-45	
N131	2.79334e-110	1.71203e-83	1.76856e-74	2.69166e-66	1.0591e-58	1.36494e-51	6.07916e-45	8.72468e-39	1.06449e-36	3.06054e-36	2.12612e-30	1.45892e-24	9.08897e-19	2.25624e-13	1.93342e-08	0.000420615	0.998746	0.000833481	9.57767e-08	3.55411e-12	5.84687e-17	4.97835e-22	2.3921e-27	6.7596e-33	1.18959e-38	3.1524e-44	1.32742e-49	1.46568e-54	3.31101e-59	
Bramel	0	0	0	0	0	0	0	0	0	0	0	0	0	0	0	0	1	0	0	0	0	0	0	0	0	0	0	0	0	
Bratha	0	0	0	0	0	0	0	0	0	0	0	0	0	0	0	0	1	0	0	0	0	0	0	0	0	0	0	0	0	
N132	1.31159e-106	1.7652e-80	4.64205e-72	1.99713e-64	2.41724e-57	9.94319e-51	1.46104e-44	6.61811e-39	1.29056e-36	1.98276e-33	1.48235e-27	5.665e-22	1.01625e-16	7.63898e-12	2.02813e-07	0.00136141	0.995836	0.00280148	1.07574e-06	1.32097e-10	7.32696e-15	2.2062e-19	4.03155e-24	4.82177e-29	5.93661e-34	6.49272e-38	3.45079e-42	7.0734e-46	1.2337e-48	
Bradra	0	0	0	0	0	0	0	0	0	0	0	0	0	0	0	0	1	0	0	0	0	0	0	0	0	0	0	0	0	
Bratra	0	0	0	0	0	0	0	0	0	0	0	0	0	0	0	0	1	0	0	0	0	0	0	0	0	0	0	0	0	
N133	7.58202e-103	4.75099e-77	6.10256e-69	1.32845e-61	8.39036e-55	1.84939e-48	1.49015e-42	3.75805e-37	4.71083e-35	7.38298e-32	3.26227e-26	7.36326e-21	7.82425e-16	3.50094e-11	5.55328e-07	0.0022366	0.993329	0.00443102	2.74424e-06	5.48093e-10	4.97675e-14	2.46924e-18	7.4914e-23	1.49766e-27	2.14779e-32	4.57809e-37	2.35101e-41	5.60658e-45	7.08358e-48	
Bragut	0	0	0	0	0	0	0	0	0	0	0	0	0	0	0	0	1	0	0	0	0	0	0	0	0	0	0	0	0	
Braven	0	0	0	0	0	0	0	0	0	0	0	0	0	0	0	0	1	0	0	0	0	0	0	0	0	0	0	0	0	
N134	2.05223e-97	3.22709e-72	1.1032e-64	6.56604e-58	1.15758e-51	7.22147e-46	1.66139e-40	1.14101e-35	8.43488e-33	7.89952e-28	9.6499e-23	5.86112e-18	1.65757e-13	1.96332e-09	8.14763e-06	0.00846687	0.975179	0.0163079	3.81344e-05	2.84541e-08	9.5683e-12	1.75315e-15	1.97232e-19	1.47851e-23	7.93542e-28	4.42588e-32	6.22557e-36	4.72035e-39	2.79156e-41	
Brapum	0	0	0	0	0	0	0	0	0	0	0	0	0	0	0	0	1	0	0	0	0	0	0	0	0	0	0	0	0	
Bradam	0	0	0	0	0	0	0	0	0	0	0	0	0	0	0	0	1	0	0	0	0	0	0	0	0	0	0	0	0	
