#Nodes with GAIN events with expectation above 0.5
N3: 0.874322
B3088: 1.1313
BGA709: 0.959275
BGA309: 0.959275
PGA445: 2.2082
Rhatem: 0.504226
FGA379: 1.84669
Furcep: 1.9007
FGA331: 1.68004
FGA104: 0.77882
FGA174: 1.1814
CGA312: 1.37753
N44: 0.502147
C601: 1.06088
CGA236: 0.706334
C3125: 1.63912
N52: 0.549073
C12265: 0.874328
C3126: 1.78466
N56: 1.2565
C2208: 1.14952
N60: 1.56091
N65: 0.797631
N68: 0.871331
Triowe: 0.634978
N72: 0.904905
N75: 0.888913
Kinxen: 1.48868
N83: 1.62205
Total number of gain events: 52.8302
#+++++++++++++++++++++++++++++

#Nodes with LOSS events with expectation above 0.5
B3088: 1.17923
BGA709: 1.0328
BGA309: 1.0328
B983: 0.536087
B11604: 0.536087
PGA445: 1.60175
N13: 0.763121
N14: 1.89483
Rhaspe: 4.81793
Rhamar: 4.55156
Rhatem: 3.63974
N18: 0.740904
FGA379: 0.77276
N19: 1.96704
N20: 0.834413
F3015: 1.85006
F1476: 1.28094
N28: 0.716147
FGA465: 1.09628
FGA99: 0.883519
FGA15: 0.835193
FGA489: 1.71317
FurbGB: 2.26888
CGA763: 1.00698
Calboe: 2.46206
CGA429: 1.60453
N49: 0.678956
C984: 2.0476
CGA310: 0.959783
N51: 0.712966
CGA494: 1.13572
N54: 1.22666
C404: 1.0515
CGA45: 1.04527
N60: 0.524471
C3121: 0.855063
N70: 4.2738
Trijac: 0.777791
Kinxen: 0.957241
N77: 2.38897
N78: 1.74114
Chadil: 0.557501
Chasen: 0.557501
Chanam: 2.48409
N83: 0.942047
Total number of loss events: 88.0126
#+++++++++++++++++++++++++++++

#Nodes with duplication events with expectation above 0.5
Total number of duplication events: 0
#+++++++++++++++++++++++++++++

#Nodes with demi-duplication events with expectation above 0.5
Total number of demi-dulications events: 0
#+++++++++++++++++++++++++++++

#+++++++++++++++++++++++++++++

#Nodes with transitions in base number with expectation above 0.5
Total number of transitions in base number: 0
#+++++++++++++++++++++++++++++

#EVENTS NOT ACCOUNTED FOR IN THE SIMULATIONS: 
NONE
#+++++++++++++++++++++++++++++

#ALL EVENTS EXPECTATIONS PER NODE
NODE	GAIN	LOSS	DUPLICATION	DEMI-DUPLICATION	BASE-NUMBER
N2	0.423227	0.0616711	0	0	0
N3	0.874322	0.270888	0	0	0
N4	0.128305	0.0774597	0	0	0
B3088	1.1313	1.17923	0	0	0
N5	0.133735	0.10814	0	0	0
BGA709	0.959275	1.0328	0	0	0
BGA309	0.959275	1.0328	0	0	0
N6	0.327081	0.238479	0	0	0
N7	0.366313	0.383604	0	0	0
B11696	0.337719	0.406019	0	0	0
B11609	0.337719	0.406019	0	0	0
N8	0.0847058	0.0786104	0	0	0
N9	0.0224619	0.0224587	0	0	0
N10	0.12658	0.133143	0	0	0
B983	0.450947	0.536087	0	0	0
B11604	0.450947	0.536087	0	0	0
N11	0.291933	0.332662	0	0	0
BGAA1	0.22074	0.271713	0	0	0
BGA584	0.22074	0.271713	0	0	0
N12	0.274806	0.303941	0	0	0
BGA303	0.283715	0.346278	0	0	0
BGAB1	0.283715	0.346278	0	0	0
PGA445	2.2082	1.60175	0	0	0
N13	0.0484797	0.763121	0	0	0
N14	0.0212317	1.89483	0	0	0
Rhaspe	0.411642	4.81793	0	0	0
N15	0.00857958	0.277002	0	0	0
Rhamar	0.416051	4.55156	0	0	0
Rhatem	0.504226	3.63974	0	0	0
N16	0.104102	0.0172977	0	0	0
N17	0.398983	0.179818	0	0	0
N18	0.0438097	0.740904	0	0	0
FGA379	1.84669	0.77276	0	0	0
N19	0.0231828	1.96704	0	0	0
N20	0.0361865	0.834413	0	0	0
N21	0.0023842	0.471668	0	0	0
F3015	0.156353	1.85006	0	0	0
N22	0.00363232	0.134713	0	0	0
N23	0.0110364	0.0831066	0	0	0
N24	0.00690888	0.303312	0	0	0
N25	0.0047365	0.0221587	0	0	0
F1476	0.10422	1.28094	0	0	0
N26	0.0206522	0.0152253	0	0	0
Furcep	1.9007	0.0828496	0	0	0
N27	0.00305719	0.11712	0	0	0
Furpol	0.213436	0.281511	0	0	0
N28	0.0143309	0.716147	0	0	0
N29	0.0157067	0.275582	0	0	0
F2241	0.0277448	0.134127	0	0	0
Furang	0.0277448	0.134127	0	0	0
FGA490	0.0659353	0.432194	0	0	0
N30	0.0112226	0.156251	0	0	0
N31	0.0141492	0.0311081	0	0	0
N32	0.0342605	0.00810809	0	0	0
N33	0.00432729	0.0262081	0	0	0
N34	0.0178596	0.0405989	0	0	0
FGA456	0.0366323	0.0503234	0	0	0
FGA513	0.0366323	0.0503234	0	0	0
F12278	0.0791297	0.11556	0	0	0
N35	0.28696	0.0159293	0	0	0
Furant	0.037789	0.367148	0	0	0
FGA331	1.68004	0.00939442	0	0	0
FGA465	0.0641198	1.09628	0	0	0
N36	0.0232761	0.239799	0	0	0
FGA99	0.0509247	0.883519	0	0	0
N37	0.0267405	0.0519697	0	0	0
FGA15	0.027827	0.835193	0	0	0
FGA581	0.246962	0.0543278	0	0	0
FGA104	0.77882	0.269369	0	0	0
FGA489	0.150553	1.71317	0	0	0
FGA174	1.1814	0.344963	0	0	0
FurbGB	0.306941	2.26888	0	0	0
N38	0.235268	0.00953132	0	0	0
N39	0.27617	0.054496	0	0	0
N40	0.350677	0.43104	0	0	0
CGA312	1.37753	0.368412	0	0	0
N41	0.0198912	0.149965	0	0	0
N42	0.00339196	0.268092	0	0	0
N43	0.025212	0.00871886	0	0	0
N44	0.502147	0.15177	0	0	0
CGA642	0.168232	0.131234	0	0	0
N45	0.0280663	0.0169139	0	0	0
CGA763	0.0328232	1.00698	0	0	0
C601	1.06088	0.0350373	0	0	0
N46	0.0137085	0.0316003	0	0	0
CGA236	0.706334	0.301066	0	0	0
N47	0.0149945	0.145351	0	0	0
N48	0.156362	0.202059	0	0	0
Calboe	0.0440156	2.46206	0	0	0
C3125	1.63912	0.0577977	0	0	0
CGA429	0.140151	1.60453	0	0	0
N49	0.00126005	0.678956	0	0	0
C984	0.129304	2.0476	0	0	0
N50	0.00463553	0.184963	0	0	0
CGA310	0.221819	0.959783	0	0	0
N51	0.0485789	0.712966	0	0	0
CGA365	0.195924	0.269501	0	0	0
CGA494	0.062142	1.13572	0	0	0
N52	0.549073	0.0957534	0	0	0
N53	0.0163236	0.0867524	0	0	0
C12265	0.874328	0.118001	0	0	0
N54	0.0191858	1.22666	0	0	0
C404	0.0154672	1.0515	0	0	0
N55	0.0106124	0.0227208	0	0	0
Cl11778	0.0399955	0.0639182	0	0	0
CGA48	0.0399955	0.0639182	0	0	0
C3126	1.78466	0.0987942	0	0	0
N56	1.2565	0.310544	0	0	0
CGA311	0.384698	0.401893	0	0	0
N57	0.0404475	0.0140898	0	0	0
N58	0.0496176	0.14651	0	0	0
CGA45	0.0986033	1.04527	0	0	0
N59	0.0412886	0.0171833	0	0	0
C3043	0.179106	0.149874	0	0	0
CGA364	0.179106	0.149874	0	0	0
C2208	1.14952	0.193076	0	0	0
N60	1.56091	0.524471	0	0	0
N61	0.131406	0.109449	0	0	0
CGA453	0.169893	0.077847	0	0	0
N62	0.0233329	0.0895898	0	0	0
CGA501	0.188725	0.0304218	0	0	0
C3121	0.0133665	0.855063	0	0	0
N63	0.303438	0.189652	0	0	0
Calparcri	0.00804226	0.00782454	0	0	0
C3118	0.00804226	0.00782454	0	0	0
N64	0.0275297	0.0169058	0	0	0
N65	0.797631	0.082801	0	0	0
N66	0.356523	0.264496	0	0	0
N67	0.0836439	0.365908	0	0	0
N68	0.871331	0.0797304	0	0	0
Triowe	0.634978	0.365935	0	0	0
N69	0.137317	0.0349421	0	0	0
Trijoh	0.466228	0.29966	0	0	0
Trimel	0.466228	0.29966	0	0	0
N70	0.0429057	4.2738	0	0	0
N71	0.0136035	0.352738	0	0	0
Trihoe	0.0656236	0.407937	0	0	0
Tribit	0.0656236	0.407937	0	0	0
Trijac	0.0962704	0.777791	0	0	0
N72	0.904905	0.237472	0	0	0
Tricri	0.498646	0.387701	0	0	0
N73	0.154809	0.0790393	0	0	0
Triwie	0.291604	0.256429	0	0	0
Triqua	0.291604	0.256429	0	0	0
N74	0.426158	0.0872755	0	0	0
N75	0.888913	0.432621	0	0	0
Kinboe	0.4943	0.419155	0	0	0
Kinfis	0.4943	0.419155	0	0	0
Kinxen	1.48868	0.957241	0	0	0
N76	0.0100545	0.10272	0	0	0
N77	0.0885341	2.38897	0	0	0
N78	0.137678	1.74114	0	0	0
N79	0.0573843	0.373986	0	0	0
N80	0.0191258	0.0562214	0	0	0
Chaafr	0.0841857	0.147398	0	0	0
Chacha	0.0841857	0.147398	0	0	0
N81	0.0294934	0.0814622	0	0	0
Chacaly	0.0689226	0.117262	0	0	0
Chazey	0.0689226	0.117262	0	0	0
N82	0.0288713	0.112959	0	0	0
Chadil	0.224679	0.557501	0	0	0
Chasen	0.224679	0.557501	0	0	0
Chanam	0.463716	2.48409	0	0	0
N83	1.62205	0.942047	0	0	0
N84	0.0250059	0.0243889	0	0	0
N85	0.00230734	0.00255998	0	0	0
Braset	0.105597	0.108044	0	0	0
N86	0.00739474	0.00770255	0	0	0
N87	0.0424271	0.0441779	0	0	0
Bramel	0.00337277	0.00376114	0	0	0
Bratha	0.00337277	0.00376114	0	0	0
N88	0.0220763	0.0228553	0	0	0
Bradra	0.0175481	0.0189082	0	0	0
Bratra	0.0175481	0.0189082	0	0	0
N89	0.0501848	0.0508402	0	0	0
Bragut	0.0198983	0.0219424	0	0	0
Braven	0.0198983	0.0219424	0	0	0
N90	0.0629335	0.0583465	0	0	0
Brapum	0.0641817	0.0708509	0	0	0
Bradam	0.0641817	0.0708509	0	0	0
#+++++++++++++++++++++++++++++

#Expected number of events from root to leaf
LEAF	GAIN	LOSS	DUPLICATION	DEMI-DUPLICATION	BASE-NUMBER
B3088	2.55715	1.58925	0	0	0
BGA709	2.51886	1.55096	0	0	0
BGA309	2.51886	1.55096	0	0	0
B11696	2.32866	1.36066	0	0	0
B11609	2.32866	1.36066	0	0	0
B983	2.30933	1.34134	0	0	0
B11604	2.30933	1.34134	0	0	0
BGAA1	2.24447	1.27648	0	0	0
BGA584	2.24447	1.27648	0	0	0
BGA303	2.26786	1.29987	0	0	0
BGAB1	2.26786	1.29987	0	0	0
PGA445	2.63142	1.66342	0	0	0
Rhaspe	0.481354	7.47588	0	0	0
Rhamar	0.494342	7.48652	0	0	0
Rhatem	0.582517	6.57469	0	0	0
FGA379	2.44207	2.4739	0	0	0
F3015	0.813481	6.82433	0	0	0
F1476	0.787662	6.7985	0	0	0
Furcep	2.60479	5.61563	0	0	0
Furpol	0.920588	5.93141	0	0	0
F2241	0.764934	6.77576	0	0	0
Furang	0.764934	6.77576	0	0	0
FGA490	0.787418	6.79824	0	0	0
FGA456	0.797157	5.808	0	0	0
FGA513	0.797157	5.808	0	0	0
F12278	0.821795	5.83263	0	0	0
Furant	1.06309	6.07394	0	0	0
FGA331	2.70533	5.71619	0	0	0
FGA465	0.768197	6.77904	0	0	0
FGA99	0.764129	6.77497	0	0	0
FGA15	0.767772	6.77861	0	0	0
FGA581	0.986907	5.99775	0	0	0
FGA104	1.45062	5.46146	0	0	0
FGA489	0.811313	6.82215	0	0	0
FGA174	1.83614	4.84756	0	0	0
FurbGB	0.925498	5.93707	0	0	0
CGA312	2.79121	1.82372	0	0	0
CGA642	2.13255	2.16508	0	0	0
CGA763	2.02521	3.05774	0	0	0
C601	3.05327	2.0858	0	0	0
CGA236	2.18222	2.21475	0	0	0
Calboe	1.69126	4.72315	0	0	0
C3125	3.28636	2.31889	0	0	0
CGA429	1.63103	3.66356	0	0	0
C984	1.56753	4.59991	0	0	0
CGA310	1.66468	3.69706	0	0	0
CGA365	1.68736	3.71975	0	0	0
CGA494	1.55358	4.58596	0	0	0
C12265	2.8733	1.90578	0	0	0
C404	2.03362	4.06593	0	0	0
Cl11778	2.06876	3.10107	0	0	0
CGA48	2.06876	3.10107	0	0	0
C3126	3.76731	1.79982	0	0	0
CGA311	2.7042	1.7367	0	0	0
CGA45	2.50817	2.54067	0	0	0
C3043	2.62996	1.66247	0	0	0
CGA364	2.62996	1.66247	0	0	0
C2208	3.50947	1.54197	0	0	0
CGA453	2.64904	1.68153	0	0	0
CGA501	2.69121	1.7237	0	0	0
C3121	2.51585	2.54834	0	0	0
Calparcri	2.65923	1.69172	0	0	0
C3118	2.65923	1.69172	0	0	0
Triowe	2.92422	1.9562	0	0	0
Trijoh	2.89279	1.92486	0	0	0
Trimel	2.89279	1.92486	0	0	0
Trihoe	1.54004	6.545	0	0	0
Tribit	1.54004	6.545	0	0	0
Trijac	1.55709	6.56212	0	0	0
Tricri	2.73782	1.76979	0	0	0
Triwie	2.68558	1.71756	0	0	0
Triqua	2.68558	1.71756	0	0	0
Kinboe	2.78711	1.81918	0	0	0
Kinfis	2.78711	1.81918	0	0	0
Kinxen	2.89258	1.92464	0	0	0
Chaafr	0.577074	5.60775	0	0	0
Chacha	0.577074	5.60775	0	0	0
Chacaly	0.572179	5.60286	0	0	0
Chazey	0.572179	5.60286	0	0	0
Chadil	0.669929	5.70061	0	0	0
Chasen	0.669929	5.70061	0	0	0
Chanam	0.742416	5.7731	0	0	0
Braset	1.94513	1.97708	0	0	0
Bramel	1.89273	1.92468	0	0	0
Bratha	1.89273	1.92468	0	0	0
Bradra	1.88655	1.91851	0	0	0
Bratra	1.88655	1.91851	0	0	0
Bragut	1.90731	1.93926	0	0	0
Braven	1.90731	1.93926	0	0	0
Brapum	1.93934	1.97129	0	0	0
Bradam	1.93934	1.97129	0	0	0
