NODE	1	2	3	4	5	6	7	8	9	10	11	12	13	14	15	16	17	18	19	20	21	22	23	24	25	26	27	28	29	30	31	32	33	34	35	36	37	38	39	40	41	
N1	1.23998e-27	1.83034e-23	5.12622e-21	4.23542e-19	4.60219e-18	7.64372e-17	1.35483e-15	9.89535e-15	2.2615e-14	3.62703e-14	7.99873e-14	3.03439e-13	1.73153e-12	9.14119e-12	3.38879e-11	0.264808	0.383283	0.351908	6.38684e-11	2.68924e-11	8.21063e-12	1.88609e-12	3.36345e-13	4.78129e-14	5.54128e-15	5.33718e-16	4.34315e-17	3.02881e-18	1.83269e-19	9.72657e-21	4.57119e-22	1.91851e-23	7.24484e-25	2.47824e-26	7.72563e-28	2.20682e-29	5.80489e-31	1.4126e-32	3.1984e-34	6.93027e-36	2.1606e-37	
Leiolep	0	0	0	0	0	0	0	0	0	0	0	0	0	0	0	0	0	1	0	0	0	0	0	0	0	0	0	0	0	0	0	0	0	0	0	0	0	0	0	0	0	
N2	6.64869e-35	9.43473e-28	1.21752e-23	1.92544e-19	5.85687e-17	4.50803e-15	1.32521e-12	4.47314e-10	2.94545e-08	3.76249e-07	5.4587e-06	2.15834e-05	0.000100994	0.00285923	0.0768083	0.405472	0.408349	0.0999294	0.00631668	0.000135343	1.25494e-06	6.10013e-09	1.95615e-11	6.35641e-14	1.95304e-16	6.00937e-19	1.53649e-21	2.61147e-24	3.50691e-27	5.39985e-30	5.48432e-33	7.96003e-36	6.78744e-39	7.25332e-42	4.47367e-45	3.25091e-48	1.41673e-51	6.92843e-55	2.21777e-58	8.97596e-62	4.4507e-65	
N3	1.38056e-34	3.19623e-28	3.93564e-24	2.23713e-20	5.28721e-18	1.22139e-15	3.24796e-13	1.61626e-10	1.48797e-08	7.6577e-08	4.07211e-07	3.99534e-06	3.38896e-05	0.000849502	0.0278436	0.241143	0.467846	0.231572	0.0292502	0.00135428	8.95747e-05	1.13225e-05	1.04406e-06	9.8465e-08	1.50982e-09	4.70036e-11	7.23123e-13	4.58862e-14	4.59371e-16	4.22752e-17	1.93901e-19	8.41948e-21	2.32737e-23	4.14015e-25	8.18578e-28	7.45846e-30	1.10016e-32	6.13301e-35	7.55778e-38	4.40911e-40	1.30183e-41	
N4	8.75013e-39	2.46388e-31	4.47613e-27	1.31066e-22	1.40854e-20	4.54448e-18	3.78599e-16	1.64304e-12	6.36142e-10	4.17851e-10	2.7743e-09	1.12446e-07	1.33785e-07	1.33437e-06	0.000285059	0.019763	0.280617	0.591279	0.104405	0.00360578	4.32886e-05	3.14966e-07	2.57302e-09	2.67658e-11	9.98559e-14	3.42304e-16	8.36494e-19	1.74946e-21	2.58895e-24	8.64425e-27	8.45815e-30	1.85902e-32	1.1068e-35	1.2961e-38	5.00191e-42	3.40519e-45	9.00623e-49	3.97399e-52	7.77826e-56	2.87907e-59	1.50484e-62	
N5	3.39818e-41	6.84509e-34	1.88855e-29	7.58473e-25	2.39805e-22	9.27846e-20	4.80913e-17	8.05123e-14	8.70117e-12	1.35273e-11	1.06008e-10	2.04545e-09	9.95204e-09	8.6144e-07	0.000201155	0.0156298	0.254524	0.589653	0.133709	0.00618916	9.2557e-05	6.21157e-07	3.76326e-09	3.01605e-10	8.63086e-12	1.47409e-13	3.08384e-15	7.71338e-18	3.91634e-20	1.7224e-22	3.4539e-25	1.31842e-26	2.01022e-29	5.42831e-31	4.07217e-34	5.40532e-36	2.37182e-39	1.02165e-41	3.32906e-45	6.90226e-48	5.11244e-51	
B3088	0	0	0	0	0	0	0	0	0	0	0	0	0	0	0	0	0	1	0	0	0	0	0	0	0	0	0	0	0	0	0	0	0	0	0	0	0	0	0	0	0	
N6	4.37046e-39	1.38484e-32	2.39234e-28	1.71693e-24	5.14239e-22	1.25042e-19	4.09942e-17	1.55681e-14	9.06993e-13	4.45777e-12	4.63844e-11	1.27906e-09	2.93059e-08	2.66808e-06	0.000341129	0.0177185	0.242608	0.565993	0.161867	0.0111842	0.000282681	3.39236e-06	2.93981e-08	2.99148e-09	2.29367e-10	9.48494e-12	5.42257e-13	3.97004e-15	5.3831e-17	4.95814e-19	2.37619e-21	1.94716e-22	1.16329e-24	8.86371e-26	2.50063e-28	9.90098e-30	1.60962e-32	2.23313e-34	2.72432e-37	1.82929e-39	4.9824e-42	
BGA709	0	0	0	0	0	0	0	0	0	0	0	0	0	0	0	0	0	1	0	0	0	0	0	0	0	0	0	0	0	0	0	0	0	0	0	0	0	0	0	0	0	
BGA309	0	0	0	0	0	0	0	0	0	0	0	0	0	0	0	0	0	1	0	0	0	0	0	0	0	0	0	0	0	0	0	0	0	0	0	0	0	0	0	0	0	
N7	1.79228e-41	6.06133e-34	2.52295e-29	4.71777e-25	7.15021e-23	5.39284e-20	2.0969e-18	8.35919e-15	5.03903e-12	2.05011e-12	2.17133e-11	2.05534e-09	3.14439e-09	2.09998e-08	1.1833e-05	0.00270032	0.133404	0.747607	0.113727	0.00253423	1.66957e-05	4.6813e-08	8.69748e-11	5.61931e-13	3.01962e-15	1.20852e-17	4.42481e-20	4.53912e-23	5.05476e-26	6.30369e-29	4.55899e-32	1.54411e-34	1.07877e-37	2.68974e-40	1.06434e-43	1.35962e-46	3.38709e-50	2.06421e-53	3.5381e-57	1.32052e-60	3.73338e-64	
N8	1.64513e-39	9.43207e-33	1.37643e-28	9.3374e-25	1.28434e-22	3.87111e-20	4.27671e-18	7.76567e-15	3.10529e-12	6.02757e-12	5.87067e-11	3.54266e-09	7.77962e-09	1.10722e-07	2.88237e-05	0.00365442	0.129013	0.719487	0.142269	0.00547389	7.35249e-05	4.63409e-07	1.7505e-09	1.16002e-11	1.59209e-13	1.97136e-15	2.33957e-17	7.70231e-20	2.34374e-22	6.11252e-25	9.70858e-28	5.74677e-30	1.57953e-32	1.17682e-34	2.20361e-37	9.49188e-40	9.83316e-43	1.77821e-45	1.2072e-48	1.41859e-51	1.52913e-54	
B11696	0	0	0	0	0	0	0	0	0	0	0	0	0	0	0	0	0	1	0	0	0	0	0	0	0	0	0	0	0	0	0	0	0	0	0	0	0	0	0	0	0	
B11609	0	0	0	0	0	0	0	0	0	0	0	0	0	0	0	0	0	1	0	0	0	0	0	0	0	0	0	0	0	0	0	0	0	0	0	0	0	0	0	0	0	
N9	1.40208e-48	3.56577e-40	4.39275e-35	5.16716e-30	1.66147e-27	4.54156e-24	2.78213e-22	6.29228e-18	9.62529e-15	2.26627e-15	5.43272e-14	1.02535e-11	2.36033e-11	3.27409e-10	8.49918e-07	0.000696452	0.0923204	0.801719	0.104005	0.00125484	3.35009e-06	3.09479e-09	1.48627e-12	6.10087e-15	2.67563e-17	5.24074e-20	1.504e-22	4.60338e-26	2.60656e-29	8.20125e-33	1.07464e-36	2.8479e-39	1.28929e-41	2.46012e-40	3.37065e-42	9.23533e-43	1.25354e-44	1.33145e-45	1.16009e-47	1.32282e-47	6.56258e-48	
N10	1.34017e-50	1.05532e-42	1.44766e-37	1.8861e-32	1.52422e-29	3.694e-26	1.90413e-23	2.20821e-19	1.75407e-16	9.81483e-17	2.20733e-15	3.74593e-13	2.9531e-12	4.1277e-10	9.23261e-07	0.000686817	0.0896305	0.802108	0.106198	0.00137171	4.13222e-06	4.48163e-09	2.65233e-12	1.01018e-13	3.54329e-15	2.38257e-17	4.68964e-19	3.42383e-22	8.83584e-25	5.43992e-28	1.0077e-31	2.49636e-33	1.35388e-36	5.89599e-38	9.18452e-42	2.22507e-43	1.33766e-47	7.23552e-50	3.28719e-54	5.25113e-57	5.63337e-61	
N11	1.27734e-45	1.21552e-38	3.72872e-34	6.2082e-30	2.87702e-27	2.2535e-24	1.27421e-21	4.65397e-18	3.19571e-15	2.69931e-14	6.63392e-13	6.26827e-11	5.61208e-10	3.27302e-08	1.30574e-05	0.0023549	0.112303	0.745462	0.135614	0.00420985	4.27996e-05	1.96384e-07	5.5074e-10	1.29665e-11	6.20527e-13	1.30814e-14	4.37961e-16	1.31828e-18	5.95704e-21	1.46663e-23	1.80619e-26	2.93652e-28	1.25166e-30	3.42315e-32	7.13621e-35	1.11958e-36	8.81382e-40	3.27547e-42	1.79954e-45	3.16848e-48	3.07643e-51	
B983	0	0	0	0	0	0	0	0	0	0	0	0	0	0	0	0	0	1	0	0	0	0	0	0	0	0	0	0	0	0	0	0	0	0	0	0	0	0	0	0	0	
B11604	0	0	0	0	0	0	0	0	0	0	0	0	0	0	0	0	0	1	0	0	0	0	0	0	0	0	0	0	0	0	0	0	0	0	0	0	0	0	0	0	0	
N12	1.75492e-43	3.64533e-36	1.60685e-31	2.93273e-27	9.17599e-25	9.14218e-22	1.17544e-19	5.5003e-16	5.25801e-13	7.15768e-13	8.39178e-12	1.00626e-09	1.48297e-09	1.18589e-08	5.56896e-06	0.00134172	0.0872279	0.802735	0.106242	0.00242895	1.8612e-05	6.55769e-08	1.35946e-10	5.40835e-13	5.21987e-15	4.27002e-17	3.46991e-19	6.65842e-22	1.20869e-24	1.75237e-27	1.48174e-30	5.21834e-33	8.98611e-36	4.66389e-38	5.51266e-41	1.636e-43	9.76511e-47	1.08358e-49	4.18224e-53	2.89653e-56	1.70356e-59	
BGAA1	0	0	0	0	0	0	0	0	0	0	0	0	0	0	0	0	0	1	0	0	0	0	0	0	0	0	0	0	0	0	0	0	0	0	0	0	0	0	0	0	0	
BGA584	0	0	0	0	0	0	0	0	0	0	0	0	0	0	0	0	0	1	0	0	0	0	0	0	0	0	0	0	0	0	0	0	0	0	0	0	0	0	0	0	0	
N13	6.56402e-43	7.70922e-36	2.35924e-31	3.57291e-27	1.09194e-24	8.32058e-22	1.52957e-19	5.50163e-16	3.88509e-13	8.23052e-13	1.03004e-11	9.39841e-10	2.11337e-09	2.92737e-08	1.10576e-05	0.00205762	0.104	0.766042	0.124266	0.00358858	3.49845e-05	1.57238e-07	4.19531e-10	2.51549e-12	3.64507e-14	4.15224e-16	4.83911e-18	1.21559e-20	2.97916e-23	5.70025e-26	6.32733e-29	3.28978e-31	7.85698e-34	6.00694e-36	9.54157e-39	4.13642e-41	3.21323e-44	4.92095e-47	2.47319e-50	2.32356e-53	1.81998e-56	
BGA303	0	0	0	0	0	0	0	0	0	0	0	0	0	0	0	0	0	1	0	0	0	0	0	0	0	0	0	0	0	0	0	0	0	0	0	0	0	0	0	0	0	
BGAB1	0	0	0	0	0	0	0	0	0	0	0	0	0	0	0	0	0	1	0	0	0	0	0	0	0	0	0	0	0	0	0	0	0	0	0	0	0	0	0	0	0	
PGA445	0	0	0	0	0	0	0	0	0	0	0	0	0	0	0	0	0	1	0	0	0	0	0	0	0	0	0	0	0	0	0	0	0	0	0	0	0	0	0	0	0	
N14	4.15285e-38	8.9517e-30	3.76592e-25	5.35488e-20	2.34158e-17	7.71948e-16	1.16832e-12	2.7348e-09	2.21711e-08	6.47913e-07	2.96776e-05	2.60791e-05	0.000456538	0.0221032	0.293863	0.588293	0.0937706	0.00145316	4.20851e-06	3.68535e-09	1.33462e-12	2.45094e-16	2.74219e-20	5.60063e-24	2.41572e-27	9.80314e-31	5.05478e-34	5.80547e-38	8.53325e-42	1.09976e-45	5.77292e-50	1.6498e-51	3.16769e-51	2.56985e-52	2.42008e-54	5.51193e-55	6.80515e-56	2.95392e-55	1.19279e-54	7.14749e-54	3.5113e-54	
N15	4.17058e-35	6.58396e-28	3.56764e-23	2.92524e-19	9.26216e-16	6.57066e-14	5.3341e-12	1.25913e-09	3.64059e-07	8.00195e-05	0.00421767	0.0573444	0.248977	0.395987	0.240389	0.0506441	0.0023416	1.88216e-05	5.42287e-08	7.80681e-11	6.78383e-14	9.38216e-17	8.66197e-19	2.75253e-20	1.24736e-22	5.00726e-25	1.12916e-27	7.25656e-31	1.01432e-33	6.38456e-34	3.14789e-34	1.35647e-33	4.88802e-34	2.27146e-33	2.57752e-34	9.72451e-35	2.48589e-36	2.01238e-37	2.90972e-39	1.63371e-40	2.1093e-41	
Rhaspe	0	0	0	0	0	0	0	0	0	1	0	0	0	0	0	0	0	0	0	0	0	0	0	0	0	0	0	0	0	0	0	0	0	0	0	0	0	0	0	0	0	
N16	1.36524e-32	1.94431e-26	3.26055e-22	1.06013e-18	1.14124e-15	1.64241e-13	2.77107e-11	9.6284e-09	2.76896e-06	0.000313435	0.0100442	0.0944124	0.305397	0.376561	0.181077	0.0309005	0.0012794	1.26506e-05	5.48596e-08	1.39776e-10	2.24834e-12	1.04659e-13	3.3594e-15	2.26025e-16	1.40559e-18	2.95377e-20	1.46714e-22	8.08875e-24	2.24586e-26	5.30774e-27	8.25509e-30	1.26076e-30	1.14136e-33	6.91516e-35	4.71734e-38	7.96836e-40	4.58101e-43	3.78816e-45	2.30267e-48	1.42431e-50	1.11773e-51	
Rhamar	0	0	0	0	0	0	0	0	0	1	0	0	0	0	0	0	0	0	0	0	0	0	0	0	0	0	0	0	0	0	0	0	0	0	0	0	0	0	0	0	0	
Rhatem	0	0	0	0	0	0	0	0	0	0	1	0	0	0	0	0	0	0	0	0	0	0	0	0	0	0	0	0	0	0	0	0	0	0	0	0	0	0	0	0	0	
N17	1.63073e-43	9.11058e-35	3.37898e-30	3.32136e-24	1.41807e-22	1.32369e-19	4.50881e-15	2.35367e-11	6.28185e-11	1.54857e-09	7.26444e-08	8.60239e-07	4.55067e-05	0.00714934	0.240161	0.639497	0.111574	0.00156943	3.6424e-06	7.30192e-09	7.32998e-11	9.7014e-14	1.35859e-16	2.06058e-19	2.38391e-23	1.04131e-25	6.12162e-30	3.69932e-30	5.12311e-32	3.27426e-32	1.0638e-34	2.49313e-35	6.20738e-38	7.06963e-39	1.52784e-41	8.2706e-43	1.57095e-45	4.83034e-47	3.82561e-49	9.28805e-51	2.77018e-51	
N18	6.95403e-41	9.06418e-33	8.11328e-28	1.32073e-23	3.89967e-21	1.28729e-17	2.74429e-15	2.04783e-12	3.03214e-10	1.91079e-09	5.26102e-07	3.72912e-05	0.000140041	0.00430933	0.135949	0.580933	0.264015	0.0144913	0.000124301	3.16048e-07	1.28809e-09	7.97334e-12	2.85117e-14	8.28272e-17	4.5881e-20	3.33909e-23	1.55538e-26	2.44333e-29	1.11619e-32	1.913e-35	3.68075e-39	2.68754e-42	6.36592e-46	7.34898e-47	5.48361e-49	1.18026e-50	9.38639e-53	1.48382e-54	5.61231e-56	5.07055e-56	7.79935e-56	
N19	2.6174e-36	2.1641e-29	1.54195e-24	1.75355e-21	1.67537e-18	2.58007e-15	1.12555e-13	1.24763e-11	2.89994e-10	2.93514e-08	4.36322e-06	0.000341367	0.00862909	0.0996713	0.382722	0.415238	0.0900493	0.00330925	3.46254e-05	1.52953e-07	3.63946e-10	9.41626e-13	1.15301e-14	4.97658e-16	3.74641e-18	2.49883e-20	1.11225e-22	1.44991e-25	3.23296e-28	3.31068e-30	8.70129e-33	1.63437e-34	1.91223e-37	1.86404e-39	1.17757e-42	4.04067e-45	1.81748e-48	2.74384e-51	9.02373e-55	9.68475e-58	1.72734e-60	
FGA379	0	0	0	0	0	0	0	0	0	0	0	0	0	0	0	0	1	0	0	0	0	0	0	0	0	0	0	0	0	0	0	0	0	0	0	0	0	0	0	0	0	
N20	1.80598e-35	1.3467e-28	1.38964e-23	4.07807e-21	1.26868e-17	3.59533e-14	2.68462e-13	2.55314e-11	1.19046e-09	8.86512e-07	0.00050701	0.0644587	0.371843	0.41425	0.134287	0.0142043	0.000445973	3.73857e-06	1.23293e-08	2.07565e-11	2.10236e-14	1.74335e-17	3.83898e-20	4.44285e-22	1.38566e-24	3.87656e-27	8.6073e-30	6.43028e-33	7.08808e-36	2.37349e-38	2.72866e-41	1.89114e-43	1.29502e-46	5.26047e-49	2.08079e-52	3.58802e-55	1.05997e-58	1.39588e-61	1.44817e-64	7.33001e-67	3.98135e-69	
N21	4.29245e-38	3.50306e-30	3.50574e-24	1.43861e-21	8.14323e-18	1.90749e-13	2.71505e-12	2.74907e-10	2.13635e-09	1.61518e-06	0.00151389	0.270139	0.555583	0.16551	0.00717917	7.37611e-05	2.14421e-07	2.16824e-10	1.01155e-13	2.83573e-17	2.01848e-20	1.98824e-23	2.04247e-26	2.38717e-29	6.02109e-33	3.86606e-36	9.95387e-40	4.21989e-41	3.13946e-41	3.10218e-39	2.31957e-38	4.89267e-39	4.1389e-40	1.01562e-40	1.64403e-40	8.03919e-40	6.79643e-41	2.68688e-42	2.80826e-44	1.38017e-45	2.98746e-46	
N22	1.9355e-41	6.45226e-33	1.77586e-26	2.71084e-23	4.84792e-19	5.80891e-15	1.98675e-14	1.10802e-11	4.53347e-10	2.26166e-06	0.00483931	0.544545	0.419547	0.0307887	0.000277344	5.0063e-07	2.40014e-10	4.13727e-14	3.58329e-18	4.82825e-22	1.82091e-24	7.17164e-28	1.61831e-30	8.42649e-30	1.00943e-30	3.11825e-31	4.22218e-33	5.11012e-33	2.80243e-35	2.18431e-35	7.94385e-38	2.76713e-38	8.39393e-41	1.20231e-41	3.32266e-44	2.26985e-45	5.68212e-48	2.47841e-49	1.92037e-51	1.07687e-52	9.25075e-53	
F3015	0	0	0	0	0	0	0	0	0	0	1	0	0	0	0	0	0	0	0	0	0	0	0	0	0	0	0	0	0	0	0	0	0	0	0	0	0	0	0	0	0	
N23	1.05338e-38	5.85901e-33	4.66686e-28	8.92642e-25	1.9666e-20	3.98315e-16	4.38577e-15	9.10825e-12	8.63398e-10	2.73723e-06	0.00600086	0.637972	0.344743	0.0112449	3.68432e-05	2.31403e-08	4.4417e-12	7.77487e-16	1.52236e-18	2.32646e-21	6.18088e-24	1.09347e-27	6.86547e-31	7.37971e-34	4.61445e-38	6.68861e-40	1.68735e-44	2.75692e-46	3.54409e-48	3.08852e-46	5.61771e-46	8.93533e-47	4.00567e-49	2.96007e-50	1.71128e-51	2.1858e-50	1.84651e-51	1.26263e-51	9.92485e-53	2.75762e-54	1.07134e-54	
N24	1.72351e-42	4.48418e-34	1.48391e-27	1.59228e-24	3.87551e-20	3.07875e-15	4.46067e-14	2.10732e-11	5.13728e-10	1.52435e-06	0.00387396	0.693544	0.297775	0.00479726	7.79738e-06	3.24278e-09	7.80488e-13	7.47756e-15	1.40185e-17	2.61815e-20	2.75595e-23	1.2841e-26	3.89106e-30	5.09678e-32	3.44103e-36	3.34356e-38	1.05492e-42	3.19036e-45	6.90212e-50	4.55974e-53	7.7368e-58	1.95807e-61	3.53604e-66	5.60244e-70	3.42273e-74	1.67874e-76	2.32504e-81	2.72e-84	8.4726e-88	8.98026e-92	6.94042e-95	
N25	4.79591e-46	1.40322e-36	4.84902e-29	1.9499e-26	1.44404e-21	4.49512e-16	8.06534e-16	9.90765e-13	1.46569e-11	7.04979e-07	0.0078629	0.904007	0.0879903	0.000138722	2.04478e-08	8.05829e-13	1.65507e-17	1.17361e-20	3.10659e-24	4.18584e-28	2.4297e-32	3.39203e-37	9.06121e-40	1.29107e-38	1.50405e-40	2.66067e-41	2.27864e-44	7.97263e-46	5.31515e-49	4.70475e-51	2.56268e-54	1.28153e-56	6.53003e-60	2.71791e-62	6.4003e-65	6.62142e-66	5.23251e-69	2.05799e-70	2.01925e-72	7.43929e-75	1.3829e-76	
N26	3.7371e-42	5.78619e-37	2.90927e-30	9.10471e-27	5.03017e-22	1.1516e-17	5.67076e-16	6.38701e-13	3.53609e-10	3.93799e-06	0.0150894	0.904427	0.080335	0.000144159	3.01947e-08	3.51881e-12	7.92391e-15	3.82609e-16	1.14928e-19	1.0873e-22	7.32529e-27	1.15536e-29	2.42191e-33	5.73428e-35	5.67453e-40	2.71484e-42	1.61816e-47	1.25279e-50	1.21579e-52	2.56948e-51	8.5657e-52	2.10755e-52	1.1441e-53	1.15279e-54	1.23425e-54	2.32461e-52	1.61875e-54	3.72547e-55	2.30375e-56	4.28517e-58	9.14876e-59	
F1476	0	0	0	0	0	0	0	0	0	0	1	0	0	0	0	0	0	0	0	0	0	0	0	0	0	0	0	0	0	0	0	0	0	0	0	0	0	0	0	0	0	
N27	7.78074e-45	6.63698e-36	5.83078e-29	1.62348e-25	1.62359e-20	6.97916e-16	3.50333e-13	2.01543e-11	5.28017e-09	1.01332e-05	0.0192449	0.890088	0.0901521	0.000504495	2.39344e-07	2.61711e-10	1.43857e-12	4.45641e-14	8.71999e-18	9.62871e-21	1.1194e-24	1.20332e-26	2.11015e-30	3.57293e-32	6.06999e-37	9.94333e-40	1.18472e-44	7.79934e-46	4.61086e-47	1.09894e-45	5.69784e-47	2.33494e-47	3.13129e-48	1.08314e-48	3.89367e-48	3.02318e-46	8.19675e-49	4.13224e-50	1.99723e-51	5.01119e-53	2.00746e-53	
Furcep	0	0	0	0	0	0	0	0	0	0	0	0	0	1	0	0	0	0	0	0	0	0	0	0	0	0	0	0	0	0	0	0	0	0	0	0	0	0	0	0	0	
N28	1.38292e-41	2.02105e-33	2.27164e-27	7.82649e-24	5.23484e-19	1.13194e-15	9.4287e-14	7.38408e-12	7.40091e-09	4.56939e-05	0.0725204	0.874701	0.0525629	0.000170173	9.35135e-08	2.57673e-11	2.54707e-14	9.1737e-16	1.11301e-18	2.34335e-21	1.0739e-24	7.29581e-28	6.10028e-31	2.02774e-32	1.17563e-36	1.39239e-38	4.26183e-43	8.12647e-46	1.93579e-50	8.53268e-54	1.57788e-58	7.01166e-62	2.86194e-66	2.50369e-69	4.11405e-73	4.46909e-75	7.27584e-80	1.00585e-82	4.98807e-86	8.20093e-90	9.81782e-93	
Furpol	0	0	0	0	0	0	0	0	0	0	0	1	0	0	0	0	0	0	0	0	0	0	0	0	0	0	0	0	0	0	0	0	0	0	0	0	0	0	0	0	0	
N29	1.85962e-39	2.58397e-31	1.82313e-25	1.1559e-21	1.22144e-16	2.64718e-14	6.7831e-12	1.20347e-10	4.06558e-07	0.00143876	0.689461	0.305457	0.00363742	5.19501e-06	2.44101e-09	6.30054e-13	6.61326e-16	7.49405e-18	3.93159e-21	3.78171e-24	1.05426e-27	1.37084e-30	8.50867e-34	4.60472e-36	4.04951e-40	5.79949e-43	3.13793e-47	9.38074e-51	3.39502e-55	5.95343e-59	1.5293e-63	2.35151e-67	1.95487e-71	5.87781e-75	1.32688e-78	2.37586e-81	6.31746e-86	1.3738e-89	2.51279e-93	3.16067e-97	1.82172e-100	
N30	2.1951e-39	3.79055e-31	3.04465e-25	2.20427e-21	2.94024e-16	5.16433e-14	2.02779e-11	1.89476e-10	6.60762e-07	0.00233227	0.911389	0.0860086	0.000269122	1.81306e-07	4.95852e-11	3.69423e-14	7.42406e-17	2.81603e-19	5.20014e-23	4.20657e-26	1.52232e-29	8.07694e-32	1.119e-35	3.71318e-38	1.84078e-42	9.60492e-46	3.44134e-50	6.71829e-54	1.64489e-58	2.46677e-62	6.13414e-67	3.73119e-70	1.09897e-73	1.53399e-77	1.27615e-81	1.78825e-84	3.41773e-89	3.65243e-93	4.12954e-97	8.31901e-101	7.60037e-104	
F2241	0	0	0	0	0	0	0	0	0	0	1	0	0	0	0	0	0	0	0	0	0	0	0	0	0	0	0	0	0	0	0	0	0	0	0	0	0	0	0	0	0	
Furang	0	0	0	0	0	0	0	0	0	0	1	0	0	0	0	0	0	0	0	0	0	0	0	0	0	0	0	0	0	0	0	0	0	0	0	0	0	0	0	0	0	
FGA490	0	0	0	0	0	0	0	0	0	0	1	0	0	0	0	0	0	0	0	0	0	0	0	0	0	0	0	0	0	0	0	0	0	0	0	0	0	0	0	0	0	
N31	6.1892e-43	4.08993e-34	2.92132e-27	2.07236e-24	1.3236e-19	5.23187e-15	2.57858e-14	1.1027e-11	6.69366e-10	8.79931e-06	0.0269436	0.95013	0.0228984	1.89157e-05	3.63496e-09	3.46257e-13	2.15036e-16	1.54175e-18	3.625e-22	1.47607e-25	1.01548e-29	4.78338e-33	8.58345e-37	2.32825e-39	4.8171e-44	3.64289e-47	3.96868e-52	3.89622e-56	2.04793e-58	7.64627e-58	1.58419e-58	1.59848e-60	3.64503e-62	1.66185e-63	1.03056e-63	3.03518e-62	3.9156e-64	9.18439e-66	1.36937e-67	1.02053e-69	4.20679e-71	
N32	4.93287e-42	1.9425e-33	6.26974e-27	1.45818e-23	5.75308e-19	9.52636e-15	1.02569e-13	8.04513e-11	6.94648e-09	1.14376e-05	0.0262054	0.955617	0.0181466	1.99834e-05	5.25675e-09	3.91492e-12	1.10198e-14	1.07173e-16	1.52739e-20	1.04213e-23	1.65476e-27	1.1225e-29	1.39559e-33	9.02199e-36	1.94457e-40	1.3276e-43	1.9885e-48	2.77478e-52	6.80059e-56	3.70066e-55	4.28957e-54	5.49883e-55	5.53989e-56	1.41065e-57	1.7801e-58	6.88324e-56	2.5352e-56	8.34326e-58	2.35123e-59	5.64023e-61	1.41344e-61	
N33	4.51641e-44	6.65054e-35	1.17932e-27	6.39947e-25	1.87695e-20	8.54489e-15	6.94242e-14	2.79508e-11	2.63334e-10	3.14159e-07	0.00303588	0.965876	0.0310251	6.28926e-05	1.34698e-08	3.43295e-11	4.91968e-14	1.14991e-16	4.59471e-21	1.78271e-24	2.27679e-28	1.10766e-30	2.46676e-35	5.51552e-38	3.73033e-43	5.47812e-47	2.59487e-52	1.67078e-54	8.4965e-57	1.98843e-56	2.5904e-56	3.70908e-57	1.56023e-58	1.20698e-60	7.92202e-62	3.18513e-60	8.41878e-62	5.57865e-64	4.07785e-66	6.25587e-68	7.56217e-69	
N34	4.79013e-42	1.06992e-33	2.73996e-27	1.5678e-24	3.01029e-20	1.84159e-15	4.75254e-15	6.14892e-12	6.75101e-11	5.06351e-07	0.00244978	0.977368	0.0201557	2.65076e-05	7.81671e-09	2.10762e-12	5.16432e-15	1.49574e-16	3.95907e-20	4.32698e-23	6.61251e-27	2.49449e-29	7.3681e-33	1.23685e-34	3.00245e-39	7.58839e-42	1.29584e-46	5.83166e-50	7.455e-55	1.3508e-58	1.31561e-63	4.5668e-67	7.45217e-71	1.43047e-74	2.14419e-78	1.11965e-80	8.38578e-86	2.16636e-89	4.3955e-93	3.85646e-97	3.84537e-100	
N35	7.30184e-40	1.06917e-31	1.91543e-25	7.68397e-23	1.12503e-18	5.33943e-14	8.08883e-14	6.48065e-11	2.47353e-10	1.0068e-06	0.00310901	0.986263	0.0106135	1.3129e-05	4.8826e-09	1.83553e-12	6.33268e-15	8.86714e-17	1.81318e-20	1.15539e-23	2.30714e-27	8.77424e-30	4.59236e-33	2.67794e-35	1.2885e-39	7.47539e-43	2.55665e-47	4.98952e-51	1.12539e-55	1.60335e-59	2.80532e-64	7.20253e-68	1.61645e-71	4.65834e-75	9.59449e-79	1.88531e-81	3.28478e-86	3.51535e-90	4.02997e-94	5.92068e-98	5.89402e-101	
FGA456	0	0	0	0	0	0	0	0	0	0	0	1	0	0	0	0	0	0	0	0	0	0	0	0	0	0	0	0	0	0	0	0	0	0	0	0	0	0	0	0	0	
FGA513	0	0	0	0	0	0	0	0	0	0	0	1	0	0	0	0	0	0	0	0	0	0	0	0	0	0	0	0	0	0	0	0	0	0	0	0	0	0	0	0	0	
F12278	0	0	0	0	0	0	0	0	0	0	0	1	0	0	0	0	0	0	0	0	0	0	0	0	0	0	0	0	0	0	0	0	0	0	0	0	0	0	0	0	0	
N36	1.11672e-38	1.33312e-30	1.7248e-24	1.3358e-21	1.09702e-17	3.62594e-13	6.11928e-11	1.32325e-09	4.26017e-08	3.75222e-06	0.00127409	0.721915	0.264128	0.0126636	1.59004e-05	3.71236e-08	3.91396e-10	9.34298e-12	2.76513e-15	2.1839e-18	9.94776e-22	1.04741e-23	8.50925e-27	6.83736e-29	5.50708e-33	2.2591e-36	1.12515e-40	2.66446e-44	8.66694e-49	1.80019e-52	5.61451e-57	5.28593e-60	2.4569e-63	1.00836e-66	2.94175e-70	7.31382e-73	2.06454e-77	2.3135e-81	2.17368e-85	7.6553e-89	1.39878e-91	
Furant	0	0	0	0	0	0	0	0	0	0	0	1	0	0	0	0	0	0	0	0	0	0	0	0	0	0	0	0	0	0	0	0	0	0	0	0	0	0	0	0	0	
FGA331	0	0	0	0	0	0	0	0	0	0	0	0	0	1	0	0	0	0	0	0	0	0	0	0	0	0	0	0	0	0	0	0	0	0	0	0	0	0	0	0	0	
FGA465	0	0	0	0	0	0	0	0	0	0	1	0	0	0	0	0	0	0	0	0	0	0	0	0	0	0	0	0	0	0	0	0	0	0	0	0	0	0	0	0	0	
N37	1.48522e-39	2.73309e-31	3.85358e-25	6.07145e-22	3.33689e-17	7.56945e-14	2.07888e-12	1.78847e-10	7.11494e-08	0.0003402	0.241375	0.752764	0.00551444	6.00995e-06	2.1734e-09	6.94285e-13	1.77369e-15	1.71399e-17	3.92979e-21	2.25865e-24	4.72473e-28	1.2815e-30	6.33243e-34	2.53021e-36	1.42477e-40	7.03372e-44	2.70709e-48	4.44586e-52	1.07622e-56	1.32061e-60	2.4254e-65	4.55947e-69	7.72544e-73	1.98934e-76	3.51497e-80	4.51336e-83	8.61563e-88	7.93586e-92	7.42498e-96	9.3933e-100	6.22935e-103	
FGA99	0	0	0	0	0	0	0	0	0	0	1	0	0	0	0	0	0	0	0	0	0	0	0	0	0	0	0	0	0	0	0	0	0	0	0	0	0	0	0	0	0	
N38	7.67219e-39	8.81125e-31	7.93718e-25	1.75794e-21	7.30748e-17	2.0004e-13	6.55904e-12	7.21812e-10	1.30309e-07	0.000383771	0.262592	0.733119	0.00390073	3.71855e-06	1.42627e-09	4.88037e-12	1.94661e-14	1.43589e-16	2.7499e-20	3.98291e-23	2.43801e-26	3.7433e-28	5.83565e-32	4.81585e-34	2.50389e-38	1.78751e-41	6.8947e-46	2.08311e-49	5.60941e-54	1.51521e-57	6.18303e-62	1.45793e-64	8.0015e-68	1.60169e-71	1.61812e-75	5.54349e-78	1.11322e-82	1.62448e-86	2.59569e-90	1.00901e-93	2.27698e-96	
FGA15	0	0	0	0	0	0	0	0	0	0	1	0	0	0	0	0	0	0	0	0	0	0	0	0	0	0	0	0	0	0	0	0	0	0	0	0	0	0	0	0	0	
FGA581	0	0	0	0	0	0	0	0	0	0	0	1	0	0	0	0	0	0	0	0	0	0	0	0	0	0	0	0	0	0	0	0	0	0	0	0	0	0	0	0	0	
FGA104	0	0	0	0	0	0	0	0	0	0	0	0	1	0	0	0	0	0	0	0	0	0	0	0	0	0	0	0	0	0	0	0	0	0	0	0	0	0	0	0	0	
FGA489	0	0	0	0	0	0	0	0	0	0	1	0	0	0	0	0	0	0	0	0	0	0	0	0	0	0	0	0	0	0	0	0	0	0	0	0	0	0	0	0	0	
FGA174	0	0	0	0	0	0	0	0	0	0	0	0	0	1	0	0	0	0	0	0	0	0	0	0	0	0	0	0	0	0	0	0	0	0	0	0	0	0	0	0	0	
FurbGB	0	0	0	0	0	0	0	0	0	0	0	1	0	0	0	0	0	0	0	0	0	0	0	0	0	0	0	0	0	0	0	0	0	0	0	0	0	0	0	0	0	
N39	2.71006e-42	1.22007e-34	4.61694e-30	4.13056e-25	6.41543e-23	4.47562e-20	7.03694e-17	3.89911e-13	1.09792e-10	6.38222e-10	4.51978e-08	1.43176e-06	1.09161e-05	0.00112829	0.0657095	0.492131	0.39801	0.0421554	0.000828178	1.8409e-05	5.94228e-06	1.7533e-07	3.96421e-09	5.3457e-11	7.43152e-14	2.12111e-15	3.39135e-18	3.13237e-19	1.85996e-22	9.27344e-24	2.49968e-27	3.95075e-29	7.05386e-33	3.04273e-35	4.12084e-39	7.62879e-42	7.80405e-46	9.03552e-49	3.4412e-52	7.54427e-55	2.03042e-56	
N40	5.74441e-40	7.24116e-33	1.76487e-28	5.25086e-24	7.82383e-22	3.93836e-19	5.68841e-16	8.77626e-13	5.23984e-11	3.41715e-10	8.86905e-09	1.56457e-07	3.65211e-06	0.000328226	0.0264673	0.358966	0.509047	0.101249	0.00388285	5.47303e-05	1.88255e-06	7.64631e-08	2.11058e-09	7.85173e-11	3.67393e-13	3.41437e-15	1.44665e-17	2.45646e-19	9.01283e-22	3.82524e-23	5.44806e-26	1.10494e-27	8.51934e-31	5.97772e-33	3.26236e-36	9.92157e-39	3.99272e-42	7.00274e-45	2.41635e-48	5.46927e-51	6.09813e-53	
N41	3.93623e-39	9.94904e-32	8.58712e-28	6.38052e-23	2.02021e-21	1.27344e-19	5.6061e-16	2.36015e-12	8.95289e-12	7.52612e-11	2.72551e-09	4.17029e-09	1.10525e-07	3.38897e-05	0.00863363	0.372402	0.547024	0.070495	0.00140387	8.25845e-06	2.1118e-08	3.60762e-11	9.54379e-14	5.61961e-16	1.1667e-18	2.14498e-21	2.974e-24	2.22424e-27	1.68033e-30	3.24292e-33	2.2169e-36	4.17599e-39	1.73273e-42	1.73692e-45	4.53874e-49	2.36796e-52	4.17469e-56	1.29923e-59	1.63428e-63	5.66894e-67	2.18992e-69	
CGA312	0	0	0	0	0	0	0	0	0	0	0	0	0	0	0	0	0	1	0	0	0	0	0	0	0	0	0	0	0	0	0	0	0	0	0	0	0	0	0	0	0	
N42	1.78683e-46	6.79878e-38	2.32789e-33	2.29589e-27	2.02365e-25	5.32205e-23	1.19242e-18	1.37898e-14	3.5107e-14	7.96302e-13	1.26777e-11	1.98425e-11	3.17148e-09	5.99625e-06	0.00900925	0.456569	0.504233	0.030045	0.00013788	1.26348e-07	3.88443e-11	5.77769e-15	8.9312e-19	2.13001e-21	1.54189e-24	7.30141e-28	4.19025e-31	2.71037e-35	4.71087e-39	7.33946e-43	5.24026e-47	1.32839e-43	3.73914e-44	1.78498e-44	1.0201e-46	3.1869e-47	2.01192e-49	3.18482e-49	7.85568e-49	1.95674e-48	3.23625e-50	
N43	1.11068e-54	1.14893e-44	6.24476e-39	1.74838e-32	8.91636e-30	1.07532e-26	7.70975e-21	8.683e-18	4.62042e-17	3.12304e-16	1.04481e-14	5.02859e-13	4.5209e-10	1.68129e-05	0.0269977	0.64069	0.330698	0.00159722	3.52196e-07	1.40413e-11	1.84541e-16	1.1323e-21	1.6161e-26	1.88961e-29	3.33825e-33	1.63496e-37	1.62943e-41	4.56684e-43	3.16152e-44	2.09998e-46	5.63112e-45	1.11777e-40	4.06474e-41	1.23587e-39	2.70709e-40	4.99275e-39	1.08079e-38	3.89467e-36	6.84777e-36	2.07691e-35	4.43375e-36	
N44	1.86843e-43	1.2098e-36	4.30413e-34	3.17263e-30	3.26275e-31	9.05478e-29	7.09607e-24	5.34355e-20	3.16804e-19	3.43436e-17	4.02503e-14	6.44633e-13	7.65832e-10	9.47857e-06	0.0212273	0.629638	0.347256	0.00186906	9.0669e-07	1.07968e-10	1.60257e-13	3.7951e-15	6.08783e-18	2.43052e-20	3.75626e-24	2.03023e-27	1.49262e-31	3.77218e-32	4.10601e-33	1.58745e-32	4.51722e-35	6.40124e-35	8.25423e-38	3.46286e-38	3.50235e-41	2.41761e-42	2.16538e-45	4.51898e-47	8.80569e-50	1.31663e-51	1.65311e-51	
N45	5.50198e-46	1.8293e-37	3.02935e-33	3.49362e-27	6.08668e-26	3.05614e-23	1.83607e-19	9.03388e-15	2.66983e-13	9.62985e-14	1.39403e-10	5.0441e-10	2.37823e-10	3.33308e-07	0.000601814	0.172906	0.781116	0.0452654	0.000110083	7.18562e-08	2.95701e-11	3.49205e-14	4.94329e-17	7.11251e-20	1.60757e-23	3.60909e-27	4.83468e-31	3.47552e-34	4.64662e-34	1.88173e-34	6.33787e-36	5.00659e-37	5.48198e-39	1.49875e-40	1.13649e-42	1.73161e-44	9.30362e-47	1.07198e-48	5.08014e-51	9.14158e-53	5.5445e-54	
CGA642	0	0	0	0	0	0	0	0	0	0	0	0	0	0	0	0	1	0	0	0	0	0	0	0	0	0	0	0	0	0	0	0	0	0	0	0	0	0	0	0	0	
N46	7.79946e-41	1.34684e-34	1.60581e-31	2.8697e-28	4.86126e-27	1.16657e-23	2.94487e-20	4.6462e-16	1.81389e-14	4.7585e-14	3.3751e-12	2.42663e-11	5.86309e-10	1.185e-07	0.000320949	0.173361	0.766519	0.0596922	0.000106718	4.74254e-08	9.43103e-12	2.97153e-14	1.29928e-16	4.14988e-18	7.03771e-21	9.65754e-24	2.74204e-27	1.71637e-31	6.92879e-35	6.08412e-37	1.22665e-40	2.34202e-42	1.04042e-46	1.00506e-48	1.75504e-53	1.73114e-56	2.42616e-61	8.88363e-65	1.28333e-69	2.29773e-73	2.26487e-76	
CGA763	0	0	0	0	0	0	0	0	0	0	0	0	0	0	0	1	0	0	0	0	0	0	0	0	0	0	0	0	0	0	0	0	0	0	0	0	0	0	0	0	0	
C601	0	0	0	0	0	0	0	0	0	0	0	0	0	0	0	0	0	1	0	0	0	0	0	0	0	0	0	0	0	0	0	0	0	0	0	0	0	0	0	0	0	
N47	1.21161e-41	2.73049e-35	1.80322e-32	5.27377e-29	5.4914e-30	2.75588e-29	2.09549e-24	1.33967e-20	4.51393e-19	1.78676e-16	3.66406e-14	8.72414e-12	1.38491e-08	3.95568e-05	0.0263424	0.632194	0.338906	0.00251466	2.71767e-06	8.72763e-10	3.05866e-13	1.29256e-14	6.23853e-17	1.82608e-18	1.61367e-21	2.43291e-24	4.38016e-28	4.45285e-32	2.70368e-35	7.1315e-37	1.13873e-40	1.98219e-39	5.7993e-41	8.16326e-41	3.7266e-43	6.58985e-44	1.58508e-45	9.69723e-46	4.62104e-47	6.48846e-48	1.14781e-47	
CGA236	0	0	0	0	0	0	0	0	0	0	0	0	0	0	0	0	1	0	0	0	0	0	0	0	0	0	0	0	0	0	0	0	0	0	0	0	0	0	0	0	0	
N48	1.70463e-48	2.79026e-41	7.30489e-37	1.05173e-32	1.12919e-29	1.15701e-25	1.20422e-21	9.03846e-19	6.48649e-17	1.28334e-14	1.91577e-12	2.04501e-09	1.57114e-06	0.000616605	0.0747616	0.649435	0.271903	0.00327448	7.62222e-06	6.17838e-09	2.76756e-12	3.41424e-14	4.23866e-16	2.39691e-17	7.25039e-20	2.14926e-22	1.1714e-25	2.10968e-29	1.86402e-32	4.14269e-34	3.80812e-37	9.48025e-39	1.56e-42	1.73855e-44	1.27776e-48	1.28499e-51	7.0097e-56	3.32764e-59	2.02259e-63	6.90068e-67	3.73174e-69	
N49	9.92088e-43	5.50539e-35	1.31172e-29	9.33971e-26	1.33591e-22	8.97113e-19	8.67012e-16	1.37068e-13	7.04804e-11	2.30672e-10	1.27597e-08	9.11443e-06	0.000260546	0.00593486	0.125074	0.568897	0.280884	0.0188494	9.05664e-05	1.44469e-07	1.8457e-10	1.54579e-12	1.19416e-14	1.41575e-16	1.85799e-19	3.24834e-22	2.49153e-25	2.17961e-28	2.63354e-31	2.11616e-33	1.53865e-36	7.67258e-39	2.1074e-42	3.4805e-45	6.17942e-49	3.18037e-52	3.64186e-56	1.25827e-59	1.22402e-63	5.63965e-67	1.38806e-69	
Calboe	0	0	0	0	0	0	0	0	0	0	0	0	0	1	0	0	0	0	0	0	0	0	0	0	0	0	0	0	0	0	0	0	0	0	0	0	0	0	0	0	0	
C3125	0	0	0	0	0	0	0	0	0	0	0	0	0	0	0	0	0	1	0	0	0	0	0	0	0	0	0	0	0	0	0	0	0	0	0	0	0	0	0	0	0	
CGA429	0	0	0	0	0	0	0	0	0	0	0	0	0	0	1	0	0	0	0	0	0	0	0	0	0	0	0	0	0	0	0	0	0	0	0	0	0	0	0	0	0	
N50	2.54277e-52	1.39867e-43	1.06818e-37	5.506e-33	1.9208e-29	2.36421e-25	7.4028e-21	6.11177e-20	1.18185e-18	6.48172e-16	5.81046e-14	4.72915e-10	3.96974e-06	0.00570459	0.326412	0.584661	0.0830565	0.000162364	5.24137e-08	6.23172e-12	3.67795e-16	1.1074e-19	4.01649e-22	1.01319e-23	2.81518e-26	2.12887e-29	4.33283e-33	1.23536e-37	1.77987e-41	1.74095e-44	2.09852e-44	7.03753e-42	1.69797e-43	3.00802e-43	2.41648e-45	4.35216e-46	1.74856e-47	2.75153e-47	1.3565e-48	9.45539e-50	2.20052e-50	
C984	0	0	0	0	0	0	0	0	0	0	0	0	0	1	0	0	0	0	0	0	0	0	0	0	0	0	0	0	0	0	0	0	0	0	0	0	0	0	0	0	0	
N51	3.9125e-51	3.14283e-43	1.4384e-37	3.19472e-33	1.38088e-29	2.09739e-25	6.45194e-21	6.34931e-19	1.00329e-16	5.26477e-14	3.23264e-12	8.89386e-09	2.22638e-05	0.0116812	0.431133	0.510213	0.0468358	0.000114913	7.9539e-08	2.4039e-11	1.14705e-14	3.44252e-16	2.3312e-18	8.85204e-20	2.19954e-22	6.14185e-25	2.12447e-28	6.48154e-32	5.04963e-35	2.36282e-36	7.45459e-40	2.84659e-41	2.83393e-45	5.2978e-47	2.43005e-51	2.87118e-54	1.026e-58	5.30085e-62	3.17935e-66	9.26628e-70	1.10737e-71	
CGA310	0	0	0	0	0	0	0	0	0	0	0	0	0	0	1	0	0	0	0	0	0	0	0	0	0	0	0	0	0	0	0	0	0	0	0	0	0	0	0	0	0	
N52	8.33741e-43	3.88344e-35	7.74443e-30	4.99254e-26	1.16486e-22	4.13674e-19	3.30553e-15	3.67638e-14	1.48236e-12	8.38204e-11	1.76387e-09	9.78635e-07	0.000764486	0.128761	0.739022	0.128918	0.0025238	9.73584e-06	1.43275e-08	1.07524e-11	8.87924e-15	4.53034e-17	2.16356e-19	1.51017e-21	1.53578e-24	2.07253e-27	1.3518e-30	1.27124e-33	1.31727e-36	7.95331e-39	4.6227e-42	1.69294e-44	4.52766e-48	6.20988e-51	1.09286e-54	5.01049e-58	5.67314e-62	1.79867e-65	1.74098e-69	7.84778e-73	1.73584e-75	
CGA365	0	0	0	0	0	0	0	0	0	0	0	0	0	0	1	0	0	0	0	0	0	0	0	0	0	0	0	0	0	0	0	0	0	0	0	0	0	0	0	0	0	
CGA494	0	0	0	0	0	0	0	0	0	0	0	0	0	1	0	0	0	0	0	0	0	0	0	0	0	0	0	0	0	0	0	0	0	0	0	0	0	0	0	0	0	
N53	1.82346e-45	2.54681e-37	6.82124e-33	1.92793e-27	4.70796e-25	5.73046e-23	1.71774e-19	4.77359e-15	5.05153e-13	2.65739e-12	1.42369e-10	2.16161e-09	3.39135e-08	2.35334e-06	0.000623702	0.137624	0.612311	0.241217	0.0081955	2.64e-05	3.55393e-08	1.52596e-10	7.87471e-13	4.73971e-15	3.16201e-18	2.34438e-21	9.10359e-25	3.31094e-28	1.55364e-31	3.70701e-34	1.21037e-37	1.87151e-38	8.31086e-38	1.17998e-38	1.89407e-40	8.29939e-42	9.58471e-44	4.96852e-45	3.18166e-46	5.95653e-46	1.53931e-45	
N54	3.73174e-47	4.72424e-39	4.35944e-34	1.12585e-28	3.00773e-26	3.64093e-23	1.89404e-19	1.9458e-15	5.77153e-14	5.49519e-13	1.25926e-11	2.66633e-10	1.41029e-08	8.62766e-07	0.000748785	0.16118	0.621224	0.213508	0.00333271	6.07677e-06	3.72012e-09	1.95749e-12	1.68417e-15	1.01439e-17	3.53919e-20	7.09814e-23	2.22491e-25	7.02932e-29	6.63787e-32	2.08665e-35	3.88277e-39	5.9951e-41	7.49349e-45	8.65034e-47	4.80632e-51	2.72239e-53	9.57629e-58	2.13672e-60	5.61982e-65	2.97008e-68	1.90559e-72	
C12265	0	0	0	0	0	0	0	0	0	0	0	0	0	0	0	0	0	1	0	0	0	0	0	0	0	0	0	0	0	0	0	0	0	0	0	0	0	0	0	0	0	
N55	4.42181e-49	3.31366e-40	1.20581e-35	1.33472e-29	2.00235e-27	5.75863e-26	1.15886e-20	4.70481e-17	1.23564e-17	5.21381e-15	2.58136e-13	2.7867e-13	6.4578e-10	9.2764e-06	0.0265306	0.929471	0.0437473	0.000241714	1.24262e-07	1.79251e-11	1.10432e-15	3.61015e-20	9.27507e-25	3.87548e-28	1.59738e-31	2.8115e-35	5.41455e-37	5.75783e-37	2.49169e-37	1.88042e-39	9.10711e-42	7.87785e-43	1.15076e-44	1.26347e-45	9.07807e-48	6.09208e-49	2.10376e-51	3.6776e-53	9.71639e-56	8.67548e-58	4.10923e-60	
C404	0	0	0	0	0	0	0	0	0	0	0	0	0	0	1	0	0	0	0	0	0	0	0	0	0	0	0	0	0	0	0	0	0	0	0	0	0	0	0	0	0	
N56	2.47159e-41	6.12876e-35	1.9194e-32	9.26402e-29	7.6305e-30	6.83879e-28	6.49453e-23	1.16167e-18	6.82158e-19	3.5647e-17	4.99208e-14	9.82329e-14	2.54657e-10	4.44445e-06	0.0148533	0.95782	0.0272597	6.27848e-05	1.81405e-08	1.67225e-12	1.83636e-16	2.24271e-18	2.8748e-21	9.32488e-24	2.18152e-27	1.29384e-30	2.38949e-34	2.31156e-38	5.33193e-42	7.86777e-44	1.52274e-48	1.2328e-50	1.20615e-55	3.91163e-58	2.64322e-63	2.5243e-66	1.37229e-71	2.61526e-75	1.39831e-80	1.27069e-84	1.26185e-87	
Cl11778	0	0	0	0	0	0	0	0	0	0	0	0	0	0	0	1	0	0	0	0	0	0	0	0	0	0	0	0	0	0	0	0	0	0	0	0	0	0	0	0	0	
CGA48	0	0	0	0	0	0	0	0	0	0	0	0	0	0	0	1	0	0	0	0	0	0	0	0	0	0	0	0	0	0	0	0	0	0	0	0	0	0	0	0	0	
C3126	0	0	0	0	0	0	0	0	0	0	0	0	0	0	0	0	0	0	1	0	0	0	0	0	0	0	0	0	0	0	0	0	0	0	0	0	0	0	0	0	0	
N57	1.33996e-41	1.02436e-33	9.00062e-29	1.76836e-24	4.32786e-22	7.14792e-19	1.03954e-17	1.5751e-13	4.09518e-10	8.33775e-11	7.03715e-10	7.94301e-08	4.81623e-08	2.43074e-08	1.24729e-05	0.00310969	0.150523	0.765439	0.0800303	0.000882563	3.14487e-06	7.61044e-09	2.42939e-11	8.68844e-14	1.10056e-16	1.17357e-19	8.792e-23	6.04481e-26	3.25528e-29	3.59437e-32	1.42535e-35	9.97948e-39	4.58513e-40	3.39249e-39	1.06839e-40	5.09862e-42	2.12975e-43	7.72827e-45	1.49283e-46	3.21362e-47	1.59696e-46	
CGA311	0	0	0	0	0	0	0	0	0	0	0	0	0	0	0	0	0	1	0	0	0	0	0	0	0	0	0	0	0	0	0	0	0	0	0	0	0	0	0	0	0	
N58	1.83732e-46	2.73071e-38	4.21474e-33	3.22123e-28	4.20996e-25	6.70354e-22	1.28157e-19	2.15136e-15	4.09964e-12	1.91953e-12	1.47957e-11	9.83736e-10	7.67839e-10	3.98442e-09	2.37533e-06	0.00133229	0.124015	0.787131	0.0867544	0.000762759	1.7069e-06	1.85151e-09	2.43282e-12	5.26611e-14	2.83529e-16	9.47209e-19	4.22871e-21	1.37242e-24	1.85157e-27	2.11182e-30	4.34259e-34	1.24811e-35	1.31722e-39	2.5338e-41	1.29123e-45	1.17178e-47	3.59443e-52	9.13456e-55	2.22184e-59	2.37627e-62	1.9031e-66	
N59	1.74046e-48	4.58653e-40	6.81613e-35	7.68241e-30	1.07018e-27	4.06255e-24	5.07226e-22	1.06532e-17	5.6153e-15	7.36574e-16	4.89039e-14	3.01623e-12	4.46898e-12	1.40623e-10	5.48331e-07	0.000706848	0.144415	0.826845	0.0279406	9.25991e-05	8.1638e-08	2.90255e-11	5.64371e-15	8.30988e-18	3.10308e-20	4.51319e-23	1.2295e-25	3.18113e-29	1.31098e-32	2.2895e-36	1.54765e-40	1.60082e-43	4.28363e-45	1.16274e-43	1.7369e-45	3.72067e-46	4.65506e-48	3.66579e-49	1.91785e-51	2.16333e-52	1.13822e-52	
CGA45	0	0	0	0	0	0	0	0	0	0	0	0	0	0	0	0	1	0	0	0	0	0	0	0	0	0	0	0	0	0	0	0	0	0	0	0	0	0	0	0	0	
N60	5.4958e-50	5.65976e-42	1.02632e-36	6.1457e-32	5.11321e-29	1.572e-25	2.40384e-23	1.76613e-19	1.33056e-16	6.84889e-17	1.56564e-15	9.26579e-13	4.88161e-12	1.14773e-10	3.34911e-07	0.000439491	0.106114	0.864542	0.0287924	0.000111838	1.23996e-07	5.95972e-11	5.65673e-14	5.28096e-15	1.06026e-16	4.20441e-19	2.37618e-21	7.69359e-25	1.07729e-27	4.03198e-31	1.52563e-34	4.76758e-36	2.4866e-39	6.0488e-41	6.00072e-45	5.56891e-47	3.13792e-51	5.90706e-54	2.65034e-58	1.66352e-61	2.53626e-65	
C3043	0	0	0	0	0	0	0	0	0	0	0	0	0	0	0	0	0	1	0	0	0	0	0	0	0	0	0	0	0	0	0	0	0	0	0	0	0	0	0	0	0	
CGA364	0	0	0	0	0	0	0	0	0	0	0	0	0	0	0	0	0	1	0	0	0	0	0	0	0	0	0	0	0	0	0	0	0	0	0	0	0	0	0	0	0	
C2208	0	0	0	0	0	0	0	0	0	0	0	0	0	0	0	0	0	0	1	0	0	0	0	0	0	0	0	0	0	0	0	0	0	0	0	0	0	0	0	0	0	
N61	4.90696e-37	8.04879e-30	1.94656e-25	2.13091e-21	1.97874e-19	1.42349e-16	4.51062e-15	1.58667e-11	9.07601e-09	1.95156e-09	1.39151e-08	6.70973e-07	1.60836e-07	4.42591e-07	0.000104386	0.00999669	0.228855	0.721309	0.0392291	0.000501699	2.85802e-06	1.17168e-08	5.60599e-11	2.97563e-13	7.64761e-16	1.75597e-18	2.97449e-21	5.25182e-24	6.80044e-27	1.4301e-29	1.4012e-32	1.95177e-35	1.25426e-38	1.02098e-41	4.34669e-45	2.28734e-48	6.7986e-52	2.55455e-55	5.99446e-59	2.31402e-62	1.48392e-65	
N62	6.29057e-44	9.58617e-36	9.31262e-31	5.76805e-26	7.57838e-24	2.89554e-20	1.00691e-18	1.42115e-14	1.34707e-11	5.52854e-13	1.79243e-11	8.45334e-10	5.42266e-11	3.48873e-10	9.21616e-07	0.000937024	0.167545	0.818649	0.0128368	3.14857e-05	2.51877e-08	9.45013e-12	3.10539e-15	9.4877e-18	1.4915e-20	1.50689e-23	1.83496e-26	3.21559e-30	8.70516e-34	2.30501e-37	3.5108e-41	5.63955e-44	8.18419e-48	9.86405e-51	7.63198e-55	4.83977e-58	2.07336e-62	4.01832e-66	1.21181e-70	1.30342e-74	7.18966e-79	
CGA453	0	0	0	0	0	0	0	0	0	0	0	0	0	0	0	0	0	1	0	0	0	0	0	0	0	0	0	0	0	0	0	0	0	0	0	0	0	0	0	0	0	
N63	2.13264e-48	6.54907e-40	7.28814e-35	1.65505e-29	2.52458e-27	5.98482e-24	2.37098e-21	6.25367e-17	1.53057e-14	6.74267e-16	7.53781e-14	1.44133e-12	2.03886e-13	1.70211e-11	1.29219e-07	0.000417385	0.228153	0.767849	0.00357841	2.78094e-06	7.29408e-10	8.9032e-14	9.02782e-18	5.10444e-20	1.88584e-22	1.87905e-25	4.95077e-28	4.07526e-32	9.34229e-36	7.50985e-40	3.6728e-44	9.16275e-47	1.6069e-50	4.75837e-53	3.1982e-57	5.70977e-60	1.13617e-64	2.49147e-68	3.68354e-73	3.62561e-77	1.26004e-81	
CGA501	0	0	0	0	0	0	0	0	0	0	0	0	0	0	0	0	0	1	0	0	0	0	0	0	0	0	0	0	0	0	0	0	0	0	0	0	0	0	0	0	0	
C3121	0	0	0	0	0	0	0	0	0	0	0	0	0	0	0	0	1	0	0	0	0	0	0	0	0	0	0	0	0	0	0	0	0	0	0	0	0	0	0	0	0	
N64	1.83808e-46	9.96773e-38	6.11464e-32	1.02063e-27	1.74001e-25	3.23473e-21	3.22311e-21	1.75608e-16	2.58713e-12	1.72754e-14	8.41555e-14	2.12153e-10	4.46823e-12	7.72974e-14	3.99578e-10	2.91078e-06	0.00507574	0.991765	0.00315492	1.60567e-06	2.74173e-10	2.22478e-14	1.48178e-18	4.67735e-22	1.02441e-25	1.56239e-29	2.14921e-33	7.24793e-38	2.42839e-42	8.91909e-47	2.09553e-51	2.17064e-55	4.4727e-60	2.7203e-64	2.49458e-69	5.84859e-74	2.20757e-79	1.3067e-84	1.82703e-90	3.35694e-96	2.60902e-102	
Calparcri	0	0	0	0	0	0	0	0	0	0	0	0	0	0	0	0	0	1	0	0	0	0	0	0	0	0	0	0	0	0	0	0	0	0	0	0	0	0	0	0	0	
C3118	0	0	0	0	0	0	0	0	0	0	0	0	0	0	0	0	0	1	0	0	0	0	0	0	0	0	0	0	0	0	0	0	0	0	0	0	0	0	0	0	0	
N65	3.81133e-43	2.37366e-36	1.46159e-32	8.24182e-28	1.10258e-24	1.9745e-20	2.2461e-16	1.02703e-13	4.55178e-12	7.56108e-11	8.13757e-09	8.59886e-07	3.85591e-05	0.00624353	0.233496	0.640566	0.117601	0.00204739	6.59874e-06	8.32886e-09	1.59551e-10	1.90745e-12	9.74242e-15	8.16013e-17	4.78802e-20	1.56424e-22	6.54709e-26	1.06046e-27	1.5371e-31	5.45161e-33	2.46404e-37	4.61581e-39	2.70742e-41	3.26645e-41	2.82633e-43	1.55873e-43	1.53373e-45	4.31277e-46	3.42738e-48	2.26988e-49	1.55697e-49	
N66	1.41051e-40	4.72599e-33	1.84432e-28	6.97978e-24	1.6327e-21	1.44719e-18	6.71281e-16	1.96037e-12	2.37804e-10	1.24284e-09	4.69475e-08	2.11914e-06	1.18909e-05	0.000483569	0.032673	0.342188	0.500072	0.119082	0.0053863	9.37149e-05	6.79003e-06	2.8736e-07	6.01288e-09	8.34951e-11	2.34839e-13	1.19076e-15	4.01968e-18	6.53016e-20	1.63459e-22	1.79012e-24	1.69762e-27	6.47525e-30	3.53723e-33	4.72125e-36	1.58813e-39	1.27832e-42	2.87061e-46	1.67398e-49	4.28624e-53	9.33595e-56	5.16168e-58	
N67	2.10626e-37	3.39583e-30	2.50568e-25	5.18707e-22	3.95056e-19	4.14734e-16	1.11827e-14	6.14448e-12	9.22938e-10	1.55641e-08	8.01061e-07	5.18514e-05	0.000131685	0.000827785	0.0242767	0.263865	0.529478	0.172937	0.00831729	0.000112265	6.786e-07	3.43998e-09	2.94384e-11	4.88578e-13	2.14147e-15	9.09427e-18	2.77561e-20	4.77086e-23	8.77692e-26	5.4825e-28	7.73083e-31	4.02957e-33	3.13019e-36	8.04346e-39	3.98842e-42	5.1083e-45	1.75528e-48	1.30996e-51	3.29383e-55	1.9417e-58	1.69401e-61	
N68	5.76223e-37	1.02808e-29	7.30146e-25	2.28647e-21	2.11543e-18	2.70812e-15	5.89928e-14	2.6248e-11	3.68865e-09	7.352e-08	4.59994e-06	0.000407443	0.00117231	0.00494213	0.0697102	0.355554	0.46001	0.105751	0.00243259	1.51822e-05	3.9469e-08	5.68382e-11	9.3735e-14	1.37884e-15	8.00082e-18	3.46071e-20	1.53673e-22	1.41135e-25	2.03634e-28	3.96871e-31	3.95798e-34	3.55807e-36	2.6476e-39	1.60583e-41	6.54708e-45	1.9447e-47	5.27427e-51	6.55579e-54	1.33357e-57	9.64789e-61	4.07511e-64	
N69	6.39957e-40	2.85297e-32	1.43525e-27	4.91969e-23	1.16754e-20	1.45298e-17	1.23817e-15	9.48629e-12	9.12497e-09	5.0627e-09	5.17648e-08	2.63833e-06	1.55062e-06	4.96101e-06	0.000747803	0.0373095	0.386399	0.545317	0.0298353	0.000375525	6.91519e-06	8.11847e-08	7.75629e-10	6.28795e-12	1.24335e-14	6.05458e-17	9.53634e-20	5.80445e-22	5.13385e-25	2.20421e-27	1.1375e-30	2.50349e-33	8.29064e-37	8.96648e-40	2.02917e-43	1.18923e-46	1.86491e-50	7.11208e-54	1.00229e-57	5.7955e-61	1.12562e-63	
Triowe	0	0	0	0	0	0	0	0	0	0	0	0	0	0	0	0	0	1	0	0	0	0	0	0	0	0	0	0	0	0	0	0	0	0	0	0	0	0	0	0	0	
N70	9.41984e-41	2.2824e-33	1.34194e-28	3.54964e-24	1.756e-21	1.56821e-18	3.90683e-16	1.00898e-12	3.38353e-10	3.19837e-10	2.00704e-09	7.30081e-08	5.59489e-08	6.06569e-07	0.000165341	0.0164422	0.30408	0.635461	0.043275	0.000571748	3.6732e-06	2.14499e-08	2.13848e-10	1.10605e-11	9.04558e-14	7.77633e-16	5.16673e-18	6.96716e-21	1.79965e-23	2.86004e-25	3.17623e-28	1.04473e-29	5.8406e-33	1.04595e-34	3.45187e-38	2.64804e-40	6.19349e-44	1.59232e-46	2.9555e-50	4.29476e-53	4.09486e-56	
Trijoh	0	0	0	0	0	0	0	0	0	0	0	0	0	0	0	0	0	1	0	0	0	0	0	0	0	0	0	0	0	0	0	0	0	0	0	0	0	0	0	0	0	
Trimel	0	0	0	0	0	0	0	0	0	0	0	0	0	0	0	0	0	1	0	0	0	0	0	0	0	0	0	0	0	0	0	0	0	0	0	0	0	0	0	0	0	
N71	1.33749e-35	3.32545e-28	1.11427e-22	1.26146e-20	4.925e-17	5.34387e-13	4.76317e-13	1.09191e-10	6.35002e-10	1.27146e-06	0.00189665	0.489569	0.430783	0.0734984	0.00415693	9.38316e-05	8.79664e-07	3.20477e-09	4.21914e-12	2.71449e-15	1.01971e-18	2.51609e-22	4.89495e-26	2.26195e-29	1.8735e-32	1.48199e-35	1.17391e-38	3.14872e-42	8.3459e-46	2.21372e-49	3.92918e-53	2.61715e-56	6.97862e-60	4.79949e-63	8.54157e-67	3.43309e-70	3.7988e-74	7.33717e-78	5.53575e-82	7.24901e-86	8.40043e-90	
N72	2.19941e-37	7.15493e-30	2.7598e-24	7.80807e-22	5.52511e-18	6.92362e-14	2.42789e-13	7.86581e-11	1.22292e-09	3.00855e-06	0.00419214	0.72012	0.262686	0.012835	0.000163376	7.12861e-07	1.22082e-09	9.07282e-13	3.76586e-16	2.36996e-19	8.65313e-22	7.33179e-25	9.97871e-28	1.74031e-30	4.70368e-34	2.49639e-36	4.47435e-40	2.30664e-42	2.58379e-46	8.28762e-49	6.8153e-53	1.20733e-55	7.85032e-60	7.38712e-63	3.94965e-67	1.97476e-70	8.68923e-75	2.76774e-78	3.2787e-82	1.18002e-85	2.90446e-88	
Trihoe	0	0	0	0	0	0	0	0	0	0	0	1	0	0	0	0	0	0	0	0	0	0	0	0	0	0	0	0	0	0	0	0	0	0	0	0	0	0	0	0	0	
Tribit	0	0	0	0	0	0	0	0	0	0	0	1	0	0	0	0	0	0	0	0	0	0	0	0	0	0	0	0	0	0	0	0	0	0	0	0	0	0	0	0	0	
Trijac	0	0	0	0	0	0	0	0	0	0	0	1	0	0	0	0	0	0	0	0	0	0	0	0	0	0	0	0	0	0	0	0	0	0	0	0	0	0	0	0	0	
N73	7.50402e-38	1.41437e-30	4.09114e-26	5.9831e-22	8.9237e-20	5.71242e-17	3.14777e-15	1.01223e-11	4.93283e-09	2.06551e-09	1.17332e-08	4.39306e-07	2.4635e-07	9.87469e-07	0.000196136	0.0153331	0.262989	0.660352	0.0599729	0.00114636	8.94341e-06	5.72819e-08	5.6749e-10	7.15993e-12	2.86439e-14	1.10249e-16	2.87437e-19	7.11542e-22	1.27164e-24	5.75996e-27	7.54619e-30	2.32887e-32	1.86209e-35	3.01019e-38	1.56332e-41	1.40482e-44	4.95685e-48	2.89431e-51	7.5972e-55	4.0065e-58	3.79677e-61	
Tricri	0	0	0	0	0	0	0	0	0	0	0	0	0	0	0	0	0	1	0	0	0	0	0	0	0	0	0	0	0	0	0	0	0	0	0	0	0	0	0	0	0	
N74	2.64783e-40	5.64926e-33	2.55338e-28	4.71783e-24	1.43203e-21	1.06687e-18	1.15478e-16	2.61839e-13	8.20938e-11	3.4226e-11	1.56013e-10	6.74792e-09	5.22388e-09	4.98158e-08	2.20838e-05	0.00420969	0.168218	0.761038	0.0655231	0.000983729	4.95321e-06	1.24212e-08	3.73712e-11	1.10386e-12	1.00903e-14	6.6234e-17	4.63972e-19	5.32667e-22	1.09387e-24	3.06672e-27	3.61279e-30	5.39963e-32	4.35235e-35	4.29538e-37	1.86706e-40	9.01973e-43	2.5158e-46	4.44305e-49	9.33969e-53	9.04554e-56	4.25421e-59	
Triwie	0	0	0	0	0	0	0	0	0	0	0	0	0	0	0	0	0	1	0	0	0	0	0	0	0	0	0	0	0	0	0	0	0	0	0	0	0	0	0	0	0	
Triqua	0	0	0	0	0	0	0	0	0	0	0	0	0	0	0	0	0	1	0	0	0	0	0	0	0	0	0	0	0	0	0	0	0	0	0	0	0	0	0	0	0	
N75	3.22624e-37	1.09754e-30	1.66798e-26	1.33301e-22	3.44249e-20	9.03105e-18	3.78795e-15	2.64151e-12	3.15322e-10	2.40532e-09	2.41686e-08	4.5784e-07	5.0197e-06	0.000221379	0.012017	0.179229	0.493079	0.278051	0.0358008	0.00154613	4.56365e-05	3.87789e-06	3.50305e-07	4.14072e-08	7.34428e-10	1.77881e-11	2.41636e-13	4.5266e-15	5.59791e-17	4.34113e-18	2.57116e-20	1.12838e-21	3.427e-24	5.98327e-26	1.22239e-28	9.45192e-31	1.3787e-33	6.18739e-36	7.00304e-39	2.9402e-41	4.81189e-43	
N76	1.09289e-35	4.35504e-29	5.10261e-25	2.99534e-21	3.93491e-19	9.38249e-17	1.0138e-14	1.07072e-11	2.13609e-09	2.96302e-09	1.5725e-08	4.07628e-07	5.64913e-07	4.98694e-06	0.000493775	0.0218757	0.262827	0.603073	0.106795	0.00483988	8.97104e-05	9.48448e-07	9.9754e-09	1.90722e-10	2.03585e-12	1.93295e-14	1.43887e-16	6.86113e-19	2.87922e-21	2.23139e-23	8.07186e-26	5.87372e-28	1.50062e-30	6.61726e-33	1.13476e-35	3.01938e-38	3.62586e-41	6.41728e-44	5.77691e-47	8.49295e-50	1.65441e-52	
Kinboe	0	0	0	0	0	0	0	0	0	0	0	0	0	0	0	0	0	1	0	0	0	0	0	0	0	0	0	0	0	0	0	0	0	0	0	0	0	0	0	0	0	
Kinfis	0	0	0	0	0	0	0	0	0	0	0	0	0	0	0	0	0	1	0	0	0	0	0	0	0	0	0	0	0	0	0	0	0	0	0	0	0	0	0	0	0	
Kinxen	0	0	0	0	0	0	0	0	0	0	0	0	0	0	0	0	0	1	0	0	0	0	0	0	0	0	0	0	0	0	0	0	0	0	0	0	0	0	0	0	0	
N77	8.84368e-48	9.1734e-39	5.2418e-33	6.6627e-28	2.42489e-24	1.66494e-20	3.82853e-17	1.75527e-14	1.19276e-12	8.19063e-11	1.04527e-08	1.12605e-06	0.00014496	0.0141366	0.280445	0.603564	0.099592	0.0021013	1.45796e-05	3.96302e-08	1.38583e-10	8.41243e-12	3.53353e-13	1.21794e-13	2.15555e-15	6.58573e-17	4.25907e-19	1.32044e-21	7.98547e-24	1.91955e-24	2.38732e-27	3.34899e-28	8.94425e-32	3.33609e-33	4.15539e-37	2.26739e-39	1.83153e-43	2.92364e-46	9.936e-50	1.89483e-51	4.86187e-52	
N78	3.54993e-32	6.9427e-26	2.07047e-21	9.4842e-19	1.75788e-15	1.22986e-12	1.77756e-11	7.86952e-10	6.27234e-08	1.68324e-05	0.00223061	0.0764998	0.333335	0.397419	0.16487	0.0244929	0.00111587	1.88463e-05	1.58711e-07	7.90649e-10	2.77529e-12	1.25588e-14	1.59505e-16	3.61216e-18	2.45811e-20	1.64924e-22	8.20319e-25	2.92207e-27	1.21418e-29	1.70642e-31	7.51696e-34	8.94606e-36	2.22658e-38	1.31405e-40	2.16123e-43	6.53967e-46	7.48788e-49	1.53939e-51	1.37301e-54	2.69966e-57	1.13356e-59	
N79	4.64255e-34	1.94574e-26	1.03739e-20	9.09478e-19	4.07251e-15	3.98076e-11	2.27909e-11	2.58525e-09	1.189e-08	1.29277e-05	0.00813394	0.686778	0.287328	0.0174626	0.000283015	1.57575e-06	3.55593e-09	3.8892e-12	2.40468e-15	1.02933e-18	5.85295e-22	3.75843e-25	2.75171e-28	2.1216e-31	7.02807e-35	4.08409e-38	1.28238e-41	8.33177e-45	1.92125e-48	9.83608e-52	1.57127e-55	4.97739e-59	5.58382e-63	1.08204e-66	8.68455e-71	1.14661e-74	6.7916e-79	6.71163e-83	3.62692e-87	5.18363e-91	1.57218e-94	
N80	2.17392e-37	2.51859e-29	3.76379e-23	4.37528e-21	3.29299e-17	1.52406e-12	6.40033e-13	3.76577e-10	7.72808e-10	2.29623e-06	0.00456622	0.923067	0.0718645	0.000498706	7.84221e-07	4.41914e-10	1.3246e-13	1.29428e-16	7.98376e-20	5.5445e-23	2.44904e-26	7.42868e-30	2.08485e-33	2.91953e-36	2.82119e-40	2.05592e-43	1.09608e-47	3.15818e-51	1.13704e-55	1.57048e-59	4.00742e-64	3.26961e-68	6.44413e-73	3.91908e-77	1.09089e-81	3.13287e-85	6.3101e-90	6.90649e-94	5.3162e-98	3.47508e-102	6.34957e-106	
N81	5.76816e-37	1.8244e-29	6.64127e-24	1.96256e-21	1.25138e-17	1.23986e-13	4.70426e-13	1.40453e-10	2.66789e-09	6.18278e-06	0.00741217	0.942845	0.0494966	0.000239429	3.09888e-07	2.07816e-10	6.93841e-13	2.78742e-14	2.41586e-17	5.6603e-20	3.4964e-23	1.65464e-25	1.94007e-28	3.71754e-30	4.71604e-34	1.72191e-36	1.50659e-40	1.46029e-43	9.432e-48	4.71793e-51	2.30971e-55	9.84852e-59	2.41448e-62	1.57325e-65	8.23591e-69	5.62082e-71	2.48209e-75	1.33307e-78	6.63685e-82	2.10885e-85	4.71236e-88	
Chaafr	0	0	0	0	0	0	0	0	0	0	0	1	0	0	0	0	0	0	0	0	0	0	0	0	0	0	0	0	0	0	0	0	0	0	0	0	0	0	0	0	0	
Chacha	0	0	0	0	0	0	0	0	0	0	0	1	0	0	0	0	0	0	0	0	0	0	0	0	0	0	0	0	0	0	0	0	0	0	0	0	0	0	0	0	0	
N82	8.97592e-37	3.00897e-29	1.26895e-23	3.37771e-21	2.59516e-17	3.8323e-13	9.76335e-13	3.0088e-10	2.86293e-09	6.06111e-06	0.00734992	0.952852	0.039625	0.000166353	1.9614e-07	1.23792e-10	3.41188e-13	7.76391e-15	5.64473e-18	9.35979e-21	5.09176e-24	1.83531e-26	1.87688e-29	1.89492e-31	2.53069e-35	4.94129e-38	4.46896e-42	2.5843e-45	1.63757e-49	5.48066e-53	2.54995e-57	7.77796e-61	1.49527e-64	7.82483e-68	3.10847e-71	1.06828e-73	4.78724e-78	1.52463e-81	4.70458e-85	1.22587e-88	1.70804e-91	
Chacaly	0	0	0	0	0	0	0	0	0	0	0	1	0	0	0	0	0	0	0	0	0	0	0	0	0	0	0	0	0	0	0	0	0	0	0	0	0	0	0	0	0	
Chazey	0	0	0	0	0	0	0	0	0	0	0	1	0	0	0	0	0	0	0	0	0	0	0	0	0	0	0	0	0	0	0	0	0	0	0	0	0	0	0	0	0	
N83	1.98606e-33	1.65447e-26	1.60778e-21	6.0901e-19	1.68485e-15	2.02257e-12	9.09209e-12	7.29531e-10	5.18139e-08	4.58055e-05	0.0163671	0.73048	0.242956	0.0100454	0.000105249	4.02482e-07	8.06319e-10	1.42877e-11	7.97923e-14	6.81614e-16	3.37026e-18	1.08321e-20	3.43408e-23	1.51711e-24	8.10353e-28	1.741e-29	5.71686e-33	4.9274e-35	1.21637e-38	4.74282e-41	9.42998e-45	1.90458e-47	3.33889e-51	4.22549e-54	1.36079e-57	1.79409e-59	2.78483e-63	8.93445e-66	1.66751e-68	1.55766e-71	8.94966e-74	
Chadil	0	0	0	0	0	0	0	0	0	0	0	1	0	0	0	0	0	0	0	0	0	0	0	0	0	0	0	0	0	0	0	0	0	0	0	0	0	0	0	0	0	
Chasen	0	0	0	0	0	0	0	0	0	0	0	1	0	0	0	0	0	0	0	0	0	0	0	0	0	0	0	0	0	0	0	0	0	0	0	0	0	0	0	0	0	
Chanam	0	0	0	0	0	0	0	0	0	0	0	1	0	0	0	0	0	0	0	0	0	0	0	0	0	0	0	0	0	0	0	0	0	0	0	0	0	0	0	0	0	
N84	4.34741e-35	1.85365e-30	4.7444e-28	1.65449e-26	8.12631e-24	1.47237e-20	2.7716e-17	1.2443e-14	1.41301e-12	1.24222e-10	1.13325e-08	1.27155e-06	0.000166048	0.014653	0.277257	0.595435	0.108392	0.00401005	7.5997e-05	1.16325e-06	3.24897e-06	2.20923e-06	9.29114e-07	1.19435e-06	6.84495e-08	3.23155e-08	1.17e-09	6.41952e-09	1.21848e-10	1.05156e-09	5.15936e-12	1.545e-11	3.05014e-14	1.34902e-14	1.69297e-17	1.12125e-18	9.67836e-22	2.39822e-23	6.50011e-26	1.51083e-27	3.59614e-27	
Riebrev	0	0	0	0	0	0	0	0	0	0	0	0	0	0	0	0	0	0	0	0	0	0	0	0	0	0	0	0	0	0	1	0	0	0	0	0	0	0	0	0	0	
N85	4.5485e-38	2.44186e-30	1.08704e-26	2.27952e-21	1.18926e-20	1.5086e-18	2.31751e-15	2.18758e-11	1.7621e-10	4.31364e-11	3.63712e-08	7.74461e-09	5.3036e-10	2.66728e-07	0.0001749	0.0319206	0.948294	0.0195261	8.38915e-05	1.41577e-07	1.41574e-10	1.13242e-13	9.27925e-17	7.50498e-20	3.64614e-23	1.82933e-26	7.52805e-30	3.39362e-33	1.13725e-36	3.66674e-40	7.84987e-44	1.49643e-47	1.97513e-51	2.30405e-55	1.93481e-59	1.48977e-63	8.50719e-68	4.85598e-72	2.44939e-76	2.04647e-80	2.79569e-84	
N86	1.86985e-48	1.91196e-39	4.07676e-35	1.43132e-28	3.11797e-27	2.37691e-24	1.56928e-20	1.23341e-15	1.15414e-14	9.79389e-16	8.52235e-12	5.62781e-13	2.00454e-14	1.37951e-10	1.86138e-06	0.00489382	0.990004	0.00509747	2.69252e-06	3.79631e-10	2.22001e-14	2.2612e-18	1.03867e-21	2.18449e-24	5.72449e-28	8.79144e-32	4.72713e-36	3.65692e-38	7.64898e-38	3.02602e-37	3.14327e-39	9.95837e-40	4.84328e-42	1.01454e-42	1.93825e-45	7.11507e-47	1.13637e-49	2.01062e-51	2.94274e-54	3.41286e-56	6.32369e-58	
N87	5.40912e-45	2.96806e-38	1.59476e-35	3.40737e-31	8.43083e-31	1.93024e-27	3.96623e-23	2.58864e-18	2.63822e-17	6.07779e-18	3.54664e-14	2.27331e-15	2.0283e-15	4.09582e-11	8.61007e-07	0.00356628	0.992067	0.00436388	1.79983e-06	1.92987e-10	8.30199e-15	4.38658e-18	1.06298e-20	3.71767e-22	1.17271e-24	6.91341e-28	5.73829e-32	6.64486e-37	9.54961e-41	8.11931e-44	9.63624e-48	2.25485e-49	6.17366e-49	2.62935e-48	1.822e-51	1.91337e-51	1.21977e-54	3.31383e-56	6.18177e-59	1.34057e-58	2.94654e-57	
Braset	0	0	0	0	0	0	0	0	0	0	0	0	0	0	0	0	1	0	0	0	0	0	0	0	0	0	0	0	0	0	0	0	0	0	0	0	0	0	0	0	0	
N88	7.02278e-54	3.17837e-45	1.55501e-40	2.17037e-34	1.19599e-32	9.60692e-30	8.13876e-26	1.95995e-21	2.87796e-20	6.63688e-20	6.32632e-16	3.62308e-15	1.00694e-14	1.12222e-10	1.27701e-06	0.00351702	0.991611	0.00486753	3.08941e-06	6.01791e-10	5.20802e-14	1.82185e-17	7.716e-20	1.82606e-21	8.4555e-24	6.05596e-27	6.40852e-31	1.75987e-35	1.94227e-39	1.49697e-42	4.97273e-46	3.50446e-48	5.51328e-52	2.37185e-54	3.34207e-59	6.00329e-63	5.96257e-68	5.10716e-72	6.33079e-77	3.37794e-81	3.17921e-84	
N89	3.73082e-57	1.1266e-47	4.3148e-43	4.87655e-36	2.08069e-34	1.74077e-31	3.71997e-27	1.66953e-21	1.00035e-19	2.4584e-19	1.75863e-14	4.47719e-15	1.80514e-16	2.05506e-12	8.41541e-08	0.000874177	0.997937	0.001189	1.96259e-07	1.04356e-11	2.54717e-16	7.08791e-21	1.96878e-24	1.83854e-27	4.37439e-31	3.06452e-35	6.13408e-40	3.9477e-45	4.01265e-50	1.92174e-54	4.73424e-59	8.06266e-63	1.18084e-67	8.20411e-72	1.57123e-77	7.28485e-83	5.2675e-89	8.93615e-95	2.50423e-101	1.34371e-107	9.11367e-114	
Bramel	0	0	0	0	0	0	0	0	0	0	0	0	0	0	0	0	1	0	0	0	0	0	0	0	0	0	0	0	0	0	0	0	0	0	0	0	0	0	0	0	0	
Bratha	0	0	0	0	0	0	0	0	0	0	0	0	0	0	0	0	1	0	0	0	0	0	0	0	0	0	0	0	0	0	0	0	0	0	0	0	0	0	0	0	0	
N90	4.05327e-56	3.13121e-47	1.54555e-42	5.02484e-36	3.6332e-34	4.45522e-31	9.83709e-27	1.57092e-21	1.37502e-19	6.56507e-19	1.11846e-14	1.76691e-14	8.6359e-15	7.41941e-11	9.21847e-07	0.00289371	0.993139	0.00396446	2.1767e-06	3.82435e-10	3.07475e-14	3.96704e-18	6.6875e-21	4.27982e-23	6.61762e-26	2.36283e-29	1.92596e-33	4.88925e-38	2.69401e-42	8.67469e-46	1.45323e-49	2.60191e-52	2.87561e-56	2.75556e-59	3.86791e-64	2.41346e-68	2.05258e-73	7.61835e-78	5.7617e-83	1.76353e-87	3.58286e-91	
Bradra	0	0	0	0	0	0	0	0	0	0	0	0	0	0	0	0	1	0	0	0	0	0	0	0	0	0	0	0	0	0	0	0	0	0	0	0	0	0	0	0	0	
Bratra	0	0	0	0	0	0	0	0	0	0	0	0	0	0	0	0	1	0	0	0	0	0	0	0	0	0	0	0	0	0	0	0	0	0	0	0	0	0	0	0	0	
N91	1.35321e-49	3.39232e-41	5.26164e-37	4.21403e-31	7.42158e-30	1.92691e-27	8.07589e-24	2.46928e-19	6.83649e-18	1.63283e-17	1.46792e-13	1.6456e-13	6.16056e-14	3.32054e-10	2.47305e-06	0.00468723	0.989137	0.00616796	5.40195e-06	1.52898e-09	1.99715e-13	2.96798e-17	4.19462e-20	1.95718e-22	2.39791e-25	9.47657e-29	1.15429e-32	4.80154e-37	3.23661e-41	1.10669e-44	2.03336e-48	2.6476e-51	3.44835e-55	2.3068e-58	5.52453e-63	3.63981e-67	4.92541e-72	2.01843e-76	2.12962e-81	7.88835e-86	1.15705e-89	
Bragut	0	0	0	0	0	0	0	0	0	0	0	0	0	0	0	0	1	0	0	0	0	0	0	0	0	0	0	0	0	0	0	0	0	0	0	0	0	0	0	0	0	
Braven	0	0	0	0	0	0	0	0	0	0	0	0	0	0	0	0	1	0	0	0	0	0	0	0	0	0	0	0	0	0	0	0	0	0	0	0	0	0	0	0	0	
N92	5.63646e-43	4.20378e-35	6.66695e-31	1.59618e-25	3.84142e-24	1.02848e-21	2.80506e-18	1.53257e-14	1.43922e-13	1.34778e-13	5.04185e-11	9.18229e-12	1.07167e-11	2.33437e-08	4.21494e-05	0.019012	0.960347	0.0205352	6.35991e-05	6.37836e-08	2.96891e-11	1.80994e-14	7.58559e-17	1.01266e-18	3.01347e-21	3.97243e-24	1.82789e-27	2.79123e-31	8.04832e-35	1.39783e-37	7.61096e-41	3.24714e-43	9.92076e-47	2.47287e-49	2.04801e-53	6.6296e-57	3.58924e-61	6.78093e-65	2.90562e-69	4.60165e-73	2.39326e-76	
Brapum	0	0	0	0	0	0	0	0	0	0	0	0	0	0	0	0	1	0	0	0	0	0	0	0	0	0	0	0	0	0	0	0	0	0	0	0	0	0	0	0	0	
Bradam	0	0	0	0	0	0	0	0	0	0	0	0	0	0	0	0	1	0	0	0	0	0	0	0	0	0	0	0	0	0	0	0	0	0	0	0	0	0	0	0	0	
