NODE	1	2	3	4	5	6	7	8	9	10	11	12	13	14	15	16	17	18	19	20	21	22	23	24	25	26	27	28	29	30	31	32	33	34	35	36	37	38	39	40	41	
N1	3.29437e-18	7.86512e-16	9.37189e-14	6.73855e-13	2.50251e-11	3.92e-11	3.00609e-10	2.63167e-09	1.58245e-09	1.3823e-09	9.50175e-09	4.22304e-08	3.53187e-08	1.31655e-08	3.48732e-09	1.04139e-09	3.52197e-10	1	2.13943e-11	3.51447e-12	4.65338e-13	5.20834e-14	5.1212e-15	4.54306e-16	3.69141e-17	2.76567e-18	1.91509e-19	1.22712e-20	7.28885e-22	4.0241e-23	2.07215e-24	9.99107e-26	4.52911e-27	1.93809e-28	7.85919e-30	3.03115e-31	1.11574e-32	3.93295e-34	1.33308e-35	4.3969e-37	1.69314e-38	
Leiolep	0	0	0	0	0	0	0	0	0	0	0	0	0	0	0	0	0	1	0	0	0	0	0	0	0	0	0	0	0	0	0	0	0	0	0	0	0	0	0	0	0	
N2	2.38192e-31	4.56025e-26	2.05598e-21	2.81936e-20	5.63803e-16	9.46412e-16	6.83288e-12	2.49547e-08	1.57693e-08	2.93768e-07	0.00130798	0.570771	0.381661	0.0329339	0.00328436	0.00514943	0.00412653	0.000754007	1.12542e-05	4.31202e-08	7.62559e-11	1.63599e-13	9.1677e-16	6.05432e-18	2.01154e-20	4.9214e-23	8.9302e-26	6.09322e-29	3.8538e-32	1.8549e-35	5.14673e-39	1.79544e-42	9.33915e-46	8.00178e-49	1.06545e-51	1.64374e-54	1.40071e-57	1.27979e-60	1.20952e-63	7.61694e-67	5.42643e-70	
N3	9.98525e-34	2.75944e-28	1.74572e-23	9.79201e-21	2.39968e-16	1.11455e-14	1.52295e-11	1.7782e-08	1.31822e-07	3.11715e-06	0.00282867	0.314308	0.156565	0.00885573	0.000872527	0.00287466	0.0116287	0.304015	0.150821	0.0414948	0.00562595	0.000101741	4.76679e-06	8.45487e-08	4.16971e-10	1.13927e-11	1.392e-12	1.20268e-14	2.44472e-16	7.63689e-18	6.75085e-20	9.33348e-22	5.16107e-24	2.79812e-26	3.10551e-28	2.40614e-30	2.90942e-33	1.66494e-35	2.77498e-37	6.97196e-39	2.62625e-40	
N4	2.11949e-39	1.41271e-32	2.07291e-26	6.25773e-24	3.59805e-18	2.46602e-17	2.2586e-13	1.60413e-09	9.2799e-10	4.93343e-09	3.21102e-05	0.0100367	0.00115662	5.01984e-06	3.1471e-07	4.92813e-05	0.0111025	0.770841	0.19717	0.00947369	0.000131911	4.50341e-07	1.43712e-09	4.80883e-12	1.42597e-14	6.93964e-17	3.98269e-19	4.71783e-22	7.65157e-25	1.27339e-27	7.82605e-31	6.59427e-34	3.53994e-37	1.09277e-40	6.51429e-44	5.0114e-47	2.02946e-50	1.93407e-53	3.32607e-56	4.26434e-59	6.20241e-62	
N5	9.5721e-40	3.57179e-33	2.77598e-27	3.0599e-24	5.09846e-19	2.09003e-17	9.01175e-14	1.55309e-10	2.08716e-10	5.82145e-09	1.90295e-05	0.00399008	0.000366703	1.6387e-06	1.24032e-07	5.15399e-05	0.0175556	0.769525	0.200688	0.00772368	7.82942e-05	2.642e-07	7.31039e-10	6.55739e-11	4.77379e-12	1.20221e-13	8.1459e-15	1.76017e-17	1.08541e-19	3.00111e-22	1.83626e-25	5.21678e-28	3.9975e-31	1.25717e-34	2.97836e-37	6.17124e-39	5.27774e-41	2.25151e-43	2.70349e-45	2.937e-47	1.68717e-49	
B3088	0	0	0	0	0	0	0	0	0	0	0	0	0	0	0	0	0	1	0	0	0	0	0	0	0	0	0	0	0	0	0	0	0	0	0	0	0	0	0	0	0	
N6	3.87292e-37	2.86655e-31	4.56447e-26	4.45934e-23	1.47227e-18	6.98409e-17	1.24193e-13	1.33351e-10	7.85677e-10	2.64838e-08	2.56095e-05	0.00243779	0.000210863	1.59419e-06	6.19037e-07	0.000188336	0.0316675	0.755512	0.201684	0.00817147	9.95381e-05	5.23522e-07	3.73555e-09	1.40443e-09	2.6317e-10	1.60584e-11	2.40077e-12	1.41323e-14	2.26147e-16	1.32455e-18	1.95787e-21	1.21633e-23	2.42072e-26	2.40054e-29	2.66061e-31	2.74345e-32	8.51736e-34	1.19362e-35	4.49615e-37	1.41935e-38	2.71671e-40	
BGA709	0	0	0	0	0	0	0	0	0	0	0	0	0	0	0	0	0	1	0	0	0	0	0	0	0	0	0	0	0	0	0	0	0	0	0	0	0	0	0	0	0	
BGA309	0	0	0	0	0	0	0	0	0	0	0	0	0	0	0	0	0	1	0	0	0	0	0	0	0	0	0	0	0	0	0	0	0	0	0	0	0	0	0	0	0	
N7	1.0031e-41	7.22554e-35	1.11392e-28	3.19187e-26	2.13583e-20	8.40986e-20	1.11967e-15	1.29303e-11	5.60399e-12	5.6325e-11	6.06774e-07	0.00037174	1.03828e-05	1.12115e-08	2.04434e-09	6.03926e-06	0.00674427	0.900412	0.0914401	0.00101202	2.9284e-06	3.3458e-09	3.79827e-12	5.62722e-14	5.65047e-16	3.17988e-18	2.12557e-20	1.82667e-23	2.28488e-26	1.73024e-29	4.18213e-33	1.97193e-36	5.2663e-40	7.44482e-44	4.64933e-47	1.4674e-49	2.04665e-52	2.5106e-55	5.54049e-58	7.51521e-61	9.68876e-64	
N8	3.07059e-39	4.7147e-33	1.64919e-27	5.0234e-25	8.0769e-20	6.15571e-19	3.82617e-15	1.35072e-11	8.54867e-12	1.06041e-10	2.35807e-07	3.65629e-05	7.95716e-07	1.90377e-08	8.34897e-08	7.6525e-05	0.0239604	0.90217	0.0728453	0.000906167	3.83612e-06	9.7045e-09	1.18945e-10	6.86284e-12	1.67525e-13	2.48935e-15	3.56364e-17	6.46398e-20	1.67019e-22	2.44243e-25	1.53107e-28	1.56306e-31	1.19167e-34	1.42488e-37	8.74573e-40	1.08374e-41	5.07813e-44	2.26949e-46	1.50799e-48	5.54484e-51	1.92475e-53	
B11696	0	0	0	0	0	0	0	0	0	0	0	0	0	0	0	0	0	1	0	0	0	0	0	0	0	0	0	0	0	0	0	0	0	0	0	0	0	0	0	0	0	
B11609	0	0	0	0	0	0	0	0	0	0	0	0	0	0	0	0	0	1	0	0	0	0	0	0	0	0	0	0	0	0	0	0	0	0	0	0	0	0	0	0	0	
N9	1.74085e-48	8.60689e-41	8.77671e-34	5.03914e-31	2.39037e-24	1.33444e-23	6.78978e-19	1.67651e-14	5.57067e-15	1.12235e-13	7.01454e-09	1.43689e-05	1.55469e-07	3.65566e-11	3.75183e-11	6.64694e-07	0.00292572	0.935799	0.0610312	0.000228429	1.72983e-07	4.60692e-11	1.56054e-14	3.27539e-16	2.87428e-18	6.53041e-21	3.92978e-23	8.16937e-27	5.11403e-30	1.35045e-31	1.29379e-32	3.6072e-34	2.40947e-36	8.28312e-39	3.99883e-40	2.02476e-40	2.93817e-41	1.69305e-42	2.70465e-43	4.0865e-44	3.32432e-45	
N10	6.62969e-38	7.78087e-34	4.38985e-30	1.50667e-29	1.61851e-25	2.4313e-24	9.69526e-20	1.4368e-15	9.80612e-16	7.95532e-14	3.0487e-09	5.39396e-06	4.52071e-08	1.63086e-11	8.85903e-11	1.06235e-06	0.0035089	0.938354	0.057921	0.00020925	1.64131e-07	4.78309e-11	2.75074e-14	7.12238e-15	6.23125e-16	5.09825e-18	3.26946e-19	1.46966e-22	3.72401e-25	1.07891e-28	6.16524e-33	5.05781e-36	4.05197e-40	1.72546e-44	3.54702e-47	1.76156e-48	1.9392e-50	2.72596e-53	1.22626e-55	1.18918e-57	2.05821e-60	
N11	1.10151e-43	1.37826e-37	7.31624e-32	6.82873e-29	1.51981e-23	4.68433e-22	4.5666e-18	2.52915e-14	6.59981e-14	2.06359e-12	6.62713e-09	1.58647e-06	2.33221e-08	2.43935e-09	2.73036e-08	3.45727e-05	0.0162904	0.918074	0.0650007	0.000596879	1.74874e-06	2.65463e-09	3.27989e-11	6.97751e-12	5.29457e-13	1.59029e-14	8.17794e-16	1.20167e-18	5.16639e-21	6.2843e-24	2.74978e-27	3.54527e-30	1.98059e-33	1.89843e-36	2.35327e-38	1.03717e-39	1.29181e-41	8.192e-44	1.40719e-45	1.49826e-47	7.84934e-50	
B983	0	0	0	0	0	0	0	0	0	0	0	0	0	0	0	0	0	1	0	0	0	0	0	0	0	0	0	0	0	0	0	0	0	0	0	0	0	0	0	0	0	
B11604	0	0	0	0	0	0	0	0	0	0	0	0	0	0	0	0	0	1	0	0	0	0	0	0	0	0	0	0	0	0	0	0	0	0	0	0	0	0	0	0	0	
N12	2.69903e-43	9.62272e-37	7.63577e-31	2.63571e-28	1.05108e-22	5.90986e-22	7.29845e-18	4.95484e-14	2.05574e-14	2.82838e-13	1.25537e-09	3.68122e-07	1.72162e-08	2.41395e-09	1.34432e-08	2.47942e-05	0.0142929	0.943937	0.0414745	0.000269929	5.93462e-07	8.1211e-10	7.1456e-12	2.8564e-13	4.6429e-15	4.42002e-17	4.18908e-19	4.0162e-22	5.85201e-25	4.494e-28	1.4708e-31	8.30164e-35	3.41887e-38	2.78689e-41	1.14921e-43	9.46185e-46	2.81346e-48	7.56295e-51	3.17008e-53	7.14189e-56	1.37855e-58	
BGAA1	0	0	0	0	0	0	0	0	0	0	0	0	0	0	0	0	0	1	0	0	0	0	0	0	0	0	0	0	0	0	0	0	0	0	0	0	0	0	0	0	0	
BGA584	0	0	0	0	0	0	0	0	0	0	0	0	0	0	0	0	0	1	0	0	0	0	0	0	0	0	0	0	0	0	0	0	0	0	0	0	0	0	0	0	0	
N13	2.69113e-42	7.20285e-36	4.3258e-30	1.7405e-27	4.80492e-22	3.99926e-21	3.78082e-17	1.97891e-13	1.25853e-13	1.88343e-12	6.21792e-09	1.38625e-06	3.52106e-08	4.8738e-09	2.86465e-08	3.92929e-05	0.017714	0.928655	0.0531394	0.000449573	1.2792e-06	2.19489e-09	2.47134e-11	1.46471e-12	3.49382e-14	4.74962e-16	6.67923e-18	8.45537e-21	1.72093e-23	1.76043e-26	7.54027e-30	5.81117e-33	3.11323e-36	3.21012e-39	1.87923e-41	2.3356e-43	1.0245e-45	3.924e-48	2.46714e-50	8.34919e-53	2.34192e-55	
BGA303	0	0	0	0	0	0	0	0	0	0	0	0	0	0	0	0	0	1	0	0	0	0	0	0	0	0	0	0	0	0	0	0	0	0	0	0	0	0	0	0	0	
BGAB1	0	0	0	0	0	0	0	0	0	0	0	0	0	0	0	0	0	1	0	0	0	0	0	0	0	0	0	0	0	0	0	0	0	0	0	0	0	0	0	0	0	
PGA445	0	0	0	0	0	0	0	0	0	0	0	0	0	0	0	0	0	1	0	0	0	0	0	0	0	0	0	0	0	0	0	0	0	0	0	0	0	0	0	0	0	
N14	5.91495e-41	1.15801e-33	5.36894e-27	9.67306e-24	4.43404e-18	1.8685e-16	3.71802e-12	5.72655e-09	6.11641e-08	4.19565e-06	0.00914376	0.942587	0.0478762	0.000383152	5.4207e-06	5.28884e-08	3.01615e-09	1.64356e-10	2.28621e-13	5.8954e-17	5.6732e-21	3.21526e-25	4.25336e-29	8.04032e-32	7.1031e-35	2.92417e-38	2.01984e-41	1.29473e-45	1.6195e-49	3.94811e-50	1.00094e-52	2.15803e-53	1.41066e-52	1.46181e-54	4.29284e-55	6.27141e-54	1.08238e-51	3.06279e-52	1.3605e-52	3.85951e-53	1.0021e-53	
N15	5.88869e-36	1.65425e-29	8.91902e-24	1.31243e-19	6.86025e-16	9.39408e-13	2.20329e-09	7.30794e-08	2.03772e-05	0.0132436	0.370594	0.600342	0.0157319	6.83413e-05	2.51803e-07	9.55466e-10	1.45772e-11	5.88018e-13	1.01021e-15	4.59128e-18	6.49741e-21	4.0592e-24	1.15833e-26	2.21941e-29	5.51856e-32	2.59088e-34	3.85921e-36	4.07398e-38	7.91192e-38	2.19535e-37	2.79499e-38	2.89435e-38	1.63529e-39	1.34839e-40	6.45931e-41	1.5824e-41	8.60401e-43	1.04779e-43	2.92621e-44	7.5615e-45	1.5357e-45	
Rhaspe	0	0	0	0	0	0	0	0	0	1	0	0	0	0	0	0	0	0	0	0	0	0	0	0	0	0	0	0	0	0	0	0	0	0	0	0	0	0	0	0	0	
N16	6.45395e-33	3.47442e-27	3.90283e-22	2.7381e-18	9.66665e-15	7.48895e-12	1.02266e-08	5.62813e-07	7.4868e-05	0.0195819	0.417192	0.548959	0.0141198	7.1682e-05	3.11676e-07	2.71891e-08	1.31029e-09	3.15324e-10	9.39701e-13	2.16489e-14	5.88793e-17	5.41019e-20	7.4842e-22	3.41848e-23	3.64373e-25	8.60131e-27	1.55697e-27	1.55157e-30	1.92268e-32	4.87431e-34	4.80124e-37	5.15971e-39	6.12998e-42	2.55896e-44	3.46163e-46	1.47233e-47	5.38968e-50	6.73553e-52	2.23542e-53	1.39578e-54	2.54631e-56	
Rhamar	0	0	0	0	0	0	0	0	0	1	0	0	0	0	0	0	0	0	0	0	0	0	0	0	0	0	0	0	0	0	0	0	0	0	0	0	0	0	0	0	0	
Rhatem	0	0	0	0	0	0	0	0	0	0	1	0	0	0	0	0	0	0	0	0	0	0	0	0	0	0	0	0	0	0	0	0	0	0	0	0	0	0	0	0	0	
N17	6.38744e-46	1.02029e-37	3.06489e-30	4.36739e-27	4.03864e-20	8.9849e-19	2.44275e-14	3.27921e-09	8.56929e-09	4.4481e-08	0.00112729	0.960995	0.0377992	7.8103e-05	2.64349e-07	8.80312e-09	4.64846e-09	3.55497e-09	2.5697e-11	1.98357e-13	2.77044e-16	1.46986e-19	1.65511e-22	1.28457e-25	2.78718e-29	1.12237e-30	1.00266e-31	5.46011e-34	2.35181e-35	1.90614e-36	1.83068e-38	7.11391e-40	1.64795e-41	3.16477e-43	1.19379e-44	7.55569e-46	2.52024e-48	7.25367e-50	4.25088e-51	9.19097e-53	5.47669e-54	
N18	4.56164e-42	1.57392e-34	1.15065e-27	6.10411e-25	1.74487e-18	1.61486e-17	1.44289e-12	1.04474e-08	5.53898e-09	2.80558e-07	0.00406166	0.980729	0.0146973	1.06878e-05	4.58439e-07	9.12889e-06	0.000114499	0.000374276	2.74713e-06	1.65482e-08	1.56771e-11	3.80837e-15	2.46329e-18	7.73126e-21	1.28814e-23	2.46794e-26	7.87426e-29	7.85744e-33	2.39121e-36	1.07543e-39	6.86511e-44	1.24866e-47	5.67023e-50	2.66624e-52	7.08877e-54	2.06451e-53	6.7228e-54	2.61158e-55	2.13252e-56	1.09725e-57	5.73332e-59	
N19	9.47672e-37	2.01145e-30	9.06568e-25	1.1684e-21	8.49547e-17	5.3808e-15	3.68613e-11	3.43401e-08	2.03716e-07	1.72218e-05	0.0186167	0.960347	0.0203932	0.000121503	3.94378e-05	0.000175375	0.0002363	5.2491e-05	2.48412e-07	4.93819e-10	4.87668e-13	3.12012e-16	1.62804e-18	1.29191e-19	3.95116e-21	5.30459e-23	1.29936e-24	8.86108e-28	1.84522e-30	1.67015e-33	5.28667e-37	5.1408e-40	2.20429e-43	1.44552e-46	1.05276e-48	2.67493e-50	1.90125e-52	7.54578e-55	7.65915e-57	4.98492e-59	1.66558e-61	
FGA379	0	0	0	0	0	0	0	0	0	0	0	0	0	0	0	0	1	0	0	0	0	0	0	0	0	0	0	0	0	0	0	0	0	0	0	0	0	0	0	0	0	
N20	2.30726e-35	4.86132e-29	2.12435e-23	1.68961e-20	1.66319e-15	6.05727e-14	2.36719e-10	4.61853e-07	1.48583e-06	2.94464e-05	0.0159161	0.948742	0.0348396	0.000382588	7.73376e-05	1.01167e-05	5.05916e-07	7.63761e-09	9.15871e-12	4.87191e-15	1.54266e-18	6.22661e-22	3.43801e-24	7.20285e-26	5.29073e-28	1.95089e-30	1.1762e-32	4.39557e-36	4.22466e-39	1.76637e-42	2.97024e-46	1.38557e-49	5.5491e-53	1.09816e-55	1.20495e-57	4.20615e-59	4.23364e-61	3.30824e-63	4.86659e-65	4.56618e-67	3.74879e-69	
N21	2.24366e-38	3.32296e-31	9.94607e-25	4.40575e-21	2.47905e-16	5.89842e-14	1.88917e-10	1.02519e-07	6.30254e-07	0.000129847	0.0255612	0.92494	0.0489297	0.000435743	3.23835e-06	2.19551e-08	5.27205e-11	1.6896e-13	2.37012e-17	1.0335e-20	1.56454e-24	1.54251e-27	3.18897e-28	1.60096e-26	3.19741e-27	2.95523e-28	5.18888e-29	4.46072e-31	1.68955e-32	1.09887e-33	1.19693e-35	5.85665e-37	4.13634e-38	1.85383e-39	1.68307e-40	3.54633e-41	7.97903e-43	4.8517e-44	5.26731e-45	3.29323e-46	2.68273e-47	
N22	4.18929e-37	6.54561e-33	5.09014e-27	1.11203e-23	1.19841e-17	4.76722e-16	6.04353e-11	3.52721e-08	5.8162e-08	2.32607e-05	0.0335157	0.94728	0.0191497	3.08356e-05	2.84348e-08	1.92198e-11	4.39732e-15	2.32175e-18	4.29328e-22	1.91761e-25	5.63052e-29	3.83493e-32	3.77276e-33	2.31883e-32	1.81845e-33	1.11449e-34	7.49905e-36	6.06959e-38	3.34363e-39	3.49869e-40	7.60136e-42	4.23165e-43	1.10559e-44	3.04257e-46	1.70796e-47	1.7394e-48	7.61719e-51	3.36442e-52	3.09968e-53	8.23157e-55	8.60672e-56	
F3015	0	0	0	0	0	0	0	0	0	0	1	0	0	0	0	0	0	0	0	0	0	0	0	0	0	0	0	0	0	0	0	0	0	0	0	0	0	0	0	0	0	
N23	5.26085e-38	1.0426e-34	2.99926e-28	1.32066e-24	1.70906e-18	1.98482e-16	9.84832e-12	7.65208e-09	3.36278e-08	9.51408e-06	0.0333844	0.951744	0.0148547	7.66895e-06	1.67092e-09	2.26561e-12	3.2604e-15	2.32352e-17	2.62244e-21	1.69312e-24	1.38072e-28	2.81105e-33	1.22809e-35	1.4537e-35	1.25745e-35	1.16024e-36	8.04212e-37	3.55498e-39	1.86961e-40	1.95932e-41	8.62221e-44	4.13775e-45	1.86148e-47	3.69575e-49	1.92852e-50	1.21295e-51	1.42932e-53	7.24703e-55	8.89757e-56	2.50887e-56	1.97259e-57	
N24	2.2735e-39	2.01905e-35	1.79138e-28	2.21667e-24	5.32925e-19	2.16065e-16	1.28354e-12	5.15333e-09	6.65033e-08	1.26084e-05	0.0239678	0.958753	0.0172605	5.67737e-06	3.79751e-09	1.35152e-10	2.84176e-13	1.1172e-15	6.00739e-20	4.11047e-23	1.72856e-27	5.18521e-32	3.62264e-35	3.60869e-37	9.44446e-41	4.49964e-44	8.42475e-47	3.51511e-51	6.042e-52	4.32758e-48	1.13941e-50	3.02773e-48	1.88695e-49	4.79259e-51	1.5435e-51	2.1476e-48	1.40949e-49	7.26267e-51	7.91348e-52	9.57087e-53	5.65775e-54	
N25	6.33111e-49	4.11882e-40	4.71999e-32	1.00283e-28	2.52982e-21	1.13755e-19	5.07763e-13	4.9951e-10	1.01656e-10	9.62229e-07	0.0345625	0.963089	0.00234755	1.02955e-07	1.44677e-12	6.40207e-16	1.09387e-19	1.15192e-22	1.45256e-27	1.42447e-31	7.09176e-35	2.25385e-38	1.03105e-40	3.69043e-42	1.60098e-44	2.37297e-46	2.53724e-47	1.08254e-49	4.88728e-49	1.54918e-44	9.23604e-46	6.69658e-43	7.00818e-43	1.41216e-43	2.76904e-43	7.68238e-40	8.51656e-40	8.5363e-40	3.12827e-39	1.99074e-38	3.37328e-38	
N26	6.27699e-37	2.37556e-32	4.00312e-28	8.56472e-27	1.36547e-21	1.20639e-18	2.99135e-13	6.63351e-11	5.2785e-10	8.37842e-06	0.0492719	0.948042	0.00267691	4.35112e-07	1.74417e-11	6.7579e-13	1.11781e-15	2.76194e-17	3.41656e-22	1.13302e-25	7.92859e-31	2.07835e-36	2.39756e-38	5.85334e-37	7.80318e-38	9.51405e-39	1.91481e-38	1.40333e-41	3.83359e-43	2.57612e-44	1.55202e-47	3.29867e-49	2.28671e-52	1.63577e-54	1.34698e-55	2.89728e-55	3.90724e-57	1.61193e-58	2.63455e-59	2.13338e-59	9.22604e-61	
F1476	0	0	0	0	0	0	0	0	0	0	1	0	0	0	0	0	0	0	0	0	0	0	0	0	0	0	0	0	0	0	0	0	0	0	0	0	0	0	0	0	0	
N27	9.09632e-42	1.6861e-37	5.58712e-31	2.40516e-26	3.86063e-21	1.82949e-17	2.43284e-13	3.72397e-10	4.9302e-08	9.75688e-05	0.055091	0.936151	0.00864958	1.04732e-05	7.26385e-09	4.40564e-10	8.28316e-13	8.81817e-15	1.18022e-19	2.75267e-23	3.31463e-28	6.59631e-32	2.05157e-32	8.02179e-30	4.8857e-31	3.89188e-32	3.32405e-32	3.01815e-35	5.88402e-37	2.44723e-38	2.2756e-41	4.89733e-43	1.48822e-45	4.85483e-47	5.30209e-48	7.65104e-48	9.88561e-50	4.2545e-51	5.13734e-52	1.5862e-52	6.97674e-54	
Furcep	0	0	0	0	0	0	0	0	0	0	0	0	0	1	0	0	0	0	0	0	0	0	0	0	0	0	0	0	0	0	0	0	0	0	0	0	0	0	0	0	0	
N28	3.23899e-36	1.02184e-32	9.70882e-29	3.31335e-25	3.78956e-19	9.4305e-17	1.73651e-11	4.05544e-09	3.01175e-08	2.78398e-05	0.0872934	0.909189	0.00348858	1.5027e-06	3.24304e-10	2.62426e-12	1.66039e-15	2.43883e-17	3.76665e-21	3.85724e-24	4.97407e-28	1.58967e-32	1.01222e-35	4.71186e-38	4.53386e-42	3.33672e-45	2.1338e-47	7.975e-52	3.65203e-55	3.30692e-58	1.19146e-62	4.602e-66	1.53182e-70	2.35772e-74	1.25445e-77	4.98127e-80	1.43336e-84	4.36167e-88	3.33276e-91	4.74702e-94	2.19021e-97	
Furpol	0	0	0	0	0	0	0	0	0	0	0	1	0	0	0	0	0	0	0	0	0	0	0	0	0	0	0	0	0	0	0	0	0	0	0	0	0	0	0	0	0	
N29	3.24019e-41	6.06571e-34	2.26585e-27	1.15127e-23	2.09319e-18	6.93933e-16	1.3942e-10	2.3984e-10	3.78903e-09	0.000146186	0.84561	0.154149	9.55837e-05	1.29394e-08	1.01473e-12	3.85002e-15	1.17986e-17	1.04451e-19	6.56255e-24	2.30713e-27	1.29224e-31	2.65816e-36	3.9206e-40	7.57636e-43	4.77407e-46	4.69153e-49	1.62258e-51	4.06841e-56	6.79866e-60	2.25432e-63	5.09938e-68	6.96316e-72	1.69901e-76	5.57549e-81	1.49774e-84	2.0655e-87	3.62287e-91	1.01343e-94	1.08457e-97	9.58567e-101	2.24382e-104	
N30	6.99423e-42	1.54953e-34	7.10497e-28	4.29739e-24	1.10455e-18	5.27819e-16	1.82826e-10	3.09126e-10	5.52256e-09	0.000221408	0.976342	0.0234309	5.52094e-06	3.72769e-10	2.33656e-13	1.83744e-15	1.76037e-18	3.51827e-21	1.06641e-25	1.91385e-29	5.90425e-34	3.28704e-38	2.02786e-41	6.97164e-44	1.342e-47	4.95613e-51	6.14042e-54	8.49761e-59	7.85927e-63	1.26012e-66	1.57451e-71	1.44359e-75	6.85185e-80	9.987e-84	3.7143e-87	5.84403e-90	2.88495e-94	3.99212e-98	1.21381e-101	3.29224e-105	4.13317e-109	
F2241	0	0	0	0	0	0	0	0	0	0	1	0	0	0	0	0	0	0	0	0	0	0	0	0	0	0	0	0	0	0	0	0	0	0	0	0	0	0	0	0	0	
Furang	0	0	0	0	0	0	0	0	0	0	1	0	0	0	0	0	0	0	0	0	0	0	0	0	0	0	0	0	0	0	0	0	0	0	0	0	0	0	0	0	0	
FGA490	0	0	0	0	0	0	0	0	0	0	1	0	0	0	0	0	0	0	0	0	0	0	0	0	0	0	0	0	0	0	0	0	0	0	0	0	0	0	0	0	0	
N31	3.8784e-46	4.39455e-38	1.01607e-30	2.10518e-27	1.21615e-20	4.809e-19	5.13487e-13	7.80782e-10	3.63392e-10	1.73653e-06	0.0439598	0.955594	0.000444356	2.49236e-08	1.93074e-12	1.07249e-14	7.02565e-18	1.85083e-20	2.63812e-25	3.058e-29	3.43883e-34	2.06927e-39	2.74629e-43	4.6317e-46	3.95947e-50	7.10471e-54	6.75603e-57	2.27432e-59	1.25172e-60	1.08699e-58	9.35683e-62	7.90512e-62	2.06651e-63	9.20386e-66	2.70458e-67	5.39816e-66	2.83321e-67	3.2401e-69	1.14658e-70	5.36226e-72	5.92994e-74	
N32	1.02176e-44	6.49311e-37	8.24422e-30	2.74507e-26	5.76447e-20	5.06574e-18	4.56003e-13	1.6559e-09	1.0472e-08	1.71673e-06	0.0379932	0.961224	0.000781497	7.08653e-08	6.38967e-11	1.2773e-12	1.38878e-15	3.82867e-18	6.24847e-23	1.04448e-26	1.59765e-31	6.13824e-36	3.60435e-39	1.9222e-41	2.77414e-45	7.63053e-49	9.89796e-52	2.74482e-56	4.9709e-57	1.08665e-54	1.54595e-57	3.58623e-58	7.18248e-57	2.20276e-58	1.651e-59	4.15727e-59	3.3938e-58	1.16495e-59	8.05725e-61	7.17657e-62	2.22312e-63	
N33	2.3094e-47	5.54844e-39	2.53608e-31	2.10067e-27	6.52698e-21	5.63035e-19	5.83231e-15	2.83813e-09	2.45372e-08	1.21126e-07	0.00165559	0.994401	0.00394171	1.28462e-06	4.26738e-09	4.96175e-11	2.28702e-14	6.99434e-18	3.68039e-23	2.05939e-27	9.30202e-33	3.06766e-36	9.57985e-38	1.68746e-37	3.01825e-37	5.02106e-39	1.44331e-40	5.17189e-44	2.55843e-46	2.31773e-48	8.23642e-52	4.79499e-54	5.54881e-56	6.53739e-58	1.78022e-59	4.20538e-60	1.28746e-62	1.34286e-64	2.67185e-66	2.55606e-68	2.61804e-70	
N34	2.63038e-39	1.757e-35	3.21052e-30	5.11267e-27	3.73106e-20	3.0775e-19	3.52542e-14	3.00495e-09	1.05494e-09	1.21861e-08	0.000465012	0.997769	0.00176614	2.54662e-07	7.19998e-11	2.66368e-13	3.19945e-16	4.15821e-18	1.92899e-22	1.02566e-25	3.25449e-30	1.05065e-34	4.27057e-38	5.35895e-41	7.39815e-45	4.20513e-48	2.58008e-50	3.22785e-55	6.86014e-59	3.12102e-62	3.06453e-67	4.92956e-71	1.74998e-75	1.76631e-79	4.23973e-83	4.0691e-86	1.23337e-90	2.28929e-94	1.41142e-97	2.12735e-100	4.43257e-104	
N35	5.11789e-43	1.40047e-35	7.49847e-29	4.20476e-26	1.25461e-19	3.46336e-19	2.02075e-14	1.16219e-09	3.75389e-10	9.00497e-09	0.000299429	0.998789	0.000911718	1.24055e-07	1.22919e-11	1.19617e-13	3.87831e-16	4.25342e-18	1.54444e-22	3.75278e-26	1.27347e-30	1.82278e-35	3.50052e-39	1.27236e-41	6.63545e-45	5.60887e-48	2.00143e-50	2.78739e-55	2.94544e-59	5.87522e-63	7.28987e-68	7.0103e-72	1.00102e-76	3.21874e-81	9.53458e-85	1.71494e-87	1.98324e-91	3.6331e-95	2.76345e-98	1.92259e-101	2.56475e-105	
FGA456	0	0	0	0	0	0	0	0	0	0	0	1	0	0	0	0	0	0	0	0	0	0	0	0	0	0	0	0	0	0	0	0	0	0	0	0	0	0	0	0	0	
FGA513	0	0	0	0	0	0	0	0	0	0	0	1	0	0	0	0	0	0	0	0	0	0	0	0	0	0	0	0	0	0	0	0	0	0	0	0	0	0	0	0	0	
F12278	0	0	0	0	0	0	0	0	0	0	0	1	0	0	0	0	0	0	0	0	0	0	0	0	0	0	0	0	0	0	0	0	0	0	0	0	0	0	0	0	0	
N36	2.23283e-41	5.08113e-34	2.41438e-27	6.23404e-23	1.9281e-18	2.31543e-15	6.13496e-13	1.42804e-08	2.52163e-06	1.41119e-05	0.000716807	0.846941	0.148733	0.0035899	3.0559e-06	9.85216e-08	5.63303e-10	9.51621e-12	6.02283e-16	1.80471e-19	9.42933e-24	3.24446e-28	2.34021e-31	1.58656e-33	1.0614e-36	1.30886e-39	6.36632e-42	1.52662e-46	2.27116e-50	4.85492e-54	9.67466e-59	1.55257e-62	5.32868e-67	8.34586e-71	6.04611e-74	2.05087e-76	3.66705e-80	1.33504e-83	1.83194e-86	2.35866e-89	7.20175e-93	
Furant	0	0	0	0	0	0	0	0	0	0	0	1	0	0	0	0	0	0	0	0	0	0	0	0	0	0	0	0	0	0	0	0	0	0	0	0	0	0	0	0	0	
FGA331	0	0	0	0	0	0	0	0	0	0	0	0	0	1	0	0	0	0	0	0	0	0	0	0	0	0	0	0	0	0	0	0	0	0	0	0	0	0	0	0	0	
FGA465	0	0	0	0	0	0	0	0	0	0	1	0	0	0	0	0	0	0	0	0	0	0	0	0	0	0	0	0	0	0	0	0	0	0	0	0	0	0	0	0	0	
N37	1.26699e-42	3.6194e-35	2.15191e-28	5.80448e-25	4.4613e-19	5.45248e-17	2.08443e-11	1.35083e-09	2.40369e-09	2.98635e-05	0.239087	0.760565	0.000317644	2.83729e-08	3.53057e-12	2.73443e-14	6.34087e-17	4.13876e-19	1.32088e-23	1.95737e-27	5.69594e-32	8.99179e-37	2.31363e-40	6.62992e-43	2.57071e-46	1.61037e-49	3.41165e-52	8.17724e-54	6.72971e-55	2.82095e-53	6.28769e-56	1.91077e-55	2.4501e-57	2.04736e-59	2.04386e-60	9.14337e-59	4.53502e-60	1.42599e-61	1.67559e-62	1.67651e-63	4.41158e-65	
FGA99	0	0	0	0	0	0	0	0	0	0	1	0	0	0	0	0	0	0	0	0	0	0	0	0	0	0	0	0	0	0	0	0	0	0	0	0	0	0	0	0	0	
N38	2.2116e-41	4.44255e-34	1.754e-27	4.14297e-24	2.68898e-18	1.59116e-16	1.91843e-11	8.26897e-09	3.52226e-08	3.23961e-05	0.24805	0.751577	0.000339931	3.337e-08	5.30825e-11	1.17465e-12	1.97195e-15	7.03956e-18	2.41995e-22	7.08278e-26	2.47692e-30	2.80588e-34	3.31522e-37	2.95066e-39	9.35594e-43	5.7364e-46	1.37711e-48	2.25534e-53	3.62782e-57	1.04011e-60	1.62518e-65	2.88996e-69	3.23606e-73	1.07379e-76	8.82275e-80	4.55573e-82	4.63908e-86	1.49536e-89	1.06685e-92	7.95394e-96	2.61662e-99	
FGA15	0	0	0	0	0	0	0	0	0	0	1	0	0	0	0	0	0	0	0	0	0	0	0	0	0	0	0	0	0	0	0	0	0	0	0	0	0	0	0	0	0	
FGA581	0	0	0	0	0	0	0	0	0	0	0	1	0	0	0	0	0	0	0	0	0	0	0	0	0	0	0	0	0	0	0	0	0	0	0	0	0	0	0	0	0	
FGA104	0	0	0	0	0	0	0	0	0	0	0	0	1	0	0	0	0	0	0	0	0	0	0	0	0	0	0	0	0	0	0	0	0	0	0	0	0	0	0	0	0	
FGA489	0	0	0	0	0	0	0	0	0	0	1	0	0	0	0	0	0	0	0	0	0	0	0	0	0	0	0	0	0	0	0	0	0	0	0	0	0	0	0	0	0	
FGA174	0	0	0	0	0	0	0	0	0	0	0	0	0	1	0	0	0	0	0	0	0	0	0	0	0	0	0	0	0	0	0	0	0	0	0	0	0	0	0	0	0	
FurbGB	0	0	0	0	0	0	0	0	0	0	0	1	0	0	0	0	0	0	0	0	0	0	0	0	0	0	0	0	0	0	0	0	0	0	0	0	0	0	0	0	0	
N39	7.69998e-42	8.77278e-35	2.11738e-28	3.94976e-25	2.54205e-19	1.39756e-17	4.39005e-13	9.94834e-10	1.09883e-09	1.9774e-07	0.00184489	0.361415	0.00478368	4.51588e-06	3.32692e-07	8.98474e-05	0.00664021	0.612668	0.0117687	0.000782767	2.23122e-06	1.36091e-09	1.00901e-11	5.19078e-13	3.87519e-15	5.96204e-17	7.17877e-18	1.60778e-21	4.82127e-24	2.92524e-26	4.93492e-30	1.02211e-32	1.76007e-36	9.83059e-40	2.78531e-42	4.10741e-44	3.52511e-47	7.9882e-50	7.40964e-52	1.25866e-53	2.91258e-56	
N40	1.39446e-39	4.46779e-33	3.12108e-27	4.50043e-24	6.11858e-19	4.19575e-17	6.71877e-13	6.81788e-10	3.18206e-09	7.31188e-07	0.00180916	0.0921208	0.00136792	5.86571e-06	1.4103e-06	0.000362897	0.0474583	0.829065	0.0271122	0.00069291	3.24606e-06	5.08624e-09	3.25746e-11	4.14395e-12	1.95625e-13	5.48648e-15	3.46624e-16	2.76248e-19	9.19749e-22	2.97094e-24	1.4511e-27	2.95391e-30	1.60093e-33	8.36675e-37	5.06086e-39	1.6851e-40	1.20871e-42	6.17902e-45	1.00579e-46	1.16276e-48	4.84301e-51	
N41	1.15599e-40	9.24994e-34	1.66341e-27	1.83252e-24	4.45623e-19	2.56269e-17	1.47291e-12	1.00102e-10	4.26571e-10	2.98323e-07	0.000445012	0.00133088	8.00797e-06	2.0208e-06	2.30067e-05	0.0127268	0.450987	0.527702	0.00675415	2.06594e-05	2.39917e-08	1.583e-11	4.6478e-14	6.099e-16	3.37276e-18	1.16091e-20	3.94702e-23	1.3986e-26	7.3638e-30	2.51999e-33	3.55032e-37	2.40287e-38	6.8705e-40	1.15863e-40	2.23864e-39	2.26849e-38	3.22747e-39	4.33468e-40	1.21208e-40	3.49724e-40	9.74026e-40	
CGA312	0	0	0	0	0	0	0	0	0	0	0	0	0	0	0	0	0	1	0	0	0	0	0	0	0	0	0	0	0	0	0	0	0	0	0	0	0	0	0	0	0	
N42	5.39874e-48	5.86465e-40	1.36191e-32	1.30003e-28	1.00389e-22	4.47604e-20	7.76783e-15	8.52896e-14	1.44654e-11	5.87489e-08	4.22788e-05	4.14006e-05	2.20308e-06	9.65917e-07	6.45008e-05	0.0340646	0.626237	0.338657	0.000890422	3.17698e-07	3.33689e-11	1.60033e-15	2.53251e-19	1.77012e-21	3.96173e-24	1.70813e-27	4.4898e-28	6.25852e-28	6.64709e-29	6.17243e-31	1.2502e-33	2.08654e-35	7.55758e-38	2.40555e-40	1.13529e-41	4.78159e-42	4.61684e-43	1.54554e-44	1.29544e-45	1.33707e-46	5.59175e-48	
N43	5.44993e-47	9.62349e-41	6.50258e-35	6.89752e-32	1.26372e-27	5.46273e-23	1.26414e-17	8.72396e-17	1.2841e-13	8.19623e-09	1.2549e-06	8.42689e-07	4.11822e-07	1.05613e-06	0.00193629	0.188555	0.798888	0.0106166	6.4275e-07	5.61275e-12	1.61457e-17	2.23293e-23	3.9767e-28	5.84905e-31	4.77535e-34	3.11051e-34	5.22145e-31	1.73332e-31	1.37945e-31	1.13888e-32	2.65783e-34	7.78237e-35	3.06712e-36	2.5953e-37	7.68133e-37	2.48942e-35	1.6894e-34	1.81987e-34	6.0182e-34	3.83004e-33	4.90039e-33	
N44	5.12193e-43	4.50833e-38	1.86458e-33	1.24353e-31	4.48127e-28	8.71226e-25	7.53161e-19	1.91314e-16	4.88096e-14	1.04445e-09	1.53338e-07	1.9442e-07	3.45297e-07	5.52694e-07	0.00141387	0.181511	0.809265	0.00780796	1.088e-06	8.29489e-11	2.76767e-13	3.35992e-15	3.53681e-18	1.44496e-20	3.4956e-24	1.60442e-27	1.79173e-30	1.06195e-32	8.4126e-34	2.91917e-36	8.9391e-38	4.97533e-39	3.28149e-39	7.41118e-41	3.44462e-42	1.33366e-42	1.12706e-44	4.15205e-46	2.89251e-47	2.10599e-49	7.62529e-51	
N45	3.16125e-50	1.8063e-42	2.18669e-35	2.72515e-32	4.13151e-26	2.10162e-24	1.77843e-18	4.62998e-17	8.22645e-18	1.66787e-13	4.58291e-09	2.7572e-08	1.07012e-09	1.89326e-09	1.34941e-05	0.0393808	0.923957	0.0366258	2.31994e-05	4.96191e-09	1.05436e-11	2.77486e-14	3.41912e-17	4.78049e-20	9.49719e-24	2.07118e-27	1.61324e-31	8.21246e-35	2.93429e-35	7.74706e-37	2.6894e-38	1.39386e-39	1.48836e-40	5.29914e-42	2.63761e-43	2.07466e-44	2.21442e-46	4.78844e-48	1.34589e-49	8.51314e-52	2.08309e-53	
CGA642	0	0	0	0	0	0	0	0	0	0	0	0	0	0	0	0	1	0	0	0	0	0	0	0	0	0	0	0	0	0	0	0	0	0	0	0	0	0	0	0	0	
N46	4.61685e-39	1.19548e-34	1.52405e-30	1.1156e-29	5.38708e-27	2.33694e-25	4.35957e-20	2.18872e-18	3.63796e-17	1.17279e-13	1.98457e-09	1.00733e-08	2.93468e-10	8.56827e-09	6.56585e-06	0.0446065	0.905791	0.0495765	1.98202e-05	2.15437e-09	5.38771e-13	1.47633e-14	7.10016e-17	3.37799e-18	1.35909e-20	1.58241e-23	1.85091e-27	3.60367e-32	1.22743e-35	3.43949e-40	8.16609e-45	4.45937e-48	2.9921e-50	1.72556e-53	2.25546e-56	3.31085e-58	2.38113e-61	1.10646e-64	9.02484e-68	2.48031e-72	9.19341e-76	
CGA763	0	0	0	0	0	0	0	0	0	0	0	0	0	0	0	1	0	0	0	0	0	0	0	0	0	0	0	0	0	0	0	0	0	0	0	0	0	0	0	0	0	
C601	0	0	0	0	0	0	0	0	0	0	0	0	0	0	0	0	0	1	0	0	0	0	0	0	0	0	0	0	0	0	0	0	0	0	0	0	0	0	0	0	0	
N47	5.56518e-39	1.43464e-34	1.77877e-30	4.399e-28	6.0018e-27	3.80939e-23	5.00964e-19	1.47393e-16	2.44408e-13	5.1673e-10	5.84707e-08	1.5169e-07	3.46527e-07	3.97962e-06	0.00249139	0.19801	0.793361	0.00613167	2.08721e-06	1.88633e-10	6.45459e-14	3.57766e-15	1.6164e-17	7.37283e-19	2.1202e-21	2.67075e-24	6.74673e-28	1.17195e-32	3.09253e-36	6.71047e-41	6.0413e-43	3.52458e-43	2.77767e-42	4.99942e-42	2.2041e-42	5.9223e-42	5.59143e-43	2.18678e-43	1.70489e-43	2.67252e-45	1.87754e-46	
CGA236	0	0	0	0	0	0	0	0	0	0	0	0	0	0	0	0	1	0	0	0	0	0	0	0	0	0	0	0	0	0	0	0	0	0	0	0	0	0	0	0	0	
N48	3.85995e-44	1.54316e-38	2.46322e-33	9.49236e-30	2.22753e-25	2.36274e-21	3.05335e-18	2.24738e-15	8.63368e-12	1.21343e-09	3.02558e-08	1.10647e-07	1.23733e-06	0.000428371	0.0256528	0.313025	0.655473	0.00541582	4.10115e-06	9.51084e-10	2.28194e-13	1.24734e-14	1.92151e-16	1.47532e-17	1.88012e-19	4.77251e-22	1.87154e-25	1.20083e-29	6.44349e-33	4.82482e-37	1.6816e-41	1.25785e-44	2.46864e-46	5.51934e-49	2.04333e-51	4.60638e-53	1.18315e-55	1.32544e-58	2.4519e-61	2.52239e-65	2.23232e-68	
N49	2.24103e-43	2.02227e-36	3.98733e-30	5.54792e-26	1.01447e-21	7.80461e-19	1.71318e-16	1.03962e-12	7.19814e-11	3.26295e-10	1.49195e-08	2.49211e-05	0.00189626	0.020382	0.0321289	0.340513	0.574094	0.0309219	3.85436e-05	1.79279e-08	1.428e-10	2.83578e-12	1.97222e-14	2.65073e-16	5.23179e-19	9.38271e-22	3.3778e-25	4.01578e-29	1.33872e-32	1.9964e-36	1.24467e-39	2.69113e-42	1.64868e-44	1.92565e-47	3.84324e-50	1.77852e-52	8.40933e-56	7.22432e-59	8.50347e-62	1.08117e-65	7.43316e-69	
Calboe	0	0	0	0	0	0	0	0	0	0	0	0	0	1	0	0	0	0	0	0	0	0	0	0	0	0	0	0	0	0	0	0	0	0	0	0	0	0	0	0	0	
C3125	0	0	0	0	0	0	0	0	0	0	0	0	0	0	0	0	0	1	0	0	0	0	0	0	0	0	0	0	0	0	0	0	0	0	0	0	0	0	0	0	0	
CGA429	0	0	0	0	0	0	0	0	0	0	0	0	0	0	1	0	0	0	0	0	0	0	0	0	0	0	0	0	0	0	0	0	0	0	0	0	0	0	0	0	0	
N50	8.99649e-38	4.07438e-33	8.76379e-29	2.45263e-25	9.92378e-25	2.1424e-21	1.9942e-18	3.87087e-16	1.13928e-10	8.02646e-08	4.82594e-08	3.26913e-08	4.55984e-07	0.00168193	0.372452	0.525881	0.0997198	0.000264532	1.86469e-08	4.82305e-13	6.65595e-18	4.34979e-21	1.88134e-23	5.45776e-25	4.47464e-27	3.38723e-29	5.96364e-29	7.87767e-31	1.62033e-32	3.14644e-35	2.41001e-38	2.3398e-40	1.53783e-41	2.07316e-42	4.09116e-43	7.08028e-43	2.48533e-43	1.30894e-44	1.25604e-45	3.81163e-47	1.96028e-48	
C984	0	0	0	0	0	0	0	0	0	0	0	0	0	1	0	0	0	0	0	0	0	0	0	0	0	0	0	0	0	0	0	0	0	0	0	0	0	0	0	0	0	
N51	8.13428e-36	7.73079e-32	3.62113e-28	1.92689e-25	3.55502e-25	1.53824e-20	3.78633e-17	1.56351e-15	5.9694e-11	3.9565e-08	1.38669e-08	8.88308e-09	8.14556e-07	0.0032032	0.506505	0.446729	0.0434961	6.67485e-05	1.29014e-08	1.01485e-12	1.72746e-15	7.21702e-17	3.61685e-19	1.52751e-20	6.98764e-23	1.61422e-25	6.87485e-29	2.698e-33	1.44595e-36	6.66574e-41	1.20615e-44	2.39926e-47	5.24518e-49	4.77219e-52	1.02431e-54	2.31455e-56	2.45991e-59	2.83728e-62	5.79205e-65	6.81241e-69	6.91268e-72	
CGA310	0	0	0	0	0	0	0	0	0	0	0	0	0	0	1	0	0	0	0	0	0	0	0	0	0	0	0	0	0	0	0	0	0	0	0	0	0	0	0	0	0	
N52	3.95098e-44	2.47407e-37	4.14204e-31	5.30744e-26	6.60152e-23	1.55697e-18	1.27243e-16	6.40418e-15	8.2403e-11	4.0298e-09	1.02793e-09	1.67299e-08	4.50731e-05	0.0677025	0.850623	0.0807523	0.000876689	8.81333e-07	3.33229e-10	9.97328e-14	1.09937e-15	1.08804e-17	3.94623e-20	2.59007e-22	2.23118e-25	2.85644e-28	8.98842e-32	9.73548e-36	2.79078e-39	4.9808e-43	7.44106e-46	1.42169e-48	6.46248e-51	5.41127e-54	8.03145e-57	2.58286e-59	7.14067e-63	5.03308e-66	5.08946e-69	6.80426e-73	5.13097e-76	
CGA365	0	0	0	0	0	0	0	0	0	0	0	0	0	0	1	0	0	0	0	0	0	0	0	0	0	0	0	0	0	0	0	0	0	0	0	0	0	0	0	0	0	
CGA494	0	0	0	0	0	0	0	0	0	0	0	0	0	1	0	0	0	0	0	0	0	0	0	0	0	0	0	0	0	0	0	0	0	0	0	0	0	0	0	0	0	
N53	2.30938e-46	8.3953e-39	6.64235e-32	5.44775e-28	9.83453e-23	5.41934e-20	4.29382e-16	3.26882e-13	4.28675e-12	2.02567e-10	3.78291e-07	9.16207e-07	3.71955e-07	1.63915e-06	4.29734e-05	0.0102593	0.417702	0.552969	0.0190026	2.04063e-05	2.48371e-08	2.67615e-10	1.42192e-12	9.61584e-15	1.03223e-17	7.81649e-21	2.58029e-24	7.39975e-28	4.71945e-28	1.1784e-29	9.98992e-32	4.99298e-33	1.1926e-33	9.55871e-35	1.04964e-35	2.17088e-36	6.50081e-38	3.00175e-39	1.85492e-40	2.76766e-42	1.2215e-43	
N54	4.99468e-38	9.62951e-34	9.14434e-30	1.48437e-28	1.0701e-23	2.00397e-21	2.08179e-16	2.45787e-14	1.06188e-12	8.83265e-11	1.65005e-07	3.98607e-07	1.80514e-07	1.17034e-06	2.18115e-05	0.0200879	0.453978	0.519966	0.00594096	3.01719e-06	7.97483e-10	9.82871e-13	1.02965e-15	3.98711e-18	3.67579e-20	6.63143e-23	3.9768e-25	1.40284e-28	1.40599e-31	1.45938e-35	5.03643e-40	2.21993e-43	1.38209e-46	1.99454e-50	1.24495e-53	1.64134e-56	2.01904e-59	1.16858e-62	1.33176e-65	1.51477e-68	1.48686e-71	
C12265	0	0	0	0	0	0	0	0	0	0	0	0	0	0	0	0	0	1	0	0	0	0	0	0	0	0	0	0	0	0	0	0	0	0	0	0	0	0	0	0	0	
N55	1.60705e-53	4.21813e-45	1.99078e-37	3.84412e-33	1.5473e-27	2.33342e-24	8.69935e-19	4.23329e-20	3.13962e-16	3.96933e-11	2.65733e-09	1.2708e-11	7.75387e-12	1.70847e-07	0.00644941	0.95986	0.0335159	0.000174417	3.06231e-08	1.1259e-12	1.69542e-17	1.55007e-22	1.56004e-26	5.87656e-29	5.04426e-30	2.53577e-31	2.75154e-32	1.15678e-34	1.49927e-36	4.97001e-39	6.13741e-42	2.41472e-44	4.31582e-47	1.88432e-49	8.63154e-51	1.30865e-51	5.36447e-53	1.0949e-54	5.70131e-56	2.1023e-57	4.10964e-59	
C404	0	0	0	0	0	0	0	0	0	0	0	0	0	0	1	0	0	0	0	0	0	0	0	0	0	0	0	0	0	0	0	0	0	0	0	0	0	0	0	0	0	
N56	1.55823e-42	7.37468e-38	1.72795e-33	5.26395e-32	1.51336e-28	6.30761e-27	6.71279e-21	6.65469e-21	1.07629e-17	1.40672e-12	2.63307e-10	1.01515e-12	8.28357e-13	6.12711e-08	0.00225817	0.980883	0.0168315	2.67409e-05	2.0809e-09	4.94338e-14	3.51866e-17	8.9046e-19	7.94435e-22	2.50758e-24	6.12212e-28	3.10779e-31	7.29904e-35	5.92376e-40	1.07535e-43	9.80099e-49	3.85274e-53	2.01844e-56	1.79648e-58	2.36532e-62	6.06176e-66	1.04078e-68	4.43139e-73	8.03433e-77	2.63202e-80	1.12619e-84	1.77585e-88	
Cl11778	0	0	0	0	0	0	0	0	0	0	0	0	0	0	0	1	0	0	0	0	0	0	0	0	0	0	0	0	0	0	0	0	0	0	0	0	0	0	0	0	0	
CGA48	0	0	0	0	0	0	0	0	0	0	0	0	0	0	0	1	0	0	0	0	0	0	0	0	0	0	0	0	0	0	0	0	0	0	0	0	0	0	0	0	0	
C3126	0	0	0	0	0	0	0	0	0	0	0	0	0	0	0	0	0	0	1	0	0	0	0	0	0	0	0	0	0	0	0	0	0	0	0	0	0	0	0	0	0	
N57	1.50201e-41	2.29394e-34	7.47795e-28	1.89277e-25	2.40802e-19	1.23792e-18	1.02702e-14	1.46527e-10	5.9365e-11	9.68135e-11	1.20838e-06	0.000635494	1.71384e-05	9.2479e-09	2.19508e-09	6.37223e-06	0.00765943	0.896324	0.0949296	0.000426569	5.36231e-07	6.00904e-10	2.58426e-12	1.56092e-14	3.66453e-17	5.73204e-20	7.32984e-23	1.72749e-26	6.32334e-30	6.68036e-31	2.91146e-31	9.87315e-33	2.88568e-34	1.79928e-35	2.17399e-36	3.71506e-37	2.64974e-38	2.1528e-39	2.24124e-40	1.38364e-41	9.66739e-43	
CGA311	0	0	0	0	0	0	0	0	0	0	0	0	0	0	0	0	0	1	0	0	0	0	0	0	0	0	0	0	0	0	0	0	0	0	0	0	0	0	0	0	0	
N58	1.15555e-39	2.37256e-35	4.72717e-31	1.31953e-27	3.66833e-22	3.07872e-20	2.43038e-16	3.34209e-12	1.34434e-12	1.06704e-11	1.37832e-07	0.000129782	3.83251e-06	1.44162e-09	1.65496e-09	2.00831e-06	0.00554702	0.89393	0.100085	0.000302747	2.07077e-07	8.1893e-11	1.21593e-13	6.65344e-15	1.51062e-16	4.89868e-19	8.51704e-21	1.68096e-24	2.38439e-27	5.08042e-31	2.17001e-35	1.4152e-38	1.57232e-42	1.8432e-46	2.03805e-49	2.33447e-51	6.7814e-54	5.43515e-57	9.49676e-60	2.6032e-62	2.41202e-65	
N59	5.04429e-49	2.61108e-41	2.79308e-34	3.3899e-31	7.69212e-25	8.92076e-24	1.56169e-18	1.87031e-15	5.56409e-16	3.47502e-13	1.80048e-08	3.0208e-06	1.1031e-08	6.9046e-12	2.81075e-10	5.8805e-06	0.0219117	0.959747	0.0183172	1.56377e-05	3.5085e-09	3.37825e-13	5.08718e-17	7.19255e-19	4.83949e-21	1.00175e-23	4.67793e-26	1.08863e-29	7.26494e-33	2.25702e-34	2.07663e-35	2.50674e-37	9.35834e-40	2.04735e-42	7.96677e-44	3.35401e-44	4.40294e-45	2.24415e-46	3.8574e-47	5.29085e-48	4.04732e-49	
CGA45	0	0	0	0	0	0	0	0	0	0	0	0	0	0	0	0	1	0	0	0	0	0	0	0	0	0	0	0	0	0	0	0	0	0	0	0	0	0	0	0	0	
N60	6.05248e-38	7.06166e-34	4.02752e-30	1.06217e-29	1.21606e-25	6.66053e-25	2.58581e-20	5.92705e-16	9.12809e-16	6.95751e-14	1.98901e-09	8.66409e-07	2.11643e-09	1.03066e-11	3.07888e-10	4.11853e-06	0.0125057	0.972738	0.0147355	1.5606e-05	4.62335e-09	1.00639e-12	1.15849e-14	1.84469e-15	7.13026e-17	2.52145e-19	2.51842e-21	5.45068e-25	8.73254e-28	1.17003e-31	4.5493e-36	1.74366e-39	1.24532e-43	9.82482e-47	4.30062e-49	1.45879e-50	9.29182e-53	1.04421e-55	2.27695e-58	4.27222e-61	5.3098e-64	
C3043	0	0	0	0	0	0	0	0	0	0	0	0	0	0	0	0	0	1	0	0	0	0	0	0	0	0	0	0	0	0	0	0	0	0	0	0	0	0	0	0	0	
CGA364	0	0	0	0	0	0	0	0	0	0	0	0	0	0	0	0	0	1	0	0	0	0	0	0	0	0	0	0	0	0	0	0	0	0	0	0	0	0	0	0	0	
C2208	0	0	0	0	0	0	0	0	0	0	0	0	0	0	0	0	0	0	1	0	0	0	0	0	0	0	0	0	0	0	0	0	0	0	0	0	0	0	0	0	0	
N61	5.33234e-37	1.85399e-30	1.43189e-24	1.97875e-22	8.67044e-17	1.29582e-16	1.89453e-12	8.06612e-09	7.35047e-10	8.00158e-09	3.07685e-05	0.00559275	4.8038e-05	5.25557e-08	4.69003e-08	5.18014e-05	0.0196609	0.947712	0.0267303	0.00017306	4.4533e-07	8.03401e-10	4.46871e-12	4.21032e-14	1.88864e-16	6.38617e-19	1.72366e-21	1.17717e-24	8.56345e-28	4.95995e-31	1.46541e-34	6.21259e-38	2.80432e-41	1.96619e-44	2.95018e-47	5.95769e-50	5.76311e-53	6.2158e-56	7.46919e-59	5.45534e-62	4.37136e-65	
N62	9.58965e-45	2.72573e-37	1.6634e-30	5.74021e-28	1.77757e-21	5.6462e-21	8.46579e-16	2.09642e-12	3.94083e-14	1.07031e-11	4.23504e-07	0.000115503	1.26692e-07	1.79483e-11	4.65929e-10	6.84688e-06	0.0199878	0.974798	0.00508752	3.89632e-06	9.88049e-10	1.40977e-13	1.3659e-16	1.35629e-18	4.36259e-21	5.55718e-24	1.31677e-26	1.13681e-30	2.8304e-34	2.46537e-38	7.08354e-43	8.73635e-47	1.17188e-48	7.92893e-51	8.00071e-52	1.86814e-49	4.99227e-50	1.59815e-51	1.18268e-52	6.2784e-54	7.30297e-55	
CGA453	0	0	0	0	0	0	0	0	0	0	0	0	0	0	0	0	0	1	0	0	0	0	0	0	0	0	0	0	0	0	0	0	0	0	0	0	0	0	0	0	0	
N63	1.4074e-49	8.08974e-42	9.97258e-35	1.66869e-31	4.35014e-25	9.97026e-24	3.44821e-18	1.08902e-15	1.63801e-16	5.6981e-13	5.34876e-08	3.26496e-06	7.7701e-10	4.75301e-13	2.2519e-10	8.66943e-06	0.0614422	0.937491	0.00105432	2.03965e-07	1.41844e-11	5.75695e-16	5.17215e-19	1.05345e-20	6.65216e-23	9.33279e-26	4.57553e-28	1.57239e-32	3.29814e-36	1.12859e-40	1.2949e-45	8.44255e-50	1.38909e-54	8.18203e-59	6.18655e-62	2.43041e-64	2.22355e-67	5.04108e-71	4.0081e-74	3.09466e-77	5.46378e-81	
CGA501	0	0	0	0	0	0	0	0	0	0	0	0	0	0	0	0	0	1	0	0	0	0	0	0	0	0	0	0	0	0	0	0	0	0	0	0	0	0	0	0	0	
C3121	0	0	0	0	0	0	0	0	0	0	0	0	0	0	0	0	1	0	0	0	0	0	0	0	0	0	0	0	0	0	0	0	0	0	0	0	0	0	0	0	0	
N64	2.41826e-48	2.67547e-40	6.2192e-33	8.28039e-31	1.49536e-23	1.19436e-24	3.21473e-19	4.77981e-14	3.17806e-16	4.24543e-15	9.33936e-10	1.07e-05	2.28876e-09	8.11626e-14	2.30852e-13	2.00245e-08	0.000434406	0.998579	0.000975565	1.45042e-07	7.51808e-12	3.03278e-16	1.01988e-19	1.03849e-22	3.7821e-26	7.52622e-30	1.65851e-33	2.8452e-38	7.99531e-43	1.08142e-47	5.70504e-53	5.43766e-58	3.73593e-63	6.29728e-68	3.18933e-72	2.58313e-76	5.4241e-81	7.77119e-86	1.35048e-90	8.50876e-96	2.24749e-101	
Calparcri	0	0	0	0	0	0	0	0	0	0	0	0	0	0	0	0	0	1	0	0	0	0	0	0	0	0	0	0	0	0	0	0	0	0	0	0	0	0	0	0	0	
C3118	0	0	0	0	0	0	0	0	0	0	0	0	0	0	0	0	0	1	0	0	0	0	0	0	0	0	0	0	0	0	0	0	0	0	0	0	0	0	0	0	0	
N65	3.04413e-41	2.93464e-37	3.25693e-32	2.00023e-28	1.13848e-21	2.71852e-19	8.4494e-15	3.06917e-10	1.19707e-09	4.69344e-08	0.000717066	0.959642	0.0395629	7.80749e-05	2.20267e-07	1.81189e-08	1.64866e-08	1.7786e-07	1.16503e-09	2.82026e-11	2.19594e-14	3.82697e-18	8.68679e-21	2.80829e-23	2.11072e-26	2.94178e-29	1.96341e-30	3.45597e-33	1.48731e-34	1.25824e-35	2.55289e-38	9.1019e-40	2.89038e-42	4.4879e-44	1.7925e-45	1.9175e-46	1.92922e-48	6.86612e-50	6.16658e-51	1.6345e-51	6.72694e-53	
N66	1.12071e-38	7.32556e-32	1.00254e-25	7.26553e-23	3.18327e-17	6.09481e-16	5.57886e-12	4.35357e-08	7.10601e-08	7.75762e-07	0.00316266	0.963163	0.03228	7.8515e-05	3.57448e-07	1.00732e-06	3.59674e-05	0.0012102	6.48027e-05	2.95354e-06	1.84408e-08	2.82992e-11	1.25027e-13	3.03459e-15	3.4672e-17	4.54153e-19	1.05934e-20	6.09252e-24	1.16811e-26	3.43416e-29	1.29624e-32	1.51546e-35	5.51987e-39	1.82775e-42	3.19799e-45	1.85784e-47	2.68326e-50	6.03952e-53	3.35773e-55	1.16205e-57	2.18606e-60	
N67	6.15293e-37	2.32222e-30	1.8745e-24	6.91164e-22	2.37783e-16	1.80316e-15	1.5693e-11	1.18029e-07	8.24149e-08	8.06065e-07	0.00305392	0.977174	0.0183186	3.56307e-05	5.23402e-07	6.35655e-06	0.000207498	0.00116341	3.82868e-05	3.19396e-07	8.87731e-10	1.12123e-12	3.66057e-15	1.18684e-16	1.7525e-18	1.48407e-20	1.46067e-22	1.08403e-25	1.49958e-28	1.44965e-31	4.81001e-35	3.17718e-38	1.19269e-41	3.6761e-45	7.70572e-48	5.27354e-50	1.24419e-52	2.53072e-55	9.14951e-58	1.83869e-60	2.91365e-63	
N68	2.26391e-37	9.09513e-31	7.52653e-25	3.5601e-22	1.09893e-16	9.48003e-16	6.78689e-12	3.93962e-08	3.56852e-08	5.38421e-07	0.00255558	0.98266	0.0133494	1.872e-05	2.46604e-06	5.74038e-05	0.000500606	0.000848348	7.26766e-06	1.45546e-08	1.17565e-11	5.41876e-15	1.15741e-17	4.54317e-19	6.77493e-21	4.26165e-23	5.03718e-25	2.5291e-28	3.55914e-31	1.96772e-34	3.59543e-38	2.04148e-41	5.17257e-45	1.33113e-48	3.91479e-51	4.55112e-53	1.44868e-55	2.68715e-58	1.17274e-60	3.51723e-63	6.47071e-66	
N69	3.5329e-40	2.71705e-33	4.44573e-27	1.50043e-24	1.12994e-18	5.75194e-18	1.10145e-13	1.24676e-09	6.3684e-10	1.01482e-08	0.000103088	0.0518047	0.000456555	2.8972e-07	1.54722e-08	1.40956e-05	0.00559423	0.921704	0.0199844	0.000337369	9.06084e-07	7.86664e-10	2.89947e-12	4.56958e-14	2.14554e-16	1.33385e-18	1.52709e-20	4.00192e-24	3.35361e-27	4.1595e-30	7.80751e-34	4.76727e-37	1.33145e-39	2.52181e-41	2.22938e-42	6.08342e-42	1.12078e-41	1.02712e-42	2.18371e-43	3.07289e-44	2.59302e-45	
Triowe	0	0	0	0	0	0	0	0	0	0	0	0	0	0	0	0	0	1	0	0	0	0	0	0	0	0	0	0	0	0	0	0	0	0	0	0	0	0	0	0	0	
N70	8.29925e-41	3.89023e-34	3.93573e-28	3.34728e-25	1.35028e-19	2.41162e-18	2.79876e-14	1.37464e-10	1.15207e-10	4.73633e-09	3.72953e-05	0.0182714	0.000141159	1.05257e-07	6.10544e-09	1.05014e-05	0.00816005	0.948659	0.0245158	0.000204492	4.56602e-07	4.1435e-10	1.53106e-12	2.24436e-13	1.10112e-14	1.71134e-16	9.33631e-18	4.5037e-21	1.28602e-23	1.53794e-26	3.78939e-30	5.78985e-33	1.92797e-36	5.82581e-40	2.91313e-42	1.07075e-43	8.18398e-46	2.56948e-48	2.61058e-50	2.74952e-52	8.26902e-55	
Trijoh	0	0	0	0	0	0	0	0	0	0	0	0	0	0	0	0	0	1	0	0	0	0	0	0	0	0	0	0	0	0	0	0	0	0	0	0	0	0	0	0	0	
Trimel	0	0	0	0	0	0	0	0	0	0	0	0	0	0	0	0	0	1	0	0	0	0	0	0	0	0	0	0	0	0	0	0	0	0	0	0	0	0	0	0	0	
N71	5.42302e-37	3.4171e-30	4.48338e-24	1.00561e-21	7.42292e-16	1.44029e-15	2.17753e-11	3.12806e-07	5.25804e-08	3.03772e-07	0.00167856	0.992369	0.00590338	4.68792e-05	1.536e-06	2.45605e-08	1.7709e-10	4.89391e-13	1.77036e-16	2.8672e-20	2.77394e-24	2.54283e-28	1.71254e-31	4.63615e-34	5.81585e-37	4.91793e-40	4.24503e-43	6.42561e-46	3.64156e-47	1.70323e-45	9.54497e-48	1.50619e-48	3.90491e-48	6.55127e-50	4.58966e-51	2.69425e-51	1.19376e-50	6.31267e-52	4.84456e-53	2.11293e-54	8.70574e-56	
N72	1.06839e-38	8.96161e-32	1.48904e-25	7.8658e-23	6.47451e-17	3.55339e-16	5.61034e-12	5.09443e-08	5.64678e-09	8.76781e-08	0.000930948	0.995624	0.00344012	4.77991e-06	1.84707e-08	4.29101e-11	6.54181e-14	8.55424e-16	9.93138e-20	8.57879e-23	3.14052e-26	1.40459e-29	1.42188e-32	1.49731e-35	3.29444e-39	3.32791e-42	1.6822e-44	6.9983e-49	2.60649e-52	2.06944e-55	2.30641e-59	1.20901e-62	5.64032e-66	1.66013e-69	9.41504e-73	9.44895e-76	7.04905e-80	2.95363e-83	3.15252e-86	4.01259e-89	2.32569e-92	
Trihoe	0	0	0	0	0	0	0	0	0	0	0	1	0	0	0	0	0	0	0	0	0	0	0	0	0	0	0	0	0	0	0	0	0	0	0	0	0	0	0	0	0	
Tribit	0	0	0	0	0	0	0	0	0	0	0	1	0	0	0	0	0	0	0	0	0	0	0	0	0	0	0	0	0	0	0	0	0	0	0	0	0	0	0	0	0	
Trijac	0	0	0	0	0	0	0	0	0	0	0	1	0	0	0	0	0	0	0	0	0	0	0	0	0	0	0	0	0	0	0	0	0	0	0	0	0	0	0	0	0	
N73	1.5107e-37	5.03643e-31	3.72899e-25	8.5733e-23	3.20295e-17	1.27211e-16	1.3923e-12	8.82796e-09	3.01416e-09	3.06485e-08	0.000145168	0.0394435	0.000506216	5.88434e-07	5.17551e-08	3.1685e-05	0.00990721	0.919614	0.0298319	0.000517217	2.25444e-06	3.41208e-09	1.57461e-11	2.68563e-13	1.78783e-15	1.27343e-17	1.14788e-19	6.44673e-23	7.44938e-26	1.05819e-28	3.97406e-32	3.29757e-35	1.39099e-38	6.18743e-42	1.08738e-44	4.39631e-47	4.90432e-50	8.41247e-53	2.47145e-55	4.15561e-58	5.6899e-61	
Tricri	0	0	0	0	0	0	0	0	0	0	0	0	0	0	0	0	0	1	0	0	0	0	0	0	0	0	0	0	0	0	0	0	0	0	0	0	0	0	0	0	0	
N74	8.67322e-40	3.78182e-33	3.5728e-27	1.73827e-24	7.25259e-19	5.55757e-18	5.77203e-14	2.54358e-10	9.08388e-11	2.26972e-09	1.66138e-05	0.00725922	5.7507e-05	4.47002e-08	5.81024e-09	1.19703e-05	0.00948744	0.955387	0.0275981	0.000181232	3.82471e-07	3.68241e-10	1.39884e-12	1.01992e-13	2.60928e-15	2.6911e-17	6.21451e-19	3.35605e-22	6.5986e-25	5.86388e-28	1.46029e-31	1.43315e-34	4.92142e-38	1.58044e-41	5.77679e-44	1.00109e-45	4.16043e-48	9.80554e-51	6.00425e-53	2.81659e-55	6.32945e-58	
Triwie	0	0	0	0	0	0	0	0	0	0	0	0	0	0	0	0	0	1	0	0	0	0	0	0	0	0	0	0	0	0	0	0	0	0	0	0	0	0	0	0	0	
Triqua	0	0	0	0	0	0	0	0	0	0	0	0	0	0	0	0	0	1	0	0	0	0	0	0	0	0	0	0	0	0	0	0	0	0	0	0	0	0	0	0	0	
N75	1.23184e-34	9.58772e-29	1.60456e-23	1.26926e-20	4.4675e-16	1.70478e-14	3.27381e-11	4.29061e-08	2.16763e-07	5.19838e-06	0.0047528	0.412	0.0199982	0.000121294	3.76701e-06	0.00024578	0.0127328	0.50738	0.0381889	0.00449527	7.49795e-05	3.50388e-07	7.5237e-09	1.28006e-09	6.12449e-11	3.95205e-12	5.93016e-13	1.23453e-15	1.10506e-17	1.66582e-19	2.6904e-22	1.78961e-24	2.99511e-27	5.95653e-30	7.82504e-32	4.05461e-33	3.02783e-35	3.8718e-37	1.4661e-38	3.89557e-40	4.49913e-42	
N76	5.0472e-34	4.73888e-28	1.00241e-22	2.36379e-20	2.04887e-15	1.31051e-14	4.46922e-11	8.57116e-08	4.45556e-08	3.67187e-07	0.000429735	0.0370186	0.00118942	4.93195e-06	8.4294e-07	0.000222966	0.0326942	0.850819	0.0756141	0.00198572	1.95038e-05	9.45536e-08	1.25967e-09	4.99534e-11	9.64604e-13	1.44915e-14	1.99501e-16	4.65893e-19	1.4493e-21	3.94776e-24	4.70838e-27	8.84912e-30	1.28059e-32	2.06106e-35	1.10016e-37	1.08672e-39	4.54435e-42	2.24359e-44	1.4468e-46	5.47709e-49	2.25628e-51	
Kinboe	0	0	0	0	0	0	0	0	0	0	0	0	0	0	0	0	0	1	0	0	0	0	0	0	0	0	0	0	0	0	0	0	0	0	0	0	0	0	0	0	0	
Kinfis	0	0	0	0	0	0	0	0	0	0	0	0	0	0	0	0	0	1	0	0	0	0	0	0	0	0	0	0	0	0	0	0	0	0	0	0	0	0	0	0	0	
Kinxen	0	0	0	0	0	0	0	0	0	0	0	0	0	0	0	0	0	1	0	0	0	0	0	0	0	0	0	0	0	0	0	0	0	0	0	0	0	0	0	0	0	
N77	1.11306e-39	1.11609e-35	3.16188e-31	8.09014e-27	2.12543e-21	3.2411e-18	2.541e-14	7.74393e-11	4.74219e-09	1.53752e-06	0.00218368	0.94511	0.0524132	0.000278984	1.73855e-06	2.41445e-06	9.39196e-07	7.55076e-06	4.66334e-08	2.67567e-09	3.66234e-12	9.15102e-16	3.38214e-18	2.28464e-19	1.64369e-21	2.74196e-23	1.64274e-23	1.10219e-26	1.43769e-28	3.21721e-30	9.35859e-34	4.36878e-36	8.25151e-40	5.14231e-43	2.43689e-45	1.06511e-46	1.89644e-49	5.75129e-52	2.44349e-53	1.15756e-53	5.49825e-55	
N78	2.05057e-31	9.81086e-26	9.77031e-21	4.76967e-18	1.20478e-13	2.69792e-12	3.19467e-09	3.43299e-06	8.07424e-06	5.7517e-05	0.0175476	0.920388	0.0613111	0.000677387	6.3634e-06	6.23371e-07	5.13797e-08	2.32284e-09	9.13901e-12	3.69426e-14	8.05993e-17	1.01033e-19	3.82387e-22	1.11823e-23	2.00308e-25	2.83924e-27	4.54778e-29	7.40521e-32	2.17369e-34	6.94007e-37	7.6887e-40	1.53917e-42	1.92661e-45	2.09143e-48	1.19184e-50	2.01321e-52	1.37316e-54	1.02046e-56	1.20518e-58	7.96361e-61	4.89061e-63	
N79	1.22354e-35	7.90747e-29	9.97023e-23	1.39201e-20	8.64368e-15	1.05312e-14	1.00045e-10	1.03332e-06	1.21532e-07	4.41543e-07	0.00210885	0.987299	0.0105763	1.43554e-05	1.1431e-08	3.29614e-11	8.7207e-14	2.39434e-16	5.95196e-20	2.32007e-23	4.52954e-27	4.12624e-31	1.03801e-34	8.07178e-38	3.49068e-41	2.05591e-44	1.64277e-47	1.42089e-50	7.89183e-52	1.34611e-50	9.53581e-53	1.59106e-53	1.0294e-53	7.09356e-56	1.51358e-57	2.65175e-58	9.80926e-59	2.96144e-60	1.3862e-61	4.10682e-63	1.19909e-64	
N80	4.39956e-40	1.12874e-32	5.6742e-26	1.34105e-23	3.74554e-17	3.15907e-17	9.47893e-13	2.3572e-08	1.35933e-09	1.30004e-08	0.000368603	0.997793	0.00183837	4.46005e-07	6.23657e-11	1.72641e-13	3.11442e-16	9.98245e-19	5.07749e-23	8.49792e-27	3.68572e-31	6.44814e-36	6.27228e-40	5.12249e-43	1.32628e-46	5.00944e-50	4.29089e-53	2.36377e-56	5.49509e-58	2.39743e-56	4.01027e-59	4.23476e-60	2.28403e-60	5.25772e-63	7.69243e-65	1.86863e-65	1.22929e-65	1.92452e-67	8.12333e-69	2.33681e-70	2.98528e-72	
N81	7.1247e-40	5.92147e-33	9.7296e-27	5.84413e-24	4.65586e-18	3.1938e-17	5.09229e-13	5.12014e-09	1.76388e-09	5.06682e-08	0.000682747	0.997195	0.00212178	6.87487e-07	1.51805e-10	4.51185e-12	4.14358e-14	1.52252e-15	1.29179e-19	8.91176e-23	7.4189e-27	2.52219e-31	1.27769e-34	1.493e-36	2.28692e-39	5.82499e-42	7.48063e-44	2.63135e-48	8.54178e-52	5.54255e-55	1.89712e-59	6.1339e-63	2.49452e-67	2.4857e-71	2.54116e-74	1.92135e-76	8.39567e-80	5.85524e-83	1.94194e-85	6.87867e-88	4.07064e-91	
Chaafr	0	0	0	0	0	0	0	0	0	0	0	1	0	0	0	0	0	0	0	0	0	0	0	0	0	0	0	0	0	0	0	0	0	0	0	0	0	0	0	0	0	
Chacha	0	0	0	0	0	0	0	0	0	0	0	1	0	0	0	0	0	0	0	0	0	0	0	0	0	0	0	0	0	0	0	0	0	0	0	0	0	0	0	0	0	
N82	7.556e-40	6.89937e-33	1.26292e-26	5.93552e-24	5.37564e-18	2.17664e-17	3.75339e-13	5.46409e-09	2.39209e-09	5.14712e-08	0.000694306	0.997318	0.00198722	6.21238e-07	1.49738e-10	2.84343e-12	2.03373e-14	4.08211e-16	3.44028e-20	1.60117e-23	1.28451e-27	4.51015e-32	1.93184e-35	1.4005e-37	1.76063e-40	3.33375e-43	2.30311e-45	8.38691e-50	1.97599e-53	8.27673e-57	2.81952e-61	6.69567e-65	2.78014e-69	2.43951e-73	1.93665e-76	8.67539e-79	3.23496e-82	1.83633e-85	4.18184e-88	8.09761e-91	3.70098e-94	
Chacaly	0	0	0	0	0	0	0	0	0	0	0	1	0	0	0	0	0	0	0	0	0	0	0	0	0	0	0	0	0	0	0	0	0	0	0	0	0	0	0	0	0	
Chazey	0	0	0	0	0	0	0	0	0	0	0	1	0	0	0	0	0	0	0	0	0	0	0	0	0	0	0	0	0	0	0	0	0	0	0	0	0	0	0	0	0	
N83	3.29481e-35	7.02369e-29	2.82321e-23	1.68235e-20	2.23043e-15	3.7604e-14	1.70579e-10	4.21547e-07	6.42914e-08	9.95644e-07	0.00286301	0.986053	0.0110654	1.68432e-05	1.32522e-08	6.25359e-10	1.30177e-11	1.22328e-12	4.7391e-16	1.45391e-18	5.45537e-22	7.19816e-26	1.04889e-28	1.94905e-30	6.47476e-33	4.39855e-35	1.60292e-36	2.21873e-40	2.98747e-43	8.64692e-46	1.22066e-49	1.49602e-52	2.3873e-56	8.08368e-60	1.95902e-62	2.78935e-64	2.73072e-67	5.86463e-70	5.35332e-72	5.80896e-74	1.2605e-76	
Chadil	0	0	0	0	0	0	0	0	0	0	0	1	0	0	0	0	0	0	0	0	0	0	0	0	0	0	0	0	0	0	0	0	0	0	0	0	0	0	0	0	0	
Chasen	0	0	0	0	0	0	0	0	0	0	0	1	0	0	0	0	0	0	0	0	0	0	0	0	0	0	0	0	0	0	0	0	0	0	0	0	0	0	0	0	0	
Chanam	0	0	0	0	0	0	0	0	0	0	0	1	0	0	0	0	0	0	0	0	0	0	0	0	0	0	0	0	0	0	0	0	0	0	0	0	0	0	0	0	0	
N84	2.06789e-29	1.63723e-26	6.90097e-24	2.58566e-22	2.01072e-20	6.65222e-17	1.36207e-13	8.31275e-11	2.34089e-08	1.8405e-05	0.00536433	0.848351	0.0594556	0.000737599	1.40666e-05	0.000193219	0.000546261	0.0793896	0.00334839	0.00255432	2.72458e-05	4.93807e-08	2.49179e-09	3.58199e-09	3.21891e-10	9.29481e-11	2.20677e-09	1.6032e-11	4.1692e-12	1.99682e-12	6.38619e-15	6.20505e-16	1.16427e-18	1.35227e-20	1.23239e-21	1.69536e-21	4.51297e-23	2.37765e-24	7.14266e-25	9.92156e-25	4.98429e-26	
Riebrev	0	0	0	0	0	0	0	0	0	0	0	0	0	0	0	0	0	0	0	0	0	0	0	0	0	0	0	0	0	0	1	0	0	0	0	0	0	0	0	0	0	
N85	1.18672e-40	1.68112e-33	5.32152e-27	4.34972e-24	9.94912e-19	5.15196e-17	1.55003e-11	1.05214e-11	2.28475e-12	6.34834e-08	0.000548854	2.46197e-05	2.55753e-08	1.03201e-09	1.33145e-06	0.00218442	0.974045	0.0231475	4.77833e-05	5.53829e-08	3.20189e-11	9.15764e-15	4.33567e-18	3.75479e-21	2.02597e-24	1.03195e-27	4.63051e-31	6.04754e-35	9.44814e-39	1.43e-42	1.04575e-46	4.51248e-49	4.85152e-51	4.52674e-53	1.28616e-53	3.984e-51	7.47723e-53	1.82519e-54	5.19431e-56	1.04916e-57	1.05776e-57	
N86	2.01328e-52	1.1098e-43	1.01846e-35	5.44484e-32	2.43303e-25	6.12906e-23	1.91137e-16	4.28256e-17	1.47757e-17	1.3512e-11	2.67207e-06	1.83299e-08	9.25058e-13	1.91881e-14	2.89399e-09	0.000167543	0.997364	0.00246588	3.6902e-07	1.6573e-11	3.43136e-16	5.7576e-20	3.30191e-23	8.41469e-26	3.54778e-28	9.96451e-30	1.79426e-31	3.11627e-34	4.22675e-36	1.23428e-38	1.20363e-41	9.56257e-44	1.53115e-45	3.78841e-47	2.05614e-48	6.10802e-49	2.77554e-50	5.31345e-52	1.67778e-53	9.67325e-56	1.73813e-57	
N87	5.81038e-44	4.40549e-39	1.64795e-34	3.43151e-33	2.79228e-28	2.31792e-25	5.9186e-19	2.34021e-19	1.40092e-18	1.16563e-12	2.16958e-07	9.36034e-10	2.85081e-14	5.91257e-15	1.72572e-09	0.000135794	0.998343	0.00152056	1.46532e-07	3.79664e-12	4.47809e-17	1.79662e-19	6.14956e-22	3.17251e-23	3.32394e-25	1.5631e-28	9.04769e-33	4.38203e-38	6.12429e-42	3.60363e-47	6.95581e-53	3.87715e-53	7.42298e-54	4.11735e-55	5.69902e-55	1.91914e-51	5.74444e-52	1.64493e-53	8.73993e-55	1.87764e-57	1.44994e-57	
Braset	0	0	0	0	0	0	0	0	0	0	0	0	0	0	0	0	1	0	0	0	0	0	0	0	0	0	0	0	0	0	0	0	0	0	0	0	0	0	0	0	0	
N88	1.10443e-54	1.5301e-47	2.1213e-40	2.15103e-36	3.74784e-30	2.90257e-27	8.27806e-21	1.12076e-19	5.75596e-19	1.45087e-13	7.85032e-09	1.6832e-11	6.61564e-15	8.60582e-14	9.79265e-09	0.000308498	0.998597	0.00109399	1.5709e-07	7.33323e-12	2.5051e-16	3.07864e-18	1.67705e-20	4.46929e-22	3.18142e-24	1.8156e-27	8.23757e-32	9.12069e-37	8.65141e-41	1.13404e-45	6.25192e-51	5.95197e-55	2.30276e-57	1.59237e-60	1.42342e-63	8.2226e-66	1.00009e-68	1.99933e-72	6.4239e-76	6.4345e-81	7.78673e-85	
N89	1.6064e-59	7.55509e-51	7.74619e-43	4.96198e-39	2.95576e-32	1.21297e-29	1.15744e-22	5.4826e-23	7.01367e-23	6.32885e-17	1.02273e-11	4.91725e-14	6.20248e-16	3.17896e-15	1.16066e-09	0.000106188	0.999651	0.000243252	8.84376e-09	1.12604e-13	1.88979e-18	1.65682e-21	8.37739e-25	7.81532e-28	2.042e-31	1.1275e-35	9.2404e-41	2.35693e-46	1.70547e-51	4.29223e-57	5.56323e-63	7.46705e-68	1.00997e-71	3.65137e-76	1.32986e-80	1.00146e-84	1.44123e-89	7.08498e-95	2.93607e-100	5.30684e-107	1.51471e-113	
Bramel	0	0	0	0	0	0	0	0	0	0	0	0	0	0	0	0	1	0	0	0	0	0	0	0	0	0	0	0	0	0	0	0	0	0	0	0	0	0	0	0	0	
Bratha	0	0	0	0	0	0	0	0	0	0	0	0	0	0	0	0	1	0	0	0	0	0	0	0	0	0	0	0	0	0	0	0	0	0	0	0	0	0	0	0	0	
N90	6.59183e-57	9.41641e-49	3.01594e-41	2.57886e-37	5.29313e-31	2.86071e-28	8.3213e-22	2.59136e-21	6.17261e-21	1.51585e-15	7.25488e-11	2.24582e-13	1.41218e-14	1.09376e-13	1.18483e-08	0.000339225	0.998856	0.000804241	9.62369e-08	4.00819e-12	1.97851e-16	1.04282e-18	2.67764e-21	1.75423e-23	3.19762e-26	9.17983e-30	2.94871e-34	2.95631e-39	1.24461e-43	1.45144e-48	8.66744e-54	7.47892e-58	1.09848e-60	3.79485e-64	1.59526e-67	2.25604e-70	7.21154e-74	7.61618e-78	1.12738e-81	8.98549e-87	5.0663e-91	
Bradra	0	0	0	0	0	0	0	0	0	0	0	0	0	0	0	0	1	0	0	0	0	0	0	0	0	0	0	0	0	0	0	0	0	0	0	0	0	0	0	0	0	
Bratra	0	0	0	0	0	0	0	0	0	0	0	0	0	0	0	0	1	0	0	0	0	0	0	0	0	0	0	0	0	0	0	0	0	0	0	0	0	0	0	0	0	
N91	3.36887e-52	2.43458e-44	4.0663e-37	2.05451e-33	2.35379e-27	7.89669e-25	1.31338e-18	2.88799e-18	4.51043e-18	6.3345e-13	1.75143e-08	3.3605e-11	1.05964e-13	5.26077e-13	3.35268e-08	0.000568877	0.998054	0.00137658	2.82596e-07	2.02003e-11	1.66935e-15	6.69598e-18	1.76244e-20	8.38265e-23	1.15512e-25	3.6052e-29	1.94092e-33	3.34365e-38	1.6613e-42	3.16209e-47	3.1846e-52	3.05771e-56	3.39966e-59	1.26549e-62	5.45783e-66	5.61426e-69	1.40929e-72	1.68934e-76	2.54918e-80	3.49862e-85	2.33204e-89	
Bragut	0	0	0	0	0	0	0	0	0	0	0	0	0	0	0	0	1	0	0	0	0	0	0	0	0	0	0	0	0	0	0	0	0	0	0	0	0	0	0	0	0	
Braven	0	0	0	0	0	0	0	0	0	0	0	0	0	0	0	0	1	0	0	0	0	0	0	0	0	0	0	0	0	0	0	0	0	0	0	0	0	0	0	0	0	
N92	1.47377e-44	2.45595e-37	8.57941e-31	2.34654e-27	4.6214e-22	5.60174e-20	8.27177e-15	2.16826e-14	4.8545e-14	1.78009e-09	1.47275e-05	2.03665e-07	8.15083e-11	2.3665e-11	3.86048e-07	0.00190178	0.989913	0.00816239	7.98961e-06	2.50741e-09	4.92461e-13	2.70655e-15	2.11873e-17	3.45632e-19	1.5588e-21	1.69408e-24	5.87594e-28	4.36058e-32	1.09729e-35	9.40442e-40	3.48569e-44	6.4388e-48	1.1876e-50	1.39318e-53	2.17116e-56	9.05616e-59	8.55358e-62	4.14988e-65	2.7478e-68	2.58333e-72	9.66738e-76	
Brapum	0	0	0	0	0	0	0	0	0	0	0	0	0	0	0	0	1	0	0	0	0	0	0	0	0	0	0	0	0	0	0	0	0	0	0	0	0	0	0	0	0	
Bradam	0	0	0	0	0	0	0	0	0	0	0	0	0	0	0	0	1	0	0	0	0	0	0	0	0	0	0	0	0	0	0	0	0	0	0	0	0	0	0	0	0	
