NODE	1	2	3	4	5	6	7	8	9	10	11	12	13	14	15	16	17	18	19	20	21	22	23	24	25	26	27	28	29	30	31	32	33	34	35	36	37	38	39	40	41	
N1	6.24273e-30	8.02905e-27	2.73758e-24	1.88778e-21	1.32197e-19	1.07054e-20	8.41854e-19	2.74198e-16	2.26692e-14	3.27222e-14	2.81176e-15	7.95478e-17	1.18484e-17	3.22822e-16	4.37401e-14	2.50791e-12	3.95134e-11	1	5.71647e-11	8.96557e-12	5.49657e-13	1.66082e-14	2.86888e-16	3.132e-18	2.32103e-20	1.23123e-22	4.86994e-25	1.48328e-27	3.57066e-30	6.94062e-33	1.10903e-35	1.47901e-38	1.66767e-41	1.60782e-44	1.33845e-47	9.70375e-51	6.17378e-54	3.47037e-57	1.73397e-60	7.74311e-64	3.15065e-67	
N2	6.65173e-32	4.14786e-29	1.7612e-26	5.05043e-24	2.88325e-22	1.23458e-21	1.65415e-19	3.656e-17	7.24083e-15	3.6059e-13	3.01087e-12	1.01876e-11	2.71897e-11	1.33343e-09	7.13731e-07	0.000228518	0.0273569	0.751379	0.21088	0.0100067	0.000146518	8.99403e-07	2.77867e-09	5.74755e-12	6.71537e-14	7.63311e-14	3.16689e-15	2.08272e-15	5.65087e-17	2.10335e-17	4.01383e-19	8.63841e-20	1.21796e-21	1.48802e-22	1.48746e-24	9.17977e-26	4.55888e-29	3.2337e-31	8.47731e-35	5.28877e-37	3.01817e-39	
N3	1.34042e-37	3.77708e-33	2.32962e-29	3.74383e-25	5.12967e-22	2.66711e-22	5.09726e-19	3.54645e-15	8.3512e-12	5.21259e-11	1.20819e-11	9.23667e-13	7.01103e-14	2.50568e-11	5.65318e-08	5.20493e-05	0.0137599	0.530187	0.426732	0.0288731	0.000394533	1.7144e-06	3.09216e-09	3.29986e-12	6.25602e-15	2.03309e-16	8.91095e-19	1.73793e-20	4.4936e-23	4.56444e-25	7.52704e-28	4.17417e-30	4.40734e-33	1.34397e-35	7.85762e-39	1.25941e-41	1.78703e-45	1.20245e-48	9.25813e-53	4.02024e-56	6.6378e-60	
N4	3.09227e-37	3.91143e-33	1.96328e-29	1.34093e-25	1.05851e-22	6.7027e-22	6.9634e-19	9.82876e-16	3.34619e-13	1.19781e-12	2.90914e-13	1.26642e-13	2.43908e-13	1.09818e-10	1.60017e-07	0.00010057	0.0180809	0.507885	0.437636	0.0356691	0.000624495	3.57158e-06	8.55073e-09	1.01292e-11	7.16867e-15	2.30037e-16	3.56906e-18	9.3754e-19	9.02657e-21	1.25827e-21	7.53458e-24	5.8715e-25	1.99384e-27	9.19019e-29	1.26489e-31	3.70031e-33	7.66368e-37	1.06725e-38	1.01495e-42	5.44622e-45	1.22119e-48	
B3088	0	0	0	0	0	0	0	0	0	0	0	0	0	0	0	0	0	1	0	0	0	0	0	0	0	0	0	0	0	0	0	0	0	0	0	0	0	0	0	0	0	
N5	5.50783e-34	9.9543e-31	1.44694e-27	1.5542e-24	2.4113e-22	9.43359e-21	3.18872e-18	8.22604e-16	6.2059e-14	4.33491e-13	2.14195e-12	6.9293e-12	2.69416e-11	3.40336e-09	1.6508e-06	0.000395115	0.0315928	0.504116	0.421223	0.0416066	0.00105504	1.00597e-05	4.49229e-08	1.08328e-10	1.61889e-13	6.94394e-15	2.42498e-16	1.34024e-16	3.19241e-18	1.01622e-18	1.64777e-20	3.11756e-21	3.15614e-23	3.68661e-24	1.71197e-26	1.30893e-27	1.11715e-30	4.6575e-32	1.72194e-35	2.92295e-37	2.37445e-40	
N6	1.05223e-42	8.9563e-42	7.9361e-41	6.59762e-40	5.1212e-39	3.69361e-38	2.46143e-37	1.53564e-21	6.59494e-14	3.18731e-19	1.89816e-34	7.51845e-34	2.58105e-33	7.51703e-33	1.80565e-32	4.65426e-14	5.14659e-07	0.999997	2.46075e-06	9.77018e-13	3.79709e-33	8.17736e-34	1.39338e-34	2.18123e-35	4.91401e-36	1.04719e-35	1.09509e-35	3.69752e-35	3.94558e-35	1.14418e-34	1.19889e-34	2.90429e-34	2.83278e-34	5.50151e-34	4.43983e-34	6.52902e-34	3.57258e-34	4.04287e-34	1.54395e-34	1.49429e-34	7.97915e-35	
BGA709	0	0	0	0	0	0	0	0	0	0	0	0	0	0	0	0	0	1	0	0	0	0	0	0	0	0	0	0	0	0	0	0	0	0	0	0	0	0	0	0	0	
BGA710	0	0	0	0	0	0	0	0	0	0	0	0	0	0	0	0	0	1	0	0	0	0	0	0	0	0	0	0	0	0	0	0	0	0	0	0	0	0	0	0	0	
BGA309	0	0	0	0	0	0	0	0	0	0	0	0	0	0	0	0	0	1	0	0	0	0	0	0	0	0	0	0	0	0	0	0	0	0	0	0	0	0	0	0	0	
N7	2.63589e-37	4.88234e-33	2.0276e-29	1.9279e-25	4.41386e-23	4.0293e-23	1.06557e-19	3.35156e-16	4.73539e-13	7.15668e-13	1.77167e-13	2.02091e-14	3.01846e-15	2.78432e-12	1.03083e-08	1.63264e-05	0.00799121	0.623719	0.355886	0.0123029	8.46516e-05	1.90504e-07	1.83619e-10	9.02903e-14	2.87944e-17	1.89373e-19	6.24368e-22	1.48295e-23	3.14204e-26	4.07907e-28	5.80032e-31	4.24545e-33	4.01282e-36	1.66301e-38	8.73264e-42	2.06297e-44	3.0477e-48	3.97793e-51	2.53406e-55	1.58583e-58	1.49239e-62	
N8	2.13474e-34	7.96012e-31	1.54197e-27	4.01767e-24	4.20205e-22	5.2166e-21	9.97077e-18	1.66518e-14	9.88875e-12	2.25756e-11	1.32355e-11	3.84746e-12	1.56328e-12	4.3892e-10	4.51484e-07	0.000207246	0.0305271	0.747599	0.214138	0.00745688	7.13981e-05	2.72514e-07	5.10605e-10	5.49186e-13	5.09997e-16	1.31531e-17	9.76288e-20	4.24903e-21	2.1453e-23	5.45466e-25	1.97242e-27	2.99367e-29	7.87109e-32	7.03492e-34	1.19295e-36	5.82299e-39	2.91938e-42	7.82648e-45	1.77376e-48	2.3518e-51	8.13853e-55	
N9	4.39344e-46	4.3315e-45	4.29245e-44	4.0259e-43	3.75393e-42	3.69679e-41	3.93012e-40	6.21442e-24	4.29156e-16	4.80102e-21	3.95368e-36	3.03007e-35	1.98826e-34	1.0874e-33	4.77549e-33	3.03574e-14	4.55264e-07	0.999997	2.35269e-06	6.9757e-13	1.09411e-33	1.27813e-34	1.14835e-35	8.77226e-37	9.71801e-38	3.5536e-37	3.67199e-37	2.37295e-36	2.47157e-36	1.3378e-35	1.3718e-35	6.01717e-35	5.70293e-35	1.93503e-34	1.40121e-34	3.45776e-34	9.85901e-35	1.61352e-34	2.91557e-35	3.32411e-35	1.14862e-35	
B11696	0	0	0	0	0	0	0	0	0	0	0	0	0	0	0	0	0	1	0	0	0	0	0	0	0	0	0	0	0	0	0	0	0	0	0	0	0	0	0	0	0	
B11697	0	0	0	0	0	0	0	0	0	0	0	0	0	0	0	0	0	1	0	0	0	0	0	0	0	0	0	0	0	0	0	0	0	0	0	0	0	0	0	0	0	
N10	2.31372e-43	6.07125e-38	5.69241e-34	8.47725e-29	5.69966e-27	8.38699e-28	8.76446e-23	8.30279e-18	3.5064e-13	7.54772e-15	6.07173e-17	2.41009e-19	1.42554e-21	3.24524e-17	2.39348e-12	7.49297e-08	0.00071912	0.995248	0.00403057	1.96452e-06	2.62999e-10	1.39309e-14	3.5728e-19	5.22029e-24	7.20515e-29	2.73965e-32	2.36961e-36	1.0858e-39	5.71143e-44	1.34293e-47	4.29586e-52	5.07174e-56	9.17744e-61	5.1131e-65	4.12177e-70	9.7611e-75	1.64465e-80	1.31946e-85	6.2893e-92	1.28417e-97	3.22275e-104	
B11609	0	0	0	0	0	0	0	0	0	0	0	0	0	0	0	0	0	1	0	0	0	0	0	0	0	0	0	0	0	0	0	0	0	0	0	0	0	0	0	0	0	
BGA392	0	0	0	0	0	0	0	0	0	0	0	0	0	0	0	0	0	1	0	0	0	0	0	0	0	0	0	0	0	0	0	0	0	0	0	0	0	0	0	0	0	
N11	2.48499e-44	3.574e-39	4.67927e-35	3.65265e-30	4.51132e-27	1.92296e-27	2.59738e-23	5.00428e-19	2.53834e-15	1.09306e-15	6.80199e-17	4.6614e-18	9.16246e-19	1.02204e-14	2.05019e-10	1.56553e-06	0.00308697	0.677698	0.313705	0.00549462	1.4078e-05	9.70985e-09	2.50683e-12	2.96725e-16	1.87903e-20	1.86938e-23	2.44994e-26	5.43006e-28	4.22828e-31	1.41164e-32	1.59436e-32	2.20015e-32	9.09413e-34	5.36012e-34	1.01963e-35	4.45246e-36	1.77487e-38	4.82152e-39	8.77794e-42	1.07648e-42	4.77553e-45	
N12	2.46738e-37	2.90732e-34	9.37272e-32	6.76261e-29	1.28767e-27	2.59679e-28	2.64281e-24	3.05835e-20	7.08437e-17	2.90778e-17	2.41424e-18	9.39804e-19	1.57247e-18	1.34309e-14	2.47993e-10	1.76609e-06	0.00330134	0.6929	0.299061	0.00472473	1.10316e-05	7.10178e-09	1.75222e-12	2.02288e-16	1.25014e-20	1.37942e-23	5.19463e-26	1.05649e-26	2.53865e-29	2.74718e-30	4.0384e-33	2.48871e-34	1.92354e-37	7.31973e-39	1.88052e-42	4.87509e-44	1.0317e-48	1.37886e-50	1.08266e-55	4.04327e-58	1.06856e-62	
N13	1.45256e-40	1.1469e-36	4.93219e-33	2.77999e-29	7.90894e-27	2.64109e-25	1.05404e-21	3.75825e-18	4.70964e-15	3.39992e-14	5.8378e-14	4.87404e-14	5.88159e-14	3.46901e-11	6.91078e-08	6.10823e-05	0.0169365	0.733269	0.243761	0.00593718	3.53846e-05	7.97331e-08	8.5461e-11	5.03912e-14	2.03579e-17	6.41767e-19	6.07139e-21	8.37075e-22	5.32155e-24	4.2266e-25	1.91631e-27	8.93031e-29	2.96245e-31	7.97752e-33	1.69971e-35	2.52765e-37	6.74586e-41	5.003e-43	5.43388e-47	1.20559e-49	2.69426e-53	
N14	2.89345e-46	4.33089e-45	6.47959e-44	9.09042e-43	1.19015e-41	1.44657e-40	1.62264e-39	3.10775e-23	1.65468e-15	1.80922e-20	9.82743e-36	6.45069e-35	3.64115e-34	1.7228e-33	6.59309e-33	4.77902e-14	5.62415e-07	0.999997	2.73963e-06	9.76744e-13	1.27117e-33	1.61763e-34	1.60041e-35	1.40151e-36	2.06858e-37	7.76353e-37	8.07816e-37	4.48427e-36	4.71393e-36	2.20625e-35	2.30898e-35	8.81719e-35	8.78813e-35	2.59349e-34	2.08906e-34	4.28704e-34	1.46662e-34	2.0149e-34	4.28984e-35	4.22411e-35	1.66073e-35	
B985	0	0	0	0	0	0	0	0	0	0	0	0	0	0	0	0	0	1	0	0	0	0	0	0	0	0	0	0	0	0	0	0	0	0	0	0	0	0	0	0	0	
B983	0	0	0	0	0	0	0	0	0	0	0	0	0	0	0	0	0	1	0	0	0	0	0	0	0	0	0	0	0	0	0	0	0	0	0	0	0	0	0	0	0	
N15	1.88125e-39	6.37069e-35	5.05335e-31	9.99718e-27	1.40311e-24	5.4708e-24	5.95709e-20	5.11711e-16	1.62595e-12	7.09938e-13	9.57897e-14	6.4303e-15	6.32022e-16	9.91667e-13	5.3499e-09	1.24093e-05	0.00888599	0.933186	0.0575277	0.000387366	6.9818e-07	4.96268e-10	1.72205e-13	3.43527e-17	6.45125e-21	4.31003e-23	6.46094e-26	6.0671e-28	6.13229e-31	3.33647e-33	2.38806e-36	7.68359e-39	3.87985e-42	7.30705e-45	2.23542e-48	2.36468e-51	1.95369e-55	1.09157e-58	4.39739e-63	7.46832e-66	8.2396e-67	
N16	1.39857e-49	3.11884e-48	6.34516e-47	1.11226e-45	1.63904e-44	1.96497e-43	1.83794e-42	1.17521e-26	6.04559e-19	6.04398e-24	1.67413e-38	2.93524e-37	4.4079e-36	5.48375e-35	5.4235e-34	4.78917e-15	1.92634e-07	0.999999	1.03953e-06	1.14361e-13	1.27614e-34	6.5393e-36	2.55292e-37	8.17987e-39	3.8884e-40	3.14768e-39	3.20402e-39	4.77007e-38	4.86847e-38	6.01335e-37	6.08223e-37	6.00905e-36	5.68754e-36	4.29511e-35	2.9656e-35	1.65072e-34	1.62832e-35	3.96261e-35	2.7005e-36	3.54127e-36	8.51707e-37	
B199	0	0	0	0	0	0	0	0	0	0	0	0	0	0	0	0	0	1	0	0	0	0	0	0	0	0	0	0	0	0	0	0	0	0	0	0	0	0	0	0	0	
BGAA3	0	0	0	0	0	0	0	0	0	0	0	0	0	0	0	0	0	1	0	0	0	0	0	0	0	0	0	0	0	0	0	0	0	0	0	0	0	0	0	0	0	
N17	1.39008e-49	3.10316e-48	6.31968e-47	1.10891e-45	1.63575e-44	1.96294e-43	1.83763e-42	2.35634e-26	8.5385e-19	1.20626e-23	1.66698e-38	2.92502e-37	4.39613e-36	5.47348e-35	5.41754e-34	9.59717e-15	2.72566e-07	0.999998	1.47211e-06	2.29471e-13	1.27684e-34	6.53956e-36	2.55155e-37	8.16985e-39	3.87674e-40	3.13655e-39	3.19263e-39	4.75705e-38	4.85506e-38	6.00163e-37	6.07004e-37	6.00179e-36	5.67967e-36	4.29274e-35	2.96244e-35	1.65066e-34	1.62699e-35	3.96431e-35	2.69933e-36	3.54235e-36	8.51055e-37	
B11604	0	0	0	0	0	0	0	0	0	0	0	0	0	0	0	0	0	1	0	0	0	0	0	0	0	0	0	0	0	0	0	0	0	0	0	0	0	0	0	0	0	
BGA583	0	0	0	0	0	0	0	0	0	0	0	0	0	0	0	0	0	1	0	0	0	0	0	0	0	0	0	0	0	0	0	0	0	0	0	0	0	0	0	0	0	
N18	2.6335e-41	9.73084e-37	8.69715e-33	1.85654e-28	5.81382e-26	2.75026e-25	2.75247e-21	2.54753e-17	8.33663e-14	1.0847e-13	3.05139e-14	4.17966e-15	1.36327e-15	2.70139e-12	1.14539e-08	2.04801e-05	0.0108893	0.816267	0.170252	0.00256316	8.80202e-06	1.08668e-08	6.15016e-12	1.87483e-15	4.31101e-19	4.95193e-21	1.45059e-23	3.72368e-25	7.09842e-28	1.02218e-29	1.35321e-32	1.12046e-34	1.06259e-37	4.9915e-40	3.04945e-43	7.51495e-46	8.99461e-50	1.13581e-52	5.46936e-57	2.53047e-60	2.05599e-64	
N19	9.10019e-48	1.46906e-46	2.52251e-45	4.24744e-44	6.85996e-43	1.04379e-41	1.47584e-40	4.42341e-22	2.6381e-15	4.11936e-19	2.28417e-36	1.89314e-35	1.34719e-34	8.01567e-34	3.84055e-33	4.27886e-12	5.43153e-06	0.999968	2.64594e-05	8.6826e-11	7.31179e-34	7.40496e-35	5.8098e-36	3.95937e-37	4.6557e-38	2.18828e-37	2.26408e-37	1.58673e-36	1.65533e-36	9.73895e-36	1.01525e-35	4.84335e-35	4.86621e-35	1.77774e-34	1.45501e-34	3.61616e-34	9.38886e-35	1.40909e-34	2.30286e-35	2.32077e-35	8.17621e-36	
BGA89	0	0	0	0	0	0	0	0	0	0	0	0	0	0	0	0	0	1	0	0	0	0	0	0	0	0	0	0	0	0	0	0	0	0	0	0	0	0	0	0	0	
BGA40	0	0	0	0	0	0	0	0	0	0	0	0	0	0	0	0	0	1	0	0	0	0	0	0	0	0	0	0	0	0	0	0	0	0	0	0	0	0	0	0	0	
N20	1.84096e-40	3.9504e-36	3.0473e-32	3.11424e-28	6.32912e-26	8.35025e-25	3.08325e-21	7.59341e-18	5.20333e-15	5.17662e-15	3.16459e-15	1.6967e-15	1.39611e-15	1.92407e-12	9.23605e-09	1.85898e-05	0.0109499	0.86102	0.126613	0.00139471	3.60148e-06	3.40854e-09	1.50044e-12	3.56866e-16	5.5829e-20	8.61936e-22	3.92153e-24	3.36659e-25	1.02379e-27	5.02118e-29	1.0422e-31	3.0145e-33	3.93688e-36	6.95871e-38	4.07473e-41	4.69006e-43	3.51146e-47	1.90763e-49	6.6275e-54	1.21268e-56	1.03498e-60	
N21	1.58868e-49	3.51601e-48	7.9859e-47	1.74846e-45	3.62907e-44	7.04728e-43	1.26685e-41	4.21544e-25	3.4546e-17	6.29181e-22	5.03689e-37	5.26554e-36	4.71636e-35	3.52231e-34	2.10983e-33	2.55475e-14	4.3111e-07	0.999997	2.19004e-06	5.47364e-13	4.26014e-34	3.45619e-35	2.16022e-36	1.14862e-37	1.03504e-38	5.90514e-38	6.07517e-38	5.36945e-37	5.55932e-37	4.10823e-36	4.24655e-36	2.53065e-35	2.51379e-35	1.14178e-34	9.09464e-35	2.84991e-34	5.60311e-35	9.71004e-35	1.21595e-35	1.29326e-35	4.00908e-36	
BGAA2	0	0	0	0	0	0	0	0	0	0	0	0	0	0	0	0	0	1	0	0	0	0	0	0	0	0	0	0	0	0	0	0	0	0	0	0	0	0	0	0	0	
BGAA1	0	0	0	0	0	0	0	0	0	0	0	0	0	0	0	0	0	1	0	0	0	0	0	0	0	0	0	0	0	0	0	0	0	0	0	0	0	0	0	0	0	
N22	2.43579e-50	6.61215e-44	1.68341e-39	2.86847e-33	4.61719e-31	3.20859e-32	3.15006e-26	2.25821e-20	6.46947e-15	3.83339e-17	8.68261e-20	9.40678e-23	1.44621e-25	2.25898e-20	1.07175e-14	2.09575e-09	0.000124104	0.999213	0.000662989	4.84428e-08	9.62184e-13	7.38518e-18	2.61184e-23	4.89908e-29	9.38877e-35	8.01548e-39	7.59062e-44	3.66373e-48	9.25822e-54	5.22631e-59	3.81042e-36	2.39476e-35	2.36904e-35	1.13449e-34	8.93894e-35	2.97574e-34	5.59789e-35	1.03276e-34	1.22678e-35	1.33946e-35	3.93911e-36	
BGA584	0	0	0	0	0	0	0	0	0	0	0	0	0	0	0	0	0	1	0	0	0	0	0	0	0	0	0	0	0	0	0	0	0	0	0	0	0	0	0	0	0	
BGA706	0	0	0	0	0	0	0	0	0	0	0	0	0	0	0	0	0	1	0	0	0	0	0	0	0	0	0	0	0	0	0	0	0	0	0	0	0	0	0	0	0	
N23	9.01039e-37	7.42797e-33	2.91083e-29	1.4593e-25	2.33927e-23	3.70847e-22	9.98883e-19	2.25709e-15	1.79569e-12	4.46484e-12	2.89202e-12	9.30437e-13	4.18894e-13	1.5748e-10	2.16746e-07	0.000132037	0.0254424	0.778125	0.19126	0.00500569	3.50514e-05	9.70833e-08	1.31707e-10	1.02152e-13	6.97179e-17	2.00148e-18	1.3336e-20	6.34288e-22	2.86371e-24	7.94034e-26	2.57556e-28	4.2491e-30	1.01791e-32	9.82564e-35	1.56326e-37	8.01844e-40	2.99874e-43	8.05825e-46	1.31768e-49	1.52413e-52	4.18978e-56	
N24	2.42952e-50	1.77478e-43	2.52678e-39	7.93792e-33	6.82456e-31	7.82787e-33	1.92058e-26	2.94487e-20	1.89977e-14	2.97337e-17	1.81921e-20	4.20557e-24	9.85696e-28	6.21626e-22	8.45126e-16	3.75346e-10	5.13669e-05	0.999673	0.000275706	9.0029e-09	8.15127e-14	2.25774e-19	2.05169e-25	5.45266e-32	4.72669e-38	1.92768e-37	1.98744e-37	1.44817e-36	1.50366e-36	9.15896e-36	9.38519e-36	4.61957e-35	4.39423e-35	1.66687e-34	1.20561e-34	3.3157e-34	8.36957e-35	1.47381e-34	2.31818e-35	2.67454e-35	8.50719e-36	
BGA304	0	0	0	0	0	0	0	0	0	0	0	0	0	0	0	0	0	1	0	0	0	0	0	0	0	0	0	0	0	0	0	0	0	0	0	0	0	0	0	0	0	
BGA303	0	0	0	0	0	0	0	0	0	0	0	0	0	0	0	0	0	1	0	0	0	0	0	0	0	0	0	0	0	0	0	0	0	0	0	0	0	0	0	0	0	
N25	4.66163e-47	5.2923e-46	6.15613e-45	7.05514e-44	8.33812e-43	1.0414e-41	1.34495e-40	1.33052e-24	1.39902e-16	1.27287e-21	2.13147e-36	1.7978e-35	1.29767e-34	7.80179e-34	3.76159e-33	1.41837e-14	3.14563e-07	0.999998	1.6503e-06	3.28145e-13	8.55492e-34	8.96336e-35	7.21371e-36	4.92294e-37	5.02648e-38	2.07571e-37	2.14213e-37	1.5237e-36	1.58371e-36	9.42224e-36	9.6718e-36	4.65251e-35	4.44229e-35	1.64635e-34	1.2016e-34	3.21486e-34	8.26422e-35	1.41342e-34	2.27564e-35	2.58153e-35	8.40443e-36	
BGAB1	0	0	0	0	0	0	0	0	0	0	0	0	0	0	0	0	0	1	0	0	0	0	0	0	0	0	0	0	0	0	0	0	0	0	0	0	0	0	0	0	0	
BGA7	0	0	0	0	0	0	0	0	0	0	0	0	0	0	0	0	0	1	0	0	0	0	0	0	0	0	0	0	0	0	0	0	0	0	0	0	0	0	0	0	0	
N26	3.08111e-39	1.47684e-38	7.88104e-38	1.46774e-28	5.10178e-27	8.13037e-36	1.61832e-23	5.05844e-17	6.5537e-11	3.95198e-15	9.62648e-20	8.78592e-33	1.88606e-32	3.47431e-32	3.49782e-17	3.6874e-11	1.39451e-05	0.999943	4.32588e-05	3.53269e-10	1.02872e-15	1.05527e-33	2.5096e-34	1.00921e-34	6.93537e-35	1.52374e-34	1.64273e-34	3.54545e-34	3.81703e-34	7.21271e-34	7.50212e-34	1.20759e-33	1.13962e-33	1.49233e-33	1.1483e-33	1.16385e-33	6.5741e-34	5.46502e-34	2.591e-34	2.30493e-34	1.71172e-34	
PGA445	0	0	0	0	0	0	0	0	0	0	0	0	0	0	0	0	0	1	0	0	0	0	0	0	0	0	0	0	0	0	0	0	0	0	0	0	0	0	0	0	0	
PGA363	0	0	0	0	0	0	0	0	0	0	0	0	0	0	0	0	0	1	0	0	0	0	0	0	0	0	0	0	0	0	0	0	0	0	0	0	0	0	0	0	0	
N27	4.27e-37	2.00159e-32	1.15223e-28	5.04484e-25	3.49226e-23	4.81549e-22	4.95471e-19	3.5386e-15	2.12534e-11	1.78039e-10	3.55043e-10	2.14908e-10	1.72214e-08	7.65308e-06	0.00123342	0.0621807	0.611595	0.324276	0.000707354	2.71084e-07	3.54986e-11	2.11976e-15	6.78832e-20	1.58249e-24	2.02166e-28	1.7217e-30	6.73502e-34	3.37954e-36	8.68595e-40	2.44648e-42	4.33445e-46	6.88125e-49	1.16006e-49	4.9234e-49	8.01568e-51	7.47693e-52	2.07121e-54	2.5326e-55	2.06175e-57	1.64924e-56	2.63881e-55	
N28	9.07678e-32	2.55212e-28	7.76142e-25	9.98255e-22	1.27338e-18	2.26282e-16	1.64557e-14	7.73867e-12	5.34687e-09	1.65486e-06	0.000158058	0.00462986	0.0480893	0.200808	0.362232	0.285181	0.0903879	0.00848226	2.95488e-05	3.80587e-08	2.46848e-11	9.30043e-15	2.2196e-18	4.98193e-22	1.08339e-24	1.44151e-25	7.5047e-28	6.31599e-29	2.4356e-31	2.12175e-32	4.70816e-33	1.90127e-32	9.2223e-33	6.90026e-32	1.80611e-32	4.25317e-32	4.24756e-34	7.25489e-35	2.88951e-37	2.71997e-38	1.72908e-39	
Rhaspe	0	0	0	0	0	0	0	0	0	1	0	0	0	0	0	0	0	0	0	0	0	0	0	0	0	0	0	0	0	0	0	0	0	0	0	0	0	0	0	0	0	
N29	8.14772e-29	1.02112e-25	1.57377e-22	1.54308e-19	9.49619e-17	1.72682e-14	1.80199e-12	3.78957e-10	9.82125e-08	1.32274e-05	0.000669167	0.0121011	0.0860505	0.262409	0.359365	0.219921	0.05519	0.00425855	2.32774e-05	5.14422e-08	6.12962e-11	4.66386e-14	6.33488e-17	3.96431e-17	5.58974e-19	3.80845e-19	3.057e-21	1.54832e-21	6.98293e-24	2.70735e-24	6.61482e-27	1.98908e-27	2.42528e-30	5.56305e-31	2.83641e-34	4.3607e-35	7.23139e-39	1.71643e-40	2.08971e-44	2.64234e-46	2.56034e-48	
Rhamar	0	0	0	0	0	0	0	0	0	1	0	0	0	0	0	0	0	0	0	0	0	0	0	0	0	0	0	0	0	0	0	0	0	0	0	0	0	0	0	0	0	
Rhatem	0	0	0	0	0	0	0	0	0	0	1	0	0	0	0	0	0	0	0	0	0	0	0	0	0	0	0	0	0	0	0	0	0	0	0	0	0	0	0	0	0	
N30	8.86248e-44	3.08477e-38	9.63085e-34	2.24277e-28	4.14653e-27	4.5492e-25	6.97076e-20	4.82536e-15	4.66233e-12	1.48055e-12	1.60674e-13	1.1453e-13	2.36912e-11	1.18754e-07	0.000174092	0.0393947	0.615372	0.343438	0.00162093	7.98277e-07	9.63352e-11	6.28969e-14	8.60414e-17	3.46074e-18	1.31502e-21	2.36214e-23	2.71986e-27	2.73063e-29	3.7728e-31	2.38556e-30	1.48823e-32	1.2658e-32	2.31696e-35	1.32859e-35	1.29033e-38	4.39568e-39	2.20674e-42	1.01609e-43	3.65217e-47	1.53924e-48	4.33196e-49	
N31	2.10225e-38	1.49199e-33	1.68288e-29	2.58874e-25	4.19041e-22	3.94936e-21	1.59237e-17	2.58497e-14	7.33264e-12	1.49767e-10	4.28462e-10	4.96416e-10	1.31462e-09	1.11895e-06	0.000414525	0.0362786	0.511575	0.435516	0.0161359	7.8547e-05	9.83885e-08	4.57585e-11	1.13155e-14	6.74015e-17	1.59104e-19	2.51559e-21	3.20458e-24	2.37202e-26	1.79356e-29	6.60664e-32	2.90689e-35	5.42011e-38	9.7951e-42	2.76383e-43	1.53633e-45	7.36039e-47	1.56389e-49	2.98587e-51	4.12531e-54	1.62442e-55	2.35914e-55	
N32	6.99771e-31	2.99851e-27	9.52175e-24	2.26791e-21	1.36195e-18	6.68411e-16	4.35664e-14	3.39022e-13	5.31154e-12	4.55935e-10	3.73426e-08	1.96679e-06	0.000125243	0.00507068	0.07145	0.339399	0.464192	0.11709	0.0026561	1.49409e-05	3.32883e-08	3.67973e-11	2.30819e-14	9.85114e-18	1.20172e-20	1.53885e-21	1.17713e-23	1.09555e-24	6.02264e-27	3.34606e-28	1.34761e-30	4.44249e-32	1.17579e-34	2.2778e-36	2.05416e-39	2.59411e-41	4.7913e-45	2.31656e-47	2.4455e-51	4.95268e-54	1.91837e-57	
N33	1.08956e-38	6.09465e-38	3.65543e-37	2.02729e-36	1.0318e-35	4.78612e-35	2.00697e-34	3.43535e-18	8.45484e-17	7.28595e-33	1.82215e-32	3.84708e-32	6.70207e-32	9.37505e-32	6.16338e-13	1.83242e-06	0.999995	3.45893e-06	2.21349e-12	1.63808e-33	3.44329e-34	1.60043e-34	1.25518e-34	2.97808e-34	3.05167e-34	6.50913e-34	6.19845e-34	1.11611e-33	9.33503e-34	1.4051e-33	9.73521e-34	1.21872e-33	6.61178e-34	6.86574e-34	2.80095e-34	2.43433e-34	7.59461e-35	6.1028e-35	2.34826e-35	3.67689e-35	6.39182e-35	
FGA379	0	0	0	0	0	0	0	0	0	0	0	0	0	0	0	0	1	0	0	0	0	0	0	0	0	0	0	0	0	0	0	0	0	0	0	0	0	0	0	0	0	
F647	0	0	0	0	0	0	0	0	0	0	0	0	0	0	0	0	1	0	0	0	0	0	0	0	0	0	0	0	0	0	0	0	0	0	0	0	0	0	0	0	0	
N34	8.90449e-30	2.96197e-26	7.90908e-23	8.3083e-21	1.60234e-17	1.63275e-14	2.34567e-13	4.86539e-13	2.08968e-11	3.41044e-08	2.89426e-05	0.0070235	0.138788	0.415308	0.335231	0.0938565	0.00947359	0.000288488	1.56595e-06	2.9313e-09	2.59031e-12	1.27489e-15	3.8729e-19	9.01552e-23	6.35899e-26	2.29556e-27	7.14061e-30	1.94694e-31	4.51137e-34	7.77377e-36	1.29264e-38	1.41661e-40	1.44544e-43	1.03005e-45	4.3377e-49	2.06645e-51	2.50133e-55	5.95828e-58	8.78183e-62	5.80265e-64	8.86817e-67	
N35	1.75605e-31	6.62311e-27	1.74064e-22	7.7182e-21	8.52791e-17	7.60913e-13	3.57993e-12	1.55291e-12	1.89308e-10	7.93825e-08	0.000123615	0.0593517	0.468463	0.421887	0.0487981	0.00136593	1.11635e-05	2.62334e-08	1.68851e-11	4.43703e-15	5.89071e-19	6.06578e-23	2.18511e-26	1.8128e-28	1.2287e-31	6.45467e-34	2.32302e-37	1.03603e-38	9.42697e-40	2.68263e-37	1.22134e-36	4.46686e-37	5.45551e-39	1.88919e-39	1.24899e-39	2.94542e-38	1.91532e-39	1.99436e-40	5.92145e-43	3.98446e-44	3.82906e-45	
N36	1.93502e-34	2.68155e-29	2.13765e-24	1.77639e-22	6.28567e-18	3.48123e-14	2.24863e-14	1.54074e-14	1.93738e-11	2.00138e-07	0.000692914	0.19949	0.646006	0.149537	0.00424933	2.42388e-05	3.44689e-08	1.30512e-11	1.4752e-15	6.96761e-20	1.6641e-24	1.983e-28	9.18498e-32	8.59364e-31	9.23713e-31	2.92525e-30	6.16536e-32	1.08973e-31	6.54218e-34	9.0804e-34	2.3147e-36	2.31752e-36	3.18534e-39	1.98161e-39	1.77033e-42	5.49247e-43	3.7441e-46	5.02657e-47	2.90376e-50	3.83094e-51	3.83741e-51	
N37	1.80946e-39	1.60081e-38	1.42497e-37	1.15171e-36	1.07731e-20	5.14159e-19	3.04359e-34	1.47376e-33	1.01987e-14	2.29344e-07	0.999992	7.78849e-06	9.73362e-12	6.43748e-32	2.16985e-32	4.70313e-33	7.34539e-34	1.06346e-34	2.83831e-35	8.06764e-35	8.38389e-35	2.74511e-34	2.67734e-34	6.7954e-34	5.2323e-34	9.7885e-34	4.22041e-34	5.7993e-34	1.52393e-34	1.47488e-34	2.77414e-35	2.32106e-35	3.31155e-36	2.72465e-36	3.16149e-37	3.04187e-37	8.28448e-38	3.39899e-37	1.36083e-36	5.5791e-36	1.8144e-35	
F3016	0	0	0	0	0	0	0	0	0	0	1	0	0	0	0	0	0	0	0	0	0	0	0	0	0	0	0	0	0	0	0	0	0	0	0	0	0	0	0	0	0	
F3015	0	0	0	0	0	0	0	0	0	0	1	0	0	0	0	0	0	0	0	0	0	0	0	0	0	0	0	0	0	0	0	0	0	0	0	0	0	0	0	0	0	
N38	1.48956e-32	9.93318e-30	6.98884e-26	8.69888e-24	2.33069e-19	1.24549e-15	4.79234e-15	2.70384e-14	2.11868e-11	2.96004e-07	0.00100042	0.269508	0.651343	0.0772429	0.000903125	1.78925e-06	8.24318e-10	1.12195e-13	5.91762e-18	4.06542e-22	3.0748e-25	1.68253e-26	6.21793e-30	2.06e-31	2.35995e-35	5.08757e-37	1.75467e-41	3.5827e-43	5.13516e-46	2.61285e-43	7.71484e-44	6.07701e-44	3.51647e-47	1.03917e-47	2.34526e-50	6.69448e-49	2.43078e-50	2.83147e-51	6.71035e-54	1.71582e-53	3.64907e-53	
N39	9.18238e-36	9.86059e-31	7.20984e-26	1.21334e-23	5.32713e-19	1.27639e-14	1.1705e-13	9.39913e-14	1.41644e-11	1.19849e-07	0.000511272	0.323559	0.634219	0.0414975	0.000212861	1.83332e-07	4.49104e-11	4.40441e-15	3.67913e-19	1.51635e-20	2.33321e-23	1.01375e-24	4.03853e-28	1.01135e-29	9.53131e-34	1.43943e-35	3.57774e-40	2.90528e-42	7.55732e-47	3.77162e-44	1.29519e-43	2.33866e-44	1.69218e-47	1.40357e-48	1.93612e-50	1.10597e-48	2.95256e-50	2.79485e-51	1.29161e-51	2.51321e-51	3.59625e-51	
N40	5.08566e-39	5.4766e-33	3.27992e-27	3.15109e-26	1.42344e-20	2.40444e-15	7.49735e-16	4.845e-17	6.8255e-13	5.71369e-08	0.00102682	0.616865	0.378447	0.00365907	1.49078e-06	1.00633e-10	2.08612e-15	1.81856e-20	1.32162e-25	3.31763e-28	4.66995e-32	1.20406e-34	1.06725e-38	1.30406e-37	5.77484e-39	1.73721e-39	1.23682e-42	1.46118e-43	3.97379e-47	1.43608e-48	2.74556e-52	3.78468e-54	5.2869e-58	4.40466e-60	4.39962e-64	2.88196e-66	2.22012e-70	5.64995e-72	8.82493e-73	1.55131e-73	1.94684e-74	
N41	2.19239e-35	3.08799e-33	4.12421e-28	8.71365e-26	5.53623e-21	5.32005e-17	7.94627e-16	9.49952e-15	2.6944e-11	5.9202e-07	0.00357926	0.635	0.358315	0.00310399	1.19547e-06	1.00427e-10	3.04132e-15	1.96382e-19	2.97786e-22	3.56376e-23	3.43419e-26	1.77383e-27	6.43733e-31	1.36233e-31	3.2923e-33	1.6356e-32	8.88265e-36	4.4361e-36	1.5301e-39	1.50007e-40	3.9616e-44	2.02379e-45	3.88973e-49	1.54137e-50	2.2012e-54	3.15065e-55	1.16861e-58	4.51952e-58	1.99702e-57	1.37824e-55	1.06357e-53	
N42	2.51766e-40	2.93043e-39	3.34335e-38	3.44239e-37	1.10701e-20	6.61526e-19	1.77967e-34	1.0454e-33	2.32276e-14	3.58176e-07	0.999988	1.18857e-05	1.70779e-11	1.89448e-32	3.06523e-33	3.44807e-34	3.13059e-35	1.47412e-35	1.34939e-35	6.36919e-35	6.58896e-35	2.4457e-34	2.21068e-34	5.75963e-34	2.70969e-34	5.141e-34	9.99969e-35	9.42907e-35	1.23366e-35	1.04284e-35	1.01475e-36	8.70346e-37	6.73449e-38	6.18273e-38	6.97403e-39	2.59958e-38	1.23661e-38	8.09014e-38	3.66769e-37	1.91228e-36	7.45938e-36	
F1476	0	0	0	0	0	0	0	0	0	0	1	0	0	0	0	0	0	0	0	0	0	0	0	0	0	0	0	0	0	0	0	0	0	0	0	0	0	0	0	0	0	
FGA81	0	0	0	0	0	0	0	0	0	0	1	0	0	0	0	0	0	0	0	0	0	0	0	0	0	0	0	0	0	0	0	0	0	0	0	0	0	0	0	0	0	
N43	1.18971e-35	3.89121e-32	1.00575e-26	5.27443e-24	3.72227e-19	1.20348e-14	2.60037e-13	1.65904e-12	1.42643e-09	1.22398e-06	0.00526725	0.632924	0.35685	0.00495414	3.5286e-06	5.75182e-10	3.46203e-14	1.43055e-16	3.82922e-19	3.40073e-20	4.02898e-23	1.47879e-24	6.66974e-28	5.09212e-26	2.40226e-28	3.08515e-28	2.45175e-31	4.14706e-32	2.42317e-35	1.5651e-36	6.34449e-40	2.98658e-41	8.45252e-45	3.48535e-46	2.329e-49	4.66486e-49	3.12686e-52	6.49827e-52	2.81132e-52	5.7008e-52	7.88194e-52	
Furcep	0	0	0	0	0	0	0	0	0	0	0	0	0	1	0	0	0	0	0	0	0	0	0	0	0	0	0	0	0	0	0	0	0	0	0	0	0	0	0	0	0	
N44	2.19502e-32	2.24921e-29	7.00935e-25	9.6833e-22	1.60077e-17	1.75947e-14	2.86393e-14	6.43197e-13	2.34601e-09	1.80457e-05	0.035215	0.731378	0.231567	0.00182018	1.29644e-06	2.76263e-10	2.51795e-14	2.26139e-18	2.46314e-21	3.10564e-22	6.94277e-25	5.43222e-26	6.48354e-29	2.67548e-30	3.28188e-34	8.59684e-36	1.33057e-40	9.90674e-43	8.19829e-48	9.50827e-51	5.14434e-56	2.84872e-59	9.89239e-65	3.76919e-68	8.97149e-74	7.65475e-77	3.29515e-82	2.27364e-84	2.04554e-86	2.57598e-88	2.21574e-90	
Furpol	0	0	0	0	0	0	0	0	0	0	0	1	0	0	0	0	0	0	0	0	0	0	0	0	0	0	0	0	0	0	0	0	0	0	0	0	0	0	0	0	0	
N45	1.99092e-32	1.18513e-27	3.37003e-23	8.73852e-20	1.54011e-15	3.81372e-13	2.07255e-13	4.28773e-11	3.60849e-07	0.00107974	0.572997	0.405685	0.0201895	4.78116e-05	2.748e-08	6.13541e-12	6.71891e-16	1.94576e-19	3.25822e-22	8.60151e-24	1.11919e-26	1.4865e-28	1.13074e-31	7.53598e-34	1.02617e-37	4.00357e-40	1.0142e-44	8.84601e-48	1.30427e-52	4.53184e-56	3.9172e-61	9.70314e-65	5.19089e-70	1.03126e-73	4.12689e-79	2.73194e-82	4.68297e-87	1.45072e-89	2.7542e-92	5.64138e-95	7.921e-98	
N46	2.08242e-32	1.58932e-27	5.30035e-23	1.98631e-19	4.26259e-15	7.44743e-13	2.50265e-13	7.2255e-11	6.69941e-07	0.00198614	0.859118	0.137639	0.00125462	1.18687e-06	3.38612e-10	4.18831e-14	3.64542e-18	3.50884e-20	5.14391e-23	8.29251e-25	6.57882e-28	5.19104e-30	8.08713e-34	3.76898e-36	1.34755e-40	2.78473e-43	4.25335e-48	1.99314e-51	1.83401e-56	4.91127e-60	2.82006e-65	7.55373e-69	5.40993e-73	8.73152e-75	2.81316e-77	7.23744e-78	5.41743e-81	1.06413e-81	3.92356e-83	7.81154e-84	8.99177e-85	
N47	1.48524e-43	4.47834e-42	9.71342e-31	4.33643e-27	5.61646e-20	7.74273e-18	1.51328e-21	4.58191e-19	2.54645e-12	4.38173e-06	0.999934	6.18736e-05	2.52146e-10	2.3881e-16	1.56666e-35	7.73002e-37	2.34744e-37	2.72913e-36	2.73453e-36	2.58352e-35	2.19791e-35	1.44155e-34	1.91858e-35	7.92242e-35	5.28416e-36	8.63552e-36	4.35375e-37	4.42879e-37	1.67045e-38	1.57872e-38	4.71408e-40	5.76044e-40	2.08718e-41	1.57083e-40	1.40494e-40	2.17579e-39	2.00639e-40	2.45129e-39	4.94115e-39	6.50588e-38	4.01891e-37	
F2241	0	0	0	0	0	0	0	0	0	0	1	0	0	0	0	0	0	0	0	0	0	0	0	0	0	0	0	0	0	0	0	0	0	0	0	0	0	0	0	0	0	
F12266	0	0	0	0	0	0	0	0	0	0	1	0	0	0	0	0	0	0	0	0	0	0	0	0	0	0	0	0	0	0	0	0	0	0	0	0	0	0	0	0	0	
Furang	0	0	0	0	0	0	0	0	0	0	1	0	0	0	0	0	0	0	0	0	0	0	0	0	0	0	0	0	0	0	0	0	0	0	0	0	0	0	0	0	0	
Fga490	0	0	0	0	0	0	0	0	0	0	1	0	0	0	0	0	0	0	0	0	0	0	0	0	0	0	0	0	0	0	0	0	0	0	0	0	0	0	0	0	0	
N48	6.46409e-36	1.73504e-30	2.60336e-25	1.80689e-23	1.89264e-18	4.42195e-14	1.87274e-14	1.28547e-14	1.18632e-10	2.24806e-06	0.00882069	0.83192	0.158877	0.000380533	1.20686e-07	1.12784e-11	4.37337e-16	3.02589e-20	2.0182e-23	3.31556e-25	1.69638e-28	1.26332e-30	3.44209e-34	1.1928e-36	4.61258e-41	9.00462e-44	4.71148e-49	1.99048e-52	4.31147e-56	5.22525e-55	1.92449e-56	2.48103e-58	4.53387e-62	5.4206e-64	4.87883e-66	3.60548e-65	4.41888e-67	1.68291e-67	3.37456e-68	1.1273e-68	8.51466e-68	
N49	4.24092e-35	6.63122e-30	5.99042e-25	1.52265e-22	8.86981e-18	6.27907e-14	1.5239e-13	7.6258e-13	3.12744e-10	3.9775e-06	0.0109774	0.863157	0.125568	0.000293547	1.04873e-07	1.17221e-11	5.93167e-16	2.52851e-18	4.23861e-21	1.45558e-22	1.2623e-25	1.9345e-27	4.25834e-31	3.66515e-33	7.00296e-38	2.49091e-40	1.56451e-45	6.82572e-49	1.14871e-53	3.05963e-52	2.61529e-52	1.01167e-53	3.19492e-57	9.30341e-59	2.39931e-61	1.50093e-58	4.7198e-59	7.49511e-59	1.70927e-59	1.41178e-59	7.88842e-60	
N50	6.40516e-37	3.67826e-31	1.22552e-25	4.57138e-24	7.50342e-19	7.91226e-14	8.8518e-13	1.06854e-13	3.3862e-12	7.69345e-08	0.0010239	0.860369	0.13796	0.000646299	1.57375e-07	9.52016e-12	3.89149e-16	7.62872e-18	5.84811e-21	9.20372e-23	2.80354e-26	1.90666e-28	6.71033e-33	2.45929e-35	1.01585e-40	9.11278e-44	1.81923e-49	3.58739e-51	2.38946e-54	1.63491e-53	7.60551e-55	9.95606e-57	1.08114e-60	2.02792e-62	5.38819e-64	5.74297e-62	1.12677e-63	3.85003e-64	1.04001e-65	3.33238e-66	5.8298e-67	
N51	2.14537e-34	1.90705e-29	9.21596e-25	9.94362e-23	2.71856e-18	2.70525e-14	2.3276e-14	1.10306e-14	1.00964e-11	2.03947e-07	0.00122325	0.908173	0.0903703	0.000233302	8.20411e-08	8.98134e-12	4.26366e-16	1.89224e-19	4.0138e-22	3.09501e-23	3.95737e-26	1.43984e-27	7.21185e-31	1.43923e-32	3.80772e-37	3.80321e-39	2.75723e-44	4.9311e-47	2.23992e-52	8.85842e-56	2.41588e-61	5.9671e-65	9.99427e-71	1.91523e-74	2.83307e-80	2.11896e-82	2.70777e-86	1.06096e-86	1.77229e-87	6.18922e-88	1.50461e-88	
N52	1.27015e-32	7.80631e-28	2.85102e-23	2.56405e-21	6.7791e-17	7.48399e-13	5.93517e-13	1.77022e-13	5.97137e-11	6.50582e-07	0.00218872	0.963696	0.0340548	5.95626e-05	2.43162e-08	3.72122e-12	2.80348e-16	6.12429e-19	1.1044e-21	3.04414e-23	3.31763e-26	4.41425e-28	2.682e-31	1.74292e-33	6.26176e-38	1.59258e-40	2.28812e-45	1.10321e-48	9.31889e-54	2.51378e-57	1.27501e-62	2.66563e-66	1.39443e-71	7.297e-74	3.62466e-77	8.91182e-78	7.86006e-81	2.32626e-81	3.44394e-82	7.89006e-83	1.27179e-83	
FGA456	0	0	0	0	0	0	0	0	0	0	0	1	0	0	0	0	0	0	0	0	0	0	0	0	0	0	0	0	0	0	0	0	0	0	0	0	0	0	0	0	0	
N53	3.68687e-45	3.71784e-35	1.04657e-27	5.12837e-29	1.01784e-21	9.2723e-15	3.2598e-18	4.29463e-22	1.33096e-19	1.1436e-12	2.99328e-06	0.999981	1.60508e-05	2.57078e-11	1.12345e-17	1.9419e-36	6.82878e-38	2.10611e-37	2.13378e-37	2.71942e-36	2.72259e-36	2.62099e-35	2.20566e-35	1.4597e-34	1.10602e-35	2.5432e-35	1.3613e-36	1.46083e-36	5.73833e-38	5.4556e-38	1.64345e-39	1.55837e-39	3.79958e-41	4.28747e-41	7.5885e-42	1.3187e-40	1.52507e-41	2.57173e-40	2.19639e-39	3.14618e-38	3.21927e-37	
FGA516	0	0	0	0	0	0	0	0	0	0	0	1	0	0	0	0	0	0	0	0	0	0	0	0	0	0	0	0	0	0	0	0	0	0	0	0	0	0	0	0	0	
FGA513	0	0	0	0	0	0	0	0	0	0	0	1	0	0	0	0	0	0	0	0	0	0	0	0	0	0	0	0	0	0	0	0	0	0	0	0	0	0	0	0	0	
N54	4.67892e-43	1.00373e-41	3.90288e-28	3.7257e-39	1.536e-22	1.06542e-14	1.97179e-19	1.06905e-34	8.73398e-34	1.81121e-14	3.68629e-07	0.999998	2.11277e-06	4.48496e-13	2.03745e-34	1.21239e-35	6.6223e-37	1.21806e-36	1.23631e-36	1.0039e-35	1.02717e-35	6.32479e-35	5.65913e-35	2.28786e-34	3.35212e-35	6.61766e-35	6.09196e-36	5.92355e-36	3.83369e-37	3.46751e-37	1.70241e-38	1.56356e-38	6.20621e-40	6.68949e-40	1.16486e-40	1.20202e-39	2.57902e-40	2.82181e-39	1.76843e-38	1.57919e-37	1.011e-36	
F12278	0	0	0	0	0	0	0	0	0	0	0	1	0	0	0	0	0	0	0	0	0	0	0	0	0	0	0	0	0	0	0	0	0	0	0	0	0	0	0	0	0	
F12279	0	0	0	0	0	0	0	0	0	0	0	1	0	0	0	0	0	0	0	0	0	0	0	0	0	0	0	0	0	0	0	0	0	0	0	0	0	0	0	0	0	
N55	4.04908e-31	2.0372e-26	6.18679e-22	1.48037e-19	1.03349e-15	1.15194e-11	8.98904e-10	4.90148e-10	3.89113e-09	2.66904e-07	0.000726002	0.601035	0.370991	0.0272121	3.56793e-05	1.30582e-08	3.10919e-12	1.27282e-13	4.44329e-16	1.95518e-17	3.74661e-20	7.42313e-22	7.56208e-25	6.92178e-27	2.64993e-31	3.18483e-34	6.71476e-39	3.55815e-42	4.178e-47	1.6398e-50	1.17117e-55	3.69189e-59	1.74445e-64	6.68172e-68	5.66669e-72	7.51136e-74	4.8393e-77	1.42072e-77	1.92284e-78	4.47427e-79	7.20944e-80	
Furant	0	0	0	0	0	0	0	0	0	0	0	1	0	0	0	0	0	0	0	0	0	0	0	0	0	0	0	0	0	0	0	0	0	0	0	0	0	0	0	0	0	
N56	1.83847e-42	5.13998e-41	1.36965e-39	3.31462e-38	7.16288e-37	1.10065e-19	4.8613e-12	1.78562e-16	3.21035e-32	2.59856e-31	1.4058e-30	4.16109e-11	1.82433e-05	0.999981	5.6398e-07	6.06697e-14	5.49167e-36	3.25136e-35	3.31445e-35	3.56091e-34	3.55555e-34	2.88556e-33	2.37499e-33	1.32365e-32	1.01128e-33	1.37227e-33	7.55509e-35	7.40933e-35	3.05303e-36	2.855e-36	9.24455e-38	8.81511e-38	2.40502e-39	3.73686e-39	1.5435e-39	2.41276e-38	3.20031e-39	4.55045e-38	3.18972e-37	3.91469e-36	3.38451e-35	
FGA331	0	0	0	0	0	0	0	0	0	0	0	0	0	1	0	0	0	0	0	0	0	0	0	0	0	0	0	0	0	0	0	0	0	0	0	0	0	0	0	0	0	
FGA332	0	0	0	0	0	0	0	0	0	0	0	0	0	1	0	0	0	0	0	0	0	0	0	0	0	0	0	0	0	0	0	0	0	0	0	0	0	0	0	0	0	
FGA465	0	0	0	0	0	0	0	0	0	0	1	0	0	0	0	0	0	0	0	0	0	0	0	0	0	0	0	0	0	0	0	0	0	0	0	0	0	0	0	0	0	
N57	1.8756e-32	1.50936e-27	6.45334e-23	2.08835e-20	5.55917e-16	1.00247e-12	4.22583e-13	4.96582e-12	4.41934e-08	0.000192313	0.152517	0.817796	0.0294444	4.97193e-05	2.13213e-08	3.59026e-12	3.02976e-16	3.78897e-19	6.23627e-22	1.26052e-23	1.27513e-26	1.22838e-28	7.03376e-32	3.1646e-34	1.80714e-38	3.8698e-41	6.10019e-46	2.58039e-49	9.15277e-52	9.43149e-51	2.25728e-52	5.40941e-54	2.67673e-57	1.42668e-58	2.83313e-59	1.28191e-56	5.07513e-57	1.1413e-55	1.43614e-54	2.47595e-53	3.14035e-52	
N58	4.95765e-42	9.28978e-41	1.65214e-39	2.63375e-38	3.55355e-20	3.22864e-18	4.772e-35	4.13455e-34	3.61011e-13	1.45848e-06	0.999932	6.61673e-05	1.86354e-10	3.65836e-33	3.11051e-34	1.95055e-35	1.44768e-36	4.75586e-36	4.86268e-36	3.33035e-35	3.2628e-35	1.67581e-34	1.21227e-34	4.43432e-34	6.24184e-35	1.01506e-34	9.57013e-36	9.07887e-36	6.10413e-37	5.49291e-37	2.8337e-38	2.62414e-38	1.12818e-39	1.54753e-39	5.61661e-40	5.4978e-39	1.0794e-39	1.0026e-38	4.5834e-38	3.81255e-37	2.17259e-36	
FGA99	0	0	0	0	0	0	0	0	0	0	1	0	0	0	0	0	0	0	0	0	0	0	0	0	0	0	0	0	0	0	0	0	0	0	0	0	0	0	0	0	0	
F12269	0	0	0	0	0	0	0	0	0	0	1	0	0	0	0	0	0	0	0	0	0	0	0	0	0	0	0	0	0	0	0	0	0	0	0	0	0	0	0	0	0	
N59	9.06224e-32	4.32361e-27	1.13769e-22	9.83447e-20	1.80908e-15	2.39183e-12	2.67069e-12	3.85293e-11	6.0787e-08	0.000235705	0.173531	0.813269	0.0129456	1.85015e-05	7.27511e-09	1.18238e-12	1.79616e-16	7.97942e-18	2.06658e-20	8.57442e-22	1.09115e-24	2.22587e-26	3.83642e-30	4.56731e-32	1.41986e-36	5.28297e-39	8.52878e-44	6.94688e-47	6.88276e-52	3.19392e-55	1.98878e-60	6.90988e-64	3.19752e-69	1.28903e-71	6.20253e-73	1.74703e-71	7.11531e-73	1.77537e-71	5.1318e-71	1.47709e-69	2.36011e-68	
N60	3.28859e-43	8.04681e-42	1.8667e-40	3.90427e-39	1.30841e-22	1.56675e-20	1.61708e-35	1.8437e-34	3.98718e-15	1.54849e-07	0.999988	1.14034e-05	3.11655e-12	2.37816e-33	1.50635e-34	7.07794e-36	4.26783e-37	2.04775e-36	2.08523e-36	1.87634e-35	1.82353e-35	1.2302e-34	8.60742e-35	4.21395e-34	3.96313e-35	6.45708e-35	4.33261e-36	4.30955e-36	2.12457e-37	1.96947e-37	7.51931e-39	7.11214e-39	2.27e-40	3.40685e-40	1.36275e-40	1.79711e-39	2.51826e-40	3.01926e-39	1.63021e-38	1.78613e-37	1.3411e-36	
FGA15	0	0	0	0	0	0	0	0	0	0	1	0	0	0	0	0	0	0	0	0	0	0	0	0	0	0	0	0	0	0	0	0	0	0	0	0	0	0	0	0	0	
FGA440	0	0	0	0	0	0	0	0	0	0	1	0	0	0	0	0	0	0	0	0	0	0	0	0	0	0	0	0	0	0	0	0	0	0	0	0	0	0	0	0	0	
N61	2.06319e-42	4.93629e-41	2.63837e-27	2.18836e-38	1.20633e-21	7.84284e-14	1.65681e-18	7.05792e-34	5.34209e-33	1.15992e-13	1.42333e-06	0.999998	1.07522e-06	1.55228e-13	3.83313e-35	2.39097e-36	8.48656e-37	7.90428e-36	7.98386e-36	6.04215e-35	5.25905e-35	2.73206e-34	5.03158e-35	1.74611e-34	1.45515e-35	1.88432e-35	1.14568e-36	1.09591e-36	4.97168e-38	4.60515e-38	1.68182e-39	2.15221e-39	1.04053e-40	7.17149e-40	6.38332e-40	7.87299e-39	9.40124e-40	9.33508e-39	1.95148e-38	2.04341e-37	1.0591e-36	
FGA581	0	0	0	0	0	0	0	0	0	0	0	1	0	0	0	0	0	0	0	0	0	0	0	0	0	0	0	0	0	0	0	0	0	0	0	0	0	0	0	0	0	
FGA582	0	0	0	0	0	0	0	0	0	0	0	1	0	0	0	0	0	0	0	0	0	0	0	0	0	0	0	0	0	0	0	0	0	0	0	0	0	0	0	0	0	
N62	1.71703e-39	1.66637e-38	1.60584e-37	1.39591e-36	1.08147e-35	6.92979e-19	3.00821e-17	2.12922e-33	8.5298e-33	2.63786e-32	7.24866e-13	2.48474e-06	0.999994	3.60024e-06	2.02621e-12	4.07637e-34	4.73474e-35	3.05373e-35	2.87561e-35	1.13927e-34	1.17328e-34	3.63448e-34	3.16151e-34	6.71769e-34	2.72666e-34	4.08633e-34	9.42917e-35	9.20211e-35	1.49438e-35	1.25414e-35	1.5273e-36	1.28212e-36	1.24655e-37	1.15134e-37	1.81429e-38	6.48288e-38	3.16288e-38	1.74206e-37	6.38621e-37	2.88936e-36	9.5876e-36	
FGA104	0	0	0	0	0	0	0	0	0	0	0	0	1	0	0	0	0	0	0	0	0	0	0	0	0	0	0	0	0	0	0	0	0	0	0	0	0	0	0	0	0	
FGA105	0	0	0	0	0	0	0	0	0	0	0	0	1	0	0	0	0	0	0	0	0	0	0	0	0	0	0	0	0	0	0	0	0	0	0	0	0	0	0	0	0	
FGA489	0	0	0	0	0	0	0	0	0	0	1	0	0	0	0	0	0	0	0	0	0	0	0	0	0	0	0	0	0	0	0	0	0	0	0	0	0	0	0	0	0	
N63	6.8022e-40	5.593e-33	1.81905e-26	1.03683e-24	1.17456e-21	1.3571e-15	6.05232e-10	2.21024e-13	2.92925e-17	1.04462e-20	4.16288e-15	1.18614e-09	9.17589e-05	0.999804	0.000104041	1.89194e-09	1.17071e-14	4.08247e-20	1.42552e-25	1.06276e-30	2.01962e-34	5.69341e-34	5.13875e-34	1.07455e-33	6.49754e-34	1.03424e-33	3.75557e-34	4.44968e-34	1.14254e-34	1.08579e-34	2.11993e-35	1.79916e-35	2.76318e-36	2.29126e-36	3.07137e-37	3.67493e-37	1.34726e-37	5.70558e-37	1.98926e-36	7.80232e-36	2.34799e-35	
FGA174	0	0	0	0	0	0	0	0	0	0	0	0	0	1	0	0	0	0	0	0	0	0	0	0	0	0	0	0	0	0	0	0	0	0	0	0	0	0	0	0	0	
FGA175	0	0	0	0	0	0	0	0	0	0	0	0	0	1	0	0	0	0	0	0	0	0	0	0	0	0	0	0	0	0	0	0	0	0	0	0	0	0	0	0	0	
FurbGB	0	0	0	0	0	0	0	0	0	0	0	1	0	0	0	0	0	0	0	0	0	0	0	0	0	0	0	0	0	0	0	0	0	0	0	0	0	0	0	0	0	
N64	1.42722e-38	4.06157e-34	3.75535e-30	5.12833e-26	3.60372e-23	2.74838e-22	9.13007e-19	4.20336e-15	7.61365e-12	9.39717e-11	1.32006e-10	7.09565e-11	1.28855e-10	9.81273e-08	8.10113e-05	0.0158075	0.41286	0.536987	0.033952	0.00031185	7.71782e-07	9.25798e-10	6.40955e-12	4.40576e-12	5.26472e-14	1.69757e-14	8.24726e-17	1.39863e-17	2.27406e-20	2.30745e-21	1.13259e-24	7.19113e-26	1.03538e-29	3.66702e-31	1.83021e-35	2.01923e-37	6.15106e-42	2.16391e-44	4.55532e-49	1.07336e-51	1.042e-53	
N65	1.38651e-35	1.09387e-31	4.40219e-28	1.80687e-24	2.99863e-22	8.13981e-21	1.31195e-17	1.71901e-14	5.11547e-12	2.57613e-11	3.0498e-11	2.15721e-11	1.26688e-10	4.93684e-08	3.46393e-05	0.0080229	0.324015	0.60153	0.0651821	0.00120821	6.73481e-06	1.53849e-08	1.88457e-11	4.68641e-13	8.29677e-15	2.06181e-15	2.52654e-17	3.51418e-18	2.63495e-20	2.00098e-21	7.58039e-24	3.41013e-25	4.28503e-28	1.22721e-29	3.5512e-33	4.744e-35	6.54401e-39	3.03267e-41	2.71893e-45	7.1622e-48	1.67758e-50	
N66	5.88055e-35	7.69865e-31	2.3812e-27	1.91322e-23	8.67349e-23	5.38307e-21	3.43004e-17	1.40949e-13	1.55756e-11	6.51017e-12	7.94311e-13	1.1078e-13	1.1417e-11	1.46842e-08	2.15964e-05	0.00971768	0.485291	0.484305	0.0205115	0.000153225	3.57428e-07	3.50424e-10	1.73346e-13	8.56446e-17	1.39131e-19	2.44177e-21	4.99018e-24	4.83923e-26	6.30939e-29	3.30991e-31	2.77833e-34	8.70103e-37	6.58831e-36	2.78539e-36	8.53218e-38	1.30528e-38	1.67902e-40	1.40722e-41	2.11911e-43	4.00429e-42	1.19312e-41	
N67	1.46691e-43	1.65976e-42	1.92699e-41	4.50078e-30	3.38792e-28	2.01216e-38	4.92523e-24	8.20623e-18	5.69693e-12	2.71738e-15	5.18037e-19	1.58081e-33	6.28731e-33	2.0267e-32	1.89292e-15	7.07368e-10	7.64979e-05	0.999835	8.88202e-05	1.30386e-09	6.55781e-15	4.91451e-35	5.22482e-36	4.48091e-36	4.38068e-36	2.0323e-35	2.14993e-35	8.47289e-35	8.89598e-35	2.86958e-34	2.83799e-34	7.09798e-34	5.61381e-34	9.87907e-34	3.77073e-34	4.5576e-34	1.10144e-34	9.67812e-35	1.81958e-35	1.95059e-35	2.14097e-35	
CGA312	0	0	0	0	0	0	0	0	0	0	0	0	0	0	0	0	0	1	0	0	0	0	0	0	0	0	0	0	0	0	0	0	0	0	0	0	0	0	0	0	0	
CGA963	0	0	0	0	0	0	0	0	0	0	0	0	0	0	0	0	0	1	0	0	0	0	0	0	0	0	0	0	0	0	0	0	0	0	0	0	0	0	0	0	0	
N68	2.23275e-41	4.63993e-36	9.93854e-32	1.07232e-26	3.53987e-26	6.8782e-24	3.39532e-19	7.22423e-15	6.60518e-14	3.31175e-15	3.21494e-17	1.22371e-16	6.25185e-14	1.47009e-09	1.45654e-05	0.0157957	0.61013	0.369147	0.0049055	6.55919e-06	2.04497e-09	2.20798e-13	1.0311e-17	2.5999e-22	6.62255e-27	1.31361e-29	3.34087e-33	5.81214e-32	2.89374e-32	5.15811e-32	1.26003e-33	8.82899e-34	1.09517e-35	5.90401e-36	2.52149e-38	1.04395e-38	1.10846e-41	2.33221e-42	1.48748e-45	1.46236e-46	3.46089e-49	
N69	2.12459e-41	1.01862e-36	1.567e-33	2.23788e-29	7.61462e-31	6.87725e-27	4.39645e-21	2.07342e-17	3.25205e-17	2.84157e-20	2.26332e-21	1.47226e-19	7.18109e-14	1.45912e-08	0.000251055	0.0698092	0.858721	0.0711589	5.98818e-05	3.77549e-09	5.25962e-14	2.53931e-19	5.36998e-25	5.71139e-31	3.63783e-37	1.28927e-40	4.82114e-42	5.40627e-41	5.38487e-39	3.02953e-36	3.43272e-36	1.24021e-34	7.77085e-35	2.29687e-33	4.95672e-34	1.3118e-32	3.20545e-34	4.21234e-33	6.28322e-35	2.47383e-34	1.64835e-35	
N70	1.0778e-38	4.96903e-35	2.04652e-32	3.30231e-29	3.58254e-31	8.41538e-29	7.68941e-24	1.37078e-19	6.90311e-19	6.72984e-19	2.73367e-19	5.24758e-18	1.38614e-13	8.71898e-09	0.000122348	0.0632754	0.87002	0.0665151	6.70072e-05	9.58556e-09	3.89608e-13	6.28202e-18	5.74456e-23	1.68505e-24	1.74592e-27	1.31682e-28	7.49754e-32	9.43489e-33	4.68304e-33	4.54338e-32	2.62827e-34	5.93302e-34	6.9955e-37	1.11771e-36	4.60247e-40	3.5236e-40	7.92269e-44	6.28729e-45	1.0997e-48	4.1402e-50	1.2131e-50	
N71	1.90506e-40	2.79291e-35	3.51262e-31	2.66452e-26	3.55377e-26	4.1069e-24	2.27844e-19	5.88299e-15	1.21532e-12	6.85718e-14	1.50607e-15	4.32808e-17	1.31256e-13	2.27885e-09	1.45574e-05	0.020481	0.854998	0.124192	0.000314534	1.70227e-07	3.28885e-11	2.99394e-15	2.30158e-19	7.38296e-22	4.33115e-25	1.57023e-27	5.29791e-31	9.88015e-34	3.2199e-34	3.5225e-34	2.06423e-35	2.29196e-36	3.06906e-38	2.20569e-39	7.21813e-42	1.94925e-43	3.92197e-46	6.78539e-48	1.01093e-50	2.99469e-52	1.60499e-53	
CGA642	0	0	0	0	0	0	0	0	0	0	0	0	0	0	0	0	1	0	0	0	0	0	0	0	0	0	0	0	0	0	0	0	0	0	0	0	0	0	0	0	0	
N72	4.093e-35	4.97535e-32	1.60771e-29	1.08871e-26	4.28741e-26	1.08805e-23	2.63896e-19	2.42346e-15	9.00053e-14	3.56856e-15	7.66465e-17	3.72279e-16	6.32771e-14	8.14627e-10	9.94555e-06	0.0268109	0.830746	0.142189	0.000243222	8.4667e-08	1.02536e-11	5.61929e-16	1.65561e-20	1.2584e-23	2.30177e-26	2.42312e-27	2.88713e-30	1.6621e-31	1.15537e-34	3.93289e-36	1.3156e-39	2.88626e-41	2.73895e-45	4.21256e-47	2.10059e-52	6.43792e-55	2.11161e-60	3.23788e-63	2.11404e-67	1.12288e-68	2.17675e-68	
N73	4.86411e-50	1.04573e-48	2.08018e-47	1.11279e-34	6.01562e-45	9.91103e-44	7.55302e-28	2.09181e-19	2.93597e-24	2.15265e-38	4.11897e-37	6.76793e-36	9.29562e-35	5.44533e-16	5.62409e-08	0.999992	7.61012e-06	3.74475e-12	1.71904e-32	1.21054e-33	5.75087e-35	2.05517e-36	5.89731e-38	5.78803e-39	4.49869e-39	7.2806e-38	7.43298e-38	1.01284e-36	1.03686e-36	1.13945e-35	1.15708e-35	9.68818e-35	8.71713e-35	4.99239e-34	1.05107e-34	4.33271e-34	3.17556e-35	3.44279e-35	1.7735e-36	1.87649e-36	2.2488e-36	
CGA763	0	0	0	0	0	0	0	0	0	0	0	0	0	0	0	1	0	0	0	0	0	0	0	0	0	0	0	0	0	0	0	0	0	0	0	0	0	0	0	0	0	
CGA764	0	0	0	0	0	0	0	0	0	0	0	0	0	0	0	1	0	0	0	0	0	0	0	0	0	0	0	0	0	0	0	0	0	0	0	0	0	0	0	0	0	
N74	1.20185e-49	2.99551e-48	8.0379e-47	2.28262e-45	6.6987e-44	1.93289e-42	5.24242e-41	7.66757e-25	1.7148e-16	2.42947e-21	9.25749e-36	1.29452e-34	1.46364e-33	1.26681e-32	7.66283e-32	2.12339e-13	2.72219e-06	0.999997	2.16391e-07	7.84889e-15	6.77895e-36	2.06027e-37	1.09179e-38	9.95932e-38	1.01549e-37	1.40856e-36	1.44179e-36	1.6205e-35	1.64978e-35	1.42479e-34	1.31212e-34	7.90081e-34	2.51885e-34	1.18336e-33	8.92773e-35	1.04072e-34	5.5273e-36	5.21946e-36	2.47319e-37	6.75009e-37	4.44027e-36	
C601	0	0	0	0	0	0	0	0	0	0	0	0	0	0	0	0	0	1	0	0	0	0	0	0	0	0	0	0	0	0	0	0	0	0	0	0	0	0	0	0	0	
C602	0	0	0	0	0	0	0	0	0	0	0	0	0	0	0	0	0	1	0	0	0	0	0	0	0	0	0	0	0	0	0	0	0	0	0	0	0	0	0	0	0	
N75	2.60324e-36	4.05508e-33	1.23046e-30	9.65843e-28	1.1873e-29	2.78116e-29	6.12452e-25	5.04639e-21	2.2719e-19	4.82282e-19	8.22818e-19	4.69066e-16	6.50009e-12	9.56822e-08	0.000333639	0.0772086	0.863449	0.058912	9.70413e-05	3.14114e-08	3.41886e-12	1.63389e-16	4.03355e-21	9.92588e-24	2.5484e-26	4.09678e-27	6.36355e-30	5.03176e-31	4.82774e-34	1.9596e-35	7.7161e-39	6.78169e-39	1.19023e-39	3.52104e-39	3.09409e-42	2.57658e-42	1.33467e-45	1.13119e-45	2.6424e-47	3.34997e-47	3.26263e-47	
CGA236	0	0	0	0	0	0	0	0	0	0	0	0	0	0	0	0	1	0	0	0	0	0	0	0	0	0	0	0	0	0	0	0	0	0	0	0	0	0	0	0	0	
N76	1.70146e-41	8.77362e-38	1.59503e-34	2.01942e-31	2.70683e-30	2.26015e-26	3.37462e-22	6.32384e-19	2.28702e-17	6.76825e-17	1.40315e-15	1.44122e-12	4.84747e-09	1.06276e-05	0.00513915	0.176332	0.771238	0.0471415	0.000138631	9.90492e-08	2.73351e-11	3.66779e-15	2.75792e-19	4.0254e-22	1.83845e-24	3.26716e-25	9.97581e-28	9.73376e-29	2.04506e-31	1.12309e-32	1.5296e-35	4.83887e-37	2.48498e-40	5.14282e-42	1.4677e-46	1.01321e-48	1.48037e-53	1.61788e-56	1.54555e-61	1.15289e-64	3.15963e-67	
N77	8.02009e-36	2.08352e-31	2.50419e-27	7.2598e-24	4.92979e-21	1.56322e-18	7.15784e-15	8.0905e-13	2.88683e-11	5.10078e-11	1.72795e-09	4.43082e-08	7.91111e-07	0.000336898	0.0188617	0.246729	0.648825	0.084866	0.00037946	4.63502e-07	2.36285e-10	6.33091e-14	1.84067e-17	6.21663e-19	2.21227e-21	7.918e-23	1.84555e-25	3.62033e-27	5.63102e-30	6.16144e-32	5.1625e-35	3.41606e-37	1.08562e-40	4.54478e-43	2.64677e-47	2.9135e-50	1.00084e-54	5.40642e-58	1.22653e-62	1.0227e-65	2.2086e-68	
Calboe	0	0	0	0	0	0	0	0	0	0	0	0	0	1	0	0	0	0	0	0	0	0	0	0	0	0	0	0	0	0	0	0	0	0	0	0	0	0	0	0	0	
C3125	0	0	0	0	0	0	0	0	0	0	0	0	0	0	0	0	0	1	0	0	0	0	0	0	0	0	0	0	0	0	0	0	0	0	0	0	0	0	0	0	0	
N78	1.49835e-45	2.49157e-44	4.0925e-43	6.26509e-42	8.89238e-41	1.16327e-39	1.95014e-42	1.56848e-40	1.47863e-36	1.28226e-35	9.72153e-35	6.31661e-34	6.35589e-34	5.7886e-17	1	3.22366e-15	1.47418e-30	6.12628e-32	1.29706e-32	1.75858e-33	1.72935e-34	1.34042e-35	9.82616e-37	1.17783e-36	1.18327e-36	7.55883e-36	7.90281e-36	4.23849e-35	4.40579e-35	1.91287e-34	1.87998e-34	6.24834e-34	4.82056e-34	1.10987e-33	2.81466e-34	3.77421e-34	6.07143e-35	5.39567e-35	6.64965e-36	8.0111e-36	1.26434e-35	
CGA429	0	0	0	0	0	0	0	0	0	0	0	0	0	0	1	0	0	0	0	0	0	0	0	0	0	0	0	0	0	0	0	0	0	0	0	0	0	0	0	0	0	
CGA430	0	0	0	0	0	0	0	0	0	0	0	0	0	0	1	0	0	0	0	0	0	0	0	0	0	0	0	0	0	0	0	0	0	0	0	0	0	0	0	0	0	
N79	1.37299e-34	3.23148e-31	1.45134e-28	6.18487e-26	2.7424e-26	1.78983e-24	2.01441e-20	7.47636e-19	1.05804e-19	2.1964e-20	9.02362e-17	5.11969e-12	1.05806e-07	0.000488107	0.112408	0.549427	0.329125	0.00854827	3.94535e-06	4.53213e-10	2.07925e-14	4.72703e-19	5.99291e-24	6.65906e-29	2.38549e-32	1.76354e-33	2.69225e-35	1.08756e-33	9.31877e-35	3.04174e-34	1.73585e-35	3.66297e-35	1.54465e-36	2.126e-36	6.49539e-39	6.51432e-39	3.90597e-42	4.07021e-43	1.86939e-46	7.97754e-48	3.81849e-49	
N80	7.76081e-44	1.07958e-42	1.49231e-41	1.91471e-40	2.26692e-39	3.44474e-42	7.10923e-25	2.23819e-39	1.71195e-35	1.19222e-34	7.16914e-34	6.75351e-34	5.86804e-17	1	3.39811e-15	1.91806e-30	1.66592e-31	5.89227e-32	1.18169e-32	1.60524e-33	1.63043e-34	1.45182e-35	2.34567e-36	8.7633e-36	9.14799e-36	4.58301e-35	4.79914e-35	1.98115e-34	1.99047e-34	6.49584e-34	5.5462e-34	1.37e-33	7.58191e-34	1.39576e-33	3.38159e-34	3.62917e-34	5.92835e-35	5.01031e-35	7.12449e-36	1.08248e-35	2.35056e-35	
C985	0	0	0	0	0	0	0	0	0	0	0	0	0	1	0	0	0	0	0	0	0	0	0	0	0	0	0	0	0	0	0	0	0	0	0	0	0	0	0	0	0	
C984	0	0	0	0	0	0	0	0	0	0	0	0	0	1	0	0	0	0	0	0	0	0	0	0	0	0	0	0	0	0	0	0	0	0	0	0	0	0	0	0	0	
N81	3.64624e-33	1.88063e-30	5.21831e-28	4.34453e-26	3.33873e-26	7.44114e-25	7.63006e-21	1.79252e-18	9.8552e-18	2.74163e-17	1.81782e-14	2.16612e-10	1.12224e-06	0.00151924	0.199813	0.589359	0.205928	0.00337624	2.62379e-06	6.50512e-10	7.31558e-14	4.42346e-18	1.72544e-22	4.70298e-24	1.86232e-26	3.30055e-27	8.15528e-30	8.02093e-31	8.86952e-34	5.67595e-35	2.47908e-38	1.12567e-39	1.64429e-43	5.41363e-45	1.09177e-49	1.5609e-51	1.37309e-56	1.73577e-59	1.02885e-64	7.95361e-68	2.69387e-70	
N82	1.0684e-43	1.79177e-37	4.99834e-33	2.4777e-27	1.20273e-28	6.52336e-23	2.51509e-17	1.69936e-15	2.83074e-18	2.21066e-21	4.30475e-20	1.4688e-14	2.20865e-09	0.000112172	0.997524	0.00236298	7.10853e-07	3.99613e-11	7.22619e-16	5.43703e-21	1.9611e-26	5.33484e-32	3.3793e-37	1.85551e-41	1.10739e-46	1.49812e-51	1.23593e-57	1.07975e-34	1.01574e-34	3.13665e-34	2.16325e-34	5.15157e-34	2.00365e-34	3.57034e-34	6.98454e-35	7.03094e-35	9.52773e-36	8.16376e-36	1.12868e-36	2.34875e-36	7.09869e-36	
CGA310	0	0	0	0	0	0	0	0	0	0	0	0	0	0	1	0	0	0	0	0	0	0	0	0	0	0	0	0	0	0	0	0	0	0	0	0	0	0	0	0	0	
CGA314	0	0	0	0	0	0	0	0	0	0	0	0	0	0	1	0	0	0	0	0	0	0	0	0	0	0	0	0	0	0	0	0	0	0	0	0	0	0	0	0	0	
N83	7.11319e-36	1.61448e-31	1.86936e-27	3.60426e-24	6.18435e-22	4.52603e-18	1.66796e-14	2.63598e-13	1.56434e-13	1.10005e-13	2.96392e-11	1.01897e-07	0.000149349	0.0565083	0.705949	0.226756	0.0105859	5.14878e-05	6.91755e-08	3.87336e-11	1.11287e-14	1.9597e-18	5.8119e-22	1.55956e-23	3.94574e-26	8.98064e-28	1.58588e-30	2.07014e-32	2.49416e-35	1.86157e-37	1.12354e-40	5.25737e-43	1.13572e-46	3.36679e-49	1.97193e-53	1.97795e-56	6.80354e-61	3.94019e-64	1.63961e-67	1.25729e-67	5.84985e-67	
N84	1.32869e-47	1.52922e-40	7.35336e-36	1.7537e-29	3.94347e-31	1.01083e-24	1.44009e-18	1.40156e-16	1.27804e-19	4.19577e-23	1.06755e-21	1.41233e-15	5.82957e-10	6.82697e-05	0.999484	0.000448102	2.24931e-08	2.55721e-13	7.94629e-19	7.65619e-25	2.30084e-31	7.51607e-37	7.56893e-37	5.9065e-36	5.97656e-36	3.64623e-35	3.24011e-35	1.44597e-34	6.48146e-35	2.32837e-34	5.43934e-35	1.48855e-34	2.05531e-35	3.62133e-35	3.49892e-36	3.67023e-36	2.63818e-37	2.4566e-37	4.43633e-38	2.74547e-37	1.7516e-36	
CGA382	0	0	0	0	0	0	0	0	0	0	0	0	0	0	1	0	0	0	0	0	0	0	0	0	0	0	0	0	0	0	0	0	0	0	0	0	0	0	0	0	0	
CGA365	0	0	0	0	0	0	0	0	0	0	0	0	0	0	1	0	0	0	0	0	0	0	0	0	0	0	0	0	0	0	0	0	0	0	0	0	0	0	0	0	0	
N85	3.23058e-46	7.383e-45	1.65877e-43	3.47741e-42	6.72468e-41	3.08132e-24	2.36344e-16	5.13789e-21	3.31918e-36	3.54424e-35	3.17211e-34	7.90442e-15	2.11442e-07	0.999986	1.41557e-05	2.04648e-11	3.96393e-32	6.57756e-33	6.668e-34	4.77954e-35	2.66015e-36	5.11591e-37	4.11682e-37	3.60808e-36	3.71751e-36	2.67365e-35	2.68045e-35	1.49058e-34	1.26315e-34	5.03521e-34	1.6918e-34	5.138e-34	8.47205e-35	1.65068e-34	1.76272e-35	1.91189e-35	1.50354e-36	1.39615e-36	1.6353e-37	7.25683e-37	4.17353e-36	
CGA494	0	0	0	0	0	0	0	0	0	0	0	0	0	1	0	0	0	0	0	0	0	0	0	0	0	0	0	0	0	0	0	0	0	0	0	0	0	0	0	0	0	
CGA495	0	0	0	0	0	0	0	0	0	0	0	0	0	1	0	0	0	0	0	0	0	0	0	0	0	0	0	0	0	0	0	0	0	0	0	0	0	0	0	0	0	
N86	1.65695e-39	9.37274e-35	7.70167e-31	2.90231e-26	7.08967e-25	1.5714e-23	1.2812e-19	2.67977e-15	1.15357e-12	2.05049e-12	2.12792e-13	3.33595e-14	2.1345e-12	8.15629e-10	3.91632e-06	0.00579489	0.326417	0.624397	0.0432563	0.000131066	9.66763e-08	2.72837e-11	4.10342e-15	1.61046e-17	2.92642e-20	4.47904e-22	4.66732e-25	3.51534e-27	2.29273e-30	8.87362e-33	3.60769e-36	5.05546e-37	3.26166e-36	1.44533e-36	7.68385e-39	5.86285e-40	1.81051e-42	6.4728e-44	1.68746e-46	3.50091e-46	2.30172e-45	
N87	1.62935e-40	1.12425e-35	2.29588e-31	8.06499e-27	1.94636e-25	8.0714e-23	1.46634e-18	1.13659e-14	3.34346e-13	1.22062e-13	5.91744e-15	9.24513e-15	3.0137e-13	1.65887e-09	1.06836e-05	0.0150165	0.372959	0.593381	0.0186035	2.98801e-05	1.20461e-08	1.88627e-12	1.44147e-16	1.32778e-20	3.09603e-24	1.45085e-26	1.05543e-29	6.19066e-31	6.90488e-34	2.64309e-35	1.80356e-38	4.17861e-40	1.30091e-43	1.95655e-45	1.02382e-49	1.04444e-51	1.48333e-56	8.3755e-59	4.36039e-64	4.73877e-67	8.07765e-72	
C12265	0	0	0	0	0	0	0	0	0	0	0	0	0	0	0	0	0	1	0	0	0	0	0	0	0	0	0	0	0	0	0	0	0	0	0	0	0	0	0	0	0	
N88	3.25957e-42	1.06635e-36	1.98347e-32	2.13469e-27	2.60074e-28	1.44421e-24	8.72843e-20	2.71119e-16	6.45152e-18	1.23948e-19	5.09012e-20	1.7668e-16	1.77215e-11	7.14417e-07	0.00741849	0.922161	0.0696632	0.000755839	5.10705e-07	5.45086e-11	2.04698e-15	3.57692e-20	3.37042e-25	1.90583e-30	1.18895e-35	1.49826e-38	7.89716e-42	1.15661e-39	4.18609e-39	1.31886e-39	2.56161e-41	5.35825e-42	8.63158e-44	1.20584e-44	1.13489e-46	1.09343e-47	1.48424e-50	6.89463e-52	4.92465e-55	7.26689e-57	1.55644e-59	
C404	0	0	0	0	0	0	0	0	0	0	0	0	0	0	1	0	0	0	0	0	0	0	0	0	0	0	0	0	0	0	0	0	0	0	0	0	0	0	0	0	0	
N89	1.68487e-36	4.54345e-33	1.7642e-30	1.30497e-27	4.30674e-30	9.03172e-27	4.14512e-22	3.37043e-18	4.33239e-19	2.49642e-19	7.7938e-20	2.03768e-17	3.03465e-12	1.78705e-07	0.00242485	0.958695	0.0387426	0.000137435	3.11423e-08	1.55335e-12	2.90965e-17	2.61912e-22	1.49024e-27	1.48243e-29	8.52417e-33	3.32498e-34	1.17929e-37	2.41918e-39	4.42394e-43	5.0329e-45	5.65273e-50	4.14593e-52	1.48074e-57	6.57527e-60	9.70075e-66	3.16721e-68	7.78982e-72	3.21077e-71	4.50224e-73	1.3536e-71	9.44623e-70	
N90	1.71638e-52	9.50112e-51	4.95685e-49	9.56882e-34	1.05083e-45	4.21754e-44	8.13648e-26	2.79073e-18	5.60523e-22	3.55662e-38	7.5821e-37	1.34137e-35	1.89123e-34	1.40613e-13	1.04444e-06	0.999992	6.67009e-06	4.38454e-12	6.12923e-35	2.26056e-36	6.25848e-38	1.7518e-39	4.04558e-40	8.03538e-39	8.16654e-39	1.43593e-37	1.46205e-37	2.05236e-36	2.05365e-36	2.16329e-35	1.75474e-35	1.29639e-34	9.30288e-36	2.6032e-35	1.31541e-36	1.70958e-36	6.63292e-38	6.39253e-38	3.20686e-39	2.30783e-38	2.59465e-37	
Cl11778	0	0	0	0	0	0	0	0	0	0	0	0	0	0	0	1	0	0	0	0	0	0	0	0	0	0	0	0	0	0	0	0	0	0	0	0	0	0	0	0	0	
Cl11779	0	0	0	0	0	0	0	0	0	0	0	0	0	0	0	1	0	0	0	0	0	0	0	0	0	0	0	0	0	0	0	0	0	0	0	0	0	0	0	0	0	
N91	4.88929e-47	4.41758e-41	2.49761e-36	1.26247e-30	1.0648e-31	8.82561e-28	3.487e-22	5.34054e-17	5.37578e-18	1.9342e-19	3.4127e-21	2.73167e-19	7.10015e-14	7.81199e-09	0.000250653	0.997275	0.00247407	4.81057e-07	2.09075e-11	3.26728e-16	2.34966e-21	9.92001e-27	1.82142e-31	6.47922e-34	6.47163e-38	1.25447e-40	7.56705e-45	7.12737e-48	2.59338e-52	1.12722e-55	1.77507e-60	3.52922e-64	2.51042e-70	1.22326e-74	3.19554e-81	3.0568e-86	2.90289e-93	5.87074e-99	1.49084e-106	2.39852e-112	1.41792e-37	
CGA594	0	0	0	0	0	0	0	0	0	0	0	0	0	0	0	1	0	0	0	0	0	0	0	0	0	0	0	0	0	0	0	0	0	0	0	0	0	0	0	0	0	
CGA48	0	0	0	0	0	0	0	0	0	0	0	0	0	0	0	1	0	0	0	0	0	0	0	0	0	0	0	0	0	0	0	0	0	0	0	0	0	0	0	0	0	
N92	4.07952e-46	7.84836e-45	1.54116e-43	2.89155e-42	5.10147e-41	8.34791e-40	1.25182e-38	1.70064e-37	2.12963e-20	1.69169e-18	2.06776e-34	1.63483e-33	1.06482e-32	5.47597e-32	2.08406e-31	5.26143e-31	9.66203e-12	9.11205e-06	0.99999	1.35807e-06	3.3294e-13	2.78087e-35	1.64201e-36	2.4019e-36	2.42745e-36	1.89315e-35	1.9668e-35	1.26942e-34	1.30966e-34	6.7073e-34	6.36573e-34	2.4173e-33	1.52922e-33	4.29314e-33	8.68834e-34	1.38529e-33	1.76938e-34	1.65883e-34	1.59707e-35	1.97963e-35	3.6331e-35	
C3134	0	0	0	0	0	0	0	0	0	0	0	0	0	0	0	0	0	0	1	0	0	0	0	0	0	0	0	0	0	0	0	0	0	0	0	0	0	0	0	0	0	
C3126	0	0	0	0	0	0	0	0	0	0	0	0	0	0	0	0	0	0	1	0	0	0	0	0	0	0	0	0	0	0	0	0	0	0	0	0	0	0	0	0	0	
N93	1.13773e-36	5.24024e-32	2.44139e-28	6.67854e-24	3.57587e-21	1.09393e-21	6.61546e-18	7.58615e-14	3.1577e-10	1.85813e-10	8.69177e-12	1.84525e-13	5.45191e-15	6.35831e-12	2.52097e-08	3.90305e-05	0.0159203	0.778866	0.202577	0.00259059	7.39622e-06	7.59819e-09	3.79203e-12	6.19934e-15	1.26268e-17	1.01091e-19	1.26837e-22	4.92024e-25	3.63733e-28	6.31181e-30	1.62327e-29	5.56455e-30	2.67327e-31	2.90954e-32	6.07303e-34	4.21531e-35	4.69062e-37	1.99424e-38	1.50599e-40	6.12926e-42	2.0608e-43	
CGA311	0	0	0	0	0	0	0	0	0	0	0	0	0	0	0	0	0	1	0	0	0	0	0	0	0	0	0	0	0	0	0	0	0	0	0	0	0	0	0	0	0	
N94	2.90732e-37	3.69815e-34	3.40838e-31	6.94276e-27	6.94277e-24	2.84845e-23	1.6997e-19	2.25263e-15	7.33196e-12	7.02922e-12	2.56117e-13	3.16436e-15	4.1875e-16	2.43955e-13	2.32673e-09	9.75336e-06	0.00936704	0.779599	0.208946	0.00207518	3.84234e-06	2.25136e-09	5.61284e-13	1.66982e-16	7.76819e-20	5.83517e-22	7.18974e-25	6.94871e-26	7.42512e-29	4.64146e-30	2.29364e-33	9.35928e-35	1.73857e-38	4.89827e-40	2.35379e-44	4.4662e-46	4.33516e-51	3.11688e-53	1.75619e-58	4.99407e-61	1.48121e-65	
N95	1.5547e-42	2.07076e-37	2.87196e-33	1.86828e-28	9.71168e-27	5.82111e-26	1.58775e-21	2.28775e-17	2.41295e-14	9.07682e-16	4.36275e-18	2.54985e-19	2.81126e-18	8.37171e-14	1.68637e-09	1.23095e-05	0.0198056	0.926819	0.0532288	0.000134499	7.2336e-08	1.36481e-11	1.1656e-15	5.26823e-20	1.45168e-24	1.5557e-27	1.25341e-30	1.83745e-32	9.72032e-36	7.85437e-38	2.82485e-41	1.2797e-43	9.85862e-45	8.69242e-43	1.86361e-44	5.34564e-45	2.18305e-47	4.17974e-48	5.69258e-51	3.31471e-52	6.60307e-54	
N96	3.39853e-49	4.98921e-48	7.89523e-47	1.33679e-45	2.45884e-44	4.71637e-43	8.8912e-42	3.09706e-25	3.72543e-23	3.75727e-38	4.90036e-37	5.59681e-36	5.48621e-35	4.49134e-34	7.68981e-15	2.12017e-07	0.99999	9.64839e-06	4.677e-12	5.32323e-33	5.3386e-34	3.82351e-35	2.11826e-36	1.00737e-37	9.11692e-39	6.21355e-38	6.38394e-38	6.17809e-37	6.38491e-37	5.17288e-36	5.36526e-36	3.50859e-35	3.59103e-35	1.78397e-34	1.56255e-34	5.09567e-34	9.02546e-35	1.47845e-34	1.68261e-35	1.64503e-35	5.38978e-36	
CGA45	0	0	0	0	0	0	0	0	0	0	0	0	0	0	0	0	1	0	0	0	0	0	0	0	0	0	0	0	0	0	0	0	0	0	0	0	0	0	0	0	0	
CGA46	0	0	0	0	0	0	0	0	0	0	0	0	0	0	0	0	1	0	0	0	0	0	0	0	0	0	0	0	0	0	0	0	0	0	0	0	0	0	0	0	0	
N97	4.11849e-45	4.3105e-40	9.81284e-36	5.1423e-31	1.92001e-28	1.6328e-27	2.71023e-23	2.43645e-19	3.91042e-16	1.66869e-17	5.21553e-18	2.39328e-18	1.72739e-18	1.59192e-14	4.02481e-10	3.84971e-06	0.00866155	0.952971	0.0382882	7.55866e-05	3.29277e-08	5.14302e-12	3.69168e-16	1.43111e-20	7.62064e-25	5.9493e-26	1.05181e-28	7.38892e-30	8.44351e-33	3.25042e-34	2.36676e-37	5.17689e-39	1.87728e-42	2.47999e-44	1.08431e-48	9.35234e-51	8.39826e-56	2.83847e-58	1.27963e-63	8.44705e-67	1.96754e-71	
N98	8.11538e-47	9.70341e-42	1.49583e-37	9.12638e-33	1.66689e-30	4.27556e-30	2.15693e-25	1.0526e-20	2.14609e-16	1.00552e-16	1.55335e-17	1.17814e-18	1.33486e-19	1.34544e-15	4.31003e-11	5.68547e-07	0.00214979	0.98695	0.0108889	1.10259e-05	2.9036e-09	2.99628e-13	1.50729e-17	4.37494e-22	2.24488e-26	2.99191e-28	1.88586e-31	1.98227e-33	8.24037e-37	4.83617e-39	1.39976e-42	4.61773e-45	9.11533e-49	1.65241e-51	1.4745e-55	1.57665e-58	1.27312e-63	4.98253e-66	1.16622e-67	1.35676e-67	3.55037e-68	
N99	9.56562e-54	2.12907e-47	6.88843e-43	7.38773e-37	1.34287e-34	2.03139e-35	1.37597e-29	9.37844e-24	3.22922e-18	9.4941e-20	1.06814e-21	5.74678e-24	4.37037e-26	8.94399e-21	5.54926e-15	1.4068e-09	0.000105733	0.999488	0.000406325	1.91375e-08	2.54401e-13	1.33749e-18	3.28924e-24	4.32944e-30	1.0699e-35	6.49677e-39	1.17974e-43	2.85641e-47	1.38177e-52	3.91034e-57	1.01087e-37	1.61334e-36	1.59498e-36	1.92135e-35	1.52803e-35	1.30327e-34	6.53003e-36	1.17962e-35	4.4883e-37	4.90786e-37	2.27088e-37	
C3043	0	0	0	0	0	0	0	0	0	0	0	0	0	0	0	0	0	1	0	0	0	0	0	0	0	0	0	0	0	0	0	0	0	0	0	0	0	0	0	0	0	
CGA87	0	0	0	0	0	0	0	0	0	0	0	0	0	0	0	0	0	1	0	0	0	0	0	0	0	0	0	0	0	0	0	0	0	0	0	0	0	0	0	0	0	
N100	3.61683e-53	6.14244e-47	1.98271e-42	1.59862e-36	2.95988e-34	6.02792e-35	2.77445e-29	1.29169e-23	3.2186e-18	1.348e-19	2.16003e-21	1.65727e-23	1.79585e-25	2.768e-20	1.29551e-14	2.47712e-09	0.000140371	0.999309	0.000550882	3.48344e-08	6.1904e-13	4.34103e-18	1.42205e-23	2.4825e-29	7.82855e-35	6.68597e-38	1.67214e-42	5.79584e-46	3.86726e-51	1.57095e-55	8.98351e-38	1.48732e-36	1.46602e-36	1.83262e-35	1.43789e-35	1.28099e-34	6.15818e-36	1.15901e-35	4.25232e-37	4.70842e-37	2.12309e-37	
CGA368	0	0	0	0	0	0	0	0	0	0	0	0	0	0	0	0	0	1	0	0	0	0	0	0	0	0	0	0	0	0	0	0	0	0	0	0	0	0	0	0	0	
CGA557	0	0	0	0	0	0	0	0	0	0	0	0	0	0	0	0	0	1	0	0	0	0	0	0	0	0	0	0	0	0	0	0	0	0	0	0	0	0	0	0	0	
CGA364	0	0	0	0	0	0	0	0	0	0	0	0	0	0	0	0	0	1	0	0	0	0	0	0	0	0	0	0	0	0	0	0	0	0	0	0	0	0	0	0	0	
C2208	0	0	0	0	0	0	0	0	0	0	0	0	0	0	0	0	0	0	1	0	0	0	0	0	0	0	0	0	0	0	0	0	0	0	0	0	0	0	0	0	0	
N101	8.56291e-32	8.29575e-28	2.34413e-24	1.34145e-20	8.2822e-19	1.96758e-18	5.932e-15	1.4257e-11	1.18236e-08	3.57172e-09	2.98138e-10	1.21709e-11	1.35608e-12	7.95119e-10	8.73628e-07	0.000387927	0.0491642	0.887132	0.0625312	0.000781028	3.22446e-06	6.00145e-09	6.79454e-12	3.35482e-14	1.37519e-16	1.64171e-18	4.41394e-21	2.86728e-23	5.03793e-26	1.86359e-28	2.16001e-31	4.59503e-34	3.20869e-37	3.82171e-40	1.25672e-43	8.67993e-47	1.44371e-50	6.00866e-54	6.35953e-58	2.59913e-61	9.31129e-65	
N102	3.05177e-38	2.49328e-33	2.66097e-29	1.07864e-24	9.17847e-23	1.60768e-22	2.44969e-18	2.08208e-14	3.14628e-11	7.20107e-13	4.10454e-15	4.63334e-17	5.12173e-17	5.20659e-13	6.57628e-09	3.00335e-05	0.0300267	0.953564	0.0163457	3.36316e-05	1.89636e-08	4.2152e-12	4.54216e-16	3.10462e-20	3.7295e-24	3.34614e-26	2.38204e-29	1.73298e-31	7.7643e-35	3.0811e-37	8.40103e-41	1.87588e-43	5.65156e-46	5.02651e-45	3.77639e-47	4.42295e-48	7.43929e-51	3.74219e-52	4.1413e-55	2.56757e-56	5.27551e-55	
N103	6.8792e-52	1.16754e-44	2.68354e-40	1.5615e-33	1.54432e-31	1.17373e-33	2.37576e-27	2.06774e-21	5.03321e-16	2.75836e-19	2.36396e-22	7.8331e-26	2.59161e-29	3.91095e-23	1.23132e-16	1.20129e-10	3.27027e-05	0.999894	7.31813e-05	6.6866e-10	1.79078e-15	1.52595e-21	4.38697e-28	4.90568e-35	6.54485e-40	9.95379e-39	1.01627e-38	1.38306e-37	1.41545e-37	1.57297e-36	1.59626e-36	1.38311e-35	1.2736e-35	8.03794e-35	3.76733e-35	1.85973e-34	1.52889e-35	2.14111e-35	1.28058e-36	1.33422e-36	7.23982e-37	
CGA453	0	0	0	0	0	0	0	0	0	0	0	0	0	0	0	0	0	1	0	0	0	0	0	0	0	0	0	0	0	0	0	0	0	0	0	0	0	0	0	0	0	
CGA383	0	0	0	0	0	0	0	0	0	0	0	0	0	0	0	0	0	1	0	0	0	0	0	0	0	0	0	0	0	0	0	0	0	0	0	0	0	0	0	0	0	
N104	2.76743e-42	4.18351e-37	8.9691e-33	6.72287e-28	1.34842e-26	3.90951e-25	1.2409e-20	1.81062e-16	6.6101e-14	2.45198e-16	4.74244e-19	5.37537e-20	2.98148e-18	7.94112e-14	2.53954e-09	2.96154e-05	0.0742391	0.921711	0.0040184	2.29872e-06	3.84378e-10	2.6553e-14	9.19245e-19	1.82346e-23	4.26196e-28	6.36845e-30	4.02911e-33	6.67136e-35	2.81783e-38	2.6279e-40	7.64509e-44	4.0683e-46	7.57178e-50	2.33257e-52	1.8652e-56	3.58364e-59	2.69018e-64	7.85053e-66	9.01835e-68	1.46484e-67	3.20839e-68	
N105	1.18855e-51	3.50925e-50	9.25084e-49	2.07179e-47	3.84014e-46	5.72677e-45	6.89175e-44	3.5862e-27	2.6967e-19	1.59709e-23	1.40882e-38	3.4266e-37	6.9545e-36	1.13334e-34	1.39683e-33	6.75308e-14	1.14059e-06	0.999998	7.94384e-07	8.14394e-14	8.86041e-36	2.26777e-37	4.6178e-39	2.25142e-40	1.5043e-40	3.6091e-39	3.66123e-39	7.38767e-38	7.509e-38	1.21844e-36	1.22999e-36	1.51545e-35	1.36832e-35	1.15984e-34	1.83994e-35	1.15153e-34	5.61837e-36	7.14238e-36	2.55384e-37	2.74576e-37	3.43553e-37	
CGA501	0	0	0	0	0	0	0	0	0	0	0	0	0	0	0	0	0	1	0	0	0	0	0	0	0	0	0	0	0	0	0	0	0	0	0	0	0	0	0	0	0	
C11776	0	0	0	0	0	0	0	0	0	0	0	0	0	0	0	0	0	1	0	0	0	0	0	0	0	0	0	0	0	0	0	0	0	0	0	0	0	0	0	0	0	
N106	3.84089e-51	1.21592e-49	3.45461e-48	8.40221e-47	1.70196e-45	2.75925e-44	3.36581e-43	7.79961e-27	2.83786e-25	9.10064e-41	2.81638e-39	7.7233e-38	1.81011e-36	3.52657e-35	2.03499e-15	1.10105e-07	0.999975	2.47754e-05	4.84465e-12	1.40339e-33	5.32669e-35	1.47889e-36	3.22118e-38	6.04757e-40	3.83987e-41	8.09627e-40	8.19963e-40	1.90962e-38	1.93805e-38	3.7541e-37	3.81401e-37	5.90943e-36	5.90228e-36	6.89366e-35	5.76721e-35	4.6636e-34	2.41014e-35	3.78875e-35	1.46772e-36	1.55628e-36	8.3865e-37	
C3121	0	0	0	0	0	0	0	0	0	0	0	0	0	0	0	0	1	0	0	0	0	0	0	0	0	0	0	0	0	0	0	0	0	0	0	0	0	0	0	0	0	
C3123	0	0	0	0	0	0	0	0	0	0	0	0	0	0	0	0	1	0	0	0	0	0	0	0	0	0	0	0	0	0	0	0	0	0	0	0	0	0	0	0	0	
N107	1.89133e-40	4.46548e-35	4.42322e-31	5.33987e-26	3.35589e-24	4.78272e-25	2.06151e-20	5.15565e-16	3.4317e-12	1.42464e-14	8.79725e-17	4.89985e-19	4.19321e-21	8.19714e-17	5.11782e-12	1.32288e-07	0.00100395	0.99604	0.00295442	1.1474e-06	1.30801e-10	6.16518e-15	1.45166e-19	2.48263e-24	1.27528e-28	1.50257e-31	1.68288e-35	1.1236e-38	7.5627e-43	2.56242e-46	1.03049e-50	1.73398e-54	3.74311e-59	2.96604e-63	2.48691e-68	8.59398e-73	1.08907e-78	9.0105e-84	3.69384e-90	8.72085e-96	3.57055e-102	
Calparcri	0	0	0	0	0	0	0	0	0	0	0	0	0	0	0	0	0	1	0	0	0	0	0	0	0	0	0	0	0	0	0	0	0	0	0	0	0	0	0	0	0	
C3118	0	0	0	0	0	0	0	0	0	0	0	0	0	0	0	0	0	1	0	0	0	0	0	0	0	0	0	0	0	0	0	0	0	0	0	0	0	0	0	0	0	
N108	4.04815e-38	2.16873e-34	1.1667e-31	3.07963e-28	3.90642e-27	1.73573e-24	9.49577e-20	1.05838e-15	5.07934e-14	9.98489e-14	7.8855e-14	3.13358e-13	2.76178e-11	8.81679e-08	0.000174545	0.0415217	0.619079	0.337139	0.00208437	1.44237e-06	2.38853e-10	1.71212e-14	1.89191e-18	1.43078e-20	6.92734e-24	1.37923e-24	5.92014e-27	1.6189e-27	5.4594e-30	1.12225e-29	1.23399e-31	2.50537e-31	8.2112e-34	1.28834e-33	1.00666e-36	9.31343e-37	2.71658e-40	3.0267e-41	6.86106e-45	3.1421e-46	1.5209e-47	
N109	3.91496e-37	8.95193e-33	6.64722e-29	8.26617e-25	6.47472e-22	2.33792e-21	5.95696e-18	2.97116e-14	3.78869e-11	3.02147e-10	2.47893e-10	8.9002e-11	6.87046e-11	2.92726e-08	2.3816e-05	0.00601822	0.255068	0.643118	0.0936131	0.00214539	1.35331e-05	3.31998e-08	6.41808e-11	7.09637e-12	1.02291e-13	1.0345e-14	7.94588e-17	3.72304e-18	1.68192e-20	3.87275e-22	9.5823e-25	1.11731e-26	8.54744e-30	5.59066e-32	1.04075e-35	2.35276e-38	2.29832e-42	2.26375e-45	1.3447e-49	1.84757e-52	5.1442e-55	
N110	8.12305e-33	6.59158e-29	2.10021e-25	6.26334e-22	2.73992e-19	1.82775e-18	3.23783e-16	2.6663e-13	9.00036e-11	1.8961e-09	7.48615e-09	8.96588e-09	6.6869e-09	4.3605e-07	0.000114629	0.0108129	0.243889	0.66471	0.0789583	0.00150567	8.36938e-06	1.86148e-08	2.01362e-11	1.96453e-14	7.15913e-17	4.05015e-18	2.11144e-20	6.65046e-22	2.23272e-24	3.84369e-26	8.43464e-29	8.09049e-31	1.00771e-33	5.48443e-36	2.28255e-39	7.31586e-42	1.15475e-45	1.76437e-48	1.60331e-52	1.39906e-55	3.98122e-59	
N111	2.41801e-31	2.068e-27	8.08098e-24	1.10556e-20	7.52584e-18	2.84208e-16	2.67805e-14	1.30998e-12	2.82626e-10	7.31382e-09	9.14964e-08	5.96997e-07	1.09425e-06	5.3175e-05	0.00274006	0.0563296	0.383105	0.531466	0.0260975	0.000205843	5.04124e-07	5.26851e-10	2.82248e-13	8.92913e-17	2.86497e-20	8.8745e-22	3.64286e-24	1.61514e-25	4.57646e-28	1.19103e-29	2.30885e-32	3.60783e-34	4.20349e-37	4.0794e-39	1.90784e-42	1.21846e-44	1.39701e-48	4.34613e-51	2.6658e-55	3.88296e-58	5.43916e-62	
N112	1.80427e-34	4.06716e-30	2.22666e-26	3.08553e-22	9.59747e-20	2.13288e-19	1.04906e-15	5.48225e-12	9.37478e-09	9.13137e-09	1.31105e-09	8.0472e-11	1.08776e-11	5.31715e-09	4.51084e-06	0.00131761	0.0935742	0.831028	0.0732459	0.000827544	2.55235e-06	7.06478e-09	5.50818e-11	3.11812e-12	1.61147e-14	4.01365e-16	9.0154e-19	1.15664e-20	1.18724e-23	8.79135e-26	4.25997e-29	1.92471e-31	4.47435e-35	1.22601e-37	1.38545e-41	2.0716e-44	1.23581e-48	8.34135e-52	3.23654e-56	2.22571e-59	2.74597e-62	
Triowe	0	0	0	0	0	0	0	0	0	0	0	0	0	0	0	0	0	1	0	0	0	0	0	0	0	0	0	0	0	0	0	0	0	0	0	0	0	0	0	0	0	
N113	2.06393e-34	2.6217e-30	1.56645e-26	1.01053e-22	2.36523e-20	5.70648e-19	1.28371e-15	1.88939e-12	6.45929e-10	5.32147e-10	6.59315e-11	3.74185e-12	1.18347e-12	5.24415e-10	8.1726e-07	0.000465269	0.0623768	0.855099	0.0810829	0.000972509	3.19868e-06	4.57417e-09	5.63948e-12	5.90148e-14	1.36466e-16	6.64051e-18	3.64653e-20	4.40475e-21	1.6987e-23	1.25189e-24	2.35293e-27	1.12617e-28	8.45507e-32	2.76511e-33	6.47204e-37	1.34867e-38	9.35314e-43	6.44441e-45	2.86247e-49	8.46723e-52	2.78453e-55	
Trijoh	0	0	0	0	0	0	0	0	0	0	0	0	0	0	0	0	0	1	0	0	0	0	0	0	0	0	0	0	0	0	0	0	0	0	0	0	0	0	0	0	0	
Trimel	0	0	0	0	0	0	0	0	0	0	0	0	0	0	0	0	0	1	0	0	0	0	0	0	0	0	0	0	0	0	0	0	0	0	0	0	0	0	0	0	0	
N114	2.56228e-29	2.9236e-25	2.44172e-21	7.98573e-20	6.20687e-16	2.20198e-12	1.33675e-12	3.07888e-13	9.05853e-11	4.21542e-07	0.000791758	0.328332	0.507695	0.148281	0.0143299	0.00055989	9.2873e-06	5.96376e-08	9.86102e-11	5.91068e-14	1.71148e-17	2.80586e-21	2.8753e-25	2.07312e-29	1.87535e-33	5.4078e-36	3.48786e-39	1.2909e-41	6.37345e-45	1.52125e-47	5.8128e-51	8.85587e-54	2.53584e-57	2.38541e-60	4.31306e-64	2.35567e-67	1.27076e-71	3.70283e-75	1.03068e-79	1.6783e-83	7.75697e-88	
N115	2.56965e-30	3.32451e-26	2.58555e-22	2.88319e-20	1.8255e-16	6.0352e-13	1.27385e-12	1.1108e-12	3.32028e-10	1.53113e-06	0.00236482	0.583136	0.379343	0.0343352	0.000813205	6.51302e-06	1.95453e-08	2.19201e-11	8.45676e-15	1.48206e-18	1.8408e-22	1.83452e-24	2.69684e-27	5.50056e-29	2.22669e-32	2.93989e-34	4.90641e-38	4.39133e-40	3.66503e-44	2.24293e-46	1.04262e-50	4.2786e-53	1.18657e-57	3.08385e-60	5.3635e-65	7.78382e-68	8.90025e-73	5.60145e-76	5.11427e-81	5.26752e-84	1.69615e-86	
Trihoe	0	0	0	0	0	0	0	0	0	0	0	1	0	0	0	0	0	0	0	0	0	0	0	0	0	0	0	0	0	0	0	0	0	0	0	0	0	0	0	0	0	
Tribit	0	0	0	0	0	0	0	0	0	0	0	1	0	0	0	0	0	0	0	0	0	0	0	0	0	0	0	0	0	0	0	0	0	0	0	0	0	0	0	0	0	
Trijac	0	0	0	0	0	0	0	0	0	0	0	1	0	0	0	0	0	0	0	0	0	0	0	0	0	0	0	0	0	0	0	0	0	0	0	0	0	0	0	0	0	
N116	3.13966e-33	2.79129e-29	7.63713e-26	3.93765e-22	4.56617e-20	1.08932e-19	2.64267e-16	6.37336e-13	5.63485e-10	5.04983e-10	9.37951e-11	8.36956e-12	1.5645e-12	8.09251e-10	9.13571e-07	0.000409831	0.0503379	0.823688	0.122982	0.00256624	1.52812e-05	3.65887e-08	4.48305e-11	1.96471e-13	1.30129e-15	4.14949e-17	1.83034e-19	3.0475e-21	8.38745e-24	7.64586e-26	1.29919e-28	6.69641e-31	6.22114e-34	1.86477e-36	7.24037e-40	1.25566e-42	2.05982e-46	1.73932e-49	1.66664e-53	1.01997e-56	3.98346e-60	
Tricri	0	0	0	0	0	0	0	0	0	0	0	0	0	0	0	0	0	1	0	0	0	0	0	0	0	0	0	0	0	0	0	0	0	0	0	0	0	0	0	0	0	
N117	4.70077e-35	5.34835e-31	2.49259e-27	1.43059e-23	2.05968e-21	2.30942e-20	4.73789e-17	6.34403e-14	2.09337e-11	9.51273e-12	1.035e-12	1.64244e-13	9.0229e-14	5.88707e-11	1.31969e-07	0.000118855	0.0291938	0.864156	0.104994	0.00153199	6.0004e-06	9.12359e-09	6.65651e-12	3.0316e-15	2.42502e-18	1.76042e-19	9.6441e-22	6.46595e-23	2.31691e-25	8.90465e-27	1.96625e-29	4.56407e-31	5.263e-34	7.84119e-36	3.2483e-39	3.20208e-41	3.11792e-45	1.29637e-47	7.30168e-52	1.4111e-54	2.37722e-58	
Triwie	0	0	0	0	0	0	0	0	0	0	0	0	0	0	0	0	0	1	0	0	0	0	0	0	0	0	0	0	0	0	0	0	0	0	0	0	0	0	0	0	0	
Triqua	0	0	0	0	0	0	0	0	0	0	0	0	0	0	0	0	0	1	0	0	0	0	0	0	0	0	0	0	0	0	0	0	0	0	0	0	0	0	0	0	0	
N118	8.43044e-32	1.64019e-28	2.30412e-25	2.61986e-22	4.05633e-20	8.18943e-19	2.92245e-16	1.02592e-13	1.43206e-11	1.59806e-10	5.00425e-10	7.60585e-10	1.37508e-09	1.20536e-07	3.63348e-05	0.00476122	0.167268	0.636198	0.181241	0.0103044	0.000189853	1.48895e-06	5.94053e-09	6.42176e-11	2.79613e-12	1.52494e-12	5.02886e-14	1.44376e-14	3.05039e-16	4.7977e-17	6.22057e-19	5.55804e-20	3.32623e-22	1.80808e-23	2.53128e-26	7.4159e-28	4.19898e-31	4.63176e-33	1.63576e-36	1.03707e-38	3.49061e-41	
N119	2.2181e-30	5.50817e-27	7.96709e-24	1.29385e-20	1.02908e-18	1.11806e-17	9.99813e-15	7.72984e-12	2.08844e-09	4.05763e-09	1.94556e-09	4.55417e-10	1.43326e-10	1.64951e-08	6.93427e-06	0.00127589	0.0734273	0.726329	0.189847	0.00897624	0.000136936	9.01632e-07	3.07407e-09	1.06641e-11	8.80362e-14	5.1707e-15	5.32961e-17	1.85712e-18	1.26925e-20	2.54598e-22	1.17525e-24	1.38349e-26	4.01361e-29	2.76193e-31	4.0243e-34	1.67471e-36	1.09685e-39	2.5979e-42	1.00596e-45	1.69834e-48	1.37309e-51	
Kinboe	0	0	0	0	0	0	0	0	0	0	0	0	0	0	0	0	0	1	0	0	0	0	0	0	0	0	0	0	0	0	0	0	0	0	0	0	0	0	0	0	0	
Kinfis	0	0	0	0	0	0	0	0	0	0	0	0	0	0	0	0	0	1	0	0	0	0	0	0	0	0	0	0	0	0	0	0	0	0	0	0	0	0	0	0	0	
Kinxen	0	0	0	0	0	0	0	0	0	0	0	0	0	0	0	0	0	1	0	0	0	0	0	0	0	0	0	0	0	0	0	0	0	0	0	0	0	0	0	0	0	
N120	1.71161e-34	1.96801e-31	7.92921e-29	3.25041e-26	2.43029e-25	2.25508e-22	4.60803e-19	2.11798e-16	1.29189e-14	9.10132e-14	9.42238e-14	7.07558e-12	8.205e-09	7.30763e-06	0.00195595	0.102071	0.64354	0.250918	0.00150559	1.63959e-06	6.02895e-10	9.85095e-14	8.92928e-18	1.87659e-21	2.51299e-23	1.96178e-22	1.65831e-23	6.13801e-23	2.45216e-24	3.2422e-24	4.62384e-26	1.89294e-26	5.74088e-29	9.04997e-30	2.56e-33	1.91765e-34	5.14481e-39	4.35329e-41	6.95217e-46	4.84019e-48	4.87495e-50	
N121	2.42253e-26	2.63454e-23	2.75472e-20	6.56663e-18	4.29362e-15	1.23837e-12	1.42391e-11	6.1709e-11	4.17026e-09	1.43374e-06	0.00026168	0.0154158	0.136913	0.350501	0.337996	0.135598	0.022102	0.00119672	1.32491e-05	6.19889e-08	1.55922e-10	2.39206e-13	2.44754e-16	5.64107e-19	5.06978e-21	4.10431e-22	3.88946e-24	2.05617e-25	1.5088e-27	5.12595e-29	2.9154e-31	6.23172e-33	2.47738e-35	3.16819e-37	5.60269e-40	4.45569e-42	2.33773e-45	6.85275e-48	2.11798e-51	5.25295e-54	9.2596e-57	
N122	2.21e-27	3.91624e-23	4.38184e-19	8.00978e-18	6.07152e-14	1.87527e-10	8.35434e-11	8.1719e-12	1.32767e-09	3.29152e-06	0.00288739	0.467793	0.461642	0.0651807	0.00246195	3.16966e-05	1.53528e-07	2.89407e-10	2.27427e-13	8.80409e-17	1.93629e-20	5.37153e-24	3.39761e-27	1.12983e-29	7.78855e-33	1.62221e-35	6.99202e-39	9.03737e-42	2.38815e-45	1.99781e-48	3.1456e-52	1.74383e-55	1.57768e-59	5.76502e-63	2.89889e-67	6.63961e-71	1.91348e-75	2.64965e-79	5.5005e-84	9.33963e-88	2.02558e-91	
N123	3.03557e-30	1.34537e-25	3.73246e-21	4.88648e-20	1.25198e-15	1.47414e-11	3.45528e-12	2.5013e-13	1.15525e-10	9.51507e-07	0.00235546	0.827099	0.167742	0.00279363	8.92418e-06	8.34728e-09	2.96996e-12	4.9539e-16	6.11766e-20	2.13676e-22	1.72024e-25	8.22284e-28	3.52211e-31	8.15074e-34	9.73111e-38	1.27057e-40	5.38405e-45	3.81404e-48	7.94324e-53	2.98136e-56	3.63758e-61	7.41346e-65	5.73963e-70	6.85366e-74	3.45142e-79	2.75244e-83	9.63134e-89	1.159e-92	3.47546e-96	1.86467e-99	6.83635e-103	
N124	1.48784e-29	1.83531e-25	1.29934e-21	1.4431e-19	6.2157e-16	1.32395e-12	2.88449e-12	2.99719e-12	9.04461e-10	3.74909e-06	0.00493389	0.880916	0.113122	0.00102272	1.91196e-06	1.2097e-09	3.39021e-13	2.34194e-16	9.67233e-19	8.48211e-20	2.53413e-22	1.09207e-23	1.61161e-26	3.62537e-28	3.72478e-32	3.77769e-34	1.54885e-38	5.22013e-41	1.32625e-45	1.81038e-48	3.06604e-53	2.3112e-56	2.614e-61	1.36962e-64	1.13254e-69	1.70999e-72	3.1142e-77	3.0067e-79	1.37101e-81	1.08675e-83	5.86069e-86	
Chaafr	0	0	0	0	0	0	0	0	0	0	0	1	0	0	0	0	0	0	0	0	0	0	0	0	0	0	0	0	0	0	0	0	0	0	0	0	0	0	0	0	0	
Chacha	0	0	0	0	0	0	0	0	0	0	0	1	0	0	0	0	0	0	0	0	0	0	0	0	0	0	0	0	0	0	0	0	0	0	0	0	0	0	0	0	0	
N125	2.09082e-29	2.63568e-25	2.06543e-21	1.83469e-19	1.32806e-15	4.77792e-12	6.95748e-12	3.96104e-12	9.48755e-10	3.90824e-06	0.00509807	0.905625	0.0886349	0.000637162	1.00997e-06	5.66103e-10	1.45392e-13	1.34717e-16	4.57946e-19	2.24128e-20	5.21582e-23	1.24347e-24	1.55386e-27	1.8465e-29	2.00279e-33	1.07314e-35	4.64946e-40	8.35418e-43	2.20447e-47	1.75871e-50	2.9816e-55	1.47051e-58	1.61774e-63	6.02317e-67	5.26147e-72	8.02211e-75	1.83785e-79	1.03728e-81	2.95635e-84	1.24868e-86	3.58421e-89	
Chacaly	0	0	0	0	0	0	0	0	0	0	0	1	0	0	0	0	0	0	0	0	0	0	0	0	0	0	0	0	0	0	0	0	0	0	0	0	0	0	0	0	0	
Chazey	0	0	0	0	0	0	0	0	0	0	0	1	0	0	0	0	0	0	0	0	0	0	0	0	0	0	0	0	0	0	0	0	0	0	0	0	0	0	0	0	0	
N126	2.48106e-26	8.71432e-23	2.03631e-19	4.27906e-17	4.40877e-14	1.285e-11	2.77425e-11	8.07946e-11	1.58151e-08	1.9129e-05	0.00806268	0.542436	0.410146	0.0384709	0.000858695	6.15701e-06	1.69607e-08	2.07145e-11	1.41734e-14	4.17721e-16	3.66526e-18	4.83037e-19	2.06781e-21	1.4891e-22	8.71412e-26	3.65785e-27	8.58672e-31	2.0588e-32	2.63964e-36	3.52917e-38	2.88896e-42	2.1134e-44	1.20646e-48	4.82143e-51	2.00601e-55	4.57873e-58	1.40491e-62	2.31589e-65	5.09876e-68	1.35114e-69	2.54117e-71	
Chadil	0	0	0	0	0	0	0	0	0	0	0	1	0	0	0	0	0	0	0	0	0	0	0	0	0	0	0	0	0	0	0	0	0	0	0	0	0	0	0	0	0	
Chasen	0	0	0	0	0	0	0	0	0	0	0	1	0	0	0	0	0	0	0	0	0	0	0	0	0	0	0	0	0	0	0	0	0	0	0	0	0	0	0	0	0	
Chanam	0	0	0	0	0	0	0	0	0	0	0	1	0	0	0	0	0	0	0	0	0	0	0	0	0	0	0	0	0	0	0	0	0	0	0	0	0	0	0	0	0	
N127	1.8566e-29	6.83408e-28	2.75561e-26	8.705e-25	3.83778e-24	5.36818e-22	4.62217e-19	1.66356e-16	8.8927e-15	8.02093e-14	5.36945e-13	3.55691e-11	1.61225e-08	9.98778e-06	0.00229767	0.108926	0.640633	0.245638	0.00248815	6.89875e-06	8.13589e-09	5.01192e-12	2.65308e-15	1.59589e-14	1.42519e-14	1.55641e-12	7.55802e-13	4.4721e-11	6.77532e-12	1.96085e-10	7.12874e-12	8.38642e-11	5.54544e-13	2.90697e-12	2.73715e-15	5.50753e-15	1.46843e-18	1.81057e-19	2.97441e-23	1.27214e-24	1.12837e-25	
Riebrev	0	0	0	0	0	0	0	0	0	0	0	0	0	0	0	0	0	0	0	0	0	0	0	0	0	0	0	0	0	0	1	0	0	0	0	0	0	0	0	0	0	
N128	2.51457e-33	7.76634e-29	2.96139e-25	5.56894e-21	2.74006e-21	8.19631e-20	1.20524e-15	9.03317e-12	4.63009e-10	1.05524e-11	9.73687e-14	8.65762e-16	6.15704e-13	3.38625e-09	8.25205e-06	0.00668767	0.961665	0.0314727	0.000166394	2.72139e-07	1.86966e-10	7.35824e-14	2.76712e-17	4.98575e-20	4.09028e-23	6.39046e-26	3.5226e-29	2.95992e-32	1.0999e-35	4.87956e-39	1.08094e-42	2.40035e-46	1.08993e-47	3.82782e-48	3.34535e-50	3.70135e-52	1.92924e-54	1.76721e-56	9.45195e-59	9.51911e-59	3.03138e-57	
N129	2.08719e-43	1.15741e-37	2.22701e-33	6.43666e-28	6.18331e-28	6.39798e-26	1.15193e-20	6.81574e-16	6.90625e-14	6.18481e-17	1.96603e-20	1.41069e-22	3.85072e-18	6.03643e-13	3.59553e-08	0.000570292	0.990679	0.00874546	5.66485e-06	7.80823e-10	3.60216e-14	7.11293e-19	7.08539e-24	2.40961e-28	3.95181e-32	2.92527e-33	8.89393e-35	6.76925e-35	1.58054e-36	8.44556e-37	1.24699e-38	4.88049e-39	3.23955e-41	9.63886e-42	6.43836e-45	6.99495e-46	3.08498e-49	1.51107e-50	5.19412e-54	1.49798e-55	2.33468e-57	
N130	4.13162e-40	1.56715e-36	7.42539e-34	1.79514e-30	8.31858e-31	4.27207e-28	6.24766e-23	2.8557e-18	3.13014e-16	1.60213e-19	7.09849e-23	3.60829e-23	1.4561e-18	2.81534e-13	2.13635e-08	0.000439747	0.992546	0.00701076	3.09972e-06	2.85184e-10	8.88351e-15	1.21048e-19	8.35205e-25	3.45582e-29	2.79438e-32	3.11053e-33	1.68308e-36	8.8898e-38	2.99187e-41	8.10525e-43	1.49255e-46	2.84576e-48	5.94284e-48	9.40797e-47	1.74044e-50	5.48568e-51	7.518e-55	6.07808e-56	7.60353e-60	3.43388e-59	2.71249e-57	
Braset	0	0	0	0	0	0	0	0	0	0	0	0	0	0	0	0	1	0	0	0	0	0	0	0	0	0	0	0	0	0	0	0	0	0	0	0	0	0	0	0	0	
N131	8.31643e-48	1.83736e-42	5.91985e-38	6.14814e-33	2.1912e-32	7.31857e-30	3.55546e-25	6.18275e-21	4.05016e-19	2.47441e-20	7.11783e-21	2.55489e-21	4.24893e-17	3.09759e-12	9.51034e-08	0.000864122	0.993789	0.00534401	2.80634e-06	3.87024e-10	2.09009e-14	5.48084e-19	8.02206e-24	4.79243e-27	5.00807e-30	2.46896e-31	1.65465e-34	4.44529e-36	2.03683e-39	3.06339e-41	9.95671e-45	8.29488e-47	1.65368e-50	7.52611e-53	2.81188e-58	1.45623e-61	3.51417e-67	5.76773e-71	8.81604e-77	1.94116e-80	3.2282e-83	
N132	1.03958e-50	1.38647e-44	6.12038e-40	4.64436e-34	1.28575e-34	6.36246e-32	3.8094e-26	1.158e-20	2.4427e-18	5.30181e-20	5.38393e-22	8.13582e-24	5.41439e-19	1.17299e-13	1.07012e-08	0.00029036	0.998815	0.000894798	1.00448e-07	3.32164e-12	4.58746e-17	3.20079e-22	1.38854e-27	4.11832e-31	4.294e-35	6.58592e-38	4.07144e-42	3.14261e-45	1.19604e-49	4.58774e-53	1.07761e-57	1.92306e-61	2.4459e-66	1.72296e-70	8.7e-77	6.11242e-82	1.10512e-88	2.829e-94	1.63649e-101	3.00135e-107	4.36831e-113	
Bramel	0	0	0	0	0	0	0	0	0	0	0	0	0	0	0	0	1	0	0	0	0	0	0	0	0	0	0	0	0	0	0	0	0	0	0	0	0	0	0	0	0	
Bratha	0	0	0	0	0	0	0	0	0	0	0	0	0	0	0	0	1	0	0	0	0	0	0	0	0	0	0	0	0	0	0	0	0	0	0	0	0	0	0	0	0	
N133	1.05847e-49	3.8413e-44	1.56821e-39	3.61346e-34	7.09495e-34	4.98116e-31	9.46151e-26	9.11955e-21	2.71222e-18	4.14518e-19	2.8222e-20	2.83015e-21	5.68437e-17	3.83878e-12	1.09493e-07	0.000927752	0.995927	0.00314412	1.21549e-06	1.36231e-10	6.32477e-15	1.4808e-19	2.07049e-24	2.17491e-27	1.1226e-30	1.28984e-32	4.2388e-36	2.66576e-38	5.96478e-42	2.09633e-44	3.31624e-48	6.38248e-51	6.48176e-55	6.3822e-58	2.32308e-63	2.62184e-67	5.47441e-73	3.28081e-77	4.34323e-83	5.18158e-87	2.21095e-90	
Bradra	0	0	0	0	0	0	0	0	0	0	0	0	0	0	0	0	1	0	0	0	0	0	0	0	0	0	0	0	0	0	0	0	0	0	0	0	0	0	0	0	0	
Bratra	0	0	0	0	0	0	0	0	0	0	0	0	0	0	0	0	1	0	0	0	0	0	0	0	0	0	0	0	0	0	0	0	0	0	0	0	0	0	0	0	0	
N134	1.00614e-43	1.19391e-38	1.49478e-34	8.6084e-30	4.60535e-30	7.12245e-28	2.66852e-23	6.73056e-19	9.64299e-17	1.02705e-17	5.07013e-19	3.68959e-20	4.39612e-16	1.76869e-11	3.01226e-07	0.00152917	0.993466	0.0050015	3.14905e-06	5.80642e-10	4.46333e-14	1.74019e-18	4.19709e-23	5.37632e-26	3.08147e-29	2.56982e-31	9.40818e-35	4.30521e-37	1.07481e-40	2.75596e-43	4.89691e-47	6.8832e-50	8.12959e-54	5.60875e-57	3.67145e-62	3.9512e-66	1.41576e-71	8.89577e-76	2.04406e-81	2.35101e-85	6.93459e-89	
Bragut	0	0	0	0	0	0	0	0	0	0	0	0	0	0	0	0	1	0	0	0	0	0	0	0	0	0	0	0	0	0	0	0	0	0	0	0	0	0	0	0	0	
Braven	0	0	0	0	0	0	0	0	0	0	0	0	0	0	0	0	1	0	0	0	0	0	0	0	0	0	0	0	0	0	0	0	0	0	0	0	0	0	0	0	0	
N135	2.96239e-37	1.11594e-32	9.1705e-29	1.65273e-24	3.30737e-24	4.73622e-22	4.21621e-18	1.38036e-14	2.71944e-13	1.68694e-15	8.41379e-17	1.90278e-17	6.28096e-14	7.24922e-10	3.5396e-06	0.00514486	0.973827	0.0209691	5.53573e-05	4.16664e-08	1.27855e-11	1.95348e-15	1.73974e-19	3.15689e-22	6.04611e-25	1.69149e-26	2.13077e-29	3.30602e-31	2.85385e-34	2.53024e-36	1.49543e-39	7.60811e-42	2.52409e-45	7.32811e-48	1.82961e-52	1.24107e-55	1.87842e-60	6.31459e-64	6.42554e-69	2.16129e-72	1.78487e-75	
Brapum	0	0	0	0	0	0	0	0	0	0	0	0	0	0	0	0	1	0	0	0	0	0	0	0	0	0	0	0	0	0	0	0	0	0	0	0	0	0	0	0	0	
Bradam	0	0	0	0	0	0	0	0	0	0	0	0	0	0	0	0	1	0	0	0	0	0	0	0	0	0	0	0	0	0	0	0	0	0	0	0	0	0	0	0	0	
