NODE	1	2	3	4	5	6	7	8	9	10	11	12	13	14	15	16	17	18	19	20	21	22	23	24	25	26	27	28	29	
N1	2.91796e-18	3.69015e-16	2.90079e-14	3.06445e-13	8.96539e-12	1.69921e-11	1.45609e-10	1.34408e-09	8.64771e-10	7.5473e-10	5.78051e-09	3.14228e-08	2.95038e-08	1.17217e-08	3.03092e-09	8.5316e-10	3.09159e-10	1	2.39949e-11	4.31098e-12	6.11854e-13	7.23756e-14	7.45714e-15	6.90909e-16	5.86836e-17	4.61297e-18	3.3733e-19	2.32435e-20	1.76115e-21	
Leiolep	0	0	0	0	0	0	0	0	0	0	0	0	0	0	0	0	0	1	0	0	0	0	0	0	0	0	0	0	0	
N2	1.23477e-31	9.84302e-27	2.63523e-22	9.99819e-21	1.33707e-16	4.24638e-16	3.22372e-12	1.469e-08	1.01658e-08	1.55565e-07	0.000847998	0.542427	0.412097	0.0360251	0.00206641	0.00283077	0.00298513	0.000710213	9.9928e-06	3.23446e-08	5.01446e-11	1.50901e-13	1.06414e-15	7.1365e-18	2.32003e-20	5.50116e-23	9.4554e-26	6.16246e-29	6.68837e-32	
N3	3.25925e-34	5.36667e-29	2.9492e-24	4.1162e-21	7.3749e-17	4.57104e-15	6.65359e-12	9.5562e-09	8.30356e-08	1.59946e-06	0.00172899	0.271165	0.151924	0.00856102	0.000441671	0.0012448	0.00738842	0.31473	0.179599	0.0552774	0.00779422	0.000136281	7.02181e-06	1.21282e-07	5.47042e-10	1.75513e-11	2.34268e-12	2.57454e-14	2.16862e-15	
N4	8.7268e-40	3.02048e-33	2.82332e-27	2.34329e-24	7.75965e-19	7.08566e-18	5.93564e-14	5.86747e-10	4.11643e-10	1.37409e-09	1.16502e-05	0.00634469	0.000883912	3.6495e-06	5.85786e-08	1.07328e-05	0.00523486	0.745303	0.22985	0.0121866	0.000170629	5.21413e-07	1.58945e-09	5.24824e-12	1.8672e-14	1.037e-16	6.39385e-19	1.012e-21	3.20944e-24	
N5	2.69277e-40	5.36028e-34	2.75218e-28	6.75549e-25	7.65519e-20	3.94952e-18	1.78499e-14	3.89041e-11	6.28254e-11	1.41088e-09	6.11657e-06	0.00209054	0.000220609	8.86231e-07	2.28836e-08	1.29023e-05	0.00892219	0.749438	0.229748	0.00946717	9.35073e-05	2.74339e-07	6.12775e-10	5.85845e-11	5.25164e-12	1.48856e-13	1.11746e-14	2.48691e-17	2.58405e-19	
B3088	0	0	0	0	0	0	0	0	0	0	0	0	0	0	0	0	0	1	0	0	0	0	0	0	0	0	0	0	0	
N6	1.94769e-37	4.43823e-32	4.52004e-27	9.12318e-24	2.00665e-19	1.23839e-17	2.55209e-14	3.39754e-11	2.28957e-10	7.19857e-09	8.67697e-06	0.00118881	0.000111853	7.4344e-07	1.84362e-07	6.64928e-05	0.0187634	0.746755	0.223948	0.00905573	0.000100557	4.48939e-07	2.80161e-09	1.20466e-09	2.54365e-10	1.73121e-11	2.84817e-12	1.71942e-14	4.44828e-16	
BGA709	0	0	0	0	0	0	0	0	0	0	0	0	0	0	0	0	0	1	0	0	0	0	0	0	0	0	0	0	0	
BGA309	0	0	0	0	0	0	0	0	0	0	0	0	0	0	0	0	0	1	0	0	0	0	0	0	0	0	0	0	0	
N7	3.28379e-42	1.2041e-35	1.15402e-29	9.44018e-27	3.40006e-21	1.72674e-20	2.44289e-16	3.72887e-12	1.81783e-12	1.37699e-11	1.89414e-07	0.000189073	6.26866e-06	6.13806e-09	3.72408e-10	1.64899e-06	0.00346041	0.89028	0.104878	0.00118039	3.155e-06	3.0798e-09	3.02272e-12	5.13613e-14	5.73177e-16	3.47676e-18	2.43707e-20	2.25671e-23	4.4558e-26	
N8	1.09006e-39	8.5203e-34	1.86928e-28	1.56915e-25	1.37956e-20	1.37059e-19	9.374e-16	3.67795e-12	2.37824e-12	2.69624e-11	7.12188e-08	1.5402e-05	3.45305e-07	1.19212e-08	2.57485e-08	3.05038e-05	0.0151429	0.914056	0.0700005	0.000752077	2.63068e-06	6.02349e-09	1.05168e-10	6.50033e-12	1.63771e-13	2.50529e-15	3.64611e-17	6.1298e-20	2.66694e-22	
B11696	0	0	0	0	0	0	0	0	0	0	0	0	0	0	0	0	0	1	0	0	0	0	0	0	0	0	0	0	0	
B11609	0	0	0	0	0	0	0	0	0	0	0	0	0	0	0	0	0	1	0	0	0	0	0	0	0	0	0	0	0	
N9	2.28454e-49	6.5461e-42	4.9187e-35	8.68344e-32	2.30979e-25	1.61181e-24	7.77577e-20	2.8849e-15	1.1892e-15	1.60994e-14	1.3596e-09	5.38473e-06	6.95731e-08	1.42765e-11	4.53706e-12	1.30135e-07	0.00120241	0.928634	0.0699029	0.000255392	1.72203e-07	3.85222e-11	1.14592e-14	2.68751e-16	2.57822e-18	6.2047e-21	3.77954e-23	1.05327e-26	2.78784e-28	
N10	3.44625e-38	2.05164e-34	7.19642e-31	6.62471e-30	2.6743e-26	2.1897e-25	9.03367e-21	1.75995e-16	1.60529e-16	1.06791e-14	5.4706e-10	1.68955e-06	1.61597e-08	5.27696e-12	1.3393e-11	2.37224e-07	0.00155761	0.932825	0.0653943	0.000221379	1.49358e-07	3.56766e-11	1.71595e-14	4.96489e-15	4.98443e-16	4.7345e-18	3.55855e-19	1.65181e-22	5.07334e-25	
N11	8.45302e-44	1.42995e-38	4.7753e-33	1.19033e-29	1.58637e-24	6.48747e-23	7.04651e-19	4.36824e-15	1.16965e-14	3.32963e-13	1.28128e-09	4.28206e-07	6.88117e-09	1.46448e-09	8.3769e-09	1.32855e-05	0.0100747	0.924102	0.0652965	0.000511578	1.2158e-06	1.53562e-09	2.75411e-11	6.31227e-12	5.04699e-13	1.6093e-14	8.57664e-16	1.14306e-18	7.65616e-21	
B983	0	0	0	0	0	0	0	0	0	0	0	0	0	0	0	0	0	1	0	0	0	0	0	0	0	0	0	0	0	
B11604	0	0	0	0	0	0	0	0	0	0	0	0	0	0	0	0	0	1	0	0	0	0	0	0	0	0	0	0	0	
N12	6.70047e-44	1.19646e-37	5.794e-32	5.77477e-29	1.15988e-23	8.35193e-23	1.11864e-18	8.35655e-15	3.5213e-15	4.44414e-14	2.32999e-10	9.90608e-08	9.89262e-09	1.57646e-09	3.95768e-09	9.78347e-06	0.00893896	0.952518	0.0383237	0.000209366	3.71438e-07	4.74191e-10	6.26097e-12	2.63984e-13	4.39119e-15	4.25883e-17	4.04332e-19	3.39445e-22	8.09024e-25	
BGAA1	0	0	0	0	0	0	0	0	0	0	0	0	0	0	0	0	0	1	0	0	0	0	0	0	0	0	0	0	0	
BGA584	0	0	0	0	0	0	0	0	0	0	0	0	0	0	0	0	0	1	0	0	0	0	0	0	0	0	0	0	0	
N13	7.81748e-43	1.05772e-36	3.91666e-31	4.37302e-28	6.33275e-23	6.76252e-22	6.95068e-18	4.01215e-14	2.59424e-14	3.545e-13	1.3831e-09	4.31659e-07	1.6896e-08	3.18075e-09	8.69885e-09	1.56056e-05	0.0111372	0.938389	0.0500984	0.000358513	8.26663e-07	1.29636e-09	2.1892e-11	1.37363e-12	3.3709e-14	4.71013e-16	6.72261e-18	7.60995e-21	2.59721e-23	
BGA303	0	0	0	0	0	0	0	0	0	0	0	0	0	0	0	0	0	1	0	0	0	0	0	0	0	0	0	0	0	
BGAB1	0	0	0	0	0	0	0	0	0	0	0	0	0	0	0	0	0	1	0	0	0	0	0	0	0	0	0	0	0	
PGA445	0	0	0	0	0	0	0	0	0	0	0	0	0	0	0	0	0	1	0	0	0	0	0	0	0	0	0	0	0	
N14	1.12771e-41	1.93318e-34	8.17031e-28	3.56575e-24	1.19457e-18	3.91872e-17	1.74748e-12	3.0053e-09	1.97458e-08	3.08864e-06	0.00805091	0.964729	0.0270713	0.000143922	1.62793e-06	1.44915e-08	2.44986e-09	2.35779e-10	2.66855e-13	5.21131e-17	3.81977e-21	1.8585e-25	2.37607e-29	9.72559e-32	4.81705e-33	1.77469e-34	1.21226e-35	2.23707e-37	1.34373e-35	
N15	5.57739e-36	7.51338e-30	2.48941e-24	4.58371e-20	2.44635e-16	4.9423e-13	1.12325e-09	4.81477e-08	1.67167e-05	0.0119871	0.364269	0.613823	0.00987244	3.09137e-05	8.61373e-08	4.85015e-10	1.50061e-11	6.84516e-13	7.31175e-16	3.02558e-18	3.07583e-21	1.45164e-24	4.6921e-27	5.45225e-29	9.50581e-30	2.10665e-30	1.48526e-30	2.1054e-32	4.71942e-33	
Rhaspe	0	0	0	0	0	0	0	0	0	1	0	0	0	0	0	0	0	0	0	0	0	0	0	0	0	0	0	0	0	
N16	2.7689e-26	5.40019e-24	7.64871e-22	1.20696e-18	4.10654e-15	4.53311e-12	6.10508e-09	4.02598e-07	6.24865e-05	0.0178269	0.411059	0.56164	0.00937539	3.56333e-05	1.62519e-07	2.55492e-08	1.28491e-09	3.1919e-10	6.24623e-13	1.4212e-14	2.88279e-17	2.31565e-20	3.73193e-22	3.30966e-23	3.69859e-25	9.07242e-27	1.68591e-27	1.16552e-30	4.32983e-32	
Rhamar	0	0	0	0	0	0	0	0	0	1	0	0	0	0	0	0	0	0	0	0	0	0	0	0	0	0	0	0	0	
Rhatem	0	0	0	0	0	0	0	0	0	0	1	0	0	0	0	0	0	0	0	0	0	0	0	0	0	0	0	0	0	
N17	3.88292e-39	2.12818e-34	6.03263e-30	1.78771e-27	1.08316e-20	1.10408e-19	1.63886e-14	1.89534e-09	1.61025e-09	3.55108e-08	0.00123608	0.985018	0.0137311	1.45117e-05	3.71261e-08	1.44743e-09	3.47596e-09	3.44773e-09	1.59701e-11	8.88431e-14	8.57939e-17	3.63423e-20	3.60404e-23	2.88002e-26	3.56043e-29	1.89898e-30	1.43944e-31	8.56567e-34	1.45711e-34	
N18	3.08345e-42	5.88052e-35	2.83716e-28	4.3015e-25	7.00841e-19	8.52516e-18	5.2562e-13	6.93531e-09	4.61543e-09	1.06458e-07	0.00199814	0.985982	0.0113029	5.50677e-06	7.18657e-08	4.19719e-06	9.44149e-05	0.000608835	3.54422e-06	1.94357e-08	1.44852e-11	3.0312e-15	3.43467e-18	2.07259e-20	3.58059e-23	6.96347e-26	2.18116e-28	1.46196e-32	7.45715e-36	
N19	7.27439e-37	7.96724e-31	2.26504e-25	6.14046e-22	2.86556e-17	2.65647e-15	1.73529e-11	1.86237e-08	1.25317e-07	1.00827e-05	0.0141396	0.966391	0.0186651	8.02271e-05	3.40316e-05	0.000207674	0.000374795	9.72953e-05	3.72942e-07	6.09473e-10	4.83515e-13	2.62732e-16	2.20497e-18	1.9818e-19	6.70252e-21	9.92074e-23	2.56849e-24	1.33787e-27	4.4185e-30	
FGA379	0	0	0	0	0	0	0	0	0	0	0	0	0	0	0	0	1	0	0	0	0	0	0	0	0	0	0	0	0	
N20	1.7456e-35	1.88473e-29	5.21429e-24	9.49787e-21	5.95469e-16	3.02293e-14	1.22141e-10	2.71264e-07	1.02835e-06	1.83173e-05	0.0117382	0.952436	0.0351876	0.000472505	0.000127045	1.83241e-05	1.00373e-06	1.64632e-08	1.59952e-11	6.71204e-15	1.642e-18	7.10866e-22	5.26061e-24	1.10293e-25	7.99203e-28	2.77449e-30	1.54636e-32	3.87044e-36	4.91271e-39	
N21	1.76633e-38	1.6654e-31	3.35258e-25	2.0416e-21	1.13478e-16	2.83898e-14	8.53149e-11	6.97507e-08	4.81276e-07	9.28232e-05	0.0199837	0.927538	0.0518323	0.000546557	5.89551e-06	4.16414e-08	9.24045e-11	1.88533e-13	1.60969e-17	5.51907e-21	4.38854e-23	3.14119e-24	3.9802e-25	9.69547e-26	4.81914e-27	4.27925e-28	5.90198e-29	4.37232e-31	4.98493e-32	
N22	1.55569e-36	3.26311e-32	1.34624e-27	5.41693e-24	3.50016e-18	2.31777e-16	2.69203e-11	2.11048e-08	4.28181e-08	1.52634e-05	0.0260109	0.95211	0.021822	4.17378e-05	5.54675e-08	4.02179e-11	8.73627e-15	2.67058e-18	3.36641e-22	1.50064e-25	2.72761e-27	6.44599e-29	4.5738e-30	3.2725e-31	2.78256e-33	1.65449e-34	7.52034e-36	5.1071e-38	1.44457e-38	
F3015	0	0	0	0	0	0	0	0	0	0	1	0	0	0	0	0	0	0	0	0	0	0	0	0	0	0	0	0	0	
N23	4.13495e-36	6.34153e-32	5.29509e-28	6.31982e-25	5.15678e-19	9.60445e-17	3.84047e-12	4.05111e-09	2.47739e-08	5.89709e-06	0.0255816	0.956964	0.017438	1.03004e-05	2.99065e-09	2.53458e-12	3.34598e-15	2.2249e-17	2.11011e-21	1.01719e-24	1.2025e-28	2.3165e-31	1.35039e-32	4.54494e-34	1.20697e-35	9.03498e-37	6.28429e-37	2.777e-39	4.74317e-40	
N24	7.82606e-36	8.75493e-32	5.84718e-28	7.99998e-25	1.60318e-19	7.86572e-17	4.88656e-13	3.16687e-09	4.7281e-08	8.27186e-06	0.0170057	0.963066	0.0199131	6.55145e-06	3.80952e-09	1.39423e-10	2.93488e-13	1.14315e-15	5.35792e-20	3.44839e-23	1.11913e-27	2.16325e-32	1.47932e-34	2.63745e-31	5.37403e-32	4.01008e-33	1.26866e-33	2.38704e-36	2.80448e-37	
N25	2.4119e-45	1.17082e-40	8.71432e-33	5.78008e-29	8.44528e-22	6.63217e-20	2.28265e-13	2.85159e-10	6.41667e-11	5.86135e-07	0.0253597	0.971637	0.00300278	1.31634e-07	1.69141e-12	7.25671e-16	1.1163e-19	6.63575e-23	3.45292e-28	6.33567e-32	3.48602e-35	6.75607e-39	6.82298e-41	9.21806e-38	2.50303e-37	4.51774e-37	6.21954e-36	7.64693e-37	1.86721e-36	
N26	5.72557e-37	1.25494e-32	1.35161e-28	5.15832e-27	4.24258e-22	5.92293e-19	1.26409e-13	3.17999e-11	3.43266e-10	5.79544e-06	0.0395185	0.957174	0.00330156	5.52737e-07	1.76023e-11	6.50319e-13	1.18704e-15	3.21426e-17	3.44934e-22	9.73517e-26	4.50164e-31	3.37375e-35	9.04319e-37	1.86743e-36	7.24738e-38	7.26756e-39	1.5003e-38	1.00154e-41	8.45383e-43	
F1476	0	0	0	0	0	0	0	0	0	0	1	0	0	0	0	0	0	0	0	0	0	0	0	0	0	0	0	0	0	
N27	1.90893e-36	4.54358e-32	5.65708e-28	6.54148e-26	1.2959e-21	7.97664e-18	1.18924e-13	2.61993e-10	3.52175e-08	7.58501e-05	0.0455456	0.944969	0.0093974	1.18944e-05	7.06384e-09	4.33026e-10	8.05545e-13	8.78784e-15	8.14315e-20	3.00229e-23	2.23201e-26	4.66263e-29	5.29411e-30	1.08481e-29	3.99034e-31	3.34394e-32	3.16926e-32	2.23875e-35	1.14952e-36	
Furcep	0	0	0	0	0	0	0	0	0	0	0	0	0	1	0	0	0	0	0	0	0	0	0	0	0	0	0	0	0	
N28	2.97947e-34	1.87719e-30	6.59487e-27	3.02443e-25	1.33003e-19	6.24704e-17	1.06488e-11	2.47661e-09	2.05952e-08	2.05252e-05	0.075033	0.921163	0.00378185	1.65867e-06	3.16321e-10	2.65187e-12	1.62872e-15	2.24648e-17	3.47049e-21	3.57121e-24	4.44063e-28	1.13669e-32	7.14133e-36	3.10948e-38	2.57934e-42	1.67098e-45	8.35894e-48	6.50998e-52	2.40729e-51	
Furpol	0	0	0	0	0	0	0	0	0	0	0	1	0	0	0	0	0	0	0	0	0	0	0	0	0	0	0	0	0	
N29	2.62681e-41	2.47371e-34	5.69871e-28	6.67229e-24	7.50204e-19	5.30456e-16	7.92003e-11	1.49763e-10	3.05833e-09	0.000126758	0.842143	0.157633	9.75319e-05	1.21174e-08	8.43484e-13	3.34828e-15	1.05268e-17	9.34067e-20	5.26596e-24	1.97656e-27	9.18634e-32	1.42371e-36	2.15478e-40	3.83775e-43	2.13741e-46	1.774e-49	4.90813e-52	7.57226e-56	1.36853e-55	
N30	5.68582e-42	6.52641e-35	1.90656e-28	2.83407e-24	4.64868e-19	4.87089e-16	1.20134e-10	2.09137e-10	4.66135e-09	0.000195671	0.975715	0.0240839	5.19143e-06	3.099e-10	2.00273e-13	1.5965e-15	1.51661e-18	2.99736e-21	7.11894e-26	1.28159e-29	2.9379e-34	1.40242e-38	7.35882e-42	1.91751e-44	2.55794e-48	6.16213e-52	4.50437e-55	2.49608e-60	2.5804e-64	
F2241	0	0	0	0	0	0	0	0	0	0	1	0	0	0	0	0	0	0	0	0	0	0	0	0	0	0	0	0	0	
Furang	0	0	0	0	0	0	0	0	0	0	1	0	0	0	0	0	0	0	0	0	0	0	0	0	0	0	0	0	0	
FGA490	0	0	0	0	0	0	0	0	0	0	1	0	0	0	0	0	0	0	0	0	0	0	0	0	0	0	0	0	0	
N31	3.52194e-43	1.17893e-38	1.82641e-31	1.19092e-27	3.92479e-21	2.89982e-19	2.53715e-13	4.69844e-10	2.34873e-10	1.13775e-06	0.0332599	0.966224	0.000514851	2.74387e-08	1.7283e-12	9.64291e-15	6.62817e-18	1.8411e-20	2.38492e-25	2.91583e-29	2.35606e-34	9.00046e-40	6.48992e-43	1.86703e-41	2.85379e-42	6.8559e-44	8.74562e-45	4.3181e-48	7.35586e-48	
N32	6.12696e-42	2.10753e-37	1.73886e-30	1.56591e-26	1.90505e-20	2.91371e-18	2.51693e-13	9.34343e-10	7.41089e-09	1.16378e-06	0.0291691	0.970002	0.000827696	7.21742e-08	5.81009e-11	1.20528e-12	1.36837e-15	4.39969e-18	5.85011e-23	1.03381e-26	1.18152e-31	3.25373e-36	2.16761e-39	2.55479e-39	6.31796e-38	3.36144e-39	8.28291e-40	6.15899e-43	1.89056e-44	
N33	3.01973e-45	1.68002e-39	5.25525e-32	9.91301e-28	2.16749e-21	2.53642e-19	3.27783e-15	1.61321e-09	1.66244e-08	8.49568e-08	0.00114363	0.99479	0.00406448	1.34112e-06	4.16159e-09	4.85921e-11	2.1109e-14	6.49461e-18	2.09578e-23	1.10825e-27	1.96309e-31	1.92709e-33	7.09425e-35	2.5067e-35	2.09046e-37	3.18931e-39	9.6142e-41	2.29231e-44	3.76507e-46	
N34	2.06868e-36	2.44543e-32	1.59767e-28	4.16153e-27	1.20837e-20	1.41629e-19	1.94889e-14	1.63801e-09	5.90201e-10	7.13994e-09	0.000314804	0.997894	0.00179072	2.43626e-07	6.84786e-11	2.15545e-13	2.45572e-16	3.6888e-18	1.63898e-22	9.02774e-26	2.5299e-30	7.64072e-35	3.03607e-38	3.07771e-41	3.29322e-45	1.7444e-48	9.75495e-51	1.24721e-55	1.50374e-56	
N35	3.60026e-43	4.89915e-36	1.58554e-29	3.00211e-26	3.97899e-20	1.51223e-19	1.11717e-14	6.7477e-10	2.34479e-10	6.16417e-09	0.000237967	0.998912	0.000849492	1.02747e-07	9.2855e-12	9.81542e-14	3.32954e-16	3.67345e-18	1.09165e-22	2.76639e-26	7.24269e-31	7.4199e-36	1.40176e-39	4.31517e-42	1.78479e-45	1.08101e-48	2.49251e-51	1.58891e-56	2.11318e-60	
FGA456	0	0	0	0	0	0	0	0	0	0	0	1	0	0	0	0	0	0	0	0	0	0	0	0	0	0	0	0	0	
FGA513	0	0	0	0	0	0	0	0	0	0	0	1	0	0	0	0	0	0	0	0	0	0	0	0	0	0	0	0	0	
F12278	0	0	0	0	0	0	0	0	0	0	0	1	0	0	0	0	0	0	0	0	0	0	0	0	0	0	0	0	0	
N36	2.67766e-41	3.09732e-34	9.0147e-28	3.30856e-23	1.02314e-18	1.23189e-15	3.98698e-13	1.09224e-08	1.95246e-06	1.1743e-05	0.000638909	0.845721	0.149973	0.00365024	2.92863e-06	1.0102e-07	6.26094e-10	1.10511e-11	5.5338e-16	1.70669e-19	6.89337e-24	1.8569e-28	1.32046e-31	7.61832e-34	4.24563e-37	3.92328e-40	1.28003e-42	1.37528e-47	2.33862e-51	
Furant	0	0	0	0	0	0	0	0	0	0	0	1	0	0	0	0	0	0	0	0	0	0	0	0	0	0	0	0	0	
FGA331	0	0	0	0	0	0	0	0	0	0	0	0	0	1	0	0	0	0	0	0	0	0	0	0	0	0	0	0	0	
FGA465	0	0	0	0	0	0	0	0	0	0	1	0	0	0	0	0	0	0	0	0	0	0	0	0	0	0	0	0	0	
N37	9.08322e-43	1.38909e-35	5.30933e-29	3.71933e-25	1.69644e-19	4.07266e-17	1.16e-11	8.50889e-10	1.71457e-09	2.30781e-05	0.214304	0.785373	0.000299769	2.36731e-08	2.82598e-12	2.3448e-14	5.60499e-17	3.60573e-19	8.82886e-24	1.28299e-27	2.67239e-32	2.97365e-37	8.44632e-40	5.56154e-38	7.52663e-39	5.58837e-40	1.44152e-40	1.79928e-43	3.7896e-45	
FGA99	0	0	0	0	0	0	0	0	0	0	1	0	0	0	0	0	0	0	0	0	0	0	0	0	0	0	0	0	0	
N38	7.42717e-40	1.6904e-34	4.20968e-28	2.7778e-24	9.98359e-19	1.05333e-16	1.23678e-11	5.45405e-09	2.61826e-08	2.56178e-05	0.22305	0.77661	0.000314627	2.68622e-08	4.50419e-11	1.01955e-12	1.73481e-15	6.45573e-18	1.80935e-22	5.71701e-26	1.63865e-30	1.94298e-34	2.33888e-37	2.02708e-39	6.11716e-43	3.59723e-46	8.29135e-49	9.46421e-54	3.49425e-57	
FGA15	0	0	0	0	0	0	0	0	0	0	1	0	0	0	0	0	0	0	0	0	0	0	0	0	0	0	0	0	0	
FGA581	0	0	0	0	0	0	0	0	0	0	0	1	0	0	0	0	0	0	0	0	0	0	0	0	0	0	0	0	0	
FGA104	0	0	0	0	0	0	0	0	0	0	0	0	1	0	0	0	0	0	0	0	0	0	0	0	0	0	0	0	0	
FGA489	0	0	0	0	0	0	0	0	0	0	1	0	0	0	0	0	0	0	0	0	0	0	0	0	0	0	0	0	0	
FGA174	0	0	0	0	0	0	0	0	0	0	0	0	0	1	0	0	0	0	0	0	0	0	0	0	0	0	0	0	0	
FurbGB	0	0	0	0	0	0	0	0	0	0	0	1	0	0	0	0	0	0	0	0	0	0	0	0	0	0	0	0	0	
N39	3.28412e-38	3.34802e-35	3.95093e-29	1.77343e-25	7.3098e-20	4.89481e-18	1.26889e-13	4.75989e-10	6.06757e-10	5.97905e-08	0.000774164	0.311715	0.0034189	2.12709e-06	3.96671e-08	2.39322e-05	0.00347273	0.668735	0.0110638	0.000792146	1.80996e-06	9.69719e-10	9.42957e-12	7.91396e-13	6.37363e-15	1.05141e-16	1.331e-17	2.16137e-21	1.76523e-23	
N40	6.99427e-40	1.13568e-33	4.92847e-28	1.48603e-24	1.41327e-19	1.23628e-17	1.80469e-13	3.1103e-10	1.39652e-09	2.12399e-07	0.000746188	0.0702092	0.000990189	1.90519e-06	2.22806e-07	9.95105e-05	0.0285413	0.871171	0.0275322	0.000705344	2.8175e-06	3.69263e-09	3.34746e-11	5.61832e-12	3.17495e-13	9.58162e-15	6.29165e-16	3.92346e-19	2.5109e-21	
N41	4.33538e-41	1.89237e-34	2.19553e-28	4.7355e-25	8.80617e-20	6.14388e-18	3.58352e-13	4.64778e-11	6.36927e-11	4.60321e-08	0.000157073	0.00095876	4.16513e-06	2.83296e-07	3.33868e-06	0.00336035	0.334001	0.653656	0.00783838	2.12581e-05	2.11059e-08	1.3342e-11	5.99056e-14	8.41019e-16	4.54479e-18	1.43015e-20	4.08773e-23	1.48866e-26	2.17112e-26	
CGA312	0	0	0	0	0	0	0	0	0	0	0	0	0	0	0	0	0	1	0	0	0	0	0	0	0	0	0	0	0	
N42	4.08821e-43	3.88951e-38	2.46193e-33	1.35655e-29	1.14808e-23	5.53233e-21	1.0691e-15	1.78823e-14	2.3742e-12	7.94917e-09	1.14953e-05	2.09512e-05	4.88812e-07	2.04466e-07	9.88672e-06	0.0105578	0.509077	0.479029	0.00129316	4.11245e-07	3.31736e-11	1.09174e-15	1.47822e-19	2.9502e-22	8.54508e-24	7.47609e-25	2.92346e-25	1.59755e-27	7.05743e-29	
N43	1.91371e-44	1.65351e-41	4.63968e-36	6.28086e-33	1.7436e-28	8.15901e-24	2.3884e-18	1.84642e-17	1.54309e-14	1.69698e-09	5.2213e-07	3.08392e-07	1.13879e-07	1.68039e-07	0.000590838	0.0956101	0.884786	0.0190108	1.19373e-06	8.71164e-12	1.80344e-17	1.26322e-23	9.12474e-29	5.89971e-31	8.38377e-32	1.36287e-31	2.09352e-30	1.64069e-31	1.50914e-31	
N44	1.75577e-43	9.56035e-39	2.67186e-34	2.98125e-32	6.30657e-29	5.11495e-26	1.04925e-19	3.04902e-17	7.54363e-15	1.7421e-10	4.30443e-08	4.33999e-08	8.48203e-08	1.08724e-07	0.000402031	0.0896781	0.895291	0.0146269	1.84758e-06	7.7429e-11	2.22249e-13	3.81329e-15	3.97371e-18	1.68548e-20	4.13853e-24	7.40358e-27	1.81786e-28	1.01887e-31	9.93749e-33	
N45	3.72053e-51	1.38963e-43	1.17738e-36	3.65421e-33	3.46268e-27	3.16145e-25	1.9761e-19	6.88325e-18	1.17683e-18	2.97249e-14	1.35868e-09	1.21095e-08	4.79757e-10	4.18187e-10	3.60294e-06	0.018488	0.938819	0.0426661	2.30907e-05	3.87228e-09	7.08323e-12	1.95861e-14	2.46045e-17	3.27122e-20	6.70813e-24	1.64661e-27	5.69094e-30	3.09479e-32	2.66327e-33	
CGA642	0	0	0	0	0	0	0	0	0	0	0	0	0	0	0	0	1	0	0	0	0	0	0	0	0	0	0	0	0	
N46	3.9905e-39	5.04564e-35	3.85282e-31	8.35568e-30	2.56419e-26	4.12587e-26	4.33041e-21	3.14484e-19	7.02905e-18	2.49998e-14	5.62407e-10	3.84305e-09	9.69124e-11	2.96676e-09	1.97912e-06	0.0234406	0.920494	0.0560452	1.86389e-05	1.62165e-09	3.19663e-13	8.49575e-15	4.70328e-17	2.52194e-18	1.57208e-20	1.82436e-23	1.82803e-27	2.84049e-32	8.14449e-35	
CGA763	0	0	0	0	0	0	0	0	0	0	0	0	0	0	0	1	0	0	0	0	0	0	0	0	0	0	0	0	0	
C601	0	0	0	0	0	0	0	0	0	0	0	0	0	0	0	0	0	1	0	0	0	0	0	0	0	0	0	0	0	
N47	3.41262e-39	4.61136e-35	3.67213e-31	1.63857e-28	1.53981e-26	6.40998e-24	6.03574e-20	1.97111e-17	4.01619e-14	9.39615e-11	1.33335e-08	2.90325e-08	8.58857e-08	1.15599e-06	0.000868227	0.102979	0.884795	0.0113531	3.40921e-06	2.4813e-10	4.55485e-14	2.51055e-15	1.31004e-17	6.86712e-19	2.80291e-21	3.39744e-24	4.47025e-27	8.82128e-30	1.44476e-30	
CGA236	0	0	0	0	0	0	0	0	0	0	0	0	0	0	0	0	1	0	0	0	0	0	0	0	0	0	0	0	0	
N48	7.34196e-35	3.38443e-31	9.24418e-28	1.53251e-25	9.93188e-25	2.80163e-22	4.09624e-19	3.50534e-16	1.63974e-12	2.28489e-10	6.21931e-09	2.12831e-08	4.38213e-07	0.000242285	0.0158909	0.217794	0.756785	0.00928108	6.26746e-06	1.19069e-09	1.94272e-13	1.0076e-14	1.76062e-16	1.49462e-17	2.58543e-19	6.48541e-22	3.00843e-25	1.52724e-29	5.83515e-32	
N49	1.18406e-42	7.17405e-37	4.70445e-31	8.32405e-27	1.52137e-22	1.12268e-19	2.77786e-17	2.06535e-13	1.51645e-11	8.47963e-11	6.74775e-09	1.48631e-05	0.00133021	0.0171426	0.0187673	0.25701	0.666713	0.0389818	4.0512e-05	1.53112e-08	1.27982e-10	2.66592e-12	1.984e-14	2.8559e-16	6.75477e-19	1.21303e-21	3.58915e-25	4.81366e-29	2.51091e-31	
Calboe	0	0	0	0	0	0	0	0	0	0	0	0	0	1	0	0	0	0	0	0	0	0	0	0	0	0	0	0	0	
C3125	0	0	0	0	0	0	0	0	0	0	0	0	0	0	0	0	0	1	0	0	0	0	0	0	0	0	0	0	0	
CGA429	0	0	0	0	0	0	0	0	0	0	0	0	0	0	1	0	0	0	0	0	0	0	0	0	0	0	0	0	0	
N50	7.56653e-38	2.09356e-33	3.05311e-29	6.25176e-26	1.20308e-24	1.24041e-21	3.74209e-19	8.80462e-17	2.65349e-11	2.53473e-08	1.54809e-08	9.40874e-09	1.36519e-07	0.0010257	0.341709	0.540844	0.115934	0.000486271	2.85953e-08	5.93791e-13	6.31491e-18	3.36573e-21	1.45781e-23	4.8134e-25	9.34339e-26	6.49112e-27	7.75339e-28	9.59625e-31	4.04406e-32	
C984	0	0	0	0	0	0	0	0	0	0	0	0	0	1	0	0	0	0	0	0	0	0	0	0	0	0	0	0	0	
N51	9.21296e-36	4.35969e-32	1.26855e-28	6.84471e-26	1.21741e-24	2.54216e-21	6.82154e-18	3.21328e-16	1.2541e-11	1.095e-08	4.03894e-09	2.35447e-09	3.28217e-07	0.00201459	0.477915	0.4687	0.0512559	0.000113903	1.83738e-08	1.14794e-12	1.4527e-15	6.43659e-17	3.35627e-19	1.51603e-20	7.66973e-23	1.78506e-25	1.08821e-28	3.3274e-33	1.15593e-35	
CGA310	0	0	0	0	0	0	0	0	0	0	0	0	0	0	1	0	0	0	0	0	0	0	0	0	0	0	0	0	0	
N52	2.20096e-44	5.28503e-38	5.2387e-32	5.39503e-27	1.02941e-23	2.25192e-19	2.07824e-17	1.36397e-15	1.90502e-11	1.38695e-09	5.79173e-10	8.96444e-09	2.61876e-05	0.0549734	0.856775	0.0872018	0.00102279	9.22852e-07	2.97284e-10	7.7739e-14	9.69851e-16	9.86161e-18	3.6787e-20	2.50816e-22	2.20583e-25	2.84274e-28	7.62212e-32	1.09951e-35	5.40492e-38	
CGA365	0	0	0	0	0	0	0	0	0	0	0	0	0	0	1	0	0	0	0	0	0	0	0	0	0	0	0	0	0	
CGA494	0	0	0	0	0	0	0	0	0	0	0	0	0	1	0	0	0	0	0	0	0	0	0	0	0	0	0	0	0	
N53	3.17571e-47	7.61222e-40	4.25083e-33	5.54918e-29	9.26741e-24	7.15363e-21	5.20214e-17	5.40622e-14	6.42241e-13	3.23881e-11	7.4862e-08	3.24456e-07	1.40719e-07	5.46711e-07	1.53356e-05	0.00346157	0.302276	0.669015	0.0252093	2.19468e-05	1.84585e-08	2.05813e-10	1.13608e-12	7.43108e-15	8.70397e-18	4.87739e-21	1.22764e-23	8.71436e-26	7.52513e-27	
N54	3.90833e-38	3.7367e-34	2.14183e-30	6.66124e-29	9.12502e-25	2.18765e-22	2.55796e-17	3.39946e-15	1.43827e-13	1.26334e-11	3.27843e-08	1.29778e-07	5.15255e-08	4.24666e-07	6.66372e-06	0.0093446	0.342144	0.640577	0.00792309	3.22888e-06	6.27654e-10	7.71516e-13	8.67922e-16	2.83078e-18	2.88921e-20	5.15166e-23	3.58269e-25	1.19552e-28	1.2103e-31	
C12265	0	0	0	0	0	0	0	0	0	0	0	0	0	0	0	0	0	1	0	0	0	0	0	0	0	0	0	0	0	
N55	2.20613e-51	1.47474e-47	2.6553e-39	8.80724e-35	9.94818e-29	2.46155e-25	8.79364e-20	5.49482e-21	4.24379e-17	7.06926e-12	6.54325e-10	3.11044e-12	1.66311e-12	7.46606e-08	0.00458974	0.958291	0.0368997	0.000219608	3.83013e-08	1.03666e-12	8.06945e-18	2.9695e-23	1.70361e-27	3.10027e-29	3.77142e-30	1.9381e-31	2.02618e-32	6.84802e-35	1.01125e-36	
C404	0	0	0	0	0	0	0	0	0	0	0	0	0	0	1	0	0	0	0	0	0	0	0	0	0	0	0	0	0	
N56	1.13549e-42	2.68333e-38	3.79569e-34	2.52381e-32	4.59122e-29	9.11573e-28	6.08005e-22	8.31954e-22	1.2133e-18	1.92086e-13	5.36756e-11	3.87808e-13	3.07874e-13	2.53335e-08	0.00139869	0.980006	0.0185616	3.34924e-05	2.33259e-09	4.53423e-14	2.75491e-17	7.1781e-19	6.25572e-22	1.99757e-24	4.85898e-28	2.20067e-31	4.9122e-35	2.63818e-40	1.18848e-43	
Cl11778	0	0	0	0	0	0	0	0	0	0	0	0	0	0	0	1	0	0	0	0	0	0	0	0	0	0	0	0	0	
CGA48	0	0	0	0	0	0	0	0	0	0	0	0	0	0	0	1	0	0	0	0	0	0	0	0	0	0	0	0	0	
C3126	0	0	0	0	0	0	0	0	0	0	0	0	0	0	0	0	0	0	1	0	0	0	0	0	0	0	0	0	0	
N57	3.61843e-42	3.76764e-35	8.88057e-29	6.29272e-26	4.60037e-20	3.40038e-19	2.33274e-15	4.627e-11	2.46427e-11	2.49231e-11	3.96396e-07	0.000372356	1.14865e-05	5.4223e-09	4.58187e-10	1.77019e-06	0.00388564	0.894042	0.101308	0.00037831	3.92222e-07	5.07912e-10	2.78986e-12	1.767e-14	4.14263e-17	6.00365e-20	6.61502e-23	4.78651e-26	2.35908e-27	
CGA311	0	0	0	0	0	0	0	0	0	0	0	0	0	0	0	0	0	1	0	0	0	0	0	0	0	0	0	0	0	
N58	9.31672e-40	9.46533e-36	8.01347e-32	2.44038e-28	4.85599e-23	5.96226e-21	4.17571e-17	7.77337e-13	3.98253e-13	2.67671e-12	3.70371e-08	6.57087e-05	2.17957e-06	7.02391e-10	4.43481e-10	4.9825e-07	0.00256093	0.889822	0.10728	0.0002686	1.49569e-07	6.04828e-11	1.10754e-13	5.29206e-15	1.43564e-16	4.86441e-19	9.946e-21	1.56432e-24	2.59915e-27	
N59	1.04638e-49	2.20979e-42	1.68049e-35	5.79e-32	7.21654e-26	1.27604e-24	2.02841e-19	3.30366e-16	1.3204e-16	7.76126e-14	5.09345e-09	1.179e-06	4.76313e-09	1.8941e-12	6.17876e-11	2.14544e-06	0.0143078	0.96613	0.0195453	1.35477e-05	2.3925e-09	1.79352e-13	3.22067e-17	5.39622e-19	3.48864e-21	6.56013e-24	2.54538e-26	2.46252e-29	1.02072e-30	
CGA45	0	0	0	0	0	0	0	0	0	0	0	0	0	0	0	0	1	0	0	0	0	0	0	0	0	0	0	0	0	
N60	4.12424e-38	2.35208e-34	8.02734e-31	6.32311e-30	2.854e-26	6.77539e-26	3.23602e-21	1.16562e-16	1.9259e-16	1.35761e-14	4.56922e-10	2.88919e-07	7.40024e-10	5.50438e-12	7.62961e-11	1.44914e-06	0.00729479	0.977569	0.0151219	1.29895e-05	3.01079e-09	5.94223e-13	8.97321e-15	1.49016e-15	6.16395e-17	2.20811e-19	2.35357e-21	4.83185e-25	9.50452e-28	
C3043	0	0	0	0	0	0	0	0	0	0	0	0	0	0	0	0	0	1	0	0	0	0	0	0	0	0	0	0	0	
CGA364	0	0	0	0	0	0	0	0	0	0	0	0	0	0	0	0	0	1	0	0	0	0	0	0	0	0	0	0	0	
C2208	0	0	0	0	0	0	0	0	0	0	0	0	0	0	0	0	0	0	1	0	0	0	0	0	0	0	0	0	0	
N61	3.34561e-37	5.81273e-31	2.72986e-25	1.15002e-22	2.45145e-17	4.56411e-17	6.61939e-13	3.58912e-09	3.3402e-10	2.91501e-09	1.37111e-05	0.00388551	3.0151e-05	2.82962e-08	1.06345e-08	1.84909e-05	0.0117518	0.961193	0.0229806	0.00012605	2.77258e-07	5.56245e-10	4.19404e-12	4.21482e-14	1.91618e-16	6.36804e-19	1.6206e-21	9.79551e-25	1.19271e-27	
N62	3.30999e-45	5.11608e-38	2.00004e-31	2.18209e-28	3.34538e-22	1.43058e-21	1.90141e-16	6.24886e-13	1.29902e-14	3.17503e-12	1.51422e-07	6.50239e-05	6.44525e-08	7.05423e-12	1.01132e-10	2.3459e-06	0.0116508	0.98399	0.00428923	2.67535e-06	5.45692e-10	6.87761e-14	9.60196e-17	9.85093e-19	3.11923e-21	3.66654e-24	7.45765e-27	3.86973e-31	1.24476e-34	
CGA453	0	0	0	0	0	0	0	0	0	0	0	0	0	0	0	0	0	1	0	0	0	0	0	0	0	0	0	0	0	
N63	4.06729e-42	1.1598e-37	1.97455e-33	8.00022e-32	5.76214e-26	2.19187e-24	6.57461e-19	2.29509e-16	5.01021e-17	1.79208e-13	2.00101e-08	1.50496e-06	3.20286e-10	1.32947e-13	6.37086e-11	3.8036e-06	0.0450319	0.954091	0.000872109	1.33495e-07	7.21071e-12	2.49948e-16	3.63231e-19	7.64346e-21	4.88711e-23	6.90367e-26	3.19864e-28	7.3122e-33	1.71622e-36	
CGA501	0	0	0	0	0	0	0	0	0	0	0	0	0	0	0	0	0	1	0	0	0	0	0	0	0	0	0	0	0	
C3121	0	0	0	0	0	0	0	0	0	0	0	0	0	0	0	0	1	0	0	0	0	0	0	0	0	0	0	0	0	
N64	8.33019e-49	5.29154e-41	7.93198e-34	3.96193e-31	2.93643e-24	2.9551e-25	8.98221e-20	1.52961e-14	1.09167e-16	1.40995e-15	3.63715e-10	5.99666e-06	1.1489e-09	3.99644e-14	5.27817e-14	7.11433e-09	0.000254923	0.998945	0.000793507	9.36257e-08	3.81737e-12	1.55224e-16	6.92172e-20	6.40822e-23	1.88883e-26	2.59212e-30	3.12694e-34	1.66933e-39	1.75893e-44	
Calparcri	0	0	0	0	0	0	0	0	0	0	0	0	0	0	0	0	0	1	0	0	0	0	0	0	0	0	0	0	0	
C3118	0	0	0	0	0	0	0	0	0	0	0	0	0	0	0	0	0	1	0	0	0	0	0	0	0	0	0	0	0	
N65	1.11995e-37	2.71921e-33	3.46755e-29	7.43244e-28	1.00351e-21	1.24654e-19	1.39634e-14	2.53868e-10	2.87608e-10	3.00755e-08	0.00112458	0.986497	0.0123679	1.03354e-05	2.94291e-08	3.44112e-09	1.0015e-08	1.01748e-07	3.08182e-10	3.81157e-12	1.74404e-15	2.17136e-19	4.87556e-22	1.18844e-24	1.30609e-27	3.68738e-30	1.8403e-30	4.13608e-33	5.50233e-34	
N66	1.12647e-38	3.75908e-32	3.21015e-26	5.88175e-23	1.49627e-17	3.58872e-16	3.37954e-12	3.1007e-08	5.46767e-08	4.51667e-07	0.00223182	0.974901	0.0207813	3.51563e-05	1.1063e-07	5.55976e-07	2.8798e-05	0.00194302	7.48365e-05	2.88132e-06	1.34134e-08	1.75518e-11	1.45367e-13	6.82175e-15	7.94923e-17	1.06748e-18	2.5164e-20	1.00014e-23	3.50904e-26	
N67	5.14117e-37	9.75756e-31	4.85383e-25	4.89215e-22	9.11373e-17	8.73429e-16	8.51877e-12	7.2679e-08	5.35859e-08	4.62936e-07	0.0021614	0.980793	0.0148497	2.34321e-05	3.13666e-07	4.00462e-06	0.000205103	0.00191085	5.15787e-05	3.43138e-07	7.49677e-10	8.08529e-13	4.96368e-15	1.98579e-16	3.11462e-18	2.71876e-20	2.66919e-22	1.50417e-25	3.17187e-28	
N68	1.59871e-37	3.27621e-31	1.68708e-25	2.18876e-22	3.61619e-17	4.00814e-16	3.27517e-12	2.19791e-08	2.18046e-08	3.05828e-07	0.00178314	0.984402	0.0116289	1.42975e-05	1.71436e-06	4.98748e-05	0.000612836	0.00149652	1.05086e-05	1.67214e-08	1.05438e-11	4.03822e-15	1.49399e-17	6.6893e-19	1.07749e-20	7.29814e-23	9.11906e-25	3.5977e-28	7.23868e-31	
N69	1.57321e-40	6.42128e-34	6.74971e-28	6.64507e-25	2.75687e-19	1.83376e-18	3.86901e-14	5.66139e-10	3.08852e-10	3.9678e-09	5.03255e-05	0.0396984	0.000320485	1.68363e-07	3.43302e-09	4.71273e-06	0.00318329	0.93883	0.0175979	0.00031404	7.24327e-07	5.99481e-10	2.91763e-12	4.84758e-14	2.23255e-16	1.38362e-18	1.5392e-20	3.15793e-24	5.63773e-27	
Triowe	0	0	0	0	0	0	0	0	0	0	0	0	0	0	0	0	0	1	0	0	0	0	0	0	0	0	0	0	0	
N70	7.74424e-36	1.81206e-32	7.94312e-29	1.30768e-25	2.91774e-20	6.75878e-19	8.59444e-15	4.79156e-11	4.46782e-11	1.73771e-09	1.67899e-05	0.0121391	8.5022e-05	5.32947e-08	1.3703e-09	3.49699e-06	0.00482585	0.961662	0.0210947	0.000173148	3.30129e-07	2.47766e-10	1.03824e-12	1.72596e-13	9.71468e-15	1.63524e-16	9.5021e-18	3.66291e-21	1.67431e-23	
Trijoh	0	0	0	0	0	0	0	0	0	0	0	0	0	0	0	0	0	1	0	0	0	0	0	0	0	0	0	0	0	
Trimel	0	0	0	0	0	0	0	0	0	0	0	0	0	0	0	0	0	1	0	0	0	0	0	0	0	0	0	0	0	
N71	4.20912e-37	1.39168e-30	1.15203e-24	8.27974e-22	2.93077e-16	7.51908e-16	1.37489e-11	1.96925e-07	3.39933e-08	2.08651e-07	0.00134078	0.993002	0.00558151	7.22952e-05	2.58688e-06	4.28124e-08	3.15862e-10	8.68011e-13	2.42585e-16	2.8453e-20	1.88205e-24	1.47312e-28	1.52772e-31	3.46081e-32	4.03244e-31	3.14287e-32	2.50126e-33	2.29002e-35	6.127e-37	
N72	5.53619e-36	4.82139e-32	3.33022e-26	5.67937e-23	2.25594e-17	1.65079e-16	3.07267e-12	2.70322e-08	3.39046e-09	5.95506e-08	0.000735885	0.996049	0.00320853	6.60052e-06	3.12252e-08	7.04783e-11	8.6253e-14	7.76391e-16	7.82449e-20	7.19883e-23	3.86629e-26	2.01658e-29	2.05273e-32	2.09611e-35	3.8593e-39	3.31213e-42	1.07309e-44	3.54376e-49	4.65868e-52	
Trihoe	0	0	0	0	0	0	0	0	0	0	0	1	0	0	0	0	0	0	0	0	0	0	0	0	0	0	0	0	0	
Tribit	0	0	0	0	0	0	0	0	0	0	0	1	0	0	0	0	0	0	0	0	0	0	0	0	0	0	0	0	0	
Trijac	0	0	0	0	0	0	0	0	0	0	0	1	0	0	0	0	0	0	0	0	0	0	0	0	0	0	0	0	0	
N73	8.90068e-38	1.52205e-31	7.11886e-26	4.75637e-23	9.58007e-18	4.86541e-17	5.74152e-13	4.39937e-09	1.5568e-09	1.31674e-08	7.63651e-05	0.031103	0.000359122	3.46327e-07	1.18598e-08	1.1175e-05	0.00587858	0.936267	0.025847	0.000455594	1.70856e-06	2.2769e-09	1.3578e-11	2.65759e-13	1.81813e-15	1.32085e-17	1.18628e-19	5.59063e-23	1.31857e-25	
Tricri	0	0	0	0	0	0	0	0	0	0	0	0	0	0	0	0	0	1	0	0	0	0	0	0	0	0	0	0	0	
N74	4.16012e-40	9.26506e-34	5.45798e-28	7.63381e-25	1.64853e-19	1.62341e-18	1.83611e-14	9.09528e-11	3.54473e-11	8.38204e-10	7.46272e-06	0.0047815	3.41061e-05	2.2287e-08	1.31815e-09	4.06853e-06	0.00558366	0.966001	0.0234458	0.000141755	2.55867e-07	2.04767e-10	9.56922e-13	7.94623e-14	2.25922e-15	2.48834e-17	6.02493e-19	2.57238e-22	7.80244e-25	
Triwie	0	0	0	0	0	0	0	0	0	0	0	0	0	0	0	0	0	1	0	0	0	0	0	0	0	0	0	0	0	
Triqua	0	0	0	0	0	0	0	0	0	0	0	0	0	0	0	0	0	1	0	0	0	0	0	0	0	0	0	0	0	
N75	9.87414e-35	3.98318e-29	4.23076e-24	6.87603e-21	1.59558e-16	7.64268e-15	1.59651e-11	2.45746e-08	1.30881e-07	2.6871e-06	0.00301221	0.37125	0.0144451	6.71871e-05	1.15889e-06	0.000110312	0.00910862	0.563123	0.0347993	0.00402607	5.38657e-05	2.128e-07	6.75954e-09	1.58902e-09	7.98385e-11	5.36739e-12	8.25429e-13	1.33398e-15	2.82902e-17	
N76	3.36826e-34	1.58438e-28	2.06503e-23	1.27444e-20	6.09288e-16	5.02688e-15	1.88189e-11	4.02343e-08	2.14978e-08	1.62546e-07	0.000227866	0.0273593	0.000778203	2.68304e-06	2.41409e-07	9.23826e-05	0.0219638	0.881064	0.0669462	0.00155206	1.28999e-05	5.85916e-08	1.11811e-09	5.11318e-11	1.04096e-12	1.5997e-14	2.18886e-16	4.59006e-19	2.59389e-21	
Kinboe	0	0	0	0	0	0	0	0	0	0	0	0	0	0	0	0	0	1	0	0	0	0	0	0	0	0	0	0	0	
Kinfis	0	0	0	0	0	0	0	0	0	0	0	0	0	0	0	0	0	1	0	0	0	0	0	0	0	0	0	0	0	
Kinxen	0	0	0	0	0	0	0	0	0	0	0	0	0	0	0	0	0	1	0	0	0	0	0	0	0	0	0	0	0	
N77	1.35123e-30	1.06644e-27	4.96643e-25	8.14785e-24	5.45752e-20	1.94815e-17	1.93791e-13	2.28784e-10	3.83112e-09	1.42748e-06	0.00489504	0.980971	0.0140999	2.97015e-05	1.97774e-07	5.91488e-07	5.45923e-07	1.93811e-06	3.62209e-09	9.395e-11	7.38052e-14	1.54596e-17	9.10851e-20	9.6815e-21	1.85487e-22	5.9517e-24	2.12342e-24	4.88728e-28	8.17435e-30	
N78	3.28525e-31	7.79108e-26	4.7657e-21	4.9329e-18	7.36823e-14	2.06585e-12	2.80966e-09	2.85373e-06	6.61956e-06	4.78212e-05	0.0158754	0.941811	0.0419262	0.000326172	3.42694e-06	3.53862e-07	2.36333e-08	1.17396e-09	2.80815e-12	9.603e-15	1.59431e-17	1.73834e-20	1.54322e-22	5.31071e-24	7.92415e-26	1.10248e-27	1.88326e-29	2.08843e-32	1.04671e-34	
N79	1.03616e-35	3.38703e-29	2.62258e-23	1.14626e-20	3.41208e-15	5.3548e-15	6.18257e-11	6.43782e-07	7.81984e-08	2.96915e-07	0.00166598	0.989673	0.00865016	9.54599e-06	8.02061e-09	2.94806e-11	8.11293e-14	2.23505e-16	4.30233e-20	1.53951e-23	2.32823e-27	1.71498e-31	5.18186e-35	4.05987e-37	3.46871e-37	1.65932e-38	9.84686e-40	5.28089e-42	1.37469e-43	
N80	2.77191e-40	3.7128e-33	1.16476e-26	9.4075e-24	1.18063e-17	1.28455e-17	4.72583e-13	1.26142e-08	8.43371e-10	8.55505e-09	0.000286728	0.998115	0.00159778	3.3018e-07	4.46071e-11	1.4859e-13	2.75886e-16	8.78597e-19	3.46719e-23	5.44589e-27	1.71022e-31	2.03831e-36	2.65222e-40	2.93372e-41	6.27099e-41	2.13123e-42	1.60744e-43	1.94254e-46	1.37732e-46	
N81	1.80429e-38	1.69969e-33	1.80448e-27	3.50363e-24	1.37497e-18	1.26863e-17	2.43009e-13	2.53704e-09	1.14709e-09	3.5761e-08	0.00055299	0.997566	0.00188037	5.25071e-07	1.11445e-10	3.85223e-12	3.66008e-14	1.3674e-15	9.51598e-20	6.96283e-23	4.74096e-27	1.29588e-31	8.13051e-35	1.03789e-36	1.57478e-39	3.88264e-42	4.69021e-44	1.17808e-48	8.4795e-52	
Chaafr	0	0	0	0	0	0	0	0	0	0	0	1	0	0	0	0	0	0	0	0	0	0	0	0	0	0	0	0	0	
Chacha	0	0	0	0	0	0	0	0	0	0	0	1	0	0	0	0	0	0	0	0	0	0	0	0	0	0	0	0	0	
N82	4.79385e-40	2.2285e-33	2.52723e-27	3.8005e-24	1.61691e-18	8.88182e-18	1.92161e-13	3.10395e-09	1.58617e-09	3.67583e-08	0.000565791	0.997669	0.00176422	4.75767e-07	1.12367e-10	2.44788e-12	1.79901e-14	3.65581e-16	2.51531e-20	1.23961e-23	8.1577e-28	2.34019e-32	1.25748e-35	9.78802e-38	1.20714e-40	2.20167e-43	1.42804e-45	3.70387e-50	1.83264e-53	
Chacaly	0	0	0	0	0	0	0	0	0	0	0	1	0	0	0	0	0	0	0	0	0	0	0	0	0	0	0	0	0	
Chazey	0	0	0	0	0	0	0	0	0	0	0	1	0	0	0	0	0	0	0	0	0	0	0	0	0	0	0	0	0	
N83	9.85445e-35	2.56255e-29	6.49919e-24	1.05044e-20	7.85638e-16	1.79515e-14	9.59692e-11	2.28909e-07	3.89434e-08	6.83326e-07	0.00228832	0.988277	0.00942144	1.20587e-05	8.98618e-09	5.33051e-10	1.16292e-11	1.13118e-12	3.57277e-16	1.1296e-18	3.4665e-22	3.76776e-26	6.79391e-29	1.53829e-30	5.31222e-33	3.72483e-35	1.37368e-36	1.50142e-40	5.32302e-43	
Chadil	0	0	0	0	0	0	0	0	0	0	0	1	0	0	0	0	0	0	0	0	0	0	0	0	0	0	0	0	0	
Chasen	0	0	0	0	0	0	0	0	0	0	0	1	0	0	0	0	0	0	0	0	0	0	0	0	0	0	0	0	0	
Chanam	0	0	0	0	0	0	0	0	0	0	0	1	0	0	0	0	0	0	0	0	0	0	0	0	0	0	0	0	0	
N84	1.07363e-40	8.08795e-34	1.5897e-27	3.19173e-24	4.27621e-19	4.66431e-17	9.54464e-12	6.6514e-12	1.58931e-12	4.69787e-08	0.000467952	2.04788e-05	1.64117e-08	2.17523e-10	4.50892e-07	0.00136475	0.975476	0.0226349	3.50528e-05	3.47886e-08	1.63179e-11	4.49647e-15	2.91639e-18	2.77361e-21	1.25262e-24	4.953e-28	1.52945e-31	1.17893e-35	9.00613e-37	
N85	1.05904e-44	1.46639e-42	4.62787e-37	6.08151e-33	6.39792e-26	3.53149e-23	7.5056e-17	1.84024e-17	7.4712e-18	7.58367e-12	1.80357e-06	1.23755e-08	5.18022e-13	3.01907e-15	8.22898e-10	8.86494e-05	0.997517	0.00239178	2.81272e-07	1.02039e-11	1.57364e-16	2.38602e-20	8.62403e-24	1.19711e-26	2.6407e-28	7.92572e-30	1.30089e-31	1.60856e-34	4.14682e-36	
N86	3.56296e-44	1.42845e-39	3.33213e-35	1.66949e-33	5.26767e-29	8.80313e-26	1.54131e-19	7.86818e-20	5.77587e-19	5.2803e-13	1.18247e-07	5.1688e-10	1.36115e-14	1.29402e-15	5.50456e-10	7.40268e-05	0.998477	0.00144913	1.11861e-07	2.2763e-12	2.0774e-17	1.18371e-19	4.42564e-22	2.27284e-23	2.48564e-25	1.0142e-28	4.50233e-33	2.68566e-38	3.93112e-38	
Braset	0	0	0	0	0	0	0	0	0	0	0	0	0	0	0	0	1	0	0	0	0	0	0	0	0	0	0	0	0	
N87	1.88899e-43	5.40582e-39	9.2731e-35	4.75772e-33	8.38823e-31	1.10961e-27	2.38659e-21	3.42443e-20	1.98751e-19	5.41296e-14	3.44973e-09	7.37838e-12	3.98027e-15	2.50233e-14	3.90174e-09	0.000191043	0.998865	0.000943701	1.10102e-07	4.05811e-12	1.41023e-16	2.56039e-18	1.42056e-20	3.74463e-22	2.60753e-24	1.3811e-27	4.75092e-32	4.01608e-37	7.0496e-40	
N88	5.24793e-61	5.02325e-52	6.20535e-44	1.06967e-39	4.79688e-33	4.42026e-30	2.82123e-23	1.3735e-23	2.09271e-23	1.99227e-17	3.72751e-12	3.21944e-14	4.30741e-16	9.54196e-16	4.88091e-10	6.76211e-05	0.999738	0.000194582	5.55718e-09	5.60271e-14	1.0318e-18	6.21031e-22	9.01175e-26	2.0429e-34	7.52801e-34	6.98782e-34	9.0683e-35	5.91072e-36	2.10084e-35	
Bramel	0	0	0	0	0	0	0	0	0	0	0	0	0	0	0	0	1	0	0	0	0	0	0	0	0	0	0	0	0	
Bratha	0	0	0	0	0	0	0	0	0	0	0	0	0	0	0	0	1	0	0	0	0	0	0	0	0	0	0	0	0	
N89	3.4748e-57	1.68918e-49	3.23986e-42	7.05164e-38	8.59911e-32	1.01156e-28	2.00576e-22	6.37497e-22	1.77678e-21	4.6479e-16	2.58182e-11	1.25226e-13	9.46559e-15	3.30159e-14	4.93719e-09	0.00021495	0.999138	0.000647098	6.11527e-08	1.98332e-12	1.29124e-16	8.88738e-19	2.28452e-21	1.45591e-23	2.52602e-26	6.5714e-30	1.44406e-34	1.22695e-39	9.2341e-43	
Bradra	0	0	0	0	0	0	0	0	0	0	0	0	0	0	0	0	1	0	0	0	0	0	0	0	0	0	0	0	0	
Bratra	0	0	0	0	0	0	0	0	0	0	0	0	0	0	0	0	1	0	0	0	0	0	0	0	0	0	0	0	0	
N90	1.55792e-52	6.03232e-45	6.45665e-38	8.45812e-34	5.83344e-28	4.28049e-25	4.87034e-19	1.09371e-18	1.99078e-18	2.98023e-13	9.56093e-09	1.77221e-11	7.21172e-14	1.62118e-13	1.41493e-08	0.00036302	0.998511	0.00112555	1.8464e-07	1.03816e-11	1.11594e-15	5.82403e-18	1.52833e-20	7.04036e-23	9.16386e-26	2.57595e-29	9.71746e-34	1.4525e-38	8.33461e-42	
Bragut	0	0	0	0	0	0	0	0	0	0	0	0	0	0	0	0	1	0	0	0	0	0	0	0	0	0	0	0	0	
Braven	0	0	0	0	0	0	0	0	0	0	0	0	0	0	0	0	1	0	0	0	0	0	0	0	0	0	0	0	0	
N91	9.53432e-45	8.08062e-38	1.72067e-31	1.11863e-27	1.30291e-22	3.30561e-20	3.49499e-15	1.02649e-14	2.57699e-14	1.02593e-09	1.0084e-05	1.36057e-07	4.76024e-11	6.95037e-12	1.54917e-07	0.00118773	0.991389	0.00740713	5.88559e-06	1.45641e-09	2.61933e-13	2.19812e-15	1.78079e-17	2.87009e-19	1.25214e-21	1.22105e-24	3.31378e-28	1.72396e-32	1.72424e-35	
Brapum	0	0	0	0	0	0	0	0	0	0	0	0	0	0	0	0	1	0	0	0	0	0	0	0	0	0	0	0	0	
Bradam	0	0	0	0	0	0	0	0	0	0	0	0	0	0	0	0	1	0	0	0	0	0	0	0	0	0	0	0	0	
