NODE	1	2	3	4	5	6	7	8	9	10	11	12	13	14	15	16	17	18	19	20	21	22	23	24	25	26	27	28	29	30	31	32	33	34	35	36	37	38	39	40	41	
N1	3.73141e-23	6.456e-22	1.64137e-20	3.17897e-19	3.28704e-18	2.54162e-17	9.81892e-13	9.13163e-11	2.7928e-09	1.10972e-08	2.02638e-08	4.81294e-08	1.10641e-07	6.22757e-07	1.7626e-05	0.000691809	0.0149122	0.120719	0.334723	0.345439	0.149679	0.0304356	0.00318909	0.000185963	6.42878e-06	1.3884e-07	1.95695e-09	1.86795e-11	1.24604e-13	5.6247e-18	3.33745e-19	1.71534e-20	7.70603e-22	3.05025e-23	1.07143e-24	3.36125e-26	9.47227e-28	2.41046e-29	5.56596e-31	1.17316e-32	2.50187e-34	
Leiolep	0	0	0	0	0	0	0	0	0	0	0	0	0	0	0	0	0	1	0	0	0	0	0	0	0	0	0	0	0	0	0	0	0	0	0	0	0	0	0	0	0	
N2	1.87277e-29	8.70794e-26	2.39151e-22	1.94972e-19	1.12019e-16	5.06825e-15	4.65006e-14	2.34836e-11	7.44414e-09	8.75185e-08	6.1152e-07	9.97452e-06	2.25101e-05	1.18545e-05	0.000127487	0.00973221	0.192032	0.518226	0.251871	0.0270517	0.000902083	1.17477e-05	7.02756e-08	2.2402e-10	4.6342e-13	1.04393e-15	3.67378e-18	8.96954e-21	1.96961e-23	3.59599e-26	3.26337e-29	3.63539e-32	2.85112e-35	2.62492e-38	1.6132e-41	1.64793e-44	7.51869e-48	5.78399e-51	2.11412e-54	1.21089e-57	3.8899e-61	
N3	1.41072e-29	1.79759e-26	2.16634e-23	1.61456e-20	4.4109e-18	3.82922e-16	4.95268e-14	1.49324e-11	2.21398e-09	2.73416e-08	8.28416e-08	5.67259e-07	1.37929e-06	3.12955e-06	6.24881e-05	0.00471143	0.121508	0.508642	0.32251	0.0409104	0.00161269	3.47185e-05	2.40346e-06	8.33762e-07	5.04908e-08	2.40414e-09	8.69171e-11	5.77069e-13	9.59995e-15	3.02596e-16	2.47081e-18	2.51269e-19	9.29072e-22	6.19144e-23	7.61795e-26	2.81909e-27	1.84723e-30	3.75314e-32	1.64681e-35	1.93905e-37	4.1284e-40	
N4	5.54614e-35	9.00444e-31	7.04662e-27	2.66205e-23	1.8564e-20	1.22511e-18	3.22788e-17	6.34732e-14	5.94979e-11	1.24447e-10	7.19624e-11	6.68956e-09	2.9934e-08	1.03016e-08	2.37254e-07	0.000130582	0.0217448	0.524066	0.420734	0.0327856	0.000535846	3.10436e-06	1.82388e-08	3.2338e-10	2.43143e-12	1.35712e-14	5.86435e-17	6.88067e-20	1.0328e-22	1.79131e-25	1.52648e-28	5.24983e-31	3.58209e-34	7.82397e-37	2.43904e-40	3.16376e-43	4.77819e-47	3.60991e-50	3.19744e-54	1.55432e-57	2.66729e-61	
N5	5.02399e-37	5.3253e-33	3.67144e-29	1.47899e-25	1.29372e-22	2.00188e-20	2.74538e-18	2.79094e-15	7.99599e-13	2.46563e-12	4.86141e-12	1.37309e-10	5.99313e-10	2.06848e-09	3.56397e-07	0.000164962	0.0237043	0.512104	0.427133	0.0362309	0.000658789	3.96134e-06	1.32802e-08	7.70468e-10	5.91356e-11	1.56759e-12	8.82331e-14	2.97113e-16	2.21668e-18	5.42389e-21	3.13285e-24	7.41406e-26	1.77668e-28	7.14496e-30	6.75462e-33	1.78699e-34	3.41959e-38	4.48037e-40	4.05996e-44	2.21377e-46	5.32399e-50	
B3088	0	0	0	0	0	0	0	0	0	0	0	0	0	0	0	0	0	1	0	0	0	0	0	0	0	0	0	0	0	0	0	0	0	0	0	0	0	0	0	0	0	
N6	2.37615e-34	4.36146e-31	7.42576e-28	7.13437e-25	1.89547e-22	3.04308e-20	5.34894e-18	1.14127e-15	8.31331e-14	4.77845e-13	3.10073e-12	8.93984e-11	1.39836e-09	2.03426e-08	2.57863e-06	0.000504097	0.0363063	0.512306	0.409742	0.0401303	0.000999674	9.32379e-06	4.71262e-08	4.15394e-09	6.72938e-10	4.2364e-11	5.67295e-12	5.56898e-14	1.04781e-15	7.00553e-18	1.04592e-20	4.75754e-22	3.70194e-24	3.90369e-25	1.44536e-27	1.03412e-28	8.05797e-32	3.15377e-33	1.09839e-36	1.79617e-38	1.52335e-41	
N7	5.30005e-43	4.71874e-42	4.35764e-41	3.77675e-40	3.05713e-39	3.332e-27	1.59842e-37	2.4544e-22	1.01073e-14	4.6026e-20	7.69336e-20	1.02454e-12	7.151e-18	6.50434e-33	1.62365e-32	4.89088e-14	5.28219e-07	0.999997	2.29358e-06	8.49016e-13	4.18488e-33	9.66898e-34	2.4413e-34	1.97317e-34	2.23976e-34	2.90123e-34	3.51685e-34	2.25227e-34	1.62279e-34	1.32319e-34	7.5075e-35	1.35895e-34	1.26656e-34	2.46791e-34	1.9999e-34	3.03141e-34	1.66941e-34	1.94197e-34	7.62985e-35	7.6537e-35	4.59699e-35	
BGA709	0	0	0	0	0	0	0	0	0	0	0	0	0	0	0	0	0	1	0	0	0	0	0	0	0	0	0	0	0	0	0	0	0	0	0	0	0	0	0	0	0	
BGA710	0	0	0	0	0	0	0	0	0	0	0	0	0	0	0	0	0	1	0	0	0	0	0	0	0	0	0	0	0	0	0	0	0	0	0	0	0	0	0	0	0	
BGA309	0	0	0	0	0	0	0	0	0	0	0	0	0	0	0	0	0	1	0	0	0	0	0	0	0	0	0	0	0	0	0	0	0	0	0	0	0	0	0	0	0	
N8	1.82599e-37	3.26086e-33	2.98073e-29	1.04552e-25	3.26856e-23	1.0876e-20	2.93463e-19	6.28936e-16	5.74569e-13	3.89392e-13	7.27318e-13	2.15664e-10	6.14137e-10	2.39283e-10	1.59607e-08	2.15574e-05	0.00942601	0.655401	0.324449	0.0106323	7.00584e-05	1.52406e-07	1.70731e-10	1.09072e-12	1.0701e-14	6.63968e-17	4.52322e-19	5.15261e-22	7.52867e-25	5.83714e-28	1.47969e-31	3.73788e-34	2.73125e-37	9.69944e-40	4.04524e-43	8.77133e-46	1.20857e-49	1.49163e-52	9.07477e-57	5.54573e-60	5.3994e-64	
N9	3.03205e-35	1.06683e-31	2.64984e-28	3.73353e-25	6.82836e-23	1.7026e-20	2.35882e-18	2.94952e-15	1.59294e-12	3.6157e-12	1.81708e-11	1.87892e-09	4.3401e-09	4.24946e-09	5.25445e-07	0.000224929	0.0323279	0.764675	0.196449	0.00626641	5.53851e-05	1.98761e-07	5.20792e-10	1.15077e-11	2.40731e-13	3.49826e-15	4.63954e-17	1.1058e-19	3.3803e-22	5.57538e-25	4.511e-28	3.46553e-30	7.84933e-33	6.49104e-35	9.93507e-38	4.5427e-40	1.98921e-43	4.83871e-46	1.00747e-49	1.22877e-52	4.58971e-56	
N10	1.5156e-46	1.75891e-45	2.0763e-44	2.34568e-43	2.58283e-42	5.76165e-30	3.0766e-40	1.12656e-24	7.00961e-17	7.0795e-22	2.25677e-21	4.85764e-14	7.6979e-19	9.35484e-34	4.28586e-33	3.1952e-14	4.68947e-07	0.999997	2.11958e-06	5.70187e-13	1.10602e-33	1.34765e-34	2.19728e-35	3.75264e-35	6.30161e-35	9.88031e-35	1.74965e-34	7.10135e-35	4.71984e-35	2.46172e-35	8.72582e-36	2.72691e-35	2.51158e-35	8.76019e-35	6.33107e-35	1.62038e-34	4.52191e-35	7.42554e-35	1.35816e-35	1.56245e-35	6.41761e-36	
B11696	0	0	0	0	0	0	0	0	0	0	0	0	0	0	0	0	0	1	0	0	0	0	0	0	0	0	0	0	0	0	0	0	0	0	0	0	0	0	0	0	0	
B11697	0	0	0	0	0	0	0	0	0	0	0	0	0	0	0	0	0	1	0	0	0	0	0	0	0	0	0	0	0	0	0	0	0	0	0	0	0	0	0	0	0	
N11	7.2282e-45	2.04878e-39	2.05068e-34	2.43168e-30	5.98944e-28	8.20757e-24	2.15196e-23	1.62848e-18	6.08948e-14	1.1668e-15	4.11922e-15	5.17427e-11	1.52407e-12	8.5218e-15	2.58999e-12	7.91237e-08	0.000742193	0.995638	0.00361858	1.597e-06	1.94957e-10	9.66941e-15	3.83763e-19	1.22272e-22	2.88213e-26	4.57642e-30	6.6248e-34	1.55418e-38	4.88273e-43	8.73765e-48	7.82134e-53	5.63352e-57	8.91279e-62	4.60963e-66	3.34097e-71	7.41732e-76	1.1014e-81	8.00672e-87	3.4823e-93	6.4542e-99	1.73197e-105	
B11609	0	0	0	0	0	0	0	0	0	0	0	0	0	0	0	0	0	1	0	0	0	0	0	0	0	0	0	0	0	0	0	0	0	0	0	0	0	0	0	0	0	
BGA392	0	0	0	0	0	0	0	0	0	0	0	0	0	0	0	0	0	1	0	0	0	0	0	0	0	0	0	0	0	0	0	0	0	0	0	0	0	0	0	0	0	
N12	4.6756e-45	6.76655e-40	4.04654e-35	5.21856e-31	7.0275e-28	9.45691e-25	1.83898e-23	2.57255e-19	1.22612e-15	4.95553e-16	1.04648e-15	1.00689e-12	3.50509e-12	1.04826e-12	2.94631e-10	2.01513e-06	0.00364671	0.716352	0.275795	0.0041953	9.45414e-06	5.79221e-09	1.4715e-12	4.66494e-15	3.70539e-17	9.35211e-20	5.27892e-22	1.88284e-25	1.15968e-28	1.87518e-31	2.19074e-32	5.39015e-33	1.74742e-34	9.78499e-35	1.6523e-36	7.11014e-37	2.67268e-39	7.08855e-40	1.2506e-42	1.49487e-43	7.01142e-46	
N13	1.81706e-38	2.08431e-35	1.28915e-32	4.09889e-30	1.17577e-28	5.43003e-27	7.98616e-25	7.43027e-21	1.7053e-17	1.04101e-17	4.26192e-17	2.36224e-14	1.42382e-13	3.49844e-13	3.39165e-10	2.19102e-06	0.00382998	0.731562	0.261074	0.00352416	7.12501e-06	4.01287e-09	9.27047e-13	1.2734e-14	7.23614e-16	4.88268e-18	2.02784e-19	1.79911e-22	3.78045e-25	1.43859e-28	6.46952e-33	2.48977e-35	1.3577e-38	4.7047e-40	1.00619e-43	2.43036e-45	4.3979e-50	5.27289e-52	3.73064e-57	1.21405e-59	3.18561e-64	
N14	4.71562e-42	3.98867e-38	2.5978e-34	1.06841e-30	6.69631e-28	4.80848e-25	2.09315e-22	6.13651e-19	7.33316e-16	5.37303e-15	6.80693e-14	1.37167e-11	9.83036e-11	3.1088e-10	8.23931e-08	6.73444e-05	0.0182168	0.762457	0.214581	0.004653	2.50038e-05	5.13824e-08	7.32695e-11	4.39388e-12	2.34629e-13	5.45137e-15	2.0623e-16	4.46648e-19	1.98147e-21	2.10041e-24	7.36024e-28	9.96227e-30	2.81976e-32	7.08453e-34	1.34868e-36	1.88976e-38	4.27454e-42	2.8023e-44	2.77793e-48	5.44163e-51	1.42854e-54	
N15	1.37e-46	2.14233e-45	3.34487e-44	4.90285e-43	6.7135e-42	2.26062e-29	1.00351e-39	4.75265e-24	2.43891e-16	2.52625e-21	7.0757e-21	1.16127e-13	1.81379e-18	1.47636e-33	5.90711e-33	5.03075e-14	5.80054e-07	0.999997	2.44722e-06	7.88947e-13	1.26943e-33	1.70284e-34	3.32816e-35	5.58784e-35	8.97597e-35	1.39533e-34	2.19346e-34	9.59795e-35	6.07647e-35	3.35411e-35	1.383e-35	3.96874e-35	3.8634e-35	1.17322e-34	9.49893e-35	2.01459e-34	6.68161e-35	9.1356e-35	1.9694e-35	1.97496e-35	9.36813e-36	
B985	0	0	0	0	0	0	0	0	0	0	0	0	0	0	0	0	0	1	0	0	0	0	0	0	0	0	0	0	0	0	0	0	0	0	0	0	0	0	0	0	0	
B983	0	0	0	0	0	0	0	0	0	0	0	0	0	0	0	0	0	1	0	0	0	0	0	0	0	0	0	0	0	0	0	0	0	0	0	0	0	0	0	0	0	
N16	8.89564e-41	2.92756e-36	4.96202e-32	3.59188e-28	1.33891e-25	1.98332e-22	1.14293e-20	8.09312e-17	2.4571e-13	1.05089e-13	4.82256e-13	3.50694e-10	1.85126e-10	2.62783e-11	5.91755e-09	1.3204e-05	0.00924879	0.939655	0.0507754	0.000307475	5.03755e-07	3.33605e-10	1.8234e-13	1.05496e-15	4.55857e-18	1.30791e-20	3.6582e-23	1.53398e-26	9.27232e-30	2.88307e-33	4.72727e-37	8.61023e-40	3.80029e-43	6.66342e-46	1.83857e-49	1.82323e-52	1.30091e-56	6.50958e-60	2.59842e-64	1.80942e-66	4.37839e-67	
N17	3.21595e-50	7.68819e-49	1.68985e-47	3.25456e-46	5.42853e-45	9.98714e-33	9.65297e-43	2.29171e-27	1.87038e-19	1.75978e-24	8.06514e-24	3.96515e-16	1.06548e-20	4.66083e-35	4.81262e-34	4.99222e-15	1.97106e-07	0.999999	9.12828e-07	9.01215e-14	1.23396e-34	6.52223e-36	7.19635e-37	3.73821e-36	1.15738e-35	2.19265e-35	7.86982e-35	1.49549e-35	9.6367e-36	2.27686e-36	3.89436e-37	2.6447e-36	2.46292e-36	1.93565e-35	1.32405e-35	7.71154e-35	7.47529e-36	1.76615e-35	1.22757e-36	1.6039e-36	5.27781e-37	
B199	0	0	0	0	0	0	0	0	0	0	0	0	0	0	0	0	0	1	0	0	0	0	0	0	0	0	0	0	0	0	0	0	0	0	0	0	0	0	0	0	0	
BGAA3	0	0	0	0	0	0	0	0	0	0	0	0	0	0	0	0	0	1	0	0	0	0	0	0	0	0	0	0	0	0	0	0	0	0	0	0	0	0	0	0	0	
N18	3.19594e-50	7.64792e-49	1.68256e-47	3.2434e-46	5.41431e-45	1.99818e-32	9.63864e-43	4.58779e-27	2.64137e-19	3.5202e-24	1.61229e-23	5.59162e-16	2.13034e-20	4.65219e-35	4.80739e-34	1.00041e-14	2.78899e-07	0.999998	1.2926e-06	1.80814e-13	1.23447e-34	6.52127e-36	7.18526e-37	3.73355e-36	1.15655e-35	2.19085e-35	7.86925e-35	1.49523e-35	9.63923e-36	2.27649e-36	3.88862e-37	2.64158e-36	2.45952e-36	1.93459e-35	1.3226e-35	7.71107e-35	7.46873e-36	1.76677e-35	1.22693e-36	1.60414e-36	5.27291e-37	
B11604	0	0	0	0	0	0	0	0	0	0	0	0	0	0	0	0	0	1	0	0	0	0	0	0	0	0	0	0	0	0	0	0	0	0	0	0	0	0	0	0	0	
BGA583	0	0	0	0	0	0	0	0	0	0	0	0	0	0	0	0	0	1	0	0	0	0	0	0	0	0	0	0	0	0	0	0	0	0	0	0	0	0	0	0	0	
N19	9.67854e-43	3.67373e-38	7.4673e-34	6.31672e-30	3.96381e-27	5.52528e-24	5.16661e-22	3.96781e-18	1.25557e-14	1.54938e-14	1.03547e-13	5.22334e-11	1.07198e-10	4.88751e-11	1.34574e-08	2.26907e-05	0.0117021	0.839166	0.147152	0.00195126	5.98562e-06	6.71413e-09	5.2982e-12	7.49558e-14	8.86311e-16	5.93369e-18	4.39849e-20	3.44876e-23	4.17287e-26	1.77796e-29	3.14888e-33	1.05621e-35	8.55664e-39	3.71658e-41	2.03157e-44	4.66742e-47	4.72773e-51	5.28485e-54	2.30562e-58	9.51603e-62	8.70386e-66	
N20	4.56527e-48	7.8799e-47	1.40619e-45	2.43152e-44	4.02379e-43	2.06255e-28	9.19744e-41	6.7575e-23	3.86631e-16	5.70228e-20	2.01656e-19	3.70148e-13	8.22889e-17	6.8064e-34	3.41243e-33	4.47309e-12	5.57883e-06	0.999971	2.3418e-05	6.9184e-11	7.18094e-34	7.63282e-35	1.34057e-35	3.05234e-35	5.73909e-35	9.71315e-35	1.80431e-34	6.4345e-35	3.9228e-35	1.75407e-35	6.05371e-36	2.14833e-35	2.11671e-35	8.00017e-35	6.57658e-35	1.69762e-34	4.26878e-35	6.30704e-35	1.0451e-35	1.06924e-35	4.72198e-36	
BGA89	0	0	0	0	0	0	0	0	0	0	0	0	0	0	0	0	0	1	0	0	0	0	0	0	0	0	0	0	0	0	0	0	0	0	0	0	0	0	0	0	0	
BGA40	0	0	0	0	0	0	0	0	0	0	0	0	0	0	0	0	0	1	0	0	0	0	0	0	0	0	0	0	0	0	0	0	0	0	0	0	0	0	0	0	0	
N21	3.61213e-42	7.77096e-38	9.60542e-34	5.7841e-30	2.93331e-27	2.16398e-24	3.76001e-22	9.89361e-19	1.04618e-15	1.86178e-15	1.32056e-14	4.34132e-12	1.57983e-11	2.46963e-11	1.06883e-08	2.0234e-05	0.0115989	0.87793	0.109383	0.00106542	2.46677e-06	2.11946e-09	1.25582e-12	4.51636e-14	1.24666e-15	1.08515e-17	2.33366e-19	1.92909e-22	4.41904e-25	2.27873e-28	3.451e-32	3.43661e-34	3.8313e-37	6.30947e-39	3.23e-42	3.4773e-44	2.20472e-48	1.04051e-50	3.24463e-55	5.09267e-58	4.83036e-62	
N22	7.68408e-50	1.79392e-48	4.24021e-47	9.61991e-46	2.06912e-44	1.19655e-31	7.81007e-42	6.40086e-26	5.04336e-18	8.68948e-23	3.88366e-22	9.74822e-15	2.51525e-19	2.9834e-34	1.86968e-33	2.66389e-14	4.41785e-07	0.999998	1.92501e-06	4.32613e-13	4.14442e-34	3.50962e-35	5.35604e-36	1.58698e-35	3.45662e-35	6.20567e-35	1.39771e-34	4.14887e-35	2.54492e-35	9.24568e-36	2.58128e-36	1.11653e-35	1.08966e-35	5.13421e-35	4.09329e-35	1.33652e-34	2.54785e-35	4.3161e-35	5.48901e-36	5.89604e-36	2.3639e-36	
BGAA2	0	0	0	0	0	0	0	0	0	0	0	0	0	0	0	0	0	1	0	0	0	0	0	0	0	0	0	0	0	0	0	0	0	0	0	0	0	0	0	0	0	
BGAA1	0	0	0	0	0	0	0	0	0	0	0	0	0	0	0	0	0	1	0	0	0	0	0	0	0	0	0	0	0	0	0	0	0	0	0	0	0	0	0	0	0	
N23	1.19243e-51	3.26225e-45	2.74262e-39	8.67619e-35	4.45671e-32	5.72243e-27	5.76782e-27	3.44203e-21	9.47317e-16	5.33471e-18	2.55701e-17	2.16147e-12	1.77909e-14	2.57408e-17	1.13903e-14	2.188e-09	0.000127257	0.999292	0.000580486	3.80973e-08	6.87396e-13	4.95752e-18	3.74514e-23	3.82971e-27	1.85884e-31	4.60102e-36	9.0776e-41	1.2402e-46	1.71482e-52	3.90133e-59	2.38512e-36	1.05652e-35	1.02549e-35	5.09362e-35	4.01144e-35	1.39171e-34	2.53193e-35	4.55989e-35	5.49587e-36	6.04129e-36	2.30317e-36	
BGA584	0	0	0	0	0	0	0	0	0	0	0	0	0	0	0	0	0	1	0	0	0	0	0	0	0	0	0	0	0	0	0	0	0	0	0	0	0	0	0	0	0	
BGA706	0	0	0	0	0	0	0	0	0	0	0	0	0	0	0	0	0	1	0	0	0	0	0	0	0	0	0	0	0	0	0	0	0	0	0	0	0	0	0	0	0	
N24	4.08587e-38	3.2205e-34	1.80023e-30	5.68923e-27	2.06641e-24	9.58139e-22	1.90841e-19	3.56173e-16	2.71326e-13	6.86699e-13	4.18197e-12	5.94142e-10	1.52082e-09	1.59216e-09	2.49563e-07	0.000142693	0.0269283	0.797409	0.171437	0.00405741	2.59548e-05	6.69653e-08	1.38384e-10	3.80619e-12	8.39192e-14	1.18708e-15	1.64686e-17	3.10707e-20	8.44721e-23	1.01191e-25	5.96719e-29	4.85742e-31	1.01175e-33	9.11336e-36	1.31421e-38	6.32875e-41	2.03346e-44	4.88134e-47	7.30492e-51	7.68959e-54	2.3836e-57	
N25	9.17746e-52	7.51242e-45	1.27227e-38	2.60889e-34	8.0037e-32	1.86361e-26	4.25777e-27	5.14507e-21	3.0302e-15	4.34318e-18	1.5869e-17	3.09152e-12	6.75786e-15	2.53487e-18	9.07295e-16	3.95337e-10	5.29496e-05	0.999702	0.00024512	7.21749e-09	5.94402e-14	1.54548e-19	2.42963e-25	1.75807e-30	5.2563e-35	8.551e-35	1.65935e-34	6.18943e-35	4.09153e-35	1.89734e-35	6.01814e-36	2.08328e-35	1.92993e-35	7.54559e-35	5.44135e-35	1.55331e-34	3.80364e-35	6.6584e-35	1.05834e-35	1.2268e-35	4.73665e-36	
BGA304	0	0	0	0	0	0	0	0	0	0	0	0	0	0	0	0	0	1	0	0	0	0	0	0	0	0	0	0	0	0	0	0	0	0	0	0	0	0	0	0	0	
BGA303	0	0	0	0	0	0	0	0	0	0	0	0	0	0	0	0	0	1	0	0	0	0	0	0	0	0	0	0	0	0	0	0	0	0	0	0	0	0	0	0	0	
N26	1.71972e-47	2.33342e-46	3.23995e-45	4.37151e-44	5.80624e-43	8.45439e-31	9.90355e-41	2.28726e-25	2.20775e-17	1.84232e-22	6.53175e-22	2.11373e-14	2.71541e-19	6.70211e-34	3.3733e-33	1.49263e-14	3.24116e-07	0.999998	1.46928e-06	2.63577e-13	8.46778e-34	9.23438e-35	1.44636e-35	2.90125e-35	5.23545e-35	8.48447e-35	1.61285e-34	6.04227e-35	3.95925e-35	1.86426e-35	6.11347e-36	2.09749e-35	1.95241e-35	7.45895e-35	5.43212e-35	1.50841e-34	3.76597e-35	6.40482e-35	1.04267e-35	1.19003e-35	4.70615e-36	
BGAB1	0	0	0	0	0	0	0	0	0	0	0	0	0	0	0	0	0	1	0	0	0	0	0	0	0	0	0	0	0	0	0	0	0	0	0	0	0	0	0	0	0	
BGA7	0	0	0	0	0	0	0	0	0	0	0	0	0	0	0	0	0	1	0	0	0	0	0	0	0	0	0	0	0	0	0	0	0	0	0	0	0	0	0	0	0	
N27	5.98777e-39	2.38515e-38	1.12665e-37	5.1611e-37	2.26415e-36	5.63796e-22	3.67222e-35	1.32199e-17	1.50369e-11	8.16485e-16	7.90785e-16	2.96777e-10	2.52726e-14	3.32389e-32	5.07114e-32	4.00573e-11	1.41455e-05	0.999943	4.25453e-05	3.60647e-10	5.55154e-33	1.95186e-33	9.04632e-34	7.94625e-34	7.10623e-34	7.38956e-34	6.82802e-34	5.34714e-34	4.18633e-34	4.75193e-34	3.939e-34	5.58734e-34	4.97347e-34	6.38441e-34	4.87801e-34	5.22923e-34	3.19819e-34	2.92316e-34	1.58681e-34	1.51606e-34	1.22531e-34	
PGA445	0	0	0	0	0	0	0	0	0	0	0	0	0	0	0	0	0	1	0	0	0	0	0	0	0	0	0	0	0	0	0	0	0	0	0	0	0	0	0	0	0	
PGA363	0	0	0	0	0	0	0	0	0	0	0	0	0	0	0	0	0	1	0	0	0	0	0	0	0	0	0	0	0	0	0	0	0	0	0	0	0	0	0	0	0	
N28	4.96701e-35	5.12848e-30	1.61785e-25	2.66832e-21	9.5988e-19	8.19483e-16	2.39587e-14	5.403e-11	3.15882e-08	3.98833e-08	2.99343e-06	4.27615e-05	1.5847e-05	3.67172e-05	0.00329333	0.105134	0.64005	0.245955	0.00544776	2.07787e-05	2.09103e-08	7.44647e-12	1.1542e-15	9.55016e-20	1.21675e-23	6.90826e-27	9.17458e-30	2.57459e-33	6.24357e-37	1.46256e-40	5.92724e-45	6.67065e-49	2.12149e-50	1.16372e-50	1.19251e-52	1.85134e-53	9.27295e-55	1.04127e-54	6.19676e-56	2.36451e-54	1.535e-53	
N29	1.44306e-29	4.15971e-26	1.36957e-22	2.14251e-19	2.05082e-16	2.47481e-14	1.85651e-12	2.78684e-10	3.28929e-08	3.56344e-06	0.000270669	0.0068612	0.0630258	0.232722	0.369109	0.253428	0.0690797	0.005449	4.99457e-05	1.22101e-07	1.25497e-10	6.8342e-14	5.52913e-17	2.4392e-18	4.97099e-20	3.87068e-22	5.81748e-24	4.93681e-27	1.24339e-29	2.0646e-32	1.15407e-33	4.96989e-33	3.19901e-33	2.27917e-32	4.53896e-33	9.82663e-33	1.38176e-34	6.05098e-35	3.18124e-37	4.80292e-38	8.71729e-40	
Rhaspe	0	0	0	0	0	0	0	0	0	1	0	0	0	0	0	0	0	0	0	0	0	0	0	0	0	0	0	0	0	0	0	0	0	0	0	0	0	0	0	0	0	
N30	3.07367e-27	2.71263e-24	2.73948e-21	1.61586e-18	5.21664e-16	6.71365e-14	7.35475e-12	1.19557e-09	2.06275e-07	2.25469e-05	0.0010216	0.0166766	0.10674	0.290767	0.352413	0.188806	0.0408568	0.00267117	2.57937e-05	8.43556e-08	1.48774e-10	1.79035e-12	7.55899e-14	1.26418e-14	3.1194e-16	7.72453e-18	2.08476e-19	4.90921e-22	4.57312e-24	2.84187e-25	5.73245e-28	1.60912e-28	1.6395e-31	3.48795e-32	1.49952e-35	2.07687e-36	3.63706e-40	1.5137e-41	2.06151e-45	3.29863e-47	1.24559e-49	
Rhamar	0	0	0	0	0	0	0	0	0	1	0	0	0	0	0	0	0	0	0	0	0	0	0	0	0	0	0	0	0	0	0	0	0	0	0	0	0	0	0	0	0	
Rhatem	0	0	0	0	0	0	0	0	0	0	1	0	0	0	0	0	0	0	0	0	0	0	0	0	0	0	0	0	0	0	0	0	0	0	0	0	0	0	0	0	0	
N31	1.02069e-40	3.09914e-35	1.63118e-30	1.2575e-25	8.97762e-24	1.50977e-20	1.75323e-17	4.44211e-13	1.27689e-10	4.19341e-11	5.7029e-09	1.22723e-07	2.79068e-07	2.54847e-06	0.000608274	0.0741534	0.660541	0.260786	0.00390014	7.63776e-06	1.53179e-08	5.97804e-11	1.7387e-13	6.17061e-16	2.08089e-19	2.77007e-22	5.99982e-26	8.00986e-29	1.93225e-31	7.40718e-31	3.01255e-33	2.2779e-33	3.30166e-36	1.65292e-36	1.49051e-39	4.74037e-40	2.91132e-43	4.92362e-44	2.872e-47	1.94632e-48	7.47794e-50	
N32	1.59329e-37	1.11097e-32	3.16623e-28	1.27444e-24	2.65982e-21	2.21539e-18	6.03286e-17	4.63891e-14	2.23219e-11	2.6895e-10	5.15006e-09	1.83659e-06	1.92561e-05	2.21337e-05	0.000867244	0.0568111	0.573609	0.357668	0.0109547	4.68049e-05	6.54886e-08	2.94616e-10	2.59174e-12	2.44627e-14	4.24219e-17	5.50052e-20	3.45864e-23	6.09149e-27	2.43712e-30	4.66108e-33	1.62776e-36	2.58249e-39	3.28689e-43	8.29505e-45	3.8503e-47	1.83183e-48	6.88934e-51	1.74273e-52	3.29604e-55	1.9824e-56	4.18729e-56	
N33	7.11098e-32	3.32268e-28	1.19994e-24	7.64486e-22	5.74411e-19	3.96825e-16	2.06438e-14	1.12888e-12	3.33833e-11	1.58247e-09	2.06204e-07	1.65969e-05	0.000397473	0.00762953	0.0883142	0.370603	0.441537	0.0897779	0.00171552	8.48531e-06	1.70093e-08	1.94009e-11	9.37045e-14	7.27171e-15	1.76349e-16	1.87805e-18	2.92688e-20	2.93353e-23	9.20834e-26	1.09192e-28	1.43761e-31	3.82473e-33	8.60911e-36	1.52513e-37	1.06169e-40	1.21709e-42	1.96221e-46	8.12815e-49	7.91537e-53	1.42479e-55	7.28346e-59	
N34	7.90928e-39	4.6043e-38	2.85571e-37	1.63602e-36	8.59342e-36	4.10926e-35	1.79501e-24	7.18591e-19	1.54575e-17	1.8238e-18	1.59733e-11	5.6737e-16	6.72557e-32	9.48042e-32	7.02937e-13	1.96098e-06	0.999995	3.11807e-06	1.85425e-12	2.02909e-33	9.92083e-34	7.47889e-34	7.39602e-34	8.07668e-34	5.17074e-34	5.56105e-34	4.35756e-34	5.78073e-34	4.598e-34	6.74991e-34	4.55641e-34	5.71566e-34	3.03842e-34	3.15471e-34	1.27194e-34	1.11873e-34	3.523e-35	2.95557e-35	1.3738e-35	2.18756e-35	3.84541e-35	
FGA379	0	0	0	0	0	0	0	0	0	0	0	0	0	0	0	0	1	0	0	0	0	0	0	0	0	0	0	0	0	0	0	0	0	0	0	0	0	0	0	0	0	
F647	0	0	0	0	0	0	0	0	0	0	0	0	0	0	0	0	1	0	0	0	0	0	0	0	0	0	0	0	0	0	0	0	0	0	0	0	0	0	0	0	0	
N35	9.71494e-31	3.85596e-27	1.21274e-23	5.16067e-21	6.59801e-18	6.21107e-15	9.78673e-14	4.13619e-12	2.01364e-10	6.32422e-08	4.61303e-05	0.0102302	0.164815	0.430506	0.309935	0.0774217	0.00686962	0.000175762	8.12155e-07	1.33106e-09	1.04717e-12	5.17378e-16	8.716e-19	1.69025e-20	1.10508e-22	4.43179e-25	2.27079e-27	1.18797e-30	1.62811e-33	1.41675e-36	1.05661e-39	9.63425e-42	8.46116e-45	5.55399e-47	1.90625e-50	8.28454e-53	8.77589e-57	1.92064e-59	3.37041e-63	2.30163e-65	4.4236e-68	
N36	1.10401e-32	4.42365e-28	1.21358e-23	5.25337e-21	2.31498e-17	1.83187e-13	1.60043e-12	1.89442e-10	9.17485e-10	3.17584e-07	0.000215316	0.0796047	0.495662	0.38524	0.0383527	0.000918655	6.34017e-06	1.23084e-08	6.78392e-12	1.59742e-15	5.66962e-19	7.44819e-22	1.04977e-24	2.07107e-27	7.49101e-31	4.7218e-34	1.5478e-37	4.23854e-40	2.28279e-40	1.8787e-38	8.12019e-38	3.17697e-38	1.62e-39	9.94236e-40	2.9124e-40	5.65728e-39	3.07854e-40	2.77517e-41	9.57839e-44	5.79608e-45	7.35554e-46	
N37	8.28273e-36	1.2143e-30	1.03525e-25	9.7429e-23	8.31244e-19	5.37219e-15	1.5421e-14	6.63277e-12	2.08869e-10	3.56329e-07	0.00100309	0.249566	0.625486	0.121101	0.00282948	1.31523e-05	1.50865e-08	4.57289e-12	4.35321e-16	2.57062e-20	8.06349e-23	6.22298e-26	4.14106e-29	4.92292e-29	1.39508e-29	2.03301e-30	3.47919e-32	2.6561e-32	1.41204e-34	1.89161e-34	4.27543e-37	4.05679e-37	5.08498e-40	2.86108e-40	2.41777e-43	6.45338e-44	4.31994e-47	5.01981e-48	8.76368e-51	5.60272e-52	1.3228e-51	
N38	1.24994e-39	1.16109e-38	1.07948e-37	9.10242e-37	2.05547e-21	1.24267e-19	1.29827e-13	5.71505e-18	1.09326e-14	2.38227e-07	0.999993	7.12483e-06	8.02804e-12	6.36123e-32	2.12086e-32	4.66503e-33	9.06692e-34	4.96866e-34	4.03117e-34	4.07655e-34	3.4358e-34	2.21467e-34	1.69415e-34	3.40303e-34	2.46406e-34	4.64666e-34	1.92626e-34	2.63404e-34	6.85511e-35	6.62485e-35	1.27389e-35	1.08471e-35	1.95973e-36	1.76018e-36	6.98985e-37	1.60981e-36	7.63735e-37	1.52263e-36	1.87709e-36	2.89672e-36	6.31385e-36	
F3016	0	0	0	0	0	0	0	0	0	0	1	0	0	0	0	0	0	0	0	0	0	0	0	0	0	0	0	0	0	0	0	0	0	0	0	0	0	0	0	0	0	
F3015	0	0	0	0	0	0	0	0	0	0	1	0	0	0	0	0	0	0	0	0	0	0	0	0	0	0	0	0	0	0	0	0	0	0	0	0	0	0	0	0	0	
N39	1.6996e-33	9.77491e-31	2.60472e-27	3.2969e-24	3.73831e-20	3.4375e-16	4.54833e-15	4.76941e-12	5.33746e-10	4.69595e-07	0.00140059	0.32897	0.610568	0.0585184	0.000541675	8.46321e-07	3.09698e-10	3.84756e-14	3.03961e-17	5.96607e-20	3.2994e-22	1.07085e-25	9.4084e-29	4.69916e-32	2.78172e-36	4.36999e-38	1.23336e-42	1.76941e-44	5.15261e-47	1.25729e-44	3.066e-45	2.267e-45	3.41718e-48	1.03841e-48	5.51294e-51	1.01722e-49	5.34617e-51	4.39551e-51	3.06982e-52	8.38535e-54	4.59319e-54	
N40	5.60736e-37	6.69945e-32	5.13749e-27	8.55454e-24	1.39079e-19	3.06343e-15	4.47096e-14	1.68201e-11	2.52171e-10	2.39687e-07	0.000746305	0.387255	0.582045	0.0298345	0.000119175	8.25906e-08	1.82986e-11	7.02854e-14	2.67128e-16	6.40239e-19	1.49066e-21	3.46434e-25	2.22337e-28	1.2361e-30	9.33156e-35	1.29339e-36	2.64407e-41	1.87777e-43	5.83784e-48	1.71464e-45	4.81373e-45	7.30733e-46	1.30585e-48	9.10581e-50	3.36895e-50	1.78512e-47	1.40809e-48	9.36055e-49	6.4838e-50	1.49743e-51	3.56671e-52	
N41	1.8813e-40	2.26111e-34	1.40192e-28	7.35378e-26	3.8653e-21	5.61003e-16	6.17988e-16	8.72246e-13	6.47314e-12	1.16674e-07	0.00163253	0.688568	0.307681	0.00211727	6.56239e-07	3.60198e-11	7.01593e-16	3.49242e-19	2.04649e-22	3.71203e-26	5.21724e-30	4.75732e-35	8.05674e-39	3.91578e-38	1.15411e-39	3.19763e-40	1.93349e-43	2.09132e-44	5.31799e-48	1.61989e-49	3.14152e-53	3.70338e-55	6.58858e-59	4.38142e-61	5.31729e-64	3.91245e-65	2.65046e-68	1.79304e-69	1.62156e-71	5.1487e-74	1.12471e-75	
N42	1.65156e-36	1.4394e-34	2.04751e-29	4.86468e-26	1.09071e-21	1.4051e-17	9.13123e-16	5.06909e-13	2.76625e-10	1.34969e-06	0.00517689	0.703609	0.289401	0.00181105	5.69926e-07	4.99735e-11	7.70492e-14	5.58023e-15	4.5413e-18	5.50632e-21	7.22145e-25	2.58035e-28	7.76208e-32	4.73735e-32	7.90712e-34	3.41235e-33	1.71623e-36	6.78133e-37	2.3698e-40	1.98103e-41	7.60481e-45	3.73029e-46	3.56726e-48	1.48873e-49	4.87181e-51	1.06822e-50	4.03483e-54	3.12659e-54	1.15224e-54	5.40063e-55	2.36033e-54	
N43	1.66771e-40	2.04169e-39	2.44043e-38	2.63105e-37	2.05114e-21	1.56008e-19	1.22632e-13	1.0877e-17	2.47208e-14	3.71393e-07	0.999989	1.07497e-05	1.31087e-11	1.76012e-32	2.89297e-33	4.07353e-34	1.82943e-34	3.17935e-34	1.92644e-34	1.66729e-34	8.51903e-35	1.24302e-34	1.07397e-34	2.76688e-34	1.17616e-34	2.21011e-34	4.32395e-35	4.0072e-35	5.4336e-36	4.75934e-36	5.45939e-37	5.66531e-37	2.52336e-37	3.60921e-37	3.46122e-37	1.05806e-36	2.93203e-37	5.35049e-37	5.94917e-37	7.46341e-37	1.83214e-36	
F1476	0	0	0	0	0	0	0	0	0	0	1	0	0	0	0	0	0	0	0	0	0	0	0	0	0	0	0	0	0	0	0	0	0	0	0	0	0	0	0	0	0	
FGA81	0	0	0	0	0	0	0	0	0	0	1	0	0	0	0	0	0	0	0	0	0	0	0	0	0	0	0	0	0	0	0	0	0	0	0	0	0	0	0	0	0	
N44	5.39157e-37	1.91241e-33	5.10896e-28	1.8527e-24	8.83683e-20	2.36337e-15	5.13906e-13	4.21492e-11	4.91231e-09	7.3963e-06	0.00770282	0.698329	0.290704	0.0032543	1.97042e-06	1.39845e-09	1.07926e-11	5.05188e-13	2.49095e-16	3.96573e-19	4.21326e-23	2.2646e-25	1.45543e-28	1.64985e-26	6.24889e-29	6.99561e-29	5.50495e-32	7.42641e-33	4.63797e-36	2.89603e-37	1.9411e-40	2.90946e-41	1.71542e-42	5.68232e-44	1.41951e-45	1.97343e-45	9.27331e-49	2.30448e-49	1.27157e-50	2.26353e-52	4.53344e-53	
Furcep	0	0	0	0	0	0	0	0	0	0	0	0	0	1	0	0	0	0	0	0	0	0	0	0	0	0	0	0	0	0	0	0	0	0	0	0	0	0	0	0	0	
N45	1.4843e-33	7.84333e-31	2.95746e-26	1.65677e-22	2.40451e-18	3.23444e-15	1.88265e-13	1.17388e-11	6.0014e-09	2.49365e-05	0.0417502	0.773051	0.184017	0.00115663	7.1963e-07	1.85659e-10	2.21352e-13	7.08245e-15	2.41991e-17	6.45594e-20	4.64037e-23	1.11676e-26	1.06369e-29	3.55837e-31	3.20067e-35	7.65096e-37	1.03581e-41	6.32107e-44	4.88781e-49	4.81986e-52	3.13127e-57	2.24789e-60	3.49059e-65	5.31613e-68	3.88173e-72	3.55393e-74	2.75532e-79	1.01131e-81	3.72474e-85	3.82028e-89	2.30316e-92	
Furpol	0	0	0	0	0	0	0	0	0	0	0	1	0	0	0	0	0	0	0	0	0	0	0	0	0	0	0	0	0	0	0	0	0	0	0	0	0	0	0	0	0	
N46	1.49216e-33	9.48162e-29	3.17527e-24	2.07165e-20	3.0896e-16	8.77835e-14	1.18566e-11	2.29896e-10	4.08956e-07	0.00117131	0.600438	0.383463	0.0148969	2.98584e-05	1.51826e-08	3.53909e-12	4.27116e-15	6.11071e-17	8.08824e-20	1.08472e-22	3.09368e-26	2.3783e-29	1.5474e-32	9.34568e-35	9.70856e-39	3.3988e-41	7.75107e-46	5.59501e-49	7.75403e-54	2.44972e-57	2.34427e-62	5.67614e-66	3.06994e-70	8.62281e-74	1.5391e-77	2.56097e-80	3.1463e-85	1.957e-88	3.45816e-92	2.46584e-96	7.60451e-100	
N47	1.65762e-33	1.32609e-28	5.31131e-24	4.41534e-20	8.13063e-16	1.7997e-13	3.82054e-11	3.76698e-10	7.22863e-07	0.00207574	0.872853	0.124173	0.00089731	7.49641e-07	2.02603e-10	1.46893e-13	3.80236e-16	1.8775e-18	5.28483e-22	5.85386e-25	1.64466e-28	8.21234e-31	1.09449e-34	4.74289e-37	1.41389e-41	2.45318e-44	3.54192e-49	1.39304e-52	1.26856e-57	3.35019e-61	3.77537e-66	5.77131e-69	5.52901e-71	4.99244e-73	2.8751e-75	3.73532e-76	1.82872e-79	5.1361e-81	7.31917e-83	7.42523e-85	4.25137e-86	
N48	9.51023e-44	2.9965e-42	5.65302e-32	9.14736e-28	9.96034e-21	1.75e-18	2.0062e-13	6.18944e-16	2.63799e-12	4.47046e-06	0.999942	5.38147e-05	1.89901e-10	1.6086e-16	3.00065e-35	3.96996e-35	4.03752e-35	3.84213e-35	5.12658e-36	1.34971e-35	1.01022e-35	6.7545e-35	8.5901e-36	3.52962e-35	2.35459e-36	3.58769e-36	2.05701e-37	1.84174e-37	9.24944e-39	2.13025e-38	5.8343e-39	3.29983e-38	5.03034e-38	3.06929e-38	7.69491e-39	4.9673e-38	2.61214e-39	3.28867e-39	3.19101e-39	1.46117e-38	8.62636e-38	
F2241	0	0	0	0	0	0	0	0	0	0	1	0	0	0	0	0	0	0	0	0	0	0	0	0	0	0	0	0	0	0	0	0	0	0	0	0	0	0	0	0	0	
F12266	0	0	0	0	0	0	0	0	0	0	1	0	0	0	0	0	0	0	0	0	0	0	0	0	0	0	0	0	0	0	0	0	0	0	0	0	0	0	0	0	0	
Furang	0	0	0	0	0	0	0	0	0	0	1	0	0	0	0	0	0	0	0	0	0	0	0	0	0	0	0	0	0	0	0	0	0	0	0	0	0	0	0	0	0	
Fga490	0	0	0	0	0	0	0	0	0	0	1	0	0	0	0	0	0	0	0	0	0	0	0	0	0	0	0	0	0	0	0	0	0	0	0	0	0	0	0	0	0	
N49	3.05258e-37	8.41827e-32	1.22864e-26	1.3523e-23	4.18109e-19	8.95836e-15	2.95088e-14	1.27758e-11	4.23432e-10	2.98173e-06	0.0109454	0.872105	0.116737	0.000209305	5.5657e-08	5.06527e-12	2.52281e-15	2.49032e-17	1.81834e-20	1.024e-23	9.79709e-28	1.7092e-31	3.79116e-35	1.17058e-37	3.38807e-42	5.93738e-45	2.71411e-50	8.12827e-54	3.87788e-57	1.73412e-56	8.31318e-58	1.31712e-59	9.94191e-62	5.60379e-63	1.27111e-63	4.07722e-62	4.02039e-64	3.19215e-65	4.38322e-67	7.98737e-69	1.91368e-68	
N50	2.70632e-36	4.70364e-31	4.74168e-26	1.02197e-22	1.98328e-18	1.54899e-14	2.19275e-13	8.22456e-11	8.86647e-09	4.97059e-06	0.0128587	0.896619	0.0903458	0.000171843	5.34909e-08	2.69321e-11	1.08752e-13	1.70689e-15	5.91053e-19	6.12444e-22	6.50949e-26	2.81969e-28	5.05605e-32	4.05573e-34	6.20465e-39	1.83852e-41	1.08004e-46	3.72024e-50	7.99172e-55	1.27755e-53	1.63746e-53	2.37389e-54	2.10549e-55	5.95853e-57	3.98401e-58	1.37576e-55	2.67717e-56	5.2707e-57	2.00846e-58	2.88279e-60	3.71646e-61	
N51	2.54099e-38	1.56045e-32	5.07988e-27	4.35818e-24	1.56412e-19	1.53553e-14	2.45429e-13	4.12915e-11	4.75925e-10	1.4333e-07	0.0012361	0.894998	0.10336	0.000404938	9.48683e-08	2.03953e-10	4.18045e-13	1.75663e-15	1.12548e-19	5.6676e-23	4.64195e-27	2.05092e-29	5.05159e-34	8.3405e-34	2.91266e-35	3.56141e-36	1.22787e-39	2.67782e-41	6.73464e-45	1.19883e-46	7.46368e-50	1.07938e-50	2.1502e-52	1.41709e-54	4.46468e-57	1.02546e-57	1.5731e-61	3.56964e-63	4.14867e-65	3.03469e-67	2.49269e-68	
N52	1.7812e-35	4.24452e-31	2.28339e-26	2.76637e-23	3.51274e-19	4.38763e-15	1.14605e-14	7.8697e-12	6.32195e-11	2.40407e-07	0.00134659	0.931816	0.0666927	0.00014417	4.58214e-08	1.00885e-11	2.37365e-14	9.30535e-16	6.52062e-19	9.67926e-22	1.74937e-25	2.41447e-28	1.00929e-31	1.8761e-33	3.76843e-38	3.20095e-40	2.13212e-45	3.10675e-48	1.36396e-53	4.95567e-57	1.90379e-62	9.62903e-66	6.58019e-70	1.38974e-73	2.0048e-77	7.22904e-79	8.7308e-83	5.45211e-84	6.16751e-86	2.13987e-88	6.11572e-90	
N53	5.15015e-34	3.32164e-29	1.21514e-24	1.11374e-21	1.2088e-17	1.28977e-13	2.29465e-13	1.09637e-10	3.27084e-10	6.93072e-07	0.00226631	0.972133	0.0255607	3.93367e-05	1.45847e-08	5.51218e-12	2.6283e-14	4.16298e-16	1.3674e-19	1.4198e-22	2.29368e-26	7.21544e-29	3.84857e-32	2.31537e-34	6.52982e-39	1.30517e-41	1.70874e-46	6.59136e-50	5.26636e-55	1.26767e-58	8.08596e-64	3.06494e-67	2.17994e-70	3.35574e-72	4.49405e-74	6.9957e-75	3.06652e-78	9.20072e-80	1.35039e-81	1.07326e-83	6.20433e-85	
FGA456	0	0	0	0	0	0	0	0	0	0	0	1	0	0	0	0	0	0	0	0	0	0	0	0	0	0	0	0	0	0	0	0	0	0	0	0	0	0	0	0	0	
N54	2.15376e-45	7.60822e-44	3.31905e-29	3.99319e-27	1.75689e-22	1.52805e-15	1.32082e-18	5.16362e-13	2.62206e-16	1.20626e-12	3.04374e-06	0.999984	1.31359e-05	1.89273e-11	4.7069e-35	8.55555e-36	1.5139e-35	6.90763e-35	9.52464e-36	6.6609e-36	1.98262e-36	1.17364e-35	9.84779e-36	6.82235e-35	4.98423e-36	1.02808e-35	5.95213e-37	5.83945e-37	2.58127e-38	2.61138e-38	1.4634e-39	4.6354e-39	6.42474e-39	1.02384e-38	1.11695e-38	9.38686e-38	5.09218e-39	6.89591e-39	7.07608e-39	9.9976e-39	6.94729e-38	
FGA516	0	0	0	0	0	0	0	0	0	0	0	1	0	0	0	0	0	0	0	0	0	0	0	0	0	0	0	0	0	0	0	0	0	0	0	0	0	0	0	0	0	
FGA513	0	0	0	0	0	0	0	0	0	0	0	1	0	0	0	0	0	0	0	0	0	0	0	0	0	0	0	0	0	0	0	0	0	0	0	0	0	0	0	0	0	
N55	2.7915e-43	6.3004e-42	1.21106e-29	9.29519e-28	2.60112e-23	1.76328e-15	7.8988e-20	2.4118e-13	6.37503e-18	1.88159e-14	3.77309e-07	0.999998	1.72035e-06	3.2112e-13	1.8411e-34	2.8726e-35	3.79997e-35	1.11101e-34	2.56678e-35	1.92127e-35	7.76103e-36	2.86618e-35	2.56028e-35	1.07664e-34	1.47372e-35	2.65814e-35	2.54547e-36	2.36073e-36	1.6603e-37	1.58957e-37	1.21899e-38	2.44564e-38	2.68945e-38	4.41517e-38	4.77312e-38	2.42946e-37	2.38765e-38	3.27416e-38	3.31012e-38	4.90382e-38	2.20866e-37	
F12278	0	0	0	0	0	0	0	0	0	0	0	1	0	0	0	0	0	0	0	0	0	0	0	0	0	0	0	0	0	0	0	0	0	0	0	0	0	0	0	0	0	
F12279	0	0	0	0	0	0	0	0	0	0	0	1	0	0	0	0	0	0	0	0	0	0	0	0	0	0	0	0	0	0	0	0	0	0	0	0	0	0	0	0	0	
N56	1.67828e-32	8.7615e-28	2.74166e-23	3.21092e-20	2.24918e-16	2.03597e-12	2.32343e-10	4.24644e-09	9.44248e-08	6.4321e-06	0.000908394	0.634021	0.342352	0.022683	2.87094e-05	1.47159e-07	2.29089e-09	6.42271e-11	1.54895e-14	2.07413e-17	9.92824e-21	1.34538e-22	1.21822e-25	1.05731e-27	3.66867e-32	3.60693e-35	8.26568e-40	3.28874e-43	4.36312e-48	1.67861e-51	3.38753e-56	6.21782e-59	2.71092e-62	1.02664e-65	2.59113e-69	2.92354e-71	1.10837e-74	1.42867e-76	1.40363e-78	2.97385e-80	3.53852e-81	
Furant	0	0	0	0	0	0	0	0	0	0	0	1	0	0	0	0	0	0	0	0	0	0	0	0	0	0	0	0	0	0	0	0	0	0	0	0	0	0	0	0	0	
N57	1.09441e-42	3.22583e-41	9.00103e-40	2.27597e-38	3.70159e-26	1.92372e-20	8.27904e-13	4.13985e-17	3.31872e-11	6.22024e-15	1.33078e-30	4.64277e-11	1.92178e-05	0.99998	5.58187e-07	4.16941e-13	1.60771e-33	6.19044e-33	7.51476e-34	4.88773e-34	1.98947e-34	1.27293e-33	1.04686e-33	6.11656e-33	4.73046e-34	6.25012e-34	3.96609e-35	3.43423e-35	1.66919e-36	1.70288e-36	1.4136e-37	5.67184e-37	8.39243e-37	1.30258e-36	1.39383e-36	9.90625e-36	6.03085e-37	6.13682e-37	4.93274e-37	1.03066e-36	7.29998e-36	
FGA331	0	0	0	0	0	0	0	0	0	0	0	0	0	1	0	0	0	0	0	0	0	0	0	0	0	0	0	0	0	0	0	0	0	0	0	0	0	0	0	0	0	
FGA332	0	0	0	0	0	0	0	0	0	0	0	0	0	1	0	0	0	0	0	0	0	0	0	0	0	0	0	0	0	0	0	0	0	0	0	0	0	0	0	0	0	
FGA465	0	0	0	0	0	0	0	0	0	0	1	0	0	0	0	0	0	0	0	0	0	0	0	0	0	0	0	0	0	0	0	0	0	0	0	0	0	0	0	0	0	
N58	1.13191e-33	9.50886e-29	4.40651e-24	7.91053e-21	1.0854e-16	2.12138e-13	3.29334e-12	3.13598e-10	5.87567e-08	0.000218052	0.167251	0.811373	0.0211272	3.09733e-05	1.18321e-08	3.33864e-12	1.07505e-14	1.24591e-16	6.40575e-20	6.32978e-23	1.03367e-26	1.85088e-29	9.31586e-33	3.88975e-35	1.67762e-39	2.99784e-42	4.3556e-47	1.33217e-50	5.74328e-53	3.88123e-52	1.30608e-53	8.02237e-55	3.55676e-56	5.39053e-57	3.19093e-56	1.93454e-53	4.10318e-54	1.40472e-53	2.0408e-53	1.58309e-53	6.82715e-53	
N59	3.20374e-42	6.30488e-41	1.17462e-39	1.96087e-38	6.41585e-21	7.42452e-19	1.66472e-13	1.14972e-16	3.77211e-13	1.4944e-06	0.999937	6.13301e-05	1.45037e-10	3.39751e-33	3.08462e-34	6.84742e-35	9.01645e-35	2.21258e-34	4.75951e-35	3.94453e-35	2.02164e-35	7.89917e-35	5.61114e-35	2.13156e-34	2.87576e-35	4.3133e-35	4.27123e-36	3.834e-36	2.83468e-37	2.81131e-37	2.86951e-38	7.14258e-38	8.66875e-38	1.14954e-37	1.10193e-37	5.15792e-37	5.20282e-38	6.29354e-38	5.8947e-38	1.08767e-37	4.88381e-37	
FGA99	0	0	0	0	0	0	0	0	0	0	1	0	0	0	0	0	0	0	0	0	0	0	0	0	0	0	0	0	0	0	0	0	0	0	0	0	0	0	0	0	0	
F12269	0	0	0	0	0	0	0	0	0	0	1	0	0	0	0	0	0	0	0	0	0	0	0	0	0	0	0	0	0	0	0	0	0	0	0	0	0	0	0	0	0	
N60	5.48243e-33	2.90053e-28	8.74392e-24	3.01258e-20	3.61351e-16	5.24547e-13	1.36922e-11	1.18501e-09	1.36594e-07	0.000263436	0.188063	0.802021	0.00963994	1.20676e-05	4.77524e-09	1.70373e-11	8.74549e-14	8.42974e-16	2.28637e-19	4.89397e-22	2.43721e-25	3.81376e-27	5.64439e-31	6.27081e-33	1.6546e-37	4.79297e-40	7.588e-45	5.00799e-48	5.14201e-53	2.55798e-56	5.51662e-61	1.51257e-63	9.84855e-67	3.8246e-69	3.46424e-70	5.64552e-69	1.42927e-70	3.29816e-70	4.55538e-70	5.40617e-70	5.12826e-69	
N61	2.19723e-43	5.61792e-42	1.35643e-40	2.95071e-39	2.38344e-23	3.61791e-21	7.82552e-15	9.66656e-19	4.16033e-15	1.58446e-07	0.999989	1.06166e-05	2.4881e-12	2.27616e-33	1.55548e-34	4.18446e-35	6.52778e-35	2.06893e-34	3.14054e-35	2.39823e-35	1.09099e-35	5.78545e-35	3.96852e-35	2.0275e-34	1.87565e-35	2.83018e-35	2.06813e-36	1.87774e-36	1.04587e-37	1.0777e-37	9.77741e-39	3.32164e-38	4.59337e-38	6.04093e-38	5.84971e-38	3.67626e-37	2.60443e-38	2.96307e-38	2.65023e-38	5.06129e-38	3.00863e-37	
FGA15	0	0	0	0	0	0	0	0	0	0	1	0	0	0	0	0	0	0	0	0	0	0	0	0	0	0	0	0	0	0	0	0	0	0	0	0	0	0	0	0	0	
FGA440	0	0	0	0	0	0	0	0	0	0	1	0	0	0	0	0	0	0	0	0	0	0	0	0	0	0	0	0	0	0	0	0	0	0	0	0	0	0	0	0	0	
N62	1.33624e-42	3.35769e-41	8.86035e-29	7.37873e-27	2.20641e-22	1.40073e-14	7.15627e-19	1.91705e-12	5.24415e-17	1.29339e-13	1.55365e-06	0.999997	9.46689e-07	1.2308e-13	7.48431e-35	8.13889e-35	8.42463e-35	8.91956e-35	1.39088e-35	3.24245e-35	2.50171e-35	1.31997e-34	2.32484e-35	8.09388e-35	6.77255e-36	8.29738e-36	5.7533e-37	4.86162e-37	3.00449e-38	6.4699e-38	1.91526e-38	8.79515e-38	1.26524e-37	8.28334e-38	2.76648e-38	1.4558e-37	9.79023e-39	1.12511e-38	1.02321e-38	4.69018e-38	2.3527e-37	
FGA581	0	0	0	0	0	0	0	0	0	0	0	1	0	0	0	0	0	0	0	0	0	0	0	0	0	0	0	0	0	0	0	0	0	0	0	0	0	0	0	0	0	
FGA582	0	0	0	0	0	0	0	0	0	0	0	1	0	0	0	0	0	0	0	0	0	0	0	0	0	0	0	0	0	0	0	0	0	0	0	0	0	0	0	0	0	
N63	1.15178e-39	1.17728e-38	1.18951e-37	1.08371e-36	8.796e-36	1.37571e-19	5.25724e-18	9.66958e-18	1.07206e-11	9.09201e-17	8.49011e-13	2.77671e-06	0.999994	3.16687e-06	1.6313e-12	5.23239e-34	2.6556e-34	3.8518e-34	1.94593e-34	1.74871e-34	1.0942e-34	1.87332e-34	1.58401e-34	3.37081e-34	1.26982e-34	1.86067e-34	4.26141e-35	4.04964e-35	6.7109e-36	5.85145e-36	8.3961e-37	9.07683e-37	4.76303e-37	6.53246e-37	6.06022e-37	1.54185e-36	4.1372e-37	6.11162e-37	6.41949e-37	9.92996e-37	2.45174e-36	
FGA104	0	0	0	0	0	0	0	0	0	0	0	0	1	0	0	0	0	0	0	0	0	0	0	0	0	0	0	0	0	0	0	0	0	0	0	0	0	0	0	0	0	
FGA105	0	0	0	0	0	0	0	0	0	0	0	0	1	0	0	0	0	0	0	0	0	0	0	0	0	0	0	0	0	0	0	0	0	0	0	0	0	0	0	0	0	
FGA489	0	0	0	0	0	0	0	0	0	0	1	0	0	0	0	0	0	0	0	0	0	0	0	0	0	0	0	0	0	0	0	0	0	0	0	0	0	0	0	0	0	
N64	6.71958e-39	5.73151e-38	7.45072e-28	1.15631e-25	3.46896e-21	2.8133e-16	1.21749e-10	6.00545e-14	5.05019e-10	9.91716e-13	7.29328e-15	1.40615e-09	9.98933e-05	0.999807	9.30702e-05	1.59863e-09	1.44895e-14	7.20488e-34	4.79993e-34	4.6126e-34	3.44389e-34	3.53044e-34	2.869e-34	5.49054e-34	3.10127e-34	4.92267e-34	1.73657e-34	2.03019e-34	5.16616e-35	4.93151e-35	9.90275e-36	8.78187e-36	2.12334e-36	2.18249e-36	1.2939e-36	2.86172e-36	1.12045e-36	1.8931e-36	2.16672e-36	3.34163e-36	7.21913e-36	
FGA174	0	0	0	0	0	0	0	0	0	0	0	0	0	1	0	0	0	0	0	0	0	0	0	0	0	0	0	0	0	0	0	0	0	0	0	0	0	0	0	0	0	
FGA175	0	0	0	0	0	0	0	0	0	0	0	0	0	1	0	0	0	0	0	0	0	0	0	0	0	0	0	0	0	0	0	0	0	0	0	0	0	0	0	0	0	
FurbGB	0	0	0	0	0	0	0	0	0	0	0	1	0	0	0	0	0	0	0	0	0	0	0	0	0	0	0	0	0	0	0	0	0	0	0	0	0	0	0	0	0	
N65	9.76058e-39	2.56079e-34	3.67509e-30	2.60316e-26	1.92384e-23	7.88531e-21	1.38317e-18	5.02718e-15	8.15123e-12	8.09571e-11	9.2893e-10	9.81459e-08	6.20343e-07	1.30934e-06	0.000186692	0.0259094	0.482386	0.467256	0.0240514	0.000196887	9.99814e-06	1.16524e-06	4.28314e-08	2.98375e-09	1.35457e-11	1.44249e-13	2.94211e-16	3.05132e-18	3.55429e-21	3.08633e-22	1.10572e-25	6.25529e-27	6.75683e-31	1.97739e-32	8.5151e-37	7.34669e-39	2.06242e-43	6.10164e-46	2.87987e-50	3.27815e-53	4.24697e-55	
N66	1.76682e-36	1.46234e-32	8.35877e-29	2.78977e-25	9.73258e-23	3.39114e-20	1.35728e-17	1.66445e-14	4.99241e-12	2.85696e-11	3.12722e-10	9.81205e-09	4.87231e-08	4.75028e-07	7.11629e-05	0.0125518	0.388763	0.548652	0.0491599	0.000794081	7.24898e-06	2.72877e-07	1.11647e-08	1.2609e-09	2.21453e-11	3.10572e-13	2.24336e-15	2.66186e-18	1.18493e-20	3.1621e-22	9.22342e-25	3.76625e-26	3.48753e-29	8.97346e-31	2.14468e-34	2.40115e-36	2.98978e-40	1.18196e-42	1.18282e-46	2.55072e-49	8.91955e-52	
N67	5.91666e-36	8.35415e-32	4.92928e-28	3.24129e-24	1.03069e-22	2.36767e-20	1.9005e-17	5.67398e-14	3.6126e-12	2.79512e-12	2.93996e-10	2.40591e-09	1.37434e-09	6.42491e-08	3.8138e-05	0.0144664	0.539929	0.430092	0.0153744	9.99609e-05	2.11407e-07	2.58431e-10	9.46732e-13	1.07556e-14	4.09516e-17	1.06191e-19	2.22106e-22	8.99203e-26	5.8921e-29	5.19584e-32	2.8852e-35	7.77775e-38	4.32994e-37	1.5801e-37	5.3241e-39	1.57687e-39	2.16975e-41	1.97851e-42	7.81188e-44	1.09723e-42	3.27936e-42	
N68	9.2309e-44	1.07994e-42	8.53395e-36	1.67762e-31	4.13097e-29	1.27654e-23	1.12222e-24	1.55196e-18	1.02761e-12	4.60359e-16	9.4359e-16	1.87333e-10	1.17672e-13	1.22822e-17	2.26501e-15	8.1286e-10	8.32657e-05	0.999837	7.94456e-05	1.05952e-09	5.47675e-15	1.60351e-34	2.12427e-34	4.23929e-34	4.00818e-34	3.65889e-34	2.58676e-34	1.06293e-34	6.97519e-35	1.44814e-34	1.35076e-34	3.40816e-34	2.64781e-34	4.75237e-34	1.73956e-34	2.0756e-34	4.99078e-35	4.41357e-35	9.29652e-36	1.03383e-35	1.41098e-35	
CGA312	0	0	0	0	0	0	0	0	0	0	0	0	0	0	0	0	0	1	0	0	0	0	0	0	0	0	0	0	0	0	0	0	0	0	0	0	0	0	0	0	0	
CGA963	0	0	0	0	0	0	0	0	0	0	0	0	0	0	0	0	0	1	0	0	0	0	0	0	0	0	0	0	0	0	0	0	0	0	0	0	0	0	0	0	0	
N69	5.55372e-43	1.16766e-37	5.80323e-33	4.1085e-28	4.10494e-26	9.87831e-24	6.239e-20	1.13041e-15	8.72886e-15	4.2201e-14	1.76768e-12	4.30842e-12	3.16131e-11	7.3486e-09	2.84211e-05	0.0235254	0.657527	0.315573	0.00334286	3.71761e-06	9.96774e-10	1.0558e-13	1.47011e-17	4.15761e-20	6.40157e-23	3.05747e-26	3.27794e-29	1.32137e-29	5.40032e-30	1.02909e-31	4.79868e-34	2.22862e-34	2.42866e-36	1.28421e-36	4.71234e-39	1.89836e-39	1.83494e-42	3.55059e-43	2.15923e-46	1.91075e-47	5.13122e-50	
N70	3.72067e-43	2.14412e-38	1.1684e-34	1.3102e-30	6.21753e-30	8.33107e-27	4.14028e-22	1.52139e-18	3.08419e-17	4.23074e-17	3.66409e-15	6.96405e-14	2.03881e-12	3.04276e-08	0.000420688	0.0922742	0.857687	0.0495881	2.99798e-05	1.48038e-09	1.69203e-14	6.92158e-20	2.81894e-25	3.47028e-28	1.39667e-31	1.55011e-35	9.8655e-34	9.49345e-34	9.70475e-34	1.1867e-34	4.58156e-36	7.35722e-35	4.28832e-35	1.31538e-33	2.47796e-34	6.81377e-33	1.5625e-34	1.91718e-33	2.89411e-35	1.04517e-34	9.96459e-36	
N71	3.41705e-40	1.61392e-36	1.6518e-33	3.63385e-30	5.63329e-30	1.11445e-28	4.02865e-25	6.90625e-21	2.27819e-19	1.26969e-18	4.89593e-15	2.46025e-13	4.79553e-12	2.30671e-08	0.000223258	0.0848118	0.869003	0.0459255	3.60526e-05	4.2954e-09	5.95833e-13	2.17198e-14	4.74123e-17	5.06346e-19	2.55878e-22	1.68952e-25	3.79554e-29	5.87993e-33	2.36126e-33	1.29611e-32	5.99648e-35	1.32383e-34	1.31903e-37	1.99351e-37	7.2634e-41	4.74868e-41	1.03636e-44	6.67458e-46	3.29353e-49	5.42283e-51	2.02135e-51	
N72	2.41643e-42	4.06279e-37	1.45446e-32	9.41266e-28	2.4497e-26	3.79698e-23	4.58122e-20	1.14691e-15	2.08874e-13	3.64587e-14	3.45229e-11	3.43106e-10	3.86791e-11	3.67373e-09	1.89228e-05	0.0245689	0.869004	0.106175	0.000233349	1.12344e-07	3.29329e-11	5.71169e-14	1.18962e-16	2.50253e-19	1.07987e-22	3.47757e-26	3.78944e-30	2.60604e-34	1.21356e-34	9.74427e-35	5.05754e-36	5.37923e-37	6.13163e-39	4.2411e-40	1.29185e-42	3.13579e-44	6.07981e-47	1.00936e-48	2.3706e-51	5.33213e-53	3.1736e-54	
CGA642	0	0	0	0	0	0	0	0	0	0	0	0	0	0	0	0	1	0	0	0	0	0	0	0	0	0	0	0	0	0	0	0	0	0	0	0	0	0	0	0	0	
N73	2.19217e-36	2.64936e-33	1.57393e-30	5.78354e-28	6.66231e-27	1.6212e-23	2.92232e-20	2.57534e-16	1.26082e-14	2.21926e-14	1.21027e-12	9.62869e-12	4.62956e-11	5.02393e-09	1.23847e-05	0.0310046	0.844828	0.12397	0.000184334	5.68e-08	7.03441e-12	2.29729e-14	1.42975e-16	7.30652e-18	4.05969e-20	5.78154e-23	1.46492e-26	3.9034e-31	1.96706e-34	5.57643e-37	1.58709e-40	3.28013e-42	2.5268e-46	3.66521e-48	1.64129e-53	4.21423e-56	1.33186e-61	3.00383e-64	9.22721e-68	3.15603e-69	1.43088e-68	
N74	1.14863e-50	2.73295e-49	6.14356e-48	1.81866e-36	9.18993e-36	5.45032e-44	1.16488e-28	3.30056e-20	4.33805e-25	3.46393e-24	8.89409e-17	8.27075e-22	8.18396e-35	5.64258e-16	5.73428e-08	0.999993	7.09087e-06	2.99705e-12	1.70308e-32	1.21963e-33	5.97031e-35	5.30608e-36	9.4928e-36	6.28578e-35	1.44308e-34	1.59542e-34	2.04534e-34	2.20603e-35	9.03061e-36	6.24795e-36	5.25376e-36	4.53645e-35	4.07118e-35	2.42814e-34	4.74695e-35	1.96375e-34	1.46936e-35	1.57936e-35	9.5466e-37	1.00734e-36	1.56438e-36	
CGA763	0	0	0	0	0	0	0	0	0	0	0	0	0	0	0	1	0	0	0	0	0	0	0	0	0	0	0	0	0	0	0	0	0	0	0	0	0	0	0	0	0	
CGA764	0	0	0	0	0	0	0	0	0	0	0	0	0	0	0	1	0	0	0	0	0	0	0	0	0	0	0	0	0	0	0	0	0	0	0	0	0	0	0	0	0	
N75	3.34483e-50	1.08245e-48	3.68169e-47	1.25119e-45	4.12258e-44	1.07575e-31	3.66483e-41	1.3267e-25	2.85822e-17	3.83438e-22	2.39067e-21	1.48438e-13	2.60853e-18	1.21959e-32	7.66317e-32	2.45378e-13	2.87032e-06	0.999997	1.97777e-07	6.6143e-15	1.7934e-35	4.07782e-35	9.51572e-35	4.25992e-34	3.41231e-34	2.97637e-34	6.57153e-35	1.16918e-35	8.76467e-36	6.70054e-35	6.15732e-35	3.84482e-34	1.13619e-34	5.46104e-34	4.18564e-35	4.80871e-35	2.72284e-36	2.58457e-36	3.66781e-37	4.25817e-37	2.94484e-36	
C601	0	0	0	0	0	0	0	0	0	0	0	0	0	0	0	0	0	1	0	0	0	0	0	0	0	0	0	0	0	0	0	0	0	0	0	0	0	0	0	0	0	
C602	0	0	0	0	0	0	0	0	0	0	0	0	0	0	0	0	0	1	0	0	0	0	0	0	0	0	0	0	0	0	0	0	0	0	0	0	0	0	0	0	0	
N76	8.85346e-38	1.44799e-34	8.79277e-32	5.76136e-29	2.74346e-29	1.37661e-29	1.77511e-25	1.72867e-21	9.6095e-20	1.02371e-17	3.72411e-15	3.35052e-13	1.71176e-10	3.08774e-07	0.000548075	0.0998154	0.858859	0.0407207	5.62643e-05	1.57513e-08	1.72801e-12	1.99166e-14	1.66304e-16	1.11219e-17	5.29023e-20	9.21613e-23	5.51244e-26	1.21948e-30	5.69571e-34	2.18846e-36	7.01092e-40	7.46893e-40	6.84665e-41	3.34224e-40	4.70435e-43	6.25934e-43	1.77018e-45	3.03462e-45	3.271e-47	7.45093e-48	7.75975e-48	
CGA236	0	0	0	0	0	0	0	0	0	0	0	0	0	0	0	0	1	0	0	0	0	0	0	0	0	0	0	0	0	0	0	0	0	0	0	0	0	0	0	0	0	
N77	3.32174e-43	1.8406e-39	5.47573e-36	8.55111e-33	6.18795e-30	3.2205e-26	1.40888e-22	1.61423e-19	1.8795e-17	1.84489e-15	2.15759e-13	1.12811e-10	1.10987e-07	3.61166e-05	0.00712211	0.20342	0.756066	0.0332701	8.5482e-05	5.45561e-08	1.41498e-11	6.6952e-14	1.29842e-15	1.16777e-16	1.70438e-18	5.62947e-21	6.01691e-24	4.532e-28	3.95322e-31	1.36129e-33	1.59867e-36	4.68974e-38	1.94217e-41	3.77548e-43	8.92475e-48	4.787e-50	6.49562e-55	6.07858e-58	1.2624e-62	4.63308e-66	1.55234e-68	
N78	3.88332e-37	1.02814e-32	1.67958e-28	5.70534e-25	8.46933e-22	2.17301e-18	1.52702e-15	1.82403e-13	6.96229e-11	2.52117e-10	3.92891e-09	3.7001e-06	0.000153113	0.00154661	0.0225114	0.268755	0.634897	0.0718499	0.000282965	3.11581e-07	3.14633e-10	4.22796e-12	4.4565e-14	7.54643e-16	2.16834e-18	4.90582e-21	2.79908e-24	9.18246e-28	9.64456e-31	8.08837e-33	5.92212e-36	3.65878e-38	9.78993e-42	3.80529e-44	1.9713e-48	1.79491e-51	5.71348e-56	2.76789e-59	1.3077e-63	5.76877e-67	1.29916e-69	
Calboe	0	0	0	0	0	0	0	0	0	0	0	0	0	1	0	0	0	0	0	0	0	0	0	0	0	0	0	0	0	0	0	0	0	0	0	0	0	0	0	0	0	
C3125	0	0	0	0	0	0	0	0	0	0	0	0	0	0	0	0	0	1	0	0	0	0	0	0	0	0	0	0	0	0	0	0	0	0	0	0	0	0	0	0	0	
N79	9.09103e-46	1.56763e-44	2.66644e-43	4.22894e-42	3.09388e-49	8.43815e-40	3.4201e-43	2.40118e-41	8.68491e-41	6.84309e-24	3.87445e-38	5.70831e-34	6.70045e-34	5.95048e-17	1	2.994e-15	1.25598e-30	6.04488e-32	1.25212e-32	1.69666e-33	1.96304e-34	8.00059e-35	1.43211e-34	3.80057e-34	4.0584e-34	3.62161e-34	2.078e-34	5.75263e-35	3.45115e-35	9.32553e-35	8.84489e-35	3.0131e-34	2.2955e-34	5.44832e-34	1.30887e-34	1.67193e-34	2.68204e-35	2.40179e-35	3.67173e-36	4.33685e-36	8.54517e-36	
CGA429	0	0	0	0	0	0	0	0	0	0	0	0	0	0	1	0	0	0	0	0	0	0	0	0	0	0	0	0	0	0	0	0	0	0	0	0	0	0	0	0	0	
CGA430	0	0	0	0	0	0	0	0	0	0	0	0	0	0	1	0	0	0	0	0	0	0	0	0	0	0	0	0	0	0	0	0	0	0	0	0	0	0	0	0	0	
N80	5.05221e-36	1.25854e-32	1.0717e-29	6.04753e-27	9.36692e-26	1.61298e-25	7.29133e-22	2.75159e-20	1.94029e-19	1.27071e-16	6.41171e-15	7.76728e-12	1.45352e-07	0.00063333	0.131424	0.565737	0.296913	0.00529047	1.93945e-06	1.88871e-10	7.53328e-15	4.07205e-19	1.49916e-21	5.75097e-23	4.95897e-25	4.12761e-28	3.35603e-29	5.37139e-31	2.2955e-32	1.27006e-34	4.23275e-36	8.69346e-36	3.33901e-37	4.56809e-37	1.05496e-39	9.81594e-40	5.67254e-43	4.82012e-44	2.54109e-47	1.0226e-48	7.63148e-50	
N81	4.46121e-44	6.52481e-43	9.45104e-42	1.27013e-40	1.95748e-48	5.83607e-43	1.17246e-25	5.01392e-40	2.25424e-24	4.71393e-38	6.45375e-34	7.11217e-34	6.03398e-17	1	3.15054e-15	1.63226e-30	1.72987e-31	5.94016e-32	1.17313e-32	1.62175e-33	2.95463e-34	2.52619e-34	4.0904e-34	7.86409e-34	5.66887e-34	4.61557e-34	2.3611e-34	1.3265e-34	1.07767e-34	3.17195e-34	2.6599e-34	6.71687e-34	3.60216e-34	6.75851e-34	1.594e-34	1.65497e-34	2.7065e-35	2.31933e-35	4.33934e-36	6.36777e-36	1.59505e-35	
C985	0	0	0	0	0	0	0	0	0	0	0	0	0	1	0	0	0	0	0	0	0	0	0	0	0	0	0	0	0	0	0	0	0	0	0	0	0	0	0	0	0	
C984	0	0	0	0	0	0	0	0	0	0	0	0	0	1	0	0	0	0	0	0	0	0	0	0	0	0	0	0	0	0	0	0	0	0	0	0	0	0	0	0	0	
N82	2.43573e-34	1.29488e-31	4.52908e-29	4.31979e-27	2.79938e-26	9.42069e-26	1.40214e-21	3.51926e-19	2.94832e-17	2.23913e-14	5.14863e-13	3.33947e-10	1.4447e-06	0.00186542	0.225193	0.590881	0.180023	0.00203539	1.3714e-06	3.00303e-10	4.24812e-14	7.77451e-16	6.61895e-18	3.87196e-19	2.53141e-21	7.43359e-24	9.76977e-27	5.22628e-31	4.46806e-34	5.96024e-36	2.20773e-39	9.41832e-41	1.15347e-44	3.55284e-46	5.67025e-51	6.30301e-53	5.1485e-58	5.41501e-61	7.31627e-66	2.79267e-69	1.16374e-71	
N83	1.82146e-45	3.1711e-39	4.54439e-34	1.3554e-28	5.09965e-24	1.26973e-23	4.37618e-18	2.62115e-16	8.28307e-16	4.08039e-11	2.37833e-13	2.0204e-14	2.36884e-09	0.000116724	0.997739	0.00214416	5.73195e-07	2.86276e-11	4.65328e-16	3.39997e-21	4.17906e-26	1.20801e-30	2.65468e-35	4.12666e-40	1.12631e-45	2.15154e-51	7.34321e-58	5.61783e-35	4.88806e-35	1.48238e-34	9.94842e-35	2.42269e-34	9.05458e-35	1.62398e-34	3.15207e-35	3.11441e-35	4.28675e-36	3.71539e-36	7.41548e-37	1.40079e-36	4.59813e-36	
CGA310	0	0	0	0	0	0	0	0	0	0	0	0	0	0	1	0	0	0	0	0	0	0	0	0	0	0	0	0	0	0	0	0	0	0	0	0	0	0	0	0	0	
CGA314	0	0	0	0	0	0	0	0	0	0	0	0	0	0	1	0	0	0	0	0	0	0	0	0	0	0	0	0	0	0	0	0	0	0	0	0	0	0	0	0	0	
N84	2.83677e-37	6.82496e-33	1.00438e-28	3.26289e-25	5.57215e-22	8.71882e-19	2.98108e-15	5.34848e-14	1.30653e-12	7.88192e-11	6.46916e-10	1.31792e-07	0.000166646	0.0611723	0.720566	0.209507	0.00855378	3.42208e-05	4.01156e-08	2.03335e-11	1.5555e-14	1.2522e-16	7.47085e-19	6.83313e-21	1.01215e-23	1.63595e-26	8.26063e-30	3.54e-33	3.2126e-36	1.99322e-38	1.04382e-41	4.56062e-44	8.35281e-48	2.27647e-50	1.16285e-54	9.4585e-58	3.01744e-62	2.35573e-65	7.67314e-68	6.95373e-68	3.88345e-67	
N85	1.99204e-49	2.40933e-42	9.60302e-37	9.53681e-31	1.35188e-25	1.96254e-25	2.50289e-19	2.15666e-17	9.42829e-17	1.63259e-11	4.82042e-14	1.96746e-15	6.36317e-10	7.23083e-05	0.999531	0.000397049	1.7535e-08	1.78894e-13	5.44934e-19	1.70147e-24	1.97886e-29	7.30866e-35	7.37223e-35	7.59482e-35	1.814e-35	2.5442e-35	1.68672e-35	6.81262e-35	2.95224e-35	1.08963e-34	2.45521e-35	6.76096e-35	9.22653e-36	1.5787e-35	1.5737e-36	1.657e-36	1.2773e-37	1.24347e-37	4.79325e-38	1.85619e-37	1.08413e-36	
CGA382	0	0	0	0	0	0	0	0	0	0	0	0	0	0	1	0	0	0	0	0	0	0	0	0	0	0	0	0	0	0	0	0	0	0	0	0	0	0	0	0	0	
CGA365	0	0	0	0	0	0	0	0	0	0	0	0	0	0	1	0	0	0	0	0	0	0	0	0	0	0	0	0	0	0	0	0	0	0	0	0	0	0	0	0	0	
N86	2.0342e-46	4.74835e-45	1.08882e-43	2.33739e-42	1.07268e-30	5.13703e-25	3.8097e-17	1.12146e-21	1.82405e-15	2.53951e-19	2.80109e-34	8.21014e-15	2.15902e-07	0.999987	1.31716e-05	1.70097e-11	3.9175e-32	6.43367e-33	6.58683e-34	6.77064e-35	9.61817e-35	1.58094e-34	1.86797e-34	2.62042e-34	6.98674e-35	5.47162e-35	2.36876e-35	7.08348e-35	5.93619e-35	2.44251e-34	7.87259e-35	2.43669e-34	3.92377e-35	7.48555e-35	8.12719e-36	8.8012e-36	7.25704e-37	6.68933e-37	1.42352e-37	4.67673e-37	2.743e-36	
CGA494	0	0	0	0	0	0	0	0	0	0	0	0	0	1	0	0	0	0	0	0	0	0	0	0	0	0	0	0	0	0	0	0	0	0	0	0	0	0	0	0	0	
CGA495	0	0	0	0	0	0	0	0	0	0	0	0	0	1	0	0	0	0	0	0	0	0	0	0	0	0	0	0	0	0	0	0	0	0	0	0	0	0	0	0	0	
N87	1.47616e-41	1.08939e-36	2.57857e-32	9.47493e-28	1.90617e-25	3.62093e-23	4.52903e-20	5.96534e-16	2.19399e-13	6.82572e-13	3.50004e-11	8.79482e-10	4.21622e-09	1.22253e-07	1.16324e-05	0.00774372	0.36561	0.590275	0.036262	9.76168e-05	7.88934e-08	2.99812e-10	2.33231e-12	2.19012e-14	3.98303e-17	4.3083e-20	1.75971e-23	1.90441e-27	6.08028e-31	1.17828e-33	4.16794e-37	3.92398e-38	1.7981e-37	7.5897e-38	4.39689e-40	4.23031e-41	1.55458e-43	7.18447e-45	5.62751e-47	8.32337e-47	5.86884e-46	
N88	3.04601e-42	1.62429e-37	6.21857e-33	1.6875e-28	3.82018e-26	4.8647e-23	1.63081e-19	1.14509e-15	3.59233e-14	1.95205e-13	5.43063e-12	7.75647e-11	1.71205e-09	3.28431e-08	1.6214e-05	0.0182534	0.408832	0.557726	0.0151512	2.14959e-05	8.2876e-09	3.75036e-12	4.95166e-15	1.7879e-17	1.32973e-19	2.91894e-22	1.73906e-24	6.58647e-28	6.71781e-31	8.55865e-35	3.91041e-39	4.80881e-41	1.22904e-44	1.71903e-46	7.24389e-51	6.77247e-53	8.21097e-58	4.118e-60	1.93948e-65	1.7794e-68	3.69225e-73	
C12265	0	0	0	0	0	0	0	0	0	0	0	0	0	0	0	0	0	1	0	0	0	0	0	0	0	0	0	0	0	0	0	0	0	0	0	0	0	0	0	0	0	
N89	1.52748e-44	5.5111e-39	2.81477e-34	3.2441e-29	2.86778e-27	1.34863e-25	9.70285e-21	4.57401e-17	1.01095e-17	1.49695e-15	1.88332e-13	7.13894e-14	2.06461e-11	7.88267e-07	0.00792255	0.928425	0.0630415	0.000610085	3.48949e-07	3.32053e-11	1.12456e-15	1.81887e-20	4.51515e-25	5.61207e-28	2.96493e-31	6.34149e-35	1.89458e-37	4.65702e-37	1.09638e-36	4.20618e-39	9.38497e-42	1.15317e-42	1.72749e-44	2.36273e-45	2.01167e-47	1.9201e-48	2.38467e-51	1.02501e-52	7.11257e-56	9.93036e-58	2.8206e-60	
C404	0	0	0	0	0	0	0	0	0	0	0	0	0	0	1	0	0	0	0	0	0	0	0	0	0	0	0	0	0	0	0	0	0	0	0	0	0	0	0	0	0	
N90	4.02897e-38	1.14238e-34	9.077e-32	6.12605e-29	7.05163e-30	7.24986e-28	3.81181e-23	6.99818e-19	3.13096e-19	5.88609e-18	2.42393e-14	2.68678e-14	3.75654e-12	1.98045e-07	0.00262813	0.963054	0.0342121	0.000105154	2.03045e-08	8.99371e-13	4.32454e-17	4.58562e-19	4.34491e-22	1.32002e-24	2.97007e-28	1.22926e-31	2.37179e-35	4.8961e-40	8.00653e-44	5.68439e-46	5.45202e-51	3.74426e-53	1.15561e-58	4.70605e-61	6.1694e-67	2.97933e-69	2.97533e-72	1.19804e-71	3.11017e-73	6.2441e-72	6.10069e-70	
N91	8.64297e-53	5.02413e-51	2.74875e-49	2.61946e-35	3.02652e-34	2.6956e-44	1.26299e-26	4.25433e-19	8.09083e-23	7.55656e-22	1.87712e-15	2.18709e-19	1.66984e-34	1.45994e-13	1.06611e-06	0.999993	5.83991e-06	3.43298e-12	5.89195e-35	2.30987e-36	1.36866e-36	5.61411e-36	1.22484e-35	6.12534e-35	9.3745e-36	6.21738e-36	1.06052e-36	9.34847e-37	9.00901e-37	9.73017e-36	7.80999e-36	6.04895e-35	4.28587e-36	1.15705e-35	5.95594e-37	7.82657e-37	3.29135e-38	3.08142e-38	5.10882e-39	1.42369e-38	1.67302e-37	
Cl11778	0	0	0	0	0	0	0	0	0	0	0	0	0	0	0	1	0	0	0	0	0	0	0	0	0	0	0	0	0	0	0	0	0	0	0	0	0	0	0	0	0	
Cl11779	0	0	0	0	0	0	0	0	0	0	0	0	0	0	0	1	0	0	0	0	0	0	0	0	0	0	0	0	0	0	0	0	0	0	0	0	0	0	0	0	0	
N92	3.92174e-49	4.22337e-43	7.30416e-38	3.6007e-32	7.66049e-31	1.60909e-28	5.55202e-23	8.32857e-18	8.05935e-19	1.14416e-17	1.23855e-13	7.39667e-15	8.29042e-14	8.2328e-09	0.000258251	0.997609	0.00213237	3.65586e-07	1.43442e-11	2.08994e-16	2.52087e-20	3.00465e-23	9.9044e-27	8.10653e-30	1.14132e-34	6.08405e-39	4.9741e-44	1.00958e-48	3.14562e-53	1.25138e-56	1.73565e-61	3.26881e-65	2.05125e-71	8.71312e-76	2.08604e-82	1.75557e-87	1.61969e-94	2.88663e-100	3.21216e-107	1.30008e-113	9.07347e-38	
CGA594	0	0	0	0	0	0	0	0	0	0	0	0	0	0	0	1	0	0	0	0	0	0	0	0	0	0	0	0	0	0	0	0	0	0	0	0	0	0	0	0	0	
CGA48	0	0	0	0	0	0	0	0	0	0	0	0	0	0	0	1	0	0	0	0	0	0	0	0	0	0	0	0	0	0	0	0	0	0	0	0	0	0	0	0	0	
N93	2.37071e-46	4.8658e-45	1.0022e-43	1.95778e-42	3.58643e-41	6.0939e-40	9.50049e-39	1.34372e-37	4.06247e-21	2.84817e-19	1.84931e-34	8.1166e-18	1.39267e-11	2.04492e-16	2.14074e-31	5.49495e-31	1.1307e-11	9.70668e-06	0.999989	1.24124e-06	3.32648e-13	2.54902e-34	4.90255e-34	1.45518e-33	1.46934e-33	1.32665e-33	7.59079e-34	1.78013e-34	1.06372e-34	3.3493e-34	3.0918e-34	1.19794e-33	7.22846e-34	2.08692e-33	4.08347e-34	6.33956e-34	8.20665e-35	7.72041e-35	9.50425e-36	1.11211e-35	2.49976e-35	
C3134	0	0	0	0	0	0	0	0	0	0	0	0	0	0	0	0	0	0	1	0	0	0	0	0	0	0	0	0	0	0	0	0	0	0	0	0	0	0	0	0	0	
C3126	0	0	0	0	0	0	0	0	0	0	0	0	0	0	0	0	0	0	1	0	0	0	0	0	0	0	0	0	0	0	0	0	0	0	0	0	0	0	0	0	0	
N94	8.03063e-38	3.53958e-33	7.58146e-29	3.48007e-25	2.4448e-22	1.52288e-19	1.92168e-18	1.64388e-14	6.49068e-11	3.24771e-11	3.43883e-11	1.57014e-08	2.34739e-08	1.44386e-09	3.86751e-08	5.14233e-05	0.0190335	0.802845	0.176122	0.00194209	5.24456e-06	1.08658e-08	5.82538e-11	3.56108e-13	6.88698e-16	9.39127e-19	7.86484e-22	2.39268e-25	9.38695e-29	2.01928e-30	4.45594e-30	1.37659e-30	6.04473e-32	6.3205e-33	1.16907e-34	7.55477e-36	7.86808e-38	3.1656e-39	2.46257e-41	9.9346e-43	4.1978e-44	
CGA311	0	0	0	0	0	0	0	0	0	0	0	0	0	0	0	0	0	1	0	0	0	0	0	0	0	0	0	0	0	0	0	0	0	0	0	0	0	0	0	0	0	
N95	2.04302e-38	2.41666e-35	2.59634e-32	1.65174e-28	2.85235e-25	2.15909e-22	3.02303e-20	2.34283e-16	7.14455e-13	7.61736e-13	1.66067e-12	2.31236e-10	3.23225e-10	6.12858e-11	6.59224e-09	1.32443e-05	0.0113789	0.804401	0.182657	0.00154714	2.5967e-06	2.1863e-09	3.55273e-12	5.71213e-14	7.26218e-16	2.64015e-18	2.32931e-20	6.3546e-24	9.71771e-27	3.14387e-30	3.7952e-34	1.09396e-35	1.68976e-39	4.44447e-41	1.73375e-45	3.02871e-47	2.57131e-52	1.5946e-54	8.21209e-60	1.97167e-62	6.6449e-67	
N96	1.41562e-44	2.00687e-39	1.16424e-34	1.84354e-30	4.51061e-28	1.56766e-24	9.70765e-23	1.2985e-18	1.57813e-15	2.07621e-16	4.26487e-15	8.46196e-13	4.28554e-13	1.23408e-12	2.07168e-09	1.43941e-05	0.0219213	0.934117	0.0438524	9.46357e-05	4.46968e-08	7.63162e-12	7.35269e-16	2.31566e-18	1.18386e-20	2.07206e-23	8.01979e-26	2.21305e-29	9.13491e-33	8.26593e-37	1.7355e-41	1.31678e-44	5.19053e-46	4.05109e-44	7.78497e-46	2.24244e-46	1.58083e-48	2.99241e-49	3.89037e-52	2.09866e-53	1.11013e-54	
N97	5.49141e-50	1.10876e-48	2.44918e-47	5.54872e-46	1.248e-44	2.69843e-43	2.38805e-32	4.63994e-26	4.99557e-24	3.04819e-24	2.18315e-16	2.83751e-20	4.5492e-35	3.90702e-34	7.89817e-15	2.15079e-07	0.999991	9.06856e-06	3.83433e-12	5.31377e-33	5.37127e-34	4.04097e-35	6.4381e-36	2.30448e-35	5.53661e-35	1.06643e-34	2.57499e-34	6.78642e-35	3.92252e-35	1.24352e-35	3.27481e-36	1.5862e-35	1.60129e-35	8.28404e-35	7.29818e-35	2.48436e-34	4.26523e-35	6.74052e-35	7.81636e-36	7.81829e-36	3.4453e-36	
CGA45	0	0	0	0	0	0	0	0	0	0	0	0	0	0	0	0	1	0	0	0	0	0	0	0	0	0	0	0	0	0	0	0	0	0	0	0	0	0	0	0	0	
CGA46	0	0	0	0	0	0	0	0	0	0	0	0	0	0	0	0	1	0	0	0	0	0	0	0	0	0	0	0	0	0	0	0	0	0	0	0	0	0	0	0	0	
N98	2.94196e-47	3.21636e-42	1.66211e-37	3.28431e-33	3.1848e-30	9.63213e-27	9.96406e-25	8.08137e-21	1.70019e-17	5.47705e-18	5.0568e-17	1.17557e-13	4.33485e-13	4.31067e-13	4.90492e-10	4.44859e-06	0.00964436	0.958917	0.0313801	5.38335e-05	2.07619e-08	3.01699e-12	2.01093e-15	1.55639e-16	2.60258e-18	5.87839e-21	3.1602e-23	5.59929e-27	5.13945e-30	4.53736e-34	3.38977e-38	5.67199e-40	1.79856e-43	2.24175e-45	8.19785e-50	6.56404e-52	5.08464e-57	1.45547e-59	6.08672e-65	3.39229e-68	1.10478e-72	
N99	5.3241e-49	7.10786e-44	4.23055e-39	8.70234e-35	7.17143e-32	5.82992e-28	3.82157e-26	1.70317e-21	3.37918e-17	1.52693e-17	1.79113e-16	9.14532e-13	5.38764e-13	7.11788e-14	4.85354e-11	6.16654e-07	0.00225884	0.988545	0.0091877	8.29659e-06	1.97848e-09	1.93863e-13	5.62679e-17	6.59244e-19	2.40409e-21	3.06131e-24	7.69457e-27	4.6489e-31	1.10153e-34	5.19094e-39	2.12332e-43	5.02126e-46	8.86324e-50	1.5013e-52	1.15605e-56	1.16583e-59	9.05596e-65	1.39143e-66	4.91729e-68	5.79622e-68	2.31389e-68	
N100	2.8106e-55	6.69953e-49	4.644e-43	1.92855e-38	1.37841e-35	1.29867e-30	3.89414e-30	2.07659e-24	5.84195e-19	1.43852e-20	1.6709e-19	1.79712e-14	7.30611e-16	5.3619e-18	5.83777e-15	1.45374e-09	0.000107566	0.999533	0.000359568	1.52561e-08	1.84371e-13	9.29817e-19	1.77638e-23	1.31725e-26	2.63363e-30	1.53844e-34	1.41842e-38	1.14595e-44	2.52137e-50	4.00366e-57	5.24555e-38	6.91945e-37	6.80886e-37	8.56605e-36	6.75891e-36	6.04999e-35	3.05399e-36	5.23184e-36	2.0596e-37	2.37202e-37	1.61487e-37	
C3043	0	0	0	0	0	0	0	0	0	0	0	0	0	0	0	0	0	1	0	0	0	0	0	0	0	0	0	0	0	0	0	0	0	0	0	0	0	0	0	0	0	
CGA87	0	0	0	0	0	0	0	0	0	0	0	0	0	0	0	0	0	1	0	0	0	0	0	0	0	0	0	0	0	0	0	0	0	0	0	0	0	0	0	0	0	
N101	1.02785e-54	1.85275e-48	9.88243e-43	3.97278e-38	2.86179e-35	1.95844e-30	7.97618e-30	3.03958e-24	6.13921e-19	2.10124e-20	2.50047e-19	1.99807e-14	1.15822e-15	1.23185e-17	1.36542e-14	2.56232e-09	0.000142884	0.999371	0.000486207	2.76692e-08	4.46787e-13	2.99782e-18	7.56154e-23	7.98353e-26	2.2626e-29	1.81537e-33	2.39147e-37	2.60352e-43	8.04182e-49	1.71059e-55	4.70424e-38	6.38358e-37	6.26128e-37	8.17298e-36	6.35551e-36	5.94228e-35	2.87631e-36	5.12166e-36	1.94263e-37	2.26068e-37	1.50904e-37	
CGA368	0	0	0	0	0	0	0	0	0	0	0	0	0	0	0	0	0	1	0	0	0	0	0	0	0	0	0	0	0	0	0	0	0	0	0	0	0	0	0	0	0	
CGA557	0	0	0	0	0	0	0	0	0	0	0	0	0	0	0	0	0	1	0	0	0	0	0	0	0	0	0	0	0	0	0	0	0	0	0	0	0	0	0	0	0	
CGA364	0	0	0	0	0	0	0	0	0	0	0	0	0	0	0	0	0	1	0	0	0	0	0	0	0	0	0	0	0	0	0	0	0	0	0	0	0	0	0	0	0	
C2208	0	0	0	0	0	0	0	0	0	0	0	0	0	0	0	0	0	0	1	0	0	0	0	0	0	0	0	0	0	0	0	0	0	0	0	0	0	0	0	0	0	
N102	7.40662e-33	6.49713e-29	3.31347e-25	7.8702e-22	1.15494e-19	4.72754e-17	1.63139e-15	3.13823e-12	2.41393e-09	7.06234e-10	1.66239e-09	2.24267e-07	7.88405e-08	1.00693e-08	1.17483e-06	0.000476567	0.0553952	0.888306	0.0551973	0.000620632	2.63511e-06	1.05163e-08	8.67372e-11	7.39632e-13	2.46414e-15	6.59938e-18	1.14014e-20	1.1159e-23	1.19273e-26	2.75428e-29	2.67097e-32	5.05144e-35	3.06935e-38	3.27713e-41	9.12103e-45	5.54864e-48	8.10194e-52	3.02239e-55	3.10155e-59	1.19447e-62	4.723e-66	
N103	7.62925e-40	6.12909e-35	1.97383e-30	2.30905e-26	5.85782e-24	1.30684e-20	3.14672e-19	2.30879e-15	3.96482e-12	2.23977e-13	2.19665e-12	2.83443e-10	2.1243e-11	4.28964e-12	8.31809e-09	3.57794e-05	0.0336991	0.952026	0.0142131	2.5862e-05	1.32537e-08	3.05822e-12	1.35171e-15	9.3757e-18	2.1777e-20	2.44324e-23	4.01466e-26	3.81843e-30	1.0726e-33	1.26453e-37	1.1456e-41	2.02088e-44	3.10019e-47	2.33632e-46	1.60875e-48	2.45767e-49	7.91154e-52	3.72661e-53	4.07015e-56	5.05069e-57	3.46471e-55	
N104	1.32081e-53	2.22616e-46	6.91245e-40	1.80793e-35	5.95161e-33	1.59901e-27	1.91011e-28	1.60409e-22	5.87799e-17	5.33004e-20	3.07522e-19	1.40723e-13	4.30051e-16	2.21444e-19	1.39697e-16	1.32752e-10	3.48662e-05	0.999899	6.61489e-05	5.49895e-10	1.34795e-15	1.28797e-21	5.92704e-27	1.06652e-31	2.29441e-35	3.41473e-35	8.80745e-35	1.13871e-35	5.41169e-36	1.53927e-36	7.57763e-37	6.40033e-36	5.86085e-36	3.82262e-35	1.68994e-35	8.64473e-35	7.17897e-36	9.80864e-36	6.19726e-37	6.68036e-37	5.04536e-37	
CGA453	0	0	0	0	0	0	0	0	0	0	0	0	0	0	0	0	0	1	0	0	0	0	0	0	0	0	0	0	0	0	0	0	0	0	0	0	0	0	0	0	0	
CGA383	0	0	0	0	0	0	0	0	0	0	0	0	0	0	0	0	0	1	0	0	0	0	0	0	0	0	0	0	0	0	0	0	0	0	0	0	0	0	0	0	0	
N105	2.84318e-44	4.39856e-39	2.43732e-34	8.36818e-30	1.63374e-27	3.21864e-24	9.45509e-22	1.16709e-17	4.30756e-15	2.37064e-16	1.64217e-14	4.85557e-13	4.85889e-14	6.02623e-13	2.89083e-09	3.25506e-05	0.0788911	0.917598	0.00347682	1.77069e-06	2.66742e-10	1.71678e-14	2.95542e-18	4.93954e-20	2.52453e-22	3.16408e-25	1.24546e-27	5.22562e-32	1.36251e-35	4.98527e-40	1.27936e-44	4.50359e-47	7.42255e-51	2.14807e-53	1.4848e-57	2.73272e-60	3.18019e-65	2.2441e-66	4.16439e-68	6.72859e-68	2.25623e-68	
N106	1.13162e-52	3.53225e-51	9.87566e-50	2.37028e-48	4.83633e-47	5.2991e-34	1.51927e-44	3.63378e-28	3.91901e-20	2.31119e-24	2.44161e-23	9.7094e-16	8.35447e-20	1.00587e-34	1.29929e-33	7.40143e-14	1.22722e-06	0.999998	7.2418e-07	6.7926e-14	9.22389e-36	5.45146e-37	9.93559e-37	9.68281e-36	3.09827e-35	3.45283e-35	5.48133e-35	4.20645e-36	1.78452e-36	7.00524e-37	5.39596e-37	6.88246e-36	6.21341e-36	5.51326e-35	8.36866e-36	5.3529e-35	2.66955e-36	3.31871e-36	1.39104e-37	1.49444e-37	2.41287e-37	
CGA501	0	0	0	0	0	0	0	0	0	0	0	0	0	0	0	0	0	1	0	0	0	0	0	0	0	0	0	0	0	0	0	0	0	0	0	0	0	0	0	0	0	
C11776	0	0	0	0	0	0	0	0	0	0	0	0	0	0	0	0	0	1	0	0	0	0	0	0	0	0	0	0	0	0	0	0	0	0	0	0	0	0	0	0	0	
N107	3.78458e-52	1.2578e-50	3.75307e-49	9.60431e-48	2.05234e-46	3.52828e-45	2.8792e-34	2.85242e-28	1.50766e-26	1.10822e-26	1.52654e-18	5.61097e-22	1.50433e-36	3.07077e-35	2.08998e-15	1.11621e-07	0.999976	2.34212e-05	4.12747e-12	1.47162e-33	5.6483e-35	1.68161e-36	3.48277e-37	3.8958e-36	1.83361e-35	4.14197e-35	2.28507e-34	1.99947e-35	9.57872e-36	1.20253e-36	2.01473e-37	2.64358e-36	2.63087e-36	3.21299e-35	2.67711e-35	2.27268e-34	1.19084e-35	1.80887e-35	7.30488e-37	8.26545e-37	6.32247e-37	
C3121	0	0	0	0	0	0	0	0	0	0	0	0	0	0	0	0	1	0	0	0	0	0	0	0	0	0	0	0	0	0	0	0	0	0	0	0	0	0	0	0	0	
C3123	0	0	0	0	0	0	0	0	0	0	0	0	0	0	0	0	1	0	0	0	0	0	0	0	0	0	0	0	0	0	0	0	0	0	0	0	0	0	0	0	0	
N108	5.65104e-42	1.32124e-36	1.0537e-31	1.08346e-27	2.17993e-25	1.61349e-21	3.10423e-21	8.31196e-17	9.47871e-13	9.65567e-15	1.57723e-14	7.92076e-11	2.3706e-12	1.84122e-14	5.88864e-12	1.45978e-07	0.00106094	0.996281	0.00265682	9.33275e-07	9.72134e-11	4.78764e-15	6.21018e-19	5.41474e-22	1.63653e-25	3.05863e-29	5.57609e-33	9.81251e-38	3.1738e-42	7.30387e-47	1.39516e-51	1.96829e-55	3.7627e-60	2.76602e-64	2.01105e-69	6.48877e-74	7.39239e-80	5.44366e-85	2.08107e-91	4.49035e-97	2.20515e-103	
Calparcri	0	0	0	0	0	0	0	0	0	0	0	0	0	0	0	0	0	1	0	0	0	0	0	0	0	0	0	0	0	0	0	0	0	0	0	0	0	0	0	0	0	
C3118	0	0	0	0	0	0	0	0	0	0	0	0	0	0	0	0	0	1	0	0	0	0	0	0	0	0	0	0	0	0	0	0	0	0	0	0	0	0	0	0	0	
N109	1.84193e-39	9.65405e-36	1.51015e-32	2.08242e-28	2.34155e-25	8.14655e-22	3.09464e-18	1.8431e-14	9.54481e-13	1.38313e-11	3.18485e-10	2.88311e-08	2.70108e-07	2.83101e-06	0.000572524	0.0759893	0.663205	0.256492	0.00372946	8.61239e-06	1.02086e-08	3.86117e-11	2.6231e-13	1.10019e-14	3.17926e-17	5.79447e-20	7.84815e-23	7.99278e-27	2.89318e-29	4.34604e-30	3.02644e-32	5.87078e-32	1.30491e-34	1.91226e-34	1.2535e-37	1.03276e-37	3.26403e-41	7.65013e-42	2.10633e-45	1.48457e-46	2.38446e-48	
N110	3.14896e-37	5.04436e-33	4.73184e-29	1.99987e-25	2.38721e-22	7.12523e-20	5.86804e-18	1.42731e-14	1.41131e-11	1.11128e-10	1.16259e-09	1.13958e-07	9.82366e-07	1.63764e-06	6.16229e-05	0.0105634	0.309218	0.605445	0.0732237	0.00146595	1.80724e-05	1.31718e-06	7.07067e-08	3.95012e-09	2.91003e-11	2.1421e-13	5.3084e-16	8.74461e-19	2.70378e-21	4.6179e-23	9.01555e-26	9.17124e-28	4.76698e-31	2.61336e-33	4.09241e-37	7.50611e-40	6.60112e-44	5.97111e-47	5.38771e-51	5.43883e-54	1.6399e-56	
N111	3.51468e-33	2.97548e-29	1.59361e-25	1.52285e-22	1.18131e-19	6.15422e-17	1.16567e-15	4.4753e-13	8.31824e-11	1.50215e-09	4.69075e-08	5.82737e-06	2.60416e-05	2.69763e-05	0.000267931	0.0151811	0.285683	0.635302	0.0624816	0.00101999	5.20173e-06	1.75098e-08	1.6776e-10	5.17749e-12	5.21009e-14	3.32679e-16	1.79293e-18	1.58175e-21	2.77759e-24	6.0376e-27	8.57164e-30	7.01727e-32	7.17891e-35	3.53296e-37	1.19139e-40	3.37954e-43	4.63987e-47	6.14956e-50	5.16765e-54	4.01918e-57	1.46513e-60	
N112	1.67806e-32	1.54633e-28	8.80868e-25	1.61658e-21	1.20079e-18	5.71445e-16	1.24197e-14	3.33524e-12	4.96056e-10	1.09335e-08	3.51087e-07	5.793e-05	0.000302691	0.000372894	0.00368515	0.0673632	0.412703	0.495651	0.019732	0.000131353	2.80034e-07	2.75304e-10	3.52673e-13	9.22644e-15	1.13513e-16	6.89615e-19	6.31836e-21	4.72631e-24	8.90286e-27	6.80358e-30	3.02164e-33	3.18334e-35	3.14333e-38	2.79791e-40	1.07186e-43	6.28379e-46	6.14269e-50	1.65553e-52	9.11896e-57	1.14606e-59	1.83067e-63	
N113	1.22267e-35	3.10882e-31	4.22088e-27	2.33495e-23	1.16658e-20	7.55746e-18	3.94493e-16	1.64506e-12	2.60955e-09	2.18704e-09	5.48146e-09	7.53291e-07	7.13952e-07	1.09777e-07	6.62501e-06	0.00167989	0.106392	0.828554	0.0626822	0.000674025	9.45171e-06	1.69542e-07	2.33372e-09	3.01114e-11	7.02265e-14	2.97378e-16	5.06725e-19	1.92128e-21	1.64151e-24	1.03353e-26	4.13559e-30	1.64131e-32	3.14382e-36	1.62444e-37	1.40345e-39	1.61595e-40	1.36411e-42	8.53614e-44	4.007e-46	3.7565e-47	1.73241e-46	
Triowe	0	0	0	0	0	0	0	0	0	0	0	0	0	0	0	0	0	1	0	0	0	0	0	0	0	0	0	0	0	0	0	0	0	0	0	0	0	0	0	0	0	
N114	8.10559e-36	1.0346e-31	8.62649e-28	3.73575e-24	1.90118e-21	9.43404e-19	2.21981e-16	2.73194e-13	9.58504e-11	1.19538e-10	3.76952e-10	2.07024e-08	1.60881e-08	7.97123e-09	1.18852e-06	0.000584559	0.07084	0.856961	0.070828	0.000781073	4.15904e-06	2.5576e-08	2.21962e-10	1.42807e-11	2.53553e-13	2.53828e-15	3.16956e-17	2.1333e-20	7.46628e-23	2.51752e-25	3.33992e-28	1.45438e-29	9.08727e-33	2.77181e-34	5.42126e-38	1.03015e-39	6.42146e-44	3.82363e-46	1.63378e-50	4.30909e-53	2.19296e-56	
Trijoh	0	0	0	0	0	0	0	0	0	0	0	0	0	0	0	0	0	1	0	0	0	0	0	0	0	0	0	0	0	0	0	0	0	0	0	0	0	0	0	0	0	
Trimel	0	0	0	0	0	0	0	0	0	0	0	0	0	0	0	0	0	1	0	0	0	0	0	0	0	0	0	0	0	0	0	0	0	0	0	0	0	0	0	0	0	
N115	1.56308e-30	1.94036e-26	1.66127e-22	4.66844e-20	1.40242e-16	4.55475e-13	5.63032e-13	8.99764e-11	4.32421e-10	4.90794e-07	0.000879585	0.352669	0.499662	0.134378	0.0119733	0.000430855	6.55613e-06	3.81819e-08	5.42173e-11	2.85081e-14	7.34503e-18	1.11534e-21	2.0582e-25	3.76412e-28	5.08873e-31	5.33383e-34	5.43318e-37	1.00536e-40	2.74829e-44	4.96635e-48	5.74494e-52	5.69953e-55	1.42391e-58	1.22867e-61	1.96498e-65	9.93344e-69	4.57515e-73	1.16964e-76	2.9216e-81	4.26259e-85	2.18109e-89	
N116	7.50837e-32	1.11522e-27	1.02039e-23	8.0114e-21	3.31302e-17	1.13357e-13	5.12071e-13	1.01983e-10	1.19185e-09	1.70661e-06	0.00254008	0.607971	0.359568	0.0292932	0.000621455	4.44206e-06	1.1852e-08	1.18103e-11	4.37105e-15	2.06994e-18	1.01759e-20	1.11543e-23	1.83112e-26	3.44028e-29	9.00035e-33	4.05191e-35	6.70155e-39	4.27171e-41	3.13476e-45	1.75932e-47	7.21718e-52	2.70147e-54	6.70979e-59	1.56045e-61	2.48311e-66	3.16813e-69	3.4008e-74	1.91716e-77	8.44472e-82	2.57302e-85	5.22256e-88	
Trihoe	0	0	0	0	0	0	0	0	0	0	0	1	0	0	0	0	0	0	0	0	0	0	0	0	0	0	0	0	0	0	0	0	0	0	0	0	0	0	0	0	0	
Tribit	0	0	0	0	0	0	0	0	0	0	0	1	0	0	0	0	0	0	0	0	0	0	0	0	0	0	0	0	0	0	0	0	0	0	0	0	0	0	0	0	0	
Trijac	0	0	0	0	0	0	0	0	0	0	0	1	0	0	0	0	0	0	0	0	0	0	0	0	0	0	0	0	0	0	0	0	0	0	0	0	0	0	0	0	0	
N117	1.93806e-33	1.96967e-29	1.15659e-25	3.07408e-22	7.13071e-20	2.43082e-17	1.08136e-15	1.80543e-12	1.14837e-09	6.52042e-10	1.13481e-09	9.30661e-08	7.32e-08	1.68683e-08	1.34212e-06	0.000521222	0.0578789	0.832654	0.10697	0.00196273	1.11473e-05	5.41e-08	8.34468e-10	1.81208e-11	1.16342e-13	5.92905e-16	2.09269e-18	2.20013e-21	3.21454e-24	1.18186e-26	1.55264e-29	7.08245e-32	5.57661e-35	1.51375e-37	4.90414e-41	7.54861e-44	1.09362e-47	8.13512e-51	7.43758e-55	4.18676e-58	2.0249e-61	
Tricri	0	0	0	0	0	0	0	0	0	0	0	0	0	0	0	0	0	1	0	0	0	0	0	0	0	0	0	0	0	0	0	0	0	0	0	0	0	0	0	0	0	
N118	1.63106e-35	1.76383e-31	1.17416e-27	3.9328e-24	1.25159e-21	4.8479e-19	5.664e-17	6.00166e-14	1.8554e-11	1.00811e-11	2.10426e-11	1.34489e-09	1.06502e-09	8.19118e-10	1.75895e-07	0.000142845	0.0326992	0.873726	0.0922387	0.00118908	4.21823e-06	6.77857e-09	2.22154e-11	1.18236e-12	2.09213e-14	1.69744e-16	2.14524e-18	1.67866e-21	4.23771e-24	4.25364e-27	3.09164e-30	5.71103e-32	5.62007e-35	7.81667e-37	2.69939e-40	2.46736e-42	2.11793e-46	7.7316e-49	4.00198e-53	6.75098e-56	1.36981e-59	
Triwie	0	0	0	0	0	0	0	0	0	0	0	0	0	0	0	0	0	1	0	0	0	0	0	0	0	0	0	0	0	0	0	0	0	0	0	0	0	0	0	0	0	
Triqua	0	0	0	0	0	0	0	0	0	0	0	0	0	0	0	0	0	1	0	0	0	0	0	0	0	0	0	0	0	0	0	0	0	0	0	0	0	0	0	0	0	
N119	5.51446e-33	1.21324e-29	2.38351e-26	2.76614e-23	8.48431e-21	1.44847e-18	3.18978e-16	1.37444e-13	2.42764e-11	2.46222e-10	1.35222e-09	2.55414e-08	1.87061e-07	1.09004e-06	6.75766e-05	0.00688866	0.20192	0.628433	0.154764	0.00778506	0.000136802	3.36502e-06	4.62051e-07	1.42588e-07	8.88069e-09	3.3339e-10	8.88232e-12	3.12515e-14	3.43533e-16	9.45448e-18	9.44521e-20	7.52977e-21	3.43843e-23	1.7061e-24	1.93109e-27	4.88584e-29	2.47304e-32	2.34659e-34	8.26821e-38	4.55011e-40	2.17207e-42	
N120	3.07759e-31	6.86762e-28	1.19989e-24	1.21616e-21	1.82729e-19	2.85974e-17	3.13886e-15	1.8456e-12	4.47241e-10	8.51904e-10	2.6678e-09	1.11022e-07	1.93025e-07	1.57091e-07	9.24007e-06	0.00151895	0.0816422	0.737324	0.172075	0.00732653	0.000103252	7.86725e-07	1.167e-08	4.50307e-10	7.22741e-12	9.09937e-14	8.65501e-16	2.53169e-18	9.41055e-21	5.30515e-23	1.69026e-25	1.71339e-27	4.3649e-30	2.73798e-32	3.4133e-35	1.29136e-37	7.48111e-41	1.59346e-43	5.71615e-47	8.90215e-50	8.23928e-53	
Kinboe	0	0	0	0	0	0	0	0	0	0	0	0	0	0	0	0	0	1	0	0	0	0	0	0	0	0	0	0	0	0	0	0	0	0	0	0	0	0	0	0	0	
Kinfis	0	0	0	0	0	0	0	0	0	0	0	0	0	0	0	0	0	1	0	0	0	0	0	0	0	0	0	0	0	0	0	0	0	0	0	0	0	0	0	0	0	
Kinxen	0	0	0	0	0	0	0	0	0	0	0	0	0	0	0	0	0	1	0	0	0	0	0	0	0	0	0	0	0	0	0	0	0	0	0	0	0	0	0	0	0	
N121	5.98466e-36	7.78193e-33	5.86107e-30	5.16209e-27	1.07733e-24	2.24342e-21	3.28729e-18	4.7439e-15	3.19571e-13	7.59659e-12	6.84234e-10	2.97513e-08	2.87983e-07	2.11476e-05	0.00368995	0.145537	0.658811	0.189171	0.00275658	1.37914e-05	2.90549e-08	3.71202e-11	3.02983e-13	8.59186e-14	4.63458e-15	9.52108e-17	1.68174e-17	6.32617e-20	1.87136e-21	4.02212e-24	1.35303e-26	4.54093e-27	9.0585e-30	1.26628e-30	2.43582e-34	1.56665e-35	4.10925e-40	4.78063e-42	8.12222e-47	1.31878e-48	1.05568e-50	
N122	2.45889e-27	3.14201e-24	3.93014e-21	1.97847e-18	1.10944e-15	3.16672e-13	5.88623e-12	1.87472e-10	9.89134e-09	2.06361e-06	0.000345929	0.0193659	0.157436	0.367329	0.321616	0.116288	0.0168246	0.000784487	8.94227e-06	4.40839e-08	1.1873e-10	2.65294e-13	2.9694e-15	1.20921e-16	1.86711e-18	2.10606e-20	2.16871e-22	3.94161e-25	1.29892e-27	6.41478e-30	2.43969e-32	4.57243e-34	1.59139e-36	1.85603e-38	2.68784e-41	1.94601e-43	1.00568e-46	3.11006e-49	1.03637e-52	2.45687e-55	4.03655e-58	
N123	9.64098e-29	1.81156e-24	2.05265e-20	4.01705e-18	1.19893e-14	3.62925e-11	2.90547e-11	1.98732e-09	6.9897e-09	4.09452e-06	0.00334474	0.507865	0.433867	0.0531587	0.00174088	1.93588e-05	8.05988e-08	1.30878e-10	9.18322e-14	3.49472e-17	1.76576e-20	1.54165e-23	1.69344e-26	1.84554e-29	6.48029e-33	3.73039e-36	1.18142e-39	6.45054e-43	1.43165e-46	1.02207e-49	1.37922e-53	6.88115e-57	5.35959e-61	1.74828e-64	7.64536e-69	1.55173e-72	4.03596e-77	5.07448e-81	1.13979e-85	1.74855e-89	3.6903e-93	
N124	7.72529e-32	4.00442e-27	1.23865e-22	3.02353e-20	2.3057e-16	2.68552e-12	1.36601e-12	4.94536e-10	8.08076e-10	1.09353e-06	0.00257226	0.850981	0.144435	0.00200466	5.37422e-06	4.28483e-09	1.45001e-12	1.29583e-15	1.22274e-18	1.16508e-21	7.869e-25	1.96112e-28	6.68893e-32	9.05854e-35	8.84072e-39	1.04075e-41	3.7515e-46	2.3437e-49	4.25119e-54	1.38082e-57	1.5151e-62	2.6325e-66	2.05276e-71	2.07137e-75	2.70036e-80	7.97192e-84	7.56649e-89	1.4514e-92	1.01429e-96	4.73177e-101	7.09525e-105	
N125	3.7037e-31	5.21631e-27	4.32193e-23	3.18502e-20	1.003e-16	2.53204e-13	1.19556e-12	2.16927e-10	3.02454e-09	4.08568e-06	0.00517444	0.897517	0.0965635	0.000739306	1.19935e-06	8.2433e-10	3.26984e-12	1.59419e-13	2.16294e-16	6.99895e-19	5.28993e-22	1.90376e-24	2.47216e-27	5.16563e-29	4.48891e-33	4.02938e-35	1.50649e-39	4.19353e-42	9.97687e-47	1.15991e-49	2.06364e-54	1.52103e-57	2.34341e-61	1.41156e-64	5.77699e-68	3.52008e-70	4.53741e-75	6.21284e-78	2.87406e-81	5.46e-85	7.24854e-88	
Chaafr	0	0	0	0	0	0	0	0	0	0	0	1	0	0	0	0	0	0	0	0	0	0	0	0	0	0	0	0	0	0	0	0	0	0	0	0	0	0	0	0	0	
Chacha	0	0	0	0	0	0	0	0	0	0	0	1	0	0	0	0	0	0	0	0	0	0	0	0	0	0	0	0	0	0	0	0	0	0	0	0	0	0	0	0	0	
N126	5.72705e-31	8.60211e-27	8.1681e-23	5.66592e-20	2.44062e-16	8.67279e-13	2.69663e-12	4.95642e-10	3.54722e-09	4.21006e-06	0.00531025	0.918711	0.0755089	0.000464898	6.4719e-07	4.20661e-10	1.6049e-12	4.42517e-14	4.71294e-17	1.11256e-19	6.77935e-23	2.14631e-25	2.3668e-28	2.6222e-30	2.40606e-34	1.13937e-36	4.51124e-41	6.74273e-44	1.66709e-48	1.16089e-51	2.08055e-56	1.08617e-59	1.64808e-63	8.21904e-67	2.66894e-70	8.57633e-73	1.1926e-77	9.26047e-81	2.98092e-84	4.80994e-88	4.415e-91	
Chacaly	0	0	0	0	0	0	0	0	0	0	0	1	0	0	0	0	0	0	0	0	0	0	0	0	0	0	0	0	0	0	0	0	0	0	0	0	0	0	0	0	0	
Chazey	0	0	0	0	0	0	0	0	0	0	0	1	0	0	0	0	0	0	0	0	0	0	0	0	0	0	0	0	0	0	0	0	0	0	0	0	0	0	0	0	0	
N127	7.83985e-28	3.25421e-24	9.30885e-21	6.25874e-18	5.46008e-15	2.05652e-12	1.36742e-11	7.72709e-10	3.75858e-08	2.25016e-05	0.00895268	0.579066	0.380618	0.0307473	0.000589561	3.64077e-06	9.10478e-09	8.21329e-11	6.99237e-13	7.7434e-15	6.24875e-17	1.53954e-19	6.48617e-22	2.28796e-23	1.1199e-26	4.28722e-28	8.73211e-32	1.86609e-33	2.11923e-37	2.47167e-39	1.85117e-43	1.1467e-45	6.59111e-50	2.09982e-52	1.99322e-56	2.1192e-58	1.30299e-62	9.00362e-65	1.47567e-67	9.90674e-71	4.51725e-73	
Chadil	0	0	0	0	0	0	0	0	0	0	0	1	0	0	0	0	0	0	0	0	0	0	0	0	0	0	0	0	0	0	0	0	0	0	0	0	0	0	0	0	0	
Chasen	0	0	0	0	0	0	0	0	0	0	0	1	0	0	0	0	0	0	0	0	0	0	0	0	0	0	0	0	0	0	0	0	0	0	0	0	0	0	0	0	0	
Chanam	0	0	0	0	0	0	0	0	0	0	0	1	0	0	0	0	0	0	0	0	0	0	0	0	0	0	0	0	0	0	0	0	0	0	0	0	0	0	0	0	0	
N128	1.57279e-30	6.3252e-29	3.04046e-27	1.06222e-25	6.20167e-24	4.65973e-21	4.42235e-18	2.41115e-15	1.94884e-13	1.0097e-11	6.24673e-10	1.80751e-08	2.77812e-07	2.62777e-05	0.00416089	0.152092	0.653304	0.186431	0.00393418	5.05463e-05	5.16093e-07	4.85857e-07	1.33542e-07	2.17576e-07	3.12713e-08	8.7627e-09	5.36532e-09	1.43214e-10	4.14124e-11	1.73563e-10	4.72429e-12	5.22989e-11	2.46937e-13	1.18405e-12	8.60338e-16	1.39483e-15	3.54377e-19	5.35439e-20	1.35009e-23	4.08011e-25	3.27243e-26	
Riebrev	0	0	0	0	0	0	0	0	0	0	0	0	0	0	0	0	0	0	0	0	0	0	0	0	0	0	0	0	0	0	1	0	0	0	0	0	0	0	0	0	0	
N129	4.56408e-35	1.51536e-30	1.51739e-26	2.23752e-22	2.38165e-21	7.17163e-19	3.13256e-16	1.81474e-12	7.77961e-11	1.28273e-11	1.19167e-08	4.37936e-09	1.2035e-10	4.24919e-09	9.54311e-06	0.00723948	0.965364	0.0272592	0.000127344	1.93194e-07	1.64273e-10	1.58122e-13	2.10801e-16	2.38315e-19	1.19806e-22	5.5529e-26	1.80501e-29	6.26445e-33	2.04663e-36	7.5191e-40	1.59023e-43	2.9452e-47	7.50254e-49	1.82168e-49	1.50359e-51	2.40253e-52	1.26091e-54	1.02059e-56	6.33014e-59	2.23834e-59	6.75977e-58	
N130	9.94648e-46	6.86234e-40	5.18472e-35	1.22917e-29	4.37268e-28	1.12525e-24	1.5183e-21	6.53868e-17	6.17781e-15	3.22316e-16	2.77222e-12	3.4975e-13	3.38868e-15	7.49552e-13	4.14817e-08	0.000617926	0.992277	0.00710166	3.87203e-06	4.63675e-10	2.03296e-14	2.2762e-18	1.62118e-21	4.75475e-24	2.14342e-27	8.72441e-30	1.17029e-31	2.29131e-34	3.94025e-36	2.0636e-37	2.6611e-39	1.02576e-39	6.08918e-42	1.79422e-42	1.11256e-45	1.10162e-46	4.699e-50	2.06649e-51	9.42388e-55	1.93917e-56	4.2333e-58	
N131	1.14066e-41	4.47394e-38	5.11315e-35	9.29736e-32	3.06597e-31	6.85722e-28	3.58632e-24	1.32604e-19	1.37347e-17	1.96323e-18	1.06209e-14	1.2851e-15	1.93144e-16	3.32238e-13	2.37142e-08	0.000467536	0.993865	0.00566496	2.11655e-06	1.68978e-10	4.71977e-15	3.34076e-18	1.24481e-20	6.46366e-22	4.85688e-24	2.99273e-27	2.45438e-31	1.50838e-36	3.08935e-40	8.84938e-44	1.3929e-47	2.35746e-49	2.70058e-49	3.71314e-48	6.86936e-52	2.38494e-51	3.70177e-55	2.55705e-56	1.48651e-59	5.85193e-60	5.61589e-58	
Braset	0	0	0	0	0	0	0	0	0	0	0	0	0	0	0	0	1	0	0	0	0	0	0	0	0	0	0	0	0	0	0	0	0	0	0	0	0	0	0	0	0	
N132	1.8475e-50	4.06975e-45	3.03535e-40	2.62207e-35	2.3535e-33	3.47154e-30	1.04402e-26	1.69611e-22	1.7796e-20	3.84352e-20	4.58589e-16	3.74253e-15	3.12315e-15	3.34481e-12	9.8807e-08	0.000881853	0.994601	0.00451475	2.09403e-06	2.59e-10	1.34143e-14	2.81718e-17	1.62567e-19	4.67398e-21	2.96957e-23	2.14828e-26	1.60726e-30	1.91682e-35	2.94128e-39	3.09059e-42	8.68294e-46	6.57251e-48	1.11758e-51	4.57539e-54	1.46211e-59	5.78197e-63	1.24959e-68	1.62361e-72	1.72697e-77	5.08034e-82	6.87717e-85	
N133	6.93468e-53	1.03227e-46	1.7668e-41	1.14932e-35	6.66413e-34	1.10327e-30	9.22585e-27	1.68274e-21	3.21921e-19	4.72312e-19	3.34532e-14	9.8316e-15	2.41312e-16	1.2175e-13	1.09268e-08	0.000293497	0.998889	0.000817886	8.41239e-08	2.5557e-12	3.95666e-17	1.02653e-20	5.49206e-24	5.41747e-27	1.29566e-30	8.55572e-35	8.8518e-40	2.55702e-45	3.57423e-50	5.24573e-54	1.10477e-58	1.86761e-62	2.15424e-67	1.43998e-71	6.69191e-78	4.16696e-83	7.33222e-90	1.71124e-95	3.5554e-102	1.86569e-108	2.5123e-114	
Bramel	0	0	0	0	0	0	0	0	0	0	0	0	0	0	0	0	1	0	0	0	0	0	0	0	0	0	0	0	0	0	0	0	0	0	0	0	0	0	0	0	0	
Bratha	0	0	0	0	0	0	0	0	0	0	0	0	0	0	0	0	1	0	0	0	0	0	0	0	0	0	0	0	0	0	0	0	0	0	0	0	0	0	0	0	0	
N134	8.80792e-52	4.06232e-46	4.90725e-41	9.84718e-36	1.0465e-33	2.30495e-30	1.84227e-26	1.35458e-21	3.65102e-19	1.0478e-18	1.75869e-14	3.35059e-14	6.1889e-15	4.0266e-12	1.12043e-07	0.000938908	0.996222	0.00283792	9.97339e-07	1.02128e-10	5.07569e-15	6.73786e-18	1.81054e-20	1.25075e-22	2.04854e-25	7.11193e-29	3.10573e-33	3.40365e-38	2.5911e-42	2.40674e-45	3.41533e-49	6.22788e-52	5.71679e-56	5.34459e-59	1.78888e-64	1.75731e-68	3.59304e-74	1.94455e-78	1.35242e-83	3.26178e-88	1.27749e-91	
Bradra	0	0	0	0	0	0	0	0	0	0	0	0	0	0	0	0	1	0	0	0	0	0	0	0	0	0	0	0	0	0	0	0	0	0	0	0	0	0	0	0	0	
Bratra	0	0	0	0	0	0	0	0	0	0	0	0	0	0	0	0	1	0	0	0	0	0	0	0	0	0	0	0	0	0	0	0	0	0	0	0	0	0	0	0	0	
N135	3.74411e-46	4.9917e-41	1.73806e-36	9.01415e-32	2.6667e-30	1.58109e-27	3.72469e-24	9.82647e-20	1.37093e-17	2.45413e-17	2.33438e-13	3.21231e-13	4.37154e-14	1.85614e-11	3.08244e-07	0.00154793	0.993925	0.00452396	2.58953e-06	4.36123e-10	3.65026e-14	4.22292e-17	1.17755e-19	5.96116e-22	7.58771e-25	2.84547e-28	1.91743e-32	3.69055e-37	3.38239e-41	3.16837e-44	5.03808e-48	6.70474e-51	7.179e-55	4.69965e-58	2.81846e-63	2.65364e-67	9.13328e-73	5.22202e-77	3.72615e-82	1.4374e-86	4.00769e-90	
Bragut	0	0	0	0	0	0	0	0	0	0	0	0	0	0	0	0	1	0	0	0	0	0	0	0	0	0	0	0	0	0	0	0	0	0	0	0	0	0	0	0	0	
Braven	0	0	0	0	0	0	0	0	0	0	0	0	0	0	0	0	1	0	0	0	0	0	0	0	0	0	0	0	0	0	0	0	0	0	0	0	0	0	0	0	0	
N136	2.88694e-39	1.2e-34	2.00512e-30	3.10179e-26	1.21588e-24	5.28806e-22	5.62767e-19	2.01687e-15	7.32865e-14	4.51929e-14	1.64567e-11	6.77787e-12	2.3783e-12	8.05715e-10	3.74038e-06	0.0053032	0.975972	0.0186768	4.42391e-05	3.01185e-08	9.27888e-12	2.04509e-14	1.66014e-16	2.74698e-18	1.04773e-20	1.3664e-23	4.41611e-27	3.35745e-31	1.23528e-34	3.07136e-37	1.5982e-40	7.63455e-43	2.24336e-46	6.16548e-49	1.39272e-53	8.23261e-57	1.16744e-61	3.46117e-65	6.43189e-70	1.17887e-73	1.04157e-76	
Brapum	0	0	0	0	0	0	0	0	0	0	0	0	0	0	0	0	1	0	0	0	0	0	0	0	0	0	0	0	0	0	0	0	0	0	0	0	0	0	0	0	0	
Bradam	0	0	0	0	0	0	0	0	0	0	0	0	0	0	0	0	1	0	0	0	0	0	0	0	0	0	0	0	0	0	0	0	0	0	0	0	0	0	0	0	0	
