NODE	1	2	3	4	5	6	7	8	9	10	11	12	13	14	15	16	17	18	19	20	21	22	23	24	25	26	27	28	29	30	31	32	33	34	35	36	37	38	39	40	41	
N1	8.322e-31	1.18912e-27	8.64725e-25	1.43806e-22	3.62044e-20	2.89325e-19	4.99707e-19	2.77854e-17	1.45687e-10	4.68042e-09	2.40369e-08	3.28554e-07	8.84108e-07	6.18001e-08	2.78146e-08	2.03692e-05	0.0165066	0.439275	0.50638	0.0374451	0.000371087	8.18062e-07	5.54749e-10	1.43814e-13	7.02493e-19	5.33569e-21	2.99022e-23	1.27929e-25	4.29434e-28	1.15676e-30	2.54774e-33	4.66123e-36	7.18062e-39	9.4235e-42	1.06432e-44	1.0438e-47	8.95946e-51	6.7781e-54	4.548e-57	2.72188e-60	1.48105e-63	
N2	8.58771e-32	1.65248e-28	3.15765e-25	3.72083e-22	1.98655e-19	1.05209e-17	1.14181e-15	3.04911e-13	6.04142e-11	1.665e-09	5.5068e-09	1.96885e-08	4.93613e-08	1.7076e-07	2.06922e-06	0.000202073	0.0173537	0.345292	0.544615	0.0890016	0.00347989	5.07332e-05	1.281e-06	9.09255e-07	2.23538e-07	2.33204e-08	3.51775e-09	3.87157e-11	1.01858e-12	7.39178e-15	3.22192e-17	4.54598e-18	7.28316e-20	7.83083e-21	4.62779e-23	3.14676e-24	3.64868e-27	1.22458e-28	6.54805e-32	8.20574e-34	1.44337e-36	
N3	4.92513e-36	8.21885e-32	6.2464e-28	2.35334e-24	3.82494e-21	7.08159e-20	1.63561e-18	2.62664e-15	4.41802e-12	5.38616e-11	3.05519e-11	1.29005e-09	1.85357e-08	1.34509e-08	3.06556e-08	1.67547e-05	0.00497717	0.25772	0.629941	0.104301	0.00301797	2.61674e-05	1.61196e-07	4.29996e-09	7.09726e-11	8.19172e-13	7.28753e-15	1.56644e-17	3.84319e-20	6.55794e-23	5.86803e-26	2.81001e-28	3.69558e-31	1.34995e-33	1.0103e-36	2.11416e-39	6.13633e-43	7.40084e-46	1.01557e-49	7.12918e-53	1.4889e-56	
N4	6.58628e-38	7.28294e-34	5.29561e-30	2.19636e-26	3.05526e-23	2.67777e-21	2.80145e-19	2.79926e-16	1.32524e-13	1.33305e-12	2.62224e-12	5.30701e-11	4.42889e-10	1.49067e-09	7.06036e-08	3.53932e-05	0.00733381	0.273336	0.610389	0.105474	0.0033985	3.32278e-05	1.48866e-07	3.89566e-09	4.36376e-10	2.03537e-11	1.99299e-12	1.80797e-14	2.12917e-16	9.9894e-19	7.27528e-22	9.64286e-24	3.41341e-26	1.79327e-27	3.71751e-30	1.32178e-31	6.26076e-35	1.38389e-36	2.07422e-40	2.0399e-42	6.90531e-46	
B3088	0	0	0	0	0	0	0	0	0	0	0	0	0	0	0	0	0	1	0	0	0	0	0	0	0	0	0	0	0	0	0	0	0	0	0	0	0	0	0	0	0	
N5	6.52015e-35	1.16505e-31	2.0643e-28	2.08293e-25	6.1708e-23	7.65578e-21	1.14165e-18	2.88525e-16	3.31478e-14	3.7633e-13	2.93487e-12	7.68649e-11	1.35309e-09	1.45877e-08	8.89959e-07	0.000174709	0.0155979	0.313478	0.564823	0.10176	0.00410724	5.80289e-05	3.87923e-07	1.49448e-08	3.1237e-09	3.04244e-10	5.94664e-11	1.37978e-12	3.78021e-14	4.64262e-16	9.14006e-19	2.59127e-20	2.46822e-22	3.11908e-23	2.0807e-25	1.86252e-26	3.35668e-29	1.98834e-30	1.10065e-33	3.07916e-35	3.58702e-38	
BGA709	0	0	0	0	0	0	0	0	0	0	0	0	0	0	0	0	0	1	0	0	0	0	0	0	0	0	0	0	0	0	0	0	0	0	0	0	0	0	0	0	0	
BGA309	0	0	0	0	0	0	0	0	0	0	0	0	0	0	0	0	0	1	0	0	0	0	0	0	0	0	0	0	0	0	0	0	0	0	0	0	0	0	0	0	0	
N6	5.65821e-38	1.04489e-33	9.61125e-30	3.33896e-26	2.56194e-23	3.06249e-21	6.59558e-20	1.6181e-16	2.38168e-13	7.02822e-13	7.03513e-13	1.41051e-10	1.08102e-09	5.69967e-10	4.82896e-09	6.52619e-06	0.00362313	0.357541	0.591929	0.0462928	0.000605564	2.3519e-06	4.08081e-09	2.44715e-11	3.71535e-13	3.97929e-15	4.36217e-17	1.00648e-19	2.40444e-22	3.21789e-25	1.11709e-28	2.7898e-31	2.9342e-34	1.45835e-36	1.09767e-39	3.34894e-42	9.4929e-46	1.77679e-48	1.83363e-52	1.83607e-55	2.54038e-59	
N7	1.0435e-34	3.55783e-31	9.18326e-28	1.37772e-24	3.37632e-22	6.66046e-20	6.85883e-18	7.68191e-15	4.02663e-12	1.28248e-11	4.69561e-11	3.32416e-09	1.01381e-08	9.41307e-09	4.01496e-07	0.000157344	0.0231711	0.625456	0.332003	0.0189315	0.00027862	1.5921e-06	5.67283e-09	1.26053e-10	3.76329e-12	8.44555e-14	1.69767e-15	8.9244e-18	4.68065e-20	1.30234e-22	1.42207e-25	1.18325e-27	3.90988e-30	4.50322e-32	1.08868e-34	7.32351e-37	7.42077e-40	3.05215e-42	1.09323e-45	2.2748e-48	1.15092e-51	
B11696	0	0	0	0	0	0	0	0	0	0	0	0	0	0	0	0	0	1	0	0	0	0	0	0	0	0	0	0	0	0	0	0	0	0	0	0	0	0	0	0	0	
B11609	0	0	0	0	0	0	0	0	0	0	0	0	0	0	0	0	0	1	0	0	0	0	0	0	0	0	0	0	0	0	0	0	0	0	0	0	0	0	0	0	0	
N8	3.72672e-45	5.94381e-40	3.71483e-35	4.6971e-31	2.08772e-27	7.21208e-25	1.17416e-23	1.42691e-19	9.53694e-16	2.05725e-15	1.40006e-15	9.08753e-13	8.01851e-12	3.98334e-12	1.13075e-10	7.76406e-07	0.00163231	0.409467	0.56278	0.0259732	0.00014618	1.97153e-07	9.64889e-11	2.2232e-13	2.82044e-15	1.34262e-17	1.30866e-19	1.14817e-22	1.23944e-25	5.8187e-29	3.47244e-31	7.9765e-32	3.0646e-33	1.77496e-33	4.42549e-35	2.03164e-35	1.32962e-37	4.37467e-38	1.05519e-40	1.83949e-41	1.0891e-43	
N9	1.54563e-38	1.99939e-35	1.32922e-32	4.47504e-30	2.71927e-28	7.01314e-27	7.07067e-25	6.12893e-21	1.65935e-17	4.01523e-17	8.7588e-17	2.58422e-14	3.16274e-13	1.02119e-12	2.17605e-10	1.21099e-06	0.00206181	0.428077	0.546434	0.023302	0.000123681	1.62845e-07	7.84223e-11	4.89723e-13	4.69393e-14	6.25774e-16	4.72856e-17	1.26554e-19	4.75246e-22	4.82607e-25	4.42894e-29	1.36234e-31	9.54519e-35	4.6858e-36	2.15503e-39	7.63037e-41	3.69613e-45	8.0866e-47	1.05407e-51	8.13168e-54	3.86478e-58	
N10	1.6509e-40	1.0066e-36	5.27193e-33	1.73618e-29	1.17415e-26	4.87956e-24	1.67e-21	3.1344e-18	2.69968e-15	3.5057e-14	3.63872e-13	3.54265e-11	3.75942e-10	1.40413e-09	1.21555e-07	6.76404e-05	0.0142756	0.525678	0.437857	0.0218757	0.000244708	9.95591e-07	2.26925e-09	1.21771e-10	1.08693e-11	4.75895e-13	3.12311e-14	2.32019e-16	2.12941e-18	5.64977e-21	3.54831e-24	4.89584e-26	2.42484e-28	1.0222e-29	3.82732e-32	9.22653e-34	6.95086e-37	1.04173e-38	2.16076e-42	1.10295e-44	4.40738e-48	
B985	0	0	0	0	0	0	0	0	0	0	0	0	0	0	0	0	0	1	0	0	0	0	0	0	0	0	0	0	0	0	0	0	0	0	0	0	0	0	0	0	0	
B199	0	0	0	0	0	0	0	0	0	0	0	0	0	0	0	0	0	1	0	0	0	0	0	0	0	0	0	0	0	0	0	0	0	0	0	0	0	0	0	0	0	
N11	1.73655e-38	1.50436e-34	9.07441e-31	2.97108e-27	1.46038e-24	5.21031e-22	9.17703e-20	1.62887e-16	1.3107e-13	6.50255e-13	3.61898e-12	3.76999e-10	1.74147e-09	2.44715e-09	1.53096e-07	8.57947e-05	0.0176182	0.621374	0.346108	0.0146636	0.000149844	5.78417e-07	1.403e-09	4.57882e-11	1.85462e-12	4.77946e-14	1.32715e-15	6.62027e-18	3.64244e-20	7.57789e-23	5.17544e-26	4.95441e-28	1.66589e-30	2.84984e-32	7.09049e-35	6.82731e-37	5.09414e-40	3.01213e-42	6.74063e-46	1.58999e-48	5.97693e-52	
BGA89	0	0	0	0	0	0	0	0	0	0	0	0	0	0	0	0	0	1	0	0	0	0	0	0	0	0	0	0	0	0	0	0	0	0	0	0	0	0	0	0	0	
BGAA2	0	0	0	0	0	0	0	0	0	0	0	0	0	0	0	0	0	1	0	0	0	0	0	0	0	0	0	0	0	0	0	0	0	0	0	0	0	0	0	0	0	
N12	2.82074e-37	2.21078e-33	1.19287e-29	3.46189e-26	1.37892e-23	4.50452e-21	5.64887e-19	9.65245e-16	7.49179e-13	2.40008e-12	1.01443e-11	1.08682e-09	3.41104e-09	3.08798e-09	1.65553e-07	9.25604e-05	0.0188345	0.663134	0.305521	0.0122935	0.000123195	4.74348e-07	1.19502e-09	2.9467e-11	8.49413e-13	1.70348e-14	3.26128e-16	1.37841e-18	6.05094e-21	1.16861e-23	8.52103e-27	6.58472e-29	1.85268e-31	2.12447e-33	4.39629e-36	2.84206e-38	2.09989e-41	8.26968e-44	1.94557e-47	3.36347e-50	1.23598e-53	
BGA304	0	0	0	0	0	0	0	0	0	0	0	0	0	0	0	0	0	1	0	0	0	0	0	0	0	0	0	0	0	0	0	0	0	0	0	0	0	0	0	0	0	
BGAB1	0	0	0	0	0	0	0	0	0	0	0	0	0	0	0	0	0	1	0	0	0	0	0	0	0	0	0	0	0	0	0	0	0	0	0	0	0	0	0	0	0	
PGA445	0	0	0	0	0	0	0	0	0	0	0	0	0	0	0	0	0	1	0	0	0	0	0	0	0	0	0	0	0	0	0	0	0	0	0	0	0	0	0	0	0	
N13	1.26966e-36	1.7597e-31	8.57147e-27	5.72194e-23	7.51777e-20	1.06887e-16	6.38116e-16	9.56006e-13	1.37808e-09	2.68565e-09	3.97673e-08	2.72933e-06	5.5542e-06	2.89482e-06	0.000257064	0.0187053	0.345035	0.596017	0.0397779	0.000196376	1.66415e-07	4.4566e-11	5.16329e-15	9.26942e-19	2.03784e-21	3.49342e-24	8.4411e-27	4.37673e-30	1.58748e-33	3.55831e-37	1.1274e-41	1.73059e-45	2.49488e-49	1.32574e-48	2.44585e-50	3.0214e-51	6.25522e-53	1.95017e-53	4.93283e-55	2.63132e-54	1.49446e-53	
N14	1.11411e-30	3.27333e-27	1.25114e-23	1.67291e-20	1.75314e-17	2.55467e-15	1.16106e-13	1.23728e-11	2.06305e-09	4.39867e-07	4.80726e-05	0.00174031	0.023164	0.127095	0.309592	0.343111	0.165628	0.0288868	0.000730892	2.8927e-06	4.3082e-09	3.24016e-12	2.39006e-15	1.09191e-16	3.74326e-18	5.95334e-20	1.73974e-21	3.96265e-24	1.69301e-26	1.7163e-29	1.15545e-32	1.5476e-32	1.02921e-32	8.52208e-32	4.11732e-32	1.17272e-31	3.53759e-33	2.61994e-33	1.69308e-35	3.14297e-36	5.00159e-38	
Rhaspe	0	0	0	0	0	0	0	0	0	1	0	0	0	0	0	0	0	0	0	0	0	0	0	0	0	0	0	0	0	0	0	0	0	0	0	0	0	0	0	0	0	
N15	3.1097e-28	2.44844e-25	2.49981e-22	1.4784e-19	5.279e-17	7.87009e-15	8.79194e-13	1.52607e-10	3.17919e-08	4.29964e-06	0.000246797	0.00536731	0.0476425	0.187118	0.341433	0.291651	0.110652	0.0155167	0.00036659	1.9321e-06	4.53107e-09	2.08081e-11	1.01507e-12	2.59068e-13	1.12489e-14	3.97153e-16	2.26797e-17	8.47937e-20	1.56745e-21	3.56155e-23	1.2077e-25	4.14021e-26	8.11536e-29	2.2044e-29	1.98064e-32	3.98667e-33	1.15383e-36	1.04598e-37	1.82607e-41	4.99027e-43	1.0436e-45	
Rhamar	0	0	0	0	0	0	0	0	0	1	0	0	0	0	0	0	0	0	0	0	0	0	0	0	0	0	0	0	0	0	0	0	0	0	0	0	0	0	0	0	0	
Rhatem	0	0	0	0	0	0	0	0	0	0	1	0	0	0	0	0	0	0	0	0	0	0	0	0	0	0	0	0	0	0	0	0	0	0	0	0	0	0	0	0	0	
N16	2.87843e-42	9.66263e-37	5.44502e-32	3.54346e-27	6.37213e-25	9.92926e-22	1.9733e-19	4.80988e-15	7.47066e-12	3.68214e-12	1.13581e-10	8.9439e-09	2.78149e-08	1.88735e-07	2.51128e-05	0.00874371	0.328489	0.626979	0.0356262	0.000136787	1.71095e-07	1.17101e-09	6.9283e-12	6.24935e-14	5.86388e-17	8.59864e-20	6.78223e-23	3.12352e-26	5.54042e-30	5.21065e-30	6.13178e-32	6.35249e-32	1.65632e-34	1.09216e-34	1.53664e-37	7.05974e-38	5.6945e-41	1.45233e-41	8.19253e-45	6.71226e-46	1.26891e-47	
N17	7.72731e-39	5.94484e-34	1.81191e-29	8.62853e-26	3.14768e-22	1.21299e-19	5.66631e-18	5.86197e-15	3.35015e-12	8.6871e-11	6.81338e-10	2.50027e-07	7.06188e-06	1.46886e-05	0.000101044	0.0114906	0.285884	0.644227	0.057693	0.000580576	1.41919e-06	3.89076e-09	5.34847e-11	9.43593e-13	4.01383e-15	1.00674e-17	1.78902e-20	4.35943e-24	2.44858e-27	3.08601e-30	1.7901e-33	4.59075e-36	1.46224e-39	2.36004e-42	4.52578e-45	3.26942e-46	1.51764e-48	6.41393e-50	1.39347e-52	4.43382e-54	3.01748e-54	
N18	1.83575e-32	8.50454e-29	3.22085e-25	1.81504e-22	1.26595e-19	8.59072e-17	8.4472e-15	3.18792e-13	1.35281e-11	3.58959e-10	4.40377e-08	4.31019e-06	0.00014218	0.00274379	0.0413258	0.252895	0.484549	0.20882	0.0094354	8.45098e-05	2.76289e-07	4.50991e-10	1.17623e-12	9.06865e-14	3.42482e-15	6.6383e-17	1.94602e-18	4.33972e-21	2.27003e-23	3.53521e-26	2.96743e-29	7.95528e-31	2.83851e-33	6.95548e-35	1.22152e-37	1.90445e-39	5.91452e-43	4.69591e-45	6.78071e-49	2.11563e-51	9.20191e-55	
FGA379	0	0	0	0	0	0	0	0	0	0	0	0	0	0	0	0	1	0	0	0	0	0	0	0	0	0	0	0	0	0	0	0	0	0	0	0	0	0	0	0	0	
N19	5.58355e-31	2.21918e-27	7.4976e-24	2.72338e-21	3.37153e-18	3.77959e-15	1.2778e-13	2.51175e-12	1.29392e-10	1.60007e-08	1.16951e-05	0.00310258	0.0917716	0.365602	0.380794	0.138831	0.0190077	0.000871386	8.2037e-06	2.30709e-08	2.87079e-11	2.00909e-14	2.54215e-17	5.39938e-19	5.25264e-21	3.37611e-23	2.83307e-25	2.87119e-28	6.25814e-31	6.55415e-34	4.47049e-37	4.64954e-39	6.46489e-42	5.55966e-44	3.77085e-47	2.19214e-49	4.17561e-53	1.4059e-55	2.02494e-59	1.33732e-61	2.39439e-64	
N20	1.64501e-32	6.39195e-28	1.75202e-23	6.20932e-21	1.99864e-17	1.63544e-13	1.69432e-12	1.70589e-10	8.93019e-10	1.27825e-07	7.05481e-05	0.0308687	0.397183	0.488924	0.0797006	0.00321346	3.92513e-05	1.46339e-07	1.4772e-10	5.80432e-14	2.00911e-17	2.86139e-20	6.1489e-23	1.86139e-25	1.15286e-28	1.07574e-31	6.39653e-35	2.90989e-38	1.57825e-39	1.17057e-37	9.2788e-37	4.23006e-37	2.47431e-38	2.13532e-38	4.62448e-39	1.46962e-37	1.4445e-38	2.31707e-39	9.20961e-42	6.88212e-43	5.92915e-44	
N21	1.14663e-35	1.65209e-30	1.42039e-25	1.09175e-22	7.80347e-19	5.82333e-15	2.18531e-14	4.52422e-12	1.7437e-10	1.11221e-07	0.000351419	0.117531	0.650668	0.221585	0.009775	8.91947e-05	2.09497e-07	1.35268e-10	2.46662e-14	1.98522e-18	3.08925e-21	4.12795e-24	3.86953e-27	1.971e-28	1.09372e-28	1.95313e-29	5.3157e-31	2.2238e-31	1.86171e-33	2.60529e-33	8.91872e-36	9.86667e-36	1.74587e-38	1.31221e-38	1.4162e-41	5.975e-42	4.65729e-45	8.63669e-46	1.08275e-48	8.74948e-50	3.92447e-50	
F3016	0	0	0	0	0	0	0	0	0	0	1	0	0	0	0	0	0	0	0	0	0	0	0	0	0	0	0	0	0	0	0	0	0	0	0	0	0	0	0	0	0	
N22	9.20883e-34	7.73097e-31	3.57543e-27	3.62616e-24	3.38124e-20	3.31062e-16	6.54894e-15	2.66409e-12	4.26943e-10	1.60133e-07	0.000539622	0.167726	0.698671	0.130495	0.00256024	8.71112e-06	6.89269e-09	1.58969e-12	5.81824e-16	1.43317e-18	1.32249e-20	8.32605e-24	1.08243e-26	7.86998e-30	6.58233e-34	9.53325e-36	5.09655e-40	8.41372e-42	8.90307e-46	2.10756e-43	8.23118e-44	9.86355e-44	1.86627e-46	1.02837e-46	3.46881e-49	1.04124e-47	5.3618e-49	3.06637e-49	2.06928e-50	7.75548e-52	5.77294e-52	
N23	9.25578e-37	1.08159e-31	8.32829e-27	1.06555e-23	1.38132e-19	3.17463e-15	5.80212e-14	1.57807e-11	2.57965e-10	1.08289e-07	0.000326465	0.211098	0.710367	0.0775127	0.000694222	9.99117e-07	3.86239e-10	6.30642e-13	3.92418e-15	1.38235e-17	6.04886e-20	2.06852e-23	2.45242e-26	9.17895e-29	1.30873e-32	2.3264e-34	9.04958e-39	9.25373e-41	1.17258e-45	3.95405e-44	1.61911e-43	4.35721e-44	7.99841e-47	9.8498e-48	1.5317e-48	5.11034e-46	6.08503e-47	5.07289e-47	4.10759e-48	1.21228e-49	3.60208e-50	
N24	4.41908e-40	5.36768e-34	3.38046e-28	1.32187e-25	4.87238e-21	7.59794e-16	1.3022e-15	9.2163e-13	9.03587e-12	7.5677e-08	0.00110259	0.471512	0.517264	0.010114	7.64118e-06	8.33378e-10	2.69522e-14	7.59448e-18	7.42537e-21	2.12245e-24	6.44876e-28	1.04048e-32	9.51628e-37	2.31602e-37	1.5159e-38	5.43189e-39	5.73061e-42	7.90455e-43	2.62188e-46	1.36337e-47	3.09723e-51	5.75787e-53	1.13273e-56	1.03815e-58	8.85591e-62	4.06709e-63	4.21606e-66	3.12664e-67	3.34601e-69	1.43984e-71	4.4886e-73	
N25	2.31008e-36	3.18572e-34	4.19768e-29	8.09928e-26	1.59887e-21	2.68529e-17	2.68058e-15	6.50912e-13	3.48033e-10	8.57502e-07	0.00297202	0.492082	0.496329	0.00861025	5.35494e-06	7.1546e-10	7.07929e-13	6.06906e-14	1.04532e-16	1.8675e-19	6.10007e-23	1.71145e-26	6.98363e-30	3.69634e-31	6.93965e-33	4.39184e-32	3.03736e-35	2.31029e-35	8.89438e-39	1.27508e-39	5.30337e-43	3.24264e-44	1.60685e-46	7.2495e-48	2.60134e-49	5.66185e-49	3.24854e-52	2.77974e-52	1.84344e-53	3.34521e-55	4.42949e-56	
F1476	0	0	0	0	0	0	0	0	0	0	1	0	0	0	0	0	0	0	0	0	0	0	0	0	0	0	0	0	0	0	0	0	0	0	0	0	0	0	0	0	0	
N26	1.30072e-36	6.69685e-33	1.78281e-27	4.53486e-24	1.45657e-19	4.75823e-15	7.6877e-13	7.92074e-11	4.22692e-09	5.94612e-06	0.00447056	0.494465	0.489761	0.0112854	1.16798e-05	7.0887e-09	6.56699e-11	4.08493e-12	4.73901e-15	1.13007e-17	2.42269e-21	9.29829e-24	3.55655e-27	5.29669e-26	4.06185e-28	6.46932e-28	5.83838e-31	1.50048e-31	1.04255e-34	8.61883e-36	6.4639e-39	6.87301e-40	3.4464e-41	1.38215e-42	4.2427e-44	5.92247e-44	3.9073e-47	1.54972e-47	1.01775e-48	2.07356e-50	3.64021e-51	
Furcep	0	0	0	0	0	0	0	0	0	0	0	0	0	1	0	0	0	0	0	0	0	0	0	0	0	0	0	0	0	0	0	0	0	0	0	0	0	0	0	0	0	
N27	2.47e-33	2.92147e-30	1.08597e-25	3.61411e-22	4.80368e-18	8.3743e-15	3.62485e-13	1.79304e-11	4.54735e-09	1.5131e-05	0.0263214	0.633229	0.335963	0.00446781	4.35283e-06	1.50083e-09	2.02038e-12	6.38627e-14	4.05812e-16	1.5255e-18	2.28355e-21	4.38816e-25	5.87424e-28	2.02686e-29	4.5178e-33	1.40053e-34	3.09412e-39	3.45327e-41	3.53019e-46	5.89752e-49	5.13355e-54	4.79088e-57	7.51871e-62	1.8346e-64	1.52301e-68	1.58077e-70	2.34448e-75	1.21238e-77	6.12047e-81	9.02852e-85	7.82539e-88	
Furpol	0	0	0	0	0	0	0	0	0	0	0	1	0	0	0	0	0	0	0	0	0	0	0	0	0	0	0	0	0	0	0	0	0	0	0	0	0	0	0	0	0	
N28	5.13651e-33	3.12508e-28	1.02819e-23	4.00038e-20	5.76386e-16	2.26729e-13	1.96401e-11	3.10413e-10	2.99149e-07	0.000905611	0.510433	0.453375	0.0351604	0.000125554	9.58982e-08	2.99825e-11	3.45988e-14	6.20686e-16	1.67086e-18	3.19215e-21	1.61533e-24	1.03894e-27	9.44771e-31	7.0123e-33	1.61147e-36	7.62797e-39	2.57347e-43	3.39148e-46	6.47253e-51	2.98108e-54	3.96291e-59	1.28686e-62	6.17844e-67	2.34147e-70	5.70371e-74	1.16978e-76	2.95586e-81	2.79577e-84	6.86898e-88	6.9537e-92	2.72074e-95	
N29	6.80546e-33	5.13619e-28	1.97715e-23	1.03378e-19	1.80174e-15	5.05957e-13	7.23806e-11	5.92336e-10	6.35099e-07	0.00185123	0.821509	0.174104	0.00253136	3.26663e-06	1.27165e-09	9.17783e-13	3.26343e-15	2.3314e-17	1.30426e-20	2.01527e-23	7.31467e-27	3.87038e-29	8.72901e-33	4.84469e-35	2.65284e-39	7.62739e-42	1.51945e-46	9.97411e-50	1.26849e-54	4.83746e-58	6.66372e-63	5.67478e-66	1.82282e-69	3.08675e-73	3.41762e-77	6.18713e-80	5.25399e-85	2.78675e-88	5.81496e-92	7.09058e-96	4.20824e-99	
F2241	0	0	0	0	0	0	0	0	0	0	1	0	0	0	0	0	0	0	0	0	0	0	0	0	0	0	0	0	0	0	0	0	0	0	0	0	0	0	0	0	0	
Furang	0	0	0	0	0	0	0	0	0	0	1	0	0	0	0	0	0	0	0	0	0	0	0	0	0	0	0	0	0	0	0	0	0	0	0	0	0	0	0	0	0	
Fga490	0	0	0	0	0	0	0	0	0	0	1	0	0	0	0	0	0	0	0	0	0	0	0	0	0	0	0	0	0	0	0	0	0	0	0	0	0	0	0	0	0	
N30	7.91223e-37	2.31286e-31	3.48127e-26	4.83596e-23	1.36157e-18	1.38302e-14	1.05525e-13	1.94858e-11	1.46652e-09	4.99855e-06	0.0167823	0.74123	0.240875	0.00110673	5.27956e-07	7.41527e-11	2.78773e-14	3.75492e-16	6.5516e-19	5.86767e-22	1.45258e-25	1.76696e-29	6.17791e-33	2.51047e-35	1.91401e-39	4.94683e-42	4.03634e-47	2.8889e-50	4.96013e-55	2.39689e-54	1.93872e-55	4.45946e-57	1.54584e-59	1.23466e-60	2.00893e-61	8.3523e-60	2.17407e-61	2.76735e-62	4.8855e-64	3.04643e-66	8.79971e-68	
N31	1.55924e-35	2.82351e-30	2.92505e-25	4.78471e-22	7.79107e-18	6.75474e-14	1.35261e-12	2.03301e-10	2.55178e-08	6.05057e-06	0.0143229	0.782795	0.20211	0.000765802	3.8828e-07	3.08848e-10	1.54998e-12	2.19971e-14	1.49543e-17	2.30558e-20	4.53367e-24	2.67298e-26	4.40821e-30	4.15484e-32	1.16212e-36	5.36141e-39	4.28881e-44	2.87495e-47	1.65377e-52	4.21951e-52	7.99797e-52	1.60303e-52	1.70249e-53	4.98994e-55	1.92879e-56	4.95793e-54	1.63729e-54	6.01353e-55	2.84267e-56	4.82893e-58	6.13888e-59	
N32	1.6507e-37	9.81585e-32	3.17747e-26	2.10194e-23	5.18748e-19	5.15198e-14	1.13846e-12	1.24183e-10	1.52319e-09	1.77566e-07	0.00115588	0.782018	0.215357	0.0014688	5.47576e-07	1.65031e-09	4.88008e-12	2.29775e-14	3.1436e-18	2.67918e-21	3.65806e-25	2.24415e-27	7.93526e-32	3.28163e-34	1.90871e-39	2.55668e-42	6.79384e-48	2.69102e-51	6.53405e-54	3.21818e-53	8.21571e-54	1.33059e-54	6.20323e-56	5.17975e-58	1.33612e-59	8.69181e-58	1.37719e-59	6.12543e-61	9.13915e-63	7.69053e-65	5.85723e-66	
N33	3.99385e-35	3.7949e-30	1.9514e-25	1.60002e-22	1.58647e-18	1.88392e-14	4.47725e-14	1.85909e-11	1.09345e-10	2.05866e-07	0.00116662	0.850659	0.147613	0.000560897	2.61278e-07	8.55146e-11	1.84718e-13	7.98611e-15	1.32212e-17	2.81569e-20	8.75623e-24	9.77646e-27	5.69208e-30	1.27305e-31	5.7176e-36	7.38015e-38	6.85518e-43	1.80084e-45	1.04441e-50	5.82148e-54	3.18098e-59	2.54173e-62	1.30302e-66	4.4118e-70	6.51626e-74	3.73769e-76	1.7373e-81	3.3343e-84	8.80974e-88	6.72923e-92	3.27052e-95	
N34	2.80096e-33	1.70206e-28	6.00191e-24	3.77271e-21	3.2797e-17	3.51141e-13	6.56957e-13	2.22546e-10	5.55855e-10	6.37899e-07	0.00210554	0.940328	0.0574317	0.000134343	7.09706e-08	3.0187e-11	1.74942e-13	3.43508e-15	2.60452e-18	4.08943e-21	9.40922e-25	2.78314e-27	2.14574e-30	1.60919e-32	9.40047e-37	3.40964e-39	6.28212e-44	4.17682e-47	4.86702e-52	1.79847e-55	1.69761e-60	7.67897e-64	1.7236e-67	6.14584e-71	1.38296e-74	2.96857e-77	2.4228e-82	1.5144e-85	3.30707e-89	3.25083e-93	1.78495e-96	
FGA456	0	0	0	0	0	0	0	0	0	0	0	1	0	0	0	0	0	0	0	0	0	0	0	0	0	0	0	0	0	0	0	0	0	0	0	0	0	0	0	0	0	
FGA516	0	0	0	0	0	0	0	0	0	0	0	1	0	0	0	0	0	0	0	0	0	0	0	0	0	0	0	0	0	0	0	0	0	0	0	0	0	0	0	0	0	
F12278	0	0	0	0	0	0	0	0	0	0	0	1	0	0	0	0	0	0	0	0	0	0	0	0	0	0	0	0	0	0	0	0	0	0	0	0	0	0	0	0	0	
N35	9.10988e-32	4.57597e-27	1.38934e-22	1.28124e-19	6.51702e-16	5.63835e-12	6.52238e-10	1.0796e-08	1.7019e-07	9.26254e-06	0.000845694	0.5315	0.429388	0.0381882	6.80923e-05	4.97184e-07	1.04843e-08	3.49074e-10	1.31963e-13	2.89917e-16	1.9799e-19	3.21688e-21	3.9887e-24	4.11806e-26	1.9956e-30	3.60289e-33	1.11067e-37	6.48223e-41	1.17728e-45	6.50557e-49	1.92621e-53	4.44323e-56	2.62577e-59	1.36118e-62	4.45208e-66	1.20673e-68	1.04624e-73	3.07987e-77	6.50675e-81	2.08241e-84	3.29566e-87	
Furant	0	0	0	0	0	0	0	0	0	0	0	1	0	0	0	0	0	0	0	0	0	0	0	0	0	0	0	0	0	0	0	0	0	0	0	0	0	0	0	0	0	
FGA331	0	0	0	0	0	0	0	0	0	0	0	0	0	1	0	0	0	0	0	0	0	0	0	0	0	0	0	0	0	0	0	0	0	0	0	0	0	0	0	0	0	
FGA465	0	0	0	0	0	0	0	0	0	0	1	0	0	0	0	0	0	0	0	0	0	0	0	0	0	0	0	0	0	0	0	0	0	0	0	0	0	0	0	0	0	
N36	2.81049e-31	7.50166e-27	1.18197e-22	4.41861e-19	2.89914e-15	7.73263e-13	5.40134e-11	1.53194e-09	1.2593e-06	0.00165849	0.415366	0.536491	0.0462949	0.000188031	2.14325e-07	1.47529e-10	1.06646e-12	3.86369e-14	1.32307e-16	5.05606e-19	3.31349e-22	1.23381e-24	2.55252e-27	3.92208e-29	1.29418e-32	1.17607e-34	7.67109e-39	1.30249e-41	5.26323e-46	5.05121e-49	1.5334e-53	1.36249e-56	4.89009e-60	5.00136e-63	3.1441e-66	1.48267e-68	6.55445e-73	1.28068e-75	7.76466e-79	2.08187e-82	2.31035e-85	
FGA99	0	0	0	0	0	0	0	0	0	0	1	0	0	0	0	0	0	0	0	0	0	0	0	0	0	0	0	0	0	0	0	0	0	0	0	0	0	0	0	0	0	
FGA15	0	0	0	0	0	0	0	0	0	0	1	0	0	0	0	0	0	0	0	0	0	0	0	0	0	0	0	0	0	0	0	0	0	0	0	0	0	0	0	0	0	
FGA104	0	0	0	0	0	0	0	0	0	0	0	0	1	0	0	0	0	0	0	0	0	0	0	0	0	0	0	0	0	0	0	0	0	0	0	0	0	0	0	0	0	
FGA489	0	0	0	0	0	0	0	0	0	0	1	0	0	0	0	0	0	0	0	0	0	0	0	0	0	0	0	0	0	0	0	0	0	0	0	0	0	0	0	0	0	
FGA174	0	0	0	0	0	0	0	0	0	0	0	0	0	1	0	0	0	0	0	0	0	0	0	0	0	0	0	0	0	0	0	0	0	0	0	0	0	0	0	0	0	
FurbGB	0	0	0	0	0	0	0	0	0	0	0	1	0	0	0	0	0	0	0	0	0	0	0	0	0	0	0	0	0	0	0	0	0	0	0	0	0	0	0	0	0	
N37	1.03656e-39	2.95316e-35	4.6652e-31	3.4646e-27	6.10136e-24	1.36028e-21	1.88742e-19	7.5938e-16	1.78631e-12	4.2171e-11	2.46477e-10	2.38444e-08	3.09894e-07	5.97251e-07	1.92334e-05	0.00450442	0.210448	0.691403	0.0920629	0.00153938	1.89294e-05	3.08451e-06	1.9723e-07	2.94975e-08	3.64759e-10	5.96222e-12	3.65926e-14	1.00683e-16	2.88699e-19	2.5183e-20	2.14661e-23	1.69817e-24	4.42153e-28	2.14891e-29	1.73879e-33	3.70082e-35	1.53694e-39	9.69125e-42	4.06141e-46	9.20556e-49	4.94497e-51	
N38	9.41157e-37	8.01486e-33	4.72448e-29	1.58806e-25	8.3793e-23	1.81549e-20	3.98245e-18	5.10553e-15	2.41236e-12	2.18952e-11	1.46943e-10	4.74785e-09	3.55742e-08	1.53046e-07	1.06736e-05	0.00247875	0.158082	0.695692	0.139559	0.00413616	4.04106e-05	9.83012e-07	5.78647e-08	9.1444e-09	3.35061e-10	7.32549e-12	1.36224e-13	2.17347e-16	1.48015e-18	1.73415e-20	8.45425e-23	4.60342e-24	1.00977e-26	3.54258e-28	1.87695e-31	3.80382e-33	7.19202e-37	5.24291e-39	6.74354e-43	2.37955e-45	4.97807e-48	
N39	3.29812e-36	4.84106e-32	2.9551e-28	1.81138e-24	1.04769e-22	4.79303e-20	6.83327e-18	2.30384e-14	7.42715e-12	4.90409e-12	2.75899e-10	4.00161e-09	2.59596e-09	1.09887e-08	5.21556e-06	0.0029092	0.312446	0.638078	0.0460346	0.000524474	1.78052e-06	2.96756e-09	1.12419e-11	1.70266e-13	1.02633e-15	4.45097e-18	1.59445e-20	1.08118e-23	1.1192e-26	1.04171e-29	6.96432e-33	2.30157e-35	1.55955e-36	1.49759e-36	7.31723e-38	2.65177e-38	6.02337e-40	6.51704e-41	1.22531e-42	7.14501e-42	4.50984e-41	
CGA312	0	0	0	0	0	0	0	0	0	0	0	0	0	0	0	0	0	1	0	0	0	0	0	0	0	0	0	0	0	0	0	0	0	0	0	0	0	0	0	0	0	
N40	6.00831e-43	1.28631e-37	5.58656e-33	3.92369e-28	4.29459e-26	9.28029e-24	2.90659e-20	5.88809e-16	1.7878e-14	1.96553e-14	1.57568e-12	8.16163e-12	8.05534e-12	1.04127e-09	2.0993e-06	0.00405006	0.427991	0.552646	0.0152751	3.63876e-05	1.88552e-08	3.56162e-12	6.98983e-16	1.82739e-18	4.81371e-21	4.69569e-24	1.11967e-26	1.34165e-30	4.61604e-34	4.57636e-38	1.08977e-42	1.26518e-43	4.84436e-43	7.44928e-43	5.04439e-45	5.70473e-45	2.42565e-47	1.37114e-47	4.32455e-49	1.52701e-47	1.17088e-48	
N41	8.50274e-51	3.64698e-44	1.14682e-38	1.0274e-32	1.23177e-30	1.09127e-26	2.11373e-22	1.26103e-18	3.01983e-17	2.17283e-17	3.2407e-15	1.28359e-13	2.20776e-12	4.835e-09	4.34566e-05	0.0240175	0.746325	0.228708	0.000905428	2.20777e-07	1.05672e-11	1.66277e-16	1.58231e-21	3.00911e-24	5.08441e-27	1.25885e-30	1.41699e-33	4.63074e-38	1.44876e-38	3.65669e-40	2.85409e-43	3.76935e-41	7.57485e-41	3.33519e-39	1.93232e-39	7.80655e-38	1.25178e-38	7.0153e-36	2.34384e-36	4.77392e-35	4.64366e-36	
N42	1.67734e-39	5.70908e-36	3.96618e-33	5.88556e-30	4.37428e-30	9.13703e-29	4.8807e-25	7.43619e-21	3.03587e-19	9.68739e-19	2.95336e-15	1.74522e-13	1.63261e-12	4.30578e-09	3.05545e-05	0.0236934	0.765731	0.209837	0.000707942	2.42659e-07	2.28835e-11	8.79264e-14	4.86807e-16	1.9866e-17	5.79129e-20	8.6488e-23	1.39386e-25	4.69145e-30	1.13363e-30	7.80843e-31	1.65821e-32	6.10614e-32	2.85938e-34	8.39784e-34	1.12139e-36	2.28323e-36	9.34821e-40	3.22662e-40	1.25623e-43	9.57367e-45	7.14495e-46	
CGA642	0	0	0	0	0	0	0	0	0	0	0	0	0	0	0	0	1	0	0	0	0	0	0	0	0	0	0	0	0	0	0	0	0	0	0	0	0	0	0	0	0	
N43	6.52333e-38	1.21623e-34	7.36119e-32	6.36331e-29	6.89113e-29	4.82798e-29	1.24297e-25	1.33873e-21	1.2752e-19	5.95149e-18	2.3964e-15	1.59172e-13	5.50279e-11	6.47129e-08	0.000115797	0.0348121	0.780153	0.184271	0.000648287	3.57396e-07	6.09716e-11	8.15585e-14	1.0949e-15	1.10494e-16	1.31068e-18	3.39947e-21	9.04501e-24	4.0343e-28	3.56616e-31	1.76759e-34	9.84659e-38	5.57922e-39	7.35606e-40	4.29215e-39	1.29933e-41	3.1044e-41	6.46605e-44	2.57269e-43	1.72316e-45	9.18697e-46	3.11657e-46	
CGA236	0	0	0	0	0	0	0	0	0	0	0	0	0	0	0	0	1	0	0	0	0	0	0	0	0	0	0	0	0	0	0	0	0	0	0	0	0	0	0	0	0	
N44	2.52027e-43	1.50766e-39	5.23555e-36	1.37454e-32	8.91825e-30	3.35655e-26	1.56257e-22	1.96711e-19	2.46242e-17	1.81576e-15	1.65129e-13	4.98488e-11	4.90906e-08	1.68527e-05	0.00296244	0.116884	0.738942	0.140554	0.000639923	6.45898e-07	2.43229e-10	3.49599e-13	9.3182e-15	1.14191e-15	2.83213e-17	1.36205e-19	6.07039e-22	7.20028e-26	1.0314e-28	1.03337e-31	1.65446e-34	6.27894e-36	5.36426e-39	1.27707e-40	7.81558e-45	1.017e-46	1.86433e-51	3.37758e-54	5.60429e-59	4.5925e-62	7.89851e-65	
N45	1.23905e-36	3.21364e-32	5.08504e-28	1.54564e-24	2.00588e-21	4.30277e-18	2.39215e-15	2.9946e-13	9.7929e-11	4.11181e-10	3.39267e-09	2.68537e-06	0.000128427	0.00131736	0.0126647	0.189882	0.642734	0.152288	0.000980426	1.59025e-06	1.60117e-09	1.8447e-11	2.79108e-13	6.24211e-15	2.82286e-17	9.03902e-20	1.22367e-22	4.14909e-26	5.21454e-29	4.38416e-31	4.86905e-34	3.76098e-36	1.76819e-39	8.69149e-42	7.76851e-46	1.56658e-48	7.23244e-53	5.09903e-56	2.38557e-60	1.50835e-63	3.06411e-66	
Calboe	0	0	0	0	0	0	0	0	0	0	0	0	0	1	0	0	0	0	0	0	0	0	0	0	0	0	0	0	0	0	0	0	0	0	0	0	0	0	0	0	0	
C3125	0	0	0	0	0	0	0	0	0	0	0	0	0	0	0	0	0	1	0	0	0	0	0	0	0	0	0	0	0	0	0	0	0	0	0	0	0	0	0	0	0	
CGA429	0	0	0	0	0	0	0	0	0	0	0	0	0	0	1	0	0	0	0	0	0	0	0	0	0	0	0	0	0	0	0	0	0	0	0	0	0	0	0	0	0	
N46	1.66891e-42	3.22209e-38	4.39264e-34	1.88733e-30	2.6857e-27	4.63334e-24	7.77409e-21	3.83275e-19	7.28506e-18	9.19381e-16	1.00991e-13	7.49629e-11	1.96518e-07	0.000201287	0.0230478	0.262699	0.599872	0.113723	0.000456078	4.02733e-07	1.45631e-10	4.40746e-14	9.66623e-16	3.3742e-16	2.89538e-17	2.93217e-19	8.15658e-21	2.22925e-24	8.70742e-27	2.58375e-30	3.86833e-33	5.18404e-34	1.50564e-36	1.19927e-37	3.28478e-41	1.85434e-42	6.21332e-47	5.32227e-49	1.31767e-53	3.10899e-56	5.38324e-59	
C985	0	0	0	0	0	0	0	0	0	0	0	0	0	1	0	0	0	0	0	0	0	0	0	0	0	0	0	0	0	0	0	0	0	0	0	0	0	0	0	0	0	
CGA382	0	0	0	0	0	0	0	0	0	0	0	0	0	0	1	0	0	0	0	0	0	0	0	0	0	0	0	0	0	0	0	0	0	0	0	0	0	0	0	0	0	
N47	2.18819e-41	1.70599e-36	3.75512e-32	1.37049e-27	3.65147e-25	6.88844e-23	3.82067e-20	4.05805e-16	2.7513e-13	1.05328e-12	3.27226e-11	8.5428e-10	5.90118e-09	1.13253e-07	6.47523e-06	0.00250552	0.208452	0.716954	0.0717723	0.000308434	3.45904e-07	1.09618e-09	1.28463e-11	1.82709e-13	6.23249e-16	1.04069e-18	8.85708e-22	1.27709e-25	5.40848e-29	9.21347e-32	4.89109e-35	2.88468e-37	1.2386e-36	7.16992e-37	7.60386e-39	1.03515e-39	4.75404e-42	3.66552e-43	4.03073e-45	4.24225e-45	1.26191e-44	
N48	6.61692e-42	3.67526e-37	1.28696e-32	3.38873e-28	9.59254e-26	7.66316e-23	1.98082e-19	1.17617e-15	4.81455e-14	4.92974e-13	5.24308e-12	8.69343e-11	3.31166e-09	6.43866e-08	1.44094e-05	0.00790688	0.259741	0.697697	0.0345576	8.29914e-05	5.0483e-08	2.82793e-11	6.10362e-14	2.85075e-16	2.38244e-18	8.29253e-21	9.85378e-23	6.80708e-26	1.06588e-28	2.28492e-32	1.20332e-36	1.4871e-38	7.30929e-42	1.41029e-43	1.47543e-47	2.042e-49	4.85654e-54	4.04211e-56	3.0845e-61	5.72743e-64	1.83185e-68	
C12265	0	0	0	0	0	0	0	0	0	0	0	0	0	0	0	0	0	1	0	0	0	0	0	0	0	0	0	0	0	0	0	0	0	0	0	0	0	0	0	0	0	
N49	3.86398e-40	1.86139e-35	3.23008e-31	5.10713e-27	5.06948e-25	7.23308e-23	7.12976e-19	5.58287e-16	9.38065e-16	8.45053e-14	2.36581e-12	5.01181e-12	2.16783e-09	1.42496e-05	0.0278815	0.730477	0.228969	0.0126034	5.51995e-05	3.55307e-08	8.26432e-12	9.48404e-16	1.8185e-19	1.68964e-21	7.23831e-24	1.51492e-26	5.15748e-29	1.10115e-32	5.52216e-36	5.84129e-40	3.21702e-44	8.62483e-47	3.09238e-50	8.58803e-53	1.81451e-56	3.02607e-59	8.40276e-64	7.07157e-67	8.13492e-72	1.98471e-75	7.92911e-80	
C404	0	0	0	0	0	0	0	0	0	0	0	0	0	0	1	0	0	0	0	0	0	0	0	0	0	0	0	0	0	0	0	0	0	0	0	0	0	0	0	0	0	
Cl11778	0	0	0	0	0	0	0	0	0	0	0	0	0	0	0	1	0	0	0	0	0	0	0	0	0	0	0	0	0	0	0	0	0	0	0	0	0	0	0	0	0	
C3134	0	0	0	0	0	0	0	0	0	0	0	0	0	0	0	0	0	0	1	0	0	0	0	0	0	0	0	0	0	0	0	0	0	0	0	0	0	0	0	0	0	
N50	2.01653e-37	9.05447e-33	1.92755e-28	7.73273e-25	1.05515e-21	2.709e-19	2.43652e-18	1.75956e-14	7.60763e-11	8.33307e-11	3.842e-11	1.39636e-08	3.53919e-08	2.69169e-09	1.42775e-08	2.07845e-05	0.0102246	0.683238	0.300548	0.00594257	2.58984e-05	6.69014e-08	4.47931e-10	4.01505e-12	1.27701e-14	2.97067e-17	4.53415e-20	2.07198e-23	1.18371e-26	1.9636e-29	2.24244e-29	9.85681e-30	5.7751e-31	7.08068e-32	2.10861e-33	1.72803e-34	2.36181e-36	1.17045e-37	1.11037e-39	4.98759e-41	1.83423e-42	
CGA311	0	0	0	0	0	0	0	0	0	0	0	0	0	0	0	0	0	1	0	0	0	0	0	0	0	0	0	0	0	0	0	0	0	0	0	0	0	0	0	0	0	
N51	1.73752e-38	2.42064e-35	5.0306e-32	4.51534e-28	9.40982e-25	4.81923e-22	4.4445e-20	2.87307e-16	9.66427e-13	1.63584e-12	2.56485e-12	2.44989e-10	5.16945e-10	8.83332e-11	3.78496e-09	5.68422e-06	0.00630969	0.681022	0.307717	0.00493107	1.44866e-05	1.83341e-08	4.03483e-11	5.07886e-13	9.25699e-15	5.13333e-17	8.51072e-19	4.30513e-22	9.7657e-25	4.79009e-28	6.03625e-32	1.6696e-33	4.79048e-37	1.58379e-38	1.30346e-42	3.01609e-44	4.19341e-49	4.26027e-51	3.16179e-56	1.32406e-58	5.91948e-63	
N52	5.86936e-44	8.09516e-39	4.37609e-34	6.01587e-30	2.16303e-27	4.11149e-24	1.62115e-22	2.10855e-18	3.07843e-15	6.58955e-16	6.85024e-15	1.25403e-12	1.19905e-12	2.70463e-12	2.10871e-09	1.38223e-05	0.020013	0.863238	0.116152	0.000582965	5.66265e-07	1.85927e-10	3.20704e-14	1.19609e-16	1.00721e-18	3.31191e-21	2.11453e-23	1.27296e-26	9.01759e-30	1.59716e-33	5.55759e-38	5.06551e-41	4.20542e-44	1.24345e-42	3.62166e-44	1.10652e-44	1.19153e-46	2.7548e-47	4.32271e-50	3.34051e-51	1.77271e-52	
CGA45	0	0	0	0	0	0	0	0	0	0	0	0	0	0	0	0	1	0	0	0	0	0	0	0	0	0	0	0	0	0	0	0	0	0	0	0	0	0	0	0	0	
N53	8.56286e-45	4.26515e-40	1.12081e-35	1.28288e-31	1.28617e-28	1.46193e-25	1.79504e-23	6.84181e-20	7.57333e-17	6.85666e-17	4.63009e-16	4.17478e-13	3.55192e-12	7.48685e-12	2.25362e-09	1.04727e-05	0.0126776	0.889093	0.0977413	0.000477566	5.01662e-07	1.918e-10	2.25275e-13	3.83093e-14	1.56232e-15	9.68845e-18	1.54192e-19	1.01794e-22	2.61201e-25	7.00145e-29	1.04918e-32	3.81318e-34	3.63916e-37	1.09854e-38	1.4516e-42	2.99832e-44	8.06193e-49	8.02387e-51	9.46136e-56	1.95912e-58	1.40853e-62	
C3043	0	0	0	0	0	0	0	0	0	0	0	0	0	0	0	0	0	1	0	0	0	0	0	0	0	0	0	0	0	0	0	0	0	0	0	0	0	0	0	0	0	
CGA364	0	0	0	0	0	0	0	0	0	0	0	0	0	0	0	0	0	1	0	0	0	0	0	0	0	0	0	0	0	0	0	0	0	0	0	0	0	0	0	0	0	
C2208	0	0	0	0	0	0	0	0	0	0	0	0	0	0	0	0	0	0	1	0	0	0	0	0	0	0	0	0	0	0	0	0	0	0	0	0	0	0	0	0	0	
N54	4.16024e-32	3.17402e-28	1.42531e-24	2.77289e-21	4.7412e-19	1.3282e-16	3.08184e-15	5.09006e-12	3.74088e-09	1.68395e-09	2.55645e-09	2.71605e-07	1.45512e-07	1.94388e-08	7.25403e-07	0.000303083	0.0408078	0.861862	0.0951813	0.00183175	1.2448e-05	6.70885e-08	7.82761e-10	1.06113e-11	6.24708e-14	2.99422e-16	9.42388e-19	1.41636e-21	2.31201e-24	7.06791e-27	1.08611e-29	3.25942e-32	3.49214e-35	6.18079e-38	3.56092e-41	3.72951e-44	9.90005e-48	6.10976e-51	1.06942e-54	6.18263e-58	3.14546e-61	
N55	5.05326e-39	3.73003e-34	1.08704e-29	9.5651e-26	2.83579e-23	4.72486e-20	6.33618e-19	4.37914e-15	8.5364e-12	6.82318e-13	3.36875e-12	4.63411e-10	5.63493e-11	6.98116e-12	5.51225e-09	2.4584e-05	0.0254039	0.948577	0.0259117	8.23966e-05	7.11514e-08	2.70446e-11	1.51278e-14	1.1321e-16	3.73356e-19	6.59355e-22	1.61902e-24	2.86932e-28	1.36754e-31	2.73877e-35	3.49965e-39	8.63218e-42	1.95698e-45	3.69779e-48	3.60162e-52	4.3708e-55	8.68441e-60	4.80192e-63	5.21019e-68	1.43644e-71	4.85806e-76	
CGA453	0	0	0	0	0	0	0	0	0	0	0	0	0	0	0	0	0	1	0	0	0	0	0	0	0	0	0	0	0	0	0	0	0	0	0	0	0	0	0	0	0	
N56	1.77111e-43	2.5896e-38	1.25423e-33	3.68682e-29	7.47199e-27	1.28503e-23	2.01272e-21	2.38532e-17	1.06687e-14	6.6889e-16	2.9462e-14	9.5395e-13	1.38176e-13	8.90738e-13	2.24114e-09	2.61161e-05	0.0670771	0.926565	0.00632684	5.19624e-06	1.20016e-09	1.14836e-13	2.46621e-17	4.88529e-19	3.17438e-21	5.79439e-24	2.91097e-26	2.13782e-30	8.6085e-34	5.02227e-38	1.6643e-42	6.81751e-45	1.61816e-48	5.77192e-51	6.17986e-55	1.35369e-57	8.05165e-63	5.03674e-66	1.69899e-71	3.63008e-75	8.78196e-80	
CGA501	0	0	0	0	0	0	0	0	0	0	0	0	0	0	0	0	0	1	0	0	0	0	0	0	0	0	0	0	0	0	0	0	0	0	0	0	0	0	0	0	0	
C3121	0	0	0	0	0	0	0	0	0	0	0	0	0	0	0	0	1	0	0	0	0	0	0	0	0	0	0	0	0	0	0	0	0	0	0	0	0	0	0	0	0	
Calparcri	0	0	0	0	0	0	0	0	0	0	0	0	0	0	0	0	0	1	0	0	0	0	0	0	0	0	0	0	0	0	0	0	0	0	0	0	0	0	0	0	0	
N57	9.51336e-40	5.85752e-36	8.03145e-33	2.42606e-29	1.13158e-26	1.63256e-23	4.15846e-20	4.27462e-16	3.66867e-14	4.59784e-13	9.13832e-12	7.544e-10	1.87334e-08	2.90361e-07	2.7903e-05	0.00965367	0.338061	0.618323	0.0337786	0.000156026	2.20059e-07	5.24221e-10	3.24119e-12	2.73112e-13	2.76782e-15	8.94544e-18	4.47614e-20	9.58816e-24	2.57627e-26	4.08038e-29	2.76244e-31	5.69733e-31	3.37019e-33	5.75919e-33	8.91006e-36	1.09993e-35	4.88152e-39	2.33902e-39	6.77693e-43	7.73546e-44	4.44434e-46	
N58	4.30798e-38	9.18777e-34	1.08896e-29	5.9654e-26	1.11938e-22	1.84282e-20	1.51307e-18	3.54401e-15	5.36586e-12	7.36209e-11	3.77322e-10	2.26452e-08	3.34881e-07	7.30781e-07	7.72118e-06	0.00168376	0.12119	0.684664	0.185176	0.0071868	8.6574e-05	3.54958e-06	3.3417e-07	3.30426e-08	6.7216e-10	8.71785e-12	6.03549e-14	7.91576e-17	2.78546e-19	4.22826e-21	1.48015e-23	2.29397e-25	3.40615e-28	2.978e-30	1.01963e-33	4.28076e-36	6.21295e-40	9.49759e-43	1.01878e-46	1.28735e-49	2.93733e-52	
N59	2.2571e-33	1.91318e-29	1.03792e-25	8.71845e-23	7.34904e-20	2.98092e-17	5.65396e-16	1.63656e-13	3.17619e-11	6.81639e-10	1.69134e-08	1.80905e-06	1.37059e-05	1.77156e-05	8.00411e-05	0.00485868	0.15018	0.698845	0.141766	0.00420183	3.5014e-05	1.47083e-07	1.35732e-09	5.21179e-11	8.59486e-13	9.48298e-15	9.77796e-17	1.52135e-19	4.2942e-22	8.64179e-25	1.30725e-27	1.42169e-29	2.51533e-32	1.73565e-34	1.29424e-37	5.47522e-40	1.2976e-43	2.8523e-46	3.63466e-50	4.41454e-53	1.5901e-56	
N60	1.68632e-32	1.50839e-28	8.37357e-25	1.2799e-21	1.13365e-18	4.15972e-16	7.92487e-15	1.79289e-12	2.43686e-10	6.20922e-09	1.62802e-07	2.47589e-05	0.000198472	0.00030807	0.00156506	0.0355865	0.30827	0.602216	0.0512011	0.000626818	2.24427e-06	3.44303e-09	4.75038e-12	1.1015e-13	1.99355e-15	1.97984e-17	2.89921e-19	4.14977e-22	1.21036e-24	1.42085e-27	6.37469e-31	6.78737e-33	1.05405e-35	1.23241e-37	9.2496e-41	7.12109e-43	1.26104e-46	5.44225e-49	4.54005e-53	9.50804e-56	1.84114e-59	
N61	2.29048e-35	5.82581e-31	7.76116e-27	3.76588e-23	2.73163e-20	1.01821e-17	3.31457e-16	1.31194e-12	2.33771e-09	3.18743e-09	4.5187e-09	5.58765e-07	8.15712e-07	1.37351e-07	2.27741e-06	0.000741619	0.0679663	0.822934	0.106547	0.00178184	2.44538e-05	6.02414e-07	1.28288e-08	2.53327e-10	9.87162e-13	5.89274e-15	1.69889e-17	6.40143e-20	9.19925e-23	7.5544e-25	5.27832e-28	2.93477e-30	9.96715e-34	3.46531e-36	5.64319e-40	1.14755e-42	9.21142e-47	8.72518e-50	5.41164e-54	4.31034e-57	5.80641e-60	
Triowe	0	0	0	0	0	0	0	0	0	0	0	0	0	0	0	0	0	1	0	0	0	0	0	0	0	0	0	0	0	0	0	0	0	0	0	0	0	0	0	0	0	
N62	1.88377e-35	2.27874e-31	1.80914e-27	7.31396e-24	4.07748e-21	1.46379e-18	2.20956e-16	2.65694e-13	1.04669e-10	1.78996e-10	4.11232e-10	1.84099e-08	2.04978e-08	8.62634e-09	4.78487e-07	0.000277078	0.0459842	0.839638	0.112217	0.00187009	1.29808e-05	1.07045e-07	1.19492e-09	7.21412e-11	1.93927e-12	2.78178e-14	5.77533e-16	6.08521e-19	3.1324e-21	9.02516e-24	1.66245e-26	8.73711e-28	9.83078e-31	3.70109e-32	1.32008e-35	3.32318e-37	3.01941e-41	2.88841e-43	1.65296e-47	6.93053e-50	3.66082e-53	
Trijoh	0	0	0	0	0	0	0	0	0	0	0	0	0	0	0	0	0	1	0	0	0	0	0	0	0	0	0	0	0	0	0	0	0	0	0	0	0	0	0	0	0	
Trimel	0	0	0	0	0	0	0	0	0	0	0	0	0	0	0	0	0	1	0	0	0	0	0	0	0	0	0	0	0	0	0	0	0	0	0	0	0	0	0	0	0	
N63	3.62295e-30	4.71578e-26	4.35809e-22	9.37213e-20	2.46991e-16	8.79877e-13	1.22713e-12	1.38812e-10	5.3369e-10	3.27374e-07	0.000628822	0.277443	0.518444	0.181485	0.0209928	0.000985635	1.98851e-05	1.60725e-07	3.87467e-10	3.18818e-13	1.22406e-16	2.6847e-20	6.74778e-24	1.52367e-26	2.7646e-29	4.08512e-32	5.55711e-35	1.75926e-38	7.401e-42	1.9709e-45	3.02542e-49	3.63957e-52	1.27728e-55	1.41939e-58	3.35179e-62	2.19013e-65	1.77061e-69	6.86496e-73	2.60077e-77	5.66837e-81	3.68416e-85	
N64	2.72311e-31	3.93491e-27	3.57369e-23	1.9433e-20	6.94163e-17	2.47434e-13	1.16393e-12	1.70166e-10	1.45151e-09	1.28478e-06	0.00201368	0.527803	0.420881	0.0478457	0.001441	1.48236e-05	5.78281e-08	8.6278e-11	4.87692e-14	2.7886e-17	1.66345e-19	2.60333e-22	5.93891e-25	1.54981e-27	5.97924e-31	3.24606e-33	8.50891e-37	6.47558e-39	7.38162e-43	5.25096e-45	3.25972e-49	1.60921e-51	5.86463e-56	1.88884e-58	4.25076e-63	8.04753e-66	1.17982e-70	1.08625e-73	4.98493e-78	2.34e-81	5.65954e-84	
Trihoe	0	0	0	0	0	0	0	0	0	0	0	1	0	0	0	0	0	0	0	0	0	0	0	0	0	0	0	0	0	0	0	0	0	0	0	0	0	0	0	0	0	
Tribit	0	0	0	0	0	0	0	0	0	0	0	1	0	0	0	0	0	0	0	0	0	0	0	0	0	0	0	0	0	0	0	0	0	0	0	0	0	0	0	0	0	
Trijac	0	0	0	0	0	0	0	0	0	0	0	1	0	0	0	0	0	0	0	0	0	0	0	0	0	0	0	0	0	0	0	0	0	0	0	0	0	0	0	0	0	
N65	3.02508e-33	3.00973e-29	1.70936e-25	4.06302e-22	1.21812e-19	2.68844e-17	7.47847e-16	1.22094e-12	8.82291e-10	7.71058e-10	8.90226e-10	7.00784e-08	8.80167e-08	2.17356e-08	5.14678e-07	0.000237311	0.0356719	0.788463	0.170661	0.00492446	4.09493e-05	2.27976e-07	4.1673e-09	1.26554e-10	1.28799e-12	1.03044e-14	6.04527e-17	8.91258e-20	1.8919e-22	7.12481e-25	1.31043e-27	8.11365e-30	1.0458e-32	3.90257e-35	2.34606e-38	5.24589e-41	1.19271e-44	1.36219e-47	1.83035e-51	1.4465e-54	7.40785e-58	
Tricri	0	0	0	0	0	0	0	0	0	0	0	0	0	0	0	0	0	1	0	0	0	0	0	0	0	0	0	0	0	0	0	0	0	0	0	0	0	0	0	0	0	
N66	3.16329e-35	3.32005e-31	2.12445e-27	6.58302e-24	2.33247e-21	6.69609e-19	4.90485e-17	5.1516e-14	1.8306e-11	1.45608e-11	2.29688e-11	1.32775e-09	1.5955e-09	1.1308e-09	8.79276e-08	7.93191e-05	0.0225055	0.832405	0.142192	0.00280293	1.46004e-05	3.27559e-08	1.19157e-10	6.70649e-12	1.66287e-13	2.00975e-15	3.81236e-17	4.81299e-20	1.76102e-22	2.35409e-25	1.8723e-28	3.98422e-30	6.25372e-33	1.0763e-34	6.70386e-38	7.73007e-40	1.02952e-43	5.68047e-46	4.10868e-50	1.08028e-52	2.60913e-56	
Triwie	0	0	0	0	0	0	0	0	0	0	0	0	0	0	0	0	0	1	0	0	0	0	0	0	0	0	0	0	0	0	0	0	0	0	0	0	0	0	0	0	0	
Triqua	0	0	0	0	0	0	0	0	0	0	0	0	0	0	0	0	0	1	0	0	0	0	0	0	0	0	0	0	0	0	0	0	0	0	0	0	0	0	0	0	0	
N67	4.91789e-33	1.00654e-29	1.91807e-26	2.14784e-23	7.18055e-21	7.77348e-19	1.17852e-16	4.73884e-14	9.65265e-12	1.39977e-10	7.57231e-10	1.20535e-08	1.19123e-07	6.12834e-07	1.72257e-05	0.0019672	0.0899473	0.614233	0.271158	0.0220935	0.000570633	1.01471e-05	1.15725e-06	4.94945e-07	5.57657e-08	3.36521e-09	2.05761e-10	1.14481e-12	1.93565e-14	2.78025e-16	3.42675e-18	3.65699e-19	3.39068e-21	2.22558e-22	5.94528e-25	2.41659e-26	1.90393e-29	3.15207e-31	1.52694e-34	1.31345e-36	4.47029e-39	
N68	6.04776e-31	1.39838e-27	2.56743e-24	2.6802e-21	4.74691e-19	5.67957e-17	4.26215e-15	2.51253e-12	6.80736e-10	1.66246e-09	3.95133e-09	1.32092e-07	2.85153e-07	1.9678e-07	4.58582e-06	0.000828057	0.0557396	0.688127	0.240153	0.0148495	0.00029477	2.95351e-06	5.03559e-08	2.45759e-09	5.71345e-11	1.0725e-12	1.50407e-14	6.51391e-17	3.46105e-19	2.22835e-21	8.93364e-24	1.16316e-25	4.35747e-28	3.69508e-30	7.78832e-33	4.00526e-35	3.61521e-38	1.09891e-40	5.78534e-44	1.2459e-46	1.35688e-49	
Kinboe	0	0	0	0	0	0	0	0	0	0	0	0	0	0	0	0	0	1	0	0	0	0	0	0	0	0	0	0	0	0	0	0	0	0	0	0	0	0	0	0	0	
Kinfis	0	0	0	0	0	0	0	0	0	0	0	0	0	0	0	0	0	1	0	0	0	0	0	0	0	0	0	0	0	0	0	0	0	0	0	0	0	0	0	0	0	
Kinxen	0	0	0	0	0	0	0	0	0	0	0	0	0	0	0	0	0	1	0	0	0	0	0	0	0	0	0	0	0	0	0	0	0	0	0	0	0	0	0	0	0	
N69	1.48851e-36	2.52207e-33	2.02887e-30	1.63344e-27	6.68654e-26	4.68752e-23	6.17307e-20	8.25486e-17	7.15939e-15	1.97534e-13	1.83629e-11	1.10132e-09	2.27574e-08	1.96691e-06	0.000506271	0.0389648	0.436425	0.50042	0.0235033	0.000177477	5.91811e-07	8.65632e-10	2.50318e-12	6.94721e-13	7.97809e-14	1.68685e-15	5.88305e-16	7.6083e-18	3.93262e-19	1.30334e-21	1.14767e-24	3.6029e-25	2.09043e-27	4.32369e-28	3.71384e-31	3.82298e-32	2.32709e-36	8.04962e-38	1.75386e-42	9.92272e-45	4.67903e-48	
N70	2.87882e-27	3.34985e-24	4.12505e-21	1.74277e-18	9.36026e-16	2.93532e-13	6.4854e-12	1.45788e-10	4.93144e-09	7.34847e-07	0.000130286	0.00845589	0.0924084	0.295967	0.363455	0.191819	0.0438546	0.00382913	7.93069e-05	6.32756e-07	2.56351e-09	6.99462e-12	6.04847e-14	3.12895e-15	7.48927e-17	1.42546e-18	2.50824e-20	7.76377e-23	4.0934e-25	1.81883e-27	7.05568e-30	1.69037e-31	8.90863e-34	1.47736e-35	4.53121e-38	4.6199e-40	4.03074e-43	2.11747e-45	1.05755e-48	3.5035e-51	5.44234e-54	
N71	2.20189e-28	4.14511e-24	4.82213e-20	6.58453e-18	1.6103e-14	5.37916e-11	5.88999e-11	2.40575e-09	7.27514e-09	2.12205e-06	0.00200516	0.375057	0.516089	0.101376	0.00537113	9.89082e-05	7.05574e-07	2.01605e-09	2.35844e-12	1.39271e-15	8.35956e-19	9.45307e-22	1.56459e-24	2.55762e-27	1.46971e-30	1.23298e-33	6.1894e-37	3.90402e-40	1.35038e-43	1.29205e-46	2.85245e-50	2.00111e-53	2.64246e-57	1.25104e-60	9.34203e-65	2.90975e-68	1.19674e-72	2.28646e-76	7.41829e-81	1.48847e-84	3.45561e-88	
N72	2.42181e-31	1.2779e-26	4.10838e-22	7.1908e-20	4.32588e-16	5.38415e-12	3.16333e-12	7.68402e-10	1.1504e-09	7.17197e-07	0.00190856	0.763325	0.228981	0.00575687	2.76137e-05	3.82831e-08	2.08993e-11	1.76236e-14	2.40043e-17	3.45504e-20	3.87204e-23	1.34225e-26	6.85094e-30	1.03611e-32	1.7544e-36	2.75937e-39	1.72142e-43	1.56806e-46	4.60367e-51	2.35028e-54	3.95532e-59	1.12181e-62	1.26272e-67	2.0444e-71	2.82328e-76	8.55259e-80	1.29136e-84	3.49197e-88	3.46431e-92	2.63549e-96	5.56453e-100	
N73	1.40676e-30	1.90481e-26	1.55238e-22	7.94124e-20	2.18415e-16	5.80293e-13	2.87844e-12	3.84938e-10	3.88087e-09	3.29508e-06	0.004403	0.835485	0.158008	0.0020955	5.48303e-06	5.28466e-09	1.86817e-11	1.06528e-12	2.5596e-15	1.16727e-17	1.51757e-20	5.05908e-23	9.50551e-26	2.32148e-27	3.51887e-31	4.54417e-33	2.47419e-37	1.18931e-39	3.86024e-44	7.593e-47	1.82347e-51	1.94218e-54	2.34927e-58	1.9836e-61	1.09503e-64	7.85133e-67	1.58982e-71	3.49958e-74	2.24585e-77	5.89948e-81	9.43048e-84	
Chaafr	0	0	0	0	0	0	0	0	0	0	0	1	0	0	0	0	0	0	0	0	0	0	0	0	0	0	0	0	0	0	0	0	0	0	0	0	0	0	0	0	0	
Chacha	0	0	0	0	0	0	0	0	0	0	0	1	0	0	0	0	0	0	0	0	0	0	0	0	0	0	0	0	0	0	0	0	0	0	0	0	0	0	0	0	0	
N74	2.23927e-30	3.2734e-26	3.10088e-22	1.49293e-19	5.56408e-16	2.07813e-12	6.7474e-12	9.12377e-10	4.8629e-09	3.49193e-06	0.00462257	0.869394	0.124694	0.00128376	2.77758e-06	2.45017e-09	9.20869e-12	3.00469e-13	5.62761e-16	1.8882e-18	1.89502e-21	5.86059e-24	9.12803e-27	1.19359e-28	1.91009e-32	1.30649e-34	7.48734e-39	1.89584e-41	6.44012e-46	7.18352e-49	1.76215e-53	1.24485e-56	1.67995e-60	1.15555e-63	5.08722e-67	1.93311e-69	4.2437e-74	5.30233e-77	2.37931e-80	5.28629e-84	5.79244e-87	
Chacaly	0	0	0	0	0	0	0	0	0	0	0	1	0	0	0	0	0	0	0	0	0	0	0	0	0	0	0	0	0	0	0	0	0	0	0	0	0	0	0	0	0	
Chazey	0	0	0	0	0	0	0	0	0	0	0	1	0	0	0	0	0	0	0	0	0	0	0	0	0	0	0	0	0	0	0	0	0	0	0	0	0	0	0	0	0	
N75	1.97989e-27	7.57566e-24	2.08288e-20	1.06183e-17	8.58025e-15	3.51347e-12	2.59934e-11	1.08862e-09	3.4287e-08	1.47338e-05	0.00623352	0.455979	0.473202	0.062557	0.00199313	2.05932e-05	8.36072e-08	5.42577e-10	6.30581e-12	9.6995e-14	1.27086e-15	4.04888e-18	2.54294e-20	8.59655e-22	7.27214e-25	3.55866e-26	1.18735e-29	3.56017e-31	6.19968e-35	1.10096e-36	1.19574e-40	1.20879e-42	9.407e-47	5.16869e-49	4.77235e-53	4.48095e-55	4.11888e-59	3.81237e-61	8.4048e-64	8.37869e-67	5.32591e-69	
Chadil	0	0	0	0	0	0	0	0	0	0	0	1	0	0	0	0	0	0	0	0	0	0	0	0	0	0	0	0	0	0	0	0	0	0	0	0	0	0	0	0	0	
Chasen	0	0	0	0	0	0	0	0	0	0	0	1	0	0	0	0	0	0	0	0	0	0	0	0	0	0	0	0	0	0	0	0	0	0	0	0	0	0	0	0	0	
Chanam	0	0	0	0	0	0	0	0	0	0	0	1	0	0	0	0	0	0	0	0	0	0	0	0	0	0	0	0	0	0	0	0	0	0	0	0	0	0	0	0	0	
N76	8.80208e-31	3.7214e-29	2.02523e-27	7.70972e-26	9.18883e-25	1.0867e-22	8.34876e-20	5.16047e-17	5.94553e-15	3.62807e-13	2.46468e-11	8.30549e-10	2.53688e-08	2.93511e-06	0.000645816	0.0436904	0.444112	0.485731	0.0254214	0.000391698	3.54222e-06	2.8816e-07	1.16754e-07	3.50101e-07	1.08037e-07	1.99194e-08	2.70317e-08	1.18144e-09	7.58918e-10	2.52697e-10	1.42793e-11	1.88816e-10	2.3167e-12	1.41902e-11	3.06525e-14	9.36788e-14	3.47161e-17	1.80479e-17	4.14417e-21	3.23073e-22	5.52445e-24	
Riebrev	0	0	0	0	0	0	0	0	0	0	0	0	0	0	0	0	0	0	0	0	0	0	0	0	0	0	0	0	0	0	1	0	0	0	0	0	0	0	0	0	0	
N77	1.36556e-34	4.58818e-30	4.12386e-26	5.75176e-22	7.0717e-21	2.50474e-18	4.33479e-16	2.60147e-12	1.96855e-10	2.32584e-11	1.50416e-08	8.25505e-09	2.87014e-10	2.1961e-09	5.70047e-06	0.00540748	0.947794	0.0464374	0.000355036	8.31016e-07	9.87171e-10	1.21358e-12	2.2323e-15	3.67402e-18	2.90468e-21	2.04664e-24	9.6855e-28	4.07364e-31	1.69797e-34	8.66486e-38	2.68232e-41	7.78861e-45	1.48536e-47	9.12686e-48	1.1301e-49	1.64275e-50	1.28543e-52	1.2461e-54	8.86137e-57	1.74486e-57	6.79787e-56	
N78	3.71884e-45	2.65288e-39	1.79637e-34	3.80496e-29	1.4741e-27	5.12047e-24	2.54588e-21	1.12101e-16	2.1436e-14	6.78673e-16	3.97479e-12	9.20496e-13	1.07568e-14	4.09775e-13	2.60361e-08	0.000474413	0.984766	0.0147442	1.49869e-05	3.10732e-09	2.23524e-13	2.43466e-17	2.34452e-20	9.75205e-23	6.36131e-26	5.55715e-29	9.2128e-31	2.38031e-33	5.24968e-35	2.02548e-36	3.3622e-38	1.35266e-38	1.16432e-40	3.53674e-41	2.92074e-44	3.96325e-45	2.01565e-48	1.27933e-49	6.18903e-53	1.89881e-54	3.08892e-56	
N79	1.00961e-41	4.60801e-38	5.36728e-35	1.08007e-31	8.05895e-31	2.9676e-27	6.90863e-24	2.7037e-19	5.40701e-17	4.56026e-18	1.65318e-14	3.82768e-15	5.58536e-16	2.23426e-13	1.71364e-08	0.00038594	0.987687	0.0119188	8.08221e-06	1.07169e-09	4.71277e-14	2.4292e-17	1.33444e-19	8.94697e-21	9.52545e-23	8.3025e-26	1.38947e-29	1.42217e-34	4.61402e-38	1.04452e-41	2.45278e-45	4.3684e-47	4.31611e-48	9.46942e-47	2.13429e-50	9.24384e-50	1.65386e-53	1.85278e-54	7.92725e-58	3.53844e-58	2.57829e-56	
Braset	0	0	0	0	0	0	0	0	0	0	0	0	0	0	0	0	1	0	0	0	0	0	0	0	0	0	0	0	0	0	0	0	0	0	0	0	0	0	0	0	0	
N80	9.75559e-50	2.41551e-44	1.62903e-39	1.37479e-34	1.27801e-32	1.96337e-29	2.84057e-26	4.82451e-22	7.80263e-20	1.27618e-19	1.21298e-15	1.23916e-14	1.09963e-14	2.92765e-12	8.81951e-08	0.000829449	0.990925	0.00823993	5.81558e-06	1.03446e-09	7.55096e-14	2.17743e-16	1.76275e-18	6.1714e-20	4.86055e-22	4.9161e-25	7.00486e-29	1.22164e-33	2.94291e-37	3.71368e-40	1.4986e-43	1.42196e-45	3.63752e-49	1.86631e-51	8.84769e-57	7.40627e-60	2.30596e-65	5.15502e-69	6.25541e-74	3.60075e-78	6.11216e-81	
N81	9.8823e-52	1.40155e-45	1.77313e-40	1.07046e-34	5.497e-33	1.08161e-29	4.13247e-26	6.78032e-21	1.80067e-18	1.52635e-18	9.87749e-14	3.41782e-14	9.38246e-16	1.12185e-13	1.02778e-08	0.000284306	0.998604	0.00111176	1.53341e-07	6.18359e-12	1.47438e-16	7.62772e-20	5.47925e-23	6.38343e-26	1.83113e-29	1.62795e-33	2.34708e-38	9.98878e-44	2.2179e-48	4.93548e-52	1.42978e-56	2.86573e-60	4.49915e-65	3.55019e-69	2.17216e-75	2.04097e-80	4.84238e-87	1.56073e-92	4.67455e-99	3.76509e-105	6.50579e-111	
Bramel	0	0	0	0	0	0	0	0	0	0	0	0	0	0	0	0	1	0	0	0	0	0	0	0	0	0	0	0	0	0	0	0	0	0	0	0	0	0	0	0	0	
Bratha	0	0	0	0	0	0	0	0	0	0	0	0	0	0	0	0	1	0	0	0	0	0	0	0	0	0	0	0	0	0	0	0	0	0	0	0	0	0	0	0	0	
N82	9.42082e-51	4.30622e-45	4.32282e-40	8.32842e-35	8.3859e-33	1.97233e-29	7.48334e-26	5.32137e-21	1.98005e-18	3.65407e-18	5.0959e-14	1.14804e-13	2.25479e-14	3.71283e-12	1.04702e-07	0.000906072	0.995033	0.00405928	1.96793e-06	2.71981e-10	1.98613e-14	4.92667e-17	1.79128e-19	1.46292e-21	2.86964e-24	1.35049e-27	8.71943e-32	1.36597e-36	1.59813e-40	2.23014e-43	4.35468e-47	9.41145e-50	1.18812e-53	1.30868e-56	5.79447e-62	9.16657e-66	2.51969e-71	1.91828e-75	1.78078e-80	6.66165e-85	3.24387e-88	
Bradra	0	0	0	0	0	0	0	0	0	0	0	0	0	0	0	0	1	0	0	0	0	0	0	0	0	0	0	0	0	0	0	0	0	0	0	0	0	0	0	0	0	
Bratra	0	0	0	0	0	0	0	0	0	0	0	0	0	0	0	0	1	0	0	0	0	0	0	0	0	0	0	0	0	0	0	0	0	0	0	0	0	0	0	0	0	
N83	2.57433e-45	3.42224e-40	1.00847e-35	5.10894e-31	1.4757e-29	9.74021e-27	1.20416e-23	3.45331e-19	7.15411e-17	8.55692e-17	6.7636e-13	1.10173e-12	1.58542e-13	1.71256e-11	2.8774e-07	0.00149143	0.992063	0.00644056	5.10303e-06	1.16656e-09	1.45529e-13	3.11142e-16	1.16473e-18	6.97456e-21	1.06799e-23	5.39855e-27	5.36785e-31	1.52332e-35	2.17406e-39	2.94744e-42	6.44333e-46	1.01808e-48	1.48495e-52	1.14788e-55	9.26525e-61	1.3857e-64	6.51901e-70	5.17953e-74	4.97018e-79	2.94597e-83	1.02624e-86	
Bragut	0	0	0	0	0	0	0	0	0	0	0	0	0	0	0	0	1	0	0	0	0	0	0	0	0	0	0	0	0	0	0	0	0	0	0	0	0	0	0	0	0	
Braven	0	0	0	0	0	0	0	0	0	0	0	0	0	0	0	0	1	0	0	0	0	0	0	0	0	0	0	0	0	0	0	0	0	0	0	0	0	0	0	0	0	
N84	1.24248e-38	5.12312e-34	7.72207e-30	1.1769e-25	4.65148e-24	1.89865e-21	1.08296e-18	3.9896e-15	1.96835e-13	8.63633e-14	2.45071e-11	1.7395e-11	6.62805e-12	6.50802e-10	3.1332e-06	0.00480191	0.966794	0.0283027	9.86795e-05	9.62411e-08	4.22297e-11	1.30637e-13	1.46461e-15	2.97387e-17	1.44988e-19	2.57174e-22	1.31054e-25	1.44675e-29	7.96856e-33	2.4684e-35	1.79802e-38	1.04777e-40	4.53239e-44	1.48184e-46	4.74959e-51	4.49649e-54	8.72809e-59	3.93934e-62	9.22914e-67	2.58499e-70	2.62407e-73	
Brapum	0	0	0	0	0	0	0	0	0	0	0	0	0	0	0	0	1	0	0	0	0	0	0	0	0	0	0	0	0	0	0	0	0	0	0	0	0	0	0	0	0	
Bradam	0	0	0	0	0	0	0	0	0	0	0	0	0	0	0	0	1	0	0	0	0	0	0	0	0	0	0	0	0	0	0	0	0	0	0	0	0	0	0	0	0	
