NODE	1	2	3	4	5	6	7	8	9	10	11	12	13	14	15	16	17	18	19	20	21	22	23	24	25	26	27	28	29	30	31	32	33	34	35	36	37	38	39	40	41	
N1	1.80294e-53	3.80092e-31	1.29086e-27	9.62422e-25	2.77789e-22	3.89317e-20	2.98374e-18	1.34133e-16	3.6932e-15	6.39413e-14	7.06254e-13	5.00478e-12	2.27295e-11	6.58082e-11	1.20817e-10	0.46916	0.353304	0.177537	1.83313e-11	4.49675e-12	8.0808e-13	1.09162e-13	1.1337e-14	9.23003e-16	5.99188e-17	3.14788e-18	1.35586e-19	4.84314e-21	1.44925e-22	3.66572e-24	7.90032e-26	1.46116e-27	2.33397e-29	3.23843e-31	3.92343e-33	4.16988e-35	3.90441e-37	3.23362e-39	2.38256e-41	1.63465e-43	2.16088e-45	
Leiolep	0	0	0	0	0	0	0	0	0	0	0	0	0	0	0	0	0	1	0	0	0	0	0	0	0	0	0	0	0	0	0	0	0	0	0	0	0	0	0	0	0	
N2	4.66726e-71	4.59363e-46	4.66241e-40	9.15982e-35	6.0569e-30	1.66224e-25	2.08833e-21	1.25531e-17	3.6479e-14	5.04193e-11	3.1781e-08	8.50822e-06	0.000868549	0.0289754	0.256505	0.480113	0.207464	0.0250554	0.00099483	1.57637e-05	1.17094e-07	4.61e-10	1.05587e-12	1.51141e-15	1.43019e-18	9.35581e-22	4.38744e-25	1.51966e-28	3.98561e-32	8.08277e-36	1.29031e-39	1.64645e-43	1.70172e-47	1.44119e-51	1.01029e-55	5.91472e-60	2.91479e-64	1.21761e-68	4.33867e-73	1.3296e-77	4.85579e-82	
N3	1.25923e-68	5.12794e-44	2.39943e-38	2.24541e-33	7.33734e-29	1.03746e-24	7.04362e-21	2.41797e-17	4.28055e-14	3.8906e-11	1.76732e-08	3.80828e-06	0.000357495	0.0128117	0.144597	0.421929	0.334429	0.0792955	0.0063605	0.000212065	3.45323e-06	3.08979e-08	1.65804e-10	5.70452e-13	1.32573e-15	2.16958e-18	2.58619e-21	2.30892e-24	1.5803e-27	8.45664e-31	3.59817e-34	1.23503e-37	3.46288e-41	8.01913e-45	1.54858e-48	2.51513e-52	3.46168e-56	4.06486e-60	4.0976e-64	3.59625e-68	4.44434e-72	
N4	2.78352e-80	8.21625e-55	2.36323e-48	1.3391e-42	2.60637e-37	2.15596e-32	8.39637e-28	1.61816e-23	1.57099e-19	7.63652e-16	1.80767e-12	1.98034e-09	9.28093e-07	0.000165994	0.00967471	0.150807	0.513269	0.298876	0.0266023	0.000598555	4.79641e-06	1.71035e-08	3.15332e-11	3.34153e-14	2.20005e-17	9.54907e-21	2.86197e-24	6.14701e-28	9.75229e-32	1.1719e-35	1.08936e-39	7.97494e-44	4.66904e-48	2.21536e-52	8.61808e-57	2.77675e-61	7.47684e-66	1.6959e-70	3.26331e-75	5.363e-80	9.41852e-85	
N5	2.04844e-80	5.80193e-55	1.64685e-48	9.18313e-43	1.75454e-37	1.4219e-32	5.41886e-28	1.02193e-23	9.72513e-20	4.65361e-16	1.09312e-12	1.20448e-09	5.79945e-07	0.000109943	0.00706837	0.125671	0.488246	0.335954	0.0415752	0.00135934	1.57847e-05	8.00541e-08	2.05196e-10	2.95583e-13	2.59086e-16	1.46911e-19	5.6557e-23	1.53678e-26	3.04261e-30	4.50671e-34	5.10624e-38	4.50997e-42	3.15585e-46	1.77427e-50	8.11316e-55	3.04987e-59	9.51469e-64	2.48407e-68	5.46799e-73	1.02407e-77	2.20689e-82	
B3088	0	0	0	0	0	0	0	0	0	0	0	0	0	0	0	0	0	1	0	0	0	0	0	0	0	0	0	0	0	0	0	0	0	0	0	0	0	0	0	0	0	
N6	2.34428e-74	1.59062e-49	1.19613e-43	1.83381e-38	1.00353e-33	2.43748e-29	2.92873e-25	1.84345e-21	6.24604e-18	1.14583e-14	1.12402e-11	5.71708e-09	1.43067e-06	0.000162429	0.00740342	0.112793	0.445725	0.364656	0.0655224	0.0036534	8.23317e-05	8.99501e-07	5.41027e-09	1.96393e-11	4.60822e-14	7.36819e-17	8.36898e-20	6.98227e-23	4.39773e-26	2.13919e-29	8.19172e-33	2.51003e-36	6.24073e-40	1.27439e-43	2.16007e-47	3.06728e-51	3.67884e-55	3.75392e-59	3.28012e-63	2.47678e-67	2.48421e-71	
BGA709	0	0	0	0	0	0	0	0	0	0	0	0	0	0	0	0	0	1	0	0	0	0	0	0	0	0	0	0	0	0	0	0	0	0	0	0	0	0	0	0	0	
BGA309	0	0	0	0	0	0	0	0	0	0	0	0	0	0	0	0	0	1	0	0	0	0	0	0	0	0	0	0	0	0	0	0	0	0	0	0	0	0	0	0	0	
N7	1.75647e-85	8.34721e-60	3.86176e-53	3.58976e-47	1.17199e-41	1.66785e-36	1.15036e-31	4.06036e-27	7.50813e-23	7.28041e-19	3.63295e-15	8.96726e-12	1.02623e-08	4.9317e-06	0.000856505	0.042704	0.428379	0.488463	0.0389529	0.000636043	3.46147e-06	8.19925e-09	9.98556e-12	6.99987e-15	3.06282e-18	8.88831e-22	1.79292e-25	2.60923e-29	2.8234e-33	2.3288e-37	1.49489e-41	7.60043e-46	3.10696e-50	1.03449e-54	2.83725e-59	6.47322e-64	1.23924e-68	2.00597e-73	2.76428e-78	3.26361e-83	4.0642e-88	
N8	1.11491e-79	1.41588e-54	1.8608e-48	5.04924e-43	4.95925e-38	2.19582e-33	4.89467e-29	5.83094e-25	3.82631e-21	1.39656e-17	2.81434e-14	3.05665e-11	1.71327e-08	4.62728e-06	0.000541883	0.023318	0.280918	0.592331	0.0990408	0.00379217	5.28434e-05	3.43956e-07	1.21939e-09	2.61046e-12	3.6324e-15	3.47073e-18	2.37582e-21	1.20494e-24	4.65266e-28	1.39886e-31	3.33691e-35	6.41695e-39	1.00844e-42	1.31046e-46	1.42269e-50	1.30205e-54	1.01256e-58	6.73839e-63	3.86155e-67	1.91743e-71	1.10131e-75	
B11696	0	0	0	0	0	0	0	0	0	0	0	0	0	0	0	0	0	1	0	0	0	0	0	0	0	0	0	0	0	0	0	0	0	0	0	0	0	0	0	0	0	
B11609	0	0	0	0	0	0	0	0	0	0	0	0	0	0	0	0	0	1	0	0	0	0	0	0	0	0	0	0	0	0	0	0	0	0	0	0	0	0	0	0	0	
N9	1.44706e-82	3.63578e-70	1.16859e-62	7.69032e-56	1.71445e-49	1.60527e-43	7.00641e-38	1.50081e-32	1.60844e-27	8.58137e-23	2.21786e-18	2.63732e-14	1.32943e-10	2.50815e-07	0.000146481	0.0196918	0.382451	0.561328	0.0360758	0.000305876	6.50671e-07	4.97396e-10	1.70368e-13	3.02727e-17	3.09368e-21	1.96138e-25	8.17122e-30	2.33934e-34	4.76905e-39	7.12489e-44	7.98619e-49	6.84786e-54	4.56519e-59	2.42288e-64	1.50631e-66	4.99029e-67	8.80752e-68	8.09717e-69	3.72211e-70	8.00773e-72	8.19445e-74	
N10	3.72778e-95	8.39518e-69	1.97412e-61	9.07951e-55	1.42943e-48	9.56796e-43	3.02862e-37	4.78543e-32	3.85989e-27	1.58741e-22	3.25446e-18	3.17784e-14	1.37173e-10	2.33159e-07	0.000130279	0.0178571	0.368551	0.573107	0.0399644	0.000389647	1.00124e-06	9.6073e-10	4.25676e-13	1.0022e-16	1.38355e-20	1.20377e-24	6.97148e-29	2.8039e-33	8.09957e-38	1.72656e-42	2.77662e-47	3.43055e-52	3.30576e-57	2.51593e-62	1.60899e-67	1.12205e-69	8.53915e-71	3.40823e-72	6.6498e-74	5.71287e-76	2.13236e-78	
N11	2.27727e-82	4.54147e-57	9.2888e-51	3.91301e-45	5.95134e-40	4.06932e-35	1.39658e-30	2.55278e-26	2.55998e-22	1.42088e-18	4.32705e-15	7.04289e-12	5.84697e-09	2.2983e-06	0.000380644	0.0219743	0.316215	0.578829	0.0801793	0.00239441	2.49938e-05	1.18567e-07	3.00401e-10	4.52881e-13	4.38732e-16	2.89184e-19	1.35522e-22	4.67529e-26	1.22115e-29	2.47124e-33	3.95021e-37	5.06934e-41	5.29598e-45	4.55832e-49	3.26621e-53	1.96612e-57	1.00225e-61	4.35717e-66	1.62563e-70	5.23806e-75	1.92891e-79	
B983	0	0	0	0	0	0	0	0	0	0	0	0	0	0	0	0	0	1	0	0	0	0	0	0	0	0	0	0	0	0	0	0	0	0	0	0	0	0	0	0	0	
B11604	0	0	0	0	0	0	0	0	0	0	0	0	0	0	0	0	0	1	0	0	0	0	0	0	0	0	0	0	0	0	0	0	0	0	0	0	0	0	0	0	0	
N12	2.13173e-84	5.3956e-59	1.3737e-52	7.22604e-47	1.37702e-41	1.18416e-36	5.13251e-32	1.19042e-27	1.52301e-23	1.08536e-19	4.27636e-16	9.09055e-13	9.97552e-10	5.26633e-07	0.000119818	0.00984252	0.214962	0.691016	0.0821004	0.0019423	1.58971e-05	5.93199e-08	1.18933e-10	1.42778e-13	1.1078e-16	5.87851e-20	2.22815e-23	6.2428e-27	1.32921e-30	2.20028e-34	2.88587e-38	3.04767e-42	2.62733e-46	1.87092e-50	1.11189e-54	5.5647e-59	2.36397e-63	8.58439e-68	2.68134e-72	7.2464e-77	2.14655e-81	
BGAA1	0	0	0	0	0	0	0	0	0	0	0	0	0	0	0	0	0	1	0	0	0	0	0	0	0	0	0	0	0	0	0	0	0	0	0	0	0	0	0	0	0	
BGA584	0	0	0	0	0	0	0	0	0	0	0	0	0	0	0	0	0	1	0	0	0	0	0	0	0	0	0	0	0	0	0	0	0	0	0	0	0	0	0	0	0	
N13	1.69909e-82	3.27532e-57	6.41698e-51	2.59799e-45	3.81079e-40	2.52245e-35	8.41476e-31	1.50187e-26	1.47822e-22	8.10117e-19	2.45347e-15	4.00662e-12	3.37532e-09	1.36701e-06	0.000238461	0.0150201	0.252352	0.639834	0.0898873	0.0026394	2.71868e-05	1.28394e-07	3.26718e-10	4.98599e-13	4.92275e-16	3.32639e-19	1.60632e-22	5.73637e-26	1.55735e-29	3.28822e-33	5.50313e-37	7.41853e-41	8.1669e-45	7.42991e-49	5.64397e-53	3.61235e-57	1.96367e-61	9.13033e-66	3.6541e-70	1.26637e-74	4.91117e-79	
BGA303	0	0	0	0	0	0	0	0	0	0	0	0	0	0	0	0	0	1	0	0	0	0	0	0	0	0	0	0	0	0	0	0	0	0	0	0	0	0	0	0	0	
BGAB1	0	0	0	0	0	0	0	0	0	0	0	0	0	0	0	0	0	1	0	0	0	0	0	0	0	0	0	0	0	0	0	0	0	0	0	0	0	0	0	0	0	
PGA445	0	0	0	0	0	0	0	0	0	0	0	0	0	0	0	0	0	1	0	0	0	0	0	0	0	0	0	0	0	0	0	0	0	0	0	0	0	0	0	0	0	
N14	1.8987e-76	1.12025e-52	1.64682e-45	4.21053e-39	3.19807e-33	8.66577e-28	8.88082e-23	3.38719e-18	4.43719e-14	1.74319e-10	1.81746e-07	5.05704e-05	0.00398966	0.0885762	0.475366	0.400198	0.0315258	0.000292972	6.14689e-07	4.41296e-10	1.38911e-13	2.25e-17	2.09226e-21	1.208e-25	4.58952e-30	1.19941e-34	2.23185e-39	3.03915e-44	3.09567e-49	2.40086e-54	1.43818e-59	6.7315e-65	2.48512e-70	3.47842e-74	6.23372e-74	1.55073e-73	5.26547e-73	7.08661e-73	2.67954e-73	2.28375e-74	5.06738e-76	
N15	7.942e-60	6.3797e-35	5.15874e-29	6.54506e-24	2.18512e-19	2.27453e-15	7.78878e-12	8.726e-09	3.06667e-06	0.000319769	0.00969225	0.0924297	0.308546	0.384815	0.177391	0.0260616	0.000736376	4.96265e-06	1.36831e-08	1.94513e-11	1.62139e-14	8.61064e-18	3.08882e-21	7.81905e-25	1.44513e-28	2.00409e-32	2.13261e-36	1.77421e-40	1.18641e-44	8.16486e-47	1.78649e-47	1.66456e-48	6.88542e-50	1.2991e-51	1.15948e-53	5.37338e-56	1.54034e-58	3.30522e-61	6.07479e-64	1.02054e-66	2.05817e-69	
Rhaspe	0	0	0	0	0	0	0	0	0	1	0	0	0	0	0	0	0	0	0	0	0	0	0	0	0	0	0	0	0	0	0	0	0	0	0	0	0	0	0	0	0	
N16	2.86857e-54	3.07701e-30	4.57831e-25	1.19144e-20	9.26671e-17	2.59652e-13	2.80741e-10	1.17995e-07	1.86679e-05	0.00105348	0.0203616	0.138284	0.350895	0.344903	0.128257	0.0157746	0.000448999	4.1937e-06	1.87245e-08	4.79052e-11	7.80194e-14	8.66586e-17	6.89259e-20	4.07068e-23	1.83573e-26	6.46262e-30	1.80808e-33	4.07919e-37	7.51159e-41	1.14044e-44	1.43973e-48	1.52361e-52	9.10047e-56	2.23087e-56	3.43368e-57	2.81236e-58	1.26052e-59	3.15014e-61	4.37145e-63	3.29333e-65	2.03483e-67	
Rhamar	0	0	0	0	0	0	0	0	0	1	0	0	0	0	0	0	0	0	0	0	0	0	0	0	0	0	0	0	0	0	0	0	0	0	0	0	0	0	0	0	0	
Rhatem	0	0	0	0	0	0	0	0	0	0	1	0	0	0	0	0	0	0	0	0	0	0	0	0	0	0	0	0	0	0	0	0	0	0	0	0	0	0	0	0	0	
N17	7.9862e-62	6.66087e-48	1.43181e-43	8.19765e-40	1.03972e-36	3.35582e-34	3.73083e-29	9.54236e-24	9.34234e-19	3.18761e-14	3.2155e-10	7.81022e-07	0.000390846	0.0343499	0.4138	0.500344	0.050579	0.000534963	9.55002e-07	4.48253e-10	7.58557e-14	5.72779e-18	2.23267e-22	4.97491e-27	6.81391e-32	6.04518e-37	3.66184e-42	5.53662e-46	1.60011e-48	1.60307e-51	8.28397e-55	1.39474e-57	5.67855e-57	1.31207e-56	1.16329e-56	3.62295e-57	4.26709e-58	2.25844e-59	6.46395e-61	1.21603e-62	1.93744e-64	
N18	3.64551e-81	4.20697e-55	4.32435e-48	8.32775e-42	5.19398e-36	1.28337e-30	1.37032e-25	6.50337e-21	1.3533e-16	1.16988e-12	3.78067e-09	3.78889e-06	0.000857003	0.0411772	0.377914	0.498324	0.0796856	0.00202719	1.16171e-05	2.16719e-08	1.6977e-11	6.6175e-15	1.44368e-18	1.91945e-22	1.65802e-26	9.77747e-31	4.09405e-35	1.25654e-39	2.9017e-44	5.1528e-49	7.16685e-54	7.93044e-59	7.07582e-64	5.14992e-69	3.08848e-74	1.53967e-79	6.4299e-85	2.26476e-90	6.76835e-96	1.7255e-101	4.24424e-107	
N19	3.50836e-68	3.56984e-43	3.72484e-37	7.49501e-32	5.03965e-27	1.38908e-22	1.71736e-18	9.82766e-15	2.57473e-11	2.92505e-08	1.2828e-05	0.0017109	0.0393002	0.245037	0.460228	0.230285	0.0228524	0.000568676	5.20174e-06	2.2115e-08	5.08023e-11	6.99065e-14	6.20664e-17	3.75922e-20	1.62167e-23	5.15597e-27	1.24217e-30	2.32004e-34	3.42412e-38	4.05847e-42	3.91686e-46	3.11497e-50	2.06258e-54	1.14749e-58	5.40672e-63	2.17287e-67	7.49497e-72	2.23138e-76	5.76271e-81	1.29982e-85	3.47343e-90	
FGA379	0	0	0	0	0	0	0	0	0	0	0	0	0	0	0	0	1	0	0	0	0	0	0	0	0	0	0	0	0	0	0	0	0	0	0	0	0	0	0	0	0	
N20	5.23476e-64	4.37182e-39	3.70212e-33	5.86207e-28	2.98972e-23	5.97747e-19	5.07252e-15	1.8577e-11	2.84233e-08	1.66504e-05	0.00314694	0.135572	0.449752	0.332734	0.0735526	0.00512224	0.000103089	7.23808e-07	2.30754e-09	3.96023e-12	4.08981e-15	2.74595e-18	1.26838e-21	4.20781e-25	1.03699e-28	1.95067e-32	2.86381e-36	3.34274e-40	3.15097e-44	2.4309e-48	1.5526e-52	8.29206e-57	3.73563e-61	1.43054e-65	4.68847e-70	1.3246e-74	3.34302e-79	1.0658e-83	9.15308e-88	1.14593e-91	1.81892e-95	
N21	5.34125e-70	2.62708e-44	1.17903e-37	9.57085e-32	2.41529e-26	2.29664e-21	8.84407e-17	1.38466e-12	8.337e-09	1.68757e-05	0.00856373	0.42723	0.475706	0.0856475	0.00281281	2.29873e-05	5.79986e-08	5.87211e-11	2.89772e-14	7.95264e-18	1.33042e-21	1.44947e-25	1.08039e-29	5.72097e-34	2.2164e-38	6.43009e-43	1.42312e-47	2.43883e-52	3.27542e-57	2.4423e-59	3.77894e-58	2.28624e-57	5.44527e-57	4.81488e-57	1.35691e-57	8.70714e-59	6.06439e-61	1.00705e-63	1.46427e-66	1.97207e-69	2.92086e-72	
N22	5.53247e-74	1.13257e-47	1.99358e-40	5.996e-34	5.2488e-28	1.60003e-22	1.79139e-17	7.18826e-13	9.35272e-09	3.20284e-05	0.0188845	0.664709	0.301348	0.0149186	0.000107684	1.66121e-07	7.59012e-11	1.38889e-14	1.24374e-18	6.21876e-23	1.90127e-27	3.79417e-32	5.18824e-37	5.04481e-42	3.58995e-47	1.91241e-52	7.76457e-58	2.4372e-63	6.00305e-69	1.68643e-70	4.81486e-70	5.49867e-70	3.83741e-68	5.0012e-65	1.38262e-62	5.70942e-61	1.7523e-60	4.4825e-61	4.20388e-62	1.6993e-63	4.95811e-65	
F3015	0	0	0	0	0	0	0	0	0	0	1	0	0	0	0	0	0	0	0	0	0	0	0	0	0	0	0	0	0	0	0	0	0	0	0	0	0	0	0	0	0	
N23	1.96879e-74	4.70282e-48	9.59427e-41	3.3442e-34	3.39171e-28	1.19647e-22	1.54496e-17	7.09229e-13	1.03704e-08	3.843e-05	0.0227107	0.742817	0.229114	0.00530402	1.51414e-05	9.43022e-09	1.99756e-12	1.89892e-16	9.58704e-21	2.86895e-25	5.4903e-30	7.09741e-35	6.45575e-40	4.26203e-45	2.09181e-50	7.77661e-56	2.22213e-61	4.93632e-67	8.59979e-73	2.26833e-78	7.02566e-78	2.59218e-73	3.16882e-69	8.96075e-66	4.79045e-63	3.17535e-61	8.8997e-61	9.44883e-62	3.71101e-63	9.39256e-65	2.33049e-66	
N24	4.88801e-74	8.36546e-48	1.24144e-40	3.26657e-34	2.60688e-28	7.59188e-23	8.57298e-18	3.69846e-13	5.5805e-09	2.41877e-05	0.0195675	0.791743	0.186293	0.00236848	4.1592e-06	2.08938e-09	4.31096e-13	4.48269e-17	2.6728e-21	9.97441e-26	2.47993e-30	4.30248e-35	5.39526e-40	5.02565e-45	3.55312e-50	1.93954e-55	8.28683e-61	2.80159e-66	7.55917e-72	1.63894e-77	9.23042e-82	1.21142e-82	7.60898e-84	2.04619e-85	2.02012e-87	5.47998e-90	2.48198e-93	3.26098e-97	2.22879e-101	1.20989e-105	6.42378e-110	
N25	2.04271e-65	4.29377e-53	3.99829e-47	1.02952e-39	7.50544e-33	1.86182e-26	1.65978e-20	5.16327e-15	4.97001e-10	1.13266e-05	0.0329494	0.918902	0.0480713	6.64912e-05	1.23069e-08	6.50946e-13	1.40139e-17	1.49686e-22	8.96938e-28	3.27123e-33	7.68278e-39	1.2238e-44	8.65296e-48	1.01414e-49	6.58268e-53	1.33801e-56	2.13082e-60	2.96387e-64	3.63734e-68	3.95996e-72	3.84176e-76	3.33361e-80	2.59515e-84	1.81696e-88	1.14633e-92	6.52692e-97	3.35772e-101	1.56345e-105	6.66156e-110	2.81045e-114	1.73416e-118	
N26	7.77089e-75	9.05901e-52	5.16262e-44	5.57566e-37	1.68418e-30	1.72247e-24	6.34299e-19	8.23065e-14	3.37309e-09	3.38688e-05	0.0457992	0.909602	0.0444844	8.08279e-05	2.30361e-08	2.07578e-12	8.16162e-17	1.67085e-21	1.98355e-26	1.46474e-31	7.05096e-37	2.28242e-42	2.96528e-47	9.72494e-49	3.54437e-51	8.98819e-55	1.51461e-58	2.10708e-62	2.444e-66	3.6524e-70	3.24529e-68	3.54607e-66	1.70386e-64	3.46994e-63	2.66311e-62	5.66867e-62	5.78e-63	1.60268e-64	3.23139e-66	6.03425e-68	1.16056e-69	
F1476	0	0	0	0	0	0	0	0	0	0	1	0	0	0	0	0	0	0	0	0	0	0	0	0	0	0	0	0	0	0	0	0	0	0	0	0	0	0	0	0	0	
N27	2.90733e-77	1.30279e-50	4.84241e-43	3.14552e-36	6.11001e-30	4.26838e-24	1.13753e-18	1.13479e-13	3.84313e-09	3.54108e-05	0.0526551	0.889146	0.0578334	0.000330123	2.29437e-07	4.66408e-11	3.97188e-15	1.72309e-19	4.30236e-24	6.71433e-29	6.94494e-34	4.97135e-39	2.5444e-44	9.54678e-50	2.67715e-55	5.69511e-61	9.29661e-67	1.17529e-72	1.21096e-78	1.20291e-79	1.54451e-74	1.06677e-69	1.682e-65	5.35901e-62	2.56508e-59	9.24293e-58	2.39758e-58	5.815e-60	1.19103e-61	2.30677e-63	4.59766e-65	
Furcep	0	0	0	0	0	0	0	0	0	0	0	0	0	1	0	0	0	0	0	0	0	0	0	0	0	0	0	0	0	0	0	0	0	0	0	0	0	0	0	0	0	
N28	7.8745e-72	1.04851e-45	1.19401e-38	2.39292e-32	1.44117e-26	3.13161e-21	2.60125e-16	8.10366e-12	8.60628e-08	0.000251967	0.125114	0.838198	0.0362963	0.000139594	1.14772e-07	3.48555e-11	5.07882e-15	4.13414e-19	2.07522e-23	6.88144e-28	1.58505e-32	2.63402e-37	3.25197e-42	3.0526e-47	2.21922e-52	1.26816e-57	5.7648e-63	2.1047e-68	6.21856e-74	1.49579e-79	9.32449e-84	3.99194e-84	9.1029e-85	1.02257e-85	5.10489e-87	9.03874e-89	2.82744e-91	4.70591e-95	4.88927e-99	4.43447e-103	3.97109e-107	
Furpol	0	0	0	0	0	0	0	0	0	0	0	1	0	0	0	0	0	0	0	0	0	0	0	0	0	0	0	0	0	0	0	0	0	0	0	0	0	0	0	0	0	
N29	2.47538e-67	1.45014e-41	7.32439e-35	6.56333e-29	1.77359e-23	1.72584e-18	6.36251e-14	8.62946e-10	3.84403e-06	0.0043692	0.685747	0.3062	0.00367258	7.69126e-06	5.50659e-09	1.81548e-12	3.26368e-16	3.56657e-20	2.55548e-24	1.26901e-28	4.55614e-33	1.2226e-37	2.51831e-42	4.06965e-47	5.2542e-52	5.50292e-57	4.73653e-62	3.38809e-67	2.03363e-72	1.03291e-77	4.47231e-83	1.66148e-88	5.32653e-94	1.48112e-99	3.58837e-105	7.60536e-111	1.41521e-116	2.31954e-122	3.35825e-128	4.30611e-134	5.36262e-140	
N30	6.51543e-68	4.91604e-42	3.1435e-35	3.54738e-29	1.19867e-23	1.44409e-18	6.49515e-14	1.05028e-09	5.36322e-06	0.00647827	0.898028	0.0950681	0.000420159	4.35578e-07	1.73714e-10	3.40431e-14	3.79329e-18	2.64659e-22	1.2378e-26	4.08184e-31	9.86624e-36	1.80231e-40	2.55035e-45	2.85267e-50	2.56507e-55	1.8806e-60	1.13784e-65	5.74054e-71	2.43662e-76	8.76924e-82	2.69418e-87	7.10831e-93	1.61906e-98	3.19833e-104	5.50211e-110	8.27286e-116	1.09068e-121	1.26443e-127	1.29223e-133	1.16683e-139	1.00505e-145	
F2241	0	0	0	0	0	0	0	0	0	0	1	0	0	0	0	0	0	0	0	0	0	0	0	0	0	0	0	0	0	0	0	0	0	0	0	0	0	0	0	0	0	
Furang	0	0	0	0	0	0	0	0	0	0	1	0	0	0	0	0	0	0	0	0	0	0	0	0	0	0	0	0	0	0	0	0	0	0	0	0	0	0	0	0	0	
FGA490	0	0	0	0	0	0	0	0	0	0	1	0	0	0	0	0	0	0	0	0	0	0	0	0	0	0	0	0	0	0	0	0	0	0	0	0	0	0	0	0	0	
N31	8.92074e-76	3.13128e-49	8.98033e-42	4.52033e-35	6.7896e-29	3.63364e-23	7.28764e-18	5.31703e-13	1.26081e-08	7.60928e-05	0.0669754	0.918318	0.0146144	1.6543e-05	4.627e-09	5.00545e-13	2.64411e-17	7.8621e-22	1.44716e-26	1.7643e-31	1.498e-36	9.20551e-42	4.22002e-47	1.47854e-52	4.03799e-58	8.73686e-64	1.51796e-69	2.1418e-75	2.47767e-81	2.36883e-87	1.88448e-93	1.25461e-99	7.02375e-106	3.31988e-112	1.32927e-118	4.52071e-125	1.30867e-131	3.2298e-138	6.80348e-145	1.224e-151	1.96854e-158	
N32	2.26294e-74	5.1164e-48	9.84443e-41	3.3581e-34	3.459e-28	1.28783e-22	1.82914e-17	9.66896e-13	1.7124e-08	8.05329e-05	0.0588995	0.926048	0.0149504	2.14999e-05	7.95786e-09	1.16297e-12	8.4223e-17	3.47455e-21	8.96412e-26	1.54555e-30	1.87076e-35	1.65087e-40	1.09409e-45	5.57639e-51	2.22852e-56	7.09511e-62	1.82363e-67	3.82627e-73	6.61519e-79	9.49901e-85	1.14052e-90	1.15156e-96	9.82471e-103	7.1115e-109	4.382e-115	2.30491e-121	1.03723e-127	4.00123e-134	1.32914e-140	3.92419e-147	1.37655e-153	
N33	7.49525e-81	6.95671e-54	5.16347e-46	6.69026e-39	2.58187e-32	3.55889e-26	1.85349e-20	3.57074e-15	2.30694e-10	4.03408e-06	0.011864	0.957052	0.031008	7.1473e-05	1.98184e-08	1.65519e-12	5.91617e-17	1.09457e-21	1.18091e-26	8.05757e-32	3.68588e-37	1.18066e-42	2.738e-48	4.71832e-54	6.16795e-60	6.21795e-66	4.89813e-72	3.04693e-78	1.50923e-84	5.60365e-90	3.24206e-90	8.82263e-91	1.03706e-91	5.14525e-93	9.89979e-95	6.08648e-97	7.40364e-100	4.69861e-104	2.52459e-108	1.24269e-112	5.79469e-117	
N34	2.15114e-76	5.87951e-50	1.3436e-42	5.45673e-36	6.74363e-30	3.05612e-24	5.41015e-19	3.70163e-14	9.02903e-10	6.54828e-06	0.00956951	0.967619	0.0227627	4.23012e-05	1.87156e-08	3.12885e-12	2.52034e-16	1.1332e-20	3.13414e-25	5.70784e-30	7.19465e-35	6.51724e-40	4.36757e-45	2.21525e-50	8.65828e-56	2.64531e-61	6.38943e-67	1.23085e-72	1.90362e-78	2.3755e-84	5.5847e-88	2.18319e-88	4.15398e-89	3.56228e-90	1.18399e-91	1.08726e-93	6.93618e-97	4.97608e-101	2.70214e-105	1.30915e-109	6.07708e-114	
N35	1.26981e-73	1.56271e-47	1.65643e-40	3.20408e-34	1.93614e-28	4.40859e-23	4.04075e-18	1.48404e-13	2.03972e-09	8.98718e-06	0.00920324	0.975228	0.015529	3.05769e-05	1.78245e-08	4.43066e-12	5.73182e-16	4.37178e-20	2.14019e-24	7.14952e-29	1.7066e-33	3.01676e-38	4.06301e-43	4.2665e-48	3.5602e-53	2.39861e-58	1.32239e-63	6.03471e-69	2.30211e-74	7.40414e-80	2.02269e-85	4.724e-91	9.48626e-97	1.64614e-102	2.47945e-108	3.25433e-114	3.73504e-120	3.76004e-126	3.32917e-132	2.5988e-138	1.92567e-144	
FGA456	0	0	0	0	0	0	0	0	0	0	0	1	0	0	0	0	0	0	0	0	0	0	0	0	0	0	0	0	0	0	0	0	0	0	0	0	0	0	0	0	0	
FGA513	0	0	0	0	0	0	0	0	0	0	0	1	0	0	0	0	0	0	0	0	0	0	0	0	0	0	0	0	0	0	0	0	0	0	0	0	0	0	0	0	0	
F12278	0	0	0	0	0	0	0	0	0	0	0	1	0	0	0	0	0	0	0	0	0	0	0	0	0	0	0	0	0	0	0	0	0	0	0	0	0	0	0	0	0	
N36	1.29967e-73	1.25667e-47	1.06788e-40	1.68455e-34	8.47588e-29	1.64915e-23	1.33511e-18	4.52562e-14	6.1044e-10	2.8954e-06	0.00373827	0.707588	0.27459	0.0140526	2.78777e-05	1.68551e-08	4.58127e-12	6.76769e-16	6.09559e-20	3.61712e-24	1.49523e-28	4.4905e-33	1.01232e-37	1.75836e-42	2.40375e-47	2.632e-52	2.34259e-57	1.71606e-62	1.04575e-67	5.35021e-73	2.31644e-78	8.54663e-84	2.70353e-89	7.37143e-95	1.7406e-100	3.5742e-106	6.40599e-112	1.00539e-117	1.38569e-123	1.68149e-129	1.95817e-135	
Furant	0	0	0	0	0	0	0	0	0	0	0	1	0	0	0	0	0	0	0	0	0	0	0	0	0	0	0	0	0	0	0	0	0	0	0	0	0	0	0	0	0	
FGA331	0	0	0	0	0	0	0	0	0	0	0	0	0	1	0	0	0	0	0	0	0	0	0	0	0	0	0	0	0	0	0	0	0	0	0	0	0	0	0	0	0	
FGA465	0	0	0	0	0	0	0	0	0	0	1	0	0	0	0	0	0	0	0	0	0	0	0	0	0	0	0	0	0	0	0	0	0	0	0	0	0	0	0	0	0	
N37	3.34383e-69	2.82714e-43	2.04156e-36	2.60829e-30	1.00246e-24	1.38446e-19	7.23131e-15	1.388e-10	8.75261e-07	0.00141558	0.32602	0.666378	0.00617569	1.00139e-05	5.48231e-09	1.36611e-12	1.83861e-16	1.49268e-20	7.89385e-25	2.8767e-29	7.53971e-34	1.46958e-38	2.18788e-43	2.54277e-48	2.34886e-53	1.75069e-58	1.06631e-63	5.36512e-69	2.25076e-74	7.93613e-80	2.36822e-85	6.01703e-91	1.30846e-96	2.44643e-102	3.9484e-108	5.51975e-114	6.70377e-120	7.09139e-126	6.54794e-132	5.28747e-138	4.06039e-144	
FGA99	0	0	0	0	0	0	0	0	0	0	1	0	0	0	0	0	0	0	0	0	0	0	0	0	0	0	0	0	0	0	0	0	0	0	0	0	0	0	0	0	0	
N38	5.68371e-69	4.4287e-43	2.95614e-36	3.51132e-30	1.26292e-24	1.64459e-19	8.172e-15	1.50841e-10	9.27249e-07	0.0014889	0.350034	0.643043	0.00542482	8.35149e-06	4.47467e-09	1.11554e-12	1.52732e-16	1.27799e-20	7.04005e-25	2.69615e-29	7.48236e-34	1.55439e-38	2.48089e-43	3.10734e-48	3.10837e-53	2.52017e-58	1.67682e-63	9.25386e-69	4.27469e-74	1.66594e-79	5.5153e-85	1.56035e-90	3.79215e-96	7.95308e-102	1.44511e-107	2.28292e-113	3.14498e-119	3.78808e-125	3.99824e-131	3.70517e-137	3.2811e-143	
FGA15	0	0	0	0	0	0	0	0	0	0	1	0	0	0	0	0	0	0	0	0	0	0	0	0	0	0	0	0	0	0	0	0	0	0	0	0	0	0	0	0	0	
FGA581	0	0	0	0	0	0	0	0	0	0	0	1	0	0	0	0	0	0	0	0	0	0	0	0	0	0	0	0	0	0	0	0	0	0	0	0	0	0	0	0	0	
FGA104	0	0	0	0	0	0	0	0	0	0	0	0	1	0	0	0	0	0	0	0	0	0	0	0	0	0	0	0	0	0	0	0	0	0	0	0	0	0	0	0	0	
FGA489	0	0	0	0	0	0	0	0	0	0	1	0	0	0	0	0	0	0	0	0	0	0	0	0	0	0	0	0	0	0	0	0	0	0	0	0	0	0	0	0	0	
FGA174	0	0	0	0	0	0	0	0	0	0	0	0	0	1	0	0	0	0	0	0	0	0	0	0	0	0	0	0	0	0	0	0	0	0	0	0	0	0	0	0	0	
FurbGB	0	0	0	0	0	0	0	0	0	0	0	1	0	0	0	0	0	0	0	0	0	0	0	0	0	0	0	0	0	0	0	0	0	0	0	0	0	0	0	0	0	
N39	1.21025e-80	8.22151e-55	5.34942e-48	6.70346e-42	2.80895e-36	4.84132e-31	3.77062e-26	1.37805e-21	2.36243e-17	1.83493e-13	5.98921e-10	7.18003e-07	0.00025134	0.0197838	0.278721	0.547465	0.146492	0.00720066	8.58224e-05	3.41595e-07	5.74011e-10	4.79286e-13	2.23242e-16	6.31408e-20	1.15627e-23	1.44098e-27	1.27141e-31	8.20051e-36	3.96957e-40	1.47401e-44	4.27679e-49	9.84921e-54	1.82466e-58	2.75099e-63	3.40951e-68	3.50425e-73	3.00977e-78	2.17485e-83	1.33004e-88	6.9296e-94	3.90024e-99	
N40	4.44253e-76	8.41574e-51	1.58862e-44	5.9554e-39	7.72815e-34	4.29242e-29	1.12907e-24	1.47506e-20	9.70594e-17	3.17571e-13	4.96556e-10	3.44963e-07	9.43318e-05	0.00831055	0.169757	0.544209	0.252151	0.0248151	0.000656354	6.35326e-06	2.80063e-08	6.52184e-11	8.90512e-14	7.69489e-17	4.4581e-20	1.81146e-23	5.35091e-27	1.18309e-30	2.00571e-34	2.66043e-38	2.80868e-42	2.39485e-46	1.67023e-50	9.63327e-55	4.63932e-59	1.88149e-63	6.47409e-68	1.90275e-72	4.80504e-77	1.04891e-81	2.56399e-86	
N41	7.54118e-82	3.10773e-56	1.27581e-49	1.04625e-43	2.9943e-38	3.70775e-33	2.20506e-28	6.63232e-24	1.0285e-19	8.17631e-16	3.23449e-12	6.00748e-09	4.74601e-06	0.00134712	0.0990578	0.642868	0.241373	0.0151261	0.000221896	1.12436e-06	2.52797e-09	2.9652e-12	2.02664e-15	8.73786e-19	2.52155e-22	5.09763e-26	7.48417e-30	8.2145e-34	6.90223e-38	4.52818e-42	2.35814e-46	9.88585e-51	3.37647e-55	9.49273e-60	2.2165e-64	4.33164e-69	7.13299e-74	9.95649e-79	1.22832e-83	5.11411e-88	1.3734e-91	
CGA312	0	0	0	0	0	0	0	0	0	0	0	0	0	0	0	0	0	1	0	0	0	0	0	0	0	0	0	0	0	0	0	0	0	0	0	0	0	0	0	0	0	
N42	8.20794e-97	7.43719e-70	5.77271e-62	8.45194e-55	4.07652e-48	8.01738e-42	7.11486e-36	2.98488e-30	5.9884e-25	5.64658e-20	2.38649e-15	4.14798e-11	2.56162e-07	0.000433352	0.115152	0.715857	0.164988	0.00355816	1.05564e-05	7.81857e-09	2.08183e-12	2.49296e-16	1.55435e-20	5.5838e-25	1.24338e-29	1.81227e-34	1.80235e-39	1.2631e-44	6.39656e-50	2.38733e-55	6.66718e-61	1.40931e-66	2.35755e-72	7.16596e-74	5.83476e-73	2.04434e-72	2.74854e-72	1.1652e-72	1.00169e-73	5.02471e-76	2.23414e-79	
N43	3.90405e-80	4.31901e-65	1.12086e-59	4.69704e-55	1.42511e-51	9.27116e-49	3.20544e-42	1.87712e-35	4.79357e-29	5.19273e-23	2.22192e-17	3.27891e-12	1.29608e-07	0.000810848	0.191826	0.749241	0.0580285	9.37503e-05	1.3751e-08	4.61134e-13	5.49595e-18	2.96037e-23	8.33483e-29	1.34772e-34	1.33373e-40	8.47242e-47	5.33837e-51	1.78435e-53	7.34644e-57	6.77816e-61	3.73585e-65	1.74124e-68	4.91162e-67	7.37924e-66	6.43091e-65	1.75207e-60	6.40055e-56	4.53139e-52	3.91285e-49	2.38575e-47	2.90663e-46	
N44	1.93843e-84	1.50117e-64	7.0419e-59	1.66177e-54	2.35483e-51	5.87424e-46	2.15739e-39	3.54351e-33	2.65636e-27	8.97114e-22	1.29885e-16	7.2948e-12	1.31692e-07	0.000523427	0.171457	0.758696	0.0691418	0.000181868	6.98041e-08	7.5764e-12	3.252e-16	6.69162e-21	7.44587e-26	4.852e-31	1.95295e-36	5.11114e-42	3.95333e-45	1.27361e-47	4.44065e-51	6.84094e-55	8.00837e-59	7.68444e-63	8.14218e-66	2.81959e-64	5.4322e-63	5.2695e-62	2.44301e-61	4.91107e-61	3.58478e-61	6.84621e-62	2.90634e-63	
N45	2.24888e-86	4.84955e-69	1.65173e-61	1.10432e-54	2.53661e-48	2.48567e-42	1.15504e-36	2.68307e-31	3.17867e-26	1.91028e-21	5.65109e-17	7.75436e-13	4.46038e-09	9.06249e-06	0.00476687	0.337465	0.631328	0.0263627	6.86978e-05	4.88202e-08	1.42786e-11	2.11824e-15	1.81116e-19	9.72731e-24	3.49e-28	8.75799e-33	1.59248e-37	2.15727e-42	2.22616e-47	1.78177e-52	1.12249e-57	5.63383e-63	2.27527e-68	1.30234e-72	2.13222e-72	2.03587e-72	1.05394e-72	2.85349e-73	3.76919e-74	2.12803e-75	4.27913e-77	
CGA642	0	0	0	0	0	0	0	0	0	0	0	0	0	0	0	0	1	0	0	0	0	0	0	0	0	0	0	0	0	0	0	0	0	0	0	0	0	0	0	0	0	
N46	1.28948e-99	9.05694e-73	5.68181e-65	7.01046e-58	2.97649e-51	5.39828e-45	4.64696e-39	2.00065e-33	4.39269e-28	4.88908e-23	2.67484e-18	6.77375e-14	7.17196e-10	2.67542e-06	0.00257889	0.330397	0.6293	0.0376432	7.76665e-05	3.98754e-08	8.01499e-12	7.90499e-16	4.38737e-20	1.50223e-24	3.38845e-29	5.2874e-34	5.92623e-39	4.91409e-44	3.08679e-49	1.49728e-54	5.69719e-60	1.7227e-65	4.18433e-71	1.17219e-76	2.25747e-78	8.4018e-80	1.73167e-81	1.85618e-83	9.3151e-86	1.82077e-88	1.0794e-91	
CGA763	0	0	0	0	0	0	0	0	0	0	0	0	0	0	0	1	0	0	0	0	0	0	0	0	0	0	0	0	0	0	0	0	0	0	0	0	0	0	0	0	0	
C601	0	0	0	0	0	0	0	0	0	0	0	0	0	0	0	0	0	1	0	0	0	0	0	0	0	0	0	0	0	0	0	0	0	0	0	0	0	0	0	0	0	
N47	1.46365e-95	1.09322e-68	7.24534e-61	9.13872e-54	3.82921e-47	6.59347e-41	5.15837e-35	1.9185e-29	3.42375e-24	2.87053e-19	1.07112e-14	1.61197e-10	8.25239e-07	0.00105519	0.177698	0.746678	0.074191	0.000376654	3.6978e-07	1.18294e-10	1.63193e-14	1.15277e-18	4.67379e-23	1.17859e-27	1.96059e-32	2.24935e-37	1.84203e-42	1.10618e-47	4.97677e-53	1.70645e-58	4.52106e-64	9.36391e-70	1.53717e-75	3.24551e-81	5.73711e-82	1.48099e-82	1.91032e-83	1.10714e-84	2.29344e-86	8.80664e-89	2.85967e-92	
CGA236	0	0	0	0	0	0	0	0	0	0	0	0	0	0	0	0	1	0	0	0	0	0	0	0	0	0	0	0	0	0	0	0	0	0	0	0	0	0	0	0	0	
N48	1.25429e-85	1.55801e-59	1.80992e-52	4.11339e-46	3.18412e-40	1.03619e-34	1.56435e-29	1.14463e-24	4.09256e-20	6.99718e-16	5.42144e-12	1.72868e-08	1.92534e-05	0.00561283	0.248983	0.680244	0.0645092	0.000630004	1.50154e-06	1.32869e-09	5.54977e-13	1.27137e-16	1.76738e-20	1.60233e-24	9.99607e-29	4.47169e-33	1.48185e-37	3.73429e-42	7.3113e-47	1.13213e-51	1.40737e-56	1.42242e-61	1.18155e-66	8.14176e-72	4.69146e-77	2.27636e-82	9.35702e-88	3.27552e-93	9.80962e-99	2.52389e-104	6.46096e-110	
N49	3.96343e-81	2.06866e-55	1.02802e-48	1.01994e-42	3.52273e-37	5.23867e-32	3.71169e-27	1.31368e-22	2.35291e-18	2.1001e-14	8.92313e-11	1.65357e-07	0.000113795	0.0207588	0.275405	0.565331	0.131903	0.00645412	3.45894e-05	6.3472e-08	5.51519e-11	2.68051e-14	8.08213e-18	1.62316e-21	2.28709e-25	2.35225e-29	1.82178e-33	1.08949e-37	5.13596e-42	1.94165e-46	5.9729e-51	1.51378e-55	3.19489e-60	5.66767e-65	8.52006e-70	1.09314e-74	1.20463e-79	1.14658e-84	9.4733e-90	6.82521e-95	5.00514e-100	
Calboe	0	0	0	0	0	0	0	0	0	0	0	0	0	1	0	0	0	0	0	0	0	0	0	0	0	0	0	0	0	0	0	0	0	0	0	0	0	0	0	0	0	
C3125	0	0	0	0	0	0	0	0	0	0	0	0	0	0	0	0	0	1	0	0	0	0	0	0	0	0	0	0	0	0	0	0	0	0	0	0	0	0	0	0	0	
CGA429	0	0	0	0	0	0	0	0	0	0	0	0	0	0	1	0	0	0	0	0	0	0	0	0	0	0	0	0	0	0	0	0	0	0	0	0	0	0	0	0	0	
N50	7.3132e-92	2.4499e-65	1.59999e-57	1.91536e-50	7.32651e-44	1.10477e-37	7.22855e-32	2.13246e-26	2.833e-21	1.63315e-16	3.77379e-12	3.03685e-08	6.6396e-05	0.0244229	0.498044	0.463669	0.0137808	1.6488e-05	5.14549e-09	6.44234e-13	4.01291e-17	1.41675e-21	3.09245e-26	4.43807e-31	4.38138e-36	3.07879e-41	1.58086e-46	6.053e-52	1.75572e-57	3.90482e-63	6.72004e-69	2.82962e-73	6.01644e-74	6.27797e-75	3.14019e-76	1.41917e-73	1.04607e-69	1.59248e-66	3.32209e-64	4.68284e-63	3.64159e-63	
C984	0	0	0	0	0	0	0	0	0	0	0	0	0	1	0	0	0	0	0	0	0	0	0	0	0	0	0	0	0	0	0	0	0	0	0	0	0	0	0	0	0	
N51	1.10429e-84	1.69241e-58	2.37551e-51	6.35055e-45	5.62967e-39	2.04125e-33	3.33548e-28	2.55872e-23	9.24688e-19	1.52859e-14	1.0812e-10	2.90351e-07	0.000240037	0.0410161	0.574836	0.375225	0.008662	2.03163e-05	1.51825e-08	5.08896e-12	9.1443e-16	9.84232e-20	6.8442e-24	3.24744e-28	1.09535e-32	2.71078e-37	5.04654e-42	7.20944e-47	8.03156e-52	7.06882e-57	4.96739e-62	2.81081e-67	1.28973e-72	2.42608e-76	8.649e-77	1.68545e-77	1.64681e-78	7.17542e-80	1.12122e-81	4.08877e-84	4.74442e-87	
CGA310	0	0	0	0	0	0	0	0	0	0	0	0	0	0	1	0	0	0	0	0	0	0	0	0	0	0	0	0	0	0	0	0	0	0	0	0	0	0	0	0	0	
N52	7.57389e-77	2.67745e-51	9.00041e-45	5.94899e-39	1.34449e-33	1.2807e-28	5.66519e-24	1.21332e-19	1.26498e-15	6.25548e-12	1.38014e-08	1.21518e-05	0.00349166	0.216506	0.689021	0.0897274	0.00123667	4.8894e-06	8.12526e-09	6.95893e-12	3.48653e-15	1.11378e-18	2.41418e-22	3.72097e-26	4.22969e-30	3.65078e-34	2.4502e-38	1.3041e-42	5.59624e-47	1.96368e-51	5.70275e-56	1.3851e-60	2.83942e-65	4.95239e-70	7.40141e-75	9.53807e-80	1.06582e-84	1.03793e-89	8.84828e-95	6.6306e-100	5.10263e-105	
CGA365	0	0	0	0	0	0	0	0	0	0	0	0	0	0	1	0	0	0	0	0	0	0	0	0	0	0	0	0	0	0	0	0	0	0	0	0	0	0	0	0	0	
CGA494	0	0	0	0	0	0	0	0	0	0	0	0	0	1	0	0	0	0	0	0	0	0	0	0	0	0	0	0	0	0	0	0	0	0	0	0	0	0	0	0	0	
N53	4.93723e-86	2.34577e-66	4.88442e-59	2.00779e-52	2.8532e-46	1.7418e-40	5.08169e-35	7.4769e-30	5.66708e-25	2.20393e-20	4.27459e-16	3.90273e-12	1.51752e-08	2.11357e-05	0.00760861	0.336228	0.546081	0.107411	0.00264267	8.51765e-06	8.56841e-09	3.76947e-12	8.70612e-16	1.18423e-19	1.02632e-23	5.99929e-28	2.46883e-32	7.39366e-37	1.65418e-41	2.82353e-46	3.74025e-51	3.89907e-56	3.23564e-61	6.03658e-65	9.05246e-65	7.51534e-65	3.25964e-65	7.02993e-66	6.85226e-67	2.49325e-68	2.42948e-70	
N54	5.75722e-95	2.03252e-68	6.50296e-61	4.08977e-54	8.8452e-48	8.1656e-42	3.57481e-36	7.81891e-31	8.7097e-26	4.90877e-21	1.35597e-16	1.72505e-12	9.08747e-09	1.65194e-05	0.00735781	0.360048	0.540016	0.0914636	0.00109586	2.08618e-06	1.26633e-09	3.37132e-13	4.71224e-17	3.8791e-21	2.03589e-25	7.21671e-30	1.80459e-34	3.2925e-39	4.50187e-44	4.7133e-49	3.84539e-54	2.4803e-59	1.27996e-64	5.33726e-70	1.863e-75	2.62676e-78	7.90613e-80	1.2963e-81	1.05446e-83	3.59099e-86	3.96098e-89	
C12265	0	0	0	0	0	0	0	0	0	0	0	0	0	0	0	0	0	1	0	0	0	0	0	0	0	0	0	0	0	0	0	0	0	0	0	0	0	0	0	0	0	
N55	3.47227e-70	3.1948e-56	8.2155e-52	4.49657e-49	3.65774e-47	6.39972e-45	8.97234e-39	6.81705e-33	2.50552e-27	4.43873e-22	3.67103e-17	1.32483e-12	1.84634e-08	7.93674e-05	0.0650551	0.904817	0.0299389	0.000109004	5.6171e-08	8.98663e-12	6.21592e-16	2.22381e-20	4.59533e-25	5.90133e-30	4.95366e-35	2.90681e-40	2.00303e-42	1.43477e-43	2.06553e-45	1.69726e-48	1.17208e-51	7.16319e-55	3.90517e-58	1.91125e-61	8.44365e-65	3.38338e-68	1.23479e-71	4.11951e-75	1.2604e-78	3.54666e-82	9.84042e-86	
C404	0	0	0	0	0	0	0	0	0	0	0	0	0	0	1	0	0	0	0	0	0	0	0	0	0	0	0	0	0	0	0	0	0	0	0	0	0	0	0	0	0	
N56	4.06036e-89	2.31504e-64	8.69969e-59	3.20866e-54	1.44199e-50	3.09152e-46	6.26447e-40	6.21564e-34	3.01332e-28	7.10084e-23	7.8623e-18	3.81156e-13	7.12145e-09	4.05806e-05	0.0428757	0.937637	0.0194133	3.313e-05	1.0309e-08	1.08085e-12	5.12088e-17	1.29589e-21	1.94577e-26	1.86008e-31	1.18941e-36	5.27081e-42	2.0943e-47	3.83818e-50	2.07843e-53	4.83015e-57	7.83307e-61	1.06224e-64	1.23695e-68	1.24514e-72	1.08934e-76	8.32245e-81	5.57561e-85	3.28771e-89	1.7119e-93	7.89421e-98	3.41758e-102	
Cl11778	0	0	0	0	0	0	0	0	0	0	0	0	0	0	0	1	0	0	0	0	0	0	0	0	0	0	0	0	0	0	0	0	0	0	0	0	0	0	0	0	0	
CGA48	0	0	0	0	0	0	0	0	0	0	0	0	0	0	0	1	0	0	0	0	0	0	0	0	0	0	0	0	0	0	0	0	0	0	0	0	0	0	0	0	0	
C3126	0	0	0	0	0	0	0	0	0	0	0	0	0	0	0	0	0	0	1	0	0	0	0	0	0	0	0	0	0	0	0	0	0	0	0	0	0	0	0	0	0	
N57	2.28952e-73	1.25061e-62	7.45476e-56	1.14823e-49	6.11976e-44	1.40348e-38	1.54266e-33	8.59318e-29	2.48595e-24	3.74044e-20	2.87174e-16	1.07988e-12	1.85874e-09	1.32011e-06	0.000331488	0.0236194	0.357143	0.577585	0.0409078	0.00041086	1.26008e-06	1.64847e-09	1.10927e-12	4.32658e-16	1.06226e-19	1.74326e-23	2.00095e-27	1.66395e-31	1.03087e-35	4.86639e-40	1.78293e-44	5.14718e-49	1.1857e-53	2.20283e-58	2.19589e-61	6.87603e-61	1.22647e-60	1.20439e-60	6.26581e-61	1.61515e-61	2.30612e-62	
CGA311	0	0	0	0	0	0	0	0	0	0	0	0	0	0	0	0	0	1	0	0	0	0	0	0	0	0	0	0	0	0	0	0	0	0	0	0	0	0	0	0	0	
N58	2.33745e-96	7.65831e-70	2.28376e-62	1.3313e-55	2.64894e-49	2.22866e-43	8.79216e-38	1.71083e-32	1.6726e-27	8.16962e-23	1.93955e-18	2.12699e-14	9.94716e-11	1.76075e-07	9.89485e-05	0.0136967	0.328415	0.612161	0.0452618	0.000365087	7.42066e-07	5.61177e-10	1.96975e-13	3.69781e-17	4.09596e-21	2.87609e-25	1.35189e-29	4.43863e-34	1.05315e-38	1.85634e-43	2.48687e-48	2.58063e-53	2.10775e-58	1.37476e-63	4.67217e-68	7.2141e-70	7.51005e-72	4.29187e-74	1.27396e-76	1.82846e-79	1.35174e-82	
N59	1.07238e-86	2.86374e-73	1.16036e-65	9.31343e-59	2.58344e-52	3.08086e-46	1.76009e-40	5.09579e-35	7.66606e-30	6.00506e-25	2.40455e-20	4.72671e-16	4.26145e-12	1.58256e-08	2.03986e-05	0.00683569	0.343789	0.633279	0.0160241	5.26752e-05	4.82441e-08	1.76428e-11	3.16352e-15	3.17182e-19	1.94652e-23	7.80682e-28	2.14952e-32	4.22075e-37	6.09071e-42	6.61691e-47	5.51914e-52	3.59176e-57	1.84816e-62	7.60264e-68	2.03205e-72	7.33562e-73	1.70373e-73	2.1961e-74	1.51989e-75	5.32651e-77	9.4205e-79	
CGA45	0	0	0	0	0	0	0	0	0	0	0	0	0	0	0	0	1	0	0	0	0	0	0	0	0	0	0	0	0	0	0	0	0	0	0	0	0	0	0	0	0	
N60	1.18359e-98	3.50205e-72	9.56637e-65	5.22914e-58	1.00413e-51	8.44371e-46	3.47317e-40	7.41421e-35	8.45236e-30	5.17957e-25	1.68436e-20	2.8117e-16	2.27239e-12	8.08803e-09	1.08669e-05	0.0042146	0.274221	0.701474	0.0199971	8.15715e-05	9.85667e-08	4.9592e-11	1.26202e-14	1.83968e-18	1.67348e-22	1.01061e-26	4.24435e-31	1.28487e-35	2.88389e-40	4.90879e-45	6.45322e-50	6.65045e-55	5.43865e-60	3.5647e-65	1.89445e-70	1.10183e-73	1.02981e-74	5.27874e-76	1.37367e-77	1.62351e-79	8.18547e-82	
C3043	0	0	0	0	0	0	0	0	0	0	0	0	0	0	0	0	0	1	0	0	0	0	0	0	0	0	0	0	0	0	0	0	0	0	0	0	0	0	0	0	0	
CGA364	0	0	0	0	0	0	0	0	0	0	0	0	0	0	0	0	0	1	0	0	0	0	0	0	0	0	0	0	0	0	0	0	0	0	0	0	0	0	0	0	0	
C2208	0	0	0	0	0	0	0	0	0	0	0	0	0	0	0	0	0	0	1	0	0	0	0	0	0	0	0	0	0	0	0	0	0	0	0	0	0	0	0	0	0	
N61	1.01032e-80	1.85355e-55	3.56227e-49	1.39292e-43	1.93953e-38	1.1953e-33	3.63164e-29	5.75574e-25	4.88425e-21	2.22873e-17	5.39045e-14	6.68381e-11	4.02074e-08	1.08045e-05	0.00115247	0.0414164	0.392039	0.535879	0.0291127	0.000388281	2.05695e-06	5.45061e-09	8.28262e-12	7.90353e-15	5.05273e-18	2.27165e-21	7.45763e-25	1.84216e-28	3.50848e-32	5.25724e-36	6.30399e-40	6.13703e-44	4.91095e-48	3.26507e-52	1.82053e-56	8.58302e-61	3.44637e-65	1.18616e-69	3.51937e-74	9.05809e-79	2.67735e-83	
N62	6.1282e-98	1.7635e-71	4.67322e-64	2.48505e-57	4.64096e-51	3.7826e-45	1.49815e-39	3.04898e-34	3.26963e-29	1.85276e-24	5.45606e-20	8.04649e-16	5.58722e-12	1.65977e-08	1.81837e-05	0.00576861	0.33546	0.648023	0.0107007	2.92546e-05	2.56764e-08	9.84005e-12	1.96629e-15	2.29846e-19	1.70305e-23	8.48434e-28	2.97249e-32	7.58647e-37	1.45094e-41	2.12797e-46	2.43944e-51	2.22113e-56	1.62818e-61	9.72058e-67	4.77367e-72	1.9449e-77	6.6228e-83	1.89705e-88	4.59652e-94	9.46716e-100	1.85049e-105	
CGA453	0	0	0	0	0	0	0	0	0	0	0	0	0	0	0	0	0	1	0	0	0	0	0	0	0	0	0	0	0	0	0	0	0	0	0	0	0	0	0	0	0	
N63	2.93535e-105	2.23827e-78	1.55528e-70	2.19005e-63	1.09506e-56	2.41933e-50	2.63364e-44	1.49637e-38	4.55964e-33	7.4898e-28	6.53983e-23	2.93345e-18	6.37135e-14	6.09429e-10	2.2012e-06	0.00229534	0.394393	0.600044	0.00326184	3.02268e-06	9.27377e-10	1.27297e-13	9.29049e-18	4.03091e-22	1.12384e-26	2.13172e-31	2.87315e-36	2.8469e-41	2.13112e-46	1.23228e-51	5.6059e-57	2.03741e-62	5.99286e-68	1.44242e-73	2.8678e-79	4.74809e-85	6.5924e-91	7.72232e-97	7.67198e-103	6.49375e-109	5.05318e-115	
CGA501	0	0	0	0	0	0	0	0	0	0	0	0	0	0	0	0	0	1	0	0	0	0	0	0	0	0	0	0	0	0	0	0	0	0	0	0	0	0	0	0	0	
C3121	0	0	0	0	0	0	0	0	0	0	0	0	0	0	0	0	1	0	0	0	0	0	0	0	0	0	0	0	0	0	0	0	0	0	0	0	0	0	0	0	0	
N64	5.24449e-111	6.65146e-84	7.75719e-76	1.8208e-68	1.5099e-61	5.51514e-55	9.9173e-49	9.3244e-43	4.72528e-37	1.30268e-31	1.93702e-26	1.51296e-21	5.91977e-17	1.07576e-12	8.0672e-09	2.06364e-05	0.0129153	0.98358	0.00348182	2.06105e-06	4.04589e-10	3.56512e-14	1.67505e-18	4.68741e-23	8.43511e-28	1.03223e-32	8.96107e-38	5.70323e-43	2.73153e-48	1.0055e-53	2.89435e-59	6.60856e-65	1.21118e-70	1.79955e-76	2.18571e-82	2.18533e-88	1.8091e-94	1.24599e-100	7.16773e-107	3.45514e-113	1.54073e-119	
Calparcri	0	0	0	0	0	0	0	0	0	0	0	0	0	0	0	0	0	1	0	0	0	0	0	0	0	0	0	0	0	0	0	0	0	0	0	0	0	0	0	0	0	
C3118	0	0	0	0	0	0	0	0	0	0	0	0	0	0	0	0	0	1	0	0	0	0	0	0	0	0	0	0	0	0	0	0	0	0	0	0	0	0	0	0	0	
N65	5.55828e-73	4.31206e-58	5.05368e-54	5.14072e-50	1.04304e-43	2.29842e-37	2.34688e-31	1.0049e-25	1.75162e-20	1.15631e-15	2.51967e-11	1.44043e-07	0.000154287	0.0226861	0.363826	0.536102	0.0757611	0.0014639	5.83046e-06	6.67305e-09	2.76793e-12	4.89491e-16	4.15057e-20	1.84258e-24	4.58672e-29	1.67631e-33	4.64782e-36	6.33767e-39	3.78263e-42	1.48932e-45	4.47582e-49	1.05666e-52	1.98916e-56	5.20418e-60	1.51422e-59	4.28679e-59	4.57388e-59	1.73301e-59	2.67352e-60	1.90962e-61	7.54972e-63	
N66	4.55582e-77	1.20149e-51	3.00925e-45	1.46535e-39	2.414e-34	1.66041e-29	5.26552e-25	8.05766e-21	6.02253e-17	2.16774e-13	3.61137e-10	2.59746e-07	7.22087e-05	0.00651418	0.143359	0.506252	0.304365	0.0381784	0.00124496	1.37883e-05	6.44626e-08	1.49096e-10	1.91434e-13	1.4862e-16	7.44539e-20	2.53212e-23	6.08737e-27	1.069e-30	1.40894e-34	1.42563e-38	1.12885e-42	7.11039e-47	3.61332e-51	1.49968e-55	5.13842e-60	1.46722e-64	3.52063e-69	7.15186e-74	1.23812e-78	1.83777e-83	2.84043e-88	
N67	4.95395e-75	9.56574e-50	1.79014e-43	6.54354e-38	8.12137e-33	4.21701e-28	1.00894e-23	1.15926e-19	6.43115e-16	1.68018e-12	1.95336e-09	9.20105e-07	0.000154394	0.0083146	0.127124	0.461331	0.346608	0.0545012	0.00194311	2.26753e-05	1.12066e-07	2.78325e-10	3.90931e-13	3.38165e-16	1.92019e-19	7.51854e-23	2.11065e-26	4.38388e-30	6.91345e-34	8.45835e-38	8.17591e-42	6.34143e-46	3.99983e-50	2.07556e-54	8.95084e-59	3.23663e-63	9.89093e-68	2.57231e-72	5.72865e-77	1.09898e-81	2.27524e-86	
N68	9.41299e-74	2.06905e-48	4.39275e-42	1.8054e-36	2.49228e-31	1.42011e-26	3.66414e-22	4.4344e-18	2.5043e-14	6.31126e-11	6.42764e-08	2.15762e-05	0.00146929	0.0311251	0.219414	0.469964	0.250346	0.0271464	0.000510458	3.02151e-06	7.71303e-09	1.02092e-11	7.89392e-15	3.87338e-18	1.28146e-21	2.99338e-25	5.11878e-29	6.59682e-33	6.56142e-37	5.13751e-41	3.21994e-45	1.63856e-49	6.85359e-54	2.3814e-58	6.9381e-63	1.7088e-67	3.58363e-72	6.44048e-77	9.97608e-82	1.33889e-86	1.88515e-91	
N69	1.93112e-82	9.31947e-57	4.29778e-50	3.89253e-44	1.206e-38	1.57869e-33	9.64565e-29	2.87829e-24	4.24011e-20	3.03065e-16	1.00437e-12	1.42887e-09	7.8318e-07	0.000148735	0.00877744	0.141308	0.521375	0.313907	0.0143393	0.000143319	5.04608e-07	8.07283e-10	6.86387e-13	3.447e-16	1.1028e-19	2.37867e-23	3.614e-27	4.00472e-31	3.32913e-35	2.12497e-39	1.06186e-43	4.22264e-48	1.35512e-52	3.55199e-57	7.68388e-62	1.38434e-66	2.09364e-71	2.67661e-76	2.91045e-81	2.70731e-86	2.6262e-91	
Triowe	0	0	0	0	0	0	0	0	0	0	0	0	0	0	0	0	0	1	0	0	0	0	0	0	0	0	0	0	0	0	0	0	0	0	0	0	0	0	0	0	0	
N70	3.50077e-84	1.61289e-58	7.20215e-52	6.44092e-46	2.0148e-40	2.73228e-35	1.78252e-30	5.88931e-26	1.0044e-21	8.79348e-18	3.84122e-14	7.93298e-11	7.11152e-08	2.44051e-05	0.00270258	0.0784857	0.47317	0.419626	0.0256594	0.000330712	1.46976e-06	2.93443e-09	3.09623e-12	1.92518e-15	7.62293e-19	2.03641e-22	3.83718e-26	5.28234e-30	5.46548e-34	4.35045e-38	2.71623e-42	1.35216e-46	5.44194e-51	1.79196e-55	4.87792e-60	1.10755e-64	2.11406e-69	3.41572e-74	4.69985e-79	5.53861e-84	6.9363e-89	
Trijoh	0	0	0	0	0	0	0	0	0	0	0	0	0	0	0	0	0	1	0	0	0	0	0	0	0	0	0	0	0	0	0	0	0	0	0	0	0	0	0	0	0	
Trimel	0	0	0	0	0	0	0	0	0	0	0	0	0	0	0	0	0	1	0	0	0	0	0	0	0	0	0	0	0	0	0	0	0	0	0	0	0	0	0	0	0	
N71	4.55579e-68	1.14797e-42	2.7019e-36	1.18952e-30	1.6872e-25	9.37782e-21	2.20776e-16	2.22989e-12	9.2755e-09	1.4276e-05	0.00649515	0.511828	0.413752	0.064619	0.00322986	6.17373e-05	4.73017e-07	1.44612e-09	1.94742e-12	1.36576e-15	5.63849e-19	1.49226e-22	2.69161e-26	3.46352e-30	3.29352e-34	2.37988e-38	1.33658e-42	5.94339e-47	2.12514e-51	6.19044e-56	1.48545e-60	2.9644e-65	4.9605e-70	7.01009e-75	8.41834e-80	8.63745e-85	7.60774e-90	5.77606e-95	3.79384e-100	2.1631e-105	1.28003e-110	
N72	1.36008e-69	6.44607e-44	2.70964e-37	2.07744e-31	4.97809e-26	4.50419e-21	1.64789e-16	2.4368e-12	1.37063e-08	2.55213e-05	0.0118785	0.71968	0.256011	0.0122555	0.000148595	6.03717e-07	9.68562e-10	7.03694e-13	2.65658e-16	5.82686e-20	8.07567e-24	7.53162e-28	4.95944e-32	2.39387e-36	8.72699e-41	2.46178e-45	5.48174e-50	9.79728e-55	1.42531e-59	1.70814e-64	1.70375e-69	1.42695e-74	1.01131e-79	6.10583e-85	3.15905e-90	1.40788e-95	5.42942e-101	1.81913e-106	5.31413e-112	1.35779e-117	3.39631e-123	
Trihoe	0	0	0	0	0	0	0	0	0	0	0	1	0	0	0	0	0	0	0	0	0	0	0	0	0	0	0	0	0	0	0	0	0	0	0	0	0	0	0	0	0	
Tribit	0	0	0	0	0	0	0	0	0	0	0	1	0	0	0	0	0	0	0	0	0	0	0	0	0	0	0	0	0	0	0	0	0	0	0	0	0	0	0	0	0	
Trijac	0	0	0	0	0	0	0	0	0	0	0	1	0	0	0	0	0	0	0	0	0	0	0	0	0	0	0	0	0	0	0	0	0	0	0	0	0	0	0	0	0	
N73	2.09394e-80	4.51185e-55	9.77456e-49	4.2643e-43	6.54851e-38	4.39297e-33	1.4313e-28	2.39109e-24	2.09618e-20	9.64881e-17	2.28714e-13	2.68137e-10	1.45622e-07	3.32059e-05	0.0027599	0.0693096	0.426932	0.463508	0.0367684	0.000684016	4.71158e-06	1.52859e-08	2.70831e-11	2.89563e-14	2.00707e-17	9.51772e-21	3.21956e-24	8.03169e-28	1.51818e-31	2.22367e-35	2.57163e-39	2.38598e-43	1.80047e-47	1.11816e-51	5.77433e-56	2.50211e-60	9.17028e-65	2.86287e-69	7.66122e-74	1.76819e-78	4.51414e-83	
Tricri	0	0	0	0	0	0	0	0	0	0	0	0	0	0	0	0	0	1	0	0	0	0	0	0	0	0	0	0	0	0	0	0	0	0	0	0	0	0	0	0	0	
N74	1.036e-85	4.54461e-60	1.93581e-53	1.67063e-47	5.10992e-42	6.88064e-37	4.53967e-32	1.55131e-27	2.81461e-23	2.71823e-19	1.37384e-15	3.50073e-12	4.22705e-09	2.19865e-06	0.000426627	0.0249354	0.325177	0.600582	0.0481188	0.000753731	3.97372e-06	9.31326e-09	1.14744e-11	8.30638e-15	3.82294e-18	1.1861e-21	2.59503e-25	4.14891e-29	4.98876e-33	4.61959e-37	3.3601e-41	1.95208e-45	9.18836e-50	3.5475e-54	1.13551e-58	3.04165e-63	6.87455e-68	1.32055e-72	2.16992e-77	3.06834e-82	4.56094e-87	
Triwie	0	0	0	0	0	0	0	0	0	0	0	0	0	0	0	0	0	1	0	0	0	0	0	0	0	0	0	0	0	0	0	0	0	0	0	0	0	0	0	0	0	
Triqua	0	0	0	0	0	0	0	0	0	0	0	0	0	0	0	0	0	1	0	0	0	0	0	0	0	0	0	0	0	0	0	0	0	0	0	0	0	0	0	0	0	
N75	5.50694e-71	2.87227e-46	1.64574e-40	1.90654e-35	7.80882e-31	1.40393e-26	1.23241e-22	5.579e-19	1.33348e-15	1.684e-12	1.10134e-09	3.57404e-07	5.35304e-05	0.00329021	0.0683425	0.351504	0.423343	0.138914	0.0140053	0.00053795	9.47167e-06	8.77579e-08	4.73655e-10	1.60703e-12	3.63347e-15	5.73111e-18	6.54159e-21	5.56685e-24	3.62016e-27	1.83658e-30	7.39705e-34	2.4009e-37	6.36169e-41	1.39165e-44	2.53817e-48	3.89314e-52	5.06052e-56	5.61255e-60	5.34369e-64	4.4052e-68	4.75603e-72	
N76	3.3531e-74	2.08287e-49	1.38862e-43	1.89774e-38	9.31162e-34	2.04071e-29	2.22772e-25	1.2837e-21	4.01615e-18	6.87e-15	6.35713e-12	3.09363e-09	7.54583e-07	8.57845e-05	0.00409532	0.0712384	0.377463	0.467635	0.0759255	0.00349016	6.54985e-05	6.15564e-07	3.29724e-09	1.10025e-11	2.44009e-14	3.7775e-17	4.2419e-20	3.56323e-23	2.2961e-26	1.15901e-29	4.66438e-33	1.51928e-36	4.0573e-40	8.98403e-44	1.66574e-47	2.60854e-51	3.4767e-55	3.97077e-59	3.90985e-63	3.3408e-67	3.51326e-71	
Kinboe	0	0	0	0	0	0	0	0	0	0	0	0	0	0	0	0	0	1	0	0	0	0	0	0	0	0	0	0	0	0	0	0	0	0	0	0	0	0	0	0	0	
Kinfis	0	0	0	0	0	0	0	0	0	0	0	0	0	0	0	0	0	1	0	0	0	0	0	0	0	0	0	0	0	0	0	0	0	0	0	0	0	0	0	0	0	
Kinxen	0	0	0	0	0	0	0	0	0	0	0	0	0	0	0	0	0	1	0	0	0	0	0	0	0	0	0	0	0	0	0	0	0	0	0	0	0	0	0	0	0	
N77	2.00531e-60	1.62268e-46	3.80828e-42	3.5451e-38	1.68695e-34	4.35365e-31	8.77212e-28	3.75933e-23	1.93181e-18	3.78384e-14	2.52797e-10	4.91465e-07	0.000228279	0.0226131	0.338044	0.532765	0.101983	0.00430466	6.04573e-05	3.54134e-07	9.96587e-10	1.48199e-12	1.24501e-15	6.19948e-19	1.89474e-22	3.64568e-26	4.49773e-30	3.60512e-34	1.89592e-38	6.59692e-43	1.53273e-47	2.4071e-52	2.63637e-57	5.77357e-59	4.06586e-59	1.26875e-59	8.83027e-60	1.41553e-59	6.64741e-60	7.2038e-61	2.54262e-62	
N78	4.34091e-57	6.31652e-33	1.05915e-27	3.37108e-23	3.51749e-19	1.46992e-15	2.67806e-12	2.18109e-09	7.79394e-07	0.00011485	0.00620238	0.100077	0.347013	0.374818	0.14836	0.0221898	0.00119598	2.71262e-05	3.11899e-07	2.07195e-09	8.70375e-12	2.46709e-14	4.95338e-17	7.31425e-20	8.1838e-23	7.10867e-26	4.89079e-29	2.71044e-32	1.22739e-35	4.59778e-39	1.44e-42	3.80603e-46	8.55917e-50	1.64964e-53	2.7425e-57	3.95551e-61	4.97512e-65	5.48238e-69	5.31528e-73	4.55859e-77	4.99566e-81	
N79	2.14884e-65	4.3526e-40	8.08017e-34	2.68925e-28	2.74539e-23	1.03697e-18	1.54994e-14	9.15973e-11	2.0175e-07	0.000145113	0.0262755	0.67228	0.282203	0.0187495	0.000344283	2.26659e-06	6.36182e-09	8.79626e-12	6.71841e-15	3.09489e-18	9.19844e-22	1.8589e-25	2.66259e-29	2.79497e-33	2.20975e-37	1.34599e-41	6.43756e-46	2.45684e-50	7.58555e-55	1.91734e-59	4.00851e-64	6.99413e-69	1.02651e-73	1.2761e-78	1.35189e-83	1.22712e-88	9.58971e-94	6.47954e-99	3.79968e-104	1.94104e-109	1.03255e-114	
N80	1.45377e-71	1.37716e-45	1.10782e-38	1.58382e-32	6.86546e-27	1.08368e-21	6.61661e-17	1.54436e-12	1.27495e-08	3.15313e-05	0.0167989	0.898945	0.083451	0.000771519	1.68023e-06	1.30664e-09	4.61434e-13	8.63204e-17	9.50835e-21	6.65709e-25	3.1375e-29	1.04062e-33	2.51595e-38	4.56205e-43	6.3505e-48	6.91958e-53	5.99888e-58	4.1957e-63	2.39571e-68	1.12825e-73	4.42136e-79	1.4529e-84	4.03053e-90	9.49489e-96	1.90922e-101	3.29171e-107	4.88546e-113	6.26339e-119	6.95731e-125	6.71347e-131	6.13197e-137	
N81	4.08216e-69	1.92702e-43	8.06585e-37	6.13195e-31	1.449e-25	1.28327e-20	4.54769e-16	6.41573e-12	3.36349e-08	5.61587e-05	0.0217786	0.914525	0.063179	0.000459911	9.04841e-07	7.16406e-10	2.83539e-13	6.42147e-17	9.12083e-21	8.67774e-25	5.80992e-29	2.84372e-33	1.04878e-37	2.98658e-42	6.70008e-47	1.2041e-51	1.75809e-56	2.11061e-61	2.10483e-66	1.75913e-71	1.24159e-76	7.44983e-82	3.82225e-87	1.68539e-92	6.41529e-98	2.11616e-103	6.06968e-109	1.51826e-114	3.32041e-120	6.36311e-126	1.19234e-131	
Chaafr	0	0	0	0	0	0	0	0	0	0	0	1	0	0	0	0	0	0	0	0	0	0	0	0	0	0	0	0	0	0	0	0	0	0	0	0	0	0	0	0	0	
Chacha	0	0	0	0	0	0	0	0	0	0	0	1	0	0	0	0	0	0	0	0	0	0	0	0	0	0	0	0	0	0	0	0	0	0	0	0	0	0	0	0	0	
N82	4.10377e-69	1.88433e-43	7.66685e-37	5.69423e-31	1.32127e-25	1.15525e-20	4.06637e-16	5.73872e-12	3.03657e-08	5.17796e-05	0.0208435	0.926026	0.0527376	0.000340417	6.17403e-07	4.61657e-10	1.75452e-13	3.86278e-17	5.38505e-21	5.06854e-25	3.38008e-29	1.65801e-33	6.16339e-38	1.77891e-42	4.06716e-47	7.49081e-52	1.12733e-56	1.40331e-61	1.46022e-66	1.28181e-71	9.5688e-77	6.11777e-82	3.37092e-87	1.60967e-92	6.69438e-98	2.43553e-103	7.78237e-109	2.19186e-114	5.45868e-120	1.2056e-125	2.62686e-131	
Chacaly	0	0	0	0	0	0	0	0	0	0	0	1	0	0	0	0	0	0	0	0	0	0	0	0	0	0	0	0	0	0	0	0	0	0	0	0	0	0	0	0	0	
Chazey	0	0	0	0	0	0	0	0	0	0	0	1	0	0	0	0	0	0	0	0	0	0	0	0	0	0	0	0	0	0	0	0	0	0	0	0	0	0	0	0	0	
N83	2.74174e-63	3.34512e-38	3.88532e-32	8.18058e-27	5.34479e-22	1.30744e-17	1.28047e-13	5.01086e-10	7.36421e-07	0.000353921	0.0423845	0.701053	0.244109	0.0119427	0.000155714	7.58931e-07	1.71386e-09	2.0753e-12	1.49421e-15	6.90012e-19	2.16399e-22	4.81809e-26	7.88842e-30	9.77106e-34	9.37259e-38	7.09857e-42	4.31486e-46	2.13437e-50	8.69449e-55	2.94675e-59	8.3837e-64	2.01788e-68	4.13699e-73	7.26779e-78	1.09988e-82	1.4406e-87	1.63979e-92	1.62806e-97	1.41447e-102	1.07872e-107	8.70728e-113	
Chadil	0	0	0	0	0	0	0	0	0	0	0	1	0	0	0	0	0	0	0	0	0	0	0	0	0	0	0	0	0	0	0	0	0	0	0	0	0	0	0	0	0	
Chasen	0	0	0	0	0	0	0	0	0	0	0	1	0	0	0	0	0	0	0	0	0	0	0	0	0	0	0	0	0	0	0	0	0	0	0	0	0	0	0	0	0	
Chanam	0	0	0	0	0	0	0	0	0	0	0	1	0	0	0	0	0	0	0	0	0	0	0	0	0	0	0	0	0	0	0	0	0	0	0	0	0	0	0	0	0	
N84	1.58169e-69	1.10945e-46	2.75524e-43	6.42259e-41	8.26748e-36	9.23111e-31	4.86257e-26	1.27391e-21	1.68406e-17	1.09985e-13	3.32828e-10	4.11228e-07	0.000165937	0.0166653	0.271944	0.517479	0.173657	0.0191428	0.000921553	2.28165e-05	3.21904e-07	2.76593e-09	1.51224e-11	5.41341e-14	1.40404e-16	5.38186e-17	6.44014e-17	1.88015e-17	2.19296e-18	1.75453e-19	1.05955e-20	4.87014e-22	1.72129e-23	4.74389e-25	1.03533e-26	1.81674e-28	2.5996e-30	3.0732e-32	3.05e-34	2.73466e-36	4.75367e-38	
Riebrev	0	0	0	0	0	0	0	0	0	0	0	0	0	0	0	0	0	0	0	0	0	0	0	0	0	0	0	0	0	0	1	0	0	0	0	0	0	0	0	0	0	
N85	1.56774e-87	9.52709e-62	6.05988e-55	7.73014e-49	3.46085e-43	6.75729e-38	6.40606e-33	3.11783e-28	7.988e-24	1.08044e-19	7.58981e-16	2.67086e-12	4.43602e-09	3.17416e-06	0.000849952	0.0670474	0.908239	0.0237298	0.000130343	2.66909e-07	2.62846e-10	1.44229e-13	4.85766e-17	1.07541e-20	1.64677e-24	1.81422e-28	1.48342e-32	9.23175e-37	4.46411e-41	1.70644e-45	5.23182e-50	1.30249e-54	2.66125e-59	4.50492e-64	6.37479e-69	7.61511e-74	7.78301e-79	6.96041e-84	5.6671e-89	4.53266e-94	6.05378e-99	
N86	3.7669e-75	5.89091e-61	2.67707e-56	4.82945e-52	2.20904e-49	1.57938e-47	2.1623e-45	3.21793e-39	2.69185e-33	1.08541e-27	2.06428e-22	1.76372e-17	6.22413e-13	7.90674e-09	2.87423e-05	0.0196982	0.974235	0.00603386	3.91563e-06	6.59173e-10	4.25141e-14	1.30133e-18	2.15778e-23	2.11628e-28	1.30524e-33	5.28859e-39	2.15135e-44	8.95635e-46	3.57181e-47	2.70215e-49	1.36286e-52	5.77107e-56	2.14994e-59	7.09887e-63	2.09011e-66	5.51617e-70	1.31088e-73	2.81618e-77	5.48809e-81	9.73087e-85	1.66311e-88	
N87	3.16009e-94	2.83733e-69	2.43381e-63	3.87017e-58	2.29135e-54	1.79653e-51	6.33817e-47	1.37937e-40	1.50032e-34	8.14197e-29	2.1597e-23	2.6685e-18	1.40976e-13	2.75752e-09	1.5598e-05	0.0159764	0.978769	0.00523584	2.6996e-06	3.53886e-10	1.77488e-14	4.25396e-19	5.58516e-24	4.39567e-29	2.20731e-34	7.39397e-40	1.71283e-45	1.21031e-49	6.12084e-52	6.18249e-55	8.88651e-59	9.97954e-63	9.46458e-67	7.6471e-71	5.29622e-75	3.1609e-79	1.63315e-83	7.334e-88	2.87248e-92	9.84203e-97	3.15171e-101	
Braset	0	0	0	0	0	0	0	0	0	0	0	0	0	0	0	0	1	0	0	0	0	0	0	0	0	0	0	0	0	0	0	0	0	0	0	0	0	0	0	0	0	
N88	4.25416e-106	4.64034e-79	4.58411e-71	9.1286e-64	6.41619e-57	1.97883e-50	2.98265e-44	2.32358e-38	9.59099e-33	2.10156e-27	2.39874e-22	1.36789e-17	3.62741e-13	3.97706e-09	1.47622e-05	0.0126775	0.98089	0.00641238	5.37532e-06	1.33975e-09	1.41364e-13	7.67295e-18	2.42274e-22	4.84161e-27	6.50946e-32	6.1658e-37	4.26464e-42	2.21618e-47	8.855e-53	2.77263e-58	6.91174e-64	1.39013e-69	2.28134e-75	3.08441e-81	3.46398e-87	3.25443e-93	2.57345e-99	1.72178e-105	9.79079e-112	4.75029e-118	2.10767e-124	
N89	2.72202e-116	1.80849e-88	9.649e-80	9.47197e-72	3.04039e-64	4.01903e-57	2.46547e-50	7.50387e-44	1.17389e-37	9.55666e-32	4.01708e-26	8.46442e-21	8.44246e-16	3.60986e-11	5.56532e-07	0.00221587	0.996098	0.00168542	3.82535e-07	2.681e-11	8.16175e-16	1.29623e-20	1.20163e-25	7.0044e-31	2.7037e-36	7.17109e-42	1.34225e-47	1.80702e-53	1.77264e-59	1.2772e-65	6.78169e-72	2.6508e-78	7.5828e-85	1.56945e-91	2.30757e-98	2.34378e-105	1.57639e-112	6.5722e-120	1.5205e-127	1.57912e-135	4.42244e-144	
Bramel	0	0	0	0	0	0	0	0	0	0	0	0	0	0	0	0	1	0	0	0	0	0	0	0	0	0	0	0	0	0	0	0	0	0	0	0	0	0	0	0	0	
Bratha	0	0	0	0	0	0	0	0	0	0	0	0	0	0	0	0	1	0	0	0	0	0	0	0	0	0	0	0	0	0	0	0	0	0	0	0	0	0	0	0	0	
N90	7.07524e-107	8.12799e-80	8.37861e-72	1.73402e-64	1.26368e-57	4.03864e-51	6.31693e-45	5.12513e-39	2.21682e-33	5.13718e-28	6.28248e-23	3.90822e-18	1.15924e-13	1.47347e-09	6.69678e-06	0.00773519	0.986704	0.00554976	4.16531e-06	9.59855e-10	9.5911e-14	5.01941e-18	1.54897e-22	3.05601e-27	4.08605e-32	3.86796e-37	2.68141e-42	1.3981e-47	5.60176e-53	1.75514e-58	4.36262e-64	8.70577e-70	1.40864e-75	1.86348e-81	2.02944e-87	1.82995e-93	1.37266e-99	8.59802e-106	4.51084e-112	1.98671e-118	7.78972e-125	
Bradra	0	0	0	0	0	0	0	0	0	0	0	0	0	0	0	0	1	0	0	0	0	0	0	0	0	0	0	0	0	0	0	0	0	0	0	0	0	0	0	0	0	
Bratra	0	0	0	0	0	0	0	0	0	0	0	0	0	0	0	0	1	0	0	0	0	0	0	0	0	0	0	0	0	0	0	0	0	0	0	0	0	0	0	0	0	
N91	3.95756e-103	2.41144e-76	1.35313e-68	1.54754e-61	6.31768e-55	1.14498e-48	1.02671e-42	4.82192e-37	1.21764e-31	1.65974e-26	1.20191e-21	4.45449e-17	7.91923e-13	6.07365e-09	1.68045e-05	0.0119916	0.979461	0.00852002	1.0165e-05	3.76535e-09	6.09244e-13	5.19467e-17	2.62727e-21	8.54842e-26	1.89801e-30	3.00679e-35	3.51885e-40	3.12796e-45	2.1603e-50	1.18113e-55	5.19311e-61	1.86072e-66	5.49541e-72	1.35094e-77	2.7879e-83	4.86561e-89	7.2282e-95	9.19234e-101	1.00578e-106	9.51005e-113	8.42593e-119	
Bragut	0	0	0	0	0	0	0	0	0	0	0	0	0	0	0	0	1	0	0	0	0	0	0	0	0	0	0	0	0	0	0	0	0	0	0	0	0	0	0	0	0	
Braven	0	0	0	0	0	0	0	0	0	0	0	0	0	0	0	0	1	0	0	0	0	0	0	0	0	0	0	0	0	0	0	0	0	0	0	0	0	0	0	0	0	
N92	8.58466e-94	1.42288e-67	2.20475e-60	6.92265e-54	7.70944e-48	3.78466e-42	9.12083e-37	1.14124e-31	7.60359e-27	2.70491e-22	5.04993e-18	4.75948e-14	2.1191e-10	4.00302e-07	0.000268253	0.0458607	0.927423	0.0263396	0.000108184	1.39152e-07	7.81762e-11	2.30847e-14	4.03002e-18	4.51038e-22	3.43302e-26	1.8584e-30	7.40966e-35	2.23782e-39	5.23784e-44	9.68296e-49	1.4365e-53	1.73341e-58	1.72117e-63	1.42035e-68	9.82603e-74	5.74186e-79	2.85296e-84	1.21238e-89	4.42907e-95	1.39736e-100	4.27438e-106	
Brapum	0	0	0	0	0	0	0	0	0	0	0	0	0	0	0	0	1	0	0	0	0	0	0	0	0	0	0	0	0	0	0	0	0	0	0	0	0	0	0	0	0	
Bradam	0	0	0	0	0	0	0	0	0	0	0	0	0	0	0	0	1	0	0	0	0	0	0	0	0	0	0	0	0	0	0	0	0	0	0	0	0	0	0	0	0	
