NODE	1	2	3	4	5	6	7	8	9	10	11	12	13	14	15	16	17	18	19	20	21	22	23	24	25	26	27	28	29	30	31	32	33	34	35	36	37	38	39	40	41	
N1	7.40023e-24	1.22614e-20	1.43551e-17	5.97545e-16	4.28128e-13	3.09874e-13	7.87453e-11	7.07753e-09	3.00884e-10	1.17671e-09	2.75112e-07	1.13073e-05	7.56869e-07	8.19588e-09	3.03298e-10	0.683971	0.27464	0.0413768	1.68317e-13	7.98795e-16	1.91525e-18	2.7619e-21	2.6514e-24	1.81084e-27	9.22027e-31	3.62357e-34	1.12888e-37	2.84736e-41	5.91452e-45	1.02602e-48	1.50388e-52	1.88082e-56	2.02385e-60	1.88713e-64	1.53423e-68	1.09338e-72	6.86237e-77	3.80893e-81	1.87657e-85	8.23439e-90	3.25959e-94	
N2	3.43482e-26	6.17806e-23	8.0885e-20	1.64198e-17	6.38191e-15	3.62767e-14	8.64766e-12	6.4791e-10	5.52291e-11	4.57885e-10	1.30053e-07	1.23848e-05	6.92857e-05	0.000119159	0.000926689	0.199736	0.537262	0.257445	0.00438253	2.70038e-05	1.51891e-05	4.51001e-06	2.74339e-07	4.37341e-08	3.93883e-11	1.7479e-13	1.43154e-16	2.98523e-20	4.05364e-23	1.34714e-26	1.40503e-28	6.49187e-31	2.05123e-32	6.19259e-35	2.48409e-37	5.33276e-39	4.4297e-43	3.29233e-46	4.13305e-49	3.79274e-53	1.77796e-55	
N3	2.20895e-35	5.86874e-31	1.06506e-26	3.97465e-24	3.96639e-20	1.10412e-19	2.3623e-16	2.58584e-13	7.37604e-14	1.90495e-12	1.30734e-08	1.25088e-05	6.11935e-06	2.47671e-07	5.60048e-07	0.000712194	0.0810886	0.901607	0.0165274	4.47274e-05	5.66319e-07	5.31633e-09	2.0901e-11	9.05098e-14	2.6807e-17	1.20997e-20	2.34731e-24	1.14313e-28	1.31736e-32	7.74316e-37	1.10382e-40	3.3223e-44	1.89366e-44	3.96301e-46	1.42599e-47	2.16545e-47	1.3989e-48	1.70317e-50	2.69747e-52	8.80298e-55	2.16103e-56	
N4	2.45281e-37	5.27806e-33	7.77446e-29	8.15139e-26	4.33327e-22	1.85303e-20	3.45382e-17	2.72707e-14	1.10989e-13	8.3755e-12	1.6935e-08	3.86255e-06	1.40589e-06	5.97265e-08	2.97623e-07	0.00026279	0.0579085	0.911825	0.0298913	0.000106163	2.05012e-07	1.18312e-09	1.65779e-11	1.43586e-12	1.40901e-14	4.47544e-17	2.50552e-19	2.57489e-23	2.04514e-26	2.03635e-30	9.54117e-35	5.04871e-38	1.33038e-39	4.7349e-41	6.58478e-42	6.67374e-41	4.01137e-41	2.25078e-42	1.92562e-43	1.00804e-44	5.59105e-46	
B3088	0	0	0	0	0	0	0	0	0	0	0	0	0	0	0	0	0	1	0	0	0	0	0	0	0	0	0	0	0	0	0	0	0	0	0	0	0	0	0	0	0	
N5	2.59065e-35	1.61646e-31	8.47725e-28	1.00844e-24	2.09387e-21	2.1741e-19	2.2096e-16	1.16032e-13	9.49025e-13	4.88168e-11	2.58763e-08	2.11422e-06	6.6744e-07	9.04697e-08	8.4194e-07	0.000327568	0.0548102	0.898058	0.0464724	0.000327578	7.10549e-07	2.62489e-09	1.14084e-10	2.98365e-11	1.55323e-12	1.70655e-14	5.21787e-16	2.32609e-19	6.82805e-22	2.75316e-25	2.99371e-29	3.02231e-32	1.51794e-35	2.62532e-38	1.11859e-40	3.90302e-42	1.57527e-44	2.37771e-47	7.1688e-50	1.97795e-52	2.74593e-55	
N6	1.23781e-45	1.61534e-44	2.05071e-43	2.35493e-42	2.42408e-41	1.785e-43	1.78344e-39	5.15684e-23	2.30298e-33	2.69968e-39	2.90199e-19	1.35176e-11	3.87755e-17	9.31558e-34	4.3573e-33	5.5991e-15	1.99782e-07	0.999999	3.26025e-07	1.50327e-14	9.35538e-34	2.70684e-34	4.12015e-34	1.48086e-33	2.5891e-33	4.01353e-33	6.86491e-33	2.44999e-33	1.26617e-33	4.7556e-34	8.00132e-35	2.79897e-35	1.23337e-35	1.00845e-35	1.91484e-35	7.43505e-35	8.6854e-35	1.1943e-34	2.78132e-34	3.61536e-34	5.82805e-34	
BGA709	0	0	0	0	0	0	0	0	0	0	0	0	0	0	0	0	0	1	0	0	0	0	0	0	0	0	0	0	0	0	0	0	0	0	0	0	0	0	0	0	0	
BGA710	0	0	0	0	0	0	0	0	0	0	0	0	0	0	0	0	0	1	0	0	0	0	0	0	0	0	0	0	0	0	0	0	0	0	0	0	0	0	0	0	0	
BGA309	0	0	0	0	0	0	0	0	0	0	0	0	0	0	0	0	0	1	0	0	0	0	0	0	0	0	0	0	0	0	0	0	0	0	0	0	0	0	0	0	0	
N7	7.02614e-40	4.06269e-35	1.74038e-30	1.7709e-27	5.35921e-23	3.4692e-22	3.50219e-18	1.61759e-14	4.21969e-15	1.19303e-13	6.91751e-10	4.84524e-07	2.84897e-08	5.23538e-10	2.43102e-09	9.09764e-06	0.00969937	0.980496	0.00978323	1.18021e-05	4.64476e-09	4.35234e-12	1.63962e-14	1.39838e-16	2.50992e-19	1.88418e-22	1.91323e-25	9.9686e-30	1.50558e-33	6.48098e-38	8.95798e-43	6.42836e-47	7.77151e-47	1.91859e-48	9.30587e-50	5.89642e-49	4.48581e-48	9.50716e-50	3.63936e-51	7.74447e-53	1.73412e-54	
N8	8.37675e-37	1.15085e-32	1.20377e-28	9.38851e-26	5.64043e-22	8.08763e-21	1.80631e-17	1.81559e-14	1.01187e-14	2.09788e-13	2.46854e-10	4.5762e-08	1.69728e-08	3.18986e-09	1.83141e-08	2.5624e-05	0.0136025	0.963728	0.0225734	7.06552e-05	6.71225e-08	5.35722e-11	4.02247e-13	1.03709e-14	7.96561e-17	2.9011e-19	1.49008e-21	2.84283e-25	1.16735e-28	1.79857e-32	8.98374e-37	1.50384e-40	1.50513e-44	4.98621e-48	4.44535e-51	1.3336e-53	8.09631e-57	3.00454e-60	3.09259e-63	2.48946e-65	1.34855e-65	
N9	9.47769e-50	1.97797e-48	3.9307e-47	7.1699e-46	1.20843e-44	2.14299e-46	2.70217e-42	1.9881e-25	1.29434e-35	2.78941e-41	4.19806e-21	2.55151e-13	1.65327e-18	5.82446e-35	5.66128e-34	2.11594e-15	1.28232e-07	1	2.3708e-07	7.12506e-15	1.58184e-34	1.78429e-35	2.39468e-35	1.75406e-34	5.25601e-34	1.00949e-33	3.3746e-33	6.6687e-34	3.34377e-34	7.75812e-35	6.73784e-36	2.03984e-36	4.03839e-37	2.35853e-37	5.15442e-37	4.07899e-36	7.34145e-36	9.64042e-36	3.2229e-35	6.8502e-35	9.82081e-35	
B11696	0	0	0	0	0	0	0	0	0	0	0	0	0	0	0	0	0	1	0	0	0	0	0	0	0	0	0	0	0	0	0	0	0	0	0	0	0	0	0	0	0	
B11697	0	0	0	0	0	0	0	0	0	0	0	0	0	0	0	0	0	1	0	0	0	0	0	0	0	0	0	0	0	0	0	0	0	0	0	0	0	0	0	0	0	
N10	9.26778e-49	9.60154e-43	5.95924e-37	4.26829e-34	2.16278e-28	3.78985e-29	5.94386e-24	4.3454e-19	2.69899e-21	6.55414e-20	9.26309e-15	2.95023e-10	3.22731e-12	7.18468e-15	4.07501e-14	5.21666e-09	0.000202534	0.999416	0.000381148	1.81076e-08	2.5254e-13	2.3508e-18	1.68211e-22	4.65145e-26	3.28156e-30	8.80779e-35	2.74833e-39	2.4487e-45	2.8878e-51	4.30446e-58	5.80164e-36	1.7555e-36	3.16803e-37	1.74797e-37	3.85041e-37	3.32766e-36	6.30771e-36	8.07233e-36	2.72114e-35	6.16465e-35	8.76575e-35	
B11609	0	0	0	0	0	0	0	0	0	0	0	0	0	0	0	0	0	1	0	0	0	0	0	0	0	0	0	0	0	0	0	0	0	0	0	0	0	0	0	0	0	
BGA392	0	0	0	0	0	0	0	0	0	0	0	0	0	0	0	0	0	1	0	0	0	0	0	0	0	0	0	0	0	0	0	0	0	0	0	0	0	0	0	0	0	
N11	1.05632e-46	6.3344e-41	2.08756e-35	4.10367e-32	7.12518e-27	3.03933e-26	1.02728e-21	1.27763e-17	2.2827e-18	1.35319e-16	4.44971e-12	1.18416e-08	1.48815e-10	6.58758e-13	8.4733e-12	2.34267e-07	0.00172242	0.993506	0.00476985	1.6471e-06	1.26777e-10	6.84717e-15	6.24229e-18	5.51147e-20	9.13222e-23	2.58463e-26	9.86307e-28	2.6254e-30	5.46267e-32	1.5029e-34	1.09239e-37	8.79171e-40	1.71139e-42	1.67861e-44	7.05466e-46	3.10252e-46	1.82742e-47	3.07634e-49	1.20318e-50	6.22e-52	1.07654e-53	
N12	8.21625e-38	1.3221e-34	1.58157e-31	5.78167e-30	5.49712e-27	4.2389e-27	5.79518e-23	4.16779e-19	2.32925e-19	3.97098e-17	1.07355e-12	2.53885e-09	2.16031e-11	1.57012e-13	6.29269e-12	1.75897e-07	0.00141403	0.993958	0.00462589	1.59347e-06	1.24346e-10	4.5778e-15	6.98148e-18	6.84991e-19	1.35546e-20	1.43643e-23	1.84661e-25	3.1243e-30	9.14149e-34	1.11796e-38	2.87316e-44	2.27781e-48	9.00451e-54	3.08985e-58	1.01253e-61	1.07639e-63	1.3248e-66	1.3176e-70	3.22894e-74	2.93664e-77	2.34326e-81	
N13	1.41616e-42	3.6064e-38	8.07762e-34	1.5872e-30	1.98943e-26	8.53721e-25	3.96053e-21	8.20457e-18	1.40791e-17	7.0854e-16	1.59561e-12	4.70804e-10	2.24117e-10	1.37733e-10	2.06881e-09	5.92618e-06	0.00661861	0.980554	0.0127996	2.17041e-05	1.08871e-08	3.61197e-12	2.80952e-14	2.30966e-15	5.07049e-17	2.75609e-19	4.50203e-21	4.53931e-25	2.33748e-28	2.07658e-32	5.42577e-37	1.04938e-40	4.74904e-45	1.36733e-48	1.67431e-51	1.596e-53	2.67249e-56	1.10252e-59	1.77641e-62	2.75559e-65	1.06558e-68	
N14	2.01579e-51	4.9983e-50	1.23442e-48	2.95382e-47	6.9095e-46	2.33406e-47	3.55318e-43	5.69454e-26	5.93723e-36	2.81792e-41	7.68389e-21	5.53689e-13	4.01685e-18	9.56849e-35	8.09577e-34	3.43577e-15	1.61969e-07	1	2.8491e-07	1.05952e-14	2.01966e-34	2.7757e-35	4.08821e-35	2.62088e-34	7.30318e-34	1.46504e-33	4.25022e-33	9.30732e-34	4.20231e-34	1.03059e-34	1.00703e-35	3.02778e-36	7.13338e-37	4.82335e-37	1.0488e-36	7.18531e-36	1.22252e-35	1.7371e-35	5.88818e-35	1.1317e-34	1.6134e-34	
B985	0	0	0	0	0	0	0	0	0	0	0	0	0	0	0	0	0	1	0	0	0	0	0	0	0	0	0	0	0	0	0	0	0	0	0	0	0	0	0	0	0	
B983	0	0	0	0	0	0	0	0	0	0	0	0	0	0	0	0	0	1	0	0	0	0	0	0	0	0	0	0	0	0	0	0	0	0	0	0	0	0	0	0	0	
N15	2.03831e-44	1.5721e-39	8.53266e-35	8.47073e-32	3.45296e-27	1.35591e-26	1.97891e-22	1.48593e-18	2.8706e-19	1.56581e-17	3.51116e-13	1.53688e-09	3.73765e-10	1.57437e-11	1.02188e-10	9.04215e-07	0.00264311	0.992504	0.00484931	3.00875e-06	5.53487e-10	7.19769e-14	9.23122e-17	5.42841e-19	9.33174e-22	7.02171e-25	8.18784e-28	2.9349e-32	2.55033e-36	7.43827e-41	6.73517e-46	2.15187e-50	3.28366e-55	1.55903e-59	2.52785e-63	2.57551e-66	3.16063e-67	3.94807e-67	1.50342e-66	3.85149e-66	5.18365e-66	
N16	1.59854e-55	9.29523e-54	5.15986e-52	2.67381e-50	1.27653e-48	3.92549e-50	2.08359e-45	2.41739e-28	4.67553e-38	1.66914e-43	3.95226e-23	2.98747e-15	1.69779e-20	2.08362e-36	4.72053e-35	2.57688e-16	4.54558e-08	1	8.62667e-08	9.08606e-16	1.39272e-35	6.26698e-37	8.20613e-37	1.40089e-35	8.68364e-35	1.89946e-34	1.46155e-33	1.26007e-34	6.06545e-35	6.67804e-36	2.51611e-37	7.01206e-38	6.05645e-39	3.06653e-39	7.51513e-39	1.38204e-37	4.95854e-37	5.83169e-37	2.55991e-36	1.1492e-35	1.38948e-35	
B199	0	0	0	0	0	0	0	0	0	0	0	0	0	0	0	0	0	1	0	0	0	0	0	0	0	0	0	0	0	0	0	0	0	0	0	0	0	0	0	0	0	
BGAA3	0	0	0	0	0	0	0	0	0	0	0	0	0	0	0	0	0	1	0	0	0	0	0	0	0	0	0	0	0	0	0	0	0	0	0	0	0	0	0	0	0	
N17	1.58743e-55	9.23451e-54	5.12842e-52	2.6589e-50	1.27023e-48	7.83629e-50	2.07668e-45	4.83442e-28	6.60652e-38	3.34419e-43	7.92327e-23	4.22498e-15	3.39382e-20	2.0785e-36	4.71269e-35	5.16119e-16	6.43138e-08	1	1.22081e-07	1.82047e-15	1.39104e-35	6.25341e-37	8.18512e-37	1.39844e-35	8.67427e-35	1.89704e-34	1.46086e-33	1.25866e-34	6.06096e-35	6.6692e-36	2.5109e-37	6.99801e-38	6.03888e-39	3.05584e-39	7.48908e-39	1.37842e-37	4.94882e-37	5.81911e-37	2.55402e-36	1.14739e-35	1.3872e-35	
B11604	0	0	0	0	0	0	0	0	0	0	0	0	0	0	0	0	0	1	0	0	0	0	0	0	0	0	0	0	0	0	0	0	0	0	0	0	0	0	0	0	0	
BGA583	0	0	0	0	0	0	0	0	0	0	0	0	0	0	0	0	0	1	0	0	0	0	0	0	0	0	0	0	0	0	0	0	0	0	0	0	0	0	0	0	0	
N18	2.93822e-44	2.37981e-39	1.34164e-34	1.82756e-31	6.44586e-27	5.57934e-26	6.00362e-22	2.73666e-18	8.49384e-19	3.01502e-17	2.20197e-13	3.68266e-10	2.11195e-10	2.24652e-11	2.27466e-10	1.53751e-06	0.00351375	0.988713	0.00776509	7.08105e-06	1.8043e-09	3.12076e-13	7.67647e-16	1.13207e-17	4.61907e-20	6.7481e-23	1.83635e-25	7.75013e-30	9.89732e-34	3.35522e-38	3.42141e-43	1.13287e-46	3.00097e-47	4.06371e-49	2.18753e-50	1.20072e-49	4.26143e-49	1.01215e-50	7.9627e-52	7.65154e-53	4.44381e-53	
N19	1.11091e-52	3.30562e-51	9.48854e-50	2.55339e-48	6.48986e-47	2.88042e-46	3.76245e-44	8.17644e-25	8.72556e-36	5.58436e-40	1.88693e-19	1.52555e-12	1.57331e-16	3.83962e-35	4.11896e-34	2.74022e-13	1.45173e-06	0.999996	2.56278e-06	8.50739e-13	1.0317e-34	1.08706e-35	1.61084e-35	1.30594e-34	4.39313e-34	9.43515e-34	3.42775e-33	5.97746e-34	2.59462e-34	5.22536e-35	4.04188e-36	1.16864e-36	2.18852e-37	1.42885e-37	3.2459e-37	2.80718e-36	5.63958e-36	7.81806e-36	2.99065e-35	6.9202e-35	9.36135e-35	
BGA89	0	0	0	0	0	0	0	0	0	0	0	0	0	0	0	0	0	1	0	0	0	0	0	0	0	0	0	0	0	0	0	0	0	0	0	0	0	0	0	0	0	
BGA40	0	0	0	0	0	0	0	0	0	0	0	0	0	0	0	0	0	1	0	0	0	0	0	0	0	0	0	0	0	0	0	0	0	0	0	0	0	0	0	0	0	
N20	3.86179e-45	2.11814e-40	8.62268e-36	1.65137e-32	3.60735e-28	6.84315e-27	4.7191e-23	1.63809e-19	1.63138e-19	1.255e-17	9.00258e-14	8.88487e-11	3.70886e-11	9.26255e-12	1.6855e-10	1.25009e-06	0.00319853	0.989868	0.00692644	5.47285e-06	1.19436e-09	1.46151e-13	4.13409e-16	2.2068e-17	2.87128e-19	5.95372e-22	6.08962e-24	2.8238e-28	1.02898e-31	4.21723e-36	4.47972e-41	5.00801e-45	8.53687e-50	7.98064e-54	4.71587e-57	3.03709e-59	3.00724e-62	6.42709e-66	1.04457e-67	4.21705e-67	4.96621e-67	
N21	2.39512e-54	9.09538e-53	3.29138e-51	1.10881e-49	3.4985e-48	1.67216e-49	3.05377e-45	7.11538e-28	1.01219e-37	7.51936e-43	3.20711e-22	3.54274e-14	4.29959e-19	1.52e-35	2.06408e-34	1.51803e-15	1.09116e-07	1	1.96762e-07	4.89889e-15	5.43305e-35	4.35716e-36	6.2562e-36	6.39868e-35	2.59368e-34	5.75695e-34	2.64226e-33	3.69245e-34	1.62043e-34	2.71379e-35	1.67916e-36	4.743e-37	6.96501e-38	4.21329e-38	9.8732e-38	1.07828e-36	2.56952e-36	3.39293e-36	1.40764e-35	3.97907e-35	5.1709e-35	
BGAA2	0	0	0	0	0	0	0	0	0	0	0	0	0	0	0	0	0	1	0	0	0	0	0	0	0	0	0	0	0	0	0	0	0	0	0	0	0	0	0	0	0	
BGAA1	0	0	0	0	0	0	0	0	0	0	0	0	0	0	0	0	0	1	0	0	0	0	0	0	0	0	0	0	0	0	0	0	0	0	0	0	0	0	0	0	0	
N22	2.84664e-58	8.01245e-51	7.38824e-44	9.73005e-41	5.63217e-34	3.13233e-35	5.71699e-29	4.18058e-23	1.32959e-25	9.42326e-24	2.00108e-17	7.71949e-12	2.98444e-14	1.92553e-17	1.48325e-16	1.2381e-10	3.12541e-05	0.999912	5.68429e-05	4.05746e-10	8.63892e-16	9.9925e-22	9.31923e-27	2.29916e-31	2.44103e-34	5.43552e-34	2.63709e-33	3.5064e-34	1.55365e-34	2.49655e-35	1.46832e-36	4.13365e-37	5.72169e-38	3.3722e-38	7.9475e-38	9.17077e-37	2.2778e-36	2.96875e-36	1.24807e-35	3.70328e-35	4.77531e-35	
BGA584	0	0	0	0	0	0	0	0	0	0	0	0	0	0	0	0	0	1	0	0	0	0	0	0	0	0	0	0	0	0	0	0	0	0	0	0	0	0	0	0	0	
BGA706	0	0	0	0	0	0	0	0	0	0	0	0	0	0	0	0	0	1	0	0	0	0	0	0	0	0	0	0	0	0	0	0	0	0	0	0	0	0	0	0	0	
N23	1.20966e-39	2.47015e-35	3.70797e-31	3.75007e-28	3.16564e-24	5.14853e-23	1.55569e-19	2.10742e-16	1.30381e-16	3.53286e-15	7.33327e-12	4.05163e-09	4.01369e-09	8.96401e-10	6.53972e-09	1.30511e-05	0.00979087	0.973057	0.017099	3.96548e-05	2.77196e-08	1.47021e-11	9.31043e-14	2.75077e-15	2.38556e-17	8.86091e-20	5.16728e-22	7.33594e-26	2.57652e-29	2.98986e-33	1.10403e-37	1.6165e-41	1.10677e-45	2.90338e-49	2.41652e-52	8.25986e-55	5.56754e-58	1.89583e-61	2.27882e-64	7.76284e-66	7.68525e-66	
N24	9.26695e-52	2.48981e-50	2.49856e-73	2.77804e-52	3.55276e-33	1.24013e-43	1.64809e-28	2.06362e-22	1.26125e-25	4.82251e-24	1.72199e-17	1.31424e-11	1.29255e-14	2.24153e-18	1.33316e-17	2.45282e-11	1.38773e-05	0.99996	2.57419e-05	8.31353e-11	8.22387e-17	1.09895e-35	1.47642e-35	1.23079e-34	4.11612e-34	8.21039e-34	3.11077e-33	5.41792e-34	2.65759e-34	5.51256e-35	4.21812e-36	1.25012e-36	2.18443e-37	1.24947e-37	2.79818e-37	2.51456e-36	5.00313e-36	6.50856e-36	2.31832e-35	5.48739e-35	7.61219e-35	
BGA304	0	0	0	0	0	0	0	0	0	0	0	0	0	0	0	0	0	1	0	0	0	0	0	0	0	0	0	0	0	0	0	0	0	0	0	0	0	0	0	0	0	
BGA303	0	0	0	0	0	0	0	0	0	0	0	0	0	0	0	0	0	1	0	0	0	0	0	0	0	0	0	0	0	0	0	0	0	0	0	0	0	0	0	0	0	
N25	1.10329e-51	2.92423e-50	7.52805e-49	1.81518e-47	4.07151e-46	5.17121e-48	1.57862e-43	8.37989e-27	1.05611e-36	2.70131e-42	7.12406e-22	8.99246e-14	5.23186e-19	3.80779e-35	4.11825e-34	9.28292e-16	8.51473e-08	1	1.57199e-07	3.12052e-15	1.14704e-34	1.15441e-35	1.56398e-35	1.27367e-34	4.18744e-34	8.36102e-34	3.09531e-33	5.49863e-34	2.67837e-34	5.64366e-35	4.41392e-36	1.30893e-36	2.34691e-37	1.36232e-37	3.04377e-37	2.66988e-36	5.23096e-36	6.85145e-36	2.43239e-35	5.65009e-35	7.85907e-35	
BGAB1	0	0	0	0	0	0	0	0	0	0	0	0	0	0	0	0	0	1	0	0	0	0	0	0	0	0	0	0	0	0	0	0	0	0	0	0	0	0	0	0	0	
BGA7	0	0	0	0	0	0	0	0	0	0	0	0	0	0	0	0	0	1	0	0	0	0	0	0	0	0	0	0	0	0	0	0	0	0	0	0	0	0	0	0	0	
N26	4.17163e-42	3.32009e-41	2.90759e-40	2.48591e-39	2.04065e-38	5.26887e-38	1.14127e-36	1.27162e-17	2.57797e-29	5.32315e-34	4.03888e-14	5.17205e-08	1.48524e-12	3.88101e-32	7.63694e-32	1.57022e-11	9.78565e-06	0.999984	6.00543e-06	8.69774e-12	7.11711e-33	9.70856e-33	1.47917e-32	2.28064e-32	1.69575e-32	1.36379e-32	9.87481e-33	3.59393e-33	1.70357e-33	8.42362e-34	4.22628e-34	4.67416e-34	8.97711e-34	1.00043e-33	1.42677e-33	2.50516e-33	1.51647e-33	1.38641e-33	1.60158e-33	1.16383e-33	1.98835e-33	
PGA445	0	0	0	0	0	0	0	0	0	0	0	0	0	0	0	0	0	1	0	0	0	0	0	0	0	0	0	0	0	0	0	0	0	0	0	0	0	0	0	0	0	
PGA363	0	0	0	0	0	0	0	0	0	0	0	0	0	0	0	0	0	1	0	0	0	0	0	0	0	0	0	0	0	0	0	0	0	0	0	0	0	0	0	0	0	
N27	2.71105e-33	2.6582e-28	1.36887e-23	1.0198e-20	6.746e-17	4.02044e-16	7.91791e-13	3.3698e-10	3.13193e-09	4.2553e-07	0.00160287	0.623894	0.348645	0.0253349	0.000518069	4.21707e-06	2.2123e-07	1.08367e-08	1.26047e-12	3.12394e-17	3.05037e-22	1.7663e-26	6.39624e-30	7.98658e-33	9.10342e-33	1.58981e-34	7.10803e-36	4.7993e-39	1.49131e-41	1.16803e-44	4.72945e-48	3.98277e-50	1.3391e-51	1.02538e-52	1.20418e-53	7.82553e-54	6.65327e-55	3.36284e-56	4.02693e-57	4.37913e-58	2.15939e-59	
N28	4.98157e-30	7.6749e-26	1.0732e-21	4.07568e-18	6.44735e-15	5.9765e-12	2.90545e-09	2.44882e-07	4.77344e-05	0.00975659	0.246785	0.605814	0.133843	0.00372919	2.44953e-05	6.08258e-08	4.85097e-10	3.33819e-12	1.59058e-15	2.24995e-18	6.49144e-21	2.17002e-24	6.47635e-27	3.52577e-28	2.24927e-29	1.86205e-30	3.46197e-31	1.6356e-33	5.68742e-35	3.47044e-36	1.54437e-37	8.01869e-39	1.74501e-40	3.87175e-42	1.76083e-43	6.75661e-45	1.0767e-46	4.51878e-48	3.77981e-49	2.1393e-50	1.11009e-51	
Rhaspe	0	0	0	0	0	0	0	0	0	1	0	0	0	0	0	0	0	0	0	0	0	0	0	0	0	0	0	0	0	0	0	0	0	0	0	0	0	0	0	0	0	
N29	4.01848e-25	3.41182e-23	1.32736e-19	2.05859e-16	1.5512e-13	7.00571e-11	2.07586e-08	1.53855e-06	0.000151069	0.0156949	0.290195	0.578595	0.112498	0.00284597	1.77269e-05	6.11006e-08	8.59129e-10	1.29052e-10	1.25937e-12	1.74746e-14	1.01991e-16	5.80279e-20	3.83576e-22	3.8502e-25	4.32723e-28	2.50979e-30	1.21632e-31	1.44991e-34	5.41315e-37	3.52732e-39	2.78581e-42	7.50796e-45	2.1979e-48	2.10193e-51	4.42566e-54	2.27099e-57	3.58598e-61	5.71851e-64	1.93635e-66	1.34524e-68	7.24894e-71	
Rhamar	0	0	0	0	0	0	0	0	0	1	0	0	0	0	0	0	0	0	0	0	0	0	0	0	0	0	0	0	0	0	0	0	0	0	0	0	0	0	0	0	0	
Rhatem	0	0	0	0	0	0	0	0	0	0	1	0	0	0	0	0	0	0	0	0	0	0	0	0	0	0	0	0	0	0	0	0	0	0	0	0	0	0	0	0	0	
N30	5.67183e-37	3.89847e-33	1.46773e-28	2.59408e-25	3.50403e-20	5.37739e-19	9.42679e-15	3.0909e-10	8.69647e-10	1.86753e-08	0.000353466	0.717576	0.277073	0.00497558	2.14187e-05	6.55566e-07	2.30503e-07	1.52345e-08	5.88399e-11	1.71251e-13	6.3128e-16	1.63678e-19	5.24989e-23	1.90514e-26	3.87151e-29	1.04004e-30	5.42243e-33	1.06949e-35	2.07264e-37	7.82396e-39	2.4053e-40	4.10561e-42	5.93383e-44	4.41794e-46	6.17251e-48	1.40227e-49	1.08825e-52	1.14672e-54	2.31795e-56	2.50943e-59	7.02414e-61	
N31	1.44861e-36	4.31037e-31	8.02083e-26	1.42512e-22	1.35244e-17	2.06672e-16	5.78323e-12	1.45012e-08	5.15954e-09	7.72217e-07	0.00477642	0.950889	0.0438426	6.12197e-05	6.91035e-06	1.42455e-05	8.59449e-05	0.000319443	3.4494e-06	1.11681e-08	6.95798e-12	5.45846e-16	1.14494e-19	8.61009e-24	1.03623e-27	3.39528e-31	3.34336e-34	1.51359e-38	2.22604e-41	1.0627e-41	2.07891e-43	2.06605e-45	3.88349e-48	8.12437e-51	6.05027e-53	1.87364e-55	3.54711e-58	2.7277e-60	7.83891e-62	2.42234e-63	5.85486e-65	
N32	8.16533e-31	1.34753e-26	1.65783e-22	2.46401e-19	9.91537e-16	1.02065e-13	1.88366e-10	6.56591e-08	5.21016e-07	5.05838e-05	0.026574	0.93438	0.0382115	0.000346972	4.08385e-05	0.000146194	0.000209273	4.02067e-05	1.38236e-07	1.34721e-10	4.91488e-14	8.90409e-18	7.50399e-21	2.34441e-22	2.69659e-24	9.14573e-27	9.81982e-29	1.51211e-32	9.85331e-36	1.60308e-39	5.79953e-44	1.30183e-47	6.00728e-52	2.82901e-56	1.85799e-59	1.08505e-61	1.22105e-64	4.26821e-68	5.12277e-71	6.13582e-74	2.04615e-77	
N33	3.02438e-39	3.41758e-38	3.78294e-37	3.77534e-36	3.35762e-35	2.62168e-34	2.00333e-18	8.43654e-35	1.07221e-33	6.71385e-15	1.13586e-07	5.66719e-13	2.60642e-31	7.75556e-32	4.96201e-14	3.64793e-07	0.999997	2.68179e-06	4.41713e-13	1.88397e-32	8.05071e-33	1.96534e-33	1.24956e-33	2.03917e-33	2.17686e-33	3.26705e-33	6.75986e-33	2.26157e-33	1.46849e-33	1.24571e-33	3.7481e-34	2.32863e-34	9.86577e-35	3.4747e-35	3.67591e-35	8.58656e-35	5.99661e-35	7.64778e-35	1.86597e-34	2.77318e-34	5.16849e-34	
FGA379	0	0	0	0	0	0	0	0	0	0	0	0	0	0	0	0	1	0	0	0	0	0	0	0	0	0	0	0	0	0	0	0	0	0	0	0	0	0	0	0	0	
F647	0	0	0	0	0	0	0	0	0	0	0	0	0	0	0	0	1	0	0	0	0	0	0	0	0	0	0	0	0	0	0	0	0	0	0	0	0	0	0	0	0	
N34	2.50679e-29	4.05215e-25	4.77015e-21	5.3728e-18	2.42892e-14	1.2518e-12	1.63753e-09	9.41879e-07	3.07259e-06	7.70726e-05	0.0208997	0.926757	0.0516842	0.000506976	6.38684e-05	7.35896e-06	3.03241e-07	3.3191e-09	1.91554e-12	3.90115e-16	3.90682e-20	4.49778e-24	7.66079e-27	7.86494e-29	2.21286e-31	2.03371e-34	4.51527e-37	2.75055e-41	6.83753e-45	4.18761e-49	7.33595e-54	7.38997e-58	3.82172e-62	1.27356e-65	2.20728e-68	2.48662e-70	4.59298e-73	3.97063e-76	7.66502e-79	2.13344e-81	3.34816e-83	
N35	3.87413e-32	3.92854e-27	2.56113e-22	4.71409e-19	5.07512e-15	6.0914e-13	7.57696e-10	3.02902e-07	1.28389e-06	0.000204831	0.0237248	0.912326	0.0631723	0.000568373	2.5133e-06	1.2819e-08	1.9802e-11	3.30587e-14	2.56646e-18	6.53461e-22	4.22165e-26	7.06117e-29	1.87319e-29	3.75668e-28	4.11267e-29	1.91931e-30	1.70035e-31	5.41613e-34	1.24521e-35	4.9039e-37	1.80484e-39	4.246e-41	9.41731e-43	1.43758e-44	4.44158e-46	5.09804e-47	3.38753e-49	8.60515e-51	2.59534e-51	2.10516e-51	2.84148e-51	
N36	2.49809e-35	3.65329e-30	8.12885e-25	2.68554e-21	1.23071e-16	1.01258e-14	1.96301e-10	7.55967e-08	1.7501e-07	5.02379e-05	0.0317429	0.942584	0.0255809	4.14143e-05	2.17e-08	9.42854e-12	1.10784e-15	3.52684e-19	4.11422e-23	2.07421e-26	5.45954e-28	3.86339e-30	1.57311e-31	5.42505e-33	2.05905e-35	6.48632e-37	2.31173e-38	1.39698e-40	3.929e-42	2.03555e-43	1.9274e-45	4.66356e-47	3.27062e-49	3.55974e-51	1.15667e-52	7.03744e-53	3.77569e-54	3.37395e-54	6.18851e-54	2.8887e-54	8.11075e-54	
N37	2.47827e-42	4.75557e-41	8.73632e-40	1.45271e-38	6.93917e-23	3.42993e-20	5.09759e-12	9.11262e-17	1.03362e-15	7.79384e-08	0.999998	1.74306e-06	1.3856e-13	7.43778e-33	1.65439e-33	2.00328e-33	3.81016e-33	9.99071e-33	2.87276e-33	1.53161e-33	4.74819e-34	6.87357e-35	3.61872e-35	7.32901e-35	8.59863e-35	1.48914e-34	4.913e-34	1.0714e-34	6.71443e-35	6.22953e-35	1.29133e-35	7.922e-36	2.1308e-36	5.52527e-37	5.86379e-37	1.83834e-36	1.26339e-36	1.57861e-36	4.93476e-36	1.00834e-35	1.71139e-35	
F3016	0	0	0	0	0	0	0	0	0	0	1	0	0	0	0	0	0	0	0	0	0	0	0	0	0	0	0	0	0	0	0	0	0	0	0	0	0	0	0	0	0	
F3015	0	0	0	0	0	0	0	0	0	0	1	0	0	0	0	0	0	0	0	0	0	0	0	0	0	0	0	0	0	0	0	0	0	0	0	0	0	0	0	0	0	
N38	2.65055e-34	8.14491e-31	5.54009e-26	3.32922e-22	2.10255e-17	2.78783e-15	3.32901e-11	1.88899e-08	1.08943e-07	2.22667e-05	0.0315834	0.948819	0.0195648	1.04395e-05	1.38091e-09	1.13956e-12	1.07338e-15	4.9749e-18	3.64672e-22	1.1231e-25	3.8805e-30	3.06012e-35	6.03131e-37	4.62194e-37	1.95057e-37	8.72702e-39	3.73867e-39	9.44783e-42	2.49152e-43	1.23907e-44	2.26226e-47	4.98547e-49	5.8991e-52	4.77165e-54	9.75883e-56	2.01955e-57	8.55723e-60	1.55577e-61	6.03302e-63	7.34077e-64	2.05558e-65	
N39	7.01564e-37	1.70137e-31	3.31047e-26	2.09576e-22	6.93846e-18	1.84058e-15	6.30645e-12	1.28691e-08	1.09783e-07	1.85361e-05	0.0219761	0.95641	0.0215875	7.89266e-06	3.03193e-09	5.42698e-11	7.37536e-14	2.02982e-16	6.26031e-21	1.97406e-24	2.80306e-29	2.25678e-34	1.63172e-35	6.49888e-33	6.53817e-34	2.4672e-35	5.10747e-36	5.02638e-39	1.14705e-40	5.18638e-42	3.74049e-45	6.83491e-47	8.41765e-50	7.23276e-52	1.92321e-53	1.17269e-53	4.98115e-55	4.45532e-55	9.36783e-55	3.00271e-54	3.58941e-54	
N40	8.76513e-43	1.84938e-36	4.78457e-30	3.66109e-26	2.70382e-20	3.74004e-18	1.37689e-12	8.00732e-10	3.15507e-10	2.63026e-06	0.0320951	0.964833	0.00306932	1.44172e-07	1.45828e-12	3.26296e-16	3.57375e-20	2.32068e-23	1.64498e-28	2.27613e-32	1.07299e-35	1.60253e-39	4.5558e-42	6.92572e-44	1.69822e-46	1.074e-48	8.00303e-50	2.87669e-50	1.89445e-48	6.60056e-45	6.52285e-46	4.7439e-43	2.73768e-43	6.06682e-44	2.06168e-43	3.94514e-40	4.07796e-40	4.05874e-40	1.20981e-39	1.18719e-38	2.15828e-38	
N41	3.2593e-35	1.14672e-31	2.86659e-28	1.68436e-25	1.58402e-20	1.94341e-17	6.17545e-13	1.15019e-10	2.35106e-09	1.83186e-05	0.045238	0.951298	0.00344524	5.90661e-07	1.85107e-11	4.13463e-13	3.88766e-16	5.35163e-18	3.75983e-23	6.46303e-27	1.80243e-32	2.23106e-38	1.60504e-39	1.78751e-38	1.23835e-39	5.92674e-41	7.43392e-41	2.29602e-44	3.72921e-46	1.24542e-47	2.29095e-51	2.76418e-53	5.91847e-57	1.47198e-58	1.73342e-58	1.26232e-56	3.74619e-57	3.74705e-57	1.06068e-56	2.90544e-55	3.12713e-55	
N42	1.50612e-43	3.97048e-42	9.82374e-41	2.18493e-39	3.77294e-23	2.46692e-20	2.92677e-12	1.13315e-16	1.68039e-15	9.98464e-08	0.999996	3.57225e-06	3.00187e-13	3.83779e-33	7.42117e-34	1.37087e-33	2.84787e-33	9.51919e-33	1.77751e-33	7.63748e-34	1.62816e-34	1.80938e-35	1.16466e-35	3.76025e-35	4.59316e-35	8.36991e-35	3.57499e-34	5.21994e-35	2.75312e-35	2.10563e-35	2.98358e-36	1.77829e-36	3.76933e-37	1.13963e-37	1.48161e-37	7.22429e-37	4.93361e-37	5.99076e-37	2.07455e-36	5.15198e-36	7.32798e-36	
F1476	0	0	0	0	0	0	0	0	0	0	1	0	0	0	0	0	0	0	0	0	0	0	0	0	0	0	0	0	0	0	0	0	0	0	0	0	0	0	0	0	0	
FGA81	0	0	0	0	0	0	0	0	0	0	1	0	0	0	0	0	0	0	0	0	0	0	0	0	0	0	0	0	0	0	0	0	0	0	0	0	0	0	0	0	0	
N43	1.11556e-39	1.65931e-34	8.22783e-29	1.59686e-24	6.33016e-20	1.96446e-16	1.11605e-12	1.05542e-09	1.23238e-07	0.00014914	0.0506962	0.938905	0.0102361	1.31203e-05	5.7907e-09	2.22161e-10	2.64295e-13	1.6907e-15	1.14292e-20	1.60748e-24	9.90206e-30	4.13593e-33	1.23341e-33	1.80035e-31	5.54656e-33	2.0133e-34	1.03174e-34	3.15137e-38	4.03724e-40	9.82802e-42	2.74467e-45	3.41801e-47	3.27867e-50	3.31595e-52	9.10597e-54	8.36678e-54	3.61178e-56	5.32024e-58	1.8103e-59	2.29897e-60	3.14556e-62	
Furcep	0	0	0	0	0	0	0	0	0	0	0	0	0	1	0	0	0	0	0	0	0	0	0	0	0	0	0	0	0	0	0	0	0	0	0	0	0	0	0	0	0	
N44	1.15794e-34	4.93425e-32	6.26895e-27	8.89307e-23	3.47554e-18	2.2709e-15	6.12403e-11	6.10048e-09	8.90868e-08	6.03327e-05	0.0907176	0.904773	0.00444684	2.05832e-06	2.89727e-10	1.22084e-12	5.00448e-16	6.3604e-18	5.44111e-22	2.65051e-25	1.42412e-29	1.18425e-34	2.28292e-38	2.40461e-41	5.12406e-46	8.68573e-50	1.93548e-52	1.99548e-54	4.68317e-54	3.04885e-53	8.58403e-55	5.6613e-54	4.62277e-57	2.62157e-59	1.33166e-59	2.02383e-58	1.50323e-61	1.69846e-63	4.43085e-65	3.6875e-66	6.02114e-68	
Furpol	0	0	0	0	0	0	0	0	0	0	0	1	0	0	0	0	0	0	0	0	0	0	0	0	0	0	0	0	0	0	0	0	0	0	0	0	0	0	0	0	0	
N45	2.84979e-35	4.0978e-30	3.69678e-25	2.62909e-21	2.39728e-17	2.30676e-14	3.98485e-10	8.2495e-10	3.81715e-08	0.00040155	0.81958	0.179861	0.000157127	2.36912e-08	1.56027e-12	3.38865e-15	5.44244e-18	3.16743e-20	1.01898e-24	1.88261e-28	4.11719e-33	2.39129e-38	1.35458e-42	6.69226e-46	8.18118e-50	1.44088e-53	1.66122e-56	4.0666e-58	4.99951e-58	1.70385e-57	2.83822e-59	1.07088e-58	7.31779e-62	1.18654e-64	3.82853e-65	3.51156e-64	1.80481e-66	1.5924e-68	5.83656e-70	3.70412e-71	3.45961e-73	
N46	7.95122e-36	1.41879e-30	1.64922e-25	1.54215e-21	1.95761e-17	2.64013e-14	6.9061e-10	1.14045e-09	5.26073e-08	0.000588722	0.968487	0.0309144	1.00764e-05	7.33024e-10	2.72723e-13	1.32202e-15	7.78596e-19	9.16991e-22	1.3153e-26	1.34939e-30	1.63455e-35	2.67332e-40	4.27071e-44	5.23279e-47	2.66415e-51	2.3157e-55	8.29955e-59	1.75873e-64	1.70568e-68	8.01761e-71	2.06706e-74	7.53202e-77	8.2159e-80	2.66684e-82	2.10504e-84	1.7234e-85	2.2062e-88	8.89443e-91	7.64846e-93	7.78533e-95	2.95846e-97	
N47	6.71137e-47	4.09095e-45	2.33723e-43	1.22067e-41	1.20412e-22	1.87569e-19	3.34591e-12	4.63526e-15	1.4784e-13	1.07123e-06	0.999992	6.65604e-06	2.69073e-12	5.46835e-35	1.4147e-34	6.89114e-34	6.90762e-34	3.79109e-34	2.19629e-35	8.0535e-36	7.10465e-37	6.8069e-37	1.03714e-36	8.94783e-36	4.80611e-36	4.69466e-36	4.72774e-36	2.18169e-37	1.00529e-37	7.24981e-38	3.88696e-39	2.53085e-39	4.63942e-39	3.65724e-39	6.02774e-39	7.70281e-38	2.23626e-38	2.18926e-38	4.06334e-38	2.12466e-38	2.44946e-38	
F2241	0	0	0	0	0	0	0	0	0	0	1	0	0	0	0	0	0	0	0	0	0	0	0	0	0	0	0	0	0	0	0	0	0	0	0	0	0	0	0	0	0	
F12266	0	0	0	0	0	0	0	0	0	0	1	0	0	0	0	0	0	0	0	0	0	0	0	0	0	0	0	0	0	0	0	0	0	0	0	0	0	0	0	0	0	
Furang	0	0	0	0	0	0	0	0	0	0	1	0	0	0	0	0	0	0	0	0	0	0	0	0	0	0	0	0	0	0	0	0	0	0	0	0	0	0	0	0	0	
Fga490	0	0	0	0	0	0	0	0	0	0	1	0	0	0	0	0	0	0	0	0	0	0	0	0	0	0	0	0	0	0	0	0	0	0	0	0	0	0	0	0	0	
N48	2.93071e-40	2.54771e-34	1.32554e-28	8.79047e-25	1.48018e-19	1.86037e-17	2.05662e-12	1.41576e-09	1.29888e-09	4.8478e-06	0.0448821	0.954487	0.000626189	3.88196e-08	1.81144e-12	5.84603e-15	2.36524e-18	4.11501e-21	2.79744e-26	1.57277e-30	5.78054e-36	1.21562e-41	4.93979e-44	7.85521e-43	4.65435e-44	4.69344e-46	4.17128e-47	3.92023e-49	2.01956e-47	1.25955e-44	3.33002e-45	1.16108e-42	1.19427e-43	3.8351e-44	9.73247e-43	3.74359e-39	1.71475e-39	1.73518e-39	5.20475e-39	3.95802e-38	4.58099e-38	
N49	8.57378e-39	4.29629e-33	1.32793e-27	8.40848e-24	7.25891e-19	8.6207e-17	2.36677e-12	3.63997e-09	2.98661e-08	4.70396e-06	0.0386696	0.960262	0.00106314	1.04867e-07	4.97129e-11	6.33161e-13	4.42583e-16	8.07643e-19	6.15971e-24	5.71907e-28	3.08689e-33	2.79712e-38	4.93454e-41	2.18049e-40	1.43021e-39	3.60056e-41	5.21626e-42	1.71807e-45	1.38322e-47	1.99001e-49	6.19377e-53	5.18974e-55	9.24246e-58	7.55994e-60	1.48317e-61	5.72259e-62	1.72602e-64	1.7833e-66	3.97114e-68	1.55778e-69	1.5443e-71	
N50	1.7716e-41	3.22348e-35	3.29109e-29	3.11335e-25	8.26099e-20	5.95158e-18	6.20057e-14	5.12111e-09	2.99227e-08	2.72646e-07	0.00229351	0.992836	0.00486847	1.64322e-06	2.60523e-09	1.85281e-11	5.54001e-15	1.27505e-18	3.18008e-24	1.0554e-28	1.9736e-34	8.51302e-38	1.29726e-39	3.03549e-39	1.72017e-39	1.34136e-41	2.28341e-43	2.33789e-47	6.79715e-47	7.69664e-45	1.5597e-45	4.6901e-45	4.94571e-43	1.23189e-42	2.31613e-42	1.12687e-40	1.00428e-39	4.24197e-39	1.39883e-38	1.79639e-38	1.8966e-38	
N51	9.25392e-38	1.20684e-33	3.70318e-28	2.21296e-24	3.4727e-19	7.29804e-18	2.61619e-13	3.81278e-09	1.71768e-09	5.61936e-08	0.000838247	0.99683	0.0023312	3.56997e-07	4.94182e-11	1.39023e-13	1.20087e-16	9.79415e-19	2.42567e-23	6.2134e-27	7.71204e-32	5.32416e-37	6.49493e-41	2.37156e-44	9.95729e-49	1.09138e-52	1.81159e-55	1.0007e-58	3.50502e-59	7.91563e-58	2.91773e-61	1.08204e-60	2.16205e-59	8.99432e-60	9.37243e-60	4.5142e-58	1.17077e-56	1.17367e-56	3.18836e-56	3.93668e-55	4.80624e-55	
N52	2.90131e-37	5.81816e-32	7.00125e-27	1.61853e-23	1.12658e-18	9.40392e-18	2.06167e-13	2.50621e-09	1.04979e-09	4.83917e-08	0.00060163	0.998144	0.00125396	1.83755e-07	1.40074e-11	7.73035e-14	1.24699e-16	8.62936e-19	1.51238e-23	2.05762e-27	2.72791e-32	1.14636e-37	7.91418e-42	8.8592e-45	9.73988e-49	1.62493e-52	2.19577e-55	4.73186e-61	1.42137e-65	4.10242e-69	8.45709e-73	3.15323e-75	8.82686e-79	9.22989e-82	6.11626e-84	4.65901e-85	1.1312e-87	4.95496e-90	8.88929e-92	3.29353e-93	1.29154e-95	
FGA456	0	0	0	0	0	0	0	0	0	0	0	1	0	0	0	0	0	0	0	0	0	0	0	0	0	0	0	0	0	0	0	0	0	0	0	0	0	0	0	0	0	
N53	1.11388e-48	6.97673e-47	1.47793e-65	6.50329e-44	4.13605e-24	2.75442e-34	6.67525e-19	8.11335e-12	1.9066e-15	6.24302e-14	7.01036e-07	0.999998	1.24429e-06	1.95996e-13	1.19416e-35	5.16994e-35	1.29068e-34	1.2632e-33	8.10258e-35	3.27788e-35	2.68915e-36	9.94245e-38	5.76566e-38	4.65027e-37	6.03311e-37	1.25655e-36	1.59727e-35	7.79241e-37	3.79078e-37	3.05634e-37	1.59529e-38	9.5975e-39	7.09339e-40	1.69283e-40	2.37793e-40	3.05657e-39	2.01311e-39	2.20765e-39	1.02804e-38	6.99232e-38	8.07605e-38	
FGA516	0	0	0	0	0	0	0	0	0	0	0	1	0	0	0	0	0	0	0	0	0	0	0	0	0	0	0	0	0	0	0	0	0	0	0	0	0	0	0	0	0	
FGA513	0	0	0	0	0	0	0	0	0	0	0	1	0	0	0	0	0	0	0	0	0	0	0	0	0	0	0	0	0	0	0	0	0	0	0	0	0	0	0	0	0	
N54	9.59232e-47	4.38457e-45	4.67152e-66	1.48233e-44	6.60802e-25	3.62582e-34	4.70779e-20	4.42921e-12	5.34056e-17	1.0872e-15	9.26347e-08	1	1.63179e-07	3.3739e-15	4.89273e-35	1.42261e-34	3.41807e-34	2.0639e-33	2.14306e-34	8.64495e-35	1.09594e-35	6.57933e-37	3.94457e-37	2.09156e-36	2.75436e-36	5.54857e-36	4.30805e-35	3.44758e-36	1.70395e-36	1.30775e-36	1.07283e-37	6.40077e-38	7.57464e-39	1.95355e-39	2.67192e-39	2.21518e-38	1.54021e-38	1.77265e-38	7.53054e-38	3.20688e-37	3.98747e-37	
F12278	0	0	0	0	0	0	0	0	0	0	0	1	0	0	0	0	0	0	0	0	0	0	0	0	0	0	0	0	0	0	0	0	0	0	0	0	0	0	0	0	0	
F12279	0	0	0	0	0	0	0	0	0	0	0	1	0	0	0	0	0	0	0	0	0	0	0	0	0	0	0	0	0	0	0	0	0	0	0	0	0	0	0	0	0	
N55	3.6114e-35	5.94538e-30	6.24726e-25	5.76205e-21	4.33759e-17	2.32702e-14	4.74025e-12	4.07479e-08	3.60255e-06	2.47836e-05	0.000884652	0.833298	0.161798	0.00398921	2.34466e-06	4.67605e-08	1.4543e-10	1.57353e-12	4.62591e-17	8.19542e-21	1.70113e-25	1.76654e-30	3.6853e-34	8.75582e-37	1.30925e-40	3.18391e-44	5.47293e-47	1.78408e-52	6.74409e-57	3.4341e-61	7.6501e-67	3.20417e-71	3.33175e-75	8.16717e-78	7.62565e-80	7.8634e-81	1.83716e-83	9.21347e-86	1.66169e-87	5.67665e-89	2.49787e-91	
Furant	0	0	0	0	0	0	0	0	0	0	0	1	0	0	0	0	0	0	0	0	0	0	0	0	0	0	0	0	0	0	0	0	0	0	0	0	0	0	0	0	0	
N56	1.79378e-45	9.28951e-44	4.48871e-42	1.99647e-40	3.28146e-42	2.49832e-21	8.32607e-31	2.34938e-17	2.97405e-09	2.5916e-13	1.62958e-30	2.88055e-11	1.51104e-05	0.999985	1.64821e-07	3.39929e-13	3.59169e-32	2.94853e-31	2.18902e-32	8.71088e-33	8.16005e-34	3.61978e-35	2.24121e-35	1.6066e-34	2.01499e-34	4.09686e-34	4.38401e-33	2.49295e-34	1.20772e-34	9.41337e-35	5.64392e-36	3.38411e-36	2.98548e-37	7.82385e-38	1.1135e-37	1.25554e-36	8.01749e-37	8.87412e-37	3.94743e-36	2.2739e-35	2.67584e-35	
FGA331	0	0	0	0	0	0	0	0	0	0	0	0	0	1	0	0	0	0	0	0	0	0	0	0	0	0	0	0	0	0	0	0	0	0	0	0	0	0	0	0	0	
FGA332	0	0	0	0	0	0	0	0	0	0	0	0	0	1	0	0	0	0	0	0	0	0	0	0	0	0	0	0	0	0	0	0	0	0	0	0	0	0	0	0	0	
FGA465	0	0	0	0	0	0	0	0	0	0	1	0	0	0	0	0	0	0	0	0	0	0	0	0	0	0	0	0	0	0	0	0	0	0	0	0	0	0	0	0	0	
N57	1.25542e-36	2.82145e-31	4.0965e-26	2.27168e-22	6.70618e-18	2.60218e-15	8.09081e-11	3.44937e-09	1.44996e-08	8.88358e-05	0.256754	0.742715	0.000441934	4.40342e-08	3.93969e-12	1.81723e-14	2.25248e-17	9.60106e-20	1.44752e-24	1.26363e-28	1.47922e-33	7.02286e-39	5.61072e-43	5.43914e-46	4.71497e-50	6.12271e-54	1.34342e-56	4.56528e-57	1.79501e-57	5.31476e-57	1.80911e-59	1.24764e-57	3.55209e-58	1.19858e-58	6.40128e-58	1.35825e-54	1.95477e-54	2.10168e-54	9.19598e-54	7.11045e-53	7.99542e-53	
N58	2.28214e-45	9.5268e-44	3.69324e-42	1.28635e-40	9.47615e-23	9.62278e-20	3.34785e-12	1.03439e-15	2.28803e-14	3.75368e-07	0.999976	2.40137e-05	6.18299e-12	1.65793e-33	2.80654e-34	8.3456e-34	1.56977e-33	7.32804e-33	7.86993e-34	3.04154e-34	3.95777e-35	3.30985e-36	2.83347e-36	1.50942e-35	1.47936e-35	2.56859e-35	1.63607e-34	1.37136e-35	6.62937e-36	4.7711e-36	4.02764e-37	2.39919e-37	3.91347e-38	1.60164e-38	2.4271e-38	1.93257e-37	9.76117e-38	1.07215e-37	3.74666e-37	1.31089e-36	1.63361e-36	
FGA99	0	0	0	0	0	0	0	0	0	0	1	0	0	0	0	0	0	0	0	0	0	0	0	0	0	0	0	0	0	0	0	0	0	0	0	0	0	0	0	0	0	
F12269	0	0	0	0	0	0	0	0	0	0	1	0	0	0	0	0	0	0	0	0	0	0	0	0	0	0	0	0	0	0	0	0	0	0	0	0	0	0	0	0	0	
N59	2.30685e-35	3.41181e-30	3.14298e-25	1.6144e-21	3.6252e-17	5.89128e-15	1.11187e-10	2.00446e-08	1.46662e-07	9.61291e-05	0.268015	0.73142	0.000468492	5.08504e-08	4.91207e-11	6.7894e-13	7.24345e-16	1.54536e-18	2.53235e-23	4.38022e-27	6.02197e-32	2.06809e-36	6.10863e-40	1.87002e-42	1.55387e-46	2.20095e-50	1.37473e-53	3.09219e-59	1.32166e-63	4.64957e-67	4.34995e-70	2.19186e-70	5.32963e-71	3.58026e-71	5.74527e-71	1.50142e-69	4.19687e-70	4.16858e-70	9.00714e-70	2.58624e-69	2.79328e-69	
N60	3.49831e-46	1.61787e-44	6.93302e-43	2.69688e-41	4.27964e-25	5.12354e-22	1.59657e-13	8.55155e-18	2.46349e-16	3.90666e-08	0.999996	4.31404e-06	1.17794e-13	1.28432e-33	1.60253e-34	5.97302e-34	1.15105e-33	7.11568e-33	5.82858e-34	2.28001e-34	2.33386e-35	1.44445e-36	1.19084e-36	8.08278e-36	7.84596e-36	1.39634e-35	1.1859e-34	7.49263e-36	3.6089e-36	2.72335e-36	1.79078e-37	1.07147e-37	1.30041e-38	4.94549e-39	7.55021e-39	7.78812e-38	3.79516e-38	4.089e-38	1.51488e-37	6.94297e-37	8.28075e-37	
FGA15	0	0	0	0	0	0	0	0	0	0	1	0	0	0	0	0	0	0	0	0	0	0	0	0	0	0	0	0	0	0	0	0	0	0	0	0	0	0	0	0	0	
FGA440	0	0	0	0	0	0	0	0	0	0	1	0	0	0	0	0	0	0	0	0	0	0	0	0	0	0	0	0	0	0	0	0	0	0	0	0	0	0	0	0	0	
N61	1.23416e-45	6.69726e-44	1.035e-64	3.72879e-43	1.84271e-23	9.75476e-33	1.47914e-18	1.2444e-10	1.57295e-15	2.67795e-14	1.30405e-06	0.999999	1.20894e-07	2.43415e-15	6.1231e-34	2.42399e-33	2.44353e-33	1.54335e-33	1.12093e-34	4.06862e-35	4.45995e-36	3.80172e-36	5.76831e-36	4.0109e-35	2.20119e-35	2.15521e-35	2.45057e-35	1.4301e-36	6.59796e-37	4.60013e-37	3.07186e-38	2.00989e-38	3.28912e-38	2.62087e-38	4.30935e-38	4.39583e-37	1.32773e-37	1.2952e-37	2.37946e-37	1.42337e-37	1.69016e-37	
FGA581	0	0	0	0	0	0	0	0	0	0	0	1	0	0	0	0	0	0	0	0	0	0	0	0	0	0	0	0	0	0	0	0	0	0	0	0	0	0	0	0	0	
FGA582	0	0	0	0	0	0	0	0	0	0	0	1	0	0	0	0	0	0	0	0	0	0	0	0	0	0	0	0	0	0	0	0	0	0	0	0	0	0	0	0	0	
N62	4.23383e-42	8.96659e-41	1.78845e-39	3.18992e-38	5.01955e-37	6.44064e-20	3.90009e-36	6.02371e-16	2.44086e-09	7.63965e-15	3.66359e-13	3.13892e-06	0.999997	3.25227e-07	6.35797e-14	4.23672e-33	6.93823e-33	1.66172e-32	3.44106e-33	1.43097e-33	3.3605e-34	5.74464e-35	5.15254e-35	1.54021e-34	1.46566e-34	2.26212e-34	7.27506e-34	1.20449e-34	6.25705e-35	4.46327e-35	6.98144e-36	4.18109e-36	1.34334e-36	6.31631e-37	8.99524e-37	3.85653e-36	2.0819e-36	2.37132e-36	6.60724e-36	1.26319e-35	1.83389e-35	
FGA104	0	0	0	0	0	0	0	0	0	0	0	0	1	0	0	0	0	0	0	0	0	0	0	0	0	0	0	0	0	0	0	0	0	0	0	0	0	0	0	0	0	
FGA105	0	0	0	0	0	0	0	0	0	0	0	0	1	0	0	0	0	0	0	0	0	0	0	0	0	0	0	0	0	0	0	0	0	0	0	0	0	0	0	0	0	
FGA489	0	0	0	0	0	0	0	0	0	0	1	0	0	0	0	0	0	0	0	0	0	0	0	0	0	0	0	0	0	0	0	0	0	0	0	0	0	0	0	0	0	
N63	8.21661e-41	1.45363e-39	5.91618e-45	8.08851e-25	2.32652e-22	4.54625e-16	6.48029e-19	3.65261e-13	4.11783e-07	3.02661e-10	3.24208e-14	2.65038e-09	0.000138439	0.99984	2.1218e-05	5.39527e-10	7.04886e-15	1.00125e-31	2.47202e-32	1.07746e-32	2.92843e-33	5.07606e-34	3.9767e-34	1.0332e-33	1.09471e-33	1.75682e-33	5.18742e-33	1.02731e-33	5.54407e-34	4.05211e-34	7.43967e-35	4.45279e-35	1.43006e-35	5.81588e-36	7.75804e-36	2.89758e-35	1.79554e-35	2.15677e-35	6.11216e-35	1.10986e-34	1.69716e-34	
FGA174	0	0	0	0	0	0	0	0	0	0	0	0	0	1	0	0	0	0	0	0	0	0	0	0	0	0	0	0	0	0	0	0	0	0	0	0	0	0	0	0	0	
FGA175	0	0	0	0	0	0	0	0	0	0	0	0	0	1	0	0	0	0	0	0	0	0	0	0	0	0	0	0	0	0	0	0	0	0	0	0	0	0	0	0	0	
FurbGB	0	0	0	0	0	0	0	0	0	0	0	1	0	0	0	0	0	0	0	0	0	0	0	0	0	0	0	0	0	0	0	0	0	0	0	0	0	0	0	0	0	
N64	3.06699e-35	2.86684e-31	1.85786e-26	6.46715e-23	1.63473e-18	1.46402e-16	1.19238e-12	9.88493e-10	1.32444e-09	4.33931e-07	0.00182687	0.27521	0.00984865	1.37751e-05	2.38825e-06	8.51378e-05	0.00615624	0.682661	0.0233587	0.000835977	1.60005e-06	3.72105e-10	1.13872e-12	1.60586e-15	2.26133e-18	6.21135e-21	2.25296e-22	2.74231e-26	2.25639e-29	2.98043e-32	1.12705e-36	8.67999e-40	1.12615e-41	1.71178e-43	1.72077e-44	2.01142e-44	1.13611e-45	4.31581e-47	4.69671e-48	2.12357e-48	3.81485e-49	
N65	6.8272e-34	1.69344e-29	3.10666e-25	6.87781e-22	4.37909e-18	5.97216e-16	2.40119e-12	9.09009e-10	4.76926e-09	1.25211e-06	0.00148971	0.0567757	0.00157063	1.01544e-05	2.58103e-06	0.000259934	0.0389732	0.873785	0.0266615	0.000469748	9.61521e-07	4.59464e-10	8.66108e-13	1.4693e-14	1.95282e-16	1.25208e-18	3.29288e-20	6.86482e-24	7.77828e-27	6.66343e-30	4.23325e-34	2.11951e-37	1.30801e-41	9.05568e-46	5.3323e-49	1.64318e-51	1.46121e-54	7.0859e-58	1.29481e-60	3.00932e-63	1.45971e-66	
N66	6.42116e-35	4.05647e-30	1.81721e-25	3.72803e-22	3.62591e-18	4.97656e-16	4.69478e-12	1.0116e-10	8.58535e-10	4.7823e-07	0.000321481	0.000639478	6.75992e-06	2.70673e-06	1.88891e-05	0.00989388	0.406517	0.57871	0.00388397	5.14014e-06	2.16738e-09	3.75986e-13	2.25764e-16	1.14227e-18	2.01988e-21	1.66159e-24	2.43569e-27	2.33303e-28	1.41043e-28	4.66692e-30	2.21568e-32	3.31131e-34	2.0806e-36	1.41058e-38	7.13352e-40	1.6893e-40	9.21548e-42	3.31636e-43	3.22089e-44	1.94649e-45	7.08828e-47	
N67	4.57577e-43	7.87227e-42	7.81101e-66	5.1686e-45	3.70565e-26	1.26499e-36	4.33274e-22	4.34972e-16	5.05012e-20	4.86076e-19	4.40676e-13	2.57635e-08	9.32135e-13	3.15943e-17	8.04338e-17	1.07586e-10	3.62389e-05	0.999949	1.44564e-05	3.20032e-11	4.15833e-17	5.01072e-34	1.14383e-33	4.17736e-33	5.40151e-33	5.47268e-33	4.71304e-33	9.86541e-34	4.0392e-34	1.02644e-34	1.32052e-35	7.13311e-36	1.6561e-35	2.24572e-35	4.35771e-35	1.81701e-34	1.58233e-34	1.74335e-34	2.76167e-34	1.58394e-34	2.16615e-34	
CGA312	0	0	0	0	0	0	0	0	0	0	0	0	0	0	0	0	0	1	0	0	0	0	0	0	0	0	0	0	0	0	0	0	0	0	0	0	0	0	0	0	0	
CGA963	0	0	0	0	0	0	0	0	0	0	0	0	0	0	0	0	0	1	0	0	0	0	0	0	0	0	0	0	0	0	0	0	0	0	0	0	0	0	0	0	0	
N68	1.41694e-40	4.82516e-36	1.75449e-30	2.38812e-26	1.09396e-21	7.10702e-19	2.21907e-14	2.12131e-13	3.27656e-11	1.09687e-07	3.19595e-05	2.63425e-05	2.9405e-06	1.2196e-06	6.08021e-05	0.0300175	0.590906	0.378524	0.000428393	4.87651e-08	1.343e-12	1.41244e-17	7.82335e-22	3.18697e-24	2.88295e-27	1.43675e-30	1.18121e-29	5.02649e-30	2.12489e-31	5.45943e-34	2.511e-37	1.95329e-39	1.47027e-42	1.38852e-45	2.6819e-47	9.80985e-48	4.84659e-49	4.91654e-51	1.22761e-52	6.4115e-54	7.0972e-56	
N69	9.2803e-45	1.44914e-39	1.24757e-34	4.06467e-31	1.91619e-26	6.14294e-22	2.40582e-17	1.8058e-16	3.04599e-13	1.06833e-08	9.48599e-07	7.22434e-07	4.07724e-07	1.48671e-06	0.00226363	0.198851	0.792661	0.00622067	9.64861e-08	1.90461e-13	1.10494e-19	2.9249e-26	2.18721e-31	1.69793e-34	6.23924e-35	4.50139e-34	1.25781e-30	2.38004e-31	1.95971e-31	9.02061e-33	1.03479e-34	3.56215e-35	7.61236e-37	1.11022e-37	2.65292e-37	1.91404e-35	2.06452e-34	2.11389e-34	6.38422e-34	7.36014e-33	8.67584e-33	
N70	1.99669e-41	1.90288e-37	1.14793e-33	3.03597e-31	2.38069e-27	1.84236e-23	2.34655e-18	4.13435e-16	1.29653e-13	1.57328e-09	1.16378e-07	2.66386e-07	3.57171e-07	6.93292e-07	0.00169225	0.192346	0.802111	0.00384911	1.75331e-07	6.43491e-12	8.46626e-15	3.05345e-17	8.64049e-21	8.25458e-24	2.69712e-27	7.56585e-29	8.91398e-31	1.82032e-34	1.65743e-36	1.57613e-39	2.48214e-41	5.08076e-43	1.40196e-43	1.1982e-45	1.951e-47	2.9974e-48	8.60156e-51	1.11805e-52	2.72881e-54	6.60668e-57	7.75538e-59	
N71	2.05981e-44	1.04074e-38	2.96037e-33	8.71428e-30	4.44494e-25	7.47284e-23	4.80105e-18	6.35362e-17	2.97177e-17	3.56362e-13	4.5041e-09	1.8932e-08	5.7332e-10	1.55855e-09	1.19566e-05	0.0411039	0.936998	0.0218805	5.17477e-06	3.62402e-10	4.16796e-13	4.09462e-16	1.27529e-19	5.76569e-23	2.213e-27	7.33539e-30	3.03218e-32	3.66199e-35	1.6241e-37	3.11208e-40	3.98821e-42	7.21875e-44	4.44085e-45	4.42983e-47	7.20195e-49	3.6719e-50	8.80447e-53	6.24209e-55	6.80463e-57	6.6941e-60	6.10431e-62	
CGA642	0	0	0	0	0	0	0	0	0	0	0	0	0	0	0	0	1	0	0	0	0	0	0	0	0	0	0	0	0	0	0	0	0	0	0	0	0	0	0	0	0	
N72	1.8742e-37	4.49143e-34	8.03863e-31	6.22185e-29	6.50552e-26	4.94702e-24	1.4018e-19	4.59089e-18	1.05068e-16	2.61777e-13	2.14595e-09	8.18424e-09	2.15906e-10	6.55255e-09	5.30492e-06	0.045836	0.921815	0.0323394	4.50914e-06	1.4452e-10	1.77432e-14	3.53764e-16	4.66774e-19	9.79018e-21	1.22487e-23	3.75864e-27	7.05397e-32	1.74635e-37	1.3797e-41	4.14767e-47	1.52696e-52	1.64823e-56	4.08089e-59	2.98592e-63	6.43869e-66	3.29688e-66	7.5171e-67	7.23282e-67	1.41465e-66	5.58329e-68	5.58462e-68	
N73	3.62043e-53	2.19752e-51	1.24637e-49	2.50434e-71	5.82354e-51	1.19039e-44	4.11569e-29	2.11121e-37	5.74467e-43	1.63755e-22	5.43735e-15	6.33777e-21	9.27396e-36	3.18561e-17	1.37655e-08	0.999997	2.94527e-06	1.74253e-13	1.36992e-32	6.44122e-34	2.33322e-35	2.56124e-35	8.50009e-35	1.1667e-33	4.99699e-33	5.14345e-33	4.5814e-33	3.16407e-34	1.14709e-34	1.02491e-35	3.37789e-37	1.02505e-37	2.12307e-37	3.69546e-37	9.15562e-37	1.42164e-35	3.92952e-35	4.20369e-35	7.83982e-35	3.79439e-35	4.27477e-35	
CGA763	0	0	0	0	0	0	0	0	0	0	0	0	0	0	0	1	0	0	0	0	0	0	0	0	0	0	0	0	0	0	0	0	0	0	0	0	0	0	0	0	0	
CGA764	0	0	0	0	0	0	0	0	0	0	0	0	0	0	0	1	0	0	0	0	0	0	0	0	0	0	0	0	0	0	0	0	0	0	0	0	0	0	0	0	0	
N74	1.69318e-52	1.02937e-50	5.72853e-49	2.84113e-47	1.2383e-45	2.18037e-47	1.49508e-42	9.51969e-26	2.0155e-35	6.42925e-41	2.6592e-20	6.49229e-12	5.20583e-17	6.93934e-33	8.79495e-32	1.23896e-13	2.1999e-06	0.999998	2.75253e-08	1.3741e-16	1.13876e-34	7.81472e-34	2.02519e-33	1.74495e-32	9.17917e-33	8.2245e-33	1.14863e-33	4.96608e-35	1.37336e-35	9.89163e-37	4.82464e-37	7.67971e-37	8.24559e-36	1.13905e-35	2.40515e-35	2.62429e-34	7.76239e-35	7.454e-35	1.24476e-34	1.02809e-35	1.28356e-35	
C601	0	0	0	0	0	0	0	0	0	0	0	0	0	0	0	0	0	1	0	0	0	0	0	0	0	0	0	0	0	0	0	0	0	0	0	0	0	0	0	0	0	
C602	0	0	0	0	0	0	0	0	0	0	0	0	0	0	0	0	0	1	0	0	0	0	0	0	0	0	0	0	0	0	0	0	0	0	0	0	0	0	0	0	0	
N75	6.90874e-37	1.70658e-33	3.10403e-30	9.46086e-28	1.1477e-25	5.55438e-22	1.84741e-18	6.07336e-16	7.59659e-13	7.88071e-10	5.40838e-08	2.38895e-07	3.58894e-07	4.39481e-06	0.00279015	0.207748	0.786701	0.00275481	3.41428e-07	9.54356e-12	1.62499e-15	4.35217e-17	5.04608e-20	8.42768e-22	6.77435e-25	8.03611e-28	2.9049e-29	2.52828e-32	4.25283e-34	2.32011e-37	2.41059e-40	8.43267e-42	8.86958e-42	1.53115e-43	5.51653e-45	5.82265e-45	1.28471e-46	2.56976e-48	9.51297e-50	1.59918e-52	2.8311e-54	
CGA236	0	0	0	0	0	0	0	0	0	0	0	0	0	0	0	0	1	0	0	0	0	0	0	0	0	0	0	0	0	0	0	0	0	0	0	0	0	0	0	0	0	
N76	1.35651e-32	1.18026e-29	7.78628e-27	7.88879e-25	9.87657e-24	2.3258e-20	2.10188e-17	1.4264e-14	1.60298e-11	1.35562e-09	3.71221e-08	1.76994e-07	1.60183e-06	0.00047168	0.0277311	0.325636	0.643554	0.0026042	7.66604e-07	5.85765e-11	5.9188e-15	1.92015e-16	7.75709e-19	2.84261e-20	1.34029e-22	9.10086e-26	5.81292e-30	4.85667e-35	6.7241e-39	6.02893e-44	2.53639e-49	4.81445e-53	2.79211e-55	6.6871e-59	2.45278e-62	1.48994e-64	7.07777e-68	9.80644e-71	1.20693e-72	4.7224e-76	2.88738e-78	
N77	5.9112e-37	3.62211e-32	1.52474e-27	6.70813e-24	2.83398e-20	7.95039e-18	1.24642e-15	3.11365e-12	9.65459e-11	5.60927e-10	2.43182e-08	4.12018e-05	0.00221842	0.0202212	0.03238	0.347448	0.574555	0.0231241	1.16822e-05	1.85902e-09	8.26424e-12	7.46056e-14	1.54002e-16	9.03e-19	5.3077e-22	2.72252e-25	1.75786e-29	2.84575e-34	2.5904e-38	5.28643e-43	9.07255e-47	2.91834e-50	4.74295e-53	6.55279e-57	1.57812e-60	1.88464e-63	1.04266e-67	1.10519e-71	1.82534e-75	1.32789e-80	1.21526e-84	
Calboe	0	0	0	0	0	0	0	0	0	0	0	0	0	1	0	0	0	0	0	0	0	0	0	0	0	0	0	0	0	0	0	0	0	0	0	0	0	0	0	0	0	
C3125	0	0	0	0	0	0	0	0	0	0	0	0	0	0	0	0	0	1	0	0	0	0	0	0	0	0	0	0	0	0	0	0	0	0	0	0	0	0	0	0	0	
N78	3.93637e-48	9.85718e-47	2.34291e-45	5.07146e-44	2.74683e-65	1.75058e-41	3.86895e-44	2.88507e-60	6.12275e-40	1.35134e-22	2.53234e-37	8.70563e-35	4.48954e-35	1.53861e-17	1	1.20903e-15	1.87469e-31	1.16995e-31	1.47206e-32	1.26721e-33	3.58284e-34	1.02131e-33	2.59156e-33	1.30012e-32	2.09647e-32	1.95316e-32	6.85155e-33	7.71025e-34	2.49377e-34	4.0761e-35	5.4733e-36	5.3036e-36	2.37828e-35	3.36555e-35	6.9418e-35	4.02248e-34	4.27377e-34	4.64607e-34	7.1204e-34	1.56426e-34	1.80932e-34	
CGA429	0	0	0	0	0	0	0	0	0	0	0	0	0	0	1	0	0	0	0	0	0	0	0	0	0	0	0	0	0	0	0	0	0	0	0	0	0	0	0	0	0	
CGA430	0	0	0	0	0	0	0	0	0	0	0	0	0	0	1	0	0	0	0	0	0	0	0	0	0	0	0	0	0	0	0	0	0	0	0	0	0	0	0	0	0	
N79	1.53894e-35	7.25512e-32	2.30583e-28	1.72857e-25	2.04996e-24	1.10308e-20	7.53462e-18	2.47938e-15	1.46022e-10	6.52245e-08	3.5941e-08	3.17672e-08	4.73406e-07	0.00198315	0.446	0.485415	0.0665239	7.75207e-05	1.85269e-09	1.37111e-14	4.56078e-20	1.68784e-23	1.50168e-26	4.73697e-27	3.09808e-27	1.12325e-28	3.83323e-30	1.73723e-33	1.83264e-35	9.75233e-39	1.63539e-42	1.01843e-44	5.40471e-46	1.98053e-47	1.01713e-48	1.43884e-48	4.76167e-49	2.12111e-49	4.09691e-49	2.14436e-49	2.20755e-49	
N80	1.90977e-46	3.90175e-45	7.48806e-44	1.28867e-42	1.37699e-64	3.92499e-44	3.94052e-44	6.57995e-41	3.59362e-23	2.98545e-37	1.07212e-34	5.38274e-35	1.71043e-17	1	1.06796e-15	1.55424e-31	3.3365e-31	7.61764e-32	9.79073e-33	1.27931e-33	2.73511e-33	6.58359e-33	1.11372e-32	3.06836e-32	1.7922e-32	1.43365e-32	4.78857e-33	5.58191e-34	1.75994e-34	4.0999e-35	4.03936e-35	6.06659e-35	2.24401e-34	2.13223e-34	3.34938e-34	1.20622e-33	4.60816e-34	4.22392e-34	5.72178e-34	1.29558e-34	1.91909e-34	
C985	0	0	0	0	0	0	0	0	0	0	0	0	0	1	0	0	0	0	0	0	0	0	0	0	0	0	0	0	0	0	0	0	0	0	0	0	0	0	0	0	0	
C984	0	0	0	0	0	0	0	0	0	0	0	0	0	1	0	0	0	0	0	0	0	0	0	0	0	0	0	0	0	0	0	0	0	0	0	0	0	0	0	0	0	
N81	1.11247e-33	1.02856e-30	7.41261e-28	1.64543e-25	8.38765e-24	9.02849e-20	7.00837e-17	7.88141e-15	7.52788e-11	2.68872e-08	9.67505e-09	8.48584e-09	1.01366e-06	0.00361402	0.5861	0.385779	0.0244914	1.44168e-05	1.01704e-09	2.51583e-14	3.239e-17	5.48365e-19	7.87665e-22	1.18109e-23	1.54622e-26	9.06476e-30	6.06483e-34	2.95988e-39	3.89394e-43	2.02527e-48	1.38697e-52	3.87315e-56	1.67411e-58	1.83636e-62	3.88856e-66	1.58803e-68	2.20828e-72	2.28776e-75	2.70649e-77	1.19781e-80	7.31577e-83	
N82	1.40306e-51	2.42489e-44	1.29382e-37	5.87541e-33	2.58604e-28	2.29811e-24	1.76025e-19	4.85316e-21	3.89236e-15	7.91618e-10	1.94403e-12	2.31686e-15	2.26201e-10	3.90016e-05	0.999505	0.000455737	1.8238e-08	1.28622e-13	2.51798e-19	5.61079e-25	6.51315e-30	1.94592e-33	2.53627e-33	4.85993e-33	1.56605e-33	1.05744e-33	2.95957e-34	2.99049e-35	9.63892e-36	5.38914e-36	1.29312e-35	1.91608e-35	6.64396e-35	4.86533e-35	6.20579e-35	1.74983e-34	3.89136e-35	2.95935e-35	3.60167e-35	7.43671e-36	1.66269e-35	
CGA310	0	0	0	0	0	0	0	0	0	0	0	0	0	0	1	0	0	0	0	0	0	0	0	0	0	0	0	0	0	0	0	0	0	0	0	0	0	0	0	0	0	
CGA314	0	0	0	0	0	0	0	0	0	0	0	0	0	0	1	0	0	0	0	0	0	0	0	0	0	0	0	0	0	0	0	0	0	0	0	0	0	0	0	0	0	
N83	6.65132e-38	3.87971e-33	1.56707e-28	1.57971e-24	1.54761e-21	6.60748e-18	3.35829e-16	2.63674e-14	8.49057e-11	2.93786e-09	1.13459e-09	2.35572e-08	5.34883e-05	0.0699166	0.872182	0.0575013	0.000346056	1.55968e-07	2.23665e-11	2.48356e-15	1.82906e-17	7.69795e-20	7.92525e-23	1.86506e-25	3.61586e-29	1.26241e-32	6.73346e-37	9.39302e-42	6.84221e-46	1.84095e-50	9.39336e-54	2.49401e-57	2.83864e-60	4.48841e-64	7.03487e-66	2.61346e-65	5.9716e-66	5.50323e-66	8.91498e-66	8.33049e-67	1.21437e-66	
N84	2.73552e-49	9.66767e-48	3.20117e-52	3.8247e-49	1.54181e-30	2.74514e-26	8.71089e-21	1.59308e-22	4.93551e-16	3.76269e-10	5.02575e-13	3.14312e-16	8.82146e-11	3.5792e-05	0.999912	5.2663e-05	2.6729e-10	3.78145e-16	1.11873e-34	2.43031e-34	1.5271e-33	1.2583e-33	1.19675e-33	7.90842e-34	8.92803e-35	4.21698e-35	6.61732e-36	1.098e-36	1.0755e-36	4.66276e-36	1.67172e-35	1.79388e-35	2.70472e-35	1.43359e-35	1.39591e-35	1.63097e-35	1.41484e-36	7.75374e-37	7.36295e-37	1.59204e-37	1.67787e-36	
CGA382	0	0	0	0	0	0	0	0	0	0	0	0	0	0	1	0	0	0	0	0	0	0	0	0	0	0	0	0	0	0	0	0	0	0	0	0	0	0	0	0	0	
CGA365	0	0	0	0	0	0	0	0	0	0	0	0	0	0	1	0	0	0	0	0	0	0	0	0	0	0	0	0	0	0	0	0	0	0	0	0	0	0	0	0	0	
N85	2.03587e-49	7.19261e-48	2.3816e-46	7.19438e-45	2.55487e-47	1.33355e-26	5.75078e-36	7.62647e-23	1.70074e-14	1.02918e-18	3.24548e-35	4.77741e-16	5.3109e-08	0.999995	5.08218e-06	9.55004e-13	2.41738e-32	2.27521e-33	1.99245e-34	2.00025e-34	1.75668e-33	5.12648e-33	5.42138e-33	5.71499e-33	7.71615e-34	4.01437e-34	6.72659e-35	4.32904e-36	1.65443e-36	3.34799e-36	1.5251e-35	2.2982e-35	1.152e-34	6.72905e-35	6.95617e-35	1.26294e-34	1.25991e-35	7.41007e-36	7.65499e-36	1.18135e-36	7.17651e-36	
CGA494	0	0	0	0	0	0	0	0	0	0	0	0	0	1	0	0	0	0	0	0	0	0	0	0	0	0	0	0	0	0	0	0	0	0	0	0	0	0	0	0	0	
CGA495	0	0	0	0	0	0	0	0	0	0	0	0	0	1	0	0	0	0	0	0	0	0	0	0	0	0	0	0	0	0	0	0	0	0	0	0	0	0	0	0	0	
N86	3.84885e-40	9.74757e-35	1.62107e-29	7.99797e-26	1.66715e-21	8.17558e-19	2.32932e-15	6.08995e-13	7.4596e-12	3.22003e-10	3.18563e-07	6.88783e-07	3.50563e-07	1.23538e-06	2.97105e-05	0.00883396	0.403041	0.574357	0.0137307	4.90318e-06	2.13612e-09	9.22741e-12	1.35357e-14	3.85772e-17	1.11699e-20	2.16976e-24	7.79236e-28	3.01933e-30	1.48295e-30	1.10569e-32	3.04176e-35	6.89299e-37	9.74749e-38	2.31435e-39	8.47475e-41	1.2919e-41	1.23622e-43	1.94942e-45	4.93918e-47	2.93652e-49	1.24741e-49	
N87	2.43399e-36	4.34154e-33	6.40397e-30	5.22335e-27	1.26402e-22	4.28727e-20	8.56648e-16	5.50241e-14	1.91774e-12	1.56919e-10	1.55013e-07	3.69193e-07	1.98718e-07	8.53193e-07	1.43583e-05	0.0172539	0.435803	0.543529	0.00339766	5.15273e-07	3.30966e-11	9.74933e-15	2.18823e-18	7.5658e-21	3.30644e-23	1.52823e-26	2.91589e-29	2.36381e-33	5.25807e-37	6.35105e-42	2.14237e-47	1.79168e-51	1.24245e-55	1.48964e-60	1.37548e-64	6.3123e-68	1.97811e-71	1.35033e-75	1.73386e-79	2.71347e-83	2.82211e-87	
C12265	0	0	0	0	0	0	0	0	0	0	0	0	0	0	0	0	0	1	0	0	0	0	0	0	0	0	0	0	0	0	0	0	0	0	0	0	0	0	0	0	0	
N88	1.08224e-47	2.44646e-41	2.69518e-35	4.16628e-31	1.62163e-26	3.62632e-23	1.85066e-18	1.82859e-19	7.27984e-16	3.91608e-11	2.5112e-09	1.36472e-11	7.67485e-12	1.20218e-07	0.00529597	0.97302	0.0216128	7.14062e-05	4.32308e-09	4.50453e-14	1.6027e-19	3.02808e-25	1.16595e-29	1.18524e-30	1.07626e-31	2.56239e-33	2.34789e-34	3.19308e-37	2.13681e-39	2.0378e-42	5.67924e-46	1.18638e-48	5.39664e-52	9.0294e-55	1.32685e-56	1.61146e-57	3.47224e-59	1.99582e-61	3.68883e-63	7.87197e-65	4.72221e-67	
C404	0	0	0	0	0	0	0	0	0	0	0	0	0	0	1	0	0	0	0	0	0	0	0	0	0	0	0	0	0	0	0	0	0	0	0	0	0	0	0	0	0	
N89	3.1405e-42	2.16102e-38	1.08422e-34	2.31494e-32	2.29538e-29	3.00362e-26	5.57263e-21	4.58365e-21	8.47557e-18	6.28859e-13	1.29479e-10	3.69233e-13	2.10811e-13	2.17644e-08	0.00129244	0.991239	0.00746422	4.56047e-06	8.20194e-11	3.89667e-16	1.02528e-19	7.80768e-22	1.48667e-25	9.8831e-29	4.40061e-33	3.65687e-37	1.2936e-41	8.14791e-48	1.96977e-52	1.13827e-58	8.32469e-64	1.83698e-62	7.87884e-63	7.60192e-64	2.37403e-61	1.59493e-57	3.38788e-58	3.36237e-58	6.63063e-58	6.52313e-57	1.04632e-53	
N90	3.82041e-55	2.95359e-53	2.06693e-51	6.64096e-71	1.80933e-50	3.18284e-46	1.65577e-28	8.49997e-38	3.58729e-42	1.95421e-21	1.72313e-14	8.84824e-19	1.93885e-35	8.44492e-15	2.60412e-07	0.999999	7.22328e-07	5.58906e-14	1.29302e-35	5.59214e-37	5.79061e-36	4.75899e-35	1.09627e-34	1.12536e-33	9.75201e-35	5.83817e-35	5.94616e-36	1.91081e-37	5.42229e-38	4.57077e-39	1.89665e-38	3.12019e-38	4.06175e-37	4.68531e-37	9.36384e-37	1.27486e-35	7.47267e-37	4.70925e-37	5.84952e-37	3.92747e-38	1.46993e-37	
Cl11778	0	0	0	0	0	0	0	0	0	0	0	0	0	0	0	1	0	0	0	0	0	0	0	0	0	0	0	0	0	0	0	0	0	0	0	0	0	0	0	0	0	
Cl11779	0	0	0	0	0	0	0	0	0	0	0	0	0	0	0	1	0	0	0	0	0	0	0	0	0	0	0	0	0	0	0	0	0	0	0	0	0	0	0	0	0	
N91	6.69124e-56	3.15454e-49	8.64918e-43	2.17599e-38	5.25122e-33	1.26271e-29	8.92079e-24	6.91291e-25	4.60804e-22	8.1608e-17	1.41732e-12	2.92047e-14	2.4433e-15	5.10399e-10	6.59567e-05	0.999685	0.000248714	5.39273e-09	2.86945e-14	7.92096e-20	5.07083e-23	2.30658e-26	1.2369e-30	2.84036e-34	2.41501e-40	9.90716e-46	2.32943e-52	4.4824e-60	3.24697e-38	1.64253e-39	6.10413e-39	1.00114e-38	1.81449e-37	1.77482e-37	3.3458e-37	6.39349e-36	3.33333e-37	2.42991e-37	3.63215e-37	1.89665e-38	5.33161e-38	
CGA594	0	0	0	0	0	0	0	0	0	0	0	0	0	0	0	1	0	0	0	0	0	0	0	0	0	0	0	0	0	0	0	0	0	0	0	0	0	0	0	0	0	
CGA48	0	0	0	0	0	0	0	0	0	0	0	0	0	0	0	1	0	0	0	0	0	0	0	0	0	0	0	0	0	0	0	0	0	0	0	0	0	0	0	0	0	
N92	6.40053e-47	1.87697e-45	5.19753e-44	1.30163e-42	2.89764e-41	5.6048e-40	9.13627e-39	1.2039e-37	3.10501e-21	4.54686e-37	3.80175e-35	1.66968e-16	1.13427e-09	7.15157e-15	1.94433e-31	8.53696e-31	5.29788e-12	6.85185e-06	0.999993	1.87597e-07	2.8658e-14	3.33967e-33	8.27554e-33	4.39263e-32	4.7831e-32	4.45919e-32	1.9638e-32	2.09722e-33	7.37919e-34	1.09131e-34	1.21845e-35	1.17161e-35	6.4154e-35	8.88678e-35	1.80582e-34	1.15609e-33	7.59277e-34	7.86389e-34	1.26201e-33	3.32402e-34	4.01714e-34	
C3134	0	0	0	0	0	0	0	0	0	0	0	0	0	0	0	0	0	0	1	0	0	0	0	0	0	0	0	0	0	0	0	0	0	0	0	0	0	0	0	0	0	
C3126	0	0	0	0	0	0	0	0	0	0	0	0	0	0	0	0	0	0	1	0	0	0	0	0	0	0	0	0	0	0	0	0	0	0	0	0	0	0	0	0	0	
N93	3.58293e-36	5.2183e-31	4.50113e-26	2.8496e-23	1.30358e-18	5.9842e-18	2.66362e-14	1.22179e-10	3.36894e-11	1.03258e-10	5.62708e-07	0.000276192	7.235e-06	3.34376e-09	5.03849e-10	2.02845e-06	0.00403871	0.940291	0.0553019	8.24557e-05	3.08405e-08	7.82474e-12	8.30198e-15	1.80066e-17	1.10282e-20	3.62497e-24	1.68538e-26	1.47369e-28	2.50493e-30	2.4737e-32	9.10709e-35	9.34915e-37	8.18831e-39	1.43847e-40	6.43393e-42	7.45445e-43	1.98234e-44	4.93915e-46	2.39973e-47	6.46572e-49	1.60036e-50	
CGA311	0	0	0	0	0	0	0	0	0	0	0	0	0	0	0	0	0	1	0	0	0	0	0	0	0	0	0	0	0	0	0	0	0	0	0	0	0	0	0	0	0	
N94	4.17474e-38	1.97895e-34	1.61493e-29	7.06968e-26	1.82224e-21	1.44807e-19	4.83306e-16	2.09135e-12	7.90954e-13	9.5301e-12	5.8668e-08	4.90808e-05	1.49531e-06	4.42627e-10	3.21271e-10	5.4491e-07	0.00266835	0.937597	0.0596332	5.00991e-05	8.02279e-09	5.99911e-13	3.30719e-16	1.45089e-17	1.26399e-19	9.71687e-23	5.86223e-25	1.58653e-29	4.43868e-33	9.96083e-38	3.56631e-43	1.0381e-46	3.19179e-48	7.51862e-51	3.60706e-52	1.56561e-49	2.99325e-49	5.78894e-51	2.40409e-52	2.54954e-53	9.52046e-55	
N95	7.50415e-44	3.13027e-38	8.16534e-33	2.41666e-29	1.88168e-24	3.11785e-23	1.22336e-18	8.19277e-16	3.14594e-16	2.00876e-13	5.02728e-09	8.20776e-07	1.80649e-09	1.10967e-12	4.51586e-11	1.58759e-06	0.0125198	0.982351	0.00512632	9.03189e-07	3.82834e-11	6.2957e-16	2.25269e-20	1.45088e-22	2.9917e-25	1.10603e-28	1.7247e-31	7.33753e-35	1.40557e-36	3.3436e-38	1.94446e-39	1.09322e-41	9.2583e-45	5.07379e-48	1.01841e-49	3.72066e-50	2.85648e-51	2.1694e-52	8.96964e-52	6.5499e-51	1.47842e-50	
N96	5.71316e-50	2.2266e-48	8.12163e-47	2.67949e-45	7.88935e-44	2.03876e-42	2.21968e-26	3.07907e-42	1.27921e-40	2.57939e-21	2.06786e-13	1.8826e-18	2.87186e-36	4.05001e-35	4.20498e-16	5.00274e-08	0.999996	3.94499e-06	2.00054e-13	3.46504e-33	2.16441e-34	1.4733e-35	1.68377e-35	1.86325e-34	8.23834e-34	1.95307e-33	9.66359e-33	1.37974e-33	6.43887e-34	1.08413e-34	6.63228e-36	1.85961e-36	2.35863e-37	1.05292e-37	2.44559e-37	2.89384e-36	7.49114e-36	1.01061e-35	4.59042e-35	1.40109e-34	1.84705e-34	
CGA45	0	0	0	0	0	0	0	0	0	0	0	0	0	0	0	0	1	0	0	0	0	0	0	0	0	0	0	0	0	0	0	0	0	0	0	0	0	0	0	0	0	
CGA46	0	0	0	0	0	0	0	0	0	0	0	0	0	0	0	0	1	0	0	0	0	0	0	0	0	0	0	0	0	0	0	0	0	0	0	0	0	0	0	0	0	
N97	1.22316e-38	2.78888e-35	4.68691e-32	1.79046e-30	1.68227e-26	1.73169e-25	4.98145e-21	8.1755e-17	5.76333e-17	7.13248e-15	1.70822e-10	1.00826e-07	1.15234e-10	2.84814e-13	1.03292e-11	4.08174e-07	0.00412963	0.9931	0.00276977	4.51092e-07	1.76597e-11	7.99502e-16	1.91862e-18	7.61096e-20	6.0201e-22	2.62726e-25	3.51862e-28	5.13001e-33	8.44294e-37	5.74723e-42	8.87658e-48	3.15359e-52	4.53487e-54	5.993e-56	2.02043e-57	3.60821e-56	1.84342e-54	2.16549e-56	4.93749e-58	1.11311e-59	1.34234e-61	
N98	2.43435e-48	1.17224e-42	3.72201e-37	9.23565e-34	2.27443e-28	8.76447e-28	6.44408e-23	2.09421e-18	2.36036e-19	1.33818e-17	4.90459e-13	1.75833e-09	1.79294e-12	4.57118e-14	7.39141e-13	3.81904e-08	0.000586011	0.998554	0.00086003	8.8185e-08	2.59173e-12	6.49996e-17	4.82601e-20	2.92483e-22	4.29744e-25	1.11619e-28	1.08199e-31	5.56758e-37	1.76221e-41	7.06639e-47	7.52303e-53	6.53559e-58	6.02653e-59	4.78731e-59	1.22465e-58	1.51774e-54	2.97419e-46	3.26592e-46	1.16904e-45	5.85822e-45	6.75055e-45	
N99	1.55972e-58	4.24918e-51	3.61716e-44	8.25081e-41	4.16433e-34	7.60375e-35	1.1777e-28	6.71535e-23	5.31189e-25	3.69997e-23	2.7809e-17	2.14541e-12	1.1221e-15	3.44138e-18	6.7603e-17	7.35642e-11	2.42808e-05	0.999933	4.22736e-05	2.22158e-10	3.48058e-16	3.01426e-22	6.04455e-27	7.45482e-31	3.4612e-35	8.5407e-35	1.05473e-33	5.28189e-35	2.14487e-35	1.39606e-36	3.126e-38	8.21382e-39	4.6543e-40	2.88394e-40	7.44851e-40	2.19371e-38	1.23033e-37	1.4045e-37	7.54135e-37	5.36235e-36	5.97629e-36	
C3043	0	0	0	0	0	0	0	0	0	0	0	0	0	0	0	0	0	1	0	0	0	0	0	0	0	0	0	0	0	0	0	0	0	0	0	0	0	0	0	0	0	
CGA87	0	0	0	0	0	0	0	0	0	0	0	0	0	0	0	0	0	1	0	0	0	0	0	0	0	0	0	0	0	0	0	0	0	0	0	0	0	0	0	0	0	
N100	5.97872e-57	3.79638e-50	1.3726e-43	3.18015e-40	9.28887e-34	2.93147e-34	2.66325e-28	1.14018e-22	1.27565e-24	9.22378e-23	5.27152e-17	3.05717e-12	1.7836e-15	7.6782e-18	1.56525e-16	1.29259e-10	3.21939e-05	0.999912	5.62184e-05	3.92474e-10	8.08078e-16	1.1555e-21	5.54778e-26	3.08359e-29	3.87017e-33	7.489e-38	4.62435e-42	6.02803e-49	3.15262e-55	7.49659e-63	2.76328e-38	7.26093e-39	3.95625e-40	2.42729e-40	6.27786e-40	1.92028e-38	1.11386e-37	1.26375e-37	6.76247e-37	4.98476e-36	5.53906e-36	
CGA368	0	0	0	0	0	0	0	0	0	0	0	0	0	0	0	0	0	1	0	0	0	0	0	0	0	0	0	0	0	0	0	0	0	0	0	0	0	0	0	0	0	
CGA557	0	0	0	0	0	0	0	0	0	0	0	0	0	0	0	0	0	1	0	0	0	0	0	0	0	0	0	0	0	0	0	0	0	0	0	0	0	0	0	0	0	
CGA364	0	0	0	0	0	0	0	0	0	0	0	0	0	0	0	0	0	1	0	0	0	0	0	0	0	0	0	0	0	0	0	0	0	0	0	0	0	0	0	0	0	
C2208	0	0	0	0	0	0	0	0	0	0	0	0	0	0	0	0	0	0	1	0	0	0	0	0	0	0	0	0	0	0	0	0	0	0	0	0	0	0	0	0	0	
N101	2.32542e-31	5.62422e-27	9.80666e-23	4.57696e-20	5.1175e-16	1.60858e-15	6.15855e-12	7.66701e-09	6.64171e-10	1.15499e-08	1.92297e-05	0.00296976	2.63345e-05	2.85711e-08	1.90648e-08	2.09202e-05	0.0117901	0.971383	0.013752	3.86707e-05	3.95399e-08	1.83556e-11	2.40409e-14	8.38304e-17	1.21066e-19	1.26593e-22	1.25414e-25	1.45736e-29	2.29997e-33	2.59737e-37	1.03574e-41	8.69613e-46	4.6243e-50	2.74257e-54	5.193e-58	2.2833e-61	2.64467e-65	3.53098e-69	5.69512e-72	4.41946e-74	3.80437e-76	
N102	2.17028e-39	4.62452e-34	6.41186e-29	8.71601e-26	6.60898e-21	5.52933e-20	1.39238e-15	1.20418e-12	3.26581e-14	1.35582e-11	2.15607e-07	4.48131e-05	4.49117e-08	6.15379e-12	1.24967e-10	2.53832e-06	0.0126877	0.985372	0.00189235	4.44162e-07	2.97767e-11	1.02572e-15	3.29124e-19	1.49445e-21	1.72655e-24	5.01222e-28	4.46708e-31	5.14267e-36	2.73179e-40	2.8786e-45	7.55567e-51	4.3978e-52	3.26556e-54	7.83265e-57	4.6687e-58	7.03879e-56	8.9368e-56	9.26269e-56	3.07982e-55	1.20609e-54	6.14661e-54	
N103	1.65281e-49	6.94079e-48	4.52509e-71	7.12207e-50	1.26377e-30	8.1455e-41	1.17191e-25	2.74118e-19	1.6178e-22	6.03228e-21	1.6928e-14	4.49873e-09	2.26229e-14	1.89989e-19	1.87612e-18	7.61903e-12	8.62418e-06	0.999982	8.90562e-06	9.95759e-12	3.42742e-18	1.01814e-36	2.55773e-36	3.76349e-35	1.88658e-34	3.04336e-34	1.59727e-33	1.27193e-34	5.19376e-35	5.22273e-36	1.86122e-37	5.02923e-38	8.84738e-39	1.07297e-38	2.6792e-38	4.34066e-37	1.32886e-36	1.49033e-36	4.48211e-36	1.33969e-35	1.57426e-35	
CGA453	0	0	0	0	0	0	0	0	0	0	0	0	0	0	0	0	0	1	0	0	0	0	0	0	0	0	0	0	0	0	0	0	0	0	0	0	0	0	0	0	0	
CGA383	0	0	0	0	0	0	0	0	0	0	0	0	0	0	0	0	0	1	0	0	0	0	0	0	0	0	0	0	0	0	0	0	0	0	0	0	0	0	0	0	0	
N104	3.40734e-44	1.48349e-38	4.10652e-33	2.05017e-29	1.55918e-24	9.29614e-23	4.68799e-18	5.4205e-16	2.79388e-16	7.35059e-13	2.68168e-08	1.10886e-06	2.47022e-10	1.81926e-13	7.46533e-11	3.98185e-06	0.0480649	0.951574	0.00035563	2.01899e-08	3.59855e-13	3.7671e-18	1.39259e-21	1.38536e-23	3.39958e-26	1.0252e-29	1.91393e-32	7.0505e-38	2.63624e-42	7.81339e-48	5.73245e-54	5.34213e-59	5.20719e-65	2.48282e-69	3.10738e-69	1.67219e-59	3.75246e-52	4.0218e-52	1.80069e-51	1.72284e-50	7.4878e-49	
N105	1.28602e-52	1.00143e-50	7.37322e-49	5.02502e-47	3.10641e-45	5.80715e-46	7.81346e-42	5.07257e-24	4.83391e-34	3.61377e-39	6.00206e-19	3.24784e-12	4.17481e-19	8.32545e-36	2.31567e-34	6.75799e-15	4.7574e-07	0.999999	1.01079e-07	1.30643e-15	2.45229e-36	9.34694e-37	3.21259e-36	6.7317e-35	4.375e-34	4.78612e-34	1.01106e-33	4.97464e-35	1.84913e-35	1.1785e-36	2.63015e-38	7.05533e-39	5.05695e-39	8.91516e-39	2.29251e-38	5.42258e-37	2.25711e-36	2.37859e-36	4.85994e-36	5.45104e-36	6.00903e-36	
CGA501	0	0	0	0	0	0	0	0	0	0	0	0	0	0	0	0	0	1	0	0	0	0	0	0	0	0	0	0	0	0	0	0	0	0	0	0	0	0	0	0	0	
C11776	0	0	0	0	0	0	0	0	0	0	0	0	0	0	0	0	0	1	0	0	0	0	0	0	0	0	0	0	0	0	0	0	0	0	0	0	0	0	0	0	0	
N106	8.80457e-53	6.47402e-51	4.42126e-49	2.80309e-47	1.66461e-45	9.22235e-44	3.24991e-27	1.06844e-42	1.0762e-40	5.29507e-21	8.62809e-13	2.20386e-17	2.31624e-36	2.94111e-36	1.02968e-16	2.48074e-08	0.999989	1.11539e-05	2.45268e-13	1.09865e-33	2.56493e-35	7.49712e-37	1.13741e-36	3.0691e-35	2.95955e-34	7.62093e-34	9.18134e-33	4.76331e-34	1.88418e-34	1.26197e-35	2.92405e-37	7.66533e-38	4.39353e-39	2.6112e-39	6.74406e-39	1.9422e-37	1.07526e-36	1.24736e-36	7.08344e-36	4.93872e-35	5.5155e-35	
C3121	0	0	0	0	0	0	0	0	0	0	0	0	0	0	0	0	1	0	0	0	0	0	0	0	0	0	0	0	0	0	0	0	0	0	0	0	0	0	0	0	0	
C3123	0	0	0	0	0	0	0	0	0	0	0	0	0	0	0	0	1	0	0	0	0	0	0	0	0	0	0	0	0	0	0	0	0	0	0	0	0	0	0	0	0	
N107	5.76104e-43	5.06391e-37	2.56527e-31	1.81447e-28	6.35333e-23	1.13397e-23	9.62675e-19	3.8421e-14	2.69886e-16	6.46449e-15	5.30494e-10	4.39081e-06	9.47623e-10	2.89987e-14	5.81214e-14	6.56534e-09	0.00022835	0.999371	0.000396497	2.00205e-08	3.02435e-13	3.22933e-18	3.23831e-22	1.35665e-25	1.39177e-29	4.80515e-34	2.26745e-38	2.09368e-44	3.07633e-50	5.04133e-57	2.63936e-36	8.02052e-37	1.30743e-37	7.75831e-38	1.74963e-37	1.78363e-36	3.76035e-36	4.63236e-36	1.5959e-35	4.10176e-35	5.50767e-35	
Calparcri	0	0	0	0	0	0	0	0	0	0	0	0	0	0	0	0	0	1	0	0	0	0	0	0	0	0	0	0	0	0	0	0	0	0	0	0	0	0	0	0	0	
C3118	0	0	0	0	0	0	0	0	0	0	0	0	0	0	0	0	0	1	0	0	0	0	0	0	0	0	0	0	0	0	0	0	0	0	0	0	0	0	0	0	0	
N108	3.93423e-37	3.0627e-33	1.4315e-29	3.25536e-27	6.63582e-22	1.82552e-19	2.98119e-15	3.11184e-11	3.49295e-10	4.90851e-08	0.000397064	0.727548	0.268093	0.00394615	1.49593e-05	4.64232e-07	2.28385e-07	1.13549e-07	2.59167e-09	3.00084e-11	4.92109e-14	3.87021e-18	2.53809e-21	1.21967e-24	1.19445e-28	4.20678e-31	7.68687e-33	3.63562e-35	8.13621e-37	3.16568e-38	1.3907e-40	2.34841e-42	4.06355e-45	2.70393e-47	3.71493e-49	1.06798e-50	2.15721e-53	2.38179e-55	4.87748e-57	1.24382e-59	3.01104e-61	
N109	5.60252e-33	2.86072e-28	9.78191e-24	1.59666e-20	2.64711e-16	7.10992e-15	3.15537e-11	6.06227e-08	7.39901e-08	2.06444e-06	0.00395952	0.886909	0.107105	0.000406865	3.07031e-06	9.74478e-07	2.59899e-05	0.00144595	0.000137147	3.91105e-06	1.64218e-08	8.76528e-12	1.36887e-14	9.32623e-18	9.07039e-21	2.18235e-23	1.72863e-25	4.66433e-29	2.6932e-32	2.14921e-35	1.683e-39	4.52783e-43	2.17397e-47	1.18705e-51	2.235e-55	2.08628e-59	9.00766e-64	1.39693e-67	7.74123e-71	4.56658e-74	1.69762e-77	
N110	3.88448e-31	1.10771e-26	2.22345e-22	2.1751e-19	2.46806e-15	3.31345e-14	1.21506e-10	2.11022e-07	1.27771e-07	2.76787e-06	0.00455504	0.961561	0.0321134	6.76513e-05	4.9923e-07	3.82373e-06	0.000175841	0.0014816	3.74911e-05	1.60666e-07	1.62857e-10	5.44268e-14	2.54244e-17	1.943e-19	9.35564e-22	2.00667e-24	7.93917e-27	1.42133e-30	5.58734e-34	1.14902e-37	4.51683e-42	6.21431e-46	2.57018e-50	5.34486e-55	8.95909e-59	9.96318e-62	3.27776e-65	5.80276e-69	2.97387e-72	1.05939e-75	2.1156e-79	
N111	1.80562e-31	5.286e-27	1.04502e-22	1.19164e-19	1.11324e-15	1.77167e-14	5.02486e-11	7.31451e-08	6.54826e-08	1.98908e-06	0.00393189	0.977351	0.0169921	2.31461e-05	1.69595e-06	4.58915e-05	0.000503832	0.00114355	4.5557e-06	3.22014e-09	7.45496e-13	8.12791e-17	3.79944e-20	7.05848e-22	4.0658e-24	6.28403e-27	3.07416e-29	2.75291e-33	9.50367e-37	7.70792e-41	1.41832e-45	1.6175e-49	3.86032e-54	8.44851e-59	2.96104e-62	9.15899e-65	4.96356e-68	8.30271e-72	4.12816e-75	2.12448e-78	3.57813e-82	
N112	1.59998e-34	9.23364e-30	3.69009e-25	3.60483e-22	8.57135e-18	7.08196e-17	5.36114e-13	1.74181e-09	6.48637e-10	2.03152e-08	8.57745e-05	0.0340341	0.000272988	1.59119e-07	9.69486e-09	7.6831e-06	0.00341395	0.951995	0.0101004	9.0146e-05	9.37376e-08	2.14114e-11	2.23499e-14	9.07613e-17	8.43327e-20	1.05178e-22	4.07295e-25	1.66845e-29	3.48196e-33	1.07527e-36	2.53206e-41	1.52215e-43	3.6804e-44	2.61175e-46	8.37823e-48	1.81901e-47	7.42016e-48	1.82755e-49	1.33406e-50	1.00656e-51	2.82466e-53	
Triowe	0	0	0	0	0	0	0	0	0	0	0	0	0	0	0	0	0	1	0	0	0	0	0	0	0	0	0	0	0	0	0	0	0	0	0	0	0	0	0	0	0	
N113	4.1075e-35	1.44832e-30	3.63503e-26	7.15469e-23	8.77798e-19	3.01817e-17	1.0611e-13	1.34702e-10	1.3006e-10	8.3411e-09	2.69971e-05	0.0093763	7.39471e-05	5.12496e-08	2.40259e-09	4.1482e-06	0.00457201	0.974601	0.0113049	4.03024e-05	3.00003e-08	7.42572e-12	1.11368e-14	6.72885e-16	1.12655e-17	4.11638e-20	9.33538e-22	7.16306e-26	5.17042e-29	1.10165e-32	3.07578e-37	1.05018e-40	3.53212e-45	1.71644e-49	1.14424e-52	1.03413e-54	1.19045e-57	3.99168e-61	4.14202e-64	8.34171e-67	2.39979e-70	
Trijoh	0	0	0	0	0	0	0	0	0	0	0	0	0	0	0	0	0	1	0	0	0	0	0	0	0	0	0	0	0	0	0	0	0	0	0	0	0	0	0	0	0	
Trimel	0	0	0	0	0	0	0	0	0	0	0	0	0	0	0	0	0	1	0	0	0	0	0	0	0	0	0	0	0	0	0	0	0	0	0	0	0	0	0	0	0	
N114	4.9657e-31	2.28381e-26	7.00662e-22	5.51858e-19	9.82739e-15	4.97342e-14	2.54329e-10	6.28612e-07	1.31985e-07	1.72517e-06	0.00347641	0.987957	0.00849504	6.66598e-05	2.10184e-06	3.05626e-08	1.86259e-10	3.97767e-13	5.90539e-17	3.26888e-21	9.19549e-26	2.21712e-30	4.91545e-34	6.54886e-37	3.01872e-40	7.33916e-44	2.66517e-47	1.25548e-48	3.59753e-49	5.51178e-49	9.75667e-52	2.22078e-52	5.51375e-53	3.16866e-55	8.65255e-57	8.26261e-57	1.06323e-56	1.60229e-58	6.10612e-60	1.39166e-61	1.89636e-63	
N115	1.12802e-32	6.81538e-28	2.60328e-23	4.4231e-20	8.49501e-16	1.20172e-14	5.6218e-11	9.07161e-08	1.90145e-08	5.54444e-07	0.00204535	0.992863	0.00508342	7.33755e-06	2.46759e-08	4.39485e-11	3.72344e-14	2.15356e-16	1.38334e-20	6.52916e-24	9.95388e-28	1.68832e-31	5.87766e-35	2.02446e-38	1.07928e-42	2.3617e-46	2.38923e-49	1.6814e-54	1.5692e-58	2.64361e-62	4.27434e-67	3.58023e-71	2.32457e-75	8.27916e-80	5.24708e-84	6.29695e-88	3.43154e-93	1.33935e-97	1.01292e-101	7.58781e-106	2.88586e-110	
Trihoe	0	0	0	0	0	0	0	0	0	0	0	1	0	0	0	0	0	0	0	0	0	0	0	0	0	0	0	0	0	0	0	0	0	0	0	0	0	0	0	0	0	
Tribit	0	0	0	0	0	0	0	0	0	0	0	1	0	0	0	0	0	0	0	0	0	0	0	0	0	0	0	0	0	0	0	0	0	0	0	0	0	0	0	0	0	
Trijac	0	0	0	0	0	0	0	0	0	0	0	1	0	0	0	0	0	0	0	0	0	0	0	0	0	0	0	0	0	0	0	0	0	0	0	0	0	0	0	0	0	
N116	6.89039e-32	1.74147e-27	3.22143e-23	2.13474e-20	2.48453e-16	1.66514e-15	6.62579e-12	1.15116e-08	3.07932e-09	5.82688e-08	0.000120185	0.026363	0.000329805	3.70046e-07	3.4542e-08	1.63759e-05	0.00603919	0.951016	0.0159594	0.000154815	2.90136e-07	1.25354e-10	1.55824e-13	6.35085e-16	9.19194e-19	1.53865e-21	4.94342e-24	4.51261e-28	1.27726e-31	4.76377e-35	2.35858e-39	4.94508e-43	5.64649e-44	3.40166e-46	9.54207e-48	1.62956e-47	1.20288e-47	3.05126e-49	2.03554e-50	9.7512e-52	2.89515e-53	
Tricri	0	0	0	0	0	0	0	0	0	0	0	0	0	0	0	0	0	1	0	0	0	0	0	0	0	0	0	0	0	0	0	0	0	0	0	0	0	0	0	0	0	
N117	3.79298e-34	1.21782e-29	2.72971e-25	3.50969e-22	4.0596e-18	6.18238e-17	1.94062e-13	2.24114e-10	9.57163e-11	3.87035e-09	1.15049e-05	0.00362136	2.97411e-05	2.21355e-08	2.01122e-09	4.34044e-06	0.0051948	0.978512	0.0125918	3.40585e-05	2.4435e-08	6.51875e-12	8.32432e-15	2.58827e-16	2.38749e-18	6.01303e-21	5.77956e-23	4.92007e-27	2.40946e-30	3.69492e-34	1.05488e-38	2.32663e-42	8.3997e-47	3.55049e-51	1.69165e-54	7.40156e-57	4.89291e-60	1.17018e-63	8.10448e-67	7.04995e-70	1.51535e-73	
Triwie	0	0	0	0	0	0	0	0	0	0	0	0	0	0	0	0	0	1	0	0	0	0	0	0	0	0	0	0	0	0	0	0	0	0	0	0	0	0	0	0	0	
Triqua	0	0	0	0	0	0	0	0	0	0	0	0	0	0	0	0	0	1	0	0	0	0	0	0	0	0	0	0	0	0	0	0	0	0	0	0	0	0	0	0	0	
N118	6.18076e-29	3.78674e-25	1.84702e-21	1.64186e-18	3.0258e-15	1.73422e-13	1.38097e-10	5.71007e-08	2.59794e-07	9.43323e-06	0.00446556	0.303326	0.0324055	0.000228404	8.20616e-06	0.000188477	0.00998559	0.587362	0.0566092	0.00535959	5.17064e-05	8.2261e-08	5.80999e-10	8.96406e-12	9.29205e-14	1.34929e-15	8.16484e-17	5.55732e-20	1.83064e-22	9.28964e-25	2.65124e-28	4.50033e-31	9.58499e-35	2.8662e-38	4.24873e-41	1.19002e-43	7.98371e-47	1.00099e-49	4.32348e-52	2.28641e-54	3.79971e-57	
N119	2.20739e-28	1.53164e-24	8.26271e-21	4.22438e-18	1.19637e-14	1.50359e-13	1.61977e-10	7.86146e-08	4.05034e-08	5.42558e-07	0.000287541	0.0195798	0.000806836	3.58989e-06	4.68881e-07	9.72757e-05	0.0204713	0.906576	0.0514024	0.000770985	3.49947e-06	5.0155e-09	1.41519e-11	1.63889e-13	1.01766e-15	4.63028e-18	2.5548e-20	1.17562e-23	9.73071e-27	6.83088e-30	1.2076e-33	4.83272e-37	8.80743e-41	1.14771e-44	6.58629e-48	1.20469e-50	6.08476e-54	3.14556e-57	3.40776e-60	2.03597e-63	1.05663e-66	
Kinboe	0	0	0	0	0	0	0	0	0	0	0	0	0	0	0	0	0	1	0	0	0	0	0	0	0	0	0	0	0	0	0	0	0	0	0	0	0	0	0	0	0	
Kinfis	0	0	0	0	0	0	0	0	0	0	0	0	0	0	0	0	0	1	0	0	0	0	0	0	0	0	0	0	0	0	0	0	0	0	0	0	0	0	0	0	0	
Kinxen	0	0	0	0	0	0	0	0	0	0	0	0	0	0	0	0	0	1	0	0	0	0	0	0	0	0	0	0	0	0	0	0	0	0	0	0	0	0	0	0	0	
N120	5.15959e-34	6.76235e-31	7.74393e-28	1.71562e-25	1.70818e-21	3.08475e-18	1.16261e-14	3.05083e-11	6.78997e-09	2.58813e-06	0.00195791	0.716917	0.2756	0.00547575	4.23122e-05	1.6056e-06	4.54514e-07	2.71127e-06	6.709e-08	3.71081e-09	6.56442e-12	5.21264e-16	6.48966e-19	3.962e-22	5.93255e-25	1.12673e-27	3.57964e-28	3.72002e-31	2.98721e-33	2.79475e-35	3.72665e-39	4.07172e-42	7.91288e-47	8.74001e-51	9.67342e-54	9.14553e-56	1.22855e-57	1.87728e-59	7.16941e-61	1.40228e-61	3.01256e-63	
N121	1.65827e-25	6.15769e-22	1.82384e-18	1.09186e-15	1.16951e-12	5.04859e-11	2.08582e-08	4.57264e-06	1.41147e-05	0.000177078	0.0251332	0.796606	0.174575	0.003469	2.05555e-05	3.18243e-07	1.72978e-08	6.4175e-10	2.74902e-12	1.15504e-14	1.34124e-17	5.66414e-21	4.26894e-24	1.09042e-26	5.42462e-29	2.26687e-31	1.64306e-33	8.46224e-37	9.55447e-40	1.37318e-42	2.35402e-46	1.11131e-49	1.87599e-53	1.83988e-57	8.70913e-61	9.00649e-64	6.71315e-67	4.84087e-70	9.81465e-73	1.30884e-75	1.45214e-78	
N122	6.37082e-30	2.92532e-25	8.5042e-21	4.73461e-18	7.35645e-14	2.68655e-13	9.81519e-10	1.71917e-06	2.7337e-07	2.65647e-06	0.00437	0.971543	0.0240335	4.83062e-05	2.77307e-08	2.53882e-11	3.63317e-14	6.51499e-17	1.2241e-20	2.98313e-24	3.02855e-28	8.44532e-33	5.80547e-37	6.73836e-41	5.75498e-45	7.90651e-49	2.40259e-52	1.51616e-53	3.71399e-54	4.90858e-54	2.55124e-56	2.86185e-56	2.0787e-55	5.44608e-56	5.87837e-56	2.0342e-54	1.21994e-52	1.88811e-52	5.75352e-52	1.36009e-51	3.21875e-51	
N123	2.74642e-34	5.10196e-29	5.58905e-24	5.74016e-21	3.45575e-16	7.59367e-16	8.59059e-12	4.27496e-08	3.94109e-09	9.52099e-08	0.00086986	0.995555	0.00357418	1.14659e-06	1.2509e-10	1.43228e-13	1.34582e-16	2.71358e-19	8.65436e-24	8.94499e-28	1.73599e-32	8.96941e-38	2.72373e-42	4.35056e-46	2.13356e-50	1.52055e-54	4.46743e-58	6.2359e-58	4.84883e-55	1.20903e-49	2.27175e-50	4.49112e-47	6.16158e-44	1.17604e-44	1.3284e-44	5.76063e-42	1.09058e-38	1.29302e-38	5.09693e-38	2.4594e-37	3.58259e-37	
N124	5.38025e-34	3.35192e-29	1.33195e-24	2.59979e-21	5.11965e-17	9.3398e-16	4.62732e-12	9.11835e-09	5.70647e-09	2.9649e-07	0.00144026	0.995099	0.00345934	1.36395e-06	2.39258e-10	3.59689e-12	1.63236e-14	3.84063e-16	1.83131e-20	8.05889e-24	2.93076e-28	3.10334e-33	5.68028e-37	1.79151e-39	5.74708e-43	2.91026e-46	1.45395e-48	8.97101e-54	8.98495e-58	1.63158e-61	7.75959e-67	6.06385e-71	2.82158e-76	4.8892e-81	5.42181e-85	6.94899e-88	2.7424e-92	1.96975e-96	5.71929e-100	4.0016e-103	2.47669e-107	
Chaafr	0	0	0	0	0	0	0	0	0	0	0	1	0	0	0	0	0	0	0	0	0	0	0	0	0	0	0	0	0	0	0	0	0	0	0	0	0	0	0	0	0	
Chacha	0	0	0	0	0	0	0	0	0	0	0	1	0	0	0	0	0	0	0	0	0	0	0	0	0	0	0	0	0	0	0	0	0	0	0	0	0	0	0	0	0	
N125	6.09098e-34	4.11627e-29	1.74175e-24	2.79477e-21	5.91031e-17	6.58993e-16	3.77531e-12	1.15092e-08	7.37469e-09	2.93824e-07	0.00144137	0.995435	0.0031217	1.16963e-06	2.17828e-10	2.14934e-12	7.78368e-15	1.01846e-16	4.53721e-21	1.32843e-24	4.53388e-29	4.81301e-34	6.8575e-38	1.35563e-40	3.42873e-44	1.26099e-47	3.18872e-50	1.75586e-55	1.10757e-59	1.16647e-63	4.6704e-69	2.23751e-73	8.73794e-79	9.76744e-84	6.57233e-88	4.04966e-91	9.88704e-96	3.84872e-100	5.7841e-104	1.4422e-107	4.21998e-112	
Chacaly	0	0	0	0	0	0	0	0	0	0	0	1	0	0	0	0	0	0	0	0	0	0	0	0	0	0	0	0	0	0	0	0	0	0	0	0	0	0	0	0	0	
Chazey	0	0	0	0	0	0	0	0	0	0	0	1	0	0	0	0	0	0	0	0	0	0	0	0	0	0	0	0	0	0	0	0	0	0	0	0	0	0	0	0	0	
N126	2.34001e-29	3.79072e-25	4.12476e-21	5.32948e-18	2.3381e-14	9.70649e-13	1.3309e-09	5.86428e-07	1.92209e-07	5.45447e-06	0.00586202	0.972096	0.0219907	4.50643e-05	2.92725e-08	5.30406e-10	5.79976e-12	3.32135e-13	9.70725e-17	1.8392e-19	3.47656e-23	1.48777e-27	8.37108e-31	2.87144e-33	2.16459e-36	2.93937e-39	3.86165e-41	1.27865e-45	5.28899e-49	3.97879e-52	9.2427e-57	2.66413e-60	4.95157e-65	2.9739e-69	8.68747e-73	1.1874e-75	1.09817e-79	2.44563e-83	1.80638e-86	3.32087e-89	7.60148e-93	
Chadil	0	0	0	0	0	0	0	0	0	0	0	1	0	0	0	0	0	0	0	0	0	0	0	0	0	0	0	0	0	0	0	0	0	0	0	0	0	0	0	0	0	
Chasen	0	0	0	0	0	0	0	0	0	0	0	1	0	0	0	0	0	0	0	0	0	0	0	0	0	0	0	0	0	0	0	0	0	0	0	0	0	0	0	0	0	
Chanam	0	0	0	0	0	0	0	0	0	0	0	1	0	0	0	0	0	0	0	0	0	0	0	0	0	0	0	0	0	0	0	0	0	0	0	0	0	0	0	0	0	
N127	1.66582e-27	1.27258e-25	9.56606e-24	2.91847e-22	5.1529e-20	1.2388e-16	1.10078e-13	7.95345e-11	5.13755e-08	2.32324e-05	0.00445872	0.656913	0.262738	0.00854857	0.000170916	0.000129399	0.000239693	0.0459721	0.0103255	0.010328	0.0001532	1.15448e-07	2.87628e-09	9.21447e-11	1.90983e-12	1.92582e-13	8.34164e-12	1.98532e-13	6.47241e-14	2.7803e-14	7.07259e-17	3.22125e-18	1.10008e-21	4.76862e-24	6.91598e-26	9.08137e-28	1.91971e-30	1.40382e-32	1.72183e-34	1.9714e-34	1.3471e-36	
Riebrev	0	0	0	0	0	0	0	0	0	0	0	0	0	0	0	0	0	0	0	0	0	0	0	0	0	0	0	0	0	0	1	0	0	0	0	0	0	0	0	0	0	
N128	5.38687e-35	5.83399e-30	4.31153e-25	8.09953e-22	7.16454e-18	1.37939e-15	3.20614e-11	9.2861e-12	1.08984e-11	1.19243e-07	0.000466298	1.51249e-05	2.12182e-08	2.457e-09	2.31884e-06	0.00193582	0.981724	0.0158321	2.39464e-05	1.75051e-08	4.90474e-12	3.97346e-16	3.56022e-20	4.1416e-24	3.97484e-28	4.48208e-32	5.73756e-36	4.78374e-39	2.44286e-39	2.84831e-38	1.04305e-40	5.69345e-43	1.97207e-45	3.92108e-48	1.92366e-50	1.53766e-52	5.9603e-55	4.64162e-57	6.80785e-59	6.93807e-61	9.2485e-63	
N129	1.23209e-43	2.64684e-40	1.58298e-34	2.02641e-30	1.29894e-24	1.16337e-21	2.5097e-16	2.45059e-17	8.03213e-17	2.39156e-11	1.77419e-06	6.34813e-09	3.16738e-13	2.14012e-14	2.12722e-09	0.000113171	0.998782	0.00110295	6.95528e-08	1.16459e-12	6.90447e-18	3.3845e-22	1.5016e-26	7.1872e-29	6.42387e-30	1.03359e-31	8.58671e-34	5.39527e-37	4.27112e-39	4.64619e-42	1.25574e-45	5.83529e-48	6.04553e-50	3.62825e-52	4.54165e-54	7.99724e-55	1.52079e-56	9.65868e-59	1.0873e-60	1.77665e-63	1.04939e-65	
N130	1.44726e-42	1.08713e-38	5.79873e-35	1.69709e-32	1.03346e-27	2.89028e-24	5.08587e-19	1.67871e-19	5.83202e-18	1.63349e-12	1.13738e-07	2.67549e-10	7.47138e-15	2.75499e-15	8.41241e-10	8.42746e-05	0.999326	0.000589354	2.00198e-08	1.57604e-13	5.10014e-19	1.78268e-21	1.34204e-24	2.87873e-26	1.01125e-28	1.03062e-32	2.56276e-37	2.94547e-41	9.41772e-42	4.31063e-43	2.19516e-47	9.98924e-50	1.89112e-50	2.38949e-52	5.35685e-54	1.11707e-53	1.50926e-54	1.35783e-56	2.25099e-58	9.09354e-62	6.80023e-64	
Braset	0	0	0	0	0	0	0	0	0	0	0	0	0	0	0	0	1	0	0	0	0	0	0	0	0	0	0	0	0	0	0	0	0	0	0	0	0	0	0	0	0	
N131	8.04866e-42	4.25948e-38	1.65302e-34	2.86547e-32	1.74699e-29	5.43949e-26	1.26235e-20	8.0616e-20	1.80815e-18	1.53985e-13	3.22935e-09	4.64787e-12	1.54626e-15	3.72972e-14	4.68197e-09	0.000193217	0.999357	0.000449653	2.35589e-08	3.49292e-13	4.1453e-18	3.23377e-20	4.10466e-23	5.27267e-25	1.49186e-27	2.16426e-31	1.45754e-36	1.90383e-42	4.43731e-47	6.15509e-53	2.97359e-59	1.39716e-60	3.20435e-61	4.49532e-63	1.40743e-62	1.04458e-57	9.99591e-57	1.0203e-56	1.96876e-56	6.34892e-58	2.13368e-56	
N132	5.08145e-54	1.94593e-47	4.36488e-41	6.96852e-37	1.51278e-31	2.1937e-28	1.44175e-22	3.27148e-23	2.21789e-22	5.65305e-17	3.40641e-12	1.63205e-14	1.61833e-16	1.48447e-15	5.70649e-10	6.74256e-05	0.999817	0.000115493	1.67308e-09	7.20929e-15	4.00701e-20	1.53434e-23	1.75473e-27	6.12241e-31	4.19619e-35	3.29399e-40	1.79553e-46	1.40268e-53	2.44263e-60	5.30666e-38	1.77686e-39	1.34295e-39	1.67487e-38	3.08891e-38	7.85763e-38	1.49312e-36	5.07321e-36	5.36477e-36	9.62886e-36	6.67994e-37	6.37219e-37	
Bramel	0	0	0	0	0	0	0	0	0	0	0	0	0	0	0	0	1	0	0	0	0	0	0	0	0	0	0	0	0	0	0	0	0	0	0	0	0	0	0	0	0	
Bratha	0	0	0	0	0	0	0	0	0	0	0	0	0	0	0	0	1	0	0	0	0	0	0	0	0	0	0	0	0	0	0	0	0	0	0	0	0	0	0	0	0	
N133	2.51302e-51	2.74479e-45	1.93426e-39	3.55577e-35	2.75532e-30	4.9999e-27	1.0256e-21	1.54926e-21	1.69934e-20	1.29248e-15	2.34882e-11	7.10584e-14	3.60954e-15	4.95381e-14	5.76801e-09	0.000214361	0.99941	0.000375774	1.7674e-08	2.46136e-13	4.25868e-18	1.12888e-20	7.19043e-24	2.24123e-26	1.56615e-29	1.10489e-33	5.32723e-39	5.87254e-45	5.54677e-50	6.14946e-56	2.90948e-62	3.45521e-67	7.76268e-71	1.41639e-75	2.7092e-80	4.07996e-84	7.32432e-89	1.87603e-94	4.99227e-100	1.65369e-107	2.84661e-114	
Bradra	0	0	0	0	0	0	0	0	0	0	0	0	0	0	0	0	1	0	0	0	0	0	0	0	0	0	0	0	0	0	0	0	0	0	0	0	0	0	0	0	0	
Bratra	0	0	0	0	0	0	0	0	0	0	0	0	0	0	0	0	1	0	0	0	0	0	0	0	0	0	0	0	0	0	0	0	0	0	0	0	0	0	0	0	0	
N134	1.78107e-46	1.0044e-40	3.80322e-35	4.16513e-31	1.84004e-26	2.0873e-23	2.47743e-18	2.66941e-18	1.91222e-17	8.45812e-13	8.98051e-09	1.44563e-11	2.7659e-14	2.39509e-13	1.64161e-08	0.000360931	0.998987	0.00065231	5.33361e-08	1.29117e-12	3.64482e-17	6.99183e-20	4.82922e-23	1.08946e-25	5.69434e-29	4.4111e-33	3.65295e-38	7.02081e-44	7.5078e-49	1.41651e-54	1.12577e-60	1.42043e-65	2.29352e-69	4.65221e-74	9.73421e-79	1.05681e-82	1.44873e-87	4.18834e-93	1.18922e-98	6.88199e-106	1.36116e-112	
Bragut	0	0	0	0	0	0	0	0	0	0	0	0	0	0	0	0	1	0	0	0	0	0	0	0	0	0	0	0	0	0	0	0	0	0	0	0	0	0	0	0	0	
Braven	0	0	0	0	0	0	0	0	0	0	0	0	0	0	0	0	1	0	0	0	0	0	0	0	0	0	0	0	0	0	0	0	0	0	0	0	0	0	0	0	0	
N135	7.84939e-39	9.36072e-34	7.2016e-29	3.26827e-25	2.5966e-21	1.00668e-18	1.31989e-14	2.50195e-14	2.17316e-13	2.82437e-09	9.3533e-06	1.01799e-07	4.00067e-11	1.3058e-11	2.08467e-07	0.00125105	0.994397	0.00434053	1.87959e-06	2.22724e-10	1.50536e-14	3.71049e-17	7.30571e-20	5.51302e-22	9.44414e-25	2.76445e-28	2.06152e-32	2.22965e-37	1.51241e-41	1.82525e-46	7.19713e-52	2.88208e-56	1.06381e-59	1.1125e-63	1.65218e-67	1.65797e-70	2.31595e-74	1.06491e-78	7.48941e-83	4.32595e-88	1.4217e-92	
Brapum	0	0	0	0	0	0	0	0	0	0	0	0	0	0	0	0	1	0	0	0	0	0	0	0	0	0	0	0	0	0	0	0	0	0	0	0	0	0	0	0	0	
Bradam	0	0	0	0	0	0	0	0	0	0	0	0	0	0	0	0	1	0	0	0	0	0	0	0	0	0	0	0	0	0	0	0	0	0	0	0	0	0	0	0	0	
