NODE	1	2	3	4	5	6	7	8	9	10	11	12	13	14	15	16	17	18	19	20	21	22	23	24	25	26	27	28	29	30	31	32	33	34	35	36	37	38	39	40	41	
N1	8.08019e-73	9.62492e-49	1.49457e-43	4.80776e-39	5.60539e-35	2.94202e-31	7.734e-28	1.07552e-24	8.09785e-22	3.30052e-19	1.62041e-13	1.93886e-09	5.13146e-06	0.00238813	0.139023	0.645321	0.206334	0.00689577	3.23718e-05	2.96096e-08	6.91847e-12	3.98152e-18	2.05174e-20	6.73794e-23	1.47086e-25	2.2043e-28	2.32503e-31	1.75939e-34	9.69196e-38	3.92893e-41	1.18097e-44	2.64446e-48	4.41986e-52	5.50971e-56	5.10457e-60	3.49167e-64	1.74563e-68	6.28724e-73	1.59925e-77	2.79567e-82	3.56856e-87	
N2	2.7453e-70	7.16678e-46	3.31951e-40	3.16892e-35	1.09164e-30	1.68716e-26	1.30348e-22	5.32734e-19	1.18209e-15	1.42913e-12	9.26017e-10	3.09455e-07	4.9843e-05	0.0034496	0.0832361	0.442559	0.380054	0.0844782	0.00600194	0.000169388	2.23602e-06	1.55129e-08	6.15591e-11	1.48815e-13	2.29914e-16	2.35566e-19	1.64737e-22	8.04164e-26	2.78819e-29	6.95752e-33	1.26158e-36	1.67297e-40	1.62811e-44	1.16345e-48	6.09039e-53	2.32247e-57	6.39227e-62	1.2527e-66	1.71477e-71	1.60165e-76	1.65448e-81	
N3	9.34906e-80	1.49432e-54	3.31692e-48	1.48083e-42	2.3218e-37	1.58451e-32	5.22456e-28	8.76924e-24	7.64952e-20	3.4591e-16	7.92138e-13	8.77827e-10	4.37931e-07	8.8283e-05	0.00614244	0.11826	0.486204	0.349251	0.0389974	0.00104718	9.37945e-06	3.49245e-08	6.27871e-11	6.05393e-14	3.37862e-17	1.15516e-20	2.52624e-24	3.6529e-28	3.58294e-32	2.4311e-36	1.15806e-40	3.91412e-45	9.45165e-50	1.63627e-54	2.03094e-59	1.80102e-64	1.13263e-69	4.9908e-75	1.51367e-80	3.0809e-86	5.06658e-92	
N4	2.1691e-79	3.1093e-54	6.49789e-48	2.71508e-42	3.96056e-37	2.50003e-32	7.5824e-28	1.16484e-23	9.26345e-20	3.81053e-16	7.94332e-13	8.05578e-10	3.72527e-07	7.13369e-05	0.00491456	0.0994647	0.454525	0.380651	0.058071	0.00227193	3.00075e-05	1.62948e-07	4.18787e-10	5.6441e-13	4.30535e-16	1.96974e-19	5.65189e-23	1.05305e-26	1.30901e-30	1.10865e-34	6.50051e-39	2.66984e-43	7.74163e-48	1.59171e-52	2.32239e-57	2.39781e-62	1.73994e-67	8.77178e-73	3.01953e-78	6.92768e-84	1.39804e-89	
B3088	0	0	0	0	0	0	0	0	0	0	0	0	0	0	0	0	0	1	0	0	0	0	0	0	0	0	0	0	0	0	0	0	0	0	0	0	0	0	0	0	0	
N5	4.77017e-73	1.56855e-48	8.58188e-43	9.72192e-38	3.99566e-33	7.4151e-29	6.93266e-25	3.46227e-21	9.50536e-18	1.44563e-14	1.20579e-11	5.36552e-09	1.214e-06	0.000129617	0.00583235	0.0932096	0.412356	0.397422	0.0853488	0.00555793	0.000140375	1.63389e-06	9.89377e-09	3.40114e-11	7.07984e-14	9.36869e-17	8.17998e-20	4.84961e-23	1.99597e-26	5.79996e-30	1.20493e-33	1.80539e-37	1.9615e-41	1.54864e-45	8.87565e-50	3.67619e-54	1.09133e-58	2.29255e-63	3.34558e-68	3.30844e-73	3.36539e-78	
BGA709	0	0	0	0	0	0	0	0	0	0	0	0	0	0	0	0	0	1	0	0	0	0	0	0	0	0	0	0	0	0	0	0	0	0	0	0	0	0	0	0	0	
BGA309	0	0	0	0	0	0	0	0	0	0	0	0	0	0	0	0	0	1	0	0	0	0	0	0	0	0	0	0	0	0	0	0	0	0	0	0	0	0	0	0	0	
N6	3.70136e-84	8.91273e-59	2.96023e-52	2.00751e-46	4.86322e-41	5.22803e-36	2.77626e-31	7.69958e-27	1.1435e-22	9.12071e-19	3.84361e-15	8.25237e-12	8.49798e-09	3.8242e-06	0.00065267	0.0339155	0.379348	0.528777	0.0561449	0.00115081	7.3696e-06	1.92398e-08	2.41665e-11	1.6324e-14	6.41565e-18	1.55431e-21	2.4241e-25	2.5156e-29	1.7816e-33	8.77882e-38	3.05332e-42	7.57303e-47	1.34827e-51	1.72841e-56	1.59504e-61	1.0556e-66	4.97141e-72	1.64575e-77	3.76107e-83	5.78388e-89	7.11442e-95	
N7	5.41347e-78	3.37186e-53	3.13291e-47	6.09634e-42	4.3581e-37	1.42639e-32	2.38867e-28	2.17441e-24	1.11002e-20	3.21216e-17	5.23725e-14	4.70394e-11	2.23333e-08	5.24899e-06	0.000552016	0.0221816	0.263116	0.590699	0.118062	0.00530141	8.29055e-05	5.74477e-07	2.04654e-09	4.13915e-12	5.09639e-15	4.01985e-18	2.11012e-21	7.58773e-25	1.91062e-28	3.42534e-32	4.42573e-36	4.15593e-40	2.85059e-44	1.43081e-48	5.24828e-53	1.40021e-57	2.69415e-62	3.69028e-67	3.53199e-72	2.30156e-77	1.32144e-82	
B11696	0	0	0	0	0	0	0	0	0	0	0	0	0	0	0	0	0	1	0	0	0	0	0	0	0	0	0	0	0	0	0	0	0	0	0	0	0	0	0	0	0	
B11609	0	0	0	0	0	0	0	0	0	0	0	0	0	0	0	0	0	1	0	0	0	0	0	0	0	0	0	0	0	0	0	0	0	0	0	0	0	0	0	0	0	
N8	4.90253e-81	5.90193e-69	1.33802e-61	6.27613e-55	1.01338e-48	6.98915e-43	2.2875e-37	3.74501e-32	3.13099e-27	1.33239e-22	2.81472e-18	2.81212e-14	1.2294e-10	2.08965e-07	0.000115357	0.0156281	0.333543	0.59718	0.0529434	0.000587962	1.51609e-06	1.29909e-09	4.61917e-13	7.89581e-17	7.18876e-21	3.75405e-25	1.18784e-29	2.37323e-34	3.08882e-39	2.6811e-44	1.57915e-49	6.38884e-55	1.7893e-60	3.78923e-66	1.11026e-67	1.99604e-68	1.76182e-69	7.40104e-71	1.40439e-72	1.11099e-74	3.67001e-77	
N9	1.30383e-93	1.67139e-67	2.74812e-60	8.96698e-54	1.01689e-47	4.98182e-42	1.17378e-36	1.40539e-31	8.75529e-27	2.83893e-22	4.69364e-18	3.7903e-14	1.39286e-10	2.08703e-07	0.000107507	0.0144682	0.322045	0.605358	0.0572998	0.000718996	2.20954e-06	2.35533e-09	1.0779e-12	2.43671e-16	2.99905e-20	2.15534e-24	9.52394e-29	2.68944e-33	4.99649e-38	6.24081e-43	5.32414e-48	3.13629e-53	1.28412e-58	3.66413e-64	7.65794e-70	1.21546e-72	1.85263e-74	1.2682e-76	3.56258e-79	3.61095e-82	1.26777e-85	
N10	1.1794e-80	1.15056e-55	1.6547e-49	4.97058e-44	5.46988e-39	2.74758e-34	7.03813e-30	9.76321e-26	7.56162e-22	3.30213e-18	8.07039e-15	1.07702e-11	7.5063e-09	2.54427e-06	0.00037519	0.0201105	0.286554	0.589489	0.0998836	0.00354369	4.18322e-05	2.12245e-07	5.41869e-10	7.73022e-13	6.63188e-16	3.60947e-19	1.29697e-22	3.17106e-26	5.39784e-30	6.50856e-34	5.63002e-38	3.5246e-42	1.60542e-46	5.33129e-51	1.28917e-55	2.25951e-60	2.84624e-65	2.54363e-70	1.58293e-75	6.68394e-81	2.45777e-86	
B983	0	0	0	0	0	0	0	0	0	0	0	0	0	0	0	0	0	1	0	0	0	0	0	0	0	0	0	0	0	0	0	0	0	0	0	0	0	0	0	0	0	
B11604	0	0	0	0	0	0	0	0	0	0	0	0	0	0	0	0	0	1	0	0	0	0	0	0	0	0	0	0	0	0	0	0	0	0	0	0	0	0	0	0	0	
N11	1.31634e-82	1.63973e-57	2.92034e-51	1.08973e-45	1.49465e-40	9.39201e-36	3.02187e-31	5.28943e-27	5.19637e-23	2.89597e-19	9.0981e-16	1.57457e-12	1.43894e-09	6.48797e-07	0.000129814	0.00972513	0.203876	0.685054	0.0984484	0.00274145	2.51733e-05	9.97645e-08	2.00292e-10	2.26214e-13	1.54594e-16	6.73909e-20	1.94892e-23	3.85167e-27	5.32024e-31	5.22389e-35	3.69167e-39	1.89379e-43	7.08839e-48	1.93948e-52	3.8741e-57	5.6228e-62	5.87938e-67	4.37173e-72	2.26887e-77	8.00683e-83	2.35188e-88	
BGAA1	0	0	0	0	0	0	0	0	0	0	0	0	0	0	0	0	0	1	0	0	0	0	0	0	0	0	0	0	0	0	0	0	0	0	0	0	0	0	0	0	0	
BGA584	0	0	0	0	0	0	0	0	0	0	0	0	0	0	0	0	0	1	0	0	0	0	0	0	0	0	0	0	0	0	0	0	0	0	0	0	0	0	0	0	0	
N12	9.7443e-81	9.22702e-56	1.26841e-49	3.65405e-44	3.86976e-39	1.87763e-34	4.66473e-30	6.304e-26	4.78068e-22	2.05618e-18	4.98385e-15	6.65232e-12	4.68702e-09	1.62892e-06	0.000251248	0.0145289	0.236471	0.637042	0.107931	0.00373092	4.31682e-05	2.16884e-07	5.53663e-10	7.96458e-13	6.93988e-16	3.85999e-19	1.42506e-22	3.5969e-26	6.3477e-30	7.966e-34	7.19762e-38	4.72263e-42	2.26183e-46	7.92234e-51	2.02677e-55	3.7695e-60	5.05374e-65	4.82131e-70	3.21258e-75	1.45672e-80	5.61888e-86	
BGA303	0	0	0	0	0	0	0	0	0	0	0	0	0	0	0	0	0	1	0	0	0	0	0	0	0	0	0	0	0	0	0	0	0	0	0	0	0	0	0	0	0	
BGAB1	0	0	0	0	0	0	0	0	0	0	0	0	0	0	0	0	0	1	0	0	0	0	0	0	0	0	0	0	0	0	0	0	0	0	0	0	0	0	0	0	0	
PGA445	0	0	0	0	0	0	0	0	0	0	0	0	0	0	0	0	0	1	0	0	0	0	0	0	0	0	0	0	0	0	0	0	0	0	0	0	0	0	0	0	0	
N13	9.81199e-77	1.48221e-54	2.03942e-47	5.03753e-41	3.83198e-35	1.08473e-29	1.22278e-24	5.48325e-20	9.25332e-16	5.31333e-12	9.33862e-09	4.82341e-06	0.000735953	0.0320491	0.339126	0.563024	0.064491	0.000568582	9.24022e-07	4.7867e-10	1.04708e-13	1.14125e-17	6.89711e-22	2.48712e-26	5.63908e-31	8.3531e-36	8.31669e-41	5.68398e-46	2.70774e-51	9.08755e-57	2.16316e-62	3.66366e-68	4.41456e-74	5.10804e-79	3.7671e-79	1.67635e-79	1.08712e-79	6.12353e-80	1.0673e-80	4.11951e-82	3.84677e-84	
N14	9.09459e-60	3.45004e-35	2.1477e-29	2.16119e-24	5.92424e-20	5.27372e-16	1.6226e-12	1.73858e-09	6.34272e-07	7.63923e-05	0.00301821	0.0410553	0.205574	0.394704	0.285224	0.0673443	0.00297623	2.67787e-05	9.2728e-08	1.56435e-10	1.45811e-13	8.12862e-17	2.86303e-20	6.63173e-24	1.04132e-27	1.13464e-31	8.73647e-36	4.82079e-40	1.92801e-44	6.42444e-48	1.02702e-48	7.3401e-50	2.25137e-51	3.04861e-53	1.88091e-55	5.65328e-58	9.35321e-61	9.89726e-64	7.63498e-67	4.63526e-70	2.96557e-73	
Rhaspe	0	0	0	0	0	0	0	0	0	1	0	0	0	0	0	0	0	0	0	0	0	0	0	0	0	0	0	0	0	0	0	0	0	0	0	0	0	0	0	0	0	
N15	5.43121e-54	2.4616e-30	2.83328e-25	5.84578e-21	3.71e-17	8.78074e-14	8.37132e-11	3.27865e-08	5.19911e-06	0.000323529	0.00771467	0.0712163	0.261981	0.388596	0.224284	0.0439348	0.00192052	2.42982e-05	1.37506e-07	4.21322e-10	7.77222e-13	9.2343e-16	7.4011e-19	4.13683e-22	1.6526e-25	4.80541e-29	1.03094e-32	1.64791e-36	1.97584e-40	1.78426e-44	1.21555e-48	6.24741e-53	9.84633e-57	7.30758e-58	3.53896e-59	8.33079e-61	9.5096e-63	5.19948e-65	1.31477e-67	1.44425e-70	1.01883e-73	
Rhamar	0	0	0	0	0	0	0	0	0	1	0	0	0	0	0	0	0	0	0	0	0	0	0	0	0	0	0	0	0	0	0	0	0	0	0	0	0	0	0	0	0	
Rhatem	0	0	0	0	0	0	0	0	0	0	1	0	0	0	0	0	0	0	0	0	0	0	0	0	0	0	0	0	0	0	0	0	0	0	0	0	0	0	0	0	0	
N16	3.13803e-62	1.68357e-48	2.92247e-44	1.57889e-40	2.21506e-37	7.01509e-35	7.80378e-31	1.922e-25	1.9724e-20	7.89599e-16	1.10217e-11	4.52305e-08	4.46816e-05	0.00856728	0.238068	0.636902	0.114561	0.0018529	4.45882e-06	2.5166e-09	4.64973e-13	3.52926e-17	1.28295e-21	2.48115e-26	2.74536e-31	1.82788e-36	7.59713e-42	1.79799e-46	4.82486e-49	4.37062e-52	1.68093e-55	7.21544e-59	1.17268e-58	2.07313e-58	1.47508e-58	3.85849e-59	3.70281e-60	1.41019e-61	2.36676e-63	1.98562e-65	1.06046e-67	
N17	7.93724e-81	4.84805e-55	3.69479e-48	5.38348e-42	2.59702e-36	5.08531e-31	4.4219e-26	1.76331e-21	3.19979e-17	2.52694e-13	7.94689e-10	8.55238e-07	0.000249039	0.0170631	0.245454	0.573385	0.157319	0.00647369	5.54832e-05	1.41675e-07	1.39519e-10	6.3068e-14	1.47586e-17	1.94853e-21	1.54652e-25	7.74101e-30	2.53503e-34	5.58775e-39	8.47361e-44	8.98941e-49	6.75454e-54	3.62575e-59	1.39763e-64	3.87641e-70	7.72586e-76	1.10127e-81	1.11315e-87	7.87459e-94	3.82604e-100	1.24354e-106	2.9408e-113	
N18	2.07423e-67	1.04378e-42	7.97712e-37	1.19677e-31	6.11606e-27	1.30838e-22	1.28507e-18	5.99933e-15	1.32313e-11	1.31618e-08	5.33764e-06	0.000721573	0.0211766	0.172471	0.436487	0.31774	0.0495554	0.0018201	2.28764e-05	1.25194e-07	3.47476e-10	5.42112e-13	5.11402e-16	3.0778e-19	1.23052e-22	3.37114e-26	6.48217e-30	8.91199e-34	8.88585e-38	6.49347e-42	3.50369e-46	1.40227e-50	4.17079e-55	9.21199e-60	1.50558e-64	1.80888e-69	1.58158e-74	9.91987e-80	4.37559e-85	1.32193e-90	3.63404e-96	
FGA379	0	0	0	0	0	0	0	0	0	0	0	0	0	0	0	0	1	0	0	0	0	0	0	0	0	0	0	0	0	0	0	0	0	0	0	0	0	0	0	0	0	
N19	4.03832e-63	1.63912e-38	1.00841e-32	1.18143e-27	4.54798e-23	7.0169e-19	4.71193e-15	1.40632e-11	1.81813e-08	9.43752e-06	0.00169377	0.0779541	0.375798	0.402063	0.128744	0.0133171	0.000416564	4.3017e-06	1.88008e-08	4.13327e-11	5.12004e-14	3.86309e-17	1.87724e-20	6.12333e-24	1.38345e-27	2.21774e-31	2.56991e-35	2.1837e-39	1.37534e-43	6.47049e-48	2.28557e-52	6.07756e-57	1.21691e-61	1.83082e-66	2.05991e-71	1.72047e-76	1.06241e-81	5.31333e-87	3.86833e-92	5.05042e-97	8.13383e-102	
N20	3.83878e-69	9.38659e-44	3.01721e-37	1.7859e-31	3.35154e-26	2.42278e-21	7.27578e-17	9.16047e-13	4.61473e-09	8.27673e-06	0.0041304	0.298294	0.538945	0.150417	0.00809541	0.000109638	4.46567e-07	6.83092e-10	4.7507e-13	1.71756e-16	3.54326e-20	4.45738e-24	3.58956e-28	1.91866e-32	6.9947e-37	1.77516e-41	3.18415e-46	4.08097e-51	3.76442e-56	1.36166e-59	1.59986e-58	7.14332e-58	1.19966e-57	7.17151e-58	1.32784e-58	5.70662e-60	3.2064e-62	2.62556e-65	1.58909e-68	7.86878e-72	3.74358e-75	
N21	3.87711e-73	3.9356e-47	4.93418e-40	1.07621e-33	6.96959e-28	1.60773e-22	1.39885e-17	4.50847e-13	4.92566e-09	1.51677e-05	0.00919303	0.506735	0.442976	0.0405145	0.000564549	1.64821e-06	1.32593e-09	3.89319e-13	5.13018e-17	3.48581e-21	1.34339e-25	3.14192e-30	4.68474e-35	4.61896e-40	3.09478e-45	1.43807e-50	4.70389e-56	1.09451e-61	1.82433e-67	2.5392e-70	5.52794e-70	4.56443e-70	8.86346e-69	6.021e-66	8.78231e-64	2.01641e-62	4.22783e-62	5.16323e-63	2.05976e-64	3.2548e-66	3.11902e-68	
F3015	0	0	0	0	0	0	0	0	0	0	1	0	0	0	0	0	0	0	0	0	0	0	0	0	0	0	0	0	0	0	0	0	0	0	0	0	0	0	0	0	0	
N22	1.38692e-73	1.64158e-47	2.3754e-40	5.97811e-34	4.46498e-28	1.1864e-22	1.18529e-17	4.35518e-13	5.3429e-09	1.79145e-05	0.0111523	0.593172	0.377203	0.0183427	0.000111756	1.35994e-07	5.00392e-11	7.48787e-15	5.47167e-19	2.19725e-23	5.25424e-28	7.91858e-33	7.83684e-38	5.24931e-43	2.43324e-48	7.93263e-54	1.83972e-59	3.058e-65	3.65823e-71	3.50784e-77	8.32837e-78	1.06204e-73	6.80312e-70	9.90883e-67	2.734e-64	1.00017e-62	2.36221e-62	1.39215e-63	2.48902e-65	2.36954e-67	1.85182e-69	
N23	3.61347e-73	3.07905e-47	3.22179e-40	6.07893e-34	3.54364e-28	7.6968e-23	6.6419e-18	2.2569e-13	2.79573e-09	1.0637e-05	0.00873157	0.657662	0.324265	0.00929778	3.32061e-05	2.97419e-08	9.92105e-12	1.53914e-15	1.27484e-19	6.18113e-24	1.87106e-28	3.70469e-33	4.96603e-38	4.62415e-43	3.0491e-48	1.44411e-53	4.96283e-59	1.24598e-64	2.29413e-70	3.10175e-76	2.59983e-81	1.13937e-82	2.40857e-84	1.99519e-86	5.58309e-89	4.07526e-92	5.276e-96	1.68287e-100	2.05761e-105	1.46982e-110	7.70742e-116	
N24	7.17033e-64	1.39362e-51	1.10269e-46	2.01056e-39	1.06077e-32	1.94447e-26	1.31233e-20	3.18378e-15	2.48738e-10	4.89825e-06	0.0140483	0.851278	0.134137	0.000531641	2.1644e-07	2.16979e-11	7.969e-16	1.33397e-20	1.16309e-25	5.76297e-31	1.72173e-36	3.23305e-42	1.35779e-46	1.73467e-48	1.61108e-51	3.47619e-55	5.14277e-59	6.32642e-63	6.57014e-67	5.77762e-71	4.30839e-75	2.72492e-79	1.46017e-83	6.61375e-88	2.5228e-92	8.06194e-97	2.14328e-101	4.69697e-106	8.38433e-111	1.20034e-115	1.3855e-120	
N25	1.82576e-74	4.1903e-51	1.80173e-43	1.39075e-36	3.05137e-30	2.30822e-24	6.41981e-19	6.45345e-14	2.11979e-09	1.8016e-05	0.0232864	0.851029	0.125124	0.000542022	3.01525e-07	4.72278e-11	2.96449e-15	9.02855e-20	1.49651e-24	1.45313e-29	8.67754e-35	3.2893e-40	1.24741e-45	1.53271e-47	6.62919e-50	1.60975e-53	2.09766e-57	2.06882e-61	1.56527e-65	1.01351e-69	1.95606e-68	1.47424e-66	4.62965e-65	5.81715e-64	2.593e-63	3.02907e-63	2.02129e-64	2.88834e-66	2.41557e-68	1.61796e-70	9.70596e-73	
F1476	0	0	0	0	0	0	0	0	0	0	1	0	0	0	0	0	0	0	0	0	0	0	0	0	0	0	0	0	0	0	0	0	0	0	0	0	0	0	0	0	0	
N26	3.75538e-76	8.41401e-50	2.18062e-42	1.00307e-35	1.40291e-29	7.18602e-24	1.43306e-18	1.09554e-13	2.93006e-09	2.22791e-05	0.0298481	0.830621	0.138093	0.0014139	1.75976e-06	5.9859e-10	7.97386e-14	5.07523e-18	1.74755e-22	3.53831e-27	4.46686e-32	3.66817e-37	2.02143e-42	7.64892e-48	2.02092e-53	3.77271e-59	5.01561e-65	4.77087e-71	3.2778e-77	2.93457e-79	1.09308e-74	3.93972e-70	3.1447e-66	4.9381e-63	1.15006e-60	2.10124e-59	4.10452e-60	5.02563e-62	4.17379e-64	2.89452e-66	1.79834e-68	
Furcep	0	0	0	0	0	0	0	0	0	0	0	0	0	1	0	0	0	0	0	0	0	0	0	0	0	0	0	0	0	0	0	0	0	0	0	0	0	0	0	0	0	
N27	1.32105e-70	8.72194e-45	6.9413e-38	9.8756e-32	4.29408e-26	6.86166e-21	4.27837e-16	1.02462e-11	8.61375e-08	0.000207724	0.0907554	0.81541	0.0929445	0.000681732	9.49691e-07	4.54583e-10	9.81352e-14	1.11656e-17	7.39996e-22	3.05995e-26	8.29352e-31	1.52791e-35	1.96624e-40	1.80429e-45	1.19907e-50	5.83731e-56	2.09861e-61	5.60098e-67	1.11268e-72	1.64587e-78	2.77322e-83	4.13661e-84	3.11184e-85	1.04893e-86	1.42873e-88	6.40204e-91	5.67404e-94	2.38691e-98	4.17813e-103	4.90372e-108	4.29192e-113	
Furpol	0	0	0	0	0	0	0	0	0	0	0	1	0	0	0	0	0	0	0	0	0	0	0	0	0	0	0	0	0	0	0	0	0	0	0	0	0	0	0	0	0	
N28	6.01955e-66	1.74164e-40	6.1052e-34	3.85329e-28	7.44874e-23	5.27136e-18	1.43866e-13	1.47308e-09	5.06674e-06	0.00457625	0.599418	0.384748	0.0112092	4.31866e-05	5.12439e-08	2.6049e-11	6.78822e-15	1.0151e-18	9.40687e-23	5.70922e-27	2.36484e-31	6.8992e-36	1.45275e-40	2.25061e-45	2.60418e-50	2.2772e-55	1.51845e-60	7.77246e-66	3.06801e-71	9.36379e-77	2.2116e-82	4.03835e-88	5.68484e-94	6.13983e-100	5.0519e-106	3.13631e-112	1.45039e-118	4.91318e-125	1.19261e-131	2.01474e-138	2.49678e-145	
N29	1.86998e-66	6.96187e-41	3.0657e-34	2.41647e-28	5.7888e-23	5.02261e-18	1.65466e-13	1.99667e-09	7.77641e-06	0.00737631	0.84916	0.14219	0.00126357	2.31e-06	1.49126e-09	4.42362e-13	7.03046e-17	6.61307e-21	3.94473e-25	1.56891e-29	4.31983e-34	8.47477e-39	1.21145e-43	1.28411e-48	1.02323e-53	6.19473e-59	2.87239e-64	1.02602e-69	2.83416e-75	6.06619e-81	1.00631e-86	1.29188e-92	1.27919e-98	9.71802e-105	5.622e-111	2.45188e-117	7.95547e-124	1.8877e-130	3.20319e-137	3.77391e-144	3.2014e-151	
F2241	0	0	0	0	0	0	0	0	0	0	1	0	0	0	0	0	0	0	0	0	0	0	0	0	0	0	0	0	0	0	0	0	0	0	0	0	0	0	0	0	0	
Furang	0	0	0	0	0	0	0	0	0	0	1	0	0	0	0	0	0	0	0	0	0	0	0	0	0	0	0	0	0	0	0	0	0	0	0	0	0	0	0	0	0	
FGA490	0	0	0	0	0	0	0	0	0	0	1	0	0	0	0	0	0	0	0	0	0	0	0	0	0	0	0	0	0	0	0	0	0	0	0	0	0	0	0	0	0	
N30	1.06118e-74	1.88457e-48	3.76859e-41	1.34509e-34	1.4591e-28	5.75606e-23	8.7124e-18	4.93577e-13	9.4327e-09	4.85003e-05	0.0404716	0.907717	0.0516366	0.000126467	6.6001e-08	1.21039e-11	1.00326e-15	4.36938e-20	1.10405e-24	1.73472e-29	1.78263e-34	1.24421e-39	6.07062e-45	2.11694e-50	5.36715e-56	1.00235e-61	1.3925e-67	1.44922e-73	1.13513e-79	6.70811e-86	2.99212e-92	1.00577e-98	2.53856e-105	4.78351e-112	6.67479e-119	6.8223e-126	5.03575e-133	2.63566e-140	9.55273e-148	2.32443e-155	3.81735e-163	
N31	3.6387e-73	4.0873e-47	5.4658e-40	1.31572e-33	9.7202e-28	2.64157e-22	2.79233e-17	1.12347e-12	1.55748e-08	5.97536e-05	0.0389173	0.914554	0.0463297	0.000138634	9.08779e-08	2.13727e-11	2.31477e-15	1.33925e-19	4.56129e-24	9.78427e-29	1.38827e-33	1.35148e-38	9.28164e-44	4.59408e-49	1.666e-54	4.4824e-60	9.03191e-66	1.37212e-71	1.57852e-77	1.37825e-83	9.13558e-90	4.58926e-96	1.74079e-102	4.95709e-109	1.0511e-115	1.64164e-122	1.86204e-129	1.50634e-136	8.50276e-144	3.29843e-151	1.0277e-158	
N32	1.40872e-79	6.57866e-53	3.36056e-45	3.04207e-38	8.33382e-32	8.29589e-26	3.17963e-20	4.60606e-15	2.29707e-10	3.21613e-06	0.00812643	0.921139	0.0704071	0.000323883	1.64236e-07	2.30669e-11	1.28939e-15	3.49114e-20	5.17452e-25	4.55931e-30	2.53166e-35	9.24544e-41	2.29238e-46	3.9526e-52	4.82544e-58	4.22705e-64	2.6824e-70	1.2409e-76	4.19948e-83	4.2219e-89	1.5534e-89	3.02406e-90	2.40384e-91	7.5907e-93	8.70728e-95	2.97745e-97	1.88483e-100	5.84228e-105	1.32112e-109	2.42017e-114	3.64874e-119	
N33	4.85266e-75	6.60821e-49	1.04402e-41	2.9754e-35	2.62166e-29	8.61765e-24	1.12783e-18	5.83195e-14	1.10509e-09	6.4774e-06	0.00824581	0.938873	0.0526869	0.000187619	1.39639e-07	3.62273e-11	4.2454e-15	2.61904e-19	9.39313e-24	2.09703e-28	3.06055e-33	3.02729e-38	2.08482e-43	1.02004e-48	3.59945e-54	9.2609e-60	1.75026e-65	2.44075e-71	2.51579e-77	1.91557e-83	1.25625e-87	1.72735e-88	1.05977e-89	2.66018e-91	2.34504e-93	5.27356e-96	1.09709e-99	1.7549e-104	1.56699e-109	9.74481e-115	4.38298e-120	
N34	3.95065e-72	2.4266e-46	1.78322e-39	2.4278e-33	1.04924e-27	1.73818e-22	1.18072e-17	3.27998e-13	3.48963e-09	1.22342e-05	0.0103337	0.958707	0.0308424	0.000104738	9.67658e-08	3.57559e-11	6.49602e-15	6.5898e-19	4.06519e-23	1.62015e-27	4.3618e-32	8.20496e-37	1.10684e-41	1.09267e-46	8.01965e-52	4.43008e-57	1.85919e-62	5.96872e-68	1.47275e-73	2.80063e-79	4.108e-85	4.64326e-91	4.03255e-97	2.67775e-103	1.34983e-109	5.1151e-116	1.43836e-122	2.95089e-129	4.31999e-136	4.3823e-143	3.1849e-150	
FGA456	0	0	0	0	0	0	0	0	0	0	0	1	0	0	0	0	0	0	0	0	0	0	0	0	0	0	0	0	0	0	0	0	0	0	0	0	0	0	0	0	0	
FGA513	0	0	0	0	0	0	0	0	0	0	0	1	0	0	0	0	0	0	0	0	0	0	0	0	0	0	0	0	0	0	0	0	0	0	0	0	0	0	0	0	0	
F12278	0	0	0	0	0	0	0	0	0	0	0	1	0	0	0	0	0	0	0	0	0	0	0	0	0	0	0	0	0	0	0	0	0	0	0	0	0	0	0	0	0	
N35	3.2703e-72	1.57573e-46	9.29784e-40	1.0344e-33	3.73202e-28	5.30127e-23	3.19604e-18	8.25133e-14	8.70583e-10	3.3408e-06	0.00366021	0.638242	0.335232	0.0227937	6.88811e-05	6.07738e-08	2.29776e-11	4.49247e-15	5.08721e-19	3.59891e-23	1.67843e-27	5.36922e-32	1.21408e-36	1.98593e-41	2.39246e-46	2.15239e-51	1.46149e-56	7.54894e-62	2.98249e-67	9.0435e-73	2.10746e-78	3.77233e-84	5.17358e-90	5.41138e-96	4.28709e-102	2.548e-108	1.1217e-114	3.59673e-121	8.2172e-128	1.29907e-134	1.48805e-141	
Furant	0	0	0	0	0	0	0	0	0	0	0	1	0	0	0	0	0	0	0	0	0	0	0	0	0	0	0	0	0	0	0	0	0	0	0	0	0	0	0	0	0	
FGA331	0	0	0	0	0	0	0	0	0	0	0	0	0	1	0	0	0	0	0	0	0	0	0	0	0	0	0	0	0	0	0	0	0	0	0	0	0	0	0	0	0	
FGA465	0	0	0	0	0	0	0	0	0	0	1	0	0	0	0	0	0	0	0	0	0	0	0	0	0	0	0	0	0	0	0	0	0	0	0	0	0	0	0	0	0	
N36	6.86034e-68	2.88368e-42	1.45102e-35	1.3118e-29	3.62641e-24	3.66609e-19	1.42872e-14	2.0902e-10	1.03007e-06	0.00134501	0.2648	0.717845	0.0159587	4.98456e-05	4.68923e-08	1.85234e-11	3.69513e-15	4.18171e-19	2.90601e-23	1.31257e-27	4.01915e-32	8.61499e-37	1.32507e-41	1.49096e-46	1.24585e-51	7.82136e-57	3.7217e-62	1.35087e-67	3.75616e-73	8.01913e-79	1.31508e-84	1.65429e-90	1.591e-96	1.16364e-102	6.42323e-109	2.64871e-115	8.05065e-122	1.77246e-128	2.76321e-135	2.96051e-142	2.2782e-149	
FGA99	0	0	0	0	0	0	0	0	0	0	1	0	0	0	0	0	0	0	0	0	0	0	0	0	0	0	0	0	0	0	0	0	0	0	0	0	0	0	0	0	0	
N37	1.41908e-67	5.4559e-42	2.51389e-35	2.09079e-29	5.34477e-24	5.02579e-19	1.8342e-14	2.53355e-10	1.19098e-06	0.00150438	0.293035	0.693999	0.0114292	3.11638e-05	2.73794e-08	1.04841e-11	2.07699e-15	2.375e-19	1.68988e-23	7.89818e-28	2.52468e-32	5.69194e-37	9.26919e-42	1.11077e-46	9.93826e-52	6.71386e-57	3.4538e-62	1.36131e-67	4.1278e-73	9.64991e-79	1.73988e-84	2.41587e-90	2.57476e-96	2.09505e-102	1.29166e-108	5.97267e-115	2.04382e-121	5.08657e-128	9.00098e-135	1.09922e-141	9.68754e-149	
FGA15	0	0	0	0	0	0	0	0	0	0	1	0	0	0	0	0	0	0	0	0	0	0	0	0	0	0	0	0	0	0	0	0	0	0	0	0	0	0	0	0	0	
FGA581	0	0	0	0	0	0	0	0	0	0	0	1	0	0	0	0	0	0	0	0	0	0	0	0	0	0	0	0	0	0	0	0	0	0	0	0	0	0	0	0	0	
FGA104	0	0	0	0	0	0	0	0	0	0	0	0	1	0	0	0	0	0	0	0	0	0	0	0	0	0	0	0	0	0	0	0	0	0	0	0	0	0	0	0	0	
FGA489	0	0	0	0	0	0	0	0	0	0	1	0	0	0	0	0	0	0	0	0	0	0	0	0	0	0	0	0	0	0	0	0	0	0	0	0	0	0	0	0	0	
FGA174	0	0	0	0	0	0	0	0	0	0	0	0	0	1	0	0	0	0	0	0	0	0	0	0	0	0	0	0	0	0	0	0	0	0	0	0	0	0	0	0	0	
FurbGB	0	0	0	0	0	0	0	0	0	0	0	1	0	0	0	0	0	0	0	0	0	0	0	0	0	0	0	0	0	0	0	0	0	0	0	0	0	0	0	0	0	
N38	4.55217e-80	1.5652e-54	7.39873e-48	6.85899e-42	2.16848e-36	2.88144e-31	1.77249e-26	5.2601e-22	7.56715e-18	5.13931e-14	1.5504e-10	1.86642e-07	7.52558e-05	0.0079407	0.17044	0.563667	0.239894	0.0176832	0.000298818	1.57697e-06	3.27507e-09	3.14803e-12	1.57134e-15	4.42873e-19	7.5019e-23	8.00797e-27	5.58678e-31	2.62021e-35	8.44319e-40	1.90059e-44	3.02562e-49	3.43553e-54	2.79675e-59	1.63537e-64	6.85954e-70	2.05407e-75	4.35341e-81	6.44495e-87	6.54014e-93	4.43246e-99	2.47331e-105	
N39	2.99714e-75	2.85603e-50	3.91143e-44	1.08287e-38	1.05773e-33	4.5146e-29	9.3351e-25	9.83292e-21	5.36908e-17	1.50774e-13	2.10785e-10	1.37945e-07	3.81613e-05	0.00377953	0.101822	0.499011	0.345659	0.0479552	0.00171383	2.1159e-05	1.11728e-07	2.92168e-10	4.19334e-13	3.55859e-16	1.88726e-19	6.52338e-23	1.51788e-26	2.43775e-30	2.75486e-34	2.22297e-38	1.29468e-42	5.48236e-47	1.69503e-51	3.83094e-56	6.31742e-61	7.56218e-66	6.51299e-71	3.98263e-76	1.69672e-81	4.90611e-87	1.20981e-92	
N40	9.37883e-81	1.9352e-55	5.71716e-49	3.42956e-43	7.30495e-38	6.85737e-33	3.15349e-28	7.49341e-24	9.39936e-20	6.20529e-16	2.10092e-12	3.46094e-09	2.53548e-06	0.000708969	0.0566941	0.58605	0.327877	0.0281198	0.000543776	3.43972e-06	9.09305e-09	1.17845e-11	8.3473e-15	3.49081e-18	9.12041e-22	1.5532e-25	1.78061e-29	1.4085e-33	7.83351e-38	3.10651e-42	8.87349e-47	1.83784e-51	2.76964e-56	3.03833e-61	2.41991e-66	1.39106e-71	5.71578e-77	1.65528e-82	3.34368e-88	9.32818e-94	1.94914e-98	
CGA312	0	0	0	0	0	0	0	0	0	0	0	0	0	0	0	0	0	1	0	0	0	0	0	0	0	0	0	0	0	0	0	0	0	0	0	0	0	0	0	0	0	
N41	1.11773e-95	5.18482e-69	2.83227e-61	2.96527e-54	1.04017e-47	1.51501e-41	1.01529e-35	3.28579e-30	5.20668e-25	3.98289e-20	1.40917e-15	2.13127e-11	1.20614e-07	0.000202527	0.0630904	0.680786	0.247942	0.0079464	3.31419e-05	3.19721e-08	1.02711e-11	1.37741e-15	8.93776e-20	3.10493e-24	6.20545e-29	7.51885e-34	5.74102e-39	2.84253e-44	9.31828e-50	2.0521e-55	3.06407e-61	3.11595e-67	2.30984e-73	4.69081e-75	2.15969e-74	4.05021e-74	2.71063e-74	5.32569e-75	2.02057e-76	4.98045e-79	8.38525e-83	
N42	8.45832e-79	5.57599e-64	1.05384e-58	3.79525e-54	1.13609e-50	5.73089e-48	5.01927e-42	2.234e-35	4.43098e-29	3.82069e-23	1.33957e-17	1.68014e-12	5.94573e-08	0.000366025	0.114737	0.770858	0.113696	0.000342785	8.06609e-08	3.81755e-12	5.81226e-17	3.67186e-22	1.1208e-27	1.82124e-33	1.67944e-39	9.17946e-46	1.58849e-50	5.10442e-53	2.16532e-56	1.76943e-60	7.4248e-65	2.20588e-68	6.26845e-67	9.62074e-66	7.93729e-65	1.18112e-60	3.7681e-56	2.46446e-52	2.15415e-49	1.5059e-47	2.0087e-46	
N43	3.59099e-84	8.44627e-65	4.61428e-59	1.48733e-54	3.15824e-51	1.46994e-45	4.01118e-39	4.98083e-33	2.87798e-27	7.65715e-22	8.95915e-17	4.19789e-12	6.61353e-08	0.000248678	0.100239	0.771008	0.127944	0.000560459	3.13643e-07	4.49731e-11	2.35086e-15	5.47412e-20	6.42565e-25	4.12077e-30	1.5219e-35	3.35908e-41	4.3714e-45	1.17668e-47	3.11838e-51	2.92428e-55	1.81135e-59	8.26509e-64	7.42336e-67	1.6534e-65	1.84717e-64	9.69382e-64	2.25562e-63	2.10164e-63	6.57016e-64	5.06117e-65	7.86372e-67	
N44	7.76094e-85	9.67523e-68	2.28451e-60	1.07405e-53	1.76076e-47	1.25072e-41	4.28232e-36	7.45763e-31	6.74757e-26	3.15989e-21	7.44923e-17	8.35982e-13	4.06114e-09	7.28674e-06	0.00364864	0.289427	0.669523	0.037267	0.000126891	1.10874e-07	3.74624e-11	6.02773e-15	5.24069e-19	2.67788e-23	8.53031e-28	1.76798e-32	2.46059e-37	2.35416e-42	1.57529e-47	7.46382e-53	2.52466e-58	6.12474e-64	1.06716e-69	2.05866e-73	2.06298e-73	1.06251e-73	2.73332e-74	3.3545e-75	1.81012e-76	3.70635e-78	2.36653e-80	
CGA642	0	0	0	0	0	0	0	0	0	0	0	0	0	0	0	0	1	0	0	0	0	0	0	0	0	0	0	0	0	0	0	0	0	0	0	0	0	0	0	0	0	
N45	6.08515e-98	2.14516e-71	9.27904e-64	8.00626e-57	2.41239e-50	3.1532e-44	1.98818e-38	6.37817e-33	1.06278e-27	9.15669e-23	3.96386e-18	8.1438e-14	7.21029e-10	2.34177e-06	0.00209467	0.283714	0.663975	0.0500801	0.000134618	8.45084e-08	1.94783e-11	2.06565e-15	1.15474e-19	3.72377e-24	7.37866e-29	9.40504e-34	7.97705e-39	4.61717e-44	1.8581e-49	5.26952e-55	1.06284e-60	1.53296e-66	1.58442e-72	1.72304e-78	9.14397e-81	7.69548e-83	3.1244e-85	5.66706e-88	4.08097e-91	9.67051e-95	6.02906e-99	
CGA763	0	0	0	0	0	0	0	0	0	0	0	0	0	0	0	1	0	0	0	0	0	0	0	0	0	0	0	0	0	0	0	0	0	0	0	0	0	0	0	0	0	
C601	0	0	0	0	0	0	0	0	0	0	0	0	0	0	0	0	0	1	0	0	0	0	0	0	0	0	0	0	0	0	0	0	0	0	0	0	0	0	0	0	0	
N46	3.32689e-94	1.24521e-67	5.75309e-60	5.13303e-53	1.54496e-46	1.94222e-40	1.12874e-34	3.17717e-29	4.37961e-24	2.90173e-19	8.78579e-15	1.10826e-10	4.96841e-07	0.000596119	0.10864	0.758153	0.131609	0.000999431	1.34306e-06	5.45021e-10	8.89202e-14	6.94164e-18	2.90743e-22	7.07249e-27	1.05766e-31	1.01377e-36	6.42376e-42	2.75314e-47	8.11502e-53	1.66419e-58	2.39193e-64	2.41825e-70	1.72085e-76	1.13669e-82	3.46341e-84	2.02506e-85	5.1518e-87	5.07079e-89	1.53652e-91	8.32883e-95	3.33841e-99	
CGA236	0	0	0	0	0	0	0	0	0	0	0	0	0	0	0	0	1	0	0	0	0	0	0	0	0	0	0	0	0	0	0	0	0	0	0	0	0	0	0	0	0	
N47	3.61794e-84	2.22544e-58	1.80018e-51	2.89028e-45	1.60467e-39	3.80545e-34	4.25796e-29	2.3511e-24	6.46912e-20	8.69869e-16	5.43477e-12	1.44074e-08	1.39068e-05	0.00375887	0.177969	0.705084	0.11166	0.00150882	4.64071e-06	4.98641e-09	2.38268e-12	5.87868e-16	8.27167e-20	7.11656e-24	3.93844e-28	1.45603e-32	3.70019e-37	6.60562e-42	8.42079e-47	7.75851e-52	5.21009e-57	2.56341e-62	9.2613e-68	2.45549e-73	4.76067e-79	6.70388e-85	6.78583e-91	4.86502e-97	2.42071e-103	8.13068e-110	2.05277e-116	
N48	1.47219e-79	3.79898e-54	1.31106e-47	9.16165e-42	2.2618e-36	2.44152e-31	1.27616e-26	3.3896e-22	4.64001e-18	3.22837e-14	1.09291e-10	1.65492e-07	9.60567e-05	0.01552	0.224413	0.574293	0.175015	0.01059	7.19386e-05	1.58429e-07	1.55872e-10	8.08108e-14	2.44402e-17	4.61845e-21	5.72676e-25	4.831e-29	2.84894e-33	1.19893e-37	3.65689e-42	8.17718e-47	1.35126e-51	1.65832e-56	1.51465e-61	1.02897e-66	5.18115e-72	1.92104e-77	5.19203e-83	1.00825e-88	1.37904e-94	1.29275e-100	9.33252e-107	
Calboe	0	0	0	0	0	0	0	0	0	0	0	0	0	1	0	0	0	0	0	0	0	0	0	0	0	0	0	0	0	0	0	0	0	0	0	0	0	0	0	0	0	
C3125	0	0	0	0	0	0	0	0	0	0	0	0	0	0	0	0	0	1	0	0	0	0	0	0	0	0	0	0	0	0	0	0	0	0	0	0	0	0	0	0	0	
CGA429	0	0	0	0	0	0	0	0	0	0	0	0	0	0	1	0	0	0	0	0	0	0	0	0	0	0	0	0	0	0	0	0	0	0	0	0	0	0	0	0	0	
N49	3.52769e-90	3.07269e-64	1.40226e-56	1.1899e-49	3.27528e-43	3.61116e-37	1.75724e-31	3.92665e-26	4.03131e-21	1.83666e-16	3.44311e-12	2.32269e-08	4.46017e-05	0.0156923	0.396141	0.55479	0.033267	6.54443e-05	2.91342e-08	4.74313e-12	3.55585e-16	1.40627e-20	3.20559e-25	4.47733e-30	4.00261e-35	2.36384e-40	9.43631e-46	2.58812e-51	4.93125e-57	6.57035e-63	6.13891e-69	1.62114e-73	2.34459e-74	1.55758e-75	4.61005e-77	3.81457e-75	1.17607e-71	7.16736e-69	5.82187e-67	3.27774e-66	1.03691e-66	
C984	0	0	0	0	0	0	0	0	0	0	0	0	0	1	0	0	0	0	0	0	0	0	0	0	0	0	0	0	0	0	0	0	0	0	0	0	0	0	0	0	0	
N50	3.33209e-83	2.52245e-57	2.46684e-50	4.66093e-44	2.9644e-38	7.83442e-33	9.48873e-28	5.49312e-23	1.52768e-18	1.98628e-14	1.13334e-10	2.53368e-07	0.000182273	0.0293189	0.482563	0.466652	0.021211	7.21723e-05	7.20843e-08	3.01959e-11	6.36293e-15	7.53974e-19	5.41346e-23	2.48262e-27	7.55694e-32	1.57088e-36	2.27773e-41	2.33991e-46	1.72212e-51	9.14756e-57	3.5213e-62	9.83411e-68	1.98939e-73	8.83189e-78	8.11702e-79	3.64864e-80	7.17321e-82	5.42345e-84	1.26441e-86	6.19222e-90	7.85926e-94	
CGA310	0	0	0	0	0	0	0	0	0	0	0	0	0	0	1	0	0	0	0	0	0	0	0	0	0	0	0	0	0	0	0	0	0	0	0	0	0	0	0	0	0	
N51	3.1178e-75	5.43182e-50	1.27144e-43	5.93612e-38	9.61915e-33	6.6735e-28	2.18587e-23	3.52782e-19	2.82418e-15	1.09454e-11	1.93622e-08	1.4037e-05	0.00343495	0.191221	0.677035	0.125676	0.0026042	1.42873e-05	3.06893e-08	3.18555e-11	1.81836e-14	6.22292e-18	1.35722e-21	1.97296e-25	1.97727e-29	1.40187e-33	7.17276e-38	2.68918e-42	7.47315e-47	1.55223e-51	2.42319e-56	2.85173e-61	2.53143e-66	1.69174e-71	8.47329e-77	3.15718e-82	8.6571e-88	1.72088e-93	2.42982e-99	2.37035e-105	1.79677e-111	
CGA365	0	0	0	0	0	0	0	0	0	0	0	0	0	0	1	0	0	0	0	0	0	0	0	0	0	0	0	0	0	0	0	0	0	0	0	0	0	0	0	0	0	
CGA494	0	0	0	0	0	0	0	0	0	0	0	0	0	1	0	0	0	0	0	0	0	0	0	0	0	0	0	0	0	0	0	0	0	0	0	0	0	0	0	0	0	
N52	1.62882e-84	3.51756e-65	5.10426e-58	1.48353e-51	1.51336e-45	6.73804e-40	1.45795e-34	1.61949e-29	9.4457e-25	2.88637e-20	4.50283e-16	3.39858e-12	1.13089e-08	1.41651e-05	0.00501441	0.27447	0.575379	0.140873	0.00423312	1.66969e-05	1.94617e-08	9.33019e-12	2.20279e-15	2.86613e-19	2.21739e-23	1.07632e-27	3.40851e-32	7.24812e-37	1.05716e-41	1.07392e-46	7.67903e-52	3.89002e-57	1.4004e-62	7.21999e-66	6.53808e-66	2.95247e-66	6.42595e-67	6.3598e-68	2.57726e-69	3.50832e-71	1.1825e-73	
N53	2.07345e-93	3.67723e-67	8.15366e-60	3.60505e-53	5.56411e-47	3.72379e-41	1.20165e-35	1.97191e-30	1.67971e-25	7.3918e-21	1.63204e-16	1.70547e-12	7.63502e-09	1.23641e-05	0.00530775	0.300952	0.571949	0.119941	0.00183325	4.24543e-06	2.95059e-09	8.44552e-13	1.18978e-16	9.23505e-21	4.26434e-25	1.23699e-29	2.34554e-34	2.99396e-39	2.62912e-44	1.61359e-49	6.99787e-55	2.15937e-60	4.7566e-66	7.47842e-72	8.57522e-78	2.56693e-81	1.53666e-83	4.30569e-86	5.07496e-89	2.12263e-92	2.59241e-96	
C12265	0	0	0	0	0	0	0	0	0	0	0	0	0	0	0	0	0	1	0	0	0	0	0	0	0	0	0	0	0	0	0	0	0	0	0	0	0	0	0	0	0	
N54	1.59187e-68	8.57205e-55	1.5357e-50	7.61565e-48	5.52812e-46	5.14889e-44	4.7974e-38	2.7172e-32	7.57989e-27	1.03881e-21	6.78297e-17	1.97572e-12	2.27737e-08	8.33001e-05	0.0602936	0.898378	0.0410409	0.000204171	1.37579e-07	2.68956e-11	2.13195e-15	8.20953e-20	1.71407e-24	2.08426e-29	1.54853e-34	7.40701e-40	2.82517e-42	1.69249e-43	1.96563e-45	1.26416e-48	6.43005e-52	2.7468e-55	9.89368e-59	3.00898e-62	7.72474e-66	1.67052e-69	3.03087e-73	4.58434e-77	5.72755e-81	5.83421e-85	5.09372e-89	
C404	0	0	0	0	0	0	0	0	0	0	0	0	0	0	1	0	0	0	0	0	0	0	0	0	0	0	0	0	0	0	0	0	0	0	0	0	0	0	0	0	0	
N55	6.40561e-89	2.68058e-64	1.03147e-58	4.10732e-54	2.16236e-50	2.529e-45	3.80599e-39	2.79232e-33	1.01764e-27	1.83441e-22	1.58275e-17	6.09963e-13	9.26118e-09	4.39952e-05	0.0401236	0.931998	0.0277677	6.65165e-05	2.66841e-08	3.36991e-12	1.80521e-16	4.85383e-21	7.27211e-26	6.50225e-31	3.63551e-36	1.31245e-41	3.59449e-47	2.51832e-50	8.89149e-54	1.21952e-57	1.0371e-61	6.61371e-66	3.2378e-70	1.2131e-74	3.45671e-79	7.42394e-84	1.18705e-88	1.39014e-93	1.1668e-98	6.81918e-104	2.82353e-109	
Cl11778	0	0	0	0	0	0	0	0	0	0	0	0	0	0	0	1	0	0	0	0	0	0	0	0	0	0	0	0	0	0	0	0	0	0	0	0	0	0	0	0	0	
CGA48	0	0	0	0	0	0	0	0	0	0	0	0	0	0	0	1	0	0	0	0	0	0	0	0	0	0	0	0	0	0	0	0	0	0	0	0	0	0	0	0	0	
C3126	0	0	0	0	0	0	0	0	0	0	0	0	0	0	0	0	0	0	1	0	0	0	0	0	0	0	0	0	0	0	0	0	0	0	0	0	0	0	0	0	0	
N56	4.07232e-72	1.2348e-61	5.62399e-55	6.29122e-49	2.47607e-43	4.26792e-38	3.59281e-33	1.56406e-28	3.61475e-24	4.45165e-20	2.87464e-16	9.38163e-13	1.45478e-09	9.7469e-07	0.000244663	0.0186232	0.313729	0.61057	0.05612	0.000709378	2.5729e-06	3.72812e-09	2.59882e-12	9.80466e-16	2.16916e-19	2.97957e-23	2.64954e-27	1.5733e-31	6.38383e-36	1.80021e-40	3.57037e-45	5.01885e-50	5.02027e-55	3.58148e-60	2.13257e-62	3.73544e-62	3.38534e-62	1.5415e-62	3.35358e-63	3.21064e-64	1.5018e-65	
CGA311	0	0	0	0	0	0	0	0	0	0	0	0	0	0	0	0	0	1	0	0	0	0	0	0	0	0	0	0	0	0	0	0	0	0	0	0	0	0	0	0	0	
N57	6.3947e-95	1.06294e-68	2.22457e-61	9.24273e-55	1.33237e-48	8.26352e-43	2.44826e-37	3.65023e-32	2.79482e-27	1.09524e-22	2.1437e-18	1.99987e-14	8.25852e-11	1.35149e-07	7.43996e-05	0.0107978	0.285549	0.642295	0.0606627	0.000619538	1.49764e-06	1.25414e-09	4.52743e-13	8.10644e-17	7.92799e-21	4.53946e-25	1.6022e-29	3.62401e-34	5.41078e-39	5.45318e-44	3.77206e-49	1.81203e-54	6.09119e-60	1.43954e-65	1.44595e-70	5.29498e-73	1.15834e-75	1.20001e-78	5.47425e-82	9.99934e-86	7.4957e-90	
N58	3.7944e-85	7.25391e-72	2.04721e-64	1.15925e-57	2.30339e-51	1.9992e-45	8.45265e-40	1.8433e-34	2.12812e-29	1.30513e-24	4.18067e-20	6.7313e-16	5.10378e-12	1.6433e-08	1.90534e-05	0.00602459	0.306397	0.664808	0.0226589	9.28535e-05	9.8682e-08	3.9109e-11	7.10219e-15	6.73345e-19	3.64108e-23	1.19565e-27	2.49586e-32	3.42592e-37	3.17107e-42	2.01618e-47	8.9217e-53	2.77148e-58	6.07225e-64	9.39638e-70	1.51206e-73	3.33577e-74	3.84593e-75	2.24461e-76	6.33747e-78	8.03758e-80	4.48343e-82	
CGA45	0	0	0	0	0	0	0	0	0	0	0	0	0	0	0	0	1	0	0	0	0	0	0	0	0	0	0	0	0	0	0	0	0	0	0	0	0	0	0	0	0	
N59	7.48839e-97	1.10897e-70	2.09989e-63	8.06762e-57	1.10464e-50	6.72354e-45	2.03342e-39	3.24441e-34	2.81268e-29	1.3349e-24	3.42828e-20	4.61579e-16	3.07939e-12	9.28867e-09	1.09155e-05	0.00386165	0.245734	0.723366	0.0268934	0.000133524	1.83832e-07	9.88428e-11	2.52067e-14	3.44756e-18	2.74822e-22	1.35412e-26	4.30397e-31	9.10621e-36	1.31259e-40	1.31084e-45	9.17655e-51	4.53654e-56	1.58936e-61	3.94587e-67	6.94607e-73	1.10691e-76	2.0445e-78	1.7695e-80	6.50251e-83	8.84536e-86	4.0647e-89	
C3043	0	0	0	0	0	0	0	0	0	0	0	0	0	0	0	0	0	1	0	0	0	0	0	0	0	0	0	0	0	0	0	0	0	0	0	0	0	0	0	0	0	
CGA364	0	0	0	0	0	0	0	0	0	0	0	0	0	0	0	0	0	1	0	0	0	0	0	0	0	0	0	0	0	0	0	0	0	0	0	0	0	0	0	0	0	
C2208	0	0	0	0	0	0	0	0	0	0	0	0	0	0	0	0	0	0	1	0	0	0	0	0	0	0	0	0	0	0	0	0	0	0	0	0	0	0	0	0	0	
N60	2.15838e-79	1.9573e-54	2.70989e-48	7.75643e-43	8.04018e-38	3.75529e-33	8.81363e-29	1.1014e-24	7.53542e-21	2.84097e-17	5.83451e-14	6.33694e-11	3.46182e-08	8.81357e-06	0.000935142	0.0351056	0.359473	0.565	0.0388431	0.000630467	3.85777e-06	1.11512e-08	1.73975e-11	1.59911e-14	9.20812e-18	3.47403e-21	8.88059e-25	1.57777e-28	1.98621e-32	1.79746e-36	1.18164e-40	5.68244e-45	2.00662e-49	5.20754e-54	9.9098e-59	1.37523e-63	1.37903e-68	9.85719e-74	4.92698e-79	1.67746e-84	5.017e-90	
N61	2.582e-96	3.76184e-70	6.97044e-63	2.63147e-56	3.54498e-50	2.11943e-44	6.26765e-39	9.70518e-34	8.07974e-29	3.63254e-24	8.69081e-20	1.06895e-15	6.37522e-12	1.6821e-08	1.70103e-05	0.00520099	0.305044	0.675498	0.014193	4.71065e-05	4.74059e-08	1.96059e-11	3.96919e-15	4.40146e-19	2.88831e-23	1.1857e-27	3.1727e-32	5.70691e-37	7.06319e-42	6.12048e-47	3.76051e-52	1.65246e-57	5.21945e-63	1.18703e-68	1.9406e-74	2.26895e-80	1.8803e-86	1.08956e-92	4.33031e-99	1.14909e-105	2.18429e-112	
CGA453	0	0	0	0	0	0	0	0	0	0	0	0	0	0	0	0	0	1	0	0	0	0	0	0	0	0	0	0	0	0	0	0	0	0	0	0	0	0	0	0	0	
N62	2.05169e-103	7.90249e-77	3.79328e-69	3.74251e-62	1.33058e-55	2.12252e-49	1.69523e-43	7.18642e-38	1.66291e-32	2.11337e-27	1.45629e-22	5.26596e-18	9.43589e-14	7.63909e-10	2.40448e-06	0.00226278	0.36738	0.626021	0.00432853	4.80061e-06	1.65842e-09	2.41111e-13	1.75085e-17	7.08485e-22	1.72202e-26	2.65276e-31	2.69462e-36	1.85902e-41	8.90623e-47	3.01214e-52	7.27714e-58	1.26582e-63	1.59223e-69	1.4499e-75	9.53709e-82	4.50613e-88	1.51494e-94	3.57371e-101	5.79998e-108	6.30208e-115	4.74939e-122	
CGA501	0	0	0	0	0	0	0	0	0	0	0	0	0	0	0	0	0	1	0	0	0	0	0	0	0	0	0	0	0	0	0	0	0	0	0	0	0	0	0	0	0	
C3121	0	0	0	0	0	0	0	0	0	0	0	0	0	0	0	0	1	0	0	0	0	0	0	0	0	0	0	0	0	0	0	0	0	0	0	0	0	0	0	0	0	
N63	2.89067e-109	1.85417e-82	1.50821e-74	2.50608e-67	1.49412e-60	3.98782e-54	5.3297e-48	3.7918e-42	1.48185e-36	3.21462e-31	3.84363e-26	2.47128e-21	8.16638e-17	1.28965e-12	8.68183e-09	2.07029e-05	0.0126267	0.983034	0.00431602	3.01359e-06	6.60957e-10	6.14654e-14	2.87082e-18	7.49965e-23	1.17917e-27	1.17564e-32	7.72141e-38	3.43648e-43	1.05833e-48	2.29006e-54	3.51905e-60	3.86626e-66	3.04692e-72	1.72238e-78	6.96074e-85	1.9976e-91	4.0278e-98	5.61979e-105	5.31315e-112	3.30779e-119	1.44007e-126	
Calparcri	0	0	0	0	0	0	0	0	0	0	0	0	0	0	0	0	0	1	0	0	0	0	0	0	0	0	0	0	0	0	0	0	0	0	0	0	0	0	0	0	0	
C3118	0	0	0	0	0	0	0	0	0	0	0	0	0	0	0	0	0	1	0	0	0	0	0	0	0	0	0	0	0	0	0	0	0	0	0	0	0	0	0	0	0	
N64	5.8439e-73	6.43449e-59	1.08115e-54	4.98087e-51	6.09232e-45	1.09019e-38	9.58941e-33	3.69629e-27	6.13137e-22	4.16279e-17	1.0462e-12	8.21949e-09	1.55474e-05	0.00502469	0.193771	0.636714	0.159525	0.00492105	2.87687e-05	4.43298e-08	2.26778e-11	4.52818e-15	3.96844e-19	1.66698e-23	3.59111e-28	5.07527e-33	5.16617e-36	6.95141e-39	2.92692e-42	6.47448e-46	9.73647e-50	1.03234e-53	7.77506e-58	8.76057e-62	2.04514e-61	3.57052e-61	2.28713e-61	5.10681e-62	4.23415e-63	1.41267e-64	2.18066e-66	
N65	1.69173e-76	2.32883e-51	4.32992e-45	1.59631e-39	2.03364e-34	1.10692e-29	2.849e-25	3.63945e-21	2.34435e-17	7.5455e-14	1.17459e-10	8.33659e-08	2.4561e-05	0.00259577	0.0778482	0.44679	0.398444	0.0710838	0.00316771	4.53259e-05	2.56575e-07	6.71037e-10	9.08182e-13	6.91611e-16	3.15617e-19	9.05668e-23	1.69611e-26	2.13402e-30	1.84497e-34	1.11521e-38	4.77471e-43	1.4614e-47	3.21629e-52	5.10296e-57	5.83287e-62	4.78361e-67	2.79253e-72	1.14601e-77	3.24662e-83	6.18827e-89	9.282e-95	
N66	3.98294e-74	3.86913e-49	5.21606e-43	1.39761e-37	1.29554e-32	5.12775e-28	9.56479e-24	8.78901e-20	4.01684e-16	8.96319e-13	9.32319e-10	4.18661e-07	7.30356e-05	0.00444127	0.0831193	0.403488	0.415954	0.088641	0.00422074	6.25831e-05	3.70158e-07	1.03269e-09	1.52602e-12	1.2978e-15	6.75276e-19	2.25123e-22	4.98155e-26	7.51886e-30	7.90514e-34	5.88286e-38	3.13566e-42	1.20697e-46	3.37153e-51	6.84696e-56	1.00951e-60	1.07552e-65	8.20976e-71	4.4321e-76	1.66099e-81	4.21011e-87	8.74425e-93	
N67	1.21494e-72	1.31984e-47	1.98715e-41	5.88413e-36	5.95117e-31	2.52929e-26	4.96261e-22	4.66496e-18	2.0959e-14	4.32308e-11	3.74028e-08	1.13508e-05	0.000840283	0.0202916	0.169265	0.450138	0.312964	0.0453228	0.0011583	8.81016e-06	2.70763e-08	4.03672e-11	3.28585e-14	1.58399e-17	4.79413e-21	9.51301e-25	1.27873e-28	1.19379e-32	7.8892e-37	3.7437e-41	1.28895e-45	3.24235e-50	5.98184e-55	8.10083e-60	8.03511e-65	5.80577e-70	3.0281e-75	1.12473e-80	2.91868e-86	5.15302e-92	7.23175e-98	
N68	3.40478e-81	8.15296e-56	2.64704e-49	1.71456e-43	3.86319e-38	3.74476e-33	1.72817e-28	3.98252e-24	4.64846e-20	2.7153e-16	7.6499e-13	9.75541e-10	5.14306e-07	0.000100658	0.00647186	0.117889	0.500287	0.353956	0.021032	0.000262401	1.08596e-06	1.91475e-09	1.67881e-12	8.11822e-16	2.32959e-19	4.18565e-23	4.90237e-27	3.85939e-31	2.09054e-35	7.93071e-40	2.13474e-44	4.11431e-49	5.70912e-54	5.71628e-59	4.12519e-64	2.13584e-69	7.86706e-75	2.03479e-80	3.62703e-86	4.3403e-92	4.10318e-98	
Triowe	0	0	0	0	0	0	0	0	0	0	0	0	0	0	0	0	0	1	0	0	0	0	0	0	0	0	0	0	0	0	0	0	0	0	0	0	0	0	0	0	0	
N69	8.05423e-83	1.84831e-57	5.82584e-51	3.73558e-45	8.51853e-40	8.57218e-35	4.23014e-30	1.07956e-25	1.45569e-21	1.03467e-17	3.78445e-14	6.7922e-11	5.54054e-08	1.83134e-05	0.00208301	0.0657754	0.444864	0.452078	0.0346379	0.000540615	2.75685e-06	5.94937e-09	6.37135e-12	3.76507e-15	1.32277e-18	2.91728e-22	4.20632e-26	4.08901e-30	2.74337e-34	1.29288e-38	4.33567e-43	1.04391e-47	1.81432e-52	2.28089e-57	2.07151e-62	1.35272e-67	6.29709e-73	2.0624e-78	4.66352e-84	7.09144e-90	8.68875e-96	
Trijoh	0	0	0	0	0	0	0	0	0	0	0	0	0	0	0	0	0	1	0	0	0	0	0	0	0	0	0	0	0	0	0	0	0	0	0	0	0	0	0	0	0	
Trimel	0	0	0	0	0	0	0	0	0	0	0	0	0	0	0	0	0	1	0	0	0	0	0	0	0	0	0	0	0	0	0	0	0	0	0	0	0	0	0	0	0	
N70	1.11953e-66	1.38473e-41	2.28816e-35	7.1777e-30	7.36729e-25	3.0121e-20	5.3075e-16	4.08811e-12	1.32386e-08	1.62454e-05	0.00607702	0.415831	0.469657	0.101345	0.00689385	0.000177643	1.83167e-06	7.52428e-09	1.31472e-11	1.1371e-14	5.47197e-18	1.59063e-21	2.96168e-25	3.68726e-29	3.16983e-33	1.92812e-37	8.45436e-42	2.71016e-46	6.41806e-51	1.13107e-55	1.49025e-60	1.47103e-65	1.08754e-70	6.00526e-76	2.46353e-81	7.44617e-87	1.63904e-92	2.58606e-98	2.86311e-104	2.16174e-110	1.28467e-116	
N71	4.05237e-68	9.44129e-43	2.74974e-36	1.48172e-30	2.53324e-25	1.66147e-20	4.48149e-16	4.97674e-12	2.14642e-08	3.14274e-05	0.0119182	0.631937	0.331524	0.0241465	0.000440694	2.63132e-06	6.00149e-09	5.92321e-12	2.87512e-15	7.65103e-19	1.2122e-22	1.21592e-26	8.08617e-31	3.69258e-35	1.18956e-39	2.76036e-44	4.68865e-49	5.90125e-54	5.55352e-59	3.93221e-64	2.10273e-69	8.50417e-75	2.59907e-80	5.98355e-86	1.03177e-91	1.32126e-97	1.2417e-103	8.42782e-110	4.0439e-116	1.333e-122	3.24722e-129	
Trihoe	0	0	0	0	0	0	0	0	0	0	0	1	0	0	0	0	0	0	0	0	0	0	0	0	0	0	0	0	0	0	0	0	0	0	0	0	0	0	0	0	0	
Tribit	0	0	0	0	0	0	0	0	0	0	0	1	0	0	0	0	0	0	0	0	0	0	0	0	0	0	0	0	0	0	0	0	0	0	0	0	0	0	0	0	0	
Trijac	0	0	0	0	0	0	0	0	0	0	0	1	0	0	0	0	0	0	0	0	0	0	0	0	0	0	0	0	0	0	0	0	0	0	0	0	0	0	0	0	0	
N72	4.255e-79	4.56471e-54	7.07725e-48	2.24549e-42	2.55092e-37	1.28902e-32	3.22548e-28	4.2258e-24	2.97247e-20	1.12601e-16	2.26028e-13	2.31956e-10	1.14705e-07	2.49955e-05	0.00210651	0.0571795	0.39505	0.494071	0.0503989	0.0011594	9.33392e-06	3.32955e-08	6.08533e-11	6.28086e-14	3.92189e-17	1.55836e-20	4.09302e-24	7.31479e-28	9.09401e-32	7.99812e-36	5.0381e-40	2.29257e-44	7.57546e-49	1.82133e-53	3.18221e-58	4.0219e-63	3.64624e-68	2.34079e-73	1.04453e-78	3.15683e-84	8.02559e-90	
Tricri	0	0	0	0	0	0	0	0	0	0	0	0	0	0	0	0	0	1	0	0	0	0	0	0	0	0	0	0	0	0	0	0	0	0	0	0	0	0	0	0	0	
N73	3.40641e-84	7.46852e-59	2.2427e-52	1.38535e-46	3.08181e-41	3.06942e-36	1.52495e-31	3.9998e-27	5.68617e-23	4.40067e-19	1.8274e-15	3.93544e-12	4.1506e-09	1.96199e-06	0.000363411	0.0215109	0.299783	0.615302	0.0618583	0.00117335	7.09268e-06	1.79491e-08	2.24187e-11	1.54048e-14	6.28271e-18	1.60715e-21	2.68709e-25	3.02967e-29	2.35907e-33	1.29164e-37	5.0395e-42	1.41425e-46	2.87123e-51	4.22742e-56	4.51001e-61	3.47137e-66	1.91205e-71	7.44129e-77	2.00886e-82	3.66559e-88	5.3248e-94	
Triwie	0	0	0	0	0	0	0	0	0	0	0	0	0	0	0	0	0	1	0	0	0	0	0	0	0	0	0	0	0	0	0	0	0	0	0	0	0	0	0	0	0	
Triqua	0	0	0	0	0	0	0	0	0	0	0	0	0	0	0	0	0	1	0	0	0	0	0	0	0	0	0	0	0	0	0	0	0	0	0	0	0	0	0	0	0	
N74	5.4595e-70	1.39163e-45	5.84738e-40	5.05053e-35	1.56966e-30	2.18199e-26	1.51132e-22	5.51871e-19	1.09033e-15	1.16995e-12	6.71242e-10	1.98593e-07	2.84788e-05	0.00179271	0.0422377	0.287979	0.453652	0.189214	0.0239534	0.00111888	2.28806e-05	2.33299e-07	1.3062e-09	4.31567e-12	8.88638e-15	1.18914e-17	1.06822e-20	6.60651e-24	2.86845e-27	8.87475e-31	1.97817e-34	3.20067e-38	3.77565e-42	3.25161e-46	2.04084e-50	9.2884e-55	3.03876e-59	7.05253e-64	1.13951e-68	1.24988e-73	1.3885e-78	
N75	7.96309e-73	2.42113e-48	1.16254e-42	1.16222e-37	4.24053e-33	7.0315e-29	5.91571e-25	2.6796e-21	6.73213e-18	9.46638e-15	7.38995e-12	3.12429e-09	6.84917e-07	7.28429e-05	0.00341092	0.0612992	0.350151	0.48401	0.0956969	0.00524473	0.000112196	1.13922e-06	6.21793e-09	1.98617e-11	3.94644e-14	5.1032e-17	4.44399e-20	2.67517e-23	1.1357e-26	3.45201e-30	7.59587e-34	1.21915e-37	1.43353e-41	1.23647e-45	7.8095e-50	3.59355e-54	1.1942e-58	2.82841e-63	4.68545e-68	5.28969e-73	5.62576e-78	
Kinboe	0	0	0	0	0	0	0	0	0	0	0	0	0	0	0	0	0	1	0	0	0	0	0	0	0	0	0	0	0	0	0	0	0	0	0	0	0	0	0	0	0	
Kinfis	0	0	0	0	0	0	0	0	0	0	0	0	0	0	0	0	0	1	0	0	0	0	0	0	0	0	0	0	0	0	0	0	0	0	0	0	0	0	0	0	0	
Kinxen	0	0	0	0	0	0	0	0	0	0	0	0	0	0	0	0	0	1	0	0	0	0	0	0	0	0	0	0	0	0	0	0	0	0	0	0	0	0	0	0	0	
N76	2.66862e-60	1.31327e-46	2.29413e-42	1.62176e-38	6.00518e-35	1.2411e-31	1.74782e-28	4.03494e-24	1.86086e-19	3.4951e-15	2.42281e-11	5.49565e-08	3.53008e-05	0.00576585	0.179448	0.606818	0.195521	0.0121765	0.00023378	1.75498e-06	5.94171e-09	9.96218e-12	8.81732e-15	4.30549e-18	1.19527e-21	1.92352e-25	1.81415e-29	1.00687e-33	3.28425e-38	6.26631e-43	6.95766e-48	4.48873e-53	1.69199e-58	4.48585e-62	9.10296e-63	1.59158e-62	5.31447e-62	6.40075e-62	2.09653e-62	1.41625e-63	2.12455e-65	
N77	3.51522e-56	2.38666e-32	2.95323e-27	7.05878e-23	5.6368e-19	1.8406e-15	2.68213e-12	1.79486e-09	5.44474e-07	7.10464e-05	0.00360928	0.0605939	0.268663	0.395476	0.220044	0.0476041	0.0038144	0.000122949	1.89512e-06	1.5899e-08	7.94219e-11	2.5181e-13	5.31009e-16	7.71479e-19	7.93346e-22	5.89642e-25	3.21904e-28	1.30697e-31	3.98331e-35	9.17319e-39	1.60289e-42	2.1292e-46	2.14936e-50	1.64452e-54	9.48812e-59	4.0954e-63	1.3077e-67	3.04193e-72	5.04943e-77	5.8196e-82	6.58969e-87	
N78	2.96091e-64	2.97736e-39	3.96169e-33	9.62101e-28	7.30648e-23	2.09689e-18	2.43814e-14	1.1514e-10	2.09174e-07	0.000129101	0.0212009	0.545539	0.387628	0.0441238	0.0013643	1.47151e-05	6.49381e-08	1.33794e-10	1.43452e-13	8.71598e-17	3.20535e-20	7.50809e-24	1.16563e-27	1.23754e-31	9.21011e-36	4.89976e-40	1.89222e-44	5.36826e-49	1.12888e-53	1.77083e-58	2.08036e-63	1.83344e-68	1.21152e-73	5.98526e-79	2.19885e-84	5.95813e-90	1.17709e-95	1.6691e-101	1.66335e-107	1.13253e-113	6.08841e-120	
N79	3.40582e-70	1.61347e-44	9.05864e-38	9.18209e-32	2.86966e-26	3.32546e-21	1.52065e-16	2.71877e-12	1.76586e-08	3.55606e-05	0.0162389	0.825981	0.15491	0.00282351	1.12916e-05	1.49734e-08	8.40512e-12	2.33786e-15	3.58932e-19	3.28646e-23	1.90051e-27	7.25046e-32	1.88734e-36	3.44176e-41	4.48914e-46	4.25677e-51	2.97193e-56	1.54251e-61	5.99379e-67	1.75183e-72	3.86086e-78	6.41882e-84	8.0365e-90	7.54781e-96	5.28408e-102	2.73253e-108	1.03094e-114	2.79135e-121	5.30684e-128	6.88127e-135	6.37758e-142	
N80	1.2232e-67	2.83924e-42	8.25045e-36	4.41859e-30	7.46968e-25	4.81074e-20	1.26184e-15	1.34341e-11	5.43393e-08	7.19216e-05	0.0229729	0.8587	0.116707	0.00154362	5.08118e-06	6.27886e-09	3.64361e-12	1.14048e-15	2.11305e-19	2.4751e-23	1.92387e-27	1.02935e-31	3.89927e-36	1.06896e-40	2.15737e-45	3.24819e-50	3.68576e-55	3.17578e-60	2.0887e-65	1.05186e-70	4.06073e-76	1.20082e-81	2.7127e-87	4.6589e-93	6.0399e-99	5.85313e-105	4.18511e-111	2.17061e-117	7.98582e-124	2.02344e-130	3.78876e-137	
Chaafr	0	0	0	0	0	0	0	0	0	0	0	1	0	0	0	0	0	0	0	0	0	0	0	0	0	0	0	0	0	0	0	0	0	0	0	0	0	0	0	0	0	
Chacha	0	0	0	0	0	0	0	0	0	0	0	1	0	0	0	0	0	0	0	0	0	0	0	0	0	0	0	0	0	0	0	0	0	0	0	0	0	0	0	0	0	
N81	1.28906e-67	2.91613e-42	8.22858e-36	4.3004e-30	7.12965e-25	4.52685e-20	1.17738e-15	1.25128e-11	5.09388e-08	6.85655e-05	0.02257	0.879323	0.096929	0.00110624	3.28638e-06	3.77204e-09	2.07373e-12	6.23904e-16	1.12358e-19	1.29089e-23	9.91768e-28	5.28053e-32	2.00301e-36	5.53105e-41	1.13088e-45	1.73493e-50	2.01771e-55	1.79263e-60	1.22336e-65	6.43477e-71	2.61269e-76	8.18569e-82	1.97443e-87	3.65057e-93	5.1397e-99	5.45949e-105	4.32117e-111	2.50696e-117	1.04322e-123	3.02519e-130	6.53803e-137	
Chacaly	0	0	0	0	0	0	0	0	0	0	0	1	0	0	0	0	0	0	0	0	0	0	0	0	0	0	0	0	0	0	0	0	0	0	0	0	0	0	0	0	0	
Chazey	0	0	0	0	0	0	0	0	0	0	0	1	0	0	0	0	0	0	0	0	0	0	0	0	0	0	0	0	0	0	0	0	0	0	0	0	0	0	0	0	0	
N82	5.31798e-62	3.13203e-37	2.5733e-31	3.89311e-26	1.85843e-21	3.38195e-17	2.51324e-13	7.63117e-10	8.9346e-07	0.000353871	0.0367624	0.588419	0.344398	0.0294114	0.000649426	5.08669e-06	1.73863e-08	2.99705e-11	2.88966e-14	1.68097e-17	6.24363e-21	1.54615e-24	2.63963e-28	3.18923e-32	2.78371e-36	1.78395e-40	8.5001e-45	3.04019e-49	8.21935e-54	1.68752e-58	2.63762e-63	3.13985e-68	2.84192e-73	1.94826e-78	1.0053e-83	3.86957e-89	1.09754e-94	2.2567e-100	3.29175e-106	3.30956e-112	2.66848e-118	
Chadil	0	0	0	0	0	0	0	0	0	0	0	1	0	0	0	0	0	0	0	0	0	0	0	0	0	0	0	0	0	0	0	0	0	0	0	0	0	0	0	0	0	
Chasen	0	0	0	0	0	0	0	0	0	0	0	1	0	0	0	0	0	0	0	0	0	0	0	0	0	0	0	0	0	0	0	0	0	0	0	0	0	0	0	0	0	
Chanam	0	0	0	0	0	0	0	0	0	0	0	1	0	0	0	0	0	0	0	0	0	0	0	0	0	0	0	0	0	0	0	0	0	0	0	0	0	0	0	0	0	
N83	6.11122e-70	3.87323e-47	1.74478e-43	4.67896e-41	2.71696e-36	2.41398e-31	1.03416e-26	2.26078e-22	2.57496e-18	1.51179e-14	4.37088e-11	5.67798e-08	2.83391e-05	0.00434451	0.141424	0.543492	0.26943	0.0388974	0.00231438	6.7854e-05	1.09123e-06	1.03006e-08	5.95906e-11	2.17016e-13	5.06697e-16	1.06213e-17	1.48136e-17	5.33483e-18	5.29449e-19	2.8729e-20	1.05481e-21	2.62487e-23	4.42007e-25	5.06065e-27	3.96387e-29	2.13261e-31	7.87989e-34	1.98845e-36	3.38769e-39	3.93325e-42	8.19817e-45	
Riebrev	0	0	0	0	0	0	0	0	0	0	0	0	0	0	0	0	0	0	0	0	0	0	0	0	0	0	0	0	0	0	1	0	0	0	0	0	0	0	0	0	0	
N84	3.53802e-86	1.06697e-60	4.93005e-54	4.6434e-48	1.5615e-42	2.33203e-37	1.72407e-32	6.68062e-28	1.39354e-23	1.57244e-19	9.46497e-16	2.93984e-12	4.45389e-09	3.01383e-06	0.000792494	0.0635811	0.902778	0.0326089	0.000236268	6.04119e-07	7.01079e-10	4.26851e-13	1.49838e-16	3.23888e-20	4.52306e-24	4.22975e-28	2.7219e-32	1.23059e-36	3.97046e-41	9.24834e-46	1.5677e-50	1.94342e-55	1.76543e-60	1.1743e-65	5.69894e-71	2.00483e-76	5.06395e-82	9.06858e-88	1.13361e-93	9.73306e-100	8.09157e-106	
N85	1.32136e-73	1.22694e-59	3.92515e-55	5.06769e-51	2.15404e-48	1.3947e-46	1.06469e-44	1.08866e-38	7.06626e-33	2.26076e-27	3.4958e-22	2.49478e-17	7.57935e-13	8.57868e-09	2.88998e-05	0.0191951	0.971492	0.00927504	8.46656e-06	1.85083e-09	1.43928e-13	4.94598e-18	8.57983e-23	8.19841e-28	4.58014e-33	1.55889e-38	4.6116e-44	1.39822e-45	4.53108e-47	2.6805e-49	1.0118e-52	3.00432e-56	7.40213e-60	1.5176e-63	2.59001e-67	3.67388e-71	4.31575e-75	4.17335e-79	3.29238e-83	2.09192e-87	1.11154e-91	
N86	4.99388e-94	3.29156e-69	2.79256e-63	4.41868e-58	3.19916e-54	3.09769e-51	3.77526e-46	6.17407e-40	5.11536e-34	2.15377e-28	4.52164e-23	4.5203e-18	1.98102e-13	3.31022e-09	1.65899e-05	0.0158271	0.976135	0.0080152	5.6981e-06	9.47704e-10	5.60448e-14	1.47823e-18	1.99616e-23	1.5094e-28	6.79053e-34	1.89513e-39	3.38322e-45	8.31525e-50	2.52643e-52	1.50131e-55	1.15497e-59	6.1512e-64	2.47098e-68	7.48385e-73	1.69961e-77	2.86999e-82	3.56094e-87	3.1947e-92	2.0284e-97	8.85582e-103	2.72768e-108	
Braset	0	0	0	0	0	0	0	0	0	0	0	0	0	0	0	0	1	0	0	0	0	0	0	0	0	0	0	0	0	0	0	0	0	0	0	0	0	0	0	0	0	
N87	3.85124e-104	2.10932e-77	1.42954e-69	1.97988e-62	9.81679e-56	2.16747e-49	2.37492e-43	1.36656e-37	4.23636e-32	7.09426e-27	6.30332e-22	2.85321e-17	6.13334e-13	5.57872e-09	1.7647e-05	0.0133811	0.977744	0.00884756	9.57179e-06	2.88752e-09	3.46725e-13	2.01394e-17	6.39131e-22	1.20314e-26	1.42418e-31	1.10637e-36	5.82373e-42	2.12774e-47	5.49416e-53	1.01605e-58	1.35832e-64	1.32042e-70	9.35886e-77	4.83516e-83	1.81476e-89	4.91557e-96	9.51016e-103	1.29494e-109	1.21591e-116	7.65663e-124	3.32756e-131	
N88	3.04463e-114	1.01454e-86	3.68953e-78	2.50317e-70	5.63313e-63	5.2982e-56	2.34815e-49	5.24566e-43	6.12285e-37	3.78311e-31	1.22849e-25	2.03712e-20	1.63029e-15	5.70841e-11	7.36458e-07	0.00251224	0.995342	0.00214454	5.93248e-07	4.82131e-11	1.61419e-15	2.66637e-20	2.4241e-25	1.30253e-30	4.341e-36	9.27571e-42	1.29956e-47	1.21104e-53	7.56471e-60	3.17387e-66	8.91499e-73	1.66197e-79	2.02668e-86	1.5824e-93	7.67669e-101	2.2194e-108	3.60546e-116	3.01948e-124	1.13819e-132	1.51308e-141	4.08864e-151	
Bramel	0	0	0	0	0	0	0	0	0	0	0	0	0	0	0	0	1	0	0	0	0	0	0	0	0	0	0	0	0	0	0	0	0	0	0	0	0	0	0	0	0	
Bratha	0	0	0	0	0	0	0	0	0	0	0	0	0	0	0	0	1	0	0	0	0	0	0	0	0	0	0	0	0	0	0	0	0	0	0	0	0	0	0	0	0	
N89	1.13571e-104	5.94873e-78	3.88047e-70	5.22526e-63	2.54464e-56	5.57581e-50	6.12916e-44	3.57916e-38	1.14027e-32	1.99034e-27	1.87392e-22	9.16973e-18	2.18581e-13	2.28189e-09	8.71413e-06	0.00867287	0.984174	0.00713831	6.59651e-06	1.77689e-09	1.96583e-13	1.07694e-17	3.28325e-22	6.02781e-27	7.04925e-32	5.47242e-37	2.9088e-42	1.08373e-47	2.88054e-53	5.53418e-59	7.75672e-65	7.97849e-71	6.03992e-77	3.36499e-83	1.3755e-89	4.0996e-96	8.82129e-103	1.35091e-109	1.44347e-116	1.04717e-123	5.29307e-131	
Bradra	0	0	0	0	0	0	0	0	0	0	0	0	0	0	0	0	1	0	0	0	0	0	0	0	0	0	0	0	0	0	0	0	0	0	0	0	0	0	0	0	0	
Bratra	0	0	0	0	0	0	0	0	0	0	0	0	0	0	0	0	1	0	0	0	0	0	0	0	0	0	0	0	0	0	0	0	0	0	0	0	0	0	0	0	0	
N90	3.78777e-101	1.15783e-74	4.46504e-67	3.55785e-60	1.02641e-53	1.33402e-47	8.71043e-42	3.02647e-36	5.74831e-31	5.99615e-26	3.38355e-21	9.95955e-17	1.43488e-12	9.11218e-09	2.13692e-05	0.0132702	0.975851	0.0108413	1.58493e-05	6.84692e-09	1.22532e-12	1.09266e-16	5.44888e-21	1.64284e-25	3.1655e-30	4.06026e-35	3.5744e-40	2.21018e-45	9.76756e-51	3.12512e-56	7.30481e-62	1.25464e-67	1.58778e-73	1.48029e-79	1.0135e-85	5.06367e-92	1.82785e-98	4.6991e-105	8.43416e-112	1.02835e-118	8.8696e-126	
Bragut	0	0	0	0	0	0	0	0	0	0	0	0	0	0	0	0	1	0	0	0	0	0	0	0	0	0	0	0	0	0	0	0	0	0	0	0	0	0	0	0	0	
Braven	0	0	0	0	0	0	0	0	0	0	0	0	0	0	0	0	1	0	0	0	0	0	0	0	0	0	0	0	0	0	0	0	0	0	0	0	0	0	0	0	0	
N91	5.16863e-92	4.32534e-66	4.68401e-59	1.04297e-52	8.36289e-47	3.00311e-41	5.38237e-36	5.09612e-31	2.61645e-26	7.31177e-22	1.09439e-17	8.45057e-14	3.15533e-10	5.12695e-07	0.000303958	0.0474995	0.918186	0.0338358	0.000173761	2.65852e-07	1.68288e-10	5.28796e-14	9.25024e-18	9.73884e-22	6.52424e-26	2.89768e-30	8.79986e-35	1.87058e-39	2.83295e-44	3.0972e-49	2.4673e-54	1.4408e-59	6.18589e-65	1.95269e-70	4.51869e-76	7.61843e-82	9.2668e-88	8.0175e-94	4.83738e-100	1.98074e-106	5.9401e-113	
Brapum	0	0	0	0	0	0	0	0	0	0	0	0	0	0	0	0	1	0	0	0	0	0	0	0	0	0	0	0	0	0	0	0	0	0	0	0	0	0	0	0	0	
Bradam	0	0	0	0	0	0	0	0	0	0	0	0	0	0	0	0	1	0	0	0	0	0	0	0	0	0	0	0	0	0	0	0	0	0	0	0	0	0	0	0	0	
