#Nodes with GAIN events with expectation above 0.5
N3: 0.804887
B3088: 0.961984
BGA709: 0.829724
BGA309: 0.829724
PGA445: 1.94059
Rhaspe: 0.548007
Rhamar: 0.545117
Rhatem: 0.630934
FGA379: 1.65392
Furcep: 1.92635
FGA331: 1.65463
FGA104: 0.840902
FGA174: 1.20842
CGA312: 1.1601
C601: 0.975892
CGA236: 0.544717
C3125: 1.44297
N52: 0.500193
C12265: 0.711488
C3126: 1.58664
N56: 1.07839
C2208: 1.0225
N60: 1.33342
N65: 0.739942
N68: 0.730666
Triowe: 0.525525
N72: 0.746607
N75: 0.762492
Kinxen: 1.24976
Chanam: 0.520903
N83: 1.38132
Total number of gain events: 49.2975
#+++++++++++++++++++++++++++++

#Nodes with LOSS events with expectation above 0.5
B3088: 1.26875
BGA709: 1.1386
BGA309: 1.1386
B983: 0.61067
B11604: 0.61067
PGA445: 1.68641
N13: 0.72788
N14: 1.90218
Rhaspe: 5.33895
Rhamar: 5.04648
Rhatem: 4.13229
N18: 0.82216
FGA379: 0.862961
N19: 2.10042
N20: 0.950515
F3015: 1.97372
F1476: 1.36391
N28: 0.699386
FGA465: 1.14775
FGA99: 0.885704
FGA15: 0.81553
FGA489: 1.82078
FurbGB: 2.4889
CGA763: 1.08249
Calboe: 2.63506
CGA429: 1.80493
N49: 0.69834
C984: 2.25355
CGA310: 1.12839
N51: 0.818686
CGA494: 1.21281
N54: 1.37985
C404: 1.08056
CGA45: 1.09794
N60: 0.568156
C3121: 0.898227
N70: 3.76144
Trijac: 0.904636
Kinxen: 1.0069
N77: 2.51794
N78: 1.92056
Chadil: 0.685517
Chasen: 0.685517
Chanam: 2.7845
N83: 1.07934
Total number of loss events: 95.9917
#+++++++++++++++++++++++++++++

#Nodes with duplication events with expectation above 0.5
Total number of duplication events: 2.25286e-35
#+++++++++++++++++++++++++++++

#Nodes with demi-duplication events with expectation above 0.5
Total number of demi-dulications events: 0
#+++++++++++++++++++++++++++++

#+++++++++++++++++++++++++++++

#Nodes with transitions in base number with expectation above 0.5
Total number of transitions in base number: 0
#+++++++++++++++++++++++++++++

#EVENTS NOT ACCOUNTED FOR IN THE SIMULATIONS: 
NONE
#+++++++++++++++++++++++++++++

#ALL EVENTS EXPECTATIONS PER NODE
NODE	GAIN	LOSS	DUPLICATION	DEMI-DUPLICATION	BASE-NUMBER
N2	0.411156	0.0626078	4.49867e-57	0	0
N3	0.804887	0.281864	3.25321e-67	0	0
N4	0.118812	0.0809444	4.02363e-67	0	0
B3088	0.961984	1.26875	0	0	0
N5	0.119054	0.116999	9.52344e-64	0	0
BGA709	0.829724	1.1386	0	0	0
BGA309	0.829724	1.1386	0	0	0
N6	0.287179	0.277944	1.65354e-73	0	0
N7	0.330545	0.444827	7.47523e-70	0	0
B11696	0.304425	0.46822	0	0	0
B11609	0.304425	0.46822	0	0	0
N8	0.0745265	0.093644	2.8093e-79	0	0
N9	0.0204444	0.0274694	1.37732e-84	0	0
N10	0.115273	0.156344	2.8812e-69	0	0
B983	0.399804	0.61067	0	0	0
B11604	0.399804	0.61067	0	0	0
N11	0.265444	0.400857	1.27318e-72	0	0
BGAA1	0.201428	0.317953	0	0	0
BGA584	0.201428	0.317953	0	0	0
N12	0.251198	0.364048	4.77819e-78	0	0
BGA303	0.26035	0.406463	0	0	0
BGAB1	0.26035	0.406463	0	0	0
PGA445	1.94059	1.68641	0	0	0
N13	0.0537192	0.72788	5.31022e-60	0	0
N14	0.0133468	1.90218	2.03664e-50	0	0
Rhaspe	0.548007	5.33895	0	0	0
N15	0.00951013	0.295108	2.25286e-35	0	0
Rhamar	0.545117	5.04648	0	0	0
Rhatem	0.630934	4.13229	0	0	0
N16	0.10745	0.0189066	1.94146e-72	0	0
N17	0.37137	0.193031	2.50209e-76	0	0
N18	0.0414242	0.82216	2.45584e-59	0	0
FGA379	1.65392	0.862961	0	0	0
N19	0.0269705	2.10042	1.18511e-49	0	0
N20	0.0419277	0.950515	2.1047e-50	0	0
N21	0.00365548	0.466338	2.10638e-53	0	0
F3015	0.23885	1.97372	0	0	0
N22	0.00508947	0.146718	1.30945e-50	0	0
N23	0.0143635	0.0990758	8.20239e-53	0	0
N24	0.00990386	0.304974	2.15213e-63	0	0
N25	0.00639958	0.0270036	5.47765e-64	0	0
F1476	0.171181	1.36391	0	0	0
N26	0.0258415	0.0215213	1.70194e-55	0	0
Furcep	1.92635	0.123401	0	0	0
N27	0.00542508	0.129623	3.25346e-56	0	0
Furpol	0.274749	0.347586	0	0	0
N28	0.020658	0.699386	2.7672e-50	0	0
N29	0.0276302	0.299075	3.18272e-47	0	0
F2241	0.0485143	0.171177	0	0	0
Furang	0.0485143	0.171177	0	0	0
FGA490	0.10543	0.499537	0	0	0
N30	0.0153418	0.172316	1.27124e-62	0	0
N31	0.0233397	0.0409095	7.92859e-60	0	0
N32	0.048412	0.0127723	8.42744e-63	0	0
N33	0.00824766	0.0336705	2.66584e-63	0	0
N34	0.023269	0.0530186	1.03335e-56	0	0
FGA456	0.0480863	0.0673425	0	0	0
FGA513	0.0480863	0.0673425	0	0	0
F12278	0.112427	0.161433	0	0	0
N35	0.312105	0.0201113	3.60148e-60	0	0
Furant	0.0484225	0.414898	0	0	0
FGA331	1.65463	0.0211127	0	0	0
FGA465	0.108965	1.14775	0	0	0
N36	0.0290798	0.282359	1.08054e-54	0	0
FGA99	0.0826263	0.885704	0	0	0
N37	0.0372203	0.0688955	5.15109e-47	0	0
FGA15	0.0441273	0.81553	0	0	0
FGA581	0.298874	0.0702772	0	0	0
FGA104	0.840902	0.349304	0	0	0
FGA489	0.22766	1.82078	0	0	0
FGA174	1.20842	0.412479	0	0	0
FurbGB	0.376161	2.4889	0	0	0
N38	0.211975	0.0106902	1.9907e-68	0	0
N39	0.250131	0.0581704	2.45156e-64	0	0
N40	0.326164	0.47136	4.70064e-69	0	0
CGA312	1.1601	0.39847	0	0	0
N41	0.0191521	0.159326	3.98291e-75	0	0
N42	0.0037858	0.28787	9.64324e-93	0	0
N43	0.020989	0.0105035	3.63741e-84	0	0
N44	0.383752	0.168222	5.25719e-84	0	0
CGA642	0.121225	0.161218	0	0	0
N45	0.028728	0.0176656	2.15107e-77	0	0
CGA763	0.0314351	1.08249	0	0	0
C601	0.975892	0.0269476	0	0	0
N46	0.0122381	0.0334369	2.69241e-75	0	0
CGA236	0.544717	0.34798	0	0	0
N47	0.0153927	0.148401	1.4845e-67	0	0
N48	0.149635	0.21441	8.39762e-70	0	0
Calboe	0.0296108	2.63506	0	0	0
C3125	1.44297	0.0484392	0	0	0
CGA429	0.134705	1.80493	0	0	0
N49	0.00207475	0.69834	3.43142e-81	0	0
C984	0.141678	2.25355	0	0	0
N50	0.00468054	0.206871	5.28715e-60	0	0
CGA310	0.218883	1.12839	0	0	0
N51	0.049841	0.818686	2.89185e-60	0	0
CGA365	0.18972	0.330378	0	0	0
CGA494	0.0721514	1.21281	0	0	0
N52	0.500193	0.0939345	7.06717e-85	0	0
N53	0.0145474	0.0977012	8.951e-77	0	0
C12265	0.711488	0.132758	0	0	0
N54	0.0182515	1.37985	7.26609e-76	0	0
C404	0.020886	1.08056	0	0	0
N55	0.00993985	0.0293164	1.7662e-83	0	0
Cl11778	0.0427206	0.0830192	0	0	0
CGA48	0.0427206	0.0830192	0	0	0
C3126	1.58664	0.0910688	0	0	0
N56	1.07839	0.339832	7.88277e-70	0	0
CGA311	0.335283	0.457404	0	0	0
N57	0.0347358	0.0146281	1.80306e-73	0	0
N58	0.0396227	0.175648	9.84883e-78	0	0
CGA45	0.0917399	1.09794	0	0	0
N59	0.0314862	0.0215288	3.69308e-84	0	0
C3043	0.159265	0.175427	0	0	0
CGA364	0.159265	0.175427	0	0	0
C2208	1.0225	0.164733	0	0	0
N60	1.33342	0.568156	2.08836e-64	0	0
N61	0.108057	0.113372	8.92901e-72	0	0
CGA453	0.132888	0.084316	0	0	0
N62	0.0196051	0.085544	2.12759e-81	0	0
CGA501	0.14402	0.0295093	0	0	0
C3121	0.0127378	0.898227	0	0	0
N63	0.252045	0.207552	7.38761e-78	0	0
Calparcri	0.00639427	0.00763069	0	0	0
C3118	0.00639427	0.00763069	0	0	0
N64	0.0271813	0.0189053	7.64801e-75	0	0
N65	0.739942	0.0806883	3.52383e-71	0	0
N66	0.327606	0.284884	3.95255e-67	0	0
N67	0.0775467	0.381243	3.67779e-59	0	0
N68	0.730666	0.0852809	5.06925e-65	0	0
Triowe	0.525525	0.389596	0	0	0
N69	0.110703	0.0373175	1.00219e-64	0	0
Trijoh	0.394042	0.331546	0	0	0
Trimel	0.394042	0.331546	0	0	0
N70	0.0301523	3.76144	1.15307e-57	0	0
N71	0.0175782	0.392328	5.74542e-48	0	0
Trihoe	0.0905403	0.495893	0	0	0
Tribit	0.0905403	0.495893	0	0	0
Trijac	0.124512	0.904636	0	0	0
N72	0.746607	0.270954	1.50098e-66	0	0
Tricri	0.427719	0.425654	0	0	0
N73	0.123819	0.0870682	1.58337e-66	0	0
Triwie	0.252993	0.287695	0	0	0
Triqua	0.252993	0.287695	0	0	0
N74	0.373588	0.09609	3.60872e-61	0	0
N75	0.762492	0.477561	1.70018e-57	0	0
Kinboe	0.421721	0.463787	0	0	0
Kinfis	0.421721	0.463787	0	0	0
Kinxen	1.24976	1.0069	0	0	0
N76	0.009913	0.11625	1.44669e-58	0	0
N77	0.074246	2.51794	5.54467e-42	0	0
N78	0.165081	1.92056	4.62752e-41	0	0
N79	0.076863	0.444469	2.40098e-52	0	0
N80	0.0269059	0.0768933	4.53498e-49	0	0
Chaafr	0.123081	0.212955	0	0	0
Chacha	0.123081	0.212955	0	0	0
N81	0.0384234	0.108959	5.12879e-51	0	0
Chacaly	0.0980679	0.167395	0	0	0
Chazey	0.0980679	0.167395	0	0	0
N82	0.0370895	0.138976	2.33208e-41	0	0
Chadil	0.279935	0.685517	0	0	0
Chasen	0.279935	0.685517	0	0	0
Chanam	0.520903	2.7845	0	0	0
N83	1.38132	1.07934	6.73464e-56	0	0
N84	0.0224145	0.0313418	2.32025e-80	0	0
N85	0.00245218	0.00352024	9.37082e-93	0	0
Braset	0.0983745	0.103888	0	0	0
N86	0.00832797	0.0097986	1.49749e-81	0	0
N87	0.0430779	0.0465343	2.3587e-87	0	0
Bramel	0.00423265	0.00481926	0	0	0
Bratha	0.00423265	0.00481926	0	0	0
N88	0.0235404	0.0254465	2.15872e-82	0	0
Bradra	0.0181956	0.0203326	0	0	0
Bratra	0.0181956	0.0203326	0	0	0
N89	0.0514249	0.0547485	3.32317e-92	0	0
Bragut	0.0208418	0.0240989	0	0	0
Braven	0.0208418	0.0240989	0	0	0
N90	0.0600108	0.062375	5.67463e-72	0	0
Brapum	0.0661883	0.0793323	0	0	0
Bradam	0.0661883	0.0793323	0	0	0
#+++++++++++++++++++++++++++++

#Expected number of events from root to leaf
LEAF	GAIN	LOSS	DUPLICATION	DEMI-DUPLICATION	BASE-NUMBER
B3088	2.29684	1.69416	4.49867e-57	0	0
BGA709	2.28363	1.68101	4.49867e-57	0	0
BGA309	2.28363	1.68101	4.49867e-57	0	0
B11696	2.13819	1.53546	4.49867e-57	0	0
B11609	2.13819	1.53546	4.49867e-57	0	0
B983	2.11327	1.51054	4.49867e-57	0	0
B11604	2.11327	1.51054	4.49867e-57	0	0
BGAA1	2.06507	1.46234	4.49867e-57	0	0
BGA584	2.06507	1.46234	4.49867e-57	0	0
BGA303	2.0893	1.48657	4.49867e-57	0	0
BGAB1	2.0893	1.48657	4.49867e-57	0	0
PGA445	2.35175	1.74901	4.49867e-57	0	0
Rhaspe	0.615073	7.96901	2.03664e-50	0	0
Rhamar	0.621693	7.97165	2.25286e-35	0	0
Rhatem	0.70751	7.05746	2.25286e-35	0	0
FGA379	2.22789	2.62494	2.98687e-59	0	0
F3015	0.885366	7.25296	1.39579e-49	0	0
F1476	0.853453	7.22093	1.52756e-49	0	0
Furcep	2.63446	6.00194	1.52756e-49	0	0
Furpol	0.988289	6.35575	1.52756e-49	0	0
F2241	0.810342	7.1778	3.20076e-47	0	0
Furang	0.810342	7.1778	3.20076e-47	0	0
FGA490	0.839627	7.20709	1.80428e-49	0	0
FGA456	0.84257	6.21004	1.52756e-49	0	0
FGA513	0.84257	6.21004	1.52756e-49	0	0
F12278	0.883642	6.25112	1.52756e-49	0	0
Furant	1.12349	6.49102	1.52756e-49	0	0
FGA331	2.72971	6.09724	1.52756e-49	0	0
FGA465	0.82352	7.19099	1.52756e-49	0	0
FGA99	0.802921	7.17039	1.52757e-49	0	0
FGA15	0.801642	7.16912	5.16636e-47	0	0
FGA581	1.05639	6.42386	5.16636e-47	0	0
FGA104	1.50687	5.87435	1.52756e-49	0	0
FGA489	0.879266	7.24674	1.52674e-49	0	0
FGA174	1.85128	5.22539	1.39558e-49	0	0
FurbGB	0.977094	6.35129	1.18511e-49	0	0
CGA312	2.48091	1.87851	5.31046e-60	0	0
CGA642	1.86971	2.26718	5.31046e-60	0	0
CGA763	1.80865	3.20611	5.31046e-60	0	0
C601	2.75311	2.15057	5.31046e-60	0	0
CGA236	1.92169	2.31915	5.31046e-60	0	0
Calboe	1.57161	4.96905	5.31046e-60	0	0
C3125	2.98498	2.38242	5.31046e-60	0	0
CGA429	1.52707	3.92451	5.31046e-60	0	0
C984	1.4875	4.87913	5.31046e-60	0	0
CGA310	1.56938	3.96083	1.05976e-59	0	0
CGA365	1.59006	3.98151	1.34895e-59	0	0
CGA494	1.47249	4.86394	1.34895e-59	0	0
C12265	2.56619	1.96376	5.31046e-60	0	0
C404	1.89384	4.29141	5.31046e-60	0	0
Cl11778	1.92561	3.32318	5.31046e-60	0	0
CGA48	1.92561	3.32318	5.31046e-60	0	0
C3126	3.42679	1.82437	5.31046e-60	0	0
CGA311	2.40832	1.80591	5.31046e-60	0	0
CGA45	2.23913	2.63673	5.31046e-60	0	0
C3043	2.33814	1.73574	5.31046e-60	0	0
CGA364	2.33814	1.73574	5.31046e-60	0	0
C2208	3.13027	1.52787	5.31046e-60	0	0
CGA453	2.31888	1.71635	5.31043e-60	0	0
CGA501	2.34962	1.74709	5.31043e-60	0	0
C3121	2.21834	2.61581	5.31043e-60	0	0
Calparcri	2.33638	1.73385	5.31043e-60	0	0
C3118	2.33638	1.73385	5.31043e-60	0	0
Triowe	2.58964	1.98738	4.20882e-59	0	0
Trijoh	2.56886	1.96665	4.20883e-59	0	0
Trimel	2.56886	1.96665	4.20883e-59	0	0
Trihoe	1.47172	6.16217	5.74542e-48	0	0
Tribit	1.47172	6.16217	5.74542e-48	0	0
Trijac	1.48811	6.17859	1.19516e-57	0	0
Tricri	2.43022	1.82787	5.31022e-60	0	0
Triwie	2.37932	1.77698	5.31022e-60	0	0
Triqua	2.37932	1.77698	5.31022e-60	0	0
Kinboe	2.48609	1.88382	1.70585e-57	0	0
Kinfis	2.48609	1.88382	1.70585e-57	0	0
Kinxen	2.55164	1.94937	5.67109e-60	0	0
Chaafr	0.66444	6.05476	5.18199e-41	0	0
Chacha	0.66444	6.05476	5.18199e-41	0	0
Chacaly	0.650944	6.04126	5.18199e-41	0	0
Chazey	0.650944	6.04126	5.18199e-41	0	0
Chadil	0.754615	6.14493	7.51407e-41	0	0
Chasen	0.754615	6.14493	7.51407e-41	0	0
Chanam	0.793412	6.18438	5.54467e-42	0	0
Braset	1.70282	2.10003	6.74964e-56	0	0
Bramel	1.66009	2.0573	6.74964e-56	0	0
Bratha	1.66009	2.0573	6.74964e-56	0	0
Bradra	1.65451	2.05172	6.74964e-56	0	0
Bratra	1.65451	2.05172	6.74964e-56	0	0
Bragut	1.67426	2.07147	6.74964e-56	0	0
Braven	1.67426	2.07147	6.74964e-56	0	0
Brapum	1.70578	2.10299	6.74964e-56	0	0
Bradam	1.70578	2.10299	6.74964e-56	0	0
