NODE	1	2	3	4	5	6	7	8	9	10	11	12	13	14	15	16	17	18	19	20	21	22	23	24	25	26	27	28	29	30	31	32	33	34	35	36	37	38	39	40	41	
N1	7.51787e-19	1.88243e-16	2.35405e-14	1.67622e-13	6.49044e-12	9.81381e-12	8.20932e-11	6.92521e-10	3.83571e-10	3.68946e-10	2.69002e-09	1.13126e-08	8.45091e-09	2.81734e-09	7.08929e-10	0.711025	0.229735	0.0592399	3.36053e-12	4.84359e-13	5.60112e-14	5.46094e-15	4.66765e-16	3.59066e-17	2.5221e-18	1.62764e-19	9.67295e-21	5.3018e-22	2.68594e-23	1.26164e-24	5.51572e-26	2.25386e-27	8.64536e-29	3.12606e-30	1.06983e-31	3.47826e-33	1.07814e-34	3.19698e-36	9.10606e-38	2.52177e-39	8.24959e-41	
Leiolep	0	0	0	0	0	0	0	0	0	0	0	0	0	0	0	0	0	1	0	0	0	0	0	0	0	0	0	0	0	0	0	0	0	0	0	0	0	0	0	0	0	
N2	6.99426e-32	1.21504e-26	5.44581e-22	8.39575e-21	5.72322e-16	2.5535e-15	2.40727e-11	6.64398e-08	2.84733e-08	6.68464e-07	0.00233733	0.70139	0.278982	0.0141245	0.0012413	0.00130042	0.000561486	6.14274e-05	6.57084e-07	2.03953e-09	4.65495e-12	1.83127e-14	8.26525e-17	3.17202e-19	5.46313e-22	8.17726e-25	9.80622e-28	5.06422e-31	2.51692e-34	9.96954e-38	2.63118e-41	1.18665e-44	1.0846e-47	8.50381e-51	7.53717e-54	7.12354e-57	3.27902e-60	1.83479e-63	1.15154e-66	5.1467e-70	3.06452e-73	
N3	8.50956e-34	2.88905e-28	3.09672e-23	2.21979e-20	5.91341e-16	2.33719e-14	3.26437e-11	2.76171e-08	1.37972e-07	4.07437e-06	0.0036998	0.369768	0.111934	0.00386603	0.000373919	0.00111881	0.00863584	0.360617	0.113154	0.0247473	0.00205698	2.35205e-05	8.07158e-07	9.01502e-09	5.05156e-11	2.02393e-12	3.40638e-13	1.95411e-15	3.15705e-17	7.977e-19	4.43049e-21	4.9143e-23	1.74887e-25	6.81143e-28	6.09052e-30	2.95456e-32	3.20571e-35	1.81549e-37	4.56025e-39	1.46459e-40	3.76945e-42	
N4	5.01275e-39	2.26989e-32	2.77939e-26	6.81435e-24	3.95436e-18	2.15991e-17	2.57592e-13	1.66397e-09	7.50018e-10	6.09612e-09	3.89336e-05	0.0107509	0.00074272	2.06207e-06	2.11539e-07	4.13719e-05	0.0123136	0.835323	0.13623	0.00451652	4.11345e-05	9.76441e-08	2.21425e-10	6.67498e-13	2.39332e-15	1.07409e-17	5.40836e-20	4.51142e-23	5.38871e-26	6.65843e-29	2.86897e-32	1.7959e-35	7.05128e-39	1.58149e-42	7.14622e-46	4.92414e-49	2.26604e-52	2.00876e-55	3.05672e-58	3.13815e-61	3.50593e-64	
N5	1.81533e-39	4.77726e-33	3.21748e-27	3.08606e-24	5.15447e-19	1.89926e-17	9.6209e-14	1.55002e-10	1.75264e-10	6.54566e-09	2.1694e-05	0.00420948	0.000243978	7.91919e-07	9.42099e-08	5.51366e-05	0.0197603	0.827592	0.144256	0.00383346	2.68629e-05	6.68536e-08	1.68654e-10	1.89675e-11	1.31075e-12	2.71729e-14	1.61744e-15	2.35786e-18	1.12022e-20	2.13922e-23	9.51809e-27	1.96444e-29	1.1217e-32	2.86684e-36	6.57773e-39	1.6084e-40	1.30423e-42	4.46945e-45	4.39387e-47	4.0689e-49	1.73018e-51	
B3088	0	0	0	0	0	0	0	0	0	0	0	0	0	0	0	0	0	1	0	0	0	0	0	0	0	0	0	0	0	0	0	0	0	0	0	0	0	0	0	0	0	
N6	6.93029e-37	3.63242e-31	5.05122e-26	4.42381e-23	1.43573e-18	6.4181e-17	1.23462e-13	1.25785e-10	6.82413e-10	2.80031e-08	2.77845e-05	0.00254651	0.000150986	9.32672e-07	5.65419e-07	0.000207143	0.0348769	0.80454	0.153013	0.00459237	4.28168e-05	1.7938e-07	1.4119e-09	5.80431e-10	9.90147e-11	5.11113e-12	6.8873e-13	2.88134e-15	3.68093e-17	1.57329e-19	1.83448e-22	8.65414e-25	1.36371e-27	1.24394e-30	1.5205e-32	1.58409e-33	4.41179e-35	5.10606e-37	1.61282e-38	4.43765e-40	6.61711e-42	
BGA709	0	0	0	0	0	0	0	0	0	0	0	0	0	0	0	0	0	1	0	0	0	0	0	0	0	0	0	0	0	0	0	0	0	0	0	0	0	0	0	0	0	
BGA309	0	0	0	0	0	0	0	0	0	0	0	0	0	0	0	0	0	1	0	0	0	0	0	0	0	0	0	0	0	0	0	0	0	0	0	0	0	0	0	0	0	
N7	1.87168e-41	9.54095e-35	1.27435e-28	3.16272e-26	2.11726e-20	6.99842e-20	1.14182e-15	1.23126e-11	4.3531e-12	6.3014e-11	6.70128e-07	0.000384863	6.52351e-06	5.45353e-09	2.04915e-09	6.76247e-06	0.00739979	0.931024	0.0607077	0.000468284	9.88124e-07	8.65279e-10	9.58069e-13	1.51708e-14	1.33632e-16	6.24716e-19	3.61956e-21	2.20739e-24	2.11213e-27	1.16849e-30	2.17393e-34	7.70849e-38	1.59782e-41	1.94097e-45	1.2508e-48	3.97607e-51	4.80823e-54	4.73209e-57	8.71406e-60	9.75215e-63	9.8192e-66	
N8	5.06472e-39	5.48488e-33	1.66087e-27	4.51103e-25	7.07381e-20	5.0943e-19	3.45114e-15	1.18127e-11	6.9893e-12	1.08298e-10	2.43468e-07	3.7197e-05	6.51061e-07	1.21357e-08	7.98324e-08	7.87661e-05	0.0246283	0.915275	0.0593696	0.000608212	2.15328e-06	4.5906e-09	4.85845e-11	2.56203e-12	5.59424e-14	7.24651e-16	9.38161e-18	1.37153e-20	2.81298e-23	3.33683e-26	1.73789e-29	1.45943e-32	9.24685e-36	9.3263e-39	4.89507e-41	5.45676e-43	2.21028e-45	8.22162e-48	4.77428e-50	1.52923e-52	4.48892e-55	
B11696	0	0	0	0	0	0	0	0	0	0	0	0	0	0	0	0	0	1	0	0	0	0	0	0	0	0	0	0	0	0	0	0	0	0	0	0	0	0	0	0	0	
B11609	0	0	0	0	0	0	0	0	0	0	0	0	0	0	0	0	0	1	0	0	0	0	0	0	0	0	0	0	0	0	0	0	0	0	0	0	0	0	0	0	0	
N9	3.06678e-48	1.0734e-40	9.4719e-34	4.7224e-31	2.23892e-24	1.04691e-23	6.79652e-19	1.54686e-14	4.14482e-15	1.2624e-13	7.77449e-09	1.46984e-05	9.54483e-08	1.75193e-11	4.22945e-11	7.80452e-07	0.00327281	0.957616	0.0389963	9.94902e-05	5.4231e-08	1.08514e-11	3.82608e-15	8.00368e-17	5.93734e-19	1.06612e-21	5.40382e-24	7.55361e-28	5.22212e-31	3.56155e-32	2.74053e-33	6.12973e-35	3.52706e-37	1.2198e-39	6.90723e-41	3.73445e-41	5.17276e-42	2.66389e-43	3.80587e-44	5.37485e-45	3.66454e-46	
N10	5.71319e-38	7.09383e-34	4.15782e-30	1.37307e-29	1.51306e-25	1.99741e-24	9.32949e-20	1.3045e-15	7.71397e-16	8.62691e-14	3.2831e-09	5.48452e-06	2.89318e-08	8.56921e-12	9.51152e-11	1.21236e-06	0.00385167	0.958463	0.0375823	9.64329e-05	5.6768e-08	1.28649e-11	8.8448e-15	2.27231e-15	1.7258e-16	1.13671e-18	6.26163e-20	1.82999e-23	3.69072e-26	7.59326e-30	3.39686e-34	2.0837e-37	1.30814e-41	5.49536e-46	1.2133e-48	5.67237e-50	5.3799e-52	6.16175e-55	2.19792e-57	1.80653e-59	2.36797e-62	
N11	1.4488e-43	1.53707e-37	7.18593e-32	6.00033e-29	1.3083e-23	3.8168e-22	4.06372e-18	2.18211e-14	5.32451e-14	2.07161e-12	6.76728e-09	1.59929e-06	1.88948e-08	1.54378e-09	2.56057e-08	3.56013e-05	0.0167421	0.933208	0.0496394	0.000372519	9.16305e-07	1.19185e-09	1.35045e-11	2.64079e-12	1.80309e-13	4.62812e-15	2.16914e-16	2.44565e-19	8.07885e-22	7.98909e-25	2.92773e-28	3.09675e-31	1.45557e-34	1.2589e-37	1.34483e-39	5.37178e-41	5.89894e-43	3.05749e-45	4.50608e-47	4.25845e-49	1.82838e-51	
B983	0	0	0	0	0	0	0	0	0	0	0	0	0	0	0	0	0	1	0	0	0	0	0	0	0	0	0	0	0	0	0	0	0	0	0	0	0	0	0	0	0	
B11604	0	0	0	0	0	0	0	0	0	0	0	0	0	0	0	0	0	1	0	0	0	0	0	0	0	0	0	0	0	0	0	0	0	0	0	0	0	0	0	0	0	
N12	4.23318e-43	1.07079e-36	7.39199e-31	2.2895e-28	8.93694e-23	4.76994e-22	6.4325e-18	4.2432e-14	1.64792e-14	2.84341e-13	1.27141e-09	3.66051e-07	1.20602e-08	1.49851e-09	1.28698e-08	2.51297e-05	0.0145009	0.951376	0.0339133	0.000184231	3.43272e-07	3.95066e-10	2.86798e-12	1.04449e-13	1.5216e-15	1.26327e-17	1.0871e-19	8.49055e-23	9.83669e-26	6.2041e-29	1.70395e-32	8.00009e-36	2.74563e-39	1.80428e-42	6.25837e-45	4.63365e-47	1.19459e-49	2.66953e-52	9.80129e-55	1.93743e-57	3.16846e-60	
BGAA1	0	0	0	0	0	0	0	0	0	0	0	0	0	0	0	0	0	1	0	0	0	0	0	0	0	0	0	0	0	0	0	0	0	0	0	0	0	0	0	0	0	
BGA584	0	0	0	0	0	0	0	0	0	0	0	0	0	0	0	0	0	1	0	0	0	0	0	0	0	0	0	0	0	0	0	0	0	0	0	0	0	0	0	0	0	
N13	4.26198e-42	8.08123e-36	4.21992e-30	1.52193e-27	4.11463e-22	3.24874e-21	3.35488e-17	1.70553e-13	1.01515e-13	1.90202e-12	6.34692e-09	1.39724e-06	2.66537e-08	3.03463e-09	2.72197e-08	3.99661e-05	0.0180345	0.938552	0.0430685	0.000302452	7.26983e-07	1.05417e-09	9.96801e-12	5.39281e-13	1.15361e-14	1.36582e-16	1.74539e-18	1.78459e-21	2.86531e-24	2.39792e-27	8.60179e-31	5.50477e-34	2.46514e-37	2.09053e-40	1.03425e-42	1.15772e-44	4.41118e-47	1.40151e-49	7.71378e-52	2.29271e-54	5.42321e-57	
BGA303	0	0	0	0	0	0	0	0	0	0	0	0	0	0	0	0	0	1	0	0	0	0	0	0	0	0	0	0	0	0	0	0	0	0	0	0	0	0	0	0	0	
BGAB1	0	0	0	0	0	0	0	0	0	0	0	0	0	0	0	0	0	1	0	0	0	0	0	0	0	0	0	0	0	0	0	0	0	0	0	0	0	0	0	0	0	
PGA445	0	0	0	0	0	0	0	0	0	0	0	0	0	0	0	0	0	1	0	0	0	0	0	0	0	0	0	0	0	0	0	0	0	0	0	0	0	0	0	0	0	
N14	9.63829e-41	2.33891e-33	1.41231e-26	2.64787e-23	1.13144e-17	3.47015e-16	7.06558e-12	8.12664e-09	6.60281e-08	5.9458e-06	0.0114375	0.964844	0.023641	7.12919e-05	5.44807e-07	3.73019e-09	1.29696e-10	4.05133e-12	3.5996e-15	6.74515e-19	5.46422e-23	3.3339e-27	4.94678e-31	7.26328e-34	2.52932e-34	7.65195e-36	4.02387e-37	2.1256e-39	2.59119e-41	1.50397e-43	3.11909e-46	1.96028e-48	1.21174e-50	2.21419e-52	7.18319e-53	1.07632e-52	3.65328e-53	7.97832e-54	2.84337e-54	6.38611e-55	1.43973e-55	
N15	1.54487e-35	3.03641e-29	1.40258e-23	1.89562e-19	8.68524e-16	1.13923e-12	2.36246e-09	7.34483e-08	2.24793e-05	0.0149558	0.394782	0.582311	0.00791095	1.79422e-05	2.86975e-08	1.38231e-10	2.82439e-12	1.86341e-13	1.83754e-16	6.53219e-19	4.70926e-22	1.44618e-25	2.55463e-28	4.57791e-31	1.31873e-33	8.04838e-36	1.82085e-37	8.3305e-39	1.47659e-38	3.72085e-38	3.08735e-39	2.42231e-39	7.96357e-41	4.61045e-42	2.00393e-42	4.45963e-43	2.58052e-44	3.27166e-45	1.49952e-45	6.58099e-46	1.13237e-46	
Rhaspe	0	0	0	0	0	0	0	0	0	1	0	0	0	0	0	0	0	0	0	0	0	0	0	0	0	0	0	0	0	0	0	0	0	0	0	0	0	0	0	0	0	
N16	1.45065e-32	5.3707e-27	5.12748e-22	3.28372e-18	1.05189e-14	8.04332e-12	1.04536e-08	5.62191e-07	8.06007e-05	0.021776	0.44107	0.529394	0.00765485	2.41729e-05	9.91799e-08	1.66624e-08	7.11567e-10	1.51354e-10	2.60371e-13	4.7209e-15	7.81869e-18	5.46889e-21	6.63973e-23	6.76051e-24	6.31157e-26	1.25474e-27	1.99216e-28	1.23731e-31	1.13092e-33	2.27038e-35	1.43407e-38	1.16333e-40	9.97484e-44	3.26748e-46	4.30614e-48	4.10896e-49	1.30991e-51	1.37363e-53	3.77079e-55	2.03206e-56	2.83201e-58	
Rhamar	0	0	0	0	0	0	0	0	0	1	0	0	0	0	0	0	0	0	0	0	0	0	0	0	0	0	0	0	0	0	0	0	0	0	0	0	0	0	0	0	0	
Rhatem	0	0	0	0	0	0	0	0	0	0	1	0	0	0	0	0	0	0	0	0	0	0	0	0	0	0	0	0	0	0	0	0	0	0	0	0	0	0	0	0	0	
N17	5.46482e-41	2.08014e-36	7.09754e-30	7.82595e-27	7.33769e-20	1.09367e-18	3.76604e-14	4.16148e-09	7.68192e-09	6.19402e-08	0.00146166	0.981015	0.0175093	1.3624e-05	2.23018e-08	1.05674e-09	9.22085e-10	1.11349e-09	4.01273e-12	2.21898e-14	1.13044e-17	2.74395e-21	2.34415e-24	1.61496e-27	1.83684e-30	1.16334e-31	2.49158e-32	9.37722e-35	3.47952e-36	2.52071e-37	1.10782e-39	3.57926e-41	4.55539e-43	7.57138e-45	2.58049e-46	1.52063e-47	6.26686e-50	1.74791e-51	1.05291e-52	6.16902e-54	2.82646e-55	
N18	8.68678e-42	2.07727e-34	1.28839e-27	5.89162e-25	1.64451e-18	1.35642e-17	1.63754e-12	9.41356e-09	3.9171e-09	3.6442e-07	0.00508008	0.986509	0.0080606	4.36818e-06	3.48344e-07	8.76876e-06	9.18278e-05	0.000243833	1.09793e-06	4.23908e-09	2.82923e-12	5.25786e-16	3.01641e-19	1.0916e-21	1.45237e-24	2.23639e-27	6.10262e-30	4.35906e-34	9.00295e-38	2.74501e-41	1.30789e-45	2.03407e-49	4.6406e-51	2.0617e-53	6.17686e-55	2.59315e-54	6.36489e-55	2.11723e-56	1.59757e-57	7.76687e-59	4.0104e-60	
N19	1.61865e-36	2.43571e-30	9.58355e-25	1.11798e-21	7.96414e-17	4.80473e-15	3.71422e-11	3.1802e-08	1.8024e-07	1.94143e-05	0.0205052	0.964115	0.0149286	8.3559e-05	3.07931e-05	0.000127894	0.000157586	3.12181e-05	1.1304e-07	1.62801e-10	1.21951e-13	6.53905e-17	3.92081e-19	2.83257e-20	7.52726e-22	8.36107e-24	1.82077e-25	9.78402e-29	1.53899e-31	9.95076e-35	2.45013e-38	1.83549e-41	6.49082e-45	4.84686e-48	3.23519e-50	7.34138e-52	4.45813e-54	1.42382e-56	1.19937e-58	6.7843e-61	1.86598e-63	
FGA379	0	0	0	0	0	0	0	0	0	0	0	0	0	0	0	0	1	0	0	0	0	0	0	0	0	0	0	0	0	0	0	0	0	0	0	0	0	0	0	0	0	
N20	3.97197e-35	5.92986e-29	2.2559e-23	1.58925e-20	1.55266e-15	5.25225e-14	2.35445e-10	4.28004e-07	1.25069e-06	3.23379e-05	0.0174071	0.953501	0.0287431	0.000261085	4.7403e-05	5.64678e-06	2.54672e-07	3.37956e-09	3.33961e-12	1.45458e-15	3.77414e-19	1.30175e-22	6.33498e-25	1.18902e-26	7.58967e-29	2.30549e-31	1.19219e-33	3.58716e-37	2.68765e-40	8.71834e-44	1.16117e-47	4.24508e-51	1.54047e-54	3.34452e-57	3.77083e-59	1.27868e-60	1.13904e-62	7.3863e-65	9.11929e-67	7.34107e-69	5.10205e-71	
N21	3.69926e-38	3.89222e-31	1.01336e-24	4.32123e-21	2.23847e-16	5.98014e-14	1.90551e-10	9.06582e-08	5.4393e-07	0.000141407	0.0273785	0.929888	0.042275	0.00031421	1.78158e-06	1.06041e-08	2.24449e-11	7.31312e-14	8.65097e-18	3.19563e-21	3.94542e-25	5.91561e-28	1.52155e-28	7.45093e-27	1.18254e-27	1.03312e-28	1.96165e-29	1.55421e-31	5.33127e-33	3.22368e-34	3.12581e-36	1.34666e-37	8.00116e-39	3.20197e-40	2.61676e-41	5.23786e-42	1.07137e-43	5.90212e-45	6.07782e-46	3.97661e-47	3.01648e-48	
N22	3.18335e-37	4.88855e-33	5.235e-27	1.07096e-23	1.07838e-17	4.5282e-16	6.23716e-11	3.05304e-08	4.99039e-08	2.60636e-05	0.0369943	0.947614	0.0153457	1.95901e-05	1.30765e-08	7.25391e-12	1.38962e-15	8.28806e-19	1.40291e-22	5.39444e-26	1.27901e-29	1.38237e-32	1.43501e-33	8.44296e-33	5.1219e-34	2.86978e-35	2.22829e-36	1.84024e-38	9.46227e-40	9.29481e-41	1.70616e-42	8.68681e-44	1.76147e-45	4.36837e-47	2.2378e-48	2.00722e-49	7.88407e-52	3.13615e-53	2.6542e-54	7.79794e-56	7.91896e-57	
F3015	0	0	0	0	0	0	0	0	0	0	1	0	0	0	0	0	0	0	0	0	0	0	0	0	0	0	0	0	0	0	0	0	0	0	0	0	0	0	0	0	0	
N23	3.80335e-38	7.92703e-35	3.15721e-28	1.2656e-24	1.57372e-18	1.75012e-16	1.00571e-11	6.72819e-09	2.97061e-08	1.07056e-05	0.0372659	0.951031	0.0116881	4.68493e-06	7.46259e-10	1.18358e-12	1.51975e-15	9.90854e-18	8.75575e-22	4.78381e-25	2.94186e-29	4.66355e-34	3.78681e-36	6.76223e-36	4.91743e-36	4.10719e-37	2.80323e-37	1.05642e-39	5.02923e-41	4.83537e-42	1.75961e-44	7.60403e-46	2.71547e-48	4.58854e-50	2.20546e-51	1.71532e-52	2.0015e-54	9.30631e-56	1.04652e-56	2.88135e-57	2.011e-58	
N24	1.47876e-39	2.38804e-35	1.86232e-28	2.16287e-24	4.90113e-19	2.13921e-16	1.32198e-12	4.62494e-09	5.85122e-08	1.33684e-05	0.027844	0.958016	0.0141227	3.83915e-06	2.47868e-09	8.12819e-11	1.48199e-13	5.12118e-16	2.2001e-20	1.23707e-23	4.20697e-28	1.15572e-32	7.03367e-36	6.39072e-38	1.41601e-41	5.67279e-45	9.16157e-48	9.11227e-52	1.78167e-52	1.10212e-48	2.65106e-51	6.95626e-49	3.66749e-50	8.86018e-52	3.07733e-52	4.22887e-49	2.24591e-50	1.05477e-51	1.0478e-52	1.18445e-53	6.35742e-55	
N25	1.05712e-48	4.87444e-40	4.83281e-32	9.70999e-29	2.25099e-21	1.11992e-19	5.08965e-13	4.31648e-10	8.61461e-11	1.12981e-06	0.039843	0.958442	0.0017143	6.16537e-08	7.28522e-13	2.9898e-16	4.45909e-20	4.14392e-23	3.98226e-28	5.49087e-32	3.19886e-35	9.34954e-39	3.80401e-41	1.34885e-42	5.61482e-45	7.53741e-47	7.82683e-48	8.95544e-50	4.7024e-49	1.44806e-44	8.70943e-46	6.76308e-43	6.08482e-43	1.18129e-43	2.5137e-43	8.03905e-40	8.25455e-40	8.2322e-40	3.00629e-39	2.03541e-38	3.32475e-38	
N26	5.80429e-37	2.32127e-32	4.05792e-28	8.74003e-27	1.2764e-21	1.09691e-18	2.66404e-13	5.8328e-11	5.44799e-10	9.52205e-06	0.0539456	0.944006	0.00203844	2.80788e-07	1.09918e-11	4.17731e-13	5.66056e-16	1.15333e-17	1.12277e-22	3.00848e-26	1.79679e-31	4.41676e-37	1.13733e-38	2.81177e-37	3.38783e-38	3.50298e-39	6.47853e-39	4.1815e-42	9.88091e-44	5.83995e-45	3.27645e-48	6.30781e-50	4.17741e-53	3.02671e-55	2.34954e-56	5.1525e-56	6.14465e-58	2.3096e-59	3.19207e-60	2.37255e-60	9.34349e-62	
F1476	0	0	0	0	0	0	0	0	0	0	1	0	0	0	0	0	0	0	0	0	0	0	0	0	0	0	0	0	0	0	0	0	0	0	0	0	0	0	0	0	0	
N27	6.31766e-42	1.67974e-37	5.73027e-31	2.34072e-26	3.58026e-21	1.77723e-17	2.37225e-13	3.66868e-10	5.05506e-08	0.000105072	0.0588311	0.933457	0.00759844	8.2043e-06	5.50043e-09	3.0325e-10	4.77341e-13	4.01262e-15	4.57847e-20	8.59998e-24	9.48732e-29	3.75282e-32	1.20719e-32	4.61847e-30	2.45904e-31	1.72514e-32	1.29616e-32	1.10241e-35	1.91793e-37	6.90498e-39	5.96724e-42	1.16935e-43	3.62974e-46	1.11201e-47	1.10157e-48	1.57249e-48	1.83024e-50	7.16515e-52	7.49109e-53	2.03077e-53	8.19284e-55	
Furcep	0	0	0	0	0	0	0	0	0	0	0	0	0	1	0	0	0	0	0	0	0	0	0	0	0	0	0	0	0	0	0	0	0	0	0	0	0	0	0	0	0	
N28	2.80434e-36	9.2879e-33	9.96155e-29	3.4465e-25	3.76645e-19	9.26668e-17	1.74329e-11	3.82585e-09	3.0524e-08	3.0026e-05	0.0919929	0.90501	0.00296579	1.10383e-06	2.13981e-10	1.51156e-12	7.95721e-16	1.10407e-17	1.43575e-21	1.26314e-24	1.36506e-28	3.82619e-33	2.05409e-36	8.18843e-39	6.33205e-43	3.91494e-46	2.31872e-48	7.25834e-53	2.78278e-56	2.12654e-59	6.3243e-64	2.03347e-67	5.83828e-72	7.44768e-76	3.24659e-79	1.1018e-81	2.52427e-86	6.25348e-90	3.95491e-93	5.09508e-96	1.96055e-99	
Furpol	0	0	0	0	0	0	0	0	0	0	0	1	0	0	0	0	0	0	0	0	0	0	0	0	0	0	0	0	0	0	0	0	0	0	0	0	0	0	0	0	0	
N29	5.8442e-41	7.74796e-34	2.50507e-27	1.18501e-23	2.0034e-18	6.70189e-16	1.29743e-10	2.03429e-10	3.82926e-09	0.000149086	0.853259	0.146514	7.79877e-05	9.29393e-09	6.3658e-13	2.13635e-15	5.66398e-18	4.6217e-20	2.4599e-24	7.1962e-28	3.46248e-32	6.16727e-37	7.52578e-41	1.27397e-43	6.71846e-47	5.58555e-50	1.75942e-52	3.73004e-57	5.0681e-61	1.37757e-64	2.64756e-69	3.00021e-73	6.23612e-78	1.66957e-82	3.66698e-86	4.44729e-89	6.39142e-93	1.45499e-96	1.31886e-99	1.04196e-102	2.03651e-106	
N30	1.2002e-41	1.87943e-34	7.43906e-28	4.17006e-24	9.98783e-19	4.82521e-16	1.63192e-10	2.58808e-10	5.52898e-09	0.000223705	0.978378	0.0213938	4.54514e-06	2.75427e-10	1.44978e-13	1.04743e-15	8.73645e-19	1.54023e-21	4.11597e-26	6.23805e-30	1.67548e-34	7.7164e-39	3.98816e-42	1.24393e-44	2.03004e-48	6.29042e-52	6.7984e-55	8.17679e-60	6.3015e-64	8.3105e-68	8.90485e-73	6.83012e-77	2.65729e-81	3.15306e-85	9.77867e-89	1.38968e-91	5.72115e-96	6.54644e-100	1.64777e-103	3.83072e-107	4.05504e-111	
F2241	0	0	0	0	0	0	0	0	0	0	1	0	0	0	0	0	0	0	0	0	0	0	0	0	0	0	0	0	0	0	0	0	0	0	0	0	0	0	0	0	0	
Furang	0	0	0	0	0	0	0	0	0	0	1	0	0	0	0	0	0	0	0	0	0	0	0	0	0	0	0	0	0	0	0	0	0	0	0	0	0	0	0	0	0	
FGA490	0	0	0	0	0	0	0	0	0	0	1	0	0	0	0	0	0	0	0	0	0	0	0	0	0	0	0	0	0	0	0	0	0	0	0	0	0	0	0	0	0	
N31	6.65195e-46	5.36084e-38	1.07778e-30	2.10763e-27	1.13428e-20	4.702e-19	5.26468e-13	6.90274e-10	3.31356e-10	2.0361e-06	0.0507024	0.948956	0.0003392	1.59984e-08	1.12418e-12	5.71283e-15	3.16526e-18	7.35428e-21	8.456e-26	7.66852e-30	7.3128e-35	3.87752e-40	4.46327e-44	6.80967e-47	4.82276e-51	7.11794e-55	5.95535e-58	6.85105e-60	3.17065e-61	2.38083e-59	1.8465e-62	1.49941e-62	3.52405e-64	1.47596e-66	4.02207e-68	8.35296e-67	3.68877e-68	3.77203e-70	1.19545e-71	5.34611e-73	5.35651e-75	
N32	1.87918e-44	8.46446e-37	9.32027e-30	2.77285e-26	5.71597e-20	4.50341e-18	4.63772e-13	1.62014e-09	9.92484e-09	1.96338e-06	0.0437761	0.95558	0.000641659	4.96872e-08	4.05236e-11	7.37378e-13	6.85689e-16	1.53589e-18	2.18008e-23	3.00774e-27	3.96276e-32	1.37242e-36	6.83049e-40	3.30059e-42	4.00206e-46	9.08477e-50	9.56483e-53	7.51169e-57	1.32648e-57	2.76659e-55	3.54985e-58	7.96538e-59	1.52821e-57	4.22472e-59	2.87675e-60	7.53627e-60	5.43345e-59	1.66145e-60	1.02107e-61	8.01162e-63	2.28047e-64	
N33	4.21043e-47	7.19332e-39	2.85493e-31	1.99476e-27	6.49128e-21	4.88218e-19	5.9239e-15	2.8584e-09	2.16336e-08	1.20947e-07	0.00193523	0.994629	0.00343459	9.72544e-07	2.93084e-09	3.08201e-11	1.22003e-14	2.86418e-18	1.31175e-23	6.12056e-28	2.44131e-33	1.40999e-36	4.4231e-38	7.9719e-38	1.2573e-37	1.90386e-39	4.52914e-41	1.52906e-44	6.85383e-47	5.56106e-49	1.84719e-52	9.7713e-55	1.09444e-56	1.15803e-58	2.84274e-60	6.60006e-61	1.83908e-63	1.73866e-65	3.12839e-67	2.45565e-69	2.29395e-71	
N34	2.07444e-39	1.43669e-35	3.45656e-30	4.95601e-27	3.50413e-20	2.73054e-19	3.3652e-14	2.7765e-09	9.18612e-10	1.3759e-08	0.000534119	0.997962	0.00150354	1.88271e-07	4.42471e-11	1.65482e-13	1.78851e-16	1.91605e-18	7.40782e-23	3.3363e-26	8.93523e-31	2.34292e-35	8.01417e-39	9.60377e-42	1.22022e-45	5.61102e-49	2.88951e-51	2.99708e-56	5.23165e-60	1.98464e-63	1.63122e-68	2.15803e-72	6.13434e-77	5.09661e-81	1.02293e-84	9.00702e-88	2.52075e-92	3.90837e-96	1.90094e-99	2.38194e-102	4.10925e-106	
N35	8.68466e-43	1.6871e-35	7.84222e-29	3.95815e-26	1.14902e-19	3.04175e-19	1.89844e-14	1.06027e-09	3.22481e-10	9.33446e-09	0.000307013	0.998882	0.000810642	9.86677e-08	8.52724e-12	7.36805e-14	2.02984e-16	2.0393e-18	6.46551e-23	1.31469e-26	3.88137e-31	4.83045e-36	7.68397e-40	2.47352e-42	1.05441e-45	7.47721e-49	2.42612e-51	2.92065e-56	2.55147e-60	4.15669e-64	4.42395e-69	3.56282e-73	4.35632e-78	1.14438e-82	2.79853e-86	4.48041e-89	4.13954e-93	6.17931e-97	3.93299e-100	2.44955e-103	2.74988e-107	
FGA456	0	0	0	0	0	0	0	0	0	0	0	1	0	0	0	0	0	0	0	0	0	0	0	0	0	0	0	0	0	0	0	0	0	0	0	0	0	0	0	0	0	
FGA513	0	0	0	0	0	0	0	0	0	0	0	1	0	0	0	0	0	0	0	0	0	0	0	0	0	0	0	0	0	0	0	0	0	0	0	0	0	0	0	0	0	
F12278	0	0	0	0	0	0	0	0	0	0	0	1	0	0	0	0	0	0	0	0	0	0	0	0	0	0	0	0	0	0	0	0	0	0	0	0	0	0	0	0	0	
N36	3.94193e-41	6.36446e-34	2.62264e-27	6.1432e-23	1.84674e-18	2.11773e-15	5.60521e-13	1.35196e-08	2.28223e-06	1.33561e-05	0.000668837	0.853984	0.142095	0.00323389	2.37819e-06	6.83151e-08	3.23689e-10	4.87482e-12	2.75766e-16	7.13224e-20	3.29811e-24	9.7859e-29	5.80535e-32	3.4999e-34	1.86976e-37	1.89764e-40	8.26364e-43	1.73533e-47	2.18054e-51	3.92787e-55	6.79536e-60	9.1776e-64	2.68016e-68	3.37267e-72	2.02598e-75	6.12969e-78	8.60833e-82	2.53703e-85	2.8497e-88	3.23964e-91	8.36976e-95	
Furant	0	0	0	0	0	0	0	0	0	0	0	1	0	0	0	0	0	0	0	0	0	0	0	0	0	0	0	0	0	0	0	0	0	0	0	0	0	0	0	0	0	
FGA331	0	0	0	0	0	0	0	0	0	0	0	0	0	1	0	0	0	0	0	0	0	0	0	0	0	0	0	0	0	0	0	0	0	0	0	0	0	0	0	0	0	
FGA465	0	0	0	0	0	0	0	0	0	0	1	0	0	0	0	0	0	0	0	0	0	0	0	0	0	0	0	0	0	0	0	0	0	0	0	0	0	0	0	0	0	
N37	2.1832e-42	4.42869e-35	2.28695e-28	5.82579e-25	4.15055e-19	5.35677e-17	2.0251e-11	1.19334e-09	2.31655e-09	3.24836e-05	0.255264	0.744424	0.000279702	2.23706e-08	2.31568e-12	1.57448e-14	3.11001e-17	1.8506e-19	5.19753e-24	6.48764e-28	1.63791e-32	2.1889e-37	4.49858e-41	1.13242e-43	3.60165e-47	1.88638e-50	3.62057e-53	2.74797e-54	2.06608e-55	7.75812e-54	1.6176e-56	4.61066e-56	5.1903e-58	3.73693e-60	3.51256e-61	1.5399e-59	6.44337e-61	1.80251e-62	1.95493e-63	1.91592e-64	4.66848e-66	
FGA99	0	0	0	0	0	0	0	0	0	0	1	0	0	0	0	0	0	0	0	0	0	0	0	0	0	0	0	0	0	0	0	0	0	0	0	0	0	0	0	0	0	
N38	3.89706e-41	5.54971e-34	1.89934e-27	4.10353e-24	2.53475e-18	1.47599e-16	1.81588e-11	7.48146e-09	3.38767e-08	3.4557e-05	0.264035	0.735627	0.000303881	2.7039e-08	3.58477e-11	7.2925e-13	1.06683e-15	3.30669e-18	1.01032e-22	2.52484e-26	7.75355e-31	7.17147e-35	7.10968e-38	5.74345e-40	1.5469e-43	7.96784e-47	1.63935e-49	2.34456e-54	3.1659e-58	7.5567e-62	1.01989e-66	1.5201e-70	1.37363e-74	3.72348e-78	2.54394e-81	1.18787e-83	1.01087e-87	2.70806e-91	1.59738e-94	1.00439e-97	2.78244e-101	
FGA15	0	0	0	0	0	0	0	0	0	0	1	0	0	0	0	0	0	0	0	0	0	0	0	0	0	0	0	0	0	0	0	0	0	0	0	0	0	0	0	0	0	
FGA581	0	0	0	0	0	0	0	0	0	0	0	1	0	0	0	0	0	0	0	0	0	0	0	0	0	0	0	0	0	0	0	0	0	0	0	0	0	0	0	0	0	
FGA104	0	0	0	0	0	0	0	0	0	0	0	0	1	0	0	0	0	0	0	0	0	0	0	0	0	0	0	0	0	0	0	0	0	0	0	0	0	0	0	0	0	
FGA489	0	0	0	0	0	0	0	0	0	0	1	0	0	0	0	0	0	0	0	0	0	0	0	0	0	0	0	0	0	0	0	0	0	0	0	0	0	0	0	0	0	
FGA174	0	0	0	0	0	0	0	0	0	0	0	0	0	1	0	0	0	0	0	0	0	0	0	0	0	0	0	0	0	0	0	0	0	0	0	0	0	0	0	0	0	
FurbGB	0	0	0	0	0	0	0	0	0	0	0	1	0	0	0	0	0	0	0	0	0	0	0	0	0	0	0	0	0	0	0	0	0	0	0	0	0	0	0	0	0	
N39	1.30966e-41	1.05753e-34	2.2184e-28	3.7452e-25	2.32331e-19	1.24467e-17	4.61109e-13	8.81277e-10	8.78572e-10	2.50015e-07	0.0022378	0.360321	0.00284698	2.28103e-06	3.10528e-07	0.000125343	0.00786667	0.618648	0.00758272	0.000368406	7.75213e-07	3.84536e-10	2.43757e-12	1.58652e-13	9.58533e-16	1.18358e-17	1.2398e-18	1.97369e-22	4.2913e-25	1.96958e-27	2.55741e-31	4.13286e-34	5.82373e-38	2.69631e-41	6.76691e-44	1.21138e-45	8.43765e-49	1.54688e-51	1.14552e-53	1.68483e-55	3.07526e-58	
N40	2.34958e-39	5.34417e-33	3.25567e-27	4.43958e-24	5.62547e-19	3.98224e-17	7.02272e-13	5.94897e-10	2.91264e-09	9.03652e-07	0.00209656	0.0906336	0.000965408	4.9987e-06	1.67503e-06	0.000485493	0.0532856	0.831491	0.0206709	0.000362261	1.34516e-06	1.75559e-09	1.1401e-11	1.39477e-12	5.49148e-14	1.28949e-15	7.33677e-17	4.71862e-20	1.19806e-22	2.65254e-25	1.04729e-28	1.72245e-31	7.76659e-35	3.94464e-38	2.24613e-40	6.93141e-42	4.07632e-44	1.68915e-46	2.31744e-48	2.37383e-50	8.14985e-53	
N41	2.17764e-40	1.23031e-33	1.91589e-27	2.12125e-24	4.4777e-19	2.85913e-17	1.58631e-12	8.118e-11	5.96688e-10	4.6454e-07	0.000534024	0.00124614	8.08596e-06	2.87044e-06	3.50324e-05	0.0177481	0.480303	0.494851	0.00525879	1.29712e-05	1.22301e-08	6.57153e-12	1.59502e-14	1.87555e-16	9.14327e-19	2.71652e-21	8.3131e-24	2.47169e-27	1.05875e-30	2.87582e-34	3.30096e-38	1.03229e-38	2.57396e-40	4.07021e-41	8.54029e-40	6.45874e-39	8.49001e-40	1.04401e-40	2.86929e-41	1.08286e-40	2.28974e-40	
CGA312	0	0	0	0	0	0	0	0	0	0	0	0	0	0	0	0	0	1	0	0	0	0	0	0	0	0	0	0	0	0	0	0	0	0	0	0	0	0	0	0	0	
N42	1.09338e-47	8.91254e-40	1.80239e-32	1.80936e-28	1.16286e-22	5.85518e-20	9.59474e-15	9.49759e-14	1.89901e-11	9.58221e-08	5.36875e-05	4.35243e-05	3.03619e-06	1.23207e-06	0.000106261	0.0465631	0.650696	0.301911	0.000622399	1.73999e-07	1.44801e-11	5.54972e-16	7.7058e-20	5.21624e-22	1.02686e-24	3.86006e-28	3.7579e-28	3.98924e-28	3.3122e-29	2.53581e-31	4.54808e-34	6.52133e-36	2.05901e-38	5.92847e-41	2.72793e-42	1.21479e-42	1.12702e-43	3.41944e-45	2.5946e-46	2.55009e-47	9.59323e-49	
N43	6.69327e-47	1.23543e-40	8.55471e-35	9.86288e-32	1.42041e-27	6.72501e-23	1.28802e-17	9.01851e-17	1.99854e-13	1.16496e-08	1.3472e-06	1.01586e-06	4.77253e-07	1.67129e-06	0.00286873	0.234168	0.755552	0.00740572	3.13668e-07	2.05017e-12	4.55373e-18	5.00258e-24	8.56356e-29	1.07947e-31	2.02711e-34	4.27708e-34	7.25982e-31	1.94584e-31	1.48705e-31	1.14784e-32	2.63497e-34	7.21457e-35	2.807e-36	2.88042e-37	8.74712e-37	3.05147e-35	2.15517e-34	2.30414e-34	7.30996e-34	4.71662e-33	5.90533e-33	
N44	5.145e-43	4.77063e-38	2.03635e-33	1.44934e-31	5.06049e-28	1.12592e-24	9.29463e-19	2.16268e-16	6.22227e-14	1.51537e-09	1.79063e-07	2.72781e-07	4.09524e-07	7.98677e-07	0.00213996	0.227052	0.765633	0.00517212	5.80426e-07	4.61223e-11	1.32641e-13	1.29197e-15	1.11497e-18	3.54108e-21	6.5836e-25	2.58336e-28	7.17186e-31	4.5986e-33	3.02614e-34	1.12318e-36	3.41027e-38	1.70182e-39	1.01296e-39	2.07986e-41	8.67383e-43	2.93335e-43	2.11331e-45	7.0774e-47	4.50772e-48	2.71327e-50	8.98207e-52	
N45	7.10457e-50	2.86145e-42	2.98153e-35	3.54941e-32	4.84844e-26	2.6611e-24	2.1929e-18	4.86133e-17	9.75606e-18	2.12833e-13	5.10943e-09	2.57339e-08	9.12035e-10	2.35885e-09	1.85653e-05	0.0503021	0.919064	0.0305992	1.6557e-05	3.09126e-09	6.14573e-12	1.39188e-14	1.40117e-17	1.6785e-20	2.48714e-24	4.41629e-28	3.31069e-32	3.54812e-35	1.27108e-35	2.94382e-37	9.90805e-39	4.7173e-40	4.77491e-41	1.49067e-42	6.71571e-44	5.0586e-45	4.50425e-47	8.45773e-49	2.16567e-50	1.25891e-52	2.93498e-54	
CGA642	0	0	0	0	0	0	0	0	0	0	0	0	0	0	0	0	1	0	0	0	0	0	0	0	0	0	0	0	0	0	0	0	0	0	0	0	0	0	0	0	0	
N46	4.34914e-39	1.18973e-34	1.57022e-30	1.13384e-29	5.8561e-27	2.8238e-25	5.35966e-20	2.31904e-18	3.88669e-17	1.36693e-13	2.23404e-09	9.76324e-09	2.85107e-10	9.13163e-09	8.50147e-06	0.0552758	0.901972	0.0427293	1.45034e-05	1.34424e-09	3.09228e-13	8.56928e-15	3.37819e-17	1.41667e-18	4.28414e-21	4.25367e-24	4.03282e-28	6.64134e-33	1.84075e-36	4.3309e-41	8.85813e-46	4.22188e-49	2.89699e-51	1.34657e-54	1.42899e-57	1.86179e-59	9.8575e-63	3.82628e-66	2.62258e-69	5.79983e-74	1.77686e-77	
CGA763	0	0	0	0	0	0	0	0	0	0	0	0	0	0	0	1	0	0	0	0	0	0	0	0	0	0	0	0	0	0	0	0	0	0	0	0	0	0	0	0	0	
C601	0	0	0	0	0	0	0	0	0	0	0	0	0	0	0	0	0	1	0	0	0	0	0	0	0	0	0	0	0	0	0	0	0	0	0	0	0	0	0	0	0	
N47	6.05113e-39	1.63557e-34	2.0793e-30	4.9209e-28	6.20025e-27	4.66832e-23	6.11801e-19	1.85262e-16	3.17632e-13	7.04682e-10	7.21802e-08	2.24436e-07	4.11064e-07	5.26241e-06	0.00348602	0.243782	0.748694	0.00403107	1.14178e-06	8.80757e-11	3.20251e-14	1.64899e-15	5.87339e-18	2.23126e-19	4.83314e-22	5.08829e-25	9.05466e-29	1.32221e-33	2.81104e-37	7.36996e-42	2.37838e-43	1.43593e-43	1.22213e-42	1.76453e-42	6.72443e-43	1.70696e-42	1.34695e-43	5.03372e-44	3.32653e-44	4.07138e-46	2.55398e-47	
CGA236	0	0	0	0	0	0	0	0	0	0	0	0	0	0	0	0	1	0	0	0	0	0	0	0	0	0	0	0	0	0	0	0	0	0	0	0	0	0	0	0	0	
N48	3.76371e-44	1.84801e-38	2.99623e-33	1.2072e-29	2.93127e-25	2.83199e-21	3.83525e-18	2.98506e-15	1.06767e-11	1.53586e-09	3.92663e-08	1.62474e-07	1.50919e-06	0.000487032	0.0303374	0.355961	0.609443	0.00376762	2.40014e-06	4.78604e-10	1.09393e-13	5.72538e-15	7.21607e-17	4.90647e-18	4.99247e-20	1.07292e-22	3.0808e-26	1.64819e-30	7.09983e-34	4.4495e-38	1.34606e-42	9.08051e-46	1.61557e-47	2.78327e-50	8.09199e-53	1.54384e-54	2.93388e-57	2.56547e-60	3.70338e-63	2.60436e-67	1.6963e-70	
N49	4.9459e-43	3.1903e-36	5.49109e-30	6.95313e-26	1.24445e-21	9.14723e-19	2.03797e-16	1.28603e-12	8.42406e-11	3.91144e-10	1.54133e-08	2.74672e-05	0.00199516	0.0204981	0.0380813	0.375582	0.537503	0.0262848	2.87298e-05	1.16646e-08	8.22074e-11	1.45755e-12	8.42207e-15	9.93764e-17	1.55897e-19	2.38355e-22	7.31682e-26	7.49721e-30	2.08386e-33	2.64929e-37	1.43893e-40	2.61585e-43	1.42259e-45	1.34147e-48	2.20521e-51	9.00625e-54	3.33293e-57	2.35594e-60	2.35341e-63	2.52078e-67	1.45725e-70	
Calboe	0	0	0	0	0	0	0	0	0	0	0	0	0	1	0	0	0	0	0	0	0	0	0	0	0	0	0	0	0	0	0	0	0	0	0	0	0	0	0	0	0	
C3125	0	0	0	0	0	0	0	0	0	0	0	0	0	0	0	0	0	1	0	0	0	0	0	0	0	0	0	0	0	0	0	0	0	0	0	0	0	0	0	0	0	
CGA429	0	0	0	0	0	0	0	0	0	0	0	0	0	0	1	0	0	0	0	0	0	0	0	0	0	0	0	0	0	0	0	0	0	0	0	0	0	0	0	0	0	
N50	9.6448e-38	4.61359e-33	1.02924e-28	3.06491e-25	1.02456e-24	2.58254e-21	2.1272e-18	4.96234e-16	1.44531e-10	9.06777e-08	5.0252e-08	3.90553e-08	5.72626e-07	0.00210121	0.412739	0.503128	0.0818794	0.000150993	8.87139e-09	1.92555e-13	2.24186e-18	1.42247e-21	4.95464e-24	1.25597e-25	9.98965e-28	1.75718e-29	2.66184e-29	2.99667e-31	5.37989e-33	9.6606e-36	6.8831e-39	6.12821e-41	4.46032e-42	5.31393e-43	9.40941e-44	1.59103e-43	5.21466e-44	2.51045e-45	2.19732e-46	5.0817e-48	2.38931e-49	
C984	0	0	0	0	0	0	0	0	0	0	0	0	0	1	0	0	0	0	0	0	0	0	0	0	0	0	0	0	0	0	0	0	0	0	0	0	0	0	0	0	0	
N51	7.93799e-36	7.96932e-32	3.86745e-28	2.11068e-25	3.5249e-25	1.83231e-20	4.04227e-17	1.9148e-15	7.3695e-11	4.42761e-08	1.40005e-08	1.02705e-08	1.00644e-06	0.00383509	0.546938	0.415165	0.0340237	3.70697e-05	6.11295e-09	4.17136e-13	7.77639e-16	2.81552e-17	1.16928e-19	4.22123e-21	1.58373e-23	3.10186e-26	9.12205e-30	3.03727e-34	1.33042e-37	5.23793e-42	1.02429e-45	1.70362e-48	3.21622e-50	2.39226e-53	4.1471e-56	8.08732e-58	6.9234e-61	6.6441e-64	1.13441e-66	9.25097e-71	7.65796e-74	
CGA310	0	0	0	0	0	0	0	0	0	0	0	0	0	0	1	0	0	0	0	0	0	0	0	0	0	0	0	0	0	0	0	0	0	0	0	0	0	0	0	0	0	
N52	7.41904e-44	3.55701e-37	5.19692e-31	6.20835e-26	7.32579e-23	1.71342e-18	1.32546e-16	7.29318e-15	9.31763e-11	4.0918e-09	8.59397e-10	1.61311e-08	4.87607e-05	0.072313	0.857219	0.0697942	0.000624649	5.43566e-07	1.78811e-10	4.67516e-14	4.72677e-16	4.1755e-18	1.2554e-20	7.06324e-23	4.89506e-26	5.30253e-29	1.40896e-32	1.3079e-36	3.11519e-40	4.75558e-44	6.41078e-47	1.03107e-49	4.16064e-52	2.81753e-55	3.40832e-58	9.51075e-61	2.09905e-64	1.20578e-67	1.02866e-70	1.14974e-74	7.37428e-78	
CGA365	0	0	0	0	0	0	0	0	0	0	0	0	0	0	1	0	0	0	0	0	0	0	0	0	0	0	0	0	0	0	0	0	0	0	0	0	0	0	0	0	0	
CGA494	0	0	0	0	0	0	0	0	0	0	0	0	0	1	0	0	0	0	0	0	0	0	0	0	0	0	0	0	0	0	0	0	0	0	0	0	0	0	0	0	0	
N53	5.67585e-46	1.45575e-38	9.91821e-32	7.51273e-28	1.27077e-22	7.02679e-20	5.73202e-16	3.8641e-13	5.54859e-12	2.72239e-10	5.10213e-07	1.01901e-06	4.02474e-07	1.7991e-06	4.90801e-05	0.0138829	0.454211	0.516016	0.0158223	1.47447e-05	1.63865e-08	1.53417e-10	6.69349e-13	3.91669e-15	3.15617e-18	1.98149e-21	5.45912e-25	3.48425e-28	2.41261e-28	5.30709e-30	4.23642e-32	1.97707e-33	4.47537e-34	3.14764e-35	3.11962e-36	6.16203e-37	1.50648e-38	6.13486e-40	3.45253e-41	4.56071e-43	1.8362e-44	
N54	4.89281e-38	9.96842e-34	9.81569e-30	1.70939e-28	1.37246e-23	2.62527e-21	2.66776e-16	2.99154e-14	1.39725e-12	1.24901e-10	2.21893e-07	4.52358e-07	2.17372e-07	1.21788e-06	2.644e-05	0.0247731	0.487381	0.483105	0.00471117	2.04502e-06	4.5934e-10	4.554e-13	3.77787e-16	1.52181e-18	1.23497e-20	1.87017e-23	9.22778e-26	2.71013e-29	2.29568e-32	1.98668e-36	5.77821e-41	2.08972e-44	1.03695e-47	1.1605e-51	6.02527e-55	7.79792e-58	8.69235e-61	4.19485e-64	3.94891e-67	3.62034e-70	2.95492e-73	
C12265	0	0	0	0	0	0	0	0	0	0	0	0	0	0	0	0	0	1	0	0	0	0	0	0	0	0	0	0	0	0	0	0	0	0	0	0	0	0	0	0	0	
N55	3.73706e-53	7.16606e-45	2.94194e-37	5.34592e-33	1.99109e-27	3.05379e-24	1.08135e-18	5.03982e-20	4.17126e-16	5.06912e-11	3.13144e-09	1.43547e-11	9.66247e-12	1.85882e-07	0.00686502	0.963356	0.0296447	0.000134122	1.9255e-08	6.04751e-13	7.80724e-18	6.00291e-23	4.64472e-27	2.75257e-29	2.71853e-30	1.2295e-31	1.28632e-32	4.84443e-35	5.64453e-37	1.74123e-39	2.01831e-42	7.23261e-45	1.19166e-47	4.41496e-50	1.82013e-51	2.70294e-52	1.05573e-53	1.91464e-55	9.01395e-57	3.15791e-58	5.66755e-60	
C404	0	0	0	0	0	0	0	0	0	0	0	0	0	0	1	0	0	0	0	0	0	0	0	0	0	0	0	0	0	0	0	0	0	0	0	0	0	0	0	0	0	
N56	1.39004e-42	6.94849e-38	1.68467e-33	5.28224e-32	1.48811e-28	7.84223e-27	8.02702e-21	7.02306e-21	1.41109e-17	1.81232e-12	3.07593e-10	9.40421e-13	8.06158e-13	6.65667e-08	0.00244063	0.983143	0.0143971	1.90958e-05	1.24316e-09	2.5226e-14	1.68025e-17	3.87182e-19	2.94671e-22	7.85665e-25	1.59346e-28	6.88198e-32	1.31534e-35	8.93883e-41	1.30965e-44	1.00584e-49	3.65989e-54	1.60273e-57	1.28716e-59	1.41944e-63	3.01939e-67	4.3381e-70	1.50855e-74	2.28067e-78	6.2581e-82	2.14371e-86	2.82107e-90	
Cl11778	0	0	0	0	0	0	0	0	0	0	0	0	0	0	0	1	0	0	0	0	0	0	0	0	0	0	0	0	0	0	0	0	0	0	0	0	0	0	0	0	0	
CGA48	0	0	0	0	0	0	0	0	0	0	0	0	0	0	0	1	0	0	0	0	0	0	0	0	0	0	0	0	0	0	0	0	0	0	0	0	0	0	0	0	0	
C3126	0	0	0	0	0	0	0	0	0	0	0	0	0	0	0	0	0	0	1	0	0	0	0	0	0	0	0	0	0	0	0	0	0	0	0	0	0	0	0	0	0	
N57	2.60478e-41	2.81643e-34	7.96292e-28	1.74166e-25	2.2318e-19	9.90874e-19	1.02346e-14	1.33575e-10	4.65256e-11	1.06029e-10	1.30456e-06	0.000623116	1.40354e-05	6.43486e-09	2.36013e-09	7.37982e-06	0.00845904	0.909223	0.0813672	0.000304193	3.15815e-07	2.7298e-10	9.28207e-13	4.84869e-15	9.647e-18	1.26528e-20	1.40171e-23	2.79459e-27	1.39409e-30	3.08462e-31	1.11771e-31	3.25928e-33	8.17433e-35	4.375e-36	4.85339e-37	7.98127e-38	5.24389e-39	3.87565e-40	3.80998e-41	2.23493e-42	1.49673e-43	
CGA311	0	0	0	0	0	0	0	0	0	0	0	0	0	0	0	0	0	1	0	0	0	0	0	0	0	0	0	0	0	0	0	0	0	0	0	0	0	0	0	0	0	
N58	1.02837e-39	2.2319e-35	4.73749e-31	1.21403e-27	3.33769e-22	2.70972e-20	2.38772e-16	2.99806e-12	1.07065e-12	1.08023e-11	1.50502e-07	0.000126161	3.15044e-06	1.00874e-09	1.56082e-09	2.34711e-06	0.00626904	0.907111	0.086275	0.000212836	1.1791e-07	3.57092e-11	4.35641e-14	2.56212e-15	5.059e-17	1.36871e-19	2.04636e-21	3.27844e-25	3.87151e-28	6.61542e-32	2.30857e-36	1.20673e-39	1.01283e-43	9.10361e-48	8.87564e-51	1.08825e-52	2.72285e-55	1.81033e-58	2.59944e-61	6.02918e-64	4.60003e-67	
N59	8.59762e-49	3.1604e-41	2.93322e-34	3.26373e-31	7.04546e-25	7.80134e-24	1.48159e-18	1.61393e-15	4.68656e-16	3.64711e-13	1.85993e-08	2.91887e-06	8.43046e-09	5.7441e-12	3.0948e-10	6.43715e-06	0.023503	0.961995	0.0144821	1.01776e-05	1.90083e-09	1.52818e-13	1.82134e-17	2.23334e-19	1.31669e-21	2.24147e-24	9.24286e-27	1.70936e-30	1.75335e-33	8.7507e-35	7.07155e-36	7.51248e-38	2.56673e-40	5.07336e-43	1.72392e-44	7.11328e-45	9.00543e-46	4.08703e-47	6.45177e-48	8.52609e-49	5.90999e-50	
CGA45	0	0	0	0	0	0	0	0	0	0	0	0	0	0	0	0	1	0	0	0	0	0	0	0	0	0	0	0	0	0	0	0	0	0	0	0	0	0	0	0	0	
N60	5.38661e-38	6.64189e-34	3.93016e-30	1.01861e-29	1.14201e-25	5.71061e-25	2.39064e-20	5.2151e-16	7.53099e-16	7.18349e-14	2.05302e-09	8.32793e-07	1.65028e-09	6.99507e-12	3.21559e-10	4.48146e-06	0.0135042	0.974769	0.0117114	1.05343e-05	2.67511e-09	5.06844e-13	5.01392e-15	7.30632e-16	2.54864e-17	7.6133e-20	6.43647e-22	1.09611e-25	1.44583e-28	1.615e-32	5.34796e-37	1.6702e-40	1.02285e-44	6.92226e-48	2.52232e-50	7.76001e-52	4.38523e-54	4.11762e-57	7.46565e-60	1.163e-62	1.18985e-65	
C3043	0	0	0	0	0	0	0	0	0	0	0	0	0	0	0	0	0	1	0	0	0	0	0	0	0	0	0	0	0	0	0	0	0	0	0	0	0	0	0	0	0	
CGA364	0	0	0	0	0	0	0	0	0	0	0	0	0	0	0	0	0	1	0	0	0	0	0	0	0	0	0	0	0	0	0	0	0	0	0	0	0	0	0	0	0	
C2208	0	0	0	0	0	0	0	0	0	0	0	0	0	0	0	0	0	0	1	0	0	0	0	0	0	0	0	0	0	0	0	0	0	0	0	0	0	0	0	0	0	
N61	8.58385e-37	2.1108e-30	1.41381e-24	1.75703e-22	7.46778e-17	1.07695e-16	1.74044e-12	6.9055e-09	5.83547e-10	8.40999e-09	3.19038e-05	0.00548645	4.14825e-05	4.02607e-08	5.20338e-08	5.62483e-05	0.0206665	0.949958	0.0236271	0.000131703	2.87905e-07	4.11092e-10	1.7798e-12	1.47571e-14	5.81428e-17	1.72378e-19	4.17595e-22	2.47089e-25	1.51984e-28	7.40523e-32	1.84124e-35	6.3996e-39	2.26124e-42	1.18663e-45	1.46103e-48	2.58539e-51	2.11892e-54	1.93501e-57	2.03856e-60	1.30391e-63	9.18072e-67	
N62	1.52097e-44	3.06922e-37	1.6258e-30	5.17821e-28	1.51844e-21	4.98914e-21	7.89346e-16	1.77085e-12	3.1673e-14	1.14732e-11	4.48818e-07	0.000112484	1.0663e-07	1.43333e-11	5.092e-10	7.48892e-06	0.0215349	0.974006	0.00433596	2.81535e-06	6.0393e-10	7.12769e-14	5.4002e-17	4.82498e-19	1.37619e-21	1.47847e-24	3.14119e-27	2.28043e-31	4.69927e-35	3.39769e-39	8.20414e-44	1.40952e-47	3.2986e-49	1.91191e-51	1.83705e-52	4.3405e-50	1.02973e-50	2.96589e-52	2.02987e-53	1.03929e-54	1.24189e-55	
CGA453	0	0	0	0	0	0	0	0	0	0	0	0	0	0	0	0	0	1	0	0	0	0	0	0	0	0	0	0	0	0	0	0	0	0	0	0	0	0	0	0	0	
N63	2.31981e-49	9.47082e-42	1.01275e-34	1.55501e-31	3.85812e-25	8.72385e-24	3.11572e-18	9.20699e-16	1.4834e-16	5.88627e-13	5.47598e-08	3.17872e-06	6.61942e-10	4.41193e-13	2.35018e-10	9.10057e-06	0.0641715	0.934925	0.000890775	1.47629e-07	8.83277e-12	3.0306e-16	2.07518e-19	3.85257e-21	2.19415e-23	2.59062e-26	1.15315e-28	3.33348e-33	5.73519e-37	1.65065e-41	1.61498e-46	8.65023e-51	1.19273e-55	5.335e-60	3.32823e-63	1.18307e-65	9.61138e-69	1.7928e-72	1.19001e-75	8.1949e-79	1.21353e-82	
CGA501	0	0	0	0	0	0	0	0	0	0	0	0	0	0	0	0	0	1	0	0	0	0	0	0	0	0	0	0	0	0	0	0	0	0	0	0	0	0	0	0	0	
C3121	0	0	0	0	0	0	0	0	0	0	0	0	0	0	0	0	1	0	0	0	0	0	0	0	0	0	0	0	0	0	0	0	0	0	0	0	0	0	0	0	0	
N64	3.81518e-48	2.99416e-40	6.03389e-33	7.22047e-31	1.26749e-23	9.62956e-25	2.82588e-19	4.10307e-14	2.55845e-16	4.27985e-15	9.29768e-10	1.04314e-05	1.98805e-09	5.88905e-14	2.37784e-13	2.05651e-08	0.000441254	0.998692	0.000855889	1.11135e-07	5.00921e-12	1.63104e-16	4.18359e-20	3.83697e-23	1.23864e-26	2.11112e-30	4.19011e-34	6.18796e-39	1.46059e-43	1.68242e-48	7.60408e-54	6.04587e-59	3.34961e-64	4.15035e-69	1.74399e-73	1.2618e-77	2.28354e-82	2.69213e-87	4.01611e-92	2.21784e-97	5.04501e-103	
Calparcri	0	0	0	0	0	0	0	0	0	0	0	0	0	0	0	0	0	1	0	0	0	0	0	0	0	0	0	0	0	0	0	0	0	0	0	0	0	0	0	0	0	
C3118	0	0	0	0	0	0	0	0	0	0	0	0	0	0	0	0	0	1	0	0	0	0	0	0	0	0	0	0	0	0	0	0	0	0	0	0	0	0	0	0	0	
N65	7.23684e-42	8.89844e-38	4.82271e-32	2.55788e-28	1.50498e-21	2.75627e-19	1.05129e-14	3.80541e-10	1.10205e-09	5.54942e-08	0.000872983	0.9798	0.0193077	1.86666e-05	2.5482e-08	8.18098e-09	7.89406e-09	8.40069e-08	2.77894e-10	4.66851e-12	1.56771e-15	1.24881e-19	1.89419e-22	1.84372e-24	1.26193e-27	1.64125e-30	3.90927e-31	5.39162e-34	1.85476e-35	1.35167e-36	1.56109e-39	4.26053e-41	7.61765e-44	8.77218e-46	3.43823e-47	1.10173e-47	1.20409e-49	3.89624e-51	3.39723e-52	1.0314e-52	3.58535e-54	
N66	1.92657e-38	8.85071e-32	1.04422e-25	6.44905e-23	2.8716e-17	4.73696e-16	5.29478e-12	3.87723e-08	5.34224e-08	8.14665e-07	0.00337849	0.975371	0.0202746	3.59788e-05	2.1216e-07	8.40635e-07	2.91186e-05	0.000875787	3.17543e-05	9.84229e-07	4.56606e-09	5.55626e-12	2.18102e-14	5.88606e-16	5.47869e-18	5.87728e-20	1.19634e-21	5.10584e-25	6.86633e-28	1.40703e-30	4.09484e-34	3.7409e-37	1.08271e-40	3.01059e-44	4.92561e-47	3.03989e-49	3.54523e-52	6.30851e-55	2.92466e-57	8.64997e-60	1.26073e-62	
N67	9.89125e-37	2.65047e-30	1.86294e-24	6.04205e-22	2.08231e-16	1.41813e-15	1.44005e-11	1.03931e-07	6.38555e-08	8.3201e-07	0.00317215	0.982469	0.0133268	2.07012e-05	3.72869e-07	5.16088e-06	0.000160423	0.000823393	2.07584e-05	1.23886e-07	2.61831e-10	2.67886e-13	8.70097e-16	2.6196e-17	3.35176e-19	2.39523e-21	2.09153e-23	1.22382e-26	1.29576e-29	8.94893e-33	2.30669e-36	1.1846e-39	3.59136e-43	1.03039e-46	2.02377e-49	1.24909e-51	2.49347e-54	4.10188e-57	1.26086e-59	2.17612e-62	2.81685e-65	
N68	3.61896e-37	1.03152e-30	7.42412e-25	3.10844e-22	9.51434e-17	7.51975e-16	6.12569e-12	3.43922e-08	2.81699e-08	5.50723e-07	0.00263853	0.986062	0.0102767	1.18911e-05	1.95931e-06	4.51294e-05	0.000371555	0.000587695	3.85175e-06	5.88595e-09	3.71113e-12	1.38252e-15	2.81232e-18	1.01068e-19	1.32601e-21	6.96796e-24	7.32477e-26	2.89555e-29	3.23452e-32	1.36684e-35	2.00236e-39	8.80104e-43	1.79433e-46	4.2492e-50	1.12185e-52	1.17878e-54	3.25649e-57	4.91395e-60	1.79705e-62	4.68513e-65	7.06167e-68	
N69	5.49366e-40	3.0023e-33	4.27907e-27	1.28387e-24	9.572e-19	4.44013e-18	9.85186e-14	1.06453e-09	4.83672e-10	1.03585e-08	0.000105541	0.0513793	0.000369117	1.99614e-07	1.63758e-08	1.53457e-05	0.0057341	0.925579	0.0165917	0.000224884	5.00492e-07	3.52909e-10	1.01753e-12	1.41938e-14	5.6256e-17	2.94901e-19	3.0238e-21	6.63799e-25	4.45792e-28	4.40152e-31	6.82594e-35	3.41137e-38	3.43623e-40	5.87481e-42	4.70387e-43	1.35461e-42	2.2016e-42	1.80341e-43	3.65043e-44	5.03869e-45	4.00782e-46	
Triowe	0	0	0	0	0	0	0	0	0	0	0	0	0	0	0	0	0	1	0	0	0	0	0	0	0	0	0	0	0	0	0	0	0	0	0	0	0	0	0	0	0	
N70	1.27184e-40	4.24123e-34	3.74183e-28	2.85747e-25	1.13057e-19	1.91482e-18	2.42656e-14	1.15816e-10	9.17598e-11	4.74168e-09	3.7569e-05	0.018002	0.000117028	7.6262e-08	6.17244e-09	1.10291e-05	0.00828807	0.952545	0.0208606	0.000138436	2.56959e-07	1.97438e-10	6.48231e-13	8.67203e-14	3.72085e-15	4.88465e-17	2.42041e-18	9.78479e-22	2.29563e-24	2.13946e-27	4.38971e-31	5.42695e-34	1.50861e-37	3.94088e-41	1.68671e-43	5.63901e-45	3.69719e-47	9.59556e-50	8.16169e-52	7.66506e-54	1.93436e-56	
Trijoh	0	0	0	0	0	0	0	0	0	0	0	0	0	0	0	0	0	1	0	0	0	0	0	0	0	0	0	0	0	0	0	0	0	0	0	0	0	0	0	0	0	
Trimel	0	0	0	0	0	0	0	0	0	0	0	0	0	0	0	0	0	1	0	0	0	0	0	0	0	0	0	0	0	0	0	0	0	0	0	0	0	0	0	0	0	
N71	8.57986e-37	3.8361e-30	4.37517e-24	8.80952e-22	6.35189e-16	1.16169e-15	1.92565e-11	2.68914e-07	4.22503e-08	3.04898e-07	0.00169755	0.993181	0.00508965	3.02603e-05	8.9943e-07	1.32846e-08	8.81599e-11	2.22552e-13	6.78133e-17	9.29582e-21	7.63232e-25	5.70138e-29	2.97313e-32	7.21481e-35	8.01171e-38	5.8487e-41	4.52912e-44	1.97247e-46	1.04778e-47	4.51905e-46	2.32855e-48	3.46634e-49	7.72516e-49	1.07399e-50	6.81901e-52	4.08365e-52	1.64426e-51	7.89285e-53	5.79205e-54	2.42705e-55	9.42506e-57	
N72	1.67876e-38	1.00005e-31	1.44503e-25	6.87658e-23	5.51231e-17	2.90108e-16	4.90596e-12	4.34986e-08	4.6166e-09	8.8154e-08	0.00094287	0.996067	0.00298679	3.07565e-06	9.60933e-09	2.03843e-11	3.02891e-14	4.10144e-16	4.06597e-20	2.9461e-23	7.76981e-27	2.75737e-30	2.37869e-33	2.18512e-36	4.3529e-40	3.97358e-43	2.04269e-45	7.22705e-50	2.20954e-53	1.44914e-56	1.16901e-60	4.96027e-64	1.83679e-67	4.51308e-71	2.14023e-74	1.83833e-77	1.18973e-81	4.18265e-85	4.0068e-88	5.14862e-91	2.48906e-94	
Trihoe	0	0	0	0	0	0	0	0	0	0	0	1	0	0	0	0	0	0	0	0	0	0	0	0	0	0	0	0	0	0	0	0	0	0	0	0	0	0	0	0	0	
Tribit	0	0	0	0	0	0	0	0	0	0	0	1	0	0	0	0	0	0	0	0	0	0	0	0	0	0	0	0	0	0	0	0	0	0	0	0	0	0	0	0	0	
Trijac	0	0	0	0	0	0	0	0	0	0	0	1	0	0	0	0	0	0	0	0	0	0	0	0	0	0	0	0	0	0	0	0	0	0	0	0	0	0	0	0	0	
N73	2.35495e-37	5.57125e-31	3.59058e-25	7.34741e-23	2.70892e-17	9.90744e-17	1.2327e-12	7.50663e-09	2.31339e-09	3.09769e-08	0.000147488	0.0391347	0.000419521	4.20828e-07	5.57309e-08	3.42552e-05	0.0101309	0.924481	0.0252913	0.00035916	1.31156e-06	1.65828e-09	6.14653e-12	9.0307e-14	5.0623e-16	3.07977e-18	2.49471e-20	1.18845e-23	1.11922e-26	1.28638e-29	4.01643e-33	2.75182e-36	9.6424e-40	3.41094e-43	4.83477e-46	1.69751e-48	1.55007e-51	2.17144e-54	5.50566e-57	8.10706e-60	9.44203e-63	
Tricri	0	0	0	0	0	0	0	0	0	0	0	0	0	0	0	0	0	1	0	0	0	0	0	0	0	0	0	0	0	0	0	0	0	0	0	0	0	0	0	0	0	
N74	1.32684e-39	4.11256e-33	3.38432e-27	1.47783e-24	6.03785e-19	4.38862e-18	4.97564e-14	2.13378e-10	7.21966e-11	2.27215e-09	1.66856e-05	0.00714257	4.82222e-05	3.28975e-08	5.90324e-09	1.24602e-05	0.00964352	0.959383	0.0236266	0.000126953	2.23156e-07	1.81641e-10	5.90769e-13	3.88634e-14	8.75323e-16	7.65083e-18	1.59862e-19	7.24418e-23	1.17157e-25	8.29628e-29	1.70914e-32	1.34654e-35	3.81748e-39	1.02352e-42	3.09105e-45	4.72865e-47	1.65696e-49	3.13233e-52	1.5713e-54	6.30857e-57	1.14729e-59	
Triwie	0	0	0	0	0	0	0	0	0	0	0	0	0	0	0	0	0	1	0	0	0	0	0	0	0	0	0	0	0	0	0	0	0	0	0	0	0	0	0	0	0	
Triqua	0	0	0	0	0	0	0	0	0	0	0	0	0	0	0	0	0	1	0	0	0	0	0	0	0	0	0	0	0	0	0	0	0	0	0	0	0	0	0	0	0	
N75	1.93911e-34	1.06922e-28	1.56274e-23	1.09837e-20	3.84952e-16	1.36697e-14	2.94349e-11	3.71273e-08	1.72095e-07	5.20297e-06	0.00491726	0.414125	0.0153172	7.64948e-05	3.31908e-06	0.000273861	0.013284	0.517643	0.0314402	0.00287553	3.91881e-05	1.56106e-07	2.97364e-09	4.92625e-10	1.97327e-11	1.07981e-12	1.47225e-13	2.51471e-16	1.74821e-18	2.01755e-20	2.67339e-23	1.45536e-25	2.04976e-28	3.5167e-31	4.06437e-33	1.99809e-34	1.2236e-36	1.2735e-38	4.12014e-40	9.75226e-42	9.34837e-44	
N76	7.76489e-34	5.17932e-28	9.56827e-23	2.02849e-20	1.7285e-15	1.0503e-14	3.91908e-11	7.29898e-08	3.54895e-08	3.64645e-07	0.000431919	0.0365725	0.00101241	3.67741e-06	8.47332e-07	0.00023272	0.0334221	0.860135	0.0667091	0.00146715	1.21477e-05	4.92392e-08	5.37263e-10	1.88917e-11	3.20977e-13	4.22532e-15	5.26591e-17	1.05373e-19	2.7206e-22	6.04585e-25	5.9787e-28	9.27248e-31	1.11079e-33	1.4401e-36	6.35719e-39	5.5458e-41	1.96889e-43	8.16858e-46	4.62111e-48	1.53491e-50	5.51472e-53	
Kinboe	0	0	0	0	0	0	0	0	0	0	0	0	0	0	0	0	0	1	0	0	0	0	0	0	0	0	0	0	0	0	0	0	0	0	0	0	0	0	0	0	0	
Kinfis	0	0	0	0	0	0	0	0	0	0	0	0	0	0	0	0	0	1	0	0	0	0	0	0	0	0	0	0	0	0	0	0	0	0	0	0	0	0	0	0	0	
Kinxen	0	0	0	0	0	0	0	0	0	0	0	0	0	0	0	0	0	1	0	0	0	0	0	0	0	0	0	0	0	0	0	0	0	0	0	0	0	0	0	0	0	
N77	4.08846e-40	6.87453e-36	3.3426e-31	9.58549e-27	2.47816e-21	3.57285e-18	2.89076e-14	8.79286e-11	4.39393e-09	1.54212e-06	0.00219981	0.966514	0.0311487	0.000128277	7.39426e-07	1.65942e-06	5.9922e-07	5.05655e-06	1.99311e-08	7.88375e-10	7.26987e-13	1.32226e-16	4.09981e-19	4.53794e-20	2.37855e-22	3.84375e-24	2.64497e-24	1.27889e-27	1.13384e-29	1.77516e-31	3.68579e-35	1.22067e-37	1.66813e-41	7.77492e-45	3.69662e-47	2.48238e-48	3.1577e-51	1.16339e-53	1.37821e-54	8.50538e-55	3.63317e-56	
N78	3.19906e-31	1.08243e-25	9.40964e-21	4.14357e-18	1.0274e-13	2.1995e-12	2.81427e-09	2.96403e-06	6.6366e-06	5.56536e-05	0.0179142	0.932454	0.0491132	0.000449559	3.84051e-06	3.65039e-07	2.77365e-08	1.15737e-09	3.71228e-12	1.06951e-14	1.83708e-17	1.92786e-20	7.09453e-23	1.9973e-24	3.1924e-26	3.96152e-28	5.76748e-30	7.76237e-33	1.76095e-35	3.89997e-38	3.39054e-41	5.51215e-44	5.74925e-47	5.72323e-50	3.04337e-52	4.76729e-54	2.80909e-56	1.74268e-58	1.80867e-60	1.04695e-62	5.40536e-65	
N79	1.90612e-35	8.74838e-29	9.60022e-23	1.19777e-20	7.33465e-15	8.31334e-15	8.93264e-11	8.95816e-07	9.69057e-08	4.53706e-07	0.00217266	0.989095	0.00872101	9.9214e-06	6.70408e-09	1.72339e-11	3.95027e-14	9.72472e-17	1.99127e-20	6.31682e-24	1.01656e-27	7.72292e-32	1.59726e-35	1.09104e-38	3.95897e-42	1.9703e-45	1.3939e-48	3.89595e-51	2.02716e-52	3.13648e-51	2.00169e-53	3.15036e-54	1.79462e-54	1.09944e-56	2.12968e-58	3.78634e-59	1.22896e-59	3.30408e-61	1.46193e-62	4.13553e-64	1.12385e-65	
N80	6.95032e-40	1.26842e-32	5.54399e-26	1.17288e-23	3.20821e-17	2.51225e-17	8.43523e-13	2.03499e-08	1.08445e-09	1.33499e-08	0.000376032	0.998081	0.00154284	3.20115e-07	3.80584e-11	9.28406e-14	1.43254e-16	4.16127e-19	1.78045e-23	2.4332e-27	8.87875e-32	1.31736e-36	1.04921e-40	7.51204e-44	1.60768e-47	5.09008e-51	3.90685e-54	6.57181e-57	1.36089e-58	5.31096e-57	8.11993e-60	8.05475e-61	3.85145e-61	7.86335e-64	1.03264e-65	2.5352e-66	1.43097e-66	1.97541e-68	7.76349e-70	2.16482e-71	2.53604e-73	
N81	1.12145e-39	6.62066e-33	9.46486e-27	5.12445e-24	3.97862e-18	2.61878e-17	4.47562e-13	4.4003e-09	1.44769e-09	5.04151e-08	0.000686984	0.997431	0.00188156	5.4258e-07	1.02909e-10	2.70569e-12	2.15263e-14	7.32649e-16	5.41859e-20	3.1211e-23	2.24903e-27	6.60673e-32	2.72694e-35	2.81415e-37	3.61386e-40	7.78806e-43	9.14975e-45	2.78089e-49	7.4554e-53	3.9432e-56	1.15424e-60	3.11454e-64	1.08002e-68	8.64276e-73	7.23819e-76	4.87493e-78	1.75098e-81	1.00237e-84	2.80415e-87	8.94986e-90	4.45694e-93	
Chaafr	0	0	0	0	0	0	0	0	0	0	0	1	0	0	0	0	0	0	0	0	0	0	0	0	0	0	0	0	0	0	0	0	0	0	0	0	0	0	0	0	0	
Chacha	0	0	0	0	0	0	0	0	0	0	0	1	0	0	0	0	0	0	0	0	0	0	0	0	0	0	0	0	0	0	0	0	0	0	0	0	0	0	0	0	0	
N82	1.19207e-39	7.72943e-33	1.22988e-26	5.20568e-24	4.59092e-18	1.78354e-17	3.29768e-13	4.69413e-09	1.95708e-09	5.11787e-08	0.000697293	0.99752	0.00178237	4.9919e-07	1.01969e-10	1.69379e-12	1.05449e-14	1.96279e-16	1.45333e-20	5.68661e-24	3.96544e-28	1.19917e-32	4.12218e-36	2.61332e-38	2.76406e-41	4.44797e-44	2.8121e-46	8.88635e-51	1.73958e-54	5.96791e-58	1.74129e-62	3.46316e-66	1.22391e-70	8.50999e-75	5.48037e-78	2.17334e-80	6.67659e-84	3.101e-87	6.01516e-90	1.04846e-92	4.04777e-96	
Chacaly	0	0	0	0	0	0	0	0	0	0	0	1	0	0	0	0	0	0	0	0	0	0	0	0	0	0	0	0	0	0	0	0	0	0	0	0	0	0	0	0	0	
Chazey	0	0	0	0	0	0	0	0	0	0	0	1	0	0	0	0	0	0	0	0	0	0	0	0	0	0	0	0	0	0	0	0	0	0	0	0	0	0	0	0	0	
N83	5.09834e-35	7.71954e-29	2.70992e-23	1.46276e-20	1.9025e-15	3.09025e-14	1.50281e-10	3.63009e-07	5.27206e-08	9.90946e-07	0.00291295	0.987621	0.009452	1.24915e-05	8.59714e-09	3.82716e-10	6.87864e-12	5.94053e-13	1.9366e-16	4.94684e-19	1.56944e-22	1.77903e-26	2.1657e-29	3.7858e-31	1.05349e-33	6.02236e-36	1.9978e-37	2.3312e-41	2.5519e-44	6.06146e-47	7.19421e-51	7.27845e-54	9.82575e-58	2.70089e-61	5.54651e-64	7.38976e-66	5.96149e-69	1.05342e-71	8.03113e-74	7.81175e-76	1.41968e-78	
Chadil	0	0	0	0	0	0	0	0	0	0	0	1	0	0	0	0	0	0	0	0	0	0	0	0	0	0	0	0	0	0	0	0	0	0	0	0	0	0	0	0	0	
Chasen	0	0	0	0	0	0	0	0	0	0	0	1	0	0	0	0	0	0	0	0	0	0	0	0	0	0	0	0	0	0	0	0	0	0	0	0	0	0	0	0	0	
Chanam	0	0	0	0	0	0	0	0	0	0	0	1	0	0	0	0	0	0	0	0	0	0	0	0	0	0	0	0	0	0	0	0	0	0	0	0	0	0	0	0	0	
N84	1.72099e-29	1.43897e-26	6.3482e-24	2.43193e-22	2.15121e-20	7.32179e-17	1.4332e-13	8.8113e-11	2.16641e-08	1.69074e-05	0.00503698	0.864795	0.0398099	0.000443038	8.5366e-06	0.000169487	0.00050502	0.085139	0.00254048	0.00152286	1.26198e-05	1.91484e-08	8.51493e-10	1.72806e-09	1.32399e-10	4.36252e-11	1.27111e-09	7.21067e-12	1.44547e-12	5.51443e-13	1.42889e-15	1.12213e-16	1.76094e-19	1.72602e-21	1.47783e-22	2.8333e-22	6.14339e-24	2.71674e-25	6.58156e-26	8.19851e-26	3.45341e-27	
Riebrev	0	0	0	0	0	0	0	0	0	0	0	0	0	0	0	0	0	0	0	0	0	0	0	0	0	0	0	0	0	0	1	0	0	0	0	0	0	0	0	0	0	
N85	1.87607e-40	1.88645e-33	5.19253e-27	4.02824e-24	8.52511e-19	4.60164e-17	1.36403e-11	7.9874e-12	2.18104e-12	6.41703e-08	0.000547848	2.15948e-05	1.88262e-08	1.1658e-09	1.44059e-06	0.00226974	0.976496	0.0206281	3.5647e-05	3.38869e-08	1.62195e-11	3.85561e-15	1.50884e-18	1.13519e-21	5.27852e-25	2.32207e-28	9.16509e-32	9.99133e-36	1.26293e-39	1.54713e-43	9.23849e-48	1.16766e-49	1.14413e-51	9.49033e-54	2.56235e-54	7.15669e-52	1.22524e-53	2.74756e-55	7.40602e-57	1.40904e-58	1.44738e-58	
N86	3.17051e-52	1.2451e-43	9.94068e-36	5.03054e-32	2.08615e-25	5.43872e-23	1.65924e-16	2.97639e-17	1.42461e-17	1.36297e-11	2.65604e-06	1.43873e-08	5.93949e-13	2.16545e-14	3.14809e-09	0.000174684	0.997834	0.00198872	2.3936e-07	8.49988e-12	1.40775e-16	2.22401e-20	1.03138e-23	2.33029e-26	1.77881e-28	4.90545e-30	7.90003e-32	1.23767e-34	1.47805e-36	3.74909e-39	3.279e-42	2.25982e-44	3.90303e-46	8.63501e-48	4.19478e-49	1.21525e-49	5.18016e-51	9.02636e-53	2.61674e-54	1.33629e-56	2.17898e-58	
N87	5.1061e-44	4.08622e-39	1.58042e-34	3.39505e-33	2.39144e-28	2.03621e-25	5.10329e-19	1.69979e-19	1.33587e-18	1.17099e-12	2.15185e-07	7.14361e-10	1.8417e-14	6.04291e-15	1.80822e-09	0.000139547	0.998662	0.00119782	9.46331e-08	2.02127e-12	1.9795e-17	7.55571e-20	2.13e-22	9.88094e-24	9.09242e-26	3.6093e-29	1.6175e-33	6.48955e-39	7.21048e-43	3.458e-48	5.62484e-54	9.49455e-54	1.96136e-54	9.65868e-56	1.27525e-55	4.03451e-52	1.14332e-52	2.99422e-54	1.45938e-55	2.66829e-58	1.98307e-58	
Braset	0	0	0	0	0	0	0	0	0	0	0	0	0	0	0	0	1	0	0	0	0	0	0	0	0	0	0	0	0	0	0	0	0	0	0	0	0	0	0	0	0	
N88	1.10613e-54	1.60526e-47	2.06119e-40	1.97456e-36	3.20271e-30	2.56851e-27	7.21136e-21	8.69122e-20	5.47827e-19	1.44642e-13	7.76258e-09	1.3113e-11	4.08127e-15	8.30292e-14	9.78831e-09	0.000308401	0.998778	0.000913417	1.12316e-07	4.5304e-12	1.27301e-16	1.28049e-18	5.88389e-21	1.43327e-22	9.24299e-25	4.4862e-28	1.65156e-32	1.55203e-37	1.20156e-41	1.33908e-46	6.25008e-52	4.66011e-56	1.5005e-58	8.54996e-62	6.34807e-65	3.34224e-67	5.23638e-70	1.88892e-72	3.42814e-74	2.0041e-77	1.45394e-79	
N89	1.96659e-59	7.76461e-51	7.50927e-43	4.49016e-39	2.57481e-32	1.07317e-29	1.00429e-22	4.29813e-23	6.85522e-23	6.25846e-17	1.00106e-11	3.26611e-14	3.77759e-16	3.10467e-15	1.14833e-09	0.00010558	0.999677	0.000217023	7.015e-09	7.93185e-14	9.62784e-19	6.272e-22	2.33654e-25	1.52913e-28	2.37297e-32	5.9252e-37	1.61422e-42	8.35111e-49	4.50767e-55	1.73264e-37	8.77038e-39	4.71886e-39	3.65302e-38	9.39632e-38	3.08591e-37	2.91565e-36	7.0044e-36	7.83642e-36	1.22627e-35	1.68943e-36	1.24615e-36	
Bramel	0	0	0	0	0	0	0	0	0	0	0	0	0	0	0	0	1	0	0	0	0	0	0	0	0	0	0	0	0	0	0	0	0	0	0	0	0	0	0	0	0	
Bratha	0	0	0	0	0	0	0	0	0	0	0	0	0	0	0	0	1	0	0	0	0	0	0	0	0	0	0	0	0	0	0	0	0	0	0	0	0	0	0	0	0	
N90	1.06245e-56	1.07737e-48	2.99009e-41	2.39091e-37	4.57935e-31	2.5302e-28	7.22348e-22	2.02999e-21	5.94636e-21	1.50282e-15	7.14323e-11	1.6088e-13	8.6135e-15	1.05514e-13	1.17382e-08	0.000337514	0.99895	0.000712593	7.5389e-08	2.77011e-12	1.03562e-16	4.39325e-19	9.66297e-22	5.82261e-24	9.67252e-27	2.38162e-30	6.59579e-35	5.7378e-40	2.02196e-44	2.03067e-49	1.00268e-54	6.20043e-59	7.56121e-62	2.17921e-65	7.70793e-69	9.91299e-72	2.8338e-75	2.5016e-79	3.14425e-83	2.13196e-88	9.94458e-93	
Bradra	0	0	0	0	0	0	0	0	0	0	0	0	0	0	0	0	1	0	0	0	0	0	0	0	0	0	0	0	0	0	0	0	0	0	0	0	0	0	0	0	0	
Bratra	0	0	0	0	0	0	0	0	0	0	0	0	0	0	0	0	1	0	0	0	0	0	0	0	0	0	0	0	0	0	0	0	0	0	0	0	0	0	0	0	0	
N91	5.41109e-52	2.77803e-44	4.02518e-37	1.9045e-33	2.03684e-27	6.99491e-25	1.14244e-18	2.26807e-18	4.35177e-18	6.30199e-13	1.73126e-08	2.81413e-11	6.48147e-14	5.05917e-13	3.31762e-08	0.000565744	0.998217	0.001217	2.20531e-07	1.38885e-11	8.71235e-16	2.79845e-18	6.35663e-21	2.78097e-23	3.48893e-26	9.37098e-30	4.3382e-34	6.4735e-39	2.69623e-43	4.40998e-48	3.67092e-53	2.52707e-57	2.31218e-60	7.22129e-64	2.63815e-67	2.46611e-70	5.51778e-74	5.53752e-78	7.13489e-82	8.29667e-87	4.58692e-91	
Bragut	0	0	0	0	0	0	0	0	0	0	0	0	0	0	0	0	1	0	0	0	0	0	0	0	0	0	0	0	0	0	0	0	0	0	0	0	0	0	0	0	0	
Braven	0	0	0	0	0	0	0	0	0	0	0	0	0	0	0	0	1	0	0	0	0	0	0	0	0	0	0	0	0	0	0	0	0	0	0	0	0	0	0	0	0	
N92	2.3511e-44	2.77797e-37	8.41092e-31	2.16467e-27	3.95326e-22	4.94723e-20	7.17904e-15	1.70674e-14	4.61235e-14	1.78147e-09	1.45977e-05	1.73297e-07	6.07914e-11	2.30888e-11	3.89843e-07	0.00191163	0.990972	0.007095	6.0543e-06	1.64929e-09	2.69524e-13	1.17258e-15	7.82239e-18	1.16575e-19	4.73868e-22	4.41984e-25	1.29531e-28	8.26786e-33	1.72458e-36	1.25192e-40	3.92744e-45	5.75879e-49	8.50792e-52	8.24529e-55	1.08102e-57	4.07865e-60	3.39756e-63	1.37902e-66	7.77086e-70	6.07159e-74	1.89939e-77	
Brapum	0	0	0	0	0	0	0	0	0	0	0	0	0	0	0	0	1	0	0	0	0	0	0	0	0	0	0	0	0	0	0	0	0	0	0	0	0	0	0	0	0	
Bradam	0	0	0	0	0	0	0	0	0	0	0	0	0	0	0	0	1	0	0	0	0	0	0	0	0	0	0	0	0	0	0	0	0	0	0	0	0	0	0	0	0	
