NODE	1	2	3	4	5	6	7	8	9	10	11	12	13	14	15	16	17	18	19	20	21	22	23	24	25	26	27	28	29	30	31	32	33	34	35	36	37	38	39	40	41	
N1	3.88267e-54	1.18663e-31	3.88056e-28	2.80451e-25	7.9082e-23	1.09282e-20	8.34953e-19	3.79165e-17	1.07158e-15	1.94179e-14	2.2993e-13	1.79939e-12	9.36387e-12	3.25131e-11	7.56349e-11	1.19032e-10	1.29315e-10	1	5.69845e-11	2.47414e-11	8.43377e-12	2.31684e-12	5.24591e-13	9.98173e-14	1.62293e-14	2.2876e-15	2.83076e-16	3.10912e-17	3.06037e-18	2.72275e-19	2.20608e-20	1.63882e-21	1.12293e-22	7.13557e-24	4.22544e-25	2.34208e-26	1.22009e-27	6.00034e-29	2.81326e-30	1.3299e-31	1.00148e-32	
Leiolep	0	0	0	0	0	0	0	0	0	0	0	0	0	0	0	0	0	1	0	0	0	0	0	0	0	0	0	0	0	0	0	0	0	0	0	0	0	0	0	0	0	
N2	1.01735e-74	2.55682e-49	4.75919e-43	1.6416e-37	1.83115e-32	8.17703e-28	1.6196e-23	1.49505e-19	6.54203e-16	1.34672e-12	1.26568e-09	5.14668e-07	8.3474e-05	0.0048143	0.0845577	0.375227	0.399318	0.122687	0.012758	0.000542545	1.11581e-05	1.26553e-07	8.74858e-10	3.97986e-12	1.26461e-14	2.94239e-17	5.20723e-20	7.23052e-23	8.08307e-26	7.43391e-29	5.7287e-32	3.75763e-35	2.1266e-38	1.05075e-41	4.57983e-45	1.77707e-48	6.18846e-52	1.94816e-55	5.58106e-59	1.47175e-62	4.78217e-66	
N3	1.55741e-71	1.51827e-46	1.18669e-40	1.76953e-35	8.81843e-31	1.82652e-26	1.75191e-22	8.23264e-19	1.94452e-15	2.31595e-12	1.36833e-09	3.86588e-07	4.91278e-05	0.00255737	0.0476081	0.268121	0.426681	0.21355	0.0383271	0.00298459	0.000118541	2.71297e-06	3.92038e-08	3.83539e-10	2.68218e-12	1.39995e-14	5.64731e-17	1.81187e-19	4.73513e-22	1.02844e-24	1.88839e-27	2.97471e-30	4.07153e-33	4.89601e-36	5.22303e-39	4.98571e-42	4.29108e-45	3.35281e-48	2.3946e-51	1.59632e-54	1.46022e-57	
N4	4.09578e-83	2.80271e-57	1.38585e-50	1.28464e-44	3.90341e-39	4.82465e-34	2.69592e-29	7.18411e-25	9.33436e-21	5.90928e-17	1.78549e-13	2.47157e-10	1.46999e-07	3.42462e-05	0.00275287	0.0649249	0.375111	0.447846	0.102585	0.00658405	0.000160449	1.83391e-06	1.13962e-08	4.28258e-11	1.05341e-13	1.80205e-16	2.24847e-19	2.1258e-22	1.57107e-25	9.31328e-29	4.52524e-32	1.83565e-35	6.31521e-39	1.86786e-42	4.80633e-46	1.08721e-49	2.18191e-53	3.91671e-57	6.33475e-61	9.30237e-65	1.54441e-68	
N5	7.5196e-83	4.82276e-57	2.26925e-50	1.99289e-44	5.71252e-39	6.63405e-34	3.47048e-29	8.63351e-25	1.04542e-20	6.16846e-17	1.74205e-13	2.26944e-10	1.28653e-07	2.91582e-05	0.00234704	0.0572425	0.349689	0.45428	0.125793	0.0102882	0.000326151	4.87464e-06	3.95377e-08	1.92988e-10	6.12894e-13	1.34519e-15	2.14016e-18	2.56491e-21	2.38964e-24	1.77659e-27	1.07744e-30	5.43091e-34	2.31204e-37	8.42937e-41	2.66398e-44	7.37602e-48	1.80611e-51	3.9438e-55	7.73778e-59	1.38018e-62	2.93414e-66	
B3088	0	0	0	0	0	0	0	0	0	0	0	0	0	0	0	0	0	1	0	0	0	0	0	0	0	0	0	0	0	0	0	0	0	0	0	0	0	0	0	0	0	
N6	1.95999e-76	3.01525e-51	3.65662e-45	8.58438e-40	6.84721e-35	2.31309e-30	3.69791e-26	2.97084e-22	1.23632e-18	2.69064e-15	3.03897e-12	1.73853e-09	4.82597e-07	6.08467e-05	0.00316177	0.0588782	0.32526	0.443186	0.151164	0.0173976	0.000867789	2.24029e-05	3.39444e-07	3.30789e-09	2.22044e-11	1.08234e-13	3.99397e-16	1.15368e-18	2.68095e-21	5.1271e-24	8.22462e-27	1.12476e-29	1.32964e-32	1.3752e-35	1.25749e-38	1.026e-41	7.53033e-45	5.00772e-48	3.03721e-51	1.70181e-54	1.27149e-57	
BGA709	0	0	0	0	0	0	0	0	0	0	0	0	0	0	0	0	0	1	0	0	0	0	0	0	0	0	0	0	0	0	0	0	0	0	0	0	0	0	0	0	0	
BGA309	0	0	0	0	0	0	0	0	0	0	0	0	0	0	0	0	0	1	0	0	0	0	0	0	0	0	0	0	0	0	0	0	0	0	0	0	0	0	0	0	0	
N7	5.16833e-88	5.60876e-62	4.42704e-55	6.67052e-49	3.36233e-43	7.05419e-38	6.86736e-33	3.2847e-28	7.92757e-24	9.7004e-20	5.93406e-16	1.7557e-12	2.37691e-09	1.35276e-06	0.000285124	0.0183923	0.271388	0.582675	0.121796	0.0053797	8.14581e-05	5.5644e-07	2.03916e-09	4.51026e-12	6.55245e-15	6.66064e-18	4.97417e-21	2.83646e-24	1.27415e-27	4.62567e-31	1.38645e-34	3.49326e-38	7.51318e-42	1.39774e-45	2.27518e-49	3.273e-53	4.19806e-57	4.83848e-61	5.04591e-65	4.79532e-69	5.07131e-73	
N8	1.53433e-81	4.3816e-56	9.51397e-50	4.04571e-44	5.9196e-39	3.7196e-34	1.12321e-29	1.73396e-25	1.41359e-21	6.15985e-18	1.42822e-14	1.7259e-11	1.04571e-08	2.98627e-06	0.000365652	0.0165888	0.220834	0.584547	0.165362	0.0119547	0.000339872	4.83835e-06	4.01211e-08	2.14681e-10	7.97582e-13	2.17309e-15	4.52923e-18	7.46666e-21	1.00026e-23	1.11338e-26	1.04901e-29	8.49839e-33	5.99996e-36	3.73461e-39	2.07017e-42	1.03103e-45	4.64969e-49	1.91196e-52	7.21302e-56	2.51388e-59	1.05571e-62	
B11696	0	0	0	0	0	0	0	0	0	0	0	0	0	0	0	0	0	1	0	0	0	0	0	0	0	0	0	0	0	0	0	0	0	0	0	0	0	0	0	0	0	
B11609	0	0	0	0	0	0	0	0	0	0	0	0	0	0	0	0	0	1	0	0	0	0	0	0	0	0	0	0	0	0	0	0	0	0	0	0	0	0	0	0	0	
N9	2.67839e-81	2.40463e-69	1.47276e-64	1.56952e-57	5.40844e-51	7.46635e-45	4.59425e-39	1.33011e-33	1.85254e-28	1.23929e-23	3.89178e-19	5.48119e-15	3.21727e-11	7.04309e-08	4.86761e-05	0.00824228	0.232217	0.639055	0.117202	0.00321136	2.33214e-05	6.35425e-08	8.10257e-11	5.6141e-14	2.35019e-17	6.42891e-21	1.21996e-24	1.68276e-28	1.75129e-32	1.41737e-36	9.14508e-41	4.80231e-45	2.08839e-49	7.63228e-54	2.37537e-58	1.66008e-61	8.34894e-62	2.35591e-62	3.45309e-63	2.47308e-64	8.84644e-66	
N10	1.26699e-94	9.19006e-71	3.58849e-63	2.65262e-56	6.37976e-50	6.21468e-44	2.73351e-38	5.74425e-33	5.91327e-28	2.98763e-23	7.27139e-19	8.18742e-15	3.9888e-11	7.58259e-08	4.80014e-05	0.0078916	0.226309	0.641245	0.120964	0.00351436	2.81e-05	8.72949e-08	1.30793e-10	1.0923e-13	5.63131e-17	1.93203e-20	4.67008e-24	8.31437e-28	1.12941e-31	1.20442e-35	1.03213e-39	7.2465e-44	4.23612e-48	2.0901e-52	8.80787e-57	3.20205e-60	1.62773e-60	5.02408e-61	7.9887e-62	5.99973e-63	2.15054e-64	
N11	3.17976e-84	1.41309e-58	4.74606e-52	3.1127e-46	7.00288e-41	6.74368e-36	3.10964e-31	7.30064e-27	9.00846e-23	5.90768e-19	2.04674e-15	3.66187e-12	3.24412e-09	1.33068e-06	0.000227719	0.0137873	0.224108	0.596303	0.155941	0.00941957	0.000210438	2.26384e-06	1.38123e-08	5.33381e-11	1.40933e-13	2.69968e-16	3.91926e-19	4.46559e-22	4.1074e-25	3.12101e-28	1.99714e-31	1.09379e-34	5.1984e-38	2.16951e-41	8.03305e-45	2.66274e-48	7.96409e-52	2.1644e-55	5.37819e-59	1.23077e-62	3.34383e-66	
B983	0	0	0	0	0	0	0	0	0	0	0	0	0	0	0	0	0	1	0	0	0	0	0	0	0	0	0	0	0	0	0	0	0	0	0	0	0	0	0	0	0	
B11604	0	0	0	0	0	0	0	0	0	0	0	0	0	0	0	0	0	1	0	0	0	0	0	0	0	0	0	0	0	0	0	0	0	0	0	0	0	0	0	0	0	
N12	3.55111e-86	1.99766e-60	8.40802e-54	6.93244e-48	1.96736e-42	2.39854e-37	1.40583e-32	4.21376e-28	6.67119e-24	5.64524e-20	2.5405e-16	5.95073e-13	6.96845e-10	3.82373e-07	8.88984e-05	0.00746579	0.173222	0.673642	0.139162	0.00631189	0.000106281	8.71338e-07	4.09622e-09	1.2306e-11	2.55063e-14	3.85994e-17	4.45427e-20	4.05597e-23	2.99573e-26	1.83576e-29	9.51066e-33	4.23236e-36	1.63989e-39	5.59723e-43	1.70004e-46	4.63578e-50	1.14381e-53	2.57135e-57	5.29932e-61	1.00754e-64	2.20229e-68	
BGAA1	0	0	0	0	0	0	0	0	0	0	0	0	0	0	0	0	0	1	0	0	0	0	0	0	0	0	0	0	0	0	0	0	0	0	0	0	0	0	0	0	0	
BGA584	0	0	0	0	0	0	0	0	0	0	0	0	0	0	0	0	0	1	0	0	0	0	0	0	0	0	0	0	0	0	0	0	0	0	0	0	0	0	0	0	0	
N13	2.67129e-84	1.1474e-58	3.71022e-52	2.35091e-46	5.12839e-41	4.80687e-36	2.16627e-31	4.99272e-27	6.07801e-23	3.95476e-19	1.36844e-15	2.46463e-12	2.21953e-09	9.37059e-07	0.000167842	0.0108978	0.197614	0.62898	0.153503	0.00865134	0.000183581	1.90706e-06	1.13882e-08	4.35167e-11	1.14809e-13	2.21261e-16	3.25265e-19	3.77402e-22	3.5527e-25	2.77533e-28	1.8334e-31	1.04062e-34	5.14419e-38	2.24087e-41	8.68988e-45	3.02676e-48	9.54388e-52	2.74337e-55	7.23367e-59	1.7611e-62	5.01894e-66	
BGA303	0	0	0	0	0	0	0	0	0	0	0	0	0	0	0	0	0	1	0	0	0	0	0	0	0	0	0	0	0	0	0	0	0	0	0	0	0	0	0	0	0	
BGAB1	0	0	0	0	0	0	0	0	0	0	0	0	0	0	0	0	0	1	0	0	0	0	0	0	0	0	0	0	0	0	0	0	0	0	0	0	0	0	0	0	0	
PGA445	0	0	0	0	0	0	0	0	0	0	0	0	0	0	0	0	0	1	0	0	0	0	0	0	0	0	0	0	0	0	0	0	0	0	0	0	0	0	0	0	0	
N14	1.31553e-81	4.91109e-55	1.17689e-47	4.74617e-41	5.49756e-35	2.19423e-29	3.19449e-24	1.66564e-19	2.86296e-15	1.42004e-11	1.84553e-08	6.65652e-06	0.000734844	0.0254594	0.252925	0.547876	0.166198	0.00674278	5.68351e-05	1.54784e-07	1.80992e-10	1.09389e-13	3.87971e-17	8.84265e-21	1.38549e-24	1.57138e-28	1.34339e-32	8.94264e-37	4.75948e-41	2.07006e-45	7.49356e-50	2.29296e-54	6.00958e-59	1.36446e-63	2.71025e-68	4.75007e-73	7.40065e-78	1.03172e-82	1.29442e-87	1.47185e-92	1.8651e-97	
N15	2.20259e-61	4.20687e-36	5.39948e-30	1.02385e-24	4.81662e-20	6.67272e-16	2.87813e-12	3.85242e-09	1.53905e-06	0.000174864	0.00566039	0.0592368	0.231877	0.373535	0.25463	0.0689135	0.00585091	0.000119911	9.14355e-07	3.57062e-09	8.44836e-12	1.34102e-14	1.52914e-17	1.31584e-20	8.86936e-24	4.82167e-27	2.16438e-30	8.17892e-34	2.64428e-37	7.41511e-41	1.82486e-44	3.98163e-48	7.77078e-52	1.3672e-55	2.18352e-59	3.185e-63	4.26649e-67	5.27451e-71	6.04536e-75	6.48182e-79	8.34338e-83	
Rhaspe	0	0	0	0	0	0	0	0	0	1	0	0	0	0	0	0	0	0	0	0	0	0	0	0	0	0	0	0	0	0	0	0	0	0	0	0	0	0	0	0	0	
N16	1.06608e-55	2.80227e-31	6.23886e-26	2.31018e-21	2.43267e-17	8.78731e-14	1.16752e-10	5.75805e-08	1.0242e-05	0.000627502	0.0129662	0.0964384	0.285427	0.36018	0.196948	0.0439874	0.00333704	7.7077e-05	8.07375e-07	4.85318e-09	1.91132e-11	5.36081e-14	1.13386e-16	1.88544e-19	2.54429e-22	2.85655e-25	2.72248e-28	2.23929e-31	1.61163e-34	1.02684e-37	5.84998e-41	3.00583e-44	1.40342e-47	5.99351e-51	2.35481e-54	8.55535e-58	2.88742e-61	9.08965e-65	2.67937e-68	7.4903e-72	2.88177e-75	
Rhamar	0	0	0	0	0	0	0	0	0	1	0	0	0	0	0	0	0	0	0	0	0	0	0	0	0	0	0	0	0	0	0	0	0	0	0	0	0	0	0	0	0	
Rhatem	0	0	0	0	0	0	0	0	0	0	1	0	0	0	0	0	0	0	0	0	0	0	0	0	0	0	0	0	0	0	0	0	0	0	0	0	0	0	0	0	0	
N17	1.88853e-76	1.65756e-64	2.72405e-57	5.77506e-50	3.59809e-43	8.02222e-37	6.92259e-31	2.34396e-25	3.00109e-20	1.32817e-15	1.75166e-11	5.83586e-08	4.40395e-05	0.00672242	0.17279	0.587843	0.222107	0.0104064	8.67505e-05	1.89583e-07	1.47106e-10	5.04967e-14	8.98266e-18	9.2956e-22	6.10111e-26	2.71308e-30	8.60517e-35	2.02752e-39	3.66657e-44	5.22581e-49	5.99907e-54	5.64737e-59	4.42507e-64	2.92231e-69	1.0386e-73	4.57138e-74	1.00504e-74	8.40629e-76	2.52182e-77	2.65497e-79	1.05328e-81	
N18	7.22949e-84	1.90843e-57	3.39484e-50	1.07585e-43	1.0529e-37	3.9039e-32	6.00054e-27	3.94691e-22	1.10082e-17	1.24073e-13	5.12954e-10	6.55021e-07	0.00019446	0.0132562	0.198915	0.550072	0.222034	0.0152741	0.000251828	1.40888e-06	3.44194e-09	4.36631e-12	3.24824e-15	1.54832e-18	5.05464e-22	1.18995e-25	2.10434e-29	2.88922e-33	3.16438e-37	2.82771e-41	2.10121e-45	1.31951e-49	7.10039e-54	3.31355e-58	1.35512e-62	4.90126e-67	1.58044e-71	4.57595e-76	1.19718e-80	2.84667e-85	6.96429e-90	
N19	3.61346e-70	8.42089e-45	1.44909e-38	4.56564e-33	4.57507e-28	1.79301e-23	3.01493e-19	2.25079e-15	7.40284e-12	1.02013e-08	5.27315e-06	0.000813354	0.0218403	0.166656	0.416424	0.325868	0.0649942	0.00333431	6.30266e-05	5.70957e-07	2.92566e-09	9.47469e-12	2.0978e-14	3.36588e-17	4.09205e-20	3.90428e-23	3.00723e-26	1.91369e-29	1.02569e-32	4.70589e-36	1.87389e-39	6.55355e-43	2.03381e-46	5.65128e-50	1.41714e-53	3.22955e-57	6.73016e-61	1.28963e-64	2.28385e-68	3.77262e-72	7.56515e-76	
FGA379	0	0	0	0	0	0	0	0	0	0	0	0	0	0	0	0	1	0	0	0	0	0	0	0	0	0	0	0	0	0	0	0	0	0	0	0	0	0	0	0	0	
N20	9.71713e-66	1.86564e-40	2.59652e-34	6.41263e-29	4.85155e-24	1.37151e-19	1.57205e-15	7.4466e-12	1.41504e-08	9.9202e-06	0.00217319	0.10613	0.405847	0.366335	0.107704	0.011374	0.000421589	5.78044e-06	3.72301e-08	1.34789e-10	3.0917e-13	4.87982e-16	5.62656e-19	4.95761e-22	3.45698e-25	1.96173e-28	9.26775e-32	3.71427e-35	1.28293e-38	3.8708e-42	1.032e-45	2.45575e-49	5.26154e-53	1.02283e-56	1.81643e-60	2.96622e-64	4.52883e-68	7.45193e-72	2.45646e-75	1.77495e-78	1.97338e-81	
N21	1.17252e-71	1.29048e-45	9.55417e-39	1.2129e-32	4.54772e-27	6.11715e-22	3.17972e-17	6.42817e-13	4.79498e-09	1.15838e-05	0.00679839	0.381866	0.495396	0.110785	0.00507607	6.58404e-05	2.95496e-07	5.64156e-10	5.53609e-13	3.19769e-16	1.19585e-19	3.10138e-23	5.86959e-27	8.42751e-31	9.46104e-35	8.50498e-39	6.23965e-43	3.79342e-47	1.93472e-51	1.18468e-55	1.17721e-54	1.60174e-53	8.85704e-53	1.87674e-52	1.30735e-52	2.13319e-53	3.82723e-55	1.65367e-57	6.42349e-60	2.38828e-62	9.96402e-65	
N22	1.25806e-75	5.78317e-49	1.69024e-41	7.99749e-35	1.04578e-28	4.53152e-23	6.8775e-18	3.57582e-13	5.77718e-09	2.36143e-05	0.0160285	0.626389	0.335544	0.0217735	0.000240242	6.54485e-07	5.84323e-10	2.21573e-13	4.34754e-17	5.0524e-21	3.81995e-25	2.01038e-29	7.74427e-34	2.26884e-38	5.20834e-43	9.59163e-48	1.44394e-52	1.80397e-57	1.89337e-62	1.25152e-66	7.50517e-66	2.12943e-65	9.45034e-65	2.49573e-61	1.88076e-58	2.11306e-56	1.76197e-55	1.22167e-55	3.20945e-56	3.76571e-57	3.13839e-58	
F3015	0	0	0	0	0	0	0	0	0	0	1	0	0	0	0	0	0	0	0	0	0	0	0	0	0	0	0	0	0	0	0	0	0	0	0	0	0	0	0	0	0	
N23	4.77875e-76	2.55453e-49	8.64456e-42	4.73314e-35	7.15568e-29	3.57779e-23	6.2381e-18	3.69101e-13	6.65442e-09	2.91603e-05	0.0196191	0.710628	0.261427	0.00825829	3.77576e-05	4.16759e-08	1.64672e-11	3.06214e-15	3.189e-19	2.08613e-23	9.28138e-28	2.9742e-32	7.16367e-37	1.33969e-41	1.99472e-46	2.41161e-51	2.40443e-56	2.00129e-61	1.40403e-66	8.36889e-72	1.56261e-74	1.82319e-70	6.18986e-66	4.81371e-62	7.02653e-59	1.26621e-56	9.601e-56	2.75521e-56	2.98209e-57	2.06767e-58	1.39846e-59	
N24	1.24498e-75	4.71796e-49	1.15857e-41	4.77617e-35	5.66542e-29	2.33097e-23	3.54112e-18	1.96067e-13	3.62971e-09	1.85019e-05	0.0169579	0.764568	0.214725	0.00372032	9.62449e-06	7.43422e-09	2.48541e-12	4.44391e-16	4.85516e-20	3.54674e-24	1.8469e-28	7.18685e-33	2.16593e-37	5.19724e-42	1.01475e-46	1.6402e-51	2.22517e-56	2.5618e-61	2.52491e-66	2.14522e-71	7.07602e-76	4.14002e-76	1.47425e-76	2.29502e-77	1.34148e-78	2.20731e-80	6.21703e-83	5.47766e-86	2.61487e-89	1.03089e-92	4.182e-96	
N25	1.00327e-66	5.2219e-54	3.22511e-48	1.32974e-40	1.47351e-33	5.2811e-27	6.47838e-21	2.64655e-15	3.20013e-10	8.78935e-06	0.0296949	0.910597	0.0595808	0.000118037	3.20511e-08	2.61499e-12	9.23077e-17	1.72787e-21	1.94549e-26	1.43245e-31	7.30804e-37	2.69378e-42	2.00395e-46	3.84433e-48	4.21022e-51	1.48693e-54	4.21387e-58	1.07757e-61	2.51434e-65	5.38232e-69	1.06172e-72	1.93706e-76	3.27846e-80	5.16008e-84	7.57104e-88	1.09993e-91	4.8624e-95	9.57092e-98	1.56768e-100	1.86856e-103	1.93244e-106	
N26	4.73825e-75	1.76579e-52	4.83219e-45	8.26384e-38	3.74694e-31	5.46387e-25	2.73011e-19	4.58267e-14	2.32043e-09	2.75483e-05	0.042219	0.902846	0.0547774	0.000130275	5.07735e-08	6.64725e-12	4.06405e-16	1.38988e-20	2.9673e-25	4.24739e-30	4.27643e-35	3.12765e-40	6.2463e-45	5.12418e-46	5.5163e-48	4.26601e-51	2.28846e-54	1.08609e-57	4.61294e-61	1.76109e-64	2.38982e-65	5.69272e-63	6.18462e-61	2.9466e-59	5.47586e-58	2.92141e-57	7.37731e-58	5.21586e-59	2.72575e-60	1.35512e-61	7.11526e-63	
F1476	0	0	0	0	0	0	0	0	0	0	1	0	0	0	0	0	0	0	0	0	0	0	0	0	0	0	0	0	0	0	0	0	0	0	0	0	0	0	0	0	0	
N27	7.48363e-79	7.3868e-52	4.57657e-44	4.69189e-37	1.36471e-30	1.35708e-24	4.90298e-19	6.32679e-14	2.64979e-09	2.89363e-05	0.0490397	0.882817	0.0676613	0.000452568	4.03596e-07	1.14082e-10	1.46156e-14	1.03105e-18	4.5213e-23	1.3374e-27	2.82798e-32	4.46106e-37	5.42145e-42	5.20245e-47	4.01787e-52	2.53533e-57	1.32792e-62	6.10872e-68	3.60273e-73	2.19698e-76	4.62325e-72	9.05111e-67	3.98776e-62	3.50357e-58	4.57035e-55	4.4355e-53	2.90351e-53	1.78571e-54	9.43858e-56	4.86999e-57	2.65186e-58	
Furcep	0	0	0	0	0	0	0	0	0	0	0	0	0	1	0	0	0	0	0	0	0	0	0	0	0	0	0	0	0	0	0	0	0	0	0	0	0	0	0	0	0	
N28	2.17579e-73	6.41788e-47	1.21383e-39	3.82525e-33	3.43663e-27	1.05871e-21	1.18702e-16	4.76053e-12	6.21883e-08	0.000214428	0.120371	0.836893	0.042328	0.00019332	2.00438e-07	8.26377e-11	1.7635e-14	2.26817e-18	1.94006e-22	1.18143e-26	5.38252e-31	1.90426e-35	5.38402e-40	1.24429e-44	2.39308e-49	3.88568e-54	5.38864e-59	6.44223e-64	6.68899e-69	6.06718e-74	5.75717e-78	1.30127e-77	1.68743e-77	1.09982e-77	3.25566e-78	3.50298e-79	6.91209e-81	7.61541e-84	5.39069e-87	3.53846e-90	2.42992e-93	
Furpol	0	0	0	0	0	0	0	0	0	0	0	1	0	0	0	0	0	0	0	0	0	0	0	0	0	0	0	0	0	0	0	0	0	0	0	0	0	0	0	0	0	
N29	7.2191e-69	9.35253e-43	7.84665e-36	1.10587e-29	4.4587e-24	6.15188e-19	3.06109e-14	5.34237e-10	2.92365e-06	0.00390266	0.687722	0.304276	0.00408661	9.91968e-06	8.81357e-09	3.88444e-12	1.0069e-15	1.71134e-19	2.0559e-23	1.84399e-27	1.28716e-31	7.22254e-36	3.34328e-40	1.30386e-44	4.35944e-49	1.26798e-53	3.24817e-58	7.4063e-63	1.51688e-67	2.81268e-72	4.7545e-77	7.37119e-82	1.05375e-86	1.39561e-91	1.71966e-96	1.97881e-101	2.13359e-106	2.16208e-111	2.06471e-116	1.86281e-121	1.73299e-126	
N30	1.93129e-69	3.20667e-43	3.40787e-36	6.0505e-30	3.05068e-24	5.21008e-19	3.16088e-14	6.56927e-10	4.11316e-06	0.00581638	0.900529	0.0932098	0.000440192	5.23251e-07	2.5799e-10	6.74891e-14	1.08389e-17	1.1763e-21	9.22827e-26	5.50011e-30	2.58671e-34	9.88952e-39	3.14782e-43	8.50557e-48	1.98266e-52	4.04112e-57	7.28489e-62	1.17286e-66	1.70063e-71	2.237e-76	2.68636e-81	2.96142e-86	3.0115e-91	2.83709e-96	2.48548e-101	2.03166e-106	1.55412e-111	1.11548e-116	7.52999e-122	4.79079e-127	3.09055e-132	
F2241	0	0	0	0	0	0	0	0	0	0	1	0	0	0	0	0	0	0	0	0	0	0	0	0	0	0	0	0	0	0	0	0	0	0	0	0	0	0	0	0	0	
Furang	0	0	0	0	0	0	0	0	0	0	1	0	0	0	0	0	0	0	0	0	0	0	0	0	0	0	0	0	0	0	0	0	0	0	0	0	0	0	0	0	0	
FGA490	0	0	0	0	0	0	0	0	0	0	1	0	0	0	0	0	0	0	0	0	0	0	0	0	0	0	0	0	0	0	0	0	0	0	0	0	0	0	0	0	0	
N31	2.20236e-77	1.69674e-50	8.17046e-43	6.53842e-36	1.48127e-29	1.13647e-23	3.11115e-18	2.95499e-13	8.7152e-09	6.26219e-05	0.0629379	0.918802	0.0181723	2.51842e-05	9.16282e-09	1.38282e-12	1.09564e-16	5.25744e-21	1.68028e-25	3.82574e-30	6.52189e-35	8.64639e-40	9.18302e-45	8.00016e-50	5.82757e-55	3.60548e-60	1.91938e-65	8.88734e-71	3.61185e-76	1.29819e-81	4.15321e-87	1.18906e-92	3.06027e-98	7.10705e-104	1.49397e-109	2.84978e-115	4.94268e-121	7.80645e-127	1.12395e-132	1.47616e-138	1.8484e-144	
N32	5.99212e-76	2.99372e-49	9.60504e-42	5.17342e-35	7.98284e-29	4.23167e-23	8.14676e-18	5.56569e-13	1.21642e-08	6.74945e-05	0.0556941	0.92653	0.0176771	3.08551e-05	1.46466e-08	2.93633e-12	3.1339e-16	2.04988e-20	9.0242e-25	2.85668e-29	6.828e-34	1.27898e-38	1.93286e-43	2.41195e-48	2.53227e-53	2.27146e-58	1.76313e-63	1.1969e-68	7.16974e-74	3.81843e-79	1.81954e-84	7.79947e-90	3.0211e-95	1.06148e-100	3.39378e-106	9.89952e-112	2.64011e-117	6.44925e-123	1.44841e-128	3.0639e-134	7.74789e-140	
N33	1.70396e-82	3.46798e-55	4.34203e-47	8.98601e-40	5.25522e-33	1.04346e-26	7.45438e-21	1.87913e-15	1.51816e-10	3.17914e-06	0.0107505	0.954508	0.0346421	9.60086e-05	3.45393e-08	4.0444e-12	2.18966e-16	6.62539e-21	1.26128e-25	1.63724e-30	1.53512e-35	1.08523e-40	5.97692e-46	2.63083e-51	9.44345e-57	2.80921e-62	7.01543e-68	1.48605e-73	2.69219e-79	4.21807e-85	2.70775e-87	1.62371e-87	4.35182e-88	5.09278e-89	2.39098e-90	3.71027e-92	1.17648e-94	1.89683e-98	2.66253e-102	3.53874e-106	4.60304e-110	
N34	5.39865e-78	3.24513e-51	1.23871e-43	7.9549e-37	1.47449e-30	9.52337e-25	2.28702e-19	2.02383e-14	6.09748e-10	5.22646e-06	0.008664	0.965986	0.0252892	5.56232e-05	3.10482e-08	7.03936e-12	8.28726e-16	5.87187e-20	2.75886e-24	9.19663e-29	2.28478e-33	4.38962e-38	6.70968e-43	8.3424e-48	8.58573e-53	7.41577e-58	5.43445e-63	3.40761e-68	1.84002e-73	8.59615e-79	3.73887e-82	8.27336e-82	9.12353e-82	4.62484e-82	9.27849e-83	5.25822e-84	2.09713e-86	9.73573e-90	3.61406e-93	1.27564e-96	4.58473e-100	
N35	3.3793e-75	9.11828e-49	1.60818e-41	4.90038e-35	4.42476e-29	1.4306e-23	1.77217e-18	8.3862e-14	1.41808e-09	7.35212e-06	0.00848952	0.974894	0.0165719	3.72252e-05	2.66884e-08	8.81151e-12	1.63514e-15	1.93086e-19	1.57821e-23	9.48466e-28	4.38465e-32	1.61455e-36	4.86808e-41	1.22895e-45	2.64554e-50	4.9307e-55	8.05872e-60	1.16763e-64	1.51377e-69	1.77017e-74	1.88015e-79	1.82483e-84	1.62711e-89	1.33906e-94	1.02132e-99	7.24582e-105	4.79709e-110	2.97219e-115	1.72778e-120	9.44515e-126	5.2091e-131	
FGA456	0	0	0	0	0	0	0	0	0	0	0	1	0	0	0	0	0	0	0	0	0	0	0	0	0	0	0	0	0	0	0	0	0	0	0	0	0	0	0	0	0	
FGA513	0	0	0	0	0	0	0	0	0	0	0	1	0	0	0	0	0	0	0	0	0	0	0	0	0	0	0	0	0	0	0	0	0	0	0	0	0	0	0	0	0	
F12278	0	0	0	0	0	0	0	0	0	0	0	1	0	0	0	0	0	0	0	0	0	0	0	0	0	0	0	0	0	0	0	0	0	0	0	0	0	0	0	0	0	
N36	3.58527e-75	7.55088e-49	1.05978e-41	2.6175e-35	1.95795e-29	5.38587e-24	5.87063e-19	2.5552e-14	4.22675e-10	2.35207e-06	0.00341621	0.700392	0.280685	0.0154672	3.70887e-05	2.93891e-08	1.1329e-11	2.56509e-15	3.82267e-19	4.04774e-23	3.21732e-27	2.00042e-31	1.00462e-35	4.18022e-40	1.47135e-44	4.45636e-49	1.1782e-53	2.75233e-58	5.7404e-63	1.07854e-67	1.83978e-72	2.86879e-77	4.11375e-82	5.4537e-87	6.71595e-92	7.71465e-97	8.29762e-102	8.38472e-107	7.98447e-112	7.18521e-117	6.6487e-122	
Furant	0	0	0	0	0	0	0	0	0	0	0	1	0	0	0	0	0	0	0	0	0	0	0	0	0	0	0	0	0	0	0	0	0	0	0	0	0	0	0	0	0	
FGA331	0	0	0	0	0	0	0	0	0	0	0	0	0	1	0	0	0	0	0	0	0	0	0	0	0	0	0	0	0	0	0	0	0	0	0	0	0	0	0	0	0	
FGA465	0	0	0	0	0	0	0	0	0	0	1	0	0	0	0	0	0	0	0	0	0	0	0	0	0	0	0	0	0	0	0	0	0	0	0	0	0	0	0	0	0	
N37	9.46872e-71	1.76856e-44	2.12491e-37	4.27673e-31	2.45647e-25	4.81838e-20	3.40269e-15	8.41889e-11	6.5337e-07	0.00124307	0.321749	0.670169	0.00682565	1.28989e-05	8.83294e-09	2.96616e-12	5.80241e-16	7.38473e-20	6.60005e-24	4.37918e-28	2.24967e-32	9.24519e-37	3.11942e-41	8.82541e-46	2.13017e-50	4.45008e-55	8.14428e-60	1.31925e-64	1.9081e-69	2.48279e-74	2.9253e-79	3.1386e-84	3.0815e-89	2.78034e-94	2.31394e-99	1.78208e-104	1.27362e-109	8.46744e-115	5.24772e-120	3.03742e-125	1.778e-130	
FGA99	0	0	0	0	0	0	0	0	0	0	1	0	0	0	0	0	0	0	0	0	0	0	0	0	0	0	0	0	0	0	0	0	0	0	0	0	0	0	0	0	0	
N38	1.66104e-70	2.85113e-44	3.16024e-37	5.90109e-31	3.16472e-25	5.83855e-20	3.91148e-15	9.27706e-11	6.99278e-07	0.00131523	0.345869	0.647051	0.00575392	1.0089e-05	6.66219e-09	2.21449e-12	4.36997e-16	5.69199e-20	5.26639e-24	3.65153e-28	1.97585e-32	8.61129e-37	3.09994e-41	9.40766e-46	2.44773e-50	5.53728e-55	1.10209e-59	1.94935e-64	3.09068e-69	4.42518e-74	5.75845e-79	6.84861e-84	7.48055e-89	7.53606e-94	7.02829e-99	6.08783e-104	4.91154e-109	3.69993e-114	2.60811e-119	1.72364e-124	1.15745e-129	
FGA15	0	0	0	0	0	0	0	0	0	0	1	0	0	0	0	0	0	0	0	0	0	0	0	0	0	0	0	0	0	0	0	0	0	0	0	0	0	0	0	0	0	
FGA581	0	0	0	0	0	0	0	0	0	0	0	1	0	0	0	0	0	0	0	0	0	0	0	0	0	0	0	0	0	0	0	0	0	0	0	0	0	0	0	0	0	
FGA104	0	0	0	0	0	0	0	0	0	0	0	0	1	0	0	0	0	0	0	0	0	0	0	0	0	0	0	0	0	0	0	0	0	0	0	0	0	0	0	0	0	
FGA489	0	0	0	0	0	0	0	0	0	0	1	0	0	0	0	0	0	0	0	0	0	0	0	0	0	0	0	0	0	0	0	0	0	0	0	0	0	0	0	0	0	
FGA174	0	0	0	0	0	0	0	0	0	0	0	0	0	1	0	0	0	0	0	0	0	0	0	0	0	0	0	0	0	0	0	0	0	0	0	0	0	0	0	0	0	
FurbGB	0	0	0	0	0	0	0	0	0	0	0	1	0	0	0	0	0	0	0	0	0	0	0	0	0	0	0	0	0	0	0	0	0	0	0	0	0	0	0	0	0	
N39	3.13201e-83	4.8414e-57	5.31002e-50	1.0657e-43	6.8132e-38	1.71144e-32	1.86128e-27	9.13211e-23	2.02933e-18	1.98468e-14	7.99932e-11	1.18233e-07	5.3006e-05	0.0058512	0.133667	0.521281	0.30424	0.0339179	0.000979995	1.00185e-05	4.56736e-08	1.09325e-10	1.54441e-13	1.40353e-16	8.75931e-20	3.94962e-23	1.33962e-26	3.53105e-30	7.42917e-34	1.27573e-37	1.82178e-41	2.19819e-45	2.27191e-49	2.03512e-53	1.59628e-57	1.1062e-61	6.82619e-66	3.77706e-70	1.8856e-74	8.56599e-79	4.38527e-83	
N40	1.4146e-78	6.10825e-53	1.9367e-46	1.15886e-40	2.28716e-35	1.84606e-30	6.76256e-26	1.18316e-21	1.00674e-17	4.13551e-14	7.94296e-11	6.7126e-08	2.25835e-05	0.00257797	0.0777038	0.444781	0.39517	0.0755112	0.0041441	8.80061e-05	8.9809e-07	5.11688e-09	1.81039e-11	4.30038e-14	7.27539e-17	9.17821e-20	8.95501e-23	6.96033e-26	4.41602e-29	2.33403e-32	1.0455e-35	4.02768e-39	1.35143e-42	3.99308e-46	1.04898e-49	2.47085e-53	5.25763e-57	1.01739e-60	1.80107e-64	2.93738e-68	5.60017e-72	
N41	3.46445e-84	3.24636e-58	2.23599e-51	2.92159e-45	1.26832e-39	2.27367e-34	1.87323e-29	7.49021e-25	1.48665e-20	1.46212e-16	6.95304e-13	1.51981e-09	1.39993e-06	0.000469063	0.0434078	0.531705	0.379909	0.0432629	0.00123173	1.2856e-05	6.31276e-08	1.71698e-10	2.89353e-13	3.27473e-16	2.64289e-19	1.59282e-22	7.43361e-26	2.76592e-29	8.40269e-33	2.12564e-36	4.55218e-40	8.36886e-44	1.33659e-47	1.87351e-51	2.32528e-55	2.57506e-59	2.56154e-63	2.30228e-67	1.88829e-71	2.05039e-75	1.89723e-78	
CGA312	0	0	0	0	0	0	0	0	0	0	0	0	0	0	0	0	0	1	0	0	0	0	0	0	0	0	0	0	0	0	0	0	0	0	0	0	0	0	0	0	0	
N42	2.57367e-99	5.21695e-72	6.95683e-64	1.66028e-56	1.24155e-49	3.60996e-43	4.52812e-37	2.57449e-31	6.73404e-26	7.99766e-21	4.13676e-16	8.62498e-12	6.35755e-08	0.000131776	0.0482589	0.629971	0.307169	0.0143677	0.000101022	1.88532e-07	1.3402e-10	4.54595e-14	8.5341e-18	9.8264e-22	7.47399e-26	3.9686e-30	1.53449e-34	4.4641e-39	1.00248e-43	1.77311e-48	2.5092e-53	2.87542e-58	2.69199e-63	2.40025e-68	7.88102e-68	8.7056e-67	3.85217e-66	5.66457e-66	1.82895e-66	4.18233e-68	8.04729e-71	
N43	7.28667e-82	1.07497e-66	4.93096e-61	4.50171e-56	3.98941e-52	5.97675e-49	2.05298e-43	1.65265e-36	5.57555e-30	7.69222e-24	4.06372e-18	7.24007e-13	3.43274e-08	0.000265875	0.0935789	0.745227	0.160036	0.000891536	4.42638e-07	4.84235e-11	1.87637e-15	3.35505e-20	3.25395e-25	1.90218e-30	7.20211e-36	1.85742e-41	3.9189e-47	4.86311e-50	6.19845e-53	1.65045e-56	2.29152e-60	2.65287e-64	3.67881e-66	6.55676e-65	5.59963e-64	4.49079e-61	1.98137e-56	1.68942e-52	1.7908e-49	1.38456e-47	2.04697e-46	
N44	2.862e-81	2.66206e-65	1.63426e-59	6.63597e-55	1.92251e-51	3.77014e-47	1.91453e-40	4.21003e-34	4.04367e-28	1.68028e-22	2.8871e-17	1.86918e-12	3.83007e-08	0.000176181	0.0812677	0.741876	0.175401	0.00127769	1.27581e-06	3.58814e-10	4.09817e-14	2.34479e-18	7.65972e-23	1.55784e-27	2.09239e-32	1.93464e-37	5.72283e-41	8.65149e-43	1.5137e-45	1.07624e-48	5.82897e-52	2.76068e-55	1.1588e-58	9.92221e-61	4.49338e-59	1.11071e-57	1.36305e-56	7.56606e-56	1.60718e-55	9.68399e-56	1.39216e-56	
N45	4.76867e-85	1.14621e-70	6.5455e-63	6.95604e-56	2.41123e-49	3.39223e-43	2.1572e-37	6.55015e-32	9.70964e-27	7.00637e-22	2.39583e-17	3.67519e-13	2.30311e-09	5.04339e-06	0.00293225	0.260984	0.686683	0.0491442	0.000250997	3.71683e-07	2.40732e-10	8.41875e-14	1.80893e-17	2.60553e-21	2.67765e-25	2.05687e-29	1.22404e-33	5.80432e-38	2.24324e-42	7.19658e-47	1.94553e-51	4.48761e-56	8.92395e-61	1.54357e-65	1.64387e-68	3.76051e-68	4.88752e-68	3.43171e-68	1.2146e-68	1.90041e-69	1.09172e-70	
CGA642	0	0	0	0	0	0	0	0	0	0	0	0	0	0	0	0	1	0	0	0	0	0	0	0	0	0	0	0	0	0	0	0	0	0	0	0	0	0	0	0	0	
N46	1.59297e-101	2.41463e-74	2.51638e-66	4.89821e-59	3.12141e-52	8.09746e-46	9.51758e-40	5.34999e-34	1.46925e-28	1.96369e-23	1.24197e-18	3.51398e-14	4.04312e-10	1.6136e-06	0.00168475	0.256325	0.678398	0.0633334	0.000256711	2.77351e-07	1.25328e-10	2.97035e-14	4.23751e-18	3.99152e-22	2.65229e-26	1.30617e-30	4.95213e-35	1.48945e-39	3.64068e-44	7.3758e-49	1.25886e-53	1.83477e-58	2.30988e-63	2.60976e-68	2.91374e-70	6.83359e-71	9.19449e-72	6.70894e-73	2.42422e-74	3.72967e-76	2.05354e-78	
CGA763	0	0	0	0	0	0	0	0	0	0	0	0	0	0	0	1	0	0	0	0	0	0	0	0	0	0	0	0	0	0	0	0	0	0	0	0	0	0	0	0	0	
C601	0	0	0	0	0	0	0	0	0	0	0	0	0	0	0	0	0	1	0	0	0	0	0	0	0	0	0	0	0	0	0	0	0	0	0	0	0	0	0	0	0	
N47	1.03062e-97	1.7077e-70	1.90387e-62	3.82763e-55	2.42761e-48	6.02154e-42	6.47247e-36	3.16162e-30	7.10181e-25	7.20449e-20	3.13976e-15	5.3605e-11	3.05835e-07	0.000438867	0.0899558	0.731284	0.176346	0.00197068	4.27299e-06	3.12114e-09	1.03077e-12	1.84132e-16	2.00317e-20	1.4421e-24	7.29946e-29	2.7192e-33	7.7222e-38	1.71866e-42	3.06448e-47	4.45968e-52	5.42914e-57	6.15243e-62	1.09625e-66	4.85682e-71	4.23436e-73	7.43557e-73	6.77686e-73	2.89113e-73	4.70964e-74	1.75088e-75	6.74511e-78	
CGA236	0	0	0	0	0	0	0	0	0	0	0	0	0	0	0	0	1	0	0	0	0	0	0	0	0	0	0	0	0	0	0	0	0	0	0	0	0	0	0	0	0	
N48	1.34609e-87	3.69894e-61	7.1461e-54	2.56082e-47	2.96944e-41	1.37784e-35	2.82861e-30	2.68931e-25	1.19649e-20	2.44408e-16	2.17995e-12	7.75227e-09	9.42553e-06	0.00300735	0.157352	0.690575	0.146388	0.00265499	1.21022e-05	2.15826e-08	1.92872e-11	1.00695e-14	3.40391e-18	8.01465e-22	1.38746e-25	1.84072e-29	1.93351e-33	1.65069e-37	1.17014e-41	7.01058e-46	3.60308e-50	1.60866e-54	6.30652e-59	2.19114e-63	6.80106e-68	1.89903e-72	4.79926e-77	1.10373e-81	2.45323e-86	5.8567e-90	6.43955e-93	
N49	6.15539e-83	7.06141e-57	5.80096e-50	9.02018e-44	4.63812e-38	9.77193e-33	9.35133e-28	4.26928e-23	9.43797e-19	9.96985e-15	4.82015e-11	9.80909e-08	7.20063e-05	0.0138119	0.208505	0.565684	0.197618	0.014174	0.00013406	4.64116e-07	8.11673e-10	8.48168e-13	5.87922e-16	2.90394e-19	1.07676e-22	3.1182e-26	7.27477e-30	1.40182e-33	2.27714e-37	3.17174e-41	3.84273e-45	4.09951e-49	3.89182e-53	3.31802e-57	2.56091e-61	1.80204e-65	1.16335e-69	6.92876e-74	3.82618e-78	1.96829e-82	1.09188e-86	
Calboe	0	0	0	0	0	0	0	0	0	0	0	0	0	1	0	0	0	0	0	0	0	0	0	0	0	0	0	0	0	0	0	0	0	0	0	0	0	0	0	0	0	
C3125	0	0	0	0	0	0	0	0	0	0	0	0	0	0	0	0	0	1	0	0	0	0	0	0	0	0	0	0	0	0	0	0	0	0	0	0	0	0	0	0	0	
CGA429	0	0	0	0	0	0	0	0	0	0	0	0	0	0	1	0	0	0	0	0	0	0	0	0	0	0	0	0	0	0	0	0	0	0	0	0	0	0	0	0	0	
N50	1.87577e-90	5.09682e-67	5.63744e-59	1.08244e-51	6.30389e-45	1.37683e-38	1.24406e-32	4.84331e-27	8.13503e-22	5.69735e-17	1.54303e-12	1.41272e-08	3.45035e-05	0.0143235	0.375485	0.56125	0.0487496	0.000157184	1.1634e-07	3.46306e-11	5.32755e-15	4.89429e-19	2.94924e-23	1.24444e-27	3.85618e-32	9.09502e-37	1.67814e-41	2.4745e-46	2.96493e-51	2.92446e-56	2.39836e-61	1.64885e-66	6.40029e-70	1.58056e-70	1.94483e-71	1.15387e-69	2.48881e-65	1.13361e-61	7.42081e-59	3.64054e-57	1.18568e-56	
C984	0	0	0	0	0	0	0	0	0	0	0	0	0	1	0	0	0	0	0	0	0	0	0	0	0	0	0	0	0	0	0	0	0	0	0	0	0	0	0	0	0	
N51	1.4742e-86	5.02532e-60	1.17483e-52	4.95504e-46	6.57828e-40	3.39763e-34	7.5372e-29	7.4965e-24	3.36197e-19	6.61887e-15	5.36995e-11	1.60203e-07	0.000144061	0.0269563	0.465369	0.476716	0.0306698	0.000144593	2.18081e-07	1.53338e-10	6.08663e-14	1.534e-17	2.6574e-21	3.34924e-25	3.20406e-29	2.40354e-33	1.45043e-37	7.18589e-42	2.97132e-46	1.03923e-50	3.10817e-55	8.02042e-60	1.79859e-64	1.55742e-68	2.68036e-68	3.28133e-68	2.07786e-68	6.10033e-69	6.79605e-70	1.98171e-71	2.09073e-73	
CGA310	0	0	0	0	0	0	0	0	0	0	0	0	0	0	1	0	0	0	0	0	0	0	0	0	0	0	0	0	0	0	0	0	0	0	0	0	0	0	0	0	0	
N52	1.50043e-78	1.17429e-52	6.53425e-46	6.7738e-40	2.27967e-34	3.07615e-29	1.83724e-24	5.07334e-20	6.5255e-16	3.818e-12	9.58496e-09	9.2721e-06	0.00284564	0.186109	0.679238	0.128632	0.00314436	2.19509e-05	6.63933e-08	1.08684e-10	1.10281e-13	7.59455e-17	3.78613e-20	1.43369e-23	4.27923e-27	1.03674e-30	2.08773e-34	3.5634e-38	5.23998e-42	6.73082e-46	7.642e-50	7.74771e-54	7.07647e-58	5.86828e-62	4.44866e-66	3.10177e-70	1.99987e-74	1.19815e-78	6.69931e-83	3.51042e-87	1.99509e-91	
CGA365	0	0	0	0	0	0	0	0	0	0	0	0	0	0	1	0	0	0	0	0	0	0	0	0	0	0	0	0	0	0	0	0	0	0	0	0	0	0	0	0	0	
CGA494	0	0	0	0	0	0	0	0	0	0	0	0	0	1	0	0	0	0	0	0	0	0	0	0	0	0	0	0	0	0	0	0	0	0	0	0	0	0	0	0	0	
N53	9.68968e-85	4.06658e-68	1.42154e-60	9.29914e-54	1.9977e-47	1.75491e-41	7.0274e-36	1.35649e-30	1.29223e-25	6.0675e-21	1.36967e-16	1.4104e-12	6.04735e-09	9.24774e-06	0.0038149	0.237663	0.578016	0.173396	0.00705429	4.61327e-05	1.02249e-07	1.06169e-10	6.18492e-14	2.26697e-17	5.65721e-21	1.01783e-24	1.37853e-28	1.45327e-32	1.22455e-36	8.42501e-41	4.81589e-45	2.32013e-49	9.53296e-54	3.37496e-58	4.54917e-61	9.05405e-61	9.96541e-61	5.64921e-61	1.50397e-61	1.568e-62	4.74984e-64	
N54	1.20467e-96	4.0012e-70	2.15452e-62	2.16088e-55	7.07729e-49	9.41495e-43	5.6637e-37	1.62664e-31	2.279e-26	1.55166e-21	4.99073e-17	7.16145e-13	4.1561e-09	8.25772e-06	0.00413873	0.264627	0.578995	0.148889	0.00332872	1.33676e-05	1.84689e-08	1.19856e-11	4.3665e-15	1.0015e-18	1.56564e-22	1.76764e-26	1.50578e-30	1.0013e-34	5.33987e-39	2.33418e-43	8.51389e-48	2.62985e-52	6.96469e-57	1.59787e-61	3.20954e-66	1.95709e-69	3.6725e-70	4.00773e-71	2.28711e-72	5.97923e-74	6.19134e-76	
C12265	0	0	0	0	0	0	0	0	0	0	0	0	0	0	0	0	0	1	0	0	0	0	0	0	0	0	0	0	0	0	0	0	0	0	0	0	0	0	0	0	0	
N55	1.0573e-71	1.87577e-57	7.90303e-53	9.61977e-50	1.81506e-47	2.0134e-45	2.312e-39	2.3307e-33	1.0872e-27	2.34334e-22	2.26582e-17	9.21363e-13	1.39998e-08	6.38851e-05	0.0547921	0.896925	0.0479005	0.000318107	3.31708e-07	1.12319e-10	1.73684e-14	1.47788e-18	7.76128e-23	2.71465e-27	6.66739e-32	1.19441e-36	1.63315e-40	2.0467e-41	5.92251e-43	9.59137e-46	1.32226e-48	1.66472e-51	1.93045e-54	2.07498e-57	2.0786e-60	1.94979e-63	1.71972e-66	1.43138e-69	1.1279e-72	8.43821e-76	6.40878e-79	
C404	0	0	0	0	0	0	0	0	0	0	0	0	0	0	1	0	0	0	0	0	0	0	0	0	0	0	0	0	0	0	0	0	0	0	0	0	0	0	0	0	0	
N56	1.23932e-89	9.25728e-65	3.9087e-59	1.76413e-54	1.0862e-50	7.47019e-47	1.89054e-40	2.46548e-34	1.49975e-28	4.24123e-23	5.40097e-18	2.893e-13	5.75595e-09	3.383e-05	0.0361144	0.930933	0.0328098	0.000108852	6.77936e-08	1.49129e-11	1.56871e-15	9.38107e-20	3.55735e-24	9.20641e-29	1.71243e-33	2.37683e-38	2.69561e-43	4.76726e-46	9.59944e-49	8.76196e-52	5.77232e-55	3.36319e-58	1.79686e-61	8.86396e-65	4.05786e-68	1.73162e-71	6.91506e-75	2.5932e-78	9.16033e-82	3.05651e-85	1.01813e-88	
Cl11778	0	0	0	0	0	0	0	0	0	0	0	0	0	0	0	1	0	0	0	0	0	0	0	0	0	0	0	0	0	0	0	0	0	0	0	0	0	0	0	0	0	
CGA48	0	0	0	0	0	0	0	0	0	0	0	0	0	0	0	1	0	0	0	0	0	0	0	0	0	0	0	0	0	0	0	0	0	0	0	0	0	0	0	0	0	
C3126	0	0	0	0	0	0	0	0	0	0	0	0	0	0	0	0	0	0	1	0	0	0	0	0	0	0	0	0	0	0	0	0	0	0	0	0	0	0	0	0	0	
N57	3.58762e-72	2.89135e-61	1.84374e-57	4.50073e-51	3.62684e-45	1.19923e-39	1.81672e-34	1.33669e-29	4.90946e-25	9.04519e-21	8.23709e-17	3.57992e-13	6.99913e-10	5.62267e-07	0.000162296	0.0138539	0.263338	0.632338	0.0882785	0.00201292	1.49673e-05	5.03335e-08	9.23316e-11	1.04241e-13	7.87567e-17	4.23304e-20	1.69524e-23	5.24402e-27	1.2894e-30	2.57901e-34	4.27668e-38	5.97287e-42	7.11866e-46	7.32099e-50	6.55902e-54	7.7951e-57	3.27785e-56	8.40952e-56	1.18454e-55	8.59843e-56	3.53859e-56	
CGA311	0	0	0	0	0	0	0	0	0	0	0	0	0	0	0	0	0	1	0	0	0	0	0	0	0	0	0	0	0	0	0	0	0	0	0	0	0	0	0	0	0	
N58	5.80579e-98	1.09691e-71	5.50643e-64	5.127e-57	1.5492e-50	1.88634e-44	1.02882e-38	2.65062e-33	3.29524e-28	1.97226e-23	5.55226e-19	7.02683e-15	3.72168e-11	7.41558e-08	4.75638e-05	0.00782293	0.235347	0.660857	0.0941132	0.00180265	9.62826e-06	2.07237e-08	2.22812e-11	1.37546e-14	5.37182e-18	1.42503e-21	2.71036e-25	3.85566e-29	4.24373e-33	3.71501e-37	2.6464e-41	1.56369e-45	7.78902e-50	3.31646e-54	1.27021e-58	5.78769e-61	4.01023e-62	1.60429e-63	3.52075e-65	4.0074e-67	2.52372e-69	
N59	1.34972e-85	1.00288e-73	4.27537e-67	5.50942e-60	2.33106e-53	4.03665e-47	3.19448e-41	1.22463e-35	2.33691e-30	2.22961e-25	1.04696e-20	2.3316e-16	2.31124e-12	9.22114e-09	1.26185e-05	0.00453197	0.258782	0.696306	0.0400488	0.00031709	7.33647e-07	7.13905e-10	3.60184e-13	1.07746e-16	2.09611e-20	2.83567e-24	2.80544e-28	2.11041e-32	1.2449e-36	5.90282e-41	2.29576e-45	7.44701e-50	2.04294e-54	4.79521e-59	9.72558e-64	5.53511e-68	2.332e-68	8.16417e-69	1.58521e-69	1.61156e-70	8.52304e-72	
CGA45	0	0	0	0	0	0	0	0	0	0	0	0	0	0	0	0	1	0	0	0	0	0	0	0	0	0	0	0	0	0	0	0	0	0	0	0	0	0	0	0	0	
N60	2.51613e-100	1.1039e-73	5.06089e-66	4.39725e-59	1.27383e-52	1.53667e-46	8.63913e-41	2.40596e-35	3.42198e-30	2.50688e-25	9.35937e-21	1.72726e-16	1.49144e-12	5.51024e-09	7.53555e-06	0.0029739	0.207791	0.74453	0.0443028	0.000393383	1.08435e-06	1.31393e-09	8.5403e-13	3.38185e-16	8.90435e-20	1.66061e-23	2.29998e-27	2.4538e-31	2.07543e-35	1.42411e-39	8.07744e-44	3.84562e-48	1.55642e-52	5.41161e-57	1.63114e-61	5.4016e-65	2.99714e-65	1.01695e-65	1.82238e-66	1.55876e-67	6.03591e-69	
C3043	0	0	0	0	0	0	0	0	0	0	0	0	0	0	0	0	0	1	0	0	0	0	0	0	0	0	0	0	0	0	0	0	0	0	0	0	0	0	0	0	0	
CGA364	0	0	0	0	0	0	0	0	0	0	0	0	0	0	0	0	0	1	0	0	0	0	0	0	0	0	0	0	0	0	0	0	0	0	0	0	0	0	0	0	0	
C2208	0	0	0	0	0	0	0	0	0	0	0	0	0	0	0	0	0	0	1	0	0	0	0	0	0	0	0	0	0	0	0	0	0	0	0	0	0	0	0	0	0	
N61	9.50014e-83	3.9761e-57	1.26644e-50	7.7906e-45	1.62385e-39	1.4288e-34	5.92575e-30	1.22885e-25	1.31164e-21	7.26139e-18	2.06386e-14	2.92906e-11	1.97941e-08	5.92797e-06	0.000709119	0.0291675	0.325464	0.587155	0.056051	0.00143236	1.56051e-05	9.09768e-08	3.2509e-10	7.7942e-13	1.33744e-15	1.72383e-18	1.73255e-21	1.3989e-24	9.29599e-28	5.18678e-31	2.47097e-34	1.01947e-37	3.68728e-41	1.1815e-44	3.38482e-48	8.73983e-52	2.0484e-55	4.38534e-59	8.6242e-63	1.57009e-66	3.40469e-70	
N62	6.20101e-100	3.95694e-73	1.77524e-65	1.51563e-58	4.31929e-52	5.11684e-46	2.81167e-40	7.59453e-35	1.03641e-29	7.18462e-25	2.49573e-20	4.20208e-16	3.23994e-12	1.04651e-08	1.23239e-05	0.00420975	0.269338	0.704344	0.021972	0.000124255	2.42904e-07	2.22337e-10	1.13627e-13	3.63495e-17	7.88374e-21	1.22923e-24	1.44073e-28	1.3145e-32	9.60119e-37	5.74362e-41	2.86773e-45	1.21407e-49	4.41675e-54	1.39657e-58	3.87587e-63	9.5211e-68	2.08544e-72	4.0989e-77	7.26963e-82	1.16921e-86	1.90051e-91	
CGA453	0	0	0	0	0	0	0	0	0	0	0	0	0	0	0	0	0	1	0	0	0	0	0	0	0	0	0	0	0	0	0	0	0	0	0	0	0	0	0	0	0	
N63	4.39883e-107	7.38148e-80	8.68484e-72	1.96216e-64	1.49466e-57	4.78597e-51	7.19717e-45	5.39416e-39	2.07414e-33	4.12075e-28	4.17965e-23	2.09666e-18	4.91765e-14	4.9248e-10	1.81685e-06	0.0019084	0.333443	0.657708	0.00692635	1.3172e-05	8.79629e-09	2.79606e-12	5.03709e-16	5.75629e-20	4.51314e-24	2.57101e-28	1.11158e-32	3.77375e-37	1.03374e-41	2.3359e-46	4.43426e-51	7.17994e-56	1.00444e-60	1.22735e-65	1.32224e-70	1.266e-75	1.08482e-80	8.36949e-86	5.8444e-91	3.71088e-96	2.30697e-101	
CGA501	0	0	0	0	0	0	0	0	0	0	0	0	0	0	0	0	0	1	0	0	0	0	0	0	0	0	0	0	0	0	0	0	0	0	0	0	0	0	0	0	0	
C3121	0	0	0	0	0	0	0	0	0	0	0	0	0	0	0	0	1	0	0	0	0	0	0	0	0	0	0	0	0	0	0	0	0	0	0	0	0	0	0	0	0	
N64	7.02111e-113	1.97477e-85	3.90109e-77	1.47065e-69	1.86117e-62	9.87864e-56	2.46278e-49	3.06902e-43	1.97472e-37	6.63624e-32	1.15772e-26	1.02408e-21	4.39647e-17	8.53574e-13	6.70836e-09	1.78489e-05	0.0117605	0.982083	0.00613188	6.89639e-06	2.76349e-09	5.33557e-13	5.89199e-17	4.15433e-21	2.01815e-25	7.13946e-30	1.91768e-34	4.03981e-39	6.84802e-44	9.53606e-49	1.10943e-53	1.09344e-58	9.2357e-64	6.74998e-69	4.30318e-74	2.4091e-79	1.19105e-84	5.2243e-90	2.04077e-95	7.12288e-101	2.44189e-106	
Calparcri	0	0	0	0	0	0	0	0	0	0	0	0	0	0	0	0	0	1	0	0	0	0	0	0	0	0	0	0	0	0	0	0	0	0	0	0	0	0	0	0	0	
C3118	0	0	0	0	0	0	0	0	0	0	0	0	0	0	0	0	0	1	0	0	0	0	0	0	0	0	0	0	0	0	0	0	0	0	0	0	0	0	0	0	0	
N65	7.72117e-80	4.50974e-65	5.75025e-58	1.35322e-51	1.5804e-45	2.88174e-39	3.88144e-33	2.25548e-27	5.22304e-22	4.49317e-17	1.27148e-12	9.74801e-09	1.54743e-05	0.00399966	0.140193	0.573255	0.264562	0.017719	0.000254774	1.10114e-06	1.8212e-09	1.36792e-12	5.28684e-16	1.15522e-19	1.53552e-23	1.31622e-27	7.63024e-32	3.11178e-36	9.22783e-41	2.04627e-45	3.47476e-50	4.61435e-55	5.52621e-58	3.89904e-58	1.1615e-58	2.10887e-58	2.80588e-56	5.45138e-55	1.7395e-54	1.12683e-54	2.21754e-55	
N66	8.8889e-80	5.34949e-54	2.28215e-47	1.8003e-41	4.58219e-36	4.65745e-31	2.09417e-26	4.37573e-22	4.31999e-18	1.99862e-14	4.19937e-11	3.78548e-08	1.33847e-05	0.00161951	0.0544131	0.372067	0.445438	0.117423	0.00878215	0.00024136	2.99934e-06	1.96553e-08	7.60734e-11	1.89295e-13	3.23161e-16	3.9825e-19	3.68962e-22	2.65593e-25	1.52642e-28	7.16511e-32	2.80036e-35	9.26352e-39	2.63063e-42	6.49237e-46	1.40762e-49	2.70657e-53	4.65433e-57	7.21186e-61	1.01367e-64	1.30092e-68	1.85158e-72	
N67	2.08564e-77	9.17822e-52	2.89911e-45	1.69864e-39	3.21725e-34	2.43321e-29	8.11459e-25	1.24739e-20	8.91763e-17	2.90522e-13	4.10297e-10	2.31255e-07	4.66659e-05	0.00312841	0.0639695	0.350648	0.443837	0.128544	0.00957105	0.000252078	2.99551e-06	1.89968e-08	7.23417e-11	1.80232e-13	3.13308e-16	3.99399e-19	3.88344e-22	2.97289e-25	1.83905e-28	9.39444e-32	4.03582e-35	1.4809e-38	4.70381e-42	1.30839e-45	3.21937e-49	7.06984e-53	1.39657e-56	2.49893e-60	4.0756e-64	6.09834e-68	1.03763e-71	
N68	7.05044e-76	3.52705e-50	1.25948e-43	8.26288e-38	1.73207e-32	1.42893e-27	5.10163e-23	8.18524e-19	5.8878e-15	1.82172e-11	2.20475e-08	8.56577e-06	0.000667583	0.0166562	0.145682	0.422315	0.345737	0.0662124	0.00268426	3.67998e-05	2.29884e-07	7.86352e-10	1.66231e-12	2.36333e-15	2.40416e-18	1.83438e-21	1.0892e-24	5.18373e-28	2.02564e-31	6.63067e-35	1.84898e-38	4.45555e-42	9.393e-46	1.75093e-49	2.91294e-53	4.36059e-57	5.91629e-61	7.3221e-65	8.31374e-69	8.70905e-73	1.0115e-76	
N69	1.81273e-84	1.94198e-58	1.48192e-51	2.10479e-45	9.71236e-40	1.80221e-34	1.4888e-29	5.74284e-25	1.04849e-20	8.93844e-17	3.41997e-13	5.49218e-10	3.38135e-07	7.3188e-05	0.00507359	0.0997887	0.468674	0.39108	0.0345541	0.000749813	6.19639e-06	2.49276e-08	5.6949e-11	8.20442e-14	8.03703e-17	5.66472e-20	3.00125e-23	1.23753e-26	4.08465e-30	1.10449e-33	2.49443e-37	4.78278e-41	7.89475e-45	1.1354e-48	1.43758e-52	1.61704e-56	1.62882e-60	1.47959e-64	1.21964e-68	9.18147e-73	7.60753e-77	
Triowe	0	0	0	0	0	0	0	0	0	0	0	0	0	0	0	0	0	1	0	0	0	0	0	0	0	0	0	0	0	0	0	0	0	0	0	0	0	0	0	0	0	
N70	3.88928e-86	3.95332e-60	2.90834e-53	4.06189e-47	1.88516e-41	3.61134e-36	3.17589e-31	1.35299e-26	2.85389e-22	2.97427e-18	1.49545e-14	3.46076e-11	3.42056e-08	1.29477e-05	0.00161744	0.0551994	0.409122	0.480323	0.0523622	0.00135019	1.30337e-05	6.08058e-08	1.60752e-10	2.68147e-13	3.04751e-16	2.49887e-19	1.54499e-22	7.45811e-26	2.89114e-29	9.21023e-33	2.45797e-36	5.58489e-40	1.09539e-43	1.8766e-47	2.83708e-51	3.8189e-55	4.61279e-59	5.03425e-63	4.99457e-67	4.533e-71	4.59616e-75	
Trijoh	0	0	0	0	0	0	0	0	0	0	0	0	0	0	0	0	0	1	0	0	0	0	0	0	0	0	0	0	0	0	0	0	0	0	0	0	0	0	0	0	0	
Trimel	0	0	0	0	0	0	0	0	0	0	0	0	0	0	0	0	0	1	0	0	0	0	0	0	0	0	0	0	0	0	0	0	0	0	0	0	0	0	0	0	0	
N71	9.45513e-70	5.3495e-44	2.09646e-37	1.45985e-31	3.11645e-26	2.48504e-21	8.01403e-17	1.06066e-12	5.54152e-09	1.02928e-05	0.00544608	0.483034	0.42867	0.0778754	0.00483817	0.000124391	1.41695e-06	7.27832e-09	1.80501e-11	2.50737e-14	2.19504e-17	1.31788e-20	5.77086e-24	1.93014e-27	5.10995e-31	1.10155e-34	1.9783e-38	3.01625e-42	3.96617e-46	4.55824e-50	4.63124e-54	4.20093e-58	3.43133e-62	2.54277e-66	1.72089e-70	1.06991e-74	6.14274e-79	3.27209e-83	1.62391e-87	7.54265e-92	3.88882e-96	
N72	3.40366e-71	3.55739e-45	2.47602e-38	2.98202e-32	1.06661e-26	1.37089e-21	6.79001e-17	1.29742e-12	9.01495e-09	1.98625e-05	0.0105087	0.699874	0.273581	0.015762	0.000253538	1.51048e-06	3.92004e-09	5.02282e-12	3.59425e-15	1.59908e-18	4.80694e-22	1.03989e-25	1.69899e-29	2.17693e-33	2.25408e-37	1.93247e-41	1.39947e-45	8.70505e-50	4.71697e-54	2.25355e-58	9.59152e-63	3.66974e-67	1.27212e-71	4.02328e-76	1.16802e-80	3.12973e-85	7.77793e-90	1.80061e-94	3.89835e-99	7.92196e-104	1.68697e-108	
Trihoe	0	0	0	0	0	0	0	0	0	0	0	1	0	0	0	0	0	0	0	0	0	0	0	0	0	0	0	0	0	0	0	0	0	0	0	0	0	0	0	0	0	
Tribit	0	0	0	0	0	0	0	0	0	0	0	1	0	0	0	0	0	0	0	0	0	0	0	0	0	0	0	0	0	0	0	0	0	0	0	0	0	0	0	0	0	
Trijac	0	0	0	0	0	0	0	0	0	0	0	1	0	0	0	0	0	0	0	0	0	0	0	0	0	0	0	0	0	0	0	0	0	0	0	0	0	0	0	0	0	
N73	1.72495e-82	8.37893e-57	3.01537e-50	2.07379e-44	4.77562e-39	4.58074e-34	2.03973e-29	4.46284e-25	4.92498e-21	2.75252e-17	7.67568e-14	1.03212e-10	6.32513e-08	1.62348e-05	0.00154655	0.0463837	0.355849	0.516769	0.0764583	0.00293241	4.47485e-05	3.43609e-07	1.53728e-09	4.42679e-12	8.81482e-15	1.28089e-17	1.41621e-20	1.23166e-23	8.65597e-27	5.02664e-30	2.45742e-33	1.02751e-36	3.72459e-40	1.18423e-43	3.33647e-47	8.40441e-51	1.90776e-54	3.92982e-58	7.39211e-62	1.27843e-65	2.56213e-69	
Tricri	0	0	0	0	0	0	0	0	0	0	0	0	0	0	0	0	0	1	0	0	0	0	0	0	0	0	0	0	0	0	0	0	0	0	0	0	0	0	0	0	0	
N74	1.16002e-87	1.1261e-61	7.96239e-55	1.08224e-48	4.95717e-43	9.52479e-38	8.56283e-33	3.81579e-28	8.6613e-24	1.00679e-19	5.91282e-16	1.69808e-12	2.25627e-09	1.27376e-06	0.000268878	0.0175437	0.267532	0.622603	0.0892208	0.00279765	3.20029e-05	1.74945e-07	5.38857e-10	1.04396e-12	1.37556e-15	1.30643e-18	9.35191e-22	5.22699e-25	2.347e-28	8.66659e-32	2.68374e-35	7.08522e-39	1.61734e-42	3.23118e-46	5.70967e-50	9.0067e-54	1.27867e-57	1.6456e-61	1.9322e-65	2.08295e-69	2.49139e-73	
Triwie	0	0	0	0	0	0	0	0	0	0	0	0	0	0	0	0	0	1	0	0	0	0	0	0	0	0	0	0	0	0	0	0	0	0	0	0	0	0	0	0	0	
Triqua	0	0	0	0	0	0	0	0	0	0	0	0	0	0	0	0	0	1	0	0	0	0	0	0	0	0	0	0	0	0	0	0	0	0	0	0	0	0	0	0	0	
N75	3.29696e-73	3.92736e-48	3.65988e-42	6.55394e-37	3.95358e-32	9.99984e-28	1.18281e-23	6.93112e-20	2.06749e-16	3.15563e-13	2.43041e-10	9.13187e-08	1.57957e-05	0.00114759	0.0303457	0.235205	0.447585	0.239332	0.043033	0.00321373	0.000118877	2.48712e-06	3.24884e-08	2.85489e-10	1.78748e-12	8.34286e-15	3.00981e-17	8.64435e-20	2.02533e-22	3.95099e-25	6.52963e-28	9.27855e-31	1.14826e-33	1.25142e-36	1.21286e-39	1.05439e-42	8.28501e-46	5.92438e-49	3.87939e-52	2.35481e-55	1.89601e-58	
N76	4.10843e-76	5.78427e-51	6.3056e-45	1.3373e-39	9.68675e-35	2.98823e-30	4.38852e-26	3.25968e-22	1.263e-18	2.57908e-15	2.75705e-12	1.50787e-09	4.05052e-07	5.02183e-05	0.00262793	0.051304	0.316821	0.489867	0.128259	0.0106681	0.000394278	7.86892e-06	9.61595e-08	7.85e-10	4.56229e-12	1.98115e-14	6.67551e-17	1.79902e-19	3.97472e-22	7.34868e-25	1.15675e-27	1.57316e-30	1.87195e-33	1.97042e-36	1.85234e-39	1.56833e-42	1.20488e-45	8.45526e-49	5.45223e-52	3.25639e-55	2.47303e-58	
Kinboe	0	0	0	0	0	0	0	0	0	0	0	0	0	0	0	0	0	1	0	0	0	0	0	0	0	0	0	0	0	0	0	0	0	0	0	0	0	0	0	0	0	
Kinfis	0	0	0	0	0	0	0	0	0	0	0	0	0	0	0	0	0	1	0	0	0	0	0	0	0	0	0	0	0	0	0	0	0	0	0	0	0	0	0	0	0	
Kinxen	0	0	0	0	0	0	0	0	0	0	0	0	0	0	0	0	0	1	0	0	0	0	0	0	0	0	0	0	0	0	0	0	0	0	0	0	0	0	0	0	0	
N77	3.30755e-62	5.31118e-48	2.04537e-43	2.97028e-39	2.12203e-35	8.09906e-32	1.77182e-28	2.02646e-24	1.21587e-19	2.92181e-15	2.35146e-11	5.51824e-08	3.24595e-05	0.00466274	0.133657	0.543997	0.287	0.0296584	0.000978045	1.36604e-05	9.56378e-08	3.74686e-10	8.86761e-13	1.34008e-15	1.34786e-18	9.31489e-22	4.53577e-25	1.58847e-28	4.07143e-32	7.75783e-36	1.11505e-39	1.22603e-43	1.0453e-47	5.76515e-51	4.02777e-50	1.40276e-49	1.90949e-49	8.57229e-50	1.06158e-50	3.32007e-52	4.5474e-54	
N78	7.8704e-59	2.73037e-34	7.42482e-29	3.63854e-24	5.56292e-20	3.24933e-16	7.91299e-13	8.25977e-10	3.63868e-07	6.38389e-05	0.00398825	0.0731451	0.291134	0.382164	0.200241	0.0448096	0.00426969	0.000180546	4.00881e-06	5.36643e-08	4.77636e-10	3.03164e-12	1.44527e-14	5.3844e-17	1.61725e-19	4.01563e-22	8.41376e-25	1.51327e-27	2.37028e-30	3.27333e-33	4.02811e-36	4.45806e-39	4.4734e-42	4.09901e-45	3.45161e-48	2.6861e-51	1.94171e-54	1.30976e-57	8.2787e-61	4.93955e-64	3.85486e-67	
N79	4.4294e-67	2.03047e-41	6.262e-35	3.28355e-29	5.0203e-24	2.70601e-19	5.51335e-15	4.25425e-11	1.17576e-07	0.0001024	0.021788	0.641156	0.310332	0.0259544	0.000660602	6.6534e-06	3.13063e-08	7.84834e-11	1.16769e-13	1.12299e-16	7.46213e-20	3.60976e-23	1.325e-26	3.81549e-30	8.85708e-34	1.69511e-37	2.72545e-41	3.7403e-45	4.44106e-49	4.6157e-53	4.2417e-57	3.47706e-61	2.56212e-65	1.70865e-69	1.03748e-73	5.76636e-78	2.94769e-82	1.39178e-86	6.09295e-91	2.4842e-95	1.11829e-99	
N80	3.15555e-73	6.63786e-47	8.96539e-40	2.03901e-33	1.33493e-27	3.02756e-22	2.53172e-17	7.73015e-13	7.99218e-09	2.37689e-05	0.0146918	0.889557	0.0946213	0.00110323	3.29273e-06	3.78969e-09	2.1335e-12	6.84494e-16	1.3901e-19	1.92782e-23	1.93251e-27	1.46311e-31	8.66149e-36	4.1229e-40	1.61448e-44	5.30052e-49	1.48238e-53	3.57935e-58	7.54813e-63	1.40396e-67	2.32303e-72	3.44481e-77	4.60785e-82	5.59132e-87	6.18552e-92	6.26593e-97	5.83469e-102	5.01129e-107	3.98181e-112	2.93483e-117	2.18221e-122	
N81	1.07063e-70	1.11986e-44	7.77047e-38	9.27391e-32	3.26446e-26	4.0941e-21	1.95672e-16	3.55186e-12	2.29014e-08	4.50503e-05	0.0197802	0.909434	0.070129	0.000610304	1.54066e-06	1.68344e-09	9.89794e-13	3.58492e-16	8.76354e-20	1.54359e-23	2.05689e-27	2.15284e-31	1.82305e-35	1.27915e-39	7.58311e-44	3.86013e-48	1.7103e-52	6.67184e-57	2.31405e-61	7.19629e-66	2.02122e-70	5.15974e-75	1.20376e-79	2.57892e-84	5.09507e-89	9.31706e-94	1.58208e-98	2.50166e-103	3.6928e-108	5.10026e-113	7.31092e-118	
Chaafr	0	0	0	0	0	0	0	0	0	0	0	1	0	0	0	0	0	0	0	0	0	0	0	0	0	0	0	0	0	0	0	0	0	0	0	0	0	0	0	0	0	
Chacha	0	0	0	0	0	0	0	0	0	0	0	1	0	0	0	0	0	0	0	0	0	0	0	0	0	0	0	0	0	0	0	0	0	0	0	0	0	0	0	0	0	
N82	1.08707e-70	1.10377e-44	7.44803e-38	8.68766e-32	3.00396e-26	3.72051e-21	1.76646e-16	3.20751e-12	2.0866e-08	4.18819e-05	0.0190495	0.922423	0.0580432	0.000441335	1.01273e-06	1.0315e-09	5.75253e-13	2.00185e-16	4.74938e-20	8.18597e-24	1.07494e-27	1.11568e-31	9.42291e-36	6.63069e-40	3.96349e-44	2.04535e-48	9.23749e-53	3.69402e-57	1.32115e-61	4.26279e-66	1.25031e-70	3.35596e-75	8.29189e-80	1.89581e-84	4.02965e-89	7.99608e-94	1.48679e-98	2.59927e-103	4.28549e-108	6.68231e-113	1.09009e-117	
Chacaly	0	0	0	0	0	0	0	0	0	0	0	1	0	0	0	0	0	0	0	0	0	0	0	0	0	0	0	0	0	0	0	0	0	0	0	0	0	0	0	0	0	
Chazey	0	0	0	0	0	0	0	0	0	0	0	1	0	0	0	0	0	0	0	0	0	0	0	0	0	0	0	0	0	0	0	0	0	0	0	0	0	0	0	0	0	
N83	7.25784e-65	2.00129e-39	3.81054e-33	1.24626e-27	1.20098e-22	4.1229e-18	5.40238e-14	2.70221e-10	4.86022e-07	0.000274461	0.037228	0.677952	0.267949	0.0163046	0.000289727	2.09177e-06	7.55126e-09	1.57132e-11	2.08626e-14	1.90487e-17	1.26588e-20	6.39838e-24	2.54712e-27	8.21375e-31	2.19559e-34	4.95883e-38	9.6159e-42	1.62288e-45	2.41169e-49	3.18741e-53	3.77929e-57	4.05067e-61	3.95068e-65	3.52684e-69	2.89678e-73	2.19914e-77	1.54943e-81	1.01684e-85	6.2361e-90	3.58653e-94	2.30143e-98	
Chadil	0	0	0	0	0	0	0	0	0	0	0	1	0	0	0	0	0	0	0	0	0	0	0	0	0	0	0	0	0	0	0	0	0	0	0	0	0	0	0	0	0	
Chasen	0	0	0	0	0	0	0	0	0	0	0	1	0	0	0	0	0	0	0	0	0	0	0	0	0	0	0	0	0	0	0	0	0	0	0	0	0	0	0	0	0	
Chanam	0	0	0	0	0	0	0	0	0	0	0	1	0	0	0	0	0	0	0	0	0	0	0	0	0	0	0	0	0	0	0	0	0	0	0	0	0	0	0	0	0	
N84	3.84839e-70	4.55627e-47	2.20613e-43	6.12915e-41	2.51281e-37	3.79733e-32	2.60929e-27	8.55572e-23	1.36433e-18	1.04278e-14	3.62249e-11	5.15035e-08	2.51902e-05	0.00351712	0.105966	0.480044	0.338389	0.0663972	0.00542784	0.00022745	5.53113e-06	8.45435e-08	8.56834e-10	5.97344e-12	2.94281e-14	5.26763e-16	1.36706e-15	1.26488e-15	4.17064e-16	8.79716e-17	1.51807e-17	2.20874e-18	2.73755e-19	2.92022e-20	2.70911e-21	2.20808e-22	1.5969e-23	1.03582e-24	6.14359e-26	3.58679e-27	3.19485e-28	
Riebrev	0	0	0	0	0	0	0	0	0	0	0	0	0	0	0	0	0	0	0	0	0	0	0	0	0	0	0	0	0	0	1	0	0	0	0	0	0	0	0	0	0	
N85	1.53415e-89	2.15574e-63	2.28921e-56	4.63069e-50	3.13043e-44	8.80969e-39	1.15201e-33	7.42138e-29	2.42234e-24	4.03151e-20	3.37982e-16	1.38385e-12	2.62442e-09	2.12129e-06	0.00064056	0.0573652	0.898574	0.0429591	0.00045731	1.91915e-06	4.10506e-09	5.19596e-12	4.29325e-15	2.48237e-18	1.05765e-21	3.45522e-25	8.93103e-29	1.87331e-32	3.25543e-36	4.76841e-40	5.97304e-44	6.47797e-48	6.14918e-52	5.16184e-56	3.87781e-60	2.65772e-64	1.72945e-68	1.15954e-72	9.05115e-77	9.24566e-81	1.50781e-84	
N86	8.21172e-77	2.48649e-62	1.85763e-57	5.27193e-53	6.02804e-50	1.11696e-47	9.07103e-46	7.52424e-40	8.16033e-34	4.10367e-28	9.39575e-23	9.36945e-18	3.76267e-13	5.34531e-09	2.15954e-05	0.0166274	0.96932	0.014009	2.18449e-05	9.23693e-09	1.57676e-12	1.35354e-16	6.69801e-21	2.09308e-25	4.40317e-30	6.53077e-35	7.07854e-40	3.8201e-43	3.4678e-44	6.3609e-46	7.46389e-49	7.38933e-52	6.64097e-55	5.46379e-58	4.14075e-61	2.90616e-64	1.89779e-67	1.15783e-70	6.62341e-74	3.56409e-77	1.91248e-80	
N87	8.10894e-95	9.56037e-70	8.78449e-64	1.52007e-58	1.40749e-54	1.82597e-51	1.49664e-47	4.2098e-41	5.85458e-35	3.89239e-29	1.21535e-23	1.70438e-18	9.90198e-14	2.07892e-09	1.24727e-05	0.0137309	0.9741	0.0121424	1.45934e-05	4.58525e-09	5.75302e-13	3.63332e-17	1.33281e-21	3.12342e-26	4.99706e-31	5.7257e-36	4.87042e-41	2.09508e-45	3.54501e-47	1.49745e-49	9.32702e-53	4.68842e-56	2.12187e-59	8.73791e-63	3.29372e-66	1.1423e-69	3.66115e-73	1.08864e-76	3.01331e-80	7.78779e-84	2.00072e-87	
Braset	0	0	0	0	0	0	0	0	0	0	0	0	0	0	0	0	1	0	0	0	0	0	0	0	0	0	0	0	0	0	0	0	0	0	0	0	0	0	0	0	0	
N88	8.52389e-108	2.03865e-80	3.39855e-72	1.08167e-64	1.15317e-57	5.12885e-51	1.0618e-44	1.0839e-38	5.60216e-33	1.47124e-27	1.92989e-22	1.21514e-17	3.42701e-13	3.86311e-09	1.43464e-05	0.0121826	0.97565	0.0121332	1.9773e-05	1.00207e-08	2.27247e-12	2.81644e-16	2.16306e-20	1.12158e-24	4.1768e-29	1.17028e-33	2.55736e-38	4.48463e-43	6.45802e-48	7.78238e-53	7.97213e-58	7.03391e-63	5.4052e-68	3.65201e-73	2.18717e-78	1.16924e-83	5.61415e-89	2.43548e-94	9.61856e-100	3.5184e-105	1.35008e-110	
N89	9.79088e-117	7.95186e-89	4.45767e-80	4.75574e-72	1.69713e-64	2.52796e-57	1.75737e-50	6.0542e-44	1.06426e-37	9.61191e-32	4.40213e-26	9.87701e-21	1.02039e-15	4.37721e-11	6.53633e-07	0.00243268	0.994901	0.00266451	1.03642e-06	1.33985e-10	8.11018e-15	2.77167e-19	6.01288e-24	8.96728e-29	9.7353e-34	8.03051e-39	5.20183e-44	2.71553e-49	1.16644e-54	4.19275e-60	1.27869e-65	3.34672e-71	7.58871e-77	1.50253e-82	2.61471e-88	4.02072e-94	5.48762e-100	6.67124e-106	7.24409e-112	7.04103e-118	6.43299e-124	
Bramel	0	0	0	0	0	0	0	0	0	0	0	0	0	0	0	0	1	0	0	0	0	0	0	0	0	0	0	0	0	0	0	0	0	0	0	0	0	0	0	0	0	
Bratha	0	0	0	0	0	0	0	0	0	0	0	0	0	0	0	0	1	0	0	0	0	0	0	0	0	0	0	0	0	0	0	0	0	0	0	0	0	0	0	0	0	
N90	2.93563e-108	6.678e-81	1.06809e-72	3.2943e-65	3.43781e-58	1.51212e-51	3.129e-45	3.2288e-39	1.70774e-33	4.65285e-28	6.43319e-23	4.35195e-18	1.35088e-13	1.73096e-09	7.65436e-06	0.00833582	0.982672	0.00897282	1.17675e-05	5.08046e-09	1.01974e-12	1.14998e-16	8.20905e-21	4.0248e-25	1.43788e-29	3.91379e-34	8.40313e-39	1.46306e-43	2.11258e-48	2.57718e-53	2.69767e-58	2.45489e-63	1.96394e-68	1.3946e-73	8.86373e-79	5.07894e-84	2.64044e-89	1.25242e-94	5.44676e-100	2.18141e-105	8.57803e-111	
Bradra	0	0	0	0	0	0	0	0	0	0	0	0	0	0	0	0	1	0	0	0	0	0	0	0	0	0	0	0	0	0	0	0	0	0	0	0	0	0	0	0	0	
Bratra	0	0	0	0	0	0	0	0	0	0	0	0	0	0	0	0	1	0	0	0	0	0	0	0	0	0	0	0	0	0	0	0	0	0	0	0	0	0	0	0	0	
N91	1.01298e-104	1.35054e-77	1.27295e-69	2.31605e-62	1.42738e-55	3.71265e-49	4.5499e-43	2.78549e-37	8.75887e-32	1.4223e-26	1.17561e-21	4.77226e-17	8.93257e-13	6.94736e-09	1.8826e-05	0.0127658	0.973746	0.0134414	2.7605e-05	1.89515e-08	6.10703e-12	1.11331e-15	1.29149e-19	1.03332e-23	6.04503e-28	2.70213e-32	9.55081e-37	2.74322e-41	6.54638e-46	1.32195e-50	2.29378e-55	3.46442e-60	4.60517e-65	5.43904e-70	5.75481e-75	5.49392e-80	4.76211e-85	3.76856e-90	2.73605e-95	1.83033e-100	1.21907e-105	
Bragut	0	0	0	0	0	0	0	0	0	0	0	0	0	0	0	0	1	0	0	0	0	0	0	0	0	0	0	0	0	0	0	0	0	0	0	0	0	0	0	0	0	
Braven	0	0	0	0	0	0	0	0	0	0	0	0	0	0	0	0	1	0	0	0	0	0	0	0	0	0	0	0	0	0	0	0	0	0	0	0	0	0	0	0	0	
N92	1.56984e-95	5.68474e-69	1.47022e-61	7.32321e-55	1.23186e-48	8.7118e-43	2.88926e-37	4.76007e-32	4.00167e-27	1.7242e-22	3.74921e-18	3.96583e-14	1.91436e-10	3.79957e-07	0.00026048	0.0447221	0.912571	0.0421383	0.000307329	7.5653e-07	8.73991e-10	5.69541e-13	2.35314e-16	6.68116e-20	1.38232e-23	2.17882e-27	2.70881e-31	2.73125e-35	2.2847e-39	1.61569e-43	9.81352e-48	5.18888e-52	2.41615e-56	1.00074e-60	3.71921e-65	1.24981e-69	3.82332e-74	1.07114e-78	2.76306e-83	6.59464e-88	1.63069e-92	
Brapum	0	0	0	0	0	0	0	0	0	0	0	0	0	0	0	0	1	0	0	0	0	0	0	0	0	0	0	0	0	0	0	0	0	0	0	0	0	0	0	0	0	
Bradam	0	0	0	0	0	0	0	0	0	0	0	0	0	0	0	0	1	0	0	0	0	0	0	0	0	0	0	0	0	0	0	0	0	0	0	0	0	0	0	0	0	
